20000,0.5,20000;0
20000,0.58,20000.25;359.7422
20000,0.58,20000.51;359.5645
20000,0.58,20000.51;359.5645
19999.99,0.58,20000.76;359.3812
19999.99,0.58,20000.76;359.3812
19999.99,0.58,20001.02;359.1978
19999.99,0.58,20001.27;358.9973
19999.99,0.58,20001.27;358.9973
19999.98,0.58,20001.52;358.7968
19999.97,0.58,20001.78;358.5504
19999.97,0.58,20001.78;358.5504
19999.97,0.58,20002.03;358.304
19999.96,0.58,20002.29;358.2009
19999.95,0.58,20002.54;357.9603
19999.95,0.58,20002.54;357.9603
19999.94,0.58,20002.79;357.7597
19999.94,0.58,20002.79;357.7597
19999.93,0.58,20003.05;357.5592
19999.92,0.58,20003.3;357.3186
19999.92,0.58,20003.3;357.3186
19999.9,0.58,20003.55;357.0779
19999.89,0.58,20003.81;356.8373
19999.88,0.58,20004.06;356.6425
19999.88,0.58,20004.06;356.6425
19999.88,0.58,20004.06;356.6425
19999.86,0.58,20004.31;356.4477
19999.84,0.58,20004.57;356.2242
19999.84,0.58,20004.57;356.2242
19999.83,0.58,20004.82;356.0008
19999.81,0.58,20005.07;355.7773
19999.81,0.58,20005.07;355.7773
19999.79,0.58,20005.33;355.5539
19999.77,0.58,20005.58;355.3476
19999.74,0.58,20005.83;355.084
19999.74,0.58,20005.83;355.084
19999.72,0.58,20006.09;354.8205
19999.7,0.58,20006.34;354.5627
19999.7,0.58,20006.34;354.5627
19999.67,0.58,20006.59;354.3048
19999.67,0.58,20006.59;354.3048
19999.65,0.58,20006.85;354.11
19999.62,0.58,20007.1;353.9152
19999.59,0.58,20007.35;353.6516
19999.56,0.58,20007.6;353.3881
19999.53,0.58,20007.86;353.136
19999.53,0.58,20007.86;353.136
19999.5,0.58,20008.11;352.8839
19999.47,0.58,20008.36;352.6776
19999.47,0.58,20008.36;352.6776
19999.43,0.58,20008.61;352.4713
19999.4,0.58,20008.86;352.225
19999.4,0.58,20008.86;352.225
19999.37,0.58,20009.12;351.9786
19999.33,0.58,20009.37;351.7322
19999.29,0.58,20009.62;351.5202
19999.29,0.58,20009.62;351.5202
19999.29,0.58,20009.62;351.5202
19999.25,0.58,20009.87;351.3082
19999.21,0.58,20010.12;351.0504
19999.21,0.58,20010.12;351.0504
19999.21,0.58,20010.17;350.7926
19999.2,0.58,20010.22;350.5118
19999.2,0.58,20010.22;350.5118
19999.19,0.58,20010.26;350.2998
19999.16,0.58,20010.42;350.0878
19999.13,0.58,20010.58;349.8529
19999.13,0.58,20010.58;349.8529
19999.13,0.58,20010.58;349.8529
19999.09,0.58,20010.83;349.7784
19999.09,0.58,20010.83;349.7784
19999.09,0.58,20010.83;349.7784
19999.04,0.58,20011.08;349.7727
19999.04,0.58,20011.08;349.7727
19999.04,0.58,20011.08;349.7727
19999,0.58,20011.33;349.767
19998.95,0.58,20011.58;349.7613
19998.95,0.58,20011.58;349.7613
19998.95,0.58,20011.58;349.7613
19998.91,0.58,20011.83;349.7555
19998.91,0.58,20011.83;349.7555
19998.91,0.58,20011.83;349.7555
19998.86,0.58,20012.08;349.7498
19998.86,0.58,20012.08;349.7498
19998.82,0.58,20012.33;349.6352
19998.82,0.58,20012.33;349.6352
19998.82,0.58,20012.33;349.6352
19998.77,0.58,20012.58;349.5206
19998.72,0.58,20012.83;349.2914
19998.72,0.58,20012.83;349.2914
19998.67,0.58,20013.08;349.0336
19998.67,0.58,20013.08;349.0336
19998.67,0.58,20013.08;349.0336
19998.63,0.58,20013.33;348.8904
19998.63,0.58,20013.33;348.8904
19998.63,0.58,20013.33;348.8904
19998.58,0.58,20013.58;348.8789
19998.53,0.58,20013.83;348.8674
19998.53,0.58,20013.83;348.8674
19998.53,0.58,20013.83;348.8674
19998.48,0.58,20014.08;348.856
19998.48,0.58,20014.08;348.856
19998.48,0.58,20014.08;348.856
19998.43,0.58,20014.32;348.8445
19998.43,0.58,20014.32;348.8445
19998.43,0.58,20014.32;348.8445
19998.38,0.58,20014.57;348.8445
19998.38,0.58,20014.57;348.8445
19998.33,0.58,20014.82;348.8445
19998.28,0.58,20015.07;348.8445
19998.28,0.58,20015.07;348.8445
19998.23,0.58,20015.32;348.8445
19998.18,0.58,20015.57;348.6841
19998.18,0.58,20015.57;348.6841
19998.13,0.58,20015.82;348.5237
19998.08,0.58,20016.07;348.2601
19998.03,0.58,20016.32;348.0424
19998.03,0.58,20016.32;348.0424
19997.97,0.58,20016.56;347.8246
19997.92,0.58,20016.81;347.7158
19997.92,0.58,20016.81;347.7158
19997.92,0.58,20016.81;347.7158
19997.87,0.58,20017.06;347.5439
19997.87,0.58,20017.06;347.5439
19997.87,0.58,20017.06;347.5439
19997.81,0.58,20017.31;347.4064
19997.81,0.58,20017.31;347.4064
19997.75,0.58,20017.56;347.2173
19997.75,0.58,20017.56;347.2173
19997.7,0.58,20017.8;347.0282
19997.64,0.58,20018.05;346.7933
19997.64,0.58,20018.05;346.7933
19997.58,0.58,20018.3;346.5584
19997.52,0.58,20018.54;346.3235
19997.52,0.58,20018.54;346.3235
19997.46,0.58,20018.79;346.0886
19997.4,0.58,20019.04;345.9511
19997.33,0.58,20019.29;345.8136
19997.27,0.58,20019.53;345.6302
19997.27,0.58,20019.53;345.6302
19997.21,0.58,20019.78;345.4469
19997.14,0.58,20020.02;345.2063
19997.14,0.58,20020.02;345.2063
19997.08,0.58,20020.27;344.9656
19997.01,0.58,20020.51;344.7594
19997.01,0.58,20020.51;344.7594
19996.94,0.58,20020.76;344.5531
19996.88,0.58,20021;344.3297
19996.8,0.58,20021.25;344.1119
19996.8,0.58,20021.25;344.1119
19996.8,0.58,20021.25;344.1119
19996.73,0.58,20021.49;343.8942
19996.66,0.58,20021.73;343.7452
19996.66,0.58,20021.73;343.7452
19996.59,0.58,20021.98;343.5963
19996.52,0.58,20022.22;343.4359
19996.52,0.58,20022.22;343.4359
19996.45,0.58,20022.46;343.1952
19996.37,0.58,20022.71;342.9546
19996.29,0.58,20022.95;342.7426
19996.29,0.58,20022.95;342.7426
19996.22,0.58,20023.19;342.5306
19996.14,0.58,20023.43;342.2785
19996.14,0.58,20023.43;342.2785
19996.06,0.58,20023.68;342.0264
19995.98,0.58,20023.92;341.7628
19995.98,0.58,20023.92;341.7628
19995.9,0.58,20024.16;341.4992
19995.82,0.58,20024.4;341.2873
19995.74,0.58,20024.64;341.0352
19995.74,0.58,20024.64;341.0352
19995.74,0.58,20024.64;341.0352
19995.66,0.58,20024.88;340.7831
19995.57,0.58,20025.12;340.5252
19995.57,0.58,20025.12;340.5252
19995.49,0.58,20025.36;340.2674
19995.4,0.58,20025.6;340.0497
19995.4,0.58,20025.6;340.0497
19995.31,0.58,20025.83;339.7975
19995.22,0.58,20026.07;339.5454
19995.13,0.58,20026.31;339.3334
19995.13,0.58,20026.31;339.3334
19995.04,0.58,20026.55;339.0871
19995.04,0.58,20026.55;339.0871
19994.95,0.58,20026.78;338.8407
19994.86,0.58,20027.02;338.5943
19994.86,0.58,20027.02;338.5943
19994.76,0.58,20027.26;338.3823
19994.67,0.58,20027.49;338.1703
19994.57,0.58,20027.73;337.924
19994.57,0.58,20027.73;337.924
19994.48,0.58,20027.96;337.6776
19994.38,0.58,20028.2;337.4255
19994.38,0.58,20028.2;337.4255
19994.28,0.58,20028.43;337.1734
19994.18,0.58,20028.66;336.9614
19994.18,0.58,20028.66;336.9614
19994.08,0.58,20028.9;336.7036
19994.08,0.58,20028.9;336.7036
19993.99,0.58,20029.11;336.4457
19993.9,0.58,20029.31;336.1993
19993.9,0.58,20029.31;336.1993
19993.82,0.58,20029.49;335.9529
19993.74,0.58,20029.66;335.741
19993.74,0.58,20029.66;335.741
19993.72,0.58,20029.71;335.529
19993.7,0.58,20029.75;335.2826
19993.7,0.58,20029.75;335.2826
19993.68,0.58,20029.79;335.0362
19993.68,0.58,20029.79;335.0362
19993.66,0.58,20029.84;334.8471
19993.66,0.58,20029.84;334.8471
19993.66,0.58,20029.84;334.8471
19993.64,0.58,20029.88;334.6409
19993.64,0.58,20029.88;334.6409
19993.64,0.58,20029.88;334.6409
19993.64,0.58,20029.88;334.6409
19993.62,0.58,20029.92;334.469
19993.6,0.58,20029.97;334.3086
19993.6,0.58,20029.97;334.3086
19993.6,0.58,20029.97;334.3086
19993.58,0.58,20030.01;334.257
19993.58,0.58,20030.01;334.257
19993.58,0.58,20030.01;334.257
19993.56,0.58,20030.05;334.1768
19993.56,0.58,20030.05;334.1768
19993.56,0.58,20030.05;334.1768
19993.52,0.58,20030.14;334.0966
19993.42,0.58,20030.35;334.0164
19993.42,0.58,20030.35;334.0164
19993.42,0.58,20030.35;334.0164
19993.3,0.58,20030.58;333.9362
19993.3,0.58,20030.58;333.9362
19993.3,0.58,20030.58;333.9362
19993.19,0.58,20030.8;333.856
19993.08,0.58,20031.03;333.8502
19993.08,0.58,20031.03;333.8502
19992.97,0.58,20031.26;333.8445
19992.97,0.58,20031.26;333.8445
19992.86,0.58,20031.49;333.7299
19992.86,0.58,20031.49;333.7299
19992.86,0.58,20031.49;333.7299
19992.74,0.58,20031.71;333.6153
19992.63,0.58,20031.94;333.4033
19992.63,0.58,20031.94;333.4033
19992.51,0.58,20032.17;333.1856
19992.51,0.58,20032.17;333.1856
19992.51,0.58,20032.17;333.1856
19992.4,0.58,20032.39;332.9679
19992.28,0.58,20032.62;332.7215
19992.17,0.58,20032.85;332.5381
19992.17,0.58,20032.85;332.5381
19992.05,0.58,20033.07;332.3548
19991.93,0.58,20033.3;332.1199
19991.93,0.58,20033.3;332.1199
19991.81,0.58,20033.52;331.885
19991.69,0.58,20033.74;331.8449
19991.69,0.58,20033.74;331.8449
19991.57,0.58,20033.97;331.8048
19991.57,0.58,20033.97;331.8048
19991.45,0.58,20034.19;331.7647
19991.45,0.58,20034.19;331.7647
19991.45,0.58,20034.19;331.7647
19991.33,0.58,20034.42;331.7246
19991.33,0.58,20034.42;331.7246
19991.33,0.58,20034.42;331.7246
19991.21,0.58,20034.63;331.6845
19991.21,0.58,20034.63;331.6845
19991.21,0.58,20034.63;331.6845
19991.09,0.58,20034.86;331.6444
19990.97,0.58,20035.08;331.6043
19990.85,0.58,20035.3;331.4839
19990.85,0.58,20035.3;331.4839
19990.73,0.58,20035.53;331.3636
19990.61,0.58,20035.75;331.1573
19990.61,0.58,20035.75;331.1573
19990.48,0.58,20035.97;330.9511
19990.36,0.58,20036.19;330.7391
19990.36,0.58,20036.19;330.7391
19990.36,0.58,20036.19;330.7391
19990.23,0.58,20036.41;330.5901
19990.11,0.58,20036.63;330.4412
19989.98,0.58,20036.85;330.2578
19989.98,0.58,20036.85;330.2578
19989.86,0.58,20037.07;330.0745
19989.73,0.58,20037.29;329.8338
19989.73,0.58,20037.29;329.8338
19989.6,0.58,20037.51;329.5932
19989.47,0.58,20037.73;329.3583
19989.34,0.58,20037.95;329.1463
19989.34,0.58,20037.95;329.1463
19989.34,0.58,20037.95;329.1463
19989.24,0.58,20038.17;328.8999
19989.24,0.58,20038.17;328.8999
19989.24,0.58,20038.17;328.8999
19989.24,0.58,20038.38;328.6593
19989.24,0.58,20038.38;328.6593
19989.24,0.58,20038.38;328.6593
19989.24,0.58,20038.6;328.4473
19989.24,0.58,20038.6;328.4473
19989.24,0.58,20038.6;328.4473
19989.24,0.58,20038.79;328.1895
19989.24,0.5800004,20038.95;327.9316
19989.24,0.58,20039.1;327.7139
19989.24,0.58,20039.1;327.7139
19989.24,0.58,20039.31;327.4962
19989.24,0.58,20039.52;327.3014
19989.24,0.58,20039.52;327.3014
19989.24,0.58,20039.74;327.1066
19989.24,0.58,20039.95;326.8946
19989.24,0.58,20039.95;326.8946
19989.24,0.58,20040.16;326.7456
19989.24,0.58,20040.16;326.7456
19989.24,0.5800003,20040.36;326.5966
19989.24,0.5800003,20040.36;326.5966
19989.24,0.5800003,20040.36;326.5966
19989.24,0.5800014,20040.57;326.5107
19989.24,0.5800014,20040.57;326.5107
19989.24,0.5800014,20040.57;326.5107
19989.24,0.5800003,20040.79;326.3732
19989.24,0.5800003,20040.79;326.3732
19989.24,0.5800004,20040.95;326.2128
19989.24,0.5800004,20040.95;326.2128
19989.24,0.5800009,20041.15;326.0523
19989.24,0.5800017,20041.35;325.8976
19989.24,0.5800017,20041.35;325.8976
19989.24,0.5800011,20041.55;325.743
19989.24,0.5800006,20041.75;325.5768
19989.24,0.5800006,20041.75;325.5768
19989.24,0.5800007,20041.92;325.4106
19989.24,0.5800004,20042.1;325.2674
19989.24,0.5800002,20042.29;325.1012
19989.24,0.5800002,20042.29;325.1012
19989.24,0.5800001,20042.49;324.9351
19989.24,0.5800007,20042.68;324.8205
19989.24,0.5800007,20042.68;324.8205
19989.24,0.5800014,20042.84;324.7059
19989.24,0.5800013,20043.01;324.5741
