20000,0.5,20000;0
20000,0.5,20000;0.014323
20000,0.5,20000;0.014323
20000,0.5,20000;0.014323
20000,0.5,20000;0.014323
20000,0.5,20000;0.014323
20000,0.5,20000;0.014323
20000,0.5,20000;0.014323
20000,0.5,20000;0.014323
20000,0.5,20000;0.014323
20000,0.5,20000;0.014323
20000,0.5,20000;0.014323
20000,0.5,20000;0.014323
20000,0.5,20000;0.014323
20000,0.5,20000;0.014323
20000,0.5,20000;0.014323
20000,0.5,20000;0.014323
20000,0.5,20000;0.014323
20000,0.5,20000;0.014323
20000,0.5,20000;0.014323
20000,0.5,20000;0.014323
20000,0.5,20000;0.014323
20000,0.5,20000;0.014323
20000,0.5,20000;0.014323
20000,0.5,20000;0.014323
20000,0.5,20000;0.014323
20000,0.5,20000;0.014323
20000,0.5,20000;0.014323
20000,0.5,20000;0.014323
20000,0.5,20000;0.014323
20000,0.5800976,20000.01;0.02864599
20000,0.5800976,20000.01;0.02864599
20000,0.5800976,20000.01;0.04296899
20000,0.5800976,20000.02;0.05729198
20000,0.5800976,20000.02;0.07161498
20000,0.5800976,20000.02;0.07161498
20000,0.5800976,20000.02;0.08593797
20000,0.5800976,20000.02;0.100261
20000,0.5800976,20000.04;0.114584
20000,0.5800976,20000.09;0.2005327
20000,0.5800976,20000.16;0.2578247
20000,0.5800976,20000.29;0.2578247
20000,0.5800976,20000.42;0.2578247
20000,0.5800976,20000.59;0.2578247
20000,0.5800976,20000.71;0.2578247
20000,0.5800976,20000.85;0.2721476
20000,0.5800976,20000.94;0.2864707
20000,0.5800976,20001.05;0.3151166
20000.01,0.5800976,20001.16;0.3437626
20000.01,0.5800976,20001.28;0.3580856
20000.01,0.5800976,20001.38;0.3580856
20000.01,0.5800976,20001.48;0.3580856
20000.01,0.5800976,20001.59;0.3580856
20000.01,0.5800976,20001.7;0.3724086
20000.01,0.5800976,20001.8;0.3867316
20000.01,0.5800976,20001.92;0.3724087
20000.01,0.5800976,20002.02;0.3580857
20000.01,0.5800976,20002.14;0.3580857
20000.01,0.5800976,20002.24;0.3580857
20000.01,0.5800976,20002.36;0.3580857
20000.01,0.5800976,20002.46;0.3724087
20000.01,0.5800976,20002.57;0.3867317
20000.02,0.5800976,20002.68;0.3867317
20000.02,0.5800976,20002.79;0.3867317
20000.02,0.5800976,20002.9;0.3867317
20000.02,0.5800976,20003;0.3724087
20000.02,0.5800976,20003.12;0.3724087
20000.02,0.5800976,20003.23;0.3724087
20000.02,0.5800976,20003.33;0.3724087
20000.02,0.5800976,20003.45;0.3580857
20000.02,0.5800976,20003.54;0.3580857
20000.02,0.5800976,20003.65;0.3580857
20000.02,0.5800976,20003.76;0.3580857
20000.02,0.5800976,20003.86;0.3580857
20000.02,0.5800976,20003.96;0.3867317
20000.02,0.5800976,20004.02;0.3580857
20000.02,0.5800976,20003.99;0.243491
20000.02,0.5800976,20003.95;0.28646
20000.02,0.5800976,20003.88;0.4010547
20000.02,0.5800976,20003.79;0.5299724
20000.02,0.5800976,20003.71;0.6588901
20000.02,0.5800976,20003.68;0.687536
20000.02,0.5800976,20003.68;0.5442953
20000.02,0.5800976,20003.69;0.2148449
20000.02,0.5800976,20003.79;359.3984
20000.02,0.5800976,20003.96;358.5963
20000,0.5800976,20004.22;357.3787
19999.98,0.5800976,20004.53;356.2185
19999.96,0.5800976,20004.84;354.8004
19999.92,0.5800976,20005.18;353.4253
19999.87,0.5800976,20005.51;351.8067
19999.8,0.5800976,20005.88;350.1165
19999.73,0.5800976,20006.24;348.3976
19999.65,0.5800976,20006.6;346.9938
19999.57,0.5800976,20006.9;345.4468
19999.47,0.5800976,20007.24;344.0861
19999.38,0.5800976,20007.55;342.4388
19999.28,0.5800976,20007.83;341.0351
19999.16,0.5800976,20008.16;339.6313
19999.03,0.5800976,20008.48;338.1273
19998.89,0.5800976,20008.8;336.5374
19998.77,0.5800976,20009.06;334.8901
19998.66,0.5800976,20009.28;333.2715
19998.53,0.5800976,20009.5;331.6815
19998.39,0.5800976,20009.75;330.4067
19998.25,0.5800976,20009.98;328.9886
19998.12,0.5800976,20010.2;328.3297
19998.03,0.5800976,20010.35;327.943
19997.98,0.5800976,20010.43;327.943
19997.95,0.5800976,20010.48;328.0432
19997.9,0.5800976,20010.55;328.1578
19997.86,0.5800976,20010.63;328.2724
19997.79,0.5800976,20010.73;328.5016
19997.7,0.5800976,20010.88;328.7738
19997.61,0.5800976,20011.03;328.9743
19997.47,0.5800976,20011.25;329.0459
19997.31,0.5800976,20011.53;329.0746
19997.13,0.5800976,20011.82;329.0746
19996.98,0.5800976,20012.08;329.0746
19996.79,0.5800976,20012.4;329.1175
19996.59,0.5800976,20012.73;329.1891
19996.38,0.5800976,20013.08;329.1891
19996.21,0.5800976,20013.37;329.1891
19996.01,0.5800976,20013.71;329.1748
19995.84,0.5800976,20014;329.1605
19995.63,0.5800976,20014.34;329.1891
19995.43,0.5800976,20014.68;329.2178
19995.23,0.5800976,20015.02;329.2321
19995.05,0.5800976,20015.31;329.2465
19994.86,0.5800976,20015.64;329.2465
19994.68,0.5800976,20015.94;329.2465
19994.48,0.5800976,20016.27;329.2465
19994.31,0.5800976,20016.56;329.2465
19994.11,0.5800976,20016.9;329.2465
19993.91,0.5800976,20017.23;329.2465
19993.71,0.5800976,20017.57;329.2465
19993.51,0.5800976,20017.91;329.2608
19993.3,0.5800976,20018.26;329.2608
19993.1,0.5800976,20018.6;329.2608
19992.97,0.5800976,20018.82;329.2608
19992.96,0.5800976,20018.84;329.2608
19992.96,0.5800976,20018.84;329.2751
19992.96,0.5800976,20018.84;329.3181
19992.96,0.5800976,20018.83;329.3754
19993,0.5800976,20018.77;329.5616
19993.03,0.5800976,20018.71;329.8194
19993.07,0.5800976,20018.64;330.1059
19993.12,0.5800976,20018.55;330.4783
19993.17,0.5800976,20018.46;330.8077
19993.24,0.5800976,20018.34;331.1658
19993.31,0.5800976,20018.21;331.4953
19993.39,0.5800976,20018.05;331.7388
19993.49,0.5800976,20017.88;331.8964
19993.59,0.5800976,20017.68;332.011
19993.67,0.5800976,20017.52;332.0969
19993.73,0.5800976,20017.42;331.8677
19993.77,0.5800976,20017.34;331.6242
19993.87,0.5800976,20017.16;331.3951
19993.96,0.5800976,20016.99;331.2805
19993.96,0.5800976,20016.99;331.2231
19994,0.5800976,20016.93;331.0226
19994.03,0.5800976,20016.88;330.8507
19994.05,0.5800976,20016.83;330.8221
19994.08,0.5800976,20016.77;330.7935
19994.11,0.5800976,20016.73;330.7648
19994.14,0.5800976,20016.68;330.6216
19994.16,0.5800976,20016.64;330.507
19994.18,0.5800976,20016.6;330.3924
19994.21,0.5800976,20016.56;330.3781
19994.22,0.5800976,20016.53;330.3637
19994.24,0.5800976,20016.49;330.3351
19994.25,0.5800976,20016.48;330.2491
19994.27,0.5800976,20016.45;330.1345
19994.29,0.5800976,20016.4;329.9626
19994.32,0.5800976,20016.35;329.7621
19994.33,0.5800976,20016.34;329.5616
19994.34,0.5800976,20016.34;329.2178
19994.33,0.5800976,20016.34;328.9027
19994.4,0.5800976,20016.22;328.5446
19994.5,0.5800976,20016.07;328.2008
19994.6,0.5800976,20015.91;328.0146
19994.7,0.5800976,20015.75;327.8857
19994.81,0.5800976,20015.58;327.7281
19994.89,0.5800976,20015.45;327.5706
19994.98,0.5800976,20015.31;327.3987
19995.08,0.5800976,20015.16;327.2268
19995.17,0.5800976,20015.01;327.0549
19995.27,0.5800976,20014.87;326.883
19995.36,0.5800976,20014.73;326.8257
19995.45,0.5800976,20014.58;326.7541
19995.53,0.5800976,20014.46;326.4962
19995.63,0.5800976,20014.31;326.2384
19995.71,0.5800976,20014.2;326.0092
19995.8,0.5800976,20014.06;325.7514
19995.89,0.5800976,20013.94;325.5509
19995.98,0.5800976,20013.8;325.293
19996.08,0.5800976,20013.66;325.0352
19996.17,0.5800976,20013.53;324.7773
19996.26,0.5800976,20013.41;324.5625
19996.35,0.5800976,20013.28;324.319
19996.45,0.5800976,20013.14;324.0612
19996.55,0.5800976,20013.01;323.8033
19996.63,0.5800976,20012.89;323.5455
19996.73,0.5800976,20012.77;323.302
19996.83,0.5800976,20012.63;323.0871
19996.92,0.5800976,20012.51;322.815
19997.01,0.5800976,20012.39;322.6001
19997.11,0.5800976,20012.26;322.3423
19997.21,0.5800976,20012.13;322.0844
19997.31,0.5800976,20012;321.8266
19997.4,0.5800976,20011.89;321.6118
19997.5,0.5800976,20011.77;321.3682
19997.59,0.5800976,20011.66;321.1534
19997.69,0.5800976,20011.54;320.9099
19997.79,0.5800976,20011.41;320.6664
19997.89,0.5800976,20011.3;320.4085
19997.99,0.5800976,20011.17;320.1507
19998.09,0.5800976,20011.05;319.9072
19998.19,0.5800976,20010.94;319.6636
19998.29,0.5800976,20010.82;319.4058
19998.37,0.5800976,20010.72;319.2196
19998.41,0.5800976,20010.68;319.0907
19998.4,0.5800976,20010.69;318.8901
19998.38,0.5800976,20010.72;318.532
19998.35,0.5800976,20010.75;318.1596
19998.32,0.5800976,20010.78;317.5007
19998.27,0.5800976,20010.84;316.4694
19998.2,0.5800976,20010.91;315.5097
19998.09,0.5800976,20011.01;314.3351
19997.98,0.5800976,20011.11;313.2895
19997.77,0.5800976,20011.3;311.7139
19997.61,0.5800976,20011.44;310.3961
19997.46,0.5800976,20011.56;308.9493
19997.28,0.5800976,20011.7;307.517
19997.13,0.5800976,20011.81;306.0703
19996.95,0.5800976,20011.93;304.6235
19996.78,0.5800976,20012.04;303.2054
19996.6,0.5800976,20012.16;302.6468
19996.45,0.5800976,20012.25;301.3576
19996.3,0.5800976,20012.33;300.0255
19996.2,0.5800976,20012.39;298.4785
19996.1,0.5800976,20012.44;297.0891
19996,0.5800976,20012.49;295.671
19995.88,0.5800976,20012.54;294.697
19995.76,0.5800976,20012.6;293.723
19995.62,0.5800976,20012.66;292.749
19995.41,0.5800976,20012.74;292.7346
19995.16,0.5800976,20012.84;291.7463
19994.98,0.5800976,20012.91;290.7436
19994.87,0.5800976,20012.95;290.0847
19994.8,0.5800976,20012.98;289.0534
19994.72,0.5800976,20013;288.0078
19994.56,0.5800976,20013.05;286.647
19994.38,0.5800976,20013.1;285.3292
19994.13,0.5800976,20013.16;283.8251
19993.88,0.5800976,20013.22;282.3784
19993.61,0.5800976,20013.28;282.1493
19993.36,0.5800976,20013.33;281.9201
19993.13,0.5800976,20013.38;281.6909
19992.9,0.5800976,20013.42;281.4617
19992.65,0.5800976,20013.47;281.2325
19992.41,0.5800976,20013.52;281.0034
19992.18,0.5800976,20013.56;280.9747
19992.02,0.5800976,20013.59;279.9864
19991.82,0.5800976,20013.62;278.5683
19991.62,0.5800976,20013.65;277.1216
19991.41,0.5800976,20013.67;275.6176
19991.2,0.5800976,20013.68;274.4
19991,0.5800976,20013.69;272.9963
19990.79,0.5800976,20013.7;271.7931
19990.58,0.5800976,20013.7;270.3893
19990.37,0.5800976,20013.7;269.3007
19990.16,0.5800976,20013.69;268.2694
19989.91,0.5800976,20013.68;267.5388
19989.71,0.5800976,20013.67;266.8943
19989.6,0.5800976,20013.66;266.5792
19989.47,0.5800976,20013.65;265.8057
19989.28,0.5800977,20013.64;265.6481
19989.28,0.5800977,20013.61;265.5765
19989.28,0.5800973,20013.58;264.803
19989.28,0.5800969,20013.54;263.5711
19989.28,0.5800977,20013.49;262.1674
19989.28,0.580098,20013.45;260.9069
19989.28,0.5800973,20013.4;259.8612
19989.28,0.5800975,20013.34;258.744
19989.28,0.580098,20013.28;257.684
19989.28,0.5800987,20013.21;256.7099
19989.28,0.5800991,20013.13;255.5211
19989.28,0.5801005,20013.06;254.3322
19989.28,0.5801011,20012.97;253.1003
19989.28,0.5801011,20012.87;252.026
19989.28,0.580101,20012.78;250.7655
19989.28,0.5801013,20012.67;249.5336
19989.27,0.580102,20012.55;248.488
19989.27,0.5801018,20012.43;247.2561
19989.27,0.5801008,20012.32;246.0243
19989.27,0.5801011,20012.18;244.9357
19989.27,0.580101,20012.04;243.6608
19989.27,0.5801002,20011.91;242.5579
19989.27,0.5801008,20011.75;241.4549
19989.27,0.580101,20011.62;240.2231
19989.27,0.580102,20011.48;238.9912
19989.27,0.5801025,20011.31;237.745
19989.27,0.5801024,20011.14;236.5132
19989.27,0.5801029,20010.99;235.9975
19989.27,0.5801027,20010.81;235.4818
19989.27,0.580102,20010.63;234.6224
19989.26,0.5801021,20010.47;233.4765
19989.26,0.5801026,20010.31;232.5025
19989.26,0.5801036,20010.12;231.2276
19989.26,0.5801035,20009.92;229.9385
19989.26,0.5801034,20009.75;228.8499
19989.26,0.5801038,20009.54;227.6753
19989.26,0.580104,20009.37;226.3575
19989.26,0.5801039,20009.15;225.2402
19989.26,0.5801038,20008.94;224.1516
19989.26,0.5801041,20008.75;223.3781
19989.25,0.580105,20008.53;222.3898
19989.25,0.5801053,20008.34;221.3441
19989.25,0.5801057,20008.15;221.0147
19989.25,0.5801051,20007.92;220.6852
19989.25,0.580105,20007.71;220.5563
19989.25,0.5801054,20007.48;219.9117
19989.25,0.5801057,20007.29;219.4677
19989.25,0.5801052,20007.07;219.439
19989.25,0.5801047,20006.86;219.3388
19989.25,0.5801049,20006.68;219.2385
19989.25,0.5801057,20006.47;219.1382
19989.25,0.5801048,20006.26;219.0379
19989.25,0.5801051,20006.08;218.3791
19989.25,0.580105,20005.87;218.3218
19989.25,0.5801057,20005.67;218.2645
19989.25,0.5801063,20005.48;217.4767
19989.25,0.580106,20005.3;216.2878
19989.25,0.5801059,20005.09;215.5716
19989.25,0.5801062,20004.87;215.0273
19989.24,0.5801061,20004.68;214.8268
19989.24,0.5801064,20004.47;214.1822
19989.24,0.5801067,20004.25;213.5376
19989.24,0.5801072,20004.06;212.9646
19989.24,0.5801069,20003.88;212.6925
19989.24,0.5801072,20003.66;212.3773
19989.24,0.5801071,20003.47;212.0622
19989.24,0.5801071,20003.47;212.0622
19989.24,0.5801073,20003.25;212.0336
19989.24,0.580107,20003.07;212.0193
19989.24,0.5801073,20002.86;212.0049
19989.24,0.5801075,20002.65;211.9906
19989.24,0.5801077,20002.46;211.9763
19989.24,0.5801083,20002.27;211.962
19989.24,0.580108,20002.13;211.9476
19989.24,0.580108,20002.11;211.919
19989.24,0.5801081,20002.1;210.945
19989.24,0.5801081,20002.08;209.9853
19989.24,0.5801082,20002.06;209.0112
19989.24,0.5801082,20002.04;207.5932
19989.23,0.5801082,20002.03;205.9602
19989.23,0.5801082,20002.03;204.4276
19989.23,0.5801082,20002.03;202.6084
19989.23,0.5801082,20001.95;200.7893
19989.23,0.5801079,20001.59;198.9702
19989.22,0.5801076,20001.28;197.1653
19989.22,0.5801076,20000.89;195.3462
19989.22,0.5801076,20000.51;193.5271
19989.22,0.5801079,20000.1;191.7079
19989.21,0.5801077,19999.75;189.8888
19989.21,0.5801077,19999.47;188.1269
19989.21,0.5801077,19999.28;186.3078
19989.21,0.5801077,19999.28;184.4887
19989.21,0.5801077,19999.28;183.7581
19989.21,0.5801077,19999.28;181.939
19989.21,0.5801069,19999.28;180.1199
19989.22,0.5801041,19999.28;178.3007
19989.25,0.5801039,19999.28;176.4816
19989.29,0.5801048,19999.28;174.6624
19989.34,0.5801049,19999.28;172.8433
19989.41,0.5801036,19999.28;171.0242
19989.5,0.5801042,19999.28;169.205
19989.53,0.5801042,19999.28;167.3859
19989.53,0.5801042,19999.28;165.5668
19989.53,0.5801042,19999.28;163.7476
19989.57,0.5801043,19999.28;161.9285
19989.63,0.580105,19999.28;160.1093
19989.7,0.5801049,19999.28;158.2902
19989.88,0.5801045,19999.27;156.4711
19990.08,0.5801048,19999.27;154.6519
19990.29,0.5801045,19999.27;152.8328
19990.48,0.5801054,19999.27;151.0136
19990.72,0.5801051,19999.27;149.1945
19990.9,0.5801049,19999.27;147.3754
19991.16,0.5801047,19999.27;145.9716
19991.39,0.5801047,19999.27;144.1525
19991.63,0.5801044,19999.26;142.3333
19991.91,0.5801042,19999.26;140.729
19992.2,0.5801033,19999.26;139.1391
19992.46,0.5801029,19999.26;138.7524
19992.75,0.5801023,19999.26;138.3656
19993.05,0.580103,19999.26;137.9789
19993.31,0.5801021,19999.26;137.5921
19993.6,0.5801021,19999.26;137.5635
19993.9,0.5801034,19999.26;137.5348
19994.15,0.5801029,19999.26;137.5062
19994.45,0.5801027,19999.26;137.4489
19994.74,0.5801031,19999.26;136.9046
19994.99,0.5801026,19999.26;136.346
19995.28,0.580103,19999.26;135.7873
19995.58,0.5801021,19999.26;135.1571
19995.83,0.5801017,19999.26;134.799
19996.08,0.5801022,19999.26;134.6414
19996.38,0.5801024,19999.26;134.5125
19996.62,0.5801024,19999.26;134.4552
19996.88,0.5801033,19999.26;134.3979
19997.14,0.580103,19999.26;134.3406
19997.14,0.580103,19999.26;134.3406
19997.36,0.5801025,19999.26;134.312
19997.59,0.580102,19999.26;134.2833
19997.69,0.5801017,19999.26;134.2547
19997.96,0.5801017,19999.26;133.4955
19998.24,0.5801014,19999.25;131.6764
19998.53,0.5801008,19999.25;129.8573
19998.8,0.5801008,19999.25;128.0381
19999.07,0.5801006,19999.25;126.219
19999.38,0.5801008,19999.24;124.3998
19999.67,0.5801007,19999.24;122.5807
20000.02,0.5801011,19999.24;120.7616
20000.38,0.5801014,19999.24;118.9424
20000.71,0.5801015,19999.24;117.1806
20001.09,0.5801015,19999.23;115.3614
20001.4,0.580102,19999.23;113.5423
20001.67,0.5801021,19999.23;111.8807
20001.7,0.5801021,19999.23;111.7948
20001.72,0.5801022,19999.23;111.3077
20001.8,0.5801023,19999.23;110.3194
20001.88,0.5801024,19999.22;109.1162
20002.02,0.5801025,19999.22;107.913
20002.29,0.5801027,19999.22;106.5808
20002.59,0.5801029,19999.22;104.7617
20002.83,0.5801027,19999.22;102.9426
20003.01,0.5801027,19999.21;101.1234
20003.12,0.5801026,19999.21;99.30428
20003.23,0.5801027,19999.21;97.55676
20003.33,0.5801027,19999.21;96.11005
20003.41,0.5801027,19999.21;94.40549
20003.48,0.5801027,19999.2;92.82986
20003.58,0.5801027,19999.2;91.01071
20003.69,0.5801027,19999.2;89.19157
20003.81,0.5801027,19999.21;87.70189
20003.94,0.5801027,19999.22;85.96869
20004.05,0.5801027,19999.23;84.27847
20004.11,0.5801027,19999.24;82.48798
20004.18,0.5801027,19999.25;80.66885
20004.33,0.5801027,19999.28;78.89268
20004.45,0.5801027,19999.3;77.13084
20004.6,0.5801027,19999.34;75.36898
20004.75,0.5801027,19999.39;73.6358
20004.89,0.5801027,19999.43;72.13178
20005.04,0.5801027,19999.49;70.39858
20005.19,0.5801027,19999.54;68.70837
20005.31,0.5801027,19999.6;67.03247
20005.47,0.5801027,19999.67;65.38522
20005.61,0.5801027,19999.74;63.76661
20005.79,0.5801027,19999.83;62.23395
20006,0.5801027,19999.95;60.84453
20006.22,0.5801027,20000.08;59.16863
20006.4,0.5801027,20000.19;57.79354
20006.6,0.5801027,20000.33;56.38979
20006.74,0.5801027,20000.43;55.65926
20006.88,0.5801027,20000.52;55.00036
20006.98,0.5801027,20000.6;54.47038
20007.12,0.5801027,20000.69;53.95472
20007.24,0.5801027,20000.78;53.58229
20007.38,0.5801027,20000.88;53.13824
20007.52,0.5801027,20000.99;52.7515
20007.69,0.5801027,20001.13;52.26448
20007.87,0.5801027,20001.27;51.72018
20008.15,0.5801027,20001.49;50.90372
20008.49,0.5801027,20001.78;49.81509
20008.77,0.5801027,20002.03;48.65485
20009.08,0.5801027,20002.31;47.68082
20009.33,0.5801027,20002.55;46.56356
20009.63,0.5801027,20002.84;45.64681
20009.74,0.580103,20003.15;44.52954
20009.75,0.580103,20003.46;43.45525
20009.75,0.5801024,20003.77;42.95391
20009.75,0.5801022,20004.04;42.93959
20009.75,0.5801017,20004.34;42.85364
20009.75,0.5801014,20004.64;42.76769
20009.75,0.5801014,20004.95;42.68174
20009.75,0.5801011,20005.17;42.59579
20009.75,0.580101,20005.48;42.50985
20009.75,0.5801007,20005.78;42.49552
20009.75,0.5801008,20006.09;41.32096
20009.75,0.5801011,20006.31;40.27532
20009.75,0.5801017,20006.59;39.25833
20009.75,0.5801013,20006.86;38.44186
20009.75,0.5801015,20007.24;37.55378
20009.75,0.5801018,20007.64;36.83759
20009.75,0.580102,20007.94;35.99248
20009.75,0.5801024,20008.26;35.24763
20009.76,0.5801037,20008.58;34.43117
20009.76,0.5801039,20008.84;33.75794
20009.76,0.5801041,20009.14;32.97013
20009.76,0.5801041,20009.4;32.26826
20009.76,0.5801038,20009.65;31.46612
20009.76,0.5801033,20009.95;30.76424
20009.76,0.5801033,20010.2;29.93346
20009.76,0.5801035,20010.49;29.10267
20009.76,0.5801032,20010.75;28.30054
20009.76,0.5801032,20011.04;28.25756
20009.76,0.5801035,20011.34;27.97108
20009.76,0.5801033,20011.63;27.97108
20009.76,0.580104,20011.92;27.7992
20009.76,0.5801039,20012.21;27.62731
20009.76,0.5801035,20012.5;27.45543
20009.76,0.5801034,20012.8;27.28354
20009.76,0.5801029,20013.09;27.11165
20009.76,0.5801035,20013.38;26.93976
20009.76,0.580103,20013.68;26.92544
20009.76,0.5801036,20013.92;26.91112
20009.76,0.5801036,20014.17;26.8968
20009.77,0.5801033,20014.46;26.88247
20009.77,0.5801035,20014.75;26.86815
20009.77,0.5801034,20015.04;26.85382
20009.77,0.5801033,20015.24;26.73923
20009.77,0.5801035,20015.35;26.1233
20009.77,0.5801034,20015.45;25.63628
20009.77,0.5801035,20015.47;25.55034
20009.76,0.5801035,20015.46;25.59331
20009.76,0.5801035,20015.46;25.57898
20009.77,0.5801035,20015.48;25.56466
20009.77,0.5801035,20015.49;25.50737
20009.76,0.5801035,20015.47;25.49304
20009.75,0.5801035,20015.45;25.49304
20009.73,0.5801035,20015.41;25.49304
20009.71,0.5801035,20015.36;25.49304
20009.68,0.5801035,20015.31;25.49304
20009.65,0.5801035,20015.25;25.47872
20009.63,0.5801035,20015.2;25.4644
20009.6,0.5801035,20015.14;25.45008
20009.59,0.5801035,20015.12;25.43575
20009.58,0.5801035,20015.1;25.47872
20009.57,0.5801035,20015.09;25.50737
20009.56,0.5801035,20015.05;25.53601
20009.54,0.5801035,20015.02;25.56466
20009.54,0.5801035,20015.02;25.42142
20009.56,0.5801035,20015.06;25.09197
20009.57,0.5801035,20015.08;24.73387
20009.59,0.5801035,20015.12;24.17524
20009.62,0.5801035,20015.18;23.53066
20009.67,0.5801035,20015.32;22.62825
20009.73,0.5801035,20015.47;21.81178
20009.77,0.5801035,20015.69;21.13856
20009.77,0.5801034,20015.91;20.52263
20009.77,0.5801033,20016.18;20.50831
20009.77,0.5801031,20016.4;19.67752
20009.77,0.5801033,20016.66;18.6462
20009.77,0.5801035,20016.88;17.97298
20009.78,0.5801035,20017.13;17.6292
20009.78,0.5801036,20017.35;16.75545
20009.78,0.5801035,20017.59;15.73845
20009.78,0.5801032,20017.79;14.83604
20009.78,0.5801032,20018.02;13.90498
20009.78,0.580103,20018.24;13.00256
20009.78,0.580103,20018.47;12.11448
20009.78,0.5801031,20018.67;11.08316
20009.79,0.5801032,20018.92;10.05184
20009.79,0.5801033,20019.13;9.006201
20009.79,0.5801034,20019.39;7.960558
20009.79,0.5801033,20019.61;6.886258
20009.79,0.5801033,20019.88;5.797637
20009.79,0.5801033,20020.1;4.737659
20009.79,0.5801033,20020.37;4.150374
20009.79,0.5801033,20020.64;3.563088
20009.79,0.5801033,20020.91;3.477139
20009.79,0.5801033,20021.18;3.391191
20009.8,0.5801033,20021.41;3.333899
20009.8,0.5801034,20021.69;3.305252
20009.8,0.5801034,20021.93;3.004448
20009.8,0.5801035,20022.21;2.059066
20009.8,0.5801035,20022.46;1.615021
20009.8,0.5801034,20022.74;1.14233
20009.8,0.5801034,20022.99;0.1683018
20009.79,0.5801034,20023.28;359.0797
20009.79,0.5801034,20023.51;358.1486
20009.77,0.5801034,20023.79;357.0887
20009.76,0.5801034,20024.07;356.5587
20009.73,0.5801034,20024.34;355.5273
20009.71,0.5801034,20024.61;354.6249
20009.68,0.5801034,20024.87;353.6079
20009.65,0.5801034,20025.13;352.5623
20009.61,0.5801034,20025.35;351.6742
20009.57,0.5801034,20025.6;350.6715
20009.53,0.5801034,20025.81;349.7978
20009.48,0.5801034,20026.06;348.7808
20009.44,0.5801034,20026.26;347.9643
20009.39,0.5801034,20026.5;347.1192
20009.34,0.5801034,20026.7;346.1309
20009.28,0.5801034,20026.93;345.1282
20009.23,0.5801034,20027.11;344.1255
20009.17,0.5801034,20027.3;343.1515
20009.11,0.5801034,20027.49;342.3207
20009.04,0.5801034,20027.7;341.4899
20008.96,0.5801034,20027.92;340.5302
20008.89,0.5801034,20028.11;339.5562
20008.8,0.5801034,20028.34;338.5821
20008.72,0.5801034,20028.53;337.6081
20008.63,0.5801034,20028.75;336.6198
20008.54,0.5801034,20028.95;335.6171
20008.43,0.5801034,20029.17;334.5858
20008.32,0.5801034,20029.4;333.6977
20008.22,0.5801034,20029.6;332.9385
20008.1,0.5801034,20029.82;331.8785
20007.99,0.5801034,20030;330.8615
20007.87,0.5801034,20030.22;330.2169
20007.76,0.5801034,20030.4;329.4435
20007.63,0.5801034,20030.61;328.7559
20007.53,0.5801034,20030.79;328.5267
20007.4,0.5801034,20030.99;327.9681
20007.28,0.5801034,20031.18;327.2662
20007.15,0.5801034,20031.38;326.2349
20007.03,0.5801034,20031.55;325.3612
20006.89,0.5801034,20031.75;324.3585
20006.77,0.5801034,20031.9;323.542
20006.65,0.5801034,20032.06;322.6969
20006.54,0.5801034,20032.2;321.995
20006.42,0.5801034,20032.35;321.1642
20006.31,0.5801034,20032.48;320.3335
20006.18,0.5801034,20032.63;319.4597
20006.07,0.5801034,20032.76;318.5716
20005.94,0.5801034,20032.9;317.6979
20005.83,0.5801034,20033.02;316.953
20005.71,0.5801034,20033.15;316.0936
20005.61,0.5801034,20033.25;315.2055
20005.55,0.5801034,20033.31;314.9906
20005.5,0.5801034,20033.36;314.9047
20005.49,0.5801034,20033.37;314.9477
20005.5,0.5801034,20033.36;314.9763
20005.51,0.5801034,20033.35;315.0049
20005.53,0.5801034,20033.33;315.0766
20005.54,0.5801034,20033.32;315.1339
20005.55,0.5801034,20033.3;315.2771
20005.56,0.5801034,20033.3;315.406
20005.56,0.5801034,20033.29;315.5493
20005.58,0.5801034,20033.28;315.6495
20005.59,0.5801034,20033.27;315.8071
20005.6,0.5801034,20033.26;315.9503
20005.61,0.5801034,20033.24;316.1079
20005.63,0.5801034,20033.22;316.2368
20005.64,0.5801034,20033.21;316.3944
20005.67,0.5801034,20033.18;316.5233
20005.69,0.5801034,20033.16;316.6952
20005.71,0.5801034,20033.13;316.8241
20005.74,0.5801034,20033.11;316.9817
20005.77,0.5801034,20033.07;317.1392
20005.8,0.5801034,20033.04;317.2968
20005.83,0.5801034,20033.01;317.44
20005.86,0.5801034,20032.98;317.6119
20005.9,0.5801034,20032.94;317.7408
20005.93,0.5801034,20032.9;317.9127
20005.97,0.5801034,20032.86;318.056
20006.01,0.5801034,20032.81;318.1992
20006.05,0.5801034,20032.77;318.3711
20006.09,0.5801034,20032.72;318.5143
20006.14,0.5801034,20032.66;318.6862
20006.19,0.5801034,20032.61;318.8295
20006.23,0.5801034,20032.56;318.9727
20006.28,0.5801034,20032.5;319.1446
20006.33,0.5801034,20032.45;319.3165
20006.38,0.5801034,20032.39;319.4884
20006.42,0.5801034,20032.33;319.6316
20006.48,0.5801034,20032.27;319.7892
20006.53,0.5801034,20032.21;319.9467
20006.59,0.5801034,20032.14;320.1043
20006.64,0.5801034,20032.07;320.2619
20006.69,0.5801034,20032.02;320.4624
20006.74,0.5801034,20031.96;320.6343
20006.8,0.5801034,20031.88;320.8062
20006.85,0.5801034,20031.81;320.9924
20006.91,0.5801034,20031.74;321.1643
20006.97,0.5801034,20031.67;321.3362
20007.03,0.5801034,20031.6;321.508
20007.08,0.5801034,20031.53;321.6513
20007.13,0.5801034,20031.47;321.8232
20007.19,0.5801034,20031.4;321.9664
20007.23,0.5801034,20031.34;322.1526
20007.29,0.5801034,20031.26;322.2958
20007.34,0.5801034,20031.2;322.4677
20007.39,0.5801034,20031.13;322.6396
20007.44,0.5801034,20031.06;322.8258
20007.49,0.5801034,20030.99;322.9691
20007.54,0.5801034,20030.94;323.1553
20007.59,0.5801034,20030.87;323.3128
20007.63,0.5801034,20030.81;323.4991
20007.68,0.5801034,20030.74;323.6566
20007.72,0.5801034,20030.69;323.8285
20007.77,0.5801034,20030.63;323.9717
20007.81,0.5801034,20030.57;324.1436
20007.85,0.5801034,20030.5;324.3012
20007.89,0.5801034,20030.45;324.4731
20007.93,0.5801034,20030.39;324.645
20007.97,0.5801034,20030.33;324.8025
20008.01,0.5801034,20030.28;324.9458
20008.05,0.5801034,20030.23;325.089
20008.08,0.5801034,20030.18;325.2322
20008.12,0.5801034,20030.13;325.4041
20008.15,0.5801034,20030.08;325.576
20008.19,0.5801034,20030.02;325.7622
20008.22,0.5801034,20029.97;325.9341
20008.26,0.5801034,20029.92;326.0774
20008.29,0.5801034,20029.87;326.2636
20008.33,0.5801034,20029.81;326.4498
20008.36,0.5801034,20029.77;326.6074
20008.4,0.5801034,20029.7;326.7935
20008.44,0.5801034,20029.65;326.9798
20008.47,0.5801034,20029.59;327.1517
20008.51,0.5801034,20029.54;327.3379
20008.55,0.5801034,20029.48;327.4954
20008.59,0.5801034,20029.42;327.6816
20008.62,0.5801034,20029.36;327.8679
20008.65,0.5801034,20029.31;328.0254
20008.69,0.5801034,20029.25;328.1973
20008.72,0.5801034,20029.2;328.3835
20008.75,0.5801034,20029.14;328.5697
20008.79,0.5801034,20029.09;328.6986
20008.82,0.5801034,20029.04;328.8419
20008.84,0.5801034,20028.99;329.0138
20008.87,0.5801034,20028.95;329.2
20008.9,0.5801034,20028.9;329.2716
20008.92,0.5801034,20028.87;329.4291
20008.93,0.5801034,20028.85;329.5867
20008.94,0.5801034,20028.83;329.7729
20008.95,0.5801034,20028.82;330.0594
20008.96,0.5801034,20028.79;330.2743
20008.97,0.5801034,20028.78;330.4461
20008.97,0.5801034,20028.78;330.9904
20008.96,0.5801034,20028.81;331.8499
20008.99,0.5801034,20028.74;333.5258
20009.02,0.5801034,20028.68;335.0728
20009.06,0.5801034,20028.58;336.6341
20009.12,0.5801034,20028.43;336.9492
20009.2,0.5801034,20028.26;336.9635
20009.26,0.5801034,20028.09;338.224
20009.32,0.5801034,20027.94;339.6135
20009.38,0.5801034,20027.78;340.8167
20009.42,0.5801034,20027.65;342.1345
20009.45,0.5801034,20027.55;343.2804
20009.49,0.5801034,20027.39;344.6411
20009.53,0.5801034,20027.25;346.0592
20009.55,0.5801034,20027.13;347.463
20009.58,0.5801034,20026.99;348.6519
20009.61,0.5801034,20026.84;350.0413
20009.63,0.5801034,20026.7;351.4164
20009.64,0.5801034,20026.57;352.8058
20009.66,0.5801034,20026.43;354.1952
20009.67,0.5801034,20026.28;355.5703
20009.68,0.5801034,20026.14;356.8881
20009.68,0.5801034,20026.02;358.1916
20009.68,0.5801034,20025.88;359.624
20009.68,0.5801034,20025.76;1.070724
20009.68,0.5801034,20025.62;2.50312
20009.67,0.5801034,20025.48;3.964162
20009.65,0.5801034,20025.35;5.396559
20009.64,0.5801034,20025.21;6.743006
20009.62,0.5801034,20025.07;7.903244
20009.6,0.5801034,20024.94;9.092128
20009.57,0.5801034,20024.8;9.951562
20009.55,0.5801034,20024.68;10.85397
20009.52,0.5801034,20024.54;11.69908
20009.5,0.5801034,20024.43;12.01421
20009.46,0.5801034,20024.3;13.41796
20009.44,0.5801034,20024.2;14.10551
20009.4,0.5801034,20024.06;14.42064
20009.37,0.5801034,20023.94;14.49225
20009.34,0.5801034,20023.81;14.5782
20009.3,0.5801034,20023.66;15.02224
20009.27,0.5801034,20023.54;15.46629
20009.22,0.5801034,20023.39;16.44032
20009.18,0.5801034,20023.24;17.55759
20009.13,0.5801034,20023.11;18.98998
20009.08,0.5801034,20022.97;20.4367
20009.02,0.5801034,20022.83;21.85478
20008.97,0.5801034,20022.71;23.3015
20008.9,0.5801034,20022.57;24.51904
20008.85,0.5801034,20022.46;25.93712
20008.78,0.5801034,20022.33;27.35519
20008.72,0.5801034,20022.21;28.77327
20008.65,0.5801034,20022.09;29.9908
20008.58,0.5801034,20021.97;31.40887
20008.5,0.5801034,20021.85;32.61208
20008.43,0.5801034,20021.74;34.01583
20008.33,0.5801034,20021.61;35.21904
20008.25,0.5801034,20021.49;36.56549
20008.15,0.5801034,20021.37;37.32466
20008.06,0.5801034,20021.26;38.67111
20007.96,0.5801034,20021.13;39.84567
20007.86,0.5801034,20021.01;41.22076
20007.75,0.5801034,20020.9;42.381
20007.66,0.5801034,20020.8;43.72746
20007.54,0.5801034,20020.68;44.88769
20007.41,0.5801034,20020.56;46.23414
20007.29,0.5801034,20020.45;47.56626
20007.19,0.5801034,20020.36;48.7265
20007.05,0.5801034,20020.25;50.0443
20006.95,0.5801034,20020.16;51.17589
20006.82,0.5801034,20020.07;52.47937
20006.69,0.5801034,20019.97;53.61096
20006.59,0.5801034,20019.9;54.67094
20006.49,0.5801034,20019.83;55.50172
20006.4,0.5801034,20019.77;56.27522
20006.4,0.5801034,20019.77;56.84818
20006.39,0.5801034,20019.76;57.29222
20006.4,0.5801034,20019.77;57.56438
20006.41,0.5801034,20019.77;57.63599
20006.41,0.5801034,20019.78;57.70761
20006.42,0.5801034,20019.78;57.83652
20006.43,0.5801034,20019.79;57.87949
20006.44,0.5801034,20019.79;57.85085
20006.48,0.5801034,20019.82;57.80788
20006.74,0.5801034,20019.98;57.70761
20006.91,0.5801034,20020.09;57.5214
20007.08,0.5801034,20020.2;57.37815
20007.16,0.5801034,20020.26;57.24924
20007.28,0.5801034,20020.33;57.10599
20007.39,0.5801034,20020.4;56.91978
20007.58,0.5801034,20020.53;56.76222
20007.77,0.5801034,20020.65;56.64762
20008.03,0.5801034,20020.82;56.64762
20008.37,0.5801034,20021.05;56.64762
20008.83,0.5801034,20021.35;56.64762
20009.23,0.5801034,20021.61;56.61898
20009.65,0.5801034,20021.89;56.61898
20009.73,0.5801029,20022.15;56.61898
20009.73,0.5801043,20022.42;56.61898
20009.73,0.5801052,20022.69;56.61898
20009.73,0.5801055,20022.91;56.60466
20009.73,0.5801064,20023.16;56.60466
20009.73,0.5801064,20023.42;56.60466
20009.73,0.5801064,20023.68;56.60466
20009.73,0.5801069,20023.93;56.60466
20009.73,0.580106,20024.19;56.60466
20009.73,0.580106,20024.28;56.4471
20009.72,0.580106,20024.28;56.41845
20009.69,0.580106,20024.25;56.64763
20009.63,0.580106,20024.21;57.00573
20009.59,0.580106,20024.19;57.33518
20009.58,0.580106,20024.18;57.43545
20009.57,0.580106,20024.18;57.44977
20009.57,0.580106,20024.18;57.43545
20009.57,0.580106,20024.18;57.42112
20009.5,0.580106,20024.13;57.69328
20009.41,0.580106,20024.08;58.15165
20009.24,0.580106,20023.97;58.69596
20009.05,0.580106,20023.86;59.39783
20008.86,0.580106,20023.75;60.25726
20008.67,0.580106,20023.65;61.14534
20008.51,0.580106,20023.56;62.04776
20008.32,0.580106,20023.47;62.97881
20008.14,0.580106,20023.38;63.82393
20008,0.580106,20023.31;64.82661
20007.92,0.580106,20023.28;65.71468
20007.85,0.580106,20023.24;66.53114
20007.84,0.580106,20023.24;67.19005
20007.84,0.580106,20023.24;67.89191
20007.85,0.580106,20023.25;68.4792
20007.96,0.580106,20023.29;69.25269
20008.11,0.580106,20023.34;69.95457
20008.28,0.580106,20023.4;70.65644
20008.46,0.580106,20023.46;71.50155
20008.63,0.580106,20023.52;72.3037
20008.78,0.580106,20023.56;73.19177
20008.95,0.580106,20023.61;73.93662
20009.1,0.580106,20023.65;74.78173
20009.28,0.580106,20023.7;75.51226
20009.43,0.580106,20023.73;76.37169
20009.6,0.580106,20023.77;77.10222
20009.72,0.5801061,20023.8;77.93302
20009.72,0.5801064,20023.83;78.56327
20009.72,0.5801064,20023.84;79.2938
20009.72,0.5801065,20023.84;80.05296
20009.72,0.5801065,20023.85;80.66891
20009.72,0.5801066,20023.85;81.15593
20009.72,0.5801066,20023.86;81.41376
20009.72,0.5801067,20023.87;81.58565
20009.72,0.5801066,20023.88;81.64294
20009.72,0.5801064,20023.89;81.6143
20009.72,0.5801064,20023.9;81.52834
20009.72,0.5801064,20023.91;81.48537
20009.72,0.5801063,20023.91;81.48537
20009.72,0.5801064,20023.92;81.6143
20009.71,0.5801064,20023.91;81.84347
20009.7,0.5801064,20023.91;82.044
20009.7,0.5801064,20023.91;82.27319
20009.68,0.5801064,20023.91;82.44507
20009.66,0.5801064,20023.91;82.61696
20009.65,0.5801064,20023.9;82.78885
20009.63,0.5801064,20023.9;82.88911
20009.61,0.5801064,20023.9;83.01803
20009.58,0.5801064,20023.9;83.14695
20009.55,0.5801064,20023.89;83.29018
20009.51,0.5801064,20023.89;83.47639
20009.45,0.5801064,20023.88;83.7199
20009.38,0.5801064,20023.88;83.97775
20009.29,0.5801064,20023.87;84.32151
20009.19,0.5801064,20023.86;84.73692
20009.08,0.5801064,20023.85;85.12366
20009.04,0.5801064,20023.84;85.63932
20008.93,0.5801064,20023.84;86.15498
20008.82,0.5801064,20023.83;86.5847
20008.73,0.5801064,20023.83;87.10036
20008.64,0.5801064,20023.82;87.64468
20008.55,0.5801064,20023.82;88.16032
20008.48,0.5801064,20023.82;88.8049
20008.41,0.5801064,20023.82;89.5211
20008.33,0.5801064,20023.82;90.19432
20008.26,0.5801064,20023.82;90.86754
20008.16,0.5801064,20023.82;91.69833
20008.04,0.5801064,20023.83;92.5864
20007.92,0.5801064,20023.83;93.37423
20007.79,0.5801064,20023.84;94.3196
20007.61,0.5801064,20023.86;95.23634
20007.42,0.5801064,20023.88;95.50851
20007.26,0.5801064,20023.89;95.73769
20007.1,0.5801064,20023.91;95.96687
20006.93,0.5801064,20023.93;96.19604
20006.79,0.5801064,20023.95;96.42523
20006.63,0.5801064,20023.96;97.04116
20006.46,0.5801064,20023.99;97.65708
20006.32,0.5801064,20024.01;98.64543
20006.16,0.5801064,20024.04;99.86298
20006.02,0.5801064,20024.06;101.0948
20005.87,0.5801064,20024.1;102.2551
20005.72,0.5801064,20024.13;103.6445
20005.56,0.5801064,20024.18;105.0912
20005.44,0.5801064,20024.21;106.366
20005.28,0.5801064,20024.26;107.2828
20005.12,0.5801064,20024.32;108.1709
20004.98,0.5801064,20024.36;109.1879
20004.83,0.5801064,20024.42;110.52
20004.68,0.5801064,20024.48;111.7948
20004.55,0.5801064,20024.53;113.2845
20004.41,0.5801064,20024.6;114.4734
20004.25,0.5801064,20024.67;114.9317
20004.13,0.5801064,20024.73;115.2469
20003.98,0.5801064,20024.8;116.3498
20003.85,0.5801064,20024.88;117.4528
20003.73,0.5801064,20024.94;118.6989
20003.62,0.5801064,20025;120.1743
20003.48,0.5801064,20025.09;121.6783
20003.34,0.5801064,20025.18;122.681
20003.24,0.5801064,20025.24;123.7123
20003.24,0.5801064,20025.25;125.1447
20003.21,0.5801064,20025.27;126.3479
20003.13,0.5801064,20025.33;127.7946
20003.02,0.5801064,20025.41;129.227
20002.87,0.5801064,20025.54;130.3586
20002.77,0.5801064,20025.64;131.4902
20002.68,0.5801064,20025.72;132.7077
20002.63,0.5801064,20025.77;133.9253
20002.61,0.5801064,20025.78;134.8993
20002.6,0.5801064,20025.79;135.9306
20002.6,0.5801064,20025.79;136.8474
20002.6,0.5801064,20025.79;137.5922
20002.6,0.5801064,20025.79;138.4373
20002.6,0.5801064,20025.79;139.2108
20002.6,0.5801064,20025.8;139.8411
20002.6,0.5801064,20025.8;140.4857
20002.61,0.5801064,20025.79;141.0013
20002.65,0.5801064,20025.73;141.3165
20002.72,0.5801064,20025.64;141.5313
20002.79,0.5801064,20025.55;141.6602
20002.88,0.5801064,20025.44;141.7175
20003.02,0.5801064,20025.27;141.7605
20003.14,0.5801064,20025.11;141.7748
20003.24,0.5801064,20024.98;141.7462
20003.37,0.5801064,20024.83;141.7175
20003.5,0.5801064,20024.65;141.6172
20003.64,0.5801064,20024.48;141.4024
20003.79,0.5801064,20024.3;141.1302
20003.99,0.5801064,20024.05;140.7578
20004.22,0.5801064,20023.77;140.3281
20004.44,0.5801064,20023.51;139.9557
20004.7,0.5801064,20023.2;139.4973
20004.97,0.5801064,20022.9;139.0533
20005.21,0.5801064,20022.62;138.6952
20005.49,0.5801064,20022.3;138.2654
20005.78,0.5801064,20021.99;137.7927
20006,0.5801064,20021.75;137.3773
20006.27,0.5801064,20021.46;137.1768
20006.5,0.5801064,20021.21;136.919
20006.77,0.5801064,20020.92;136.6611
20007.05,0.5801064,20020.63;136.4749
20007.05,0.5801064,20020.63;136.4749
20007.33,0.5801064,20020.33;136.3174
20007.57,0.5801064,20020.08;136.1455
20007.85,0.5801064,20019.8;135.859
20008.13,0.5801064,20019.51;135.3433
20008.37,0.5801064,20019.28;135.0282
20008.65,0.5801064,20019;134.5412
20008.94,0.5801064,20018.72;134.0685
20009.19,0.5801064,20018.48;133.6531
20009.49,0.5801064,20018.2;133.2377
20009.74,0.5801065,20017.92;132.8223
20009.74,0.5801077,20017.69;132.3926
20009.74,0.5801065,20017.46;131.9629
20009.74,0.5801072,20017.19;131.4759
20009.74,0.5801063,20016.93;131.0461
20009.74,0.5801058,20016.7;130.8026
20009.74,0.5801064,20016.44;130.5734
20009.74,0.5801059,20016.21;130.3443
20009.74,0.580107,20015.99;130.0578
20009.74,0.5801079,20015.74;129.5565
20009.74,0.580107,20015.53;129.0694
20009.74,0.5801066,20015.32;128.697
20009.74,0.5801073,20015.09;128.6254
20009.74,0.5801064,20014.82;128.5538
20009.74,0.5801064,20014.82;128.5538
20009.74,0.5801064,20014.54;128.4822
20009.74,0.5801075,20014.31;128.4105
20009.74,0.5801089,20014.04;128.3389
20009.74,0.5801088,20013.78;128.2673
20009.74,0.5801095,20013.55;128.1957
20009.74,0.5801103,20013.28;128.1241
20009.74,0.5801109,20013.01;128.0954
20009.74,0.5801118,20012.79;128.0668
20009.74,0.580111,20012.52;128.0381
20009.74,0.580111,20012.52;128.0381
20009.74,0.5801105,20012.26;128.0095
20009.74,0.5801111,20012.04;127.9809
20009.74,0.5801108,20011.79;127.9522
20009.74,0.5801105,20011.53;127.9379
20009.74,0.5801102,20011.31;127.5511
20009.74,0.5801104,20011.06;127.1501
20009.74,0.5801101,20010.81;126.6631
20009.74,0.5801107,20010.61;126.4912
20009.74,0.5801118,20010.37;126.0615
20009.74,0.5801119,20010.13;125.6317
20009.74,0.5801131,20009.93;125.202
20009.74,0.5801131,20009.7;124.7723
20009.74,0.5801152,20009.47;124.2853
20009.74,0.5801151,20009.25;123.8126
20009.74,0.5801146,20009.06;123.3972
20009.74,0.5801154,20008.84;122.9102
20009.74,0.5801139,20008.63;122.4231
20009.74,0.5801147,20008.44;121.9934
20009.74,0.5801153,20008.24;121.4778
20009.74,0.5801154,20008.06;121.177
20009.74,0.580115,20007.87;120.8762
20009.74,0.5800001,20007.67;120.5754
20009.74,0.58,20007.51;120.2746
20009.74,0.5800011,20007.31;119.9737
20009.74,0.5800002,20007.12;119.673
20009.74,0.5800003,20006.96;119.3721
20009.74,0.5800006,20006.77;119.0713
20009.74,0.58,20006.59;118.7705
20009.74,0.5800004,20006.43;118.4697
20009.74,0.5800005,20006.25;118.1689
20009.74,0.5800004,20006.08;117.8681
20009.74,0.5800005,20005.93;117.5673
20009.74,0.58,20005.75;117.2665
20009.74,0.58,20005.57;116.9657
20009.74,0.58,20005.42;116.6649
20009.74,0.5800007,20005.25;116.3641
20009.74,0.5800001,20005.07;116.0633
20009.74,0.58,20004.93;115.7625
20009.74,0.5800001,20004.77;115.4617
20009.74,0.58,20004.65;115.1609
20009.74,0.5800002,20004.61;114.8601
20009.74,0.5800002,20004.61;114.5592
20009.74,0.5800002,20004.61;114.5592
20009.74,0.5800002,20004.61;114.2585
20009.73,0.5800002,20004.62;113.9576
20009.69,0.5800002,20004.63;113.6568
20009.64,0.5800002,20004.65;113.7284
20009.58,0.5800002,20004.68;114.2584
20009.47,0.5800002,20004.73;114.8314
20009.34,0.5800002,20004.79;115.4044
20009.18,0.5800002,20004.88;116.2495
20009.01,0.5800002,20004.96;117.0516
20008.85,0.5800002,20005.05;118.1689
20008.63,0.5800002,20005.17;119.544
20008.38,0.5800002,20005.32;120.9191
20008.15,0.5800002,20005.46;122.2798
20007.91,0.5800002,20005.63;124.0273
20007.7,0.5800002,20005.78;125.8465
20007.56,0.5800002,20005.89;127.5081
20007.45,0.5800002,20005.97;129.3272
20007.35,0.5800002,20006.07;131.1463
20007.26,0.5800002,20006.14;132.8509
20007.18,0.5800002,20006.23;134.67
20007.07,0.5800002,20006.34;136.4892
20006.96,0.5800002,20006.46;138.1937
20006.87,0.5800002,20006.58;140.0129
20006.76,0.5800002,20006.71;141.832
20006.66,0.5800002,20006.85;143.6368
20006.58,0.5800002,20006.97;145.4559
20006.48,0.5800002,20007.12;147.2751
20006.39,0.5800002,20007.27;149.0942
20006.31,0.5800002,20007.41;150.9134
20006.23,0.5800002,20007.56;152.7325
20006.16,0.5800002,20007.72;154.5516
20006.1,0.5800002,20007.86;156.3135
20006.03,0.5800002,20008.03;158.1326
20005.97,0.5800002,20008.19;159.9088
20005.92,0.5800002,20008.34;161.7279
20005.87,0.5800002,20008.51;163.5471
20005.83,0.5800002,20008.66;165.2946
20005.79,0.5800002,20008.83;167.1137
20005.76,0.5800002,20009;168.9329
20005.73,0.5800002,20009.16;170.4942
20005.71,0.5800002,20009.29;172.0555
20005.69,0.5800002,20009.46;173.1728
20005.68,0.5800002,20009.59;174.7484
20005.67,0.5800002,20009.74;176.0376
20005.67,0.5800002,20009.89;177.8567
20005.66,0.5800002,20010.03;179.6758
20005.67,0.5800002,20010.19;181.495
20005.68,0.5800002,20010.35;183.3141
20005.69,0.5800002,20010.49;185.1046
20005.71,0.5800002,20010.65;186.9237
20005.73,0.5800002,20010.8;188.7429
20005.76,0.5800002,20010.93;190.562
20005.78,0.5800002,20011.05;192.2379
20005.82,0.5800002,20011.19;194.0571
20005.86,0.5800002,20011.33;195.8762
20005.9,0.5800002,20011.45;197.4948
20005.94,0.5800002,20011.58;199.3139
20005.98,0.5800002,20011.67;201.1331
20006.03,0.5800002,20011.8;202.7517
20006.09,0.5800002,20011.93;204.5708
20006.16,0.5800002,20012.07;206.39
20006.23,0.5800002,20012.21;208.0229
20006.31,0.5800002,20012.34;209.842
20006.39,0.5800002,20012.47;211.6612
20006.47,0.5800002,20012.59;213.3371
20006.56,0.5800002,20012.72;215.1562
20006.66,0.5800002,20012.85;216.9753
20006.75,0.5800002,20012.96;218.6512
20006.85,0.5800002,20013.08;220.4704
20006.95,0.5800002,20013.2;222.1606
20007.05,0.5800002,20013.3;223.8508
20007.16,0.5800002,20013.41;225.67
20007.28,0.5800002,20013.52;227.4891
20007.39,0.5800002,20013.61;229.0217
20007.52,0.5800002,20013.71;229.7523
20007.64,0.5800002,20013.82;230.0388
20007.75,0.5800002,20013.91;230.0674
20007.88,0.5800002,20014.02;230.0961
20007.99,0.5800002,20014.11;230.1247
20007.99,0.5800002,20014.11;230.1247
20008.11,0.5800002,20014.22;230.1534
20008.24,0.5800002,20014.32;230.182
20008.35,0.5800002,20014.41;230.2106
20008.48,0.5800002,20014.52;230.2393
20008.59,0.5800002,20014.61;230.2679
20008.72,0.5800002,20014.72;230.2966
20008.85,0.5800002,20014.83;230.5114
20008.96,0.5800002,20014.92;231.2563
20009.08,0.5800002,20015.01;233.0468
20009.18,0.5800002,20015.08;234.8373
20009.27,0.5800002,20015.14;236.6564
20009.4,0.5800002,20015.22;238.4756
20009.54,0.5800002,20015.29;240.2517
20009.69,0.5800002,20015.38;242.0709
20009.73,0.5800004,20015.45;243.89
20009.73,0.5800006,20015.52;245.7091
20009.73,0.5800008,20015.59;247.5283
20009.73,0.5800008,20015.65;249.3474
20009.73,0.5800011,20015.7;251.052
20009.73,0.5800018,20015.75;252.8711
20009.73,0.5800017,20015.79;254.6902
20009.73,0.5800023,20015.82;256.5094
20009.73,0.5800022,20015.86;258.3285
20009.73,0.5800027,20015.89;260.1476
20009.73,0.5800023,20015.91;261.9668
20009.73,0.5800025,20015.93;263.7859
20009.73,0.5800025,20015.94;265.5478
20009.73,0.5800021,20015.95;267.0518
20009.73,0.580002,20015.95;268.5845
20009.73,0.5800025,20015.95;270.4036
20009.73,0.5800024,20015.94;272.2227
20009.73,0.5800024,20015.93;273.8986
20009.73,0.5800022,20015.92;275.7178
20009.73,0.580002,20015.9;277.2791
20009.73,0.580002,20015.88;279.0839
20009.73,0.5800019,20015.86;280.6452
20009.73,0.5800018,20015.83;282.4357
20009.73,0.5800015,20015.8;284.2405
20009.73,0.5800011,20015.76;286.0453
20009.73,0.5800011,20015.71;287.8645
20009.73,0.5800019,20015.66;289.4544
20009.73,0.580002,20015.61;291.2736
20009.73,0.5800015,20015.55;292.8779
20009.73,0.5800011,20015.5;294.697
20009.73,0.5800011,20015.43;296.2869
20009.73,0.5800016,20015.36;298.1061
20009.73,0.5800018,20015.29;298.9512
20009.73,0.5800021,20015.21;300.0685
20009.73,0.580002,20015.13;301.1857
20009.73,0.5800018,20015.05;302.303
20009.73,0.5800015,20014.97;303.4203
20009.73,0.5800015,20014.88;304.5375
20009.73,0.5800014,20014.8;305.6548
20009.73,0.5800015,20014.7;306.7721
20009.74,0.5800011,20014.61;307.1875
20009.74,0.5800015,20014.52;308.6056
20009.74,0.5800012,20014.41;310.4247
20009.74,0.5800015,20014.33;312.1149
20009.74,0.580001