20000,0.5,20000;0
20000,0.58,20000.13;0
20000,0.58,20000.13;0
20000,0.58,20000.13;0
20000,0.58,20000.25;0
20000,0.58,20000.38;0
20000,0.58,20000.38;0
20000,0.58,20000.51;0
20000,0.58,20000.51;0
20000,0.58,20000.51;0
20000,0.58,20000.51;0
20000,0.58,20000.51;0
20000,0.58,20000.51;0
20000,0.58,20000.51;0
20000,0.58,20000.51;0
20000,0.58,20000.51;0
20000,0.58,20000.51;0
20000,0.58,20000.63;0
20000,0.58,20000.63;0
20000,0.58,20000.63;0
20000,0.58,20000.63;0
20000,0.58,20000.63;0
20000,0.58,20000.63;0
20000,0.58,20000.63;0
20000,0.58,20000.63;0
20000,0.58,20000.63;0
20000,0.58,20000.63;0
20000,0.58,20000.63;0
20000,0.58,20000.63;0
20000,0.58,20000.63;0
20000,0.58,20000.63;0
20000,0.58,20000.76;0
20000,0.58,20000.89;0
20000,0.58,20001.02;0
20000,0.58,20001.02;0
20000,0.58,20001.02;0
20000,0.58,20001.02;0
20000,0.58,20001.02;0
20000,0.58,20001.02;0
20000,0.58,20001.02;0
20000,0.58,20001.02;0
20000,0.58,20001.14;0
20000,0.58,20001.27;0
20000,0.58,20001.27;0
20000,0.58,20001.27;0
20000,0.58,20001.27;0
20000,0.58,20001.27;0
20000,0.58,20001.27;0
20000,0.58,20001.27;0
20000,0.58,20001.27;0
20000,0.58,20001.27;0
20000,0.58,20001.27;0
20000,0.58,20001.27;0
20000,0.58,20001.27;0
20000,0.58,20001.27;0
20000,0.58,20001.27;0
20000,0.58,20001.27;0
20000,0.58,20001.27;0
20000,0.58,20001.27;0
20000,0.58,20001.27;0
20000,0.58,20001.27;0
20000,0.58,20001.27;0
20000,0.58,20001.27;0
20000,0.58,20001.27;0
20000,0.58,20001.27;0
20000,0.58,20001.27;0
20000,0.58,20001.27;0
20000,0.58,20001.27;0
20000,0.58,20001.27;0
20000,0.58,20001.27;0
20000,0.58,20001.27;0
20000,0.58,20001.27;0
20000,0.58,20001.27;0
20000,0.58,20001.27;0
20000,0.58,20001.27;0
20000,0.58,20001.27;0
20000,0.58,20001.27;0
20000,0.58,20001.27;0
20000,0.58,20001.27;0
20000,0.58,20001.27;0
20000,0.58,20001.27;0
20000,0.58,20001.27;0
20000,0.58,20001.27;0
20000,0.58,20001.27;0
20000,0.58,20001.27;0
20000,0.58,20001.27;0
20000,0.58,20001.27;0
20000,0.58,20001.27;0
20000,0.58,20001.27;0
20000,0.58,20001.27;0
20000,0.58,20001.27;0
20000,0.58,20001.27;0
20000,0.58,20001.27;0
20000,0.58,20001.27;0
20000,0.58,20001.27;0
20000,0.58,20001.27;0
20000,0.58,20001.27;0
20000,0.58,20001.27;0
20000,0.58,20001.27;0
20000,0.58,20001.27;0
20000,0.58,20001.27;0
20000,0.58,20001.27;0
20000,0.58,20001.27;0
20000,0.58,20001.27;0
20000,0.58,20001.27;0
20000,0.58,20001.27;0
20000,0.58,20001.27;0
20000,0.58,20001.27;0
20000,0.58,20001.27;0
20000,0.58,20001.27;0
20000,0.58,20001.27;0
20000,0.58,20001.27;0
20000,0.58,20001.27;0
20000,0.58,20001.27;0
20000,0.58,20001.27;0
20000,0.58,20001.27;0
20000,0.58,20001.27;0
20000,0.58,20001.27;0
20000,0.58,20001.27;0
20000,0.58,20001.27;0
20000,0.58,20001.27;0
20000,0.58,20001.27;0
20000,0.58,20001.27;0
20000,0.58,20001.27;0
20000,0.58,20001.27;0
20000,0.58,20001.27;0
20000,0.58,20001.27;0
20000,0.58,20001.27;0
20000,0.58,20001.27;0
20000,0.58,20001.4;0
20000,0.58,20001.52;0
20000,0.58,20001.52;0
20000,0.58,20001.52;0
20000,0.58,20001.52;0
20000,0.58,20001.65;0
20000,0.58,20001.78;0
20000,0.58,20001.78;0
20000,0.58,20001.9;0
20000,0.58,20002.03;0
20000,0.58,20002.03;0
20000,0.58,20002.16;0
20000,0.58,20002.29;0
20000,0.58,20002.29;0
20000,0.58,20002.41;0
20000,0.58,20002.41;0
20000,0.58,20002.54;0
20000,0.58,20002.67;0
20000,0.58,20002.67;0
20000,0.58,20002.79;0
20000,0.58,20002.92;0
20000,0.58,20002.92;0
20000,0.58,20003.05;0
20000,0.58,20003.18;0
20000,0.58,20003.18;0
20000,0.58,20003.3;0
20000,0.58,20003.43;0
20000,0.58,20003.43;0
20000,0.58,20003.56;0
20000,0.58,20003.56;0
20000,0.58,20003.68;0
20000,0.58,20003.81;0
20000,0.58,20003.81;0
20000,0.58,20003.81;0
20000,0.58,20003.94;0
20000,0.58,20003.94;0
20000,0.58,20003.94;0
20000,0.58,20004.06;0
20000,0.58,20004.06;0
20000,0.58,20004.19;0
20000,0.58,20004.19;0
20000,0.58,20004.32;0
20000,0.58,20004.45;0
20000,0.58,20004.57;0
20000,0.58,20004.57;0
20000,0.58,20004.7;0
20000,0.58,20004.7;0
20000,0.58,20004.83;0
20000,0.58,20004.83;0
20000,0.58,20004.83;0
20000,0.58,20004.83;0
20000,0.58,20004.83;0
20000,0.58,20004.83;0
20000,0.58,20004.83;0
20000,0.58,20004.83;0
20000,0.58,20004.83;0
20000,0.58,20004.83;0
20000,0.58,20004.83;0
20000,0.58,20004.83;0
20000,0.58,20004.83;0
20000,0.58,20004.83;0
20000,0.58,20004.83;0
20000,0.58,20004.83;0
20000,0.58,20004.83;0
20000,0.58,20004.83;0
20000,0.58,20004.83;0
20000,0.58,20004.83;0
20000,0.58,20004.83;0
20000,0.58,20004.94;0
20000,0.58,20005.05;0
20000,0.58,20005.05;0
20000,0.58,20005.15;0
20000,0.58,20005.24;0
20000,0.58,20005.24;0
20000,0.58,20005.24;0
20000,0.58,20005.24;0
20000,0.58,20005.24;0
20000,0.58,20005.24;0
20000,0.58,20005.24;0
20000,0.58,20005.24;0
20000,0.58,20005.24;0
20000,0.58,20005.24;0
20000,0.58,20005.24;0
20000,0.58,20005.3;0
20000,0.58,20005.34;0
20000,0.58,20005.34;0
20000,0.58,20005.37;0
20000,0.58,20005.39;0
20000,0.58,20005.39;0
20000,0.58,20005.39;0
20000,0.58,20005.39;0
20000,0.58,20005.39;0
20000,0.58,20005.39;0
20000,0.58,20005.4;0
20000,0.58,20005.4;0
20000,0.58,20005.41;0
20000,0.58,20005.43;0
20000,0.58,20005.43;0
20000,0.58,20005.45;0
20000,0.58,20005.47;0
20000,0.58,20005.5;0
20000,0.58,20005.5;0
20000,0.58,20005.53;0
20000,0.58,20005.57;0
20000,0.58,20005.57;0
20000,0.58,20005.62;0
20000,0.58,20005.67;0
20000,0.58,20005.67;0
20000,0.58,20005.73;0
20000,0.58,20005.79;0
20000,0.58,20005.79;0
20000,0.58,20005.85;0
20000,0.58,20005.85;0
20000,0.58,20005.91;0
20000,0.58,20005.96;0
20000,0.58,20006.02;0
20000,0.58,20006.02;0
20000,0.58,20006.08;0
20000,0.58,20006.13;0
20000,0.58,20006.13;0
20000,0.58,20006.19;0
20000,0.58,20006.25;0
20000,0.58,20006.25;0
20000,0.58,20006.31;0
20000,0.58,20006.37;0
20000,0.58,20006.37;0
20000,0.58,20006.43;0
20000,0.58,20006.48;0
20000,0.58,20006.48;0
20000,0.58,20006.54;0
20000,0.58,20006.54;0
20000,0.58,20006.6;0
20000,0.58,20006.66;0
20000,0.58,20006.66;0
20000,0.58,20006.72;0
20000,0.58,20006.78;0
20000,0.58,20006.78;0
20000,0.58,20006.84;0
20000,0.58,20006.84;0
20000,0.58,20006.9;0
20000,0.58,20006.96;0
20000,0.58,20006.96;0
20000,0.58,20007.01;0
20000,0.58,20007.07;0
20000,0.58,20007.07;0
20000,0.58,20007.13;0
20000,0.58,20007.2;0
20000,0.58,20007.2;0
20000,0.58,20007.26;0
20000,0.58,20007.26;0
20000,0.58,20007.32;0
20000,0.58,20007.38;0
20000,0.58,20007.38;0
20000,0.58,20007.45;0
20000,0.58,20007.51;0
20000,0.58,20007.51;0
20000,0.58,20007.57;0
20000,0.58,20007.64;0
20000,0.58,20007.64;0
20000,0.58,20007.7;0
20000,0.58,20007.77;0
20000,0.58,20007.83;0
20000,0.58,20007.9;0
20000,0.58,20007.9;0
20000,0.58,20007.97;0
20000,0.58,20008.04;0
20000,0.58,20008.04;0
20000,0.58,20008.11;0
20000,0.58,20008.17;0
20000,0.58,20008.17;0
20000,0.58,20008.24;0
20000,0.58,20008.31;0
20000,0.58,20008.31;0
20000,0.58,20008.38;0
20000,0.58,20008.38;0
20000,0.58,20008.45;0
20000,0.58,20008.45;0
20000,0.58,20008.52;0
20000,0.58,20008.58;0
20000,0.58,20008.58;0
20000,0.58,20008.65;0
20000,0.58,20008.72;0
20000,0.58,20008.72;0
20000,0.58,20008.79;0
20000,0.58,20008.86;0
20000,0.58,20008.93;0
20000,0.58,20009;0
20000,0.58,20009.08;0
20000,0.58,20009.08;0
20000,0.58,20009.15;0
20000,0.58,20009.22;0
20000,0.58,20009.22;0
20000,0.58,20009.3;0
20000,0.58,20009.38;0
20000,0.58,20009.38;0
20000,0.58,20009.45;0
20000,0.58,20009.53;0
20000,0.58,20009.53;0
20000,0.58,20009.61;0
20000,0.58,20009.69;0
20000,0.58,20009.69;0
20000,0.58,20009.69;0
20000,0.58,20009.77;0
20000,0.58,20009.85;0
20000,0.58,20009.85;0
20000,0.58,20009.85;0
20000,0.58,20009.92;0
20000,0.58,20009.92;0
20000,0.58,20010;0
20000,0.58,20010.08;0
20000,0.58,20010.08;0
20000,0.58,20010.16;0
20000,0.58,20010.16;0
20000,0.58,20010.16;0
20000,0.58,20010.16;0
20000,0.58,20010.16;0
20000,0.58,20010.24;0
20000,0.58,20010.24;0
20000,0.58,20010.33;0
20000,0.58,20010.4;0
20000,0.58,20010.4;0
20000,0.58,20010.4;0
20000,0.58,20010.4;0
20000,0.58,20010.4;0
20000,0.58,20010.4;0
20000,0.58,20010.4;0
20000,0.58,20010.4;0
20000,0.58,20010.4;0
20000,0.58,20010.4;0
20000,0.58,20010.4;0
20000,0.58,20010.4;0
20000,0.58,20010.4;0
20000,0.58,20010.49;0
20000,0.58,20010.49;0
20000,0.58,20010.49;0
20000,0.58,20010.49;0
20000,0.58,20010.49;0
20000,0.58,20010.49;0
20000,0.58,20010.49;0
20000,0.58,20010.49;0
20000,0.58,20010.57;0
20000,0.58,20010.57;0
20000,0.58,20010.57;0
20000,0.58,20010.57;0
20000,0.58,20010.57;0
20000,0.58,20010.66;0
20000,0.58,20010.66;0
20000,0.58,20010.66;0
20000,0.58,20010.66;0
20000,0.58,20010.66;0
20000,0.58,20010.66;0
20000,0.58,20010.66;0
20000,0.58,20010.66;0
20000,0.58,20010.75;0
20000,0.58,20010.75;0
20000,0.58,20010.75;0
20000,0.58,20010.84;0
20000,0.58,20010.84;0
20000,0.58,20010.84;0
20000,0.58,20010.84;0
20000,0.58,20010.84;0
20000,0.58,20010.84;0
20000,0.58,20010.84;0
20000,0.58,20010.84;0
20000,0.58,20010.84;0
20000,0.58,20010.84;0
20000,0.58,20010.84;0
20000,0.58,20010.95;0
20000,0.58,20011.05;0
20000,0.58,20011.05;0
20000,0.58,20011.05;0
20000,0.58,20011.05;0
20000,0.58,20011.05;0
20000,0.58,20011.05;0
20000,0.58,20011.15;0
20000,0.58,20011.15;0
20000,0.58,20011.15;0
20000,0.58,20011.15;0
20000,0.58,20011.15;0
20000,0.58,20011.15;0
20000,0.58,20011.15;0
20000,0.58,20011.15;0
20000,0.58,20011.15;0
20000,0.58,20011.15;0
20000,0.58,20011.15;0
20000,0.58,20011.15;0
20000,0.58,20011.26;0
20000,0.58,20011.37;0
20000,0.58,20011.37;0
20000,0.58,20011.37;0
20000,0.58,20011.37;0
20000,0.58,20011.37;0
20000,0.58,20011.37;0
20000,0.58,20011.37;0
20000,0.58,20011.37;0
20000,0.58,20011.37;0
20000,0.58,20011.37;0
20000,0.58,20011.37;0
20000,0.58,20011.37;0
20000,0.58,20011.37;0
20000,0.58,20011.37;0
20000,0.58,20011.37;0
20000,0.58,20011.37;0
20000,0.58,20011.37;0
20000,0.58,20011.37;0
20000,0.58,20011.37;0
20000,0.58,20011.37;0
20000,0.58,20011.37;0
20000,0.58,20011.37;0
20000,0.58,20011.37;0
20000,0.58,20011.37;0
20000,0.58,20011.37;0
20000,0.58,20011.37;0
20000,0.58,20011.37;0
20000,0.58,20011.37;0
20000,0.58,20011.37;0
20000,0.58,20011.37;0
20000,0.58,20011.37;0
20000,0.58,20011.37;0
20000,0.58,20011.37;0
20000,0.58,20011.37;0
20000,0.58,20011.37;0
20000,0.58,20011.37;0
20000,0.58,20011.37;0
20000,0.58,20011.37;0
20000,0.58,20011.37;0
20000,0.58,20011.37;0
20000,0.58,20011.37;0
20000,0.58,20011.37;0
20000,0.58,20011.37;0
20000,0.58,20011.37;0
20000,0.58,20011.37;0
20000,0.58,20011.37;0
20000,0.58,20011.37;0
20000,0.58,20011.37;0
20000,0.58,20011.37;0
20000,0.58,20011.37;0
20000,0.58,20011.37;0
20000,0.58,20011.37;0
20000,0.58,20011.37;0
20000,0.58,20011.37;0
20000,0.58,20011.37;0
20000,0.58,20011.37;0
20000,0.58,20011.37;0
20000,0.58,20011.37;0
20000,0.58,20011.37;0
20000,0.58,20011.37;0
20000,0.58,20011.37;0
20000,0.58,20011.37;0
20000,0.58,20011.37;0
20000,0.58,20011.37;0
20000,0.58,20011.37;0
20000,0.58,20011.37;0
20000,0.58,20011.37;0
20000,0.58,20011.37;0
20000,0.58,20011.37;0
20000,0.58,20011.37;0
20000,0.58,20011.37;0
20000,0.58,20011.37;0
20000,0.58,20011.37;0
20000,0.58,20011.37;0
20000,0.58,20011.37;0
20000,0.58,20011.37;0
20000,0.58,20011.37;0
20000,0.58,20011.37;0
20000,0.58,20011.37;0
20000,0.58,20011.37;0
20000,0.58,20011.37;0
20000,0.58,20011.37;0
20000,0.58,20011.37;0
20000,0.58,20011.37;0
20000,0.58,20011.37;0
20000,0.58,20011.37;0
20000,0.58,20011.37;0
20000,0.58,20011.37;0
20000,0.58,20011.37;0
20000,0.58,20011.37;0
20000,0.58,20011.37;0
20000,0.58,20011.37;0
20000,0.58,20011.37;0
20000,0.58,20011.37;0
20000,0.58,20011.37;0
20000,0.58,20011.37;0
20000,0.58,20011.37;0
20000,0.58,20011.37;0
20000,0.58,20011.37;0
20000,0.58,20011.37;0
20000,0.58,20011.37;0
20000,0.58,20011.37;0
20000,0.58,20011.37;0
20000,0.58,20011.37;0
20000,0.58,20011.37;0
20000,0.58,20011.46;0
20000,0.58,20011.46;0
20000,0.58,20011.46;0
20000,0.58,20011.46;0
20000,0.58,20011.46;0
20000,0.58,20011.46;0
20000,0.58,20011.46;0
20000,0.58,20011.46;0
20000,0.58,20011.46;0
20000,0.58,20011.56;0
20000,0.58,20011.64;0
20000,0.58,20011.64;0
20000,0.58,20011.72;0
20000,0.58,20011.72;0
20000,0.58,20011.72;0
20000,0.58,20011.72;0
20000,0.58,20011.72;0
20000,0.58,20011.72;0
20000,0.58,20011.72;0
20000,0.58,20011.72;0
20000,0.58,20011.72;0
20000,0.58,20011.72;0
20000,0.58,20011.72;0
20000,0.58,20011.72;0
20000,0.58,20011.72;0
20000,0.58,20011.72;0
20000,0.58,20011.72;0
20000,0.58,20011.72;0
20000,0.58,20011.72;0
20000,0.58,20011.72;0
20000,0.58,20011.72;0
20000,0.58,20011.78;0
20000,0.58,20011.85;0
20000,0.58,20011.85;0
20000,0.58,20011.91;0
20000,0.58,20011.97;0
20000,0.58,20012.03;0
20000,0.58,20012.03;0
20000,0.58,20012.08;0
20000,0.58,20012.08;0
20000,0.58,20012.14;0
20000,0.58,20012.2;0
20000,0.58,20012.2;0
20000,0.58,20012.25;0
20000,0.58,20012.3;0
20000,0.58,20012.3;0
20000,0.58,20012.35;0
20000,0.58,20012.4;0
20000,0.58,20012.4;0
20000,0.58,20012.45;0
20000,0.58,20012.5;0
20000,0.58,20012.5;0
20000,0.58,20012.55;0
20000,0.58,20012.6;0
20000,0.58,20012.6;0
20000,0.58,20012.65;0
20000,0.58,20012.69;0
20000,0.58,20012.69;0
20000,0.58,20012.74;0
20000,0.58,20012.79;0
20000,0.58,20012.83;0
20000,0.58,20012.83;0
20000,0.58,20012.87;0
20000,0.58,20012.91;0
20000,0.58,20012.91;0
20000,0.58,20012.96;0
20000,0.58,20012.96;0
20000,0.58,20012.99;0
20000,0.58,20013.04;0
20000,0.58,20013.04;0
20000,0.58,20013.07;0
20000,0.58,20013.11;0
20000,0.58,20013.15;0
20000,0.58,20013.19;0
20000,0.58,20013.19;0
20000,0.58,20013.22;0
20000,0.58,20013.25;0
20000,0.58,20013.25;0
20000,0.58,20013.29;0
20000,0.58,20013.32;0
20000,0.58,20013.32;0
20000,0.58,20013.35;0
20000,0.58,20013.35;0
20000,0.58,20013.37;0
20000,0.58,20013.38;0
20000,0.58,20013.38;0
20000,0.58,20013.4;0
20000,0.58,20013.42;0
20000,0.58,20013.42;0
20000,0.58,20013.42;0
20000,0.58,20013.42;0
20000,0.58,20013.42;0
20000,0.58,20013.42;0
20000,0.58,20013.43;0
20000,0.58,20013.43;0
20000,0.58,20013.44;0
20000,0.58,20013.44;0
20000,0.58,20013.45;0
20000,0.58,20013.46;0
20000,0.58,20013.48;0
20000,0.58,20013.48;0
20000,0.58,20013.49;0
20000,0.58,20013.49;0
20000,0.58,20013.49;0
20000,0.58,20013.51;0
20000,0.58,20013.52;0
20000,0.58,20013.54;0
20000,0.58,20013.55;0
20000,0.58,20013.55;0
20000,0.58,20013.56;0
20000,0.58,20013.56;0
20000,0.58,20013.58;0
20000,0.58,20013.59;0
20000,0.58,20013.59;0
20000,0.58,20013.61;0
20000,0.58,20013.62;0
20000,0.58,20013.64;0
20000,0.58,20013.65;0
20000,0.58,20013.65;0
20000,0.58,20013.66;0
20000,0.58,20013.67;0
20000,0.58,20013.67;0
20000,0.58,20013.68;0
20000,0.58,20013.69;0
20000,0.58,20013.69;0
20000,0.58,20013.7;0
20000,0.58,20013.71;0
20000,0.58,20013.71;0
20000,0.58,20013.72;0
20000,0.58,20013.73;0
20000,0.58,20013.73;0
20000,0.58,20013.74;0
20000,0.58,20013.74;0
20000,0.58,20013.74;0
20000,0.58,20013.74;0
20000,0.58,20013.75;0
20000,0.58,20013.75;0
20000,0.58,20013.75;0
20000,0.58,20013.75;0
20000,0.58,20013.75;0
20000,0.58,20013.75;0
20000,0.58,20013.75;0
20000,0.58,20013.76;0
20000,0.58,20013.76;0
20000,0.58,20013.77;0
20000,0.58,20013.77;0
20000,0.58,20013.77;0
20000,0.58,20013.78;0
20000,0.58,20013.78;0
20000,0.58,20013.78;0
20000,0.58,20013.78;0
20000,0.58,20013.78;0
20000,0.58,20013.78;0
20000,0.58,20013.78;0
20000,0.58,20013.78;0
20000,0.58,20013.79;0
20000,0.58,20013.79;0
20000,0.58,20013.79;0
20000,0.58,20013.79;0
20000,0.58,20013.79;0
20000,0.58,20013.79;0
20000,0.58,20013.79;0
20000,0.58,20013.79;0
20000,0.58,20013.79;0
20000,0.58,20013.79;0
20000,0.58,20013.79;0
20000,0.58,20013.79;0
20000,0.58,20013.79;0
20000,0.58,20013.79;0
20000,0.58,20013.79;0
20000,0.58,20013.79;0
20000,0.58,20013.79;0
20000,0.58,20013.79;0
20000,0.58,20013.79;0
20000,0.58,20013.79;0
20000,0.58,20013.79;0
20000,0.58,20013.79;0
20000,0.58,20013.79;0
20000,0.58,20013.79;0
20000,0.58,20013.79;0
20000,0.58,20013.79;0
20000,0.58,20013.79;0
20000,0.58,20013.79;0
20000,0.58,20013.79;0
20000,0.58,20013.79;0
20000,0.58,20013.79;0
20000,0.58,20013.79;0
20000,0.58,20013.79;0
20000,0.58,20013.79;0
20000,0.58,20013.79;0
20000,0.58,20013.79;0
20000,0.58,20013.79;0
20000,0.58,20013.79;0
20000,0.58,20013.79;0
20000,0.58,20013.79;0
20000,0.58,20013.79;0
20000,0.58,20013.79;0
20000,0.58,20013.79;0
20000,0.58,20013.79;0
20000,0.58,20013.79;0
20000,0.58,20013.79;0
20000,0.58,20013.79;0
20000,0.58,20013.79;0
20000,0.58,20013.79;0
20000,0.58,20013.79;0
20000,0.58,20013.79;0
20000,0.58,20013.79;0
20000,0.58,20013.79;0
20000,0.58,20013.79;0
20000,0.58,20013.79;0
20000,0.58,20013.79;0
20000,0.58,20013.79;0
20000,0.58,20013.79;0
20000,0.58,20013.79;0
20000,0.58,20013.79;0
20000,0.58,20013.79;0
20000,0.58,20013.79;0
20000,0.58,20013.79;0
20000,0.58,20013.79;0
20000,0.58,20013.79;0
20000,0.58,20013.79;0
20000,0.58,20013.79;0
20000,0.58,20013.79;0
20000,0.58,20013.79;0
20000,0.58,20013.79;0
20000,0.58,20013.79;0
20000,0.58,20013.79;0
20000,0.58,20013.8;0
20000,0.58,20013.8;0
20000,0.58,20013.8;0
20000,0.58,20013.81;0
20000,0.58,20013.81;0
20000,0.58,20013.81;0
20000,0.58,20013.81;0
20000,0.58,20013.81;0
20000,0.58,20013.81;0
20000,0.58,20013.81;0
20000,0.58,20013.81;0
20000,0.58,20013.82;0
20000,0.58,20013.83;0
20000,0.58,20013.83;0
20000,0.58,20013.84;0
20000,0.58,20013.84;0
20000,0.58,20013.84;0
20000,0.58,20013.84;0
20000,0.58,20013.84;0
20000,0.58,20013.84;0
20000,0.58,20013.84;0
20000,0.58,20013.84;0
20000,0.58,20013.84;0
20000,0.58,20013.84;0
20000,0.58,20013.86;0
20000,0.58,20013.87;0
20000,0.58,20013.87;0
20000,0.58,20013.87;0
20000,0.58,20013.88;0
20000,0.58,20013.88;0
20000,0.58,20013.88;0
20000,0.58,20013.88;0
20000,0.58,20013.88;0
20000,0.58,20013.88;0
20000,0.58,20013.89;0
20000,0.58,20013.89;0
20000,0.58,20013.89;0
20000,0.58,20013.89;0
20000,0.58,20013.9;0
20000,0.58,20013.9;0
20000,0.58,20013.92;0
20000,0.58,20013.92;0
20000,0.58,20013.94;0
20000,0.58,20013.95;0
20000,0.58,20013.97;0
20000,0.58,20013.97;0
20000,0.58,20013.98;0
20000,0.58,20014;0
20000,0.58,20014;0
20000,0.58,20014.02;0
20000,0.58,20014.03;0
20000,0.58,20014.03;0
20000,0.58,20014.05;0
20000,0.58,20014.05;0
20000,0.58,20014.06;0
20000,0.58,20014.08;0
20000,0.58,20014.08;0
20000,0.58,20014.1;0
20000,0.58,20014.11;0
20000,0.58,20014.13;0
20000,0.58,20014.15;0
20000,0.58,20014.15;0
20000,0.58,20014.17;0
20000,0.58,20014.18;0
20000,0.58,20014.18;0
20000,0.58,20014.2;0
20000,0.58,20014.22;0
20000,0.58,20014.23;0
20000,0.58,20014.23;0
20000,0.58,20014.25;0
20000,0.58,20014.25;0
20000,0.58,20014.27;0
20000,0.58,20014.29;0
20000,0.58,20014.31;0
20000,0.58,20014.31;0
20000,0.58,20014.33;0
20000,0.58,20014.35;0
20000,0.58,20014.35;0
20000,0.58,20014.37;0
20000,0.58,20014.39;0
20000,0.58,20014.39;0
20000,0.58,20014.41;0
20000,0.58,20014.41;0
20000,0.58,20014.43;0
20000,0.58,20014.45;0
20000,0.58,20014.45;0
20000,0.58,20014.47;0
20000,0.58,20014.49;0
20000,0.58,20014.51;0
20000,0.58,20014.51;0
20000,0.58,20014.53;0
20000,0.58,20014.53;0
20000,0.58,20014.55;0
20000,0.58,20014.57;0
20000,0.58,20014.57;0
20000,0.58,20014.59;0
20000,0.58,20014.61;0
20000,0.58,20014.61;0
20000,0.58,20014.63;0
20000,0.58,20014.64;0
20000,0.58,20014.64;0
20000,0.58,20014.66;0
20000,0.58,20014.66;0
20000,0.58,20014.68;0
20000,0.58,20014.7;0
20000,0.58,20014.71;0
20000,0.58,20014.73;0
20000,0.58,20014.75;0
20000,0.58,20014.75;0
20000,0.58,20014.75;0
20000,0.58,20014.75;0
20000,0.58,20014.75;0
20000,0.58,20014.77;0
20000,0.58,20014.79;0
20000,0.58,20014.79;0
20000,0.58,20014.79;0
20000,0.58,20014.79;0
20000,0.58,20014.79;0
20000,0.58,20014.79;0
20000,0.58,20014.8;0
20000,0.58,20014.8;0
20000,0.58,20014.8;0
20000,0.58,20014.8;0
20000,0.58,20014.8;0
20000,0.58,20014.82;0
20000,0.58,20014.84;0
20000,0.58,20014.84;0
20000,0.58,20014.84;0
20000,0.58,20014.86;0
20000,0.58,20014.86;0
20000,0.58,20014.87;0
20000,0.58,20014.87;0
20000,0.58,20014.87;0
20000,0.58,20014.87;0
20000,0.58,20014.87;0
20000,0.58,20014.87;0
20000,0.58,20014.87;0
20000,0.58,20014.87;0
20000,0.58,20014.87;0
20000,0.58,20014.87;0
20000,0.58,20014.87;0
20000,0.58,20014.87;0
20000,0.58,20014.87;0
20000,0.58,20014.87;0
20000,0.58,20014.87;0
20000,0.58,20014.87;0
20000,0.58,20014.87;0
20000,0.58,20014.87;0
20000,0.58,20014.87;0
20000,0.58,20014.87;0
20000,0.58,20014.87;0
20000,0.58,20014.87;0
20000,0.58,20014.87;0
20000,0.58,20014.87;0
20000,0.58,20014.87;0
20000,0.58,20014.87;0
20000,0.58,20014.87;0
20000,0.58,20014.87;0
20000,0.58,20014.87;0
20000,0.58,20014.87;0
20000,0.58,20014.87;0
20000,0.58,20014.87;0
20000,0.58,20014.87;0
20000,0.58,20014.87;0
20000,0.58,20014.87;0
20000,0.58,20014.87;0
20000,0.58,20014.87;0
20000,0.58,20014.87;0
20000,0.58,20014.87;0
20000,0.58,20014.87;0
20000,0.58,20014.87;0
20000,0.58,20014.87;0
20000,0.58,20014.87;0
20000,0.58,20014.87;0
20000,0.58,20014.87;0
20000,0.58,20014.87;0
20000,0.58,20014.87;0
20000,0.58,20014.87;0
20000,0.58,20014.87;0
20000,0.58,20014.87;0
20000,0.58,20014.87;0
20000,0.58,20014.87;0
20000,0.58,20014.87;0
20000,0.58,20014.87;0
20000,0.58,20014.87;0
20000,0.58,20014.87;0
20000,0.58,20014.87;0
20000,0.58,20014.87;0
20000,0.58,20014.87;0
20000,0.58,20014.87;0
20000,0.58,20014.87;0
20000,0.58,20014.87;0
20000,0.58,20014.87;0
20000,0.58,20014.87;0
20000,0.58,20014.87;0
20000,0.58,20014.87;0
20000,0.58,20014.87;0
20000,0.58,20014.88;0
20000,0.58,20014.88;0
20000,0.58,20014.89;0
20000,0.58,20014.89;0
20000,0.58,20014.89;0
20000,0.58,20014.88;0
20000,0.58,20014.88;0
20000,0.58,20014.88;0
20000,0.58,20014.88;0
20000,0.58,20014.88;0
20000,0.58,20014.88;0
20000,0.58,20014.88;0
20000,0.58,20014.88;0
20000,0.58,20014.88;0
20000,0.58,20014.88;0
20000,0.58,20014.88;0
20000,0.58,20014.88;0
20000,0.58,20014.88;0
20000,0.58,20014.88;0
20000,0.58,20014.88;0
20000,0.58,20014.88;0
20000,0.58,20014.88;0
20000,0.58,20014.88;0
20000,0.58,20014.88;0
20000,0.58,20014.88;0
20000,0.58,20014.88;0
20000,0.58,20014.88;0
20000,0.58,20014.87;0
20000,0.58,20014.87;0
20000,0.58,20014.85;0
20000,0.58,20014.85;0
20000,0.58,20014.83;0
20000,0.58,20014.81;0
20000,0.58,20014.81;0
20000,0.58,20014.79;0
20000,0.58,20014.76;0
20000,0.58,20014.73;0
20000,0.58,20014.73;0
20000,0.58,20014.71;0
20000,0.58,20014.68;0
20000,0.58,20014.68;0
20000,0.58,20014.65;0
20000,0.58,20014.65;0
20000,0.58,20014.62;0
20000,0.58,20014.59;0
20000,0.58,20014.56;0
20000,0.58,20014.56;0
20000,0.58,20014.53;0
20000,0.58,20014.53;0
20000,0.58,20014.5;0
20000,0.58,20014.46;0
20000,0.58,20014.43;0
20000,0.58,20014.43;0
20000,0.58,20014.39;0
20000,0.58,20014.39;0
20000,0.58,20014.35;0
20000,0.58,20014.31;0
20000,0.58,20014.31;0
20000,0.58,20014.28;0
20000,0.58,20014.24;0
20000,0.58,20014.2;0
20000,0.58,20014.2;0
20000,0.58,20014.16;0
20000,0.58,20014.16;0
20000,0.58,20014.12;0
20000,0.58,20014.07;0
20000,0.58,20014.07;0
20000,0.58,20014.03;0
20000,0.58,20013.99;0
20000,0.58,20013.94;0
20000,0.58,20013.94;0
20000,0.58,20013.9;0
20000,0.58,20013.85;0
20000,0.58,20013.85;0
20000,0.58,20013.81;0
20000,0.58,20013.76;0
20000,0.58,20013.76;0
20000,0.58,20013.72;0
20000,0.58,20013.67;0
20000,0.58,20013.67;0
20000,0.58,20013.63;0
20000,0.58,20013.58;0
20000,0.58,20013.58;0
20000,0.58,20013.54;0
20000,0.58,20013.49;0
20000,0.58,20013.49;0
20000,0.58,20013.49;0
20000,0.58,20013.49;0
20000,0.58,20013.49;0
20000,0.58,20013.49;0
20000,0.58,20013.49;0
20000,0.58,20013.49;0
20000,0.58,20013.49;0
20000,0.58,20013.49;0
20000,0.58,20013.49;0
20000,0.58,20013.49;0
20000,0.58,20013.49;0
20000,0.58,20013.49;0
20000,0.58,20013.49;0
20000,0.58,20013.45;0
20000,0.58,20013.45;0
20000,0.58,20013.4;0
20000,0.58,20013.4;0
20000,0.58,20013.4;0
20000,0.58,20013.4;0
20000,0.58,20013.4;0
20000,0.58,20013.4;0
20000,0.58,20013.4;0
20000,0.58,20013.4;0
20000,0.58,20013.4;0
20000,0.58,20013.4;0
20000,0.58,20013.4;0
20000,0.58,20013.4;0
20000,0.58,20013.4;0
20000,0.58,20013.4;0
20000,0.58,20013.4;0
20000,0.58,20013.4;0
20000,0.58,20013.4;0
20000,0.58,20013.4;0
20000,0.58,20013.4;0
20000,0.58,20013.4;0
20000,0.58,20013.4;0
20000,0.58,20013.4;0
20000,0.58,20013.4;0
20000,0.58,20013.4;0
20000,0.58,20013.4;0
20000,0.58,20013.4;0
20000,0.58,20013.4;0
20000,0.58,20013.4;0
20000,0.58,20013.4;0
20000,0.58,20013.4;0
20000,0.58,20013.4;0
20000,0.58,20013.4;0
20000,0.58,20013.4;0
20000,0.58,20013.4;0
20000,0.58,20013.4;0
20000,0.58,20013.4;0
20000,0.58,20013.4;0
20000,0.58,20013.4;0
20000,0.58,20013.4;0
20000,0.58,20013.4;0
20000,0.58,20013.4;0
20000,0.58,20013.4;0
20000,0.58,20013.4;0
20000,0.58,20013.4;0
20000,0.58,20013.4;0
20000,0.58,20013.4;0
20000,0.58,20013.4;0
20000,0.58,20013.4;0
20000,0.58,20013.4;0
20000,0.58,20013.4;0
20000,0.58,20013.4;0
20000,0.58,20013.4;0
20000,0.58,20013.4;0
20000,0.58,20013.4;0
20000,0.58,20013.36;0
20000,0.58,20013.36;0
20000,0.58,20013.36;0
20000,0.58,20013.36;0
20000,0.58,20013.36;0
20000,0.58,20013.36;0
20000,0.58,20013.36;0
20000,0.58,20013.36;0
20000,0.58,20013.36;0
20000,0.58,20013.36;0
20000,0.58,20013.36;0
20000,0.58,20013.36;0
20000,0.58,20013.36;0
20000,0.58,20013.36;0
20000,0.58,20013.36;0
20000,0.58,20013.36;0
20000,0.58,20013.36;0
20000,0.58,20013.36;0
20000,0.58,20013.36;0
20000,0.58,20013.36;0
20000,0.58,20013.36;0
20000,0.58,20013.36;0
20000,0.58,20013.36;0
20000,0.58,20013.36;0
20000,0.58,20013.32;0
20000,0.58,20013.32;0
20000,0.58,20013.29;0
20000,0.58,20013.26;0
20000,0.58,20013.26;0
20000,0.58,20013.23;0
20000,0.58,20013.2;0
20000,0.58,20013.2;0
20000,0.58,20013.17;0
20000,0.58,20013.14;0
20000,0.58,20013.14;0
20000,0.58,20013.11;0
20000,0.58,20013.08;0
20000,0.58,20013.08;0
20000,0.58,20013.05;0
20000,0.58,20013.02;0
20000,0.58,20013.02;0
20000,0.58,20012.99;0
20000,0.58,20012.96;0
20000,0.58,20012.96;0
20000,0.58,20012.93;0
20000,0.58,20012.9;0
20000,0.58,20012.9;0
20000,0.58,20012.87;0
20000,0.58,20012.87;0
20000,0.58,20012.84;0
20000,0.58,20012.81;0
20000,0.58,20012.81;0
20000,0.58,20012.79;0
20000,0.58,20012.75;0
20000,0.58,20012.75;0
20000,0.58,20012.72;0
20000,0.58,20012.72;0
20000,0.58,20012.69;0
20000,0.58,20012.66;0
20000,0.58,20012.63;0
20000,0.58,20012.6;0
20000,0.58,20012.57;0
20000,0.58,20012.57;0
20000,0.58,20012.54;0
20000,0.58,20012.54;0
20000,0.58,20012.51;0
20000,0.58,20012.47;0
20000,0.58,20012.44;0
20000,0.58,20012.44;0
20000,0.58,20012.41;0
20000,0.58,20012.38;0
20000,0.58,20012.38;0
20000,0.58,20012.34;0
20000,0.58,20012.31;0
20000,0.58,20012.31;0
20000,0.58,20012.28;0
20000,0.58,20012.24;0
20000,0.58,20012.24;0
20000,0.58,20012.21;0
20000,0.58,20012.17;0
20000,0.58,20012.17;0
20000,0.58,20012.14;0
20000,0.58,20012.1;0
20000,0.58,20012.06;0
20000,0.58,20012.06;0
20000,0.58,20012.03;0
20000,0.58,20011.99;0
20000,0.58,20011.99;0
20000,0.58,20011.95;0
20000,0.58,20011.95;0
20000,0.58,20011.91;0
20000,0.58,20011.87;0
20000,0.58,20011.83;0
20000,0.58,20011.83;0
20000,0.58,20011.79;0
20000,0.58,20011.79;0
20000,0.58,20011.76;0
20000,0.58,20011.71;0
20000,0.58,20011.71;0
20000,0.58,20011.67;0
20000,0.58,20011.63;0
20000,0.58,20011.63;0
20000,0.58,20011.59;0
20000,0.58,20011.55;0
20000,0.58,20011.55;0
20000,0.58,20011.51;0
20000,0.58,20011.47;0
20000,0.58,20011.47;0
20000,0.58,20011.43;0
20000,0.58,20011.43;0
20000,0.58,20011.38;0
20000,0.58,20011.38;0
20000,0.58,20011.38;0
20000,0.58,20011.38;0
20000,0.58,20011.38;0
20000,0.58,20011.38;0
20000,0.58,20011.38;0
20000,0.58,20011.38;0
20000,0.58,20011.38;0
20000,0.58,20011.38;0
20000,0.58,20011.38;0
20000,0.58,20011.38;0
20000,0.58,20011.38;0
20000,0.58,20011.38;0
20000,0.58,20011.38;0
20000,0.58,20011.38;0
20000,0.58,20011.38;0
20000,0.58,20011.38;0
20000,0.58,20011.38;0
20000,0.58,20011.38;0
20000,0.58,20011.38;0
20000,0.58,20011.38;0
20000,0.58,20011.38;0
20000,0.58,20011.38;0
20000,0.58,20011.38;0
20000,0.58,20011.38;0
20000,0.58,20011.38;0
20000,0.58,20011.38;0
20000,0.58,20011.38;0
20000,0.58,20011.38;0
20000,0.58,20011.38;0
20000,0.58,20011.38;0
20000,0.58,20011.38;0
20000,0.58,20011.38;0
20000,0.58,20011.38;0
20000,0.58,20011.38;0
20000,0.58,20011.38;0
20000,0.58,20011.38;0
20000,0.58,20011.38;0
20000,0.58,20011.38;0
20000,0.58,20011.38;0
20000,0.58,20011.38;0
20000,0.58,20011.38;0
20000,0.58,20011.38;0
20000,0.58,20011.38;0
20000,0.58,20011.38;0
20000,0.58,20011.38;0
20000,0.58,20011.38;0
20000,0.58,20011.38;0
20000,0.58,20011.38;0
20000,0.58,20011.38;0
20000,0.58,20011.38;0
20000,0.58,20011.38;0
20000,0.58,20011.38;0
20000,0.58,20011.38;0
20000,0.58,20011.38;0
20000,0.58,20011.34;0
20000,0.58,20011.34;0
20000,0.58,20011.29;0
20000,0.58,20011.29;0
20000,0.58,20011.29;0
20000,0.58,20011.24;0
20000,0.58,20011.24;0
20000,0.58,20011.18;0
20000,0.58,20011.18;0
20000,0.58,20011.18;0
20000,0.58,20011.18;0
20000,0.58,20011.18;0
20000,0.58,20011.18;0
20000,0.58,20011.18;0
20000,0.58,20011.18;0
20000,0.58,20011.18;0
20000,0.58,20011.18;0
20000,0.58,20011.18;0
20000,0.58,20011.18;0
20000,0.58,20011.18;0
20000,0.58,20011.18;0
20000,0.58,20011.18;0
20000,0.58,20011.18;0
20000,0.58,20011.18;0
20000,0.58,20011.18;0
20000,0.58,20011.18;0
20000,0.58,20011.18;0
20000,0.58,20011.18;0
20000,0.58,20011.18;0
20000,0.58,20011.18;0
20000,0.58,20011.18;0
20000,0.58,20011.18;0
20000,0.58,20011.12;0
20000,0.58,20011.05;0
20000,0.58,20011.05;0
20000,0.58,20010.97;0
20000,0.58,20010.89;0
20000,0.58,20010.81;0
20000,0.58,20010.81;0
20000,0.58,20010.73;0
20000,0.58,20010.64;0
20000,0.58,20010.64;0
20000,0.58,20010.56;0
20000,0.58,20010.47;0
20000,0.58,20010.47;0
20000,0.58,20010.39;0
20000,0.58,20010.39;0
20000,0.58,20010.3;0
20000,0.58,20010.21;0
20000,0.58,20010.13;0
20000,0.58,20010.13;0
20000,0.58,20010.04;0
20000,0.58,20009.95;0
20000,0.58,20009.95;0
20000,0.58,20009.87;0
20000,0.58,20009.79;0
20000,0.58,20009.79;0
20000,0.58,20009.71;0
20000,0.58,20009.63;0
20000,0.58,20009.63;0
20000,0.58,20009.56;0
20000,0.58,20009.48;0
20000,0.58,20009.48;0
20000,0.58,20009.41;0
20000,0.58,20009.33;0
20000,0.58,20009.26;0
20000,0.58,20009.26;0
20000,0.58,20009.2;0
20000,0.58,20009.2;0
20000,0.58,20009.13;0
20000,0.58,20009.07;0
20000,0.58,20009.01;0
20000,0.58,20008.95;0
20000,0.58,20008.95;0
20000,0.58,20008.89;0
20000,0.58,20008.89;0
20000,0.58,20008.89;0
20000,0.58,20008.89;0
20000,0.58,20008.89;0
20000,0.58,20008.89;0
20000,0.58,20008.89;0
20000,0.58,20008.89;0
20000,0.58,20008.89;0
20000,0.58,20008.89;0
20000,0.58,20008.89;0
20000,0.58,20008.89;0
20000,0.58,20008.89;0
20000,0.58,20008.89;0
20000,0.58,20008.89;0
20000,0.58,20008.89;0
20000,0.58,20008.89;0
20000,0.58,20008.89;0
20000,0.58,20008.89;0
20000,0.58,20008.89;0
20000,0.58,20008.89;0
20000,0.58,20008.89;0
20000,0.58,20008.89;0
20000,0.58,20008.89;0
20000,0.58,20008.89;0
20000,0.58,20008.89;0
20000,0.58,20008.89;0
20000,0.58,20008.89;0
20000,0.58,20008.89;0
20000,0.58,20008.89;0
20000,0.58,20008.89;0
20000,0.58,20008.89;0
20000,0.58,20008.89;0
20000,0.58,20008.89;0
20000,0.58,20008.89;0
20000,0.58,20008.89;0
20000,0.58,20008.89;0
20000,0.58,20008.89;0
20000,0.58,20008.89;0
20000,0.58,20008.89;0
20000,0.58,20008.89;0
20000,0.58,20008.89;0
20000,0.58,20008.89;0
20000,0.58,20008.89;0
20000,0.58,20008.89;0
20000,0.58,20008.89;0
20000,0.58,20008.89;0
20000,0.58,20008.89;0
20000,0.58,20008.89;0
20000,0.58,20008.89;0
20000,0.58,20008.89;0
20000,0.58,20008.89;0
20000,0.58,20008.89;0
20000,0.58,20008.89;0
20000,0.58,20008.89;0
20000,0.58,20008.89;0
20000,0.58,20008.89;0
20000,0.58,20008.89;0
20000,0.58,20008.89;0
20000,0.58,20008.89;0
20000,0.58,20008.89;0
20000,0.58,20008.89;0
20000,0.58,20008.89;0
20000,0.58,20008.89;0
20000,0.58,20008.89;0
20000,0.58,20008.89;0
20000,0.58,20008.89;0
20000,0.58,20008.89;0
20000,0.58,20008.89;0
20000,0.58,20008.89;0
20000,0.58,20008.89;0
20000,0.58,20008.89;0
20000,0.58,20008.89;0
20000,0.58,20008.89;0
20000,0.58,20008.89;0
20000,0.58,20008.89;0
20000,0.58,20008.89;0
20000,0.58,20008.89;0
20000,0.58,20008.89;0
20000,0.58,20008.89;0
20000,0.58,20008.84;0
20000,0.58,20008.81;0
20000,0.58,20008.81;0
20000,0.58,20008.78;0
20000,0.58,20008.77;0
20000,0.58,20008.77;0
20000,0.58,20008.76;0
20000,0.58,20008.76;0
20000,0.58,20008.76;0
20000,0.58,20008.76;0
20000,0.58,20008.76;0
20000,0.58,20008.76;0
20000,0.58,20008.76;0
20000,0.58,20008.76;0
20000,0.58,20008.76;0
20000,0.58,20008.76;0
20000,0.58,20008.76;0
20000,0.58,20008.76;0
20000,0.58,20008.76;0
20000,0.58,20008.76;0
20000,0.58,20008.76;0
20000,0.58,20008.77;0
20000,0.58,20008.77;0
20000,0.58,20008.77;0
20000,0.58,20008.77;0
20000,0.58,20008.77;0
20000,0.58,20008.76;0
20000,0.58,20008.76;0
20000,0.58,20008.76;0
20000,0.58,20008.76;0
20000,0.58,20008.76;0
20000,0.58,20008.77;0
20000,0.58,20008.77;0
20000,0.58,20008.77;0
20000,0.58,20008.77;0
20000,0.58,20008.76;0
20000,0.58,20008.76;0
20000,0.58,20008.76;0
20000,0.58,20008.76;0
20000,0.58,20008.75;0
20000,0.58,20008.75;0
20000,0.58,20008.75;0
20000,0.58,20008.75;0
20000,0.58,20008.75;0
20000,0.58,20008.74;0
20000,0.58,20008.74;0
20000,0.58,20008.73;0
20000,0.58,20008.73;0
20000,0.58,20008.72;0
20000,0.58,20008.71;0
20000,0.58,20008.71;0
20000,0.58,20008.7;0
20000,0.58,20008.69;0
20000,0.58,20008.69;0
20000,0.58,20008.68;0
20000,0.58,20008.67;0
20000,0.58,20008.67;0
20000,0.58,20008.65;0
20000,0.58,20008.65;0
20000,0.58,20008.64;0
20000,0.58,20008.63;0
20000,0.58,20008.63;0
20000,0.58,20008.61;0
20000,0.58,20008.6;0
20000,0.58,20008.6;0
20000,0.58,20008.58;0
20000,0.58,20008.56;0
20000,0.58,20008.56;0
20000,0.58,20008.54;0
20000,0.58,20008.52;0
20000,0.58,20008.5;0
20000,0.58,20008.48;0
20000,0.58,20008.48;0
20000,0.58,20008.46;0
20000,0.58,20008.44;0
20000,0.58,20008.44;0
20000,0.58,20008.41;0
20000,0.58,20008.39;0
20000,0.58,20008.39;0
20000,0.58,20008.37;0
20000,0.58,20008.37;0
20000,0.58,20008.35;0
20000,0.58,20008.33;0
20000,0.58,20008.33;0
20000,0.58,20008.3;0
20000,0.58,20008.28;0
20000,0.58,20008.28;0
20000,0.58,20008.28;0
20000,0.58,20008.28;0
20000,0.58,20008.28;0
20000,0.58,20008.28;0
20000,0.58,20008.28;0
20000,0.58,20008.25;0
20000,0.58,20008.25;0
20000,0.58,20008.25;0
20000,0.58,20008.25;0
20000,0.58,20008.22;0
20000,0.58,20008.22;0
20000,0.58,20008.22;0
20000,0.58,20008.22;0
20000,0.58,20008.22;0
20000,0.58,20008.22;0
20000,0.58,20008.22;0
20000,0.58,20008.22;0
20000,0.58,20008.22;0
20000,0.58,20008.22;0
20000,0.58,20008.22;0
20000,0.58,20008.22;0
20000,0.58,20008.22;0
20000,0.58,20008.22;0
20000,0.58,20008.22;0
20000,0.58,20008.22;0
20000,0.58,20008.22;0
20000,0.58,20008.2;0
20000,0.58,20008.2;0
20000,0.58,20008.2;0
20000,0.58,20008.2;0
20000,0.58,20008.2;0
20000,0.58,20008.2;0
20000,0.58,20008.2;0
20000,0.58,20008.2;0
20000,0.58,20008.2;0
20000,0.58,20008.2;0
20000,0.58,20008.2;0
20000,0.58,20008.2;0
20000,0.58,20008.2;0
20000,0.58,20008.2;0
20000,0.58,20008.2;0
20000,0.58,20008.2;0
20000,0.58,20008.2;0
20000,0.58,20008.2;0
20000,0.58,20008.2;0
20000,0.58,20008.2;0
20000,0.58,20008.2;0
20000,0.58,20008.2;0
20000,0.58,20008.2;0
20000,0.58,20008.2;0
20000,0.58,20008.2;0
20000,0.58,20008.2;0
20000,0.58,20008.2;0
20000,0.58,20008.2;0
20000,0.58,20008.17;0
20000,0.58,20008.14;0
20000,0.58,20008.14;0
20000,0.58,20008.14;0
20000,0.58,20008.14;0
20000,0.58,20008.14;0
20000,0.58,20008.14;0
20000,0.58,20008.14;0
20000,0.58,20008.14;0
20000,0.58,20008.14;0
20000,0.58,20008.14;0
20000,0.58,20008.14;0
20000,0.58,20008.14;0
20000,0.58,20008.14;0
20000,0.58,20008.14;0
20000,0.58,20008.14;0
20000,0.58,20008.14;0
20000,0.58,20008.14;0
20000,0.58,20008.14;0
20000,0.58,20008.14;0
20000,0.58,20008.14;0
20000,0.58,20008.14;0
20000,0.58,20008.14;0
20000,0.58,20008.14;0
20000,0.58,20008.14;0
20000,0.58,20008.14;0
20000,0.58,20008.14;0
20000,0.58,20008.14;0
20000,0.58,20008.14;0
20000,0.58,20008.14;0
20000,0.58,20008.14;0
20000,0.58,20008.14;0
20000,0.58,20008.14;0
20000,0.58,20008.14;0
20000,0.58,20008.14;0
20000,0.58,20008.14;0
20000,0.58,20008.14;0
20000,0.58,20008.14;0
20000,0.58,20008.14;0
20000,0.58,20008.14;0
20000,0.58,20008.14;0
20000,0.58,20008.14;0
20000,0.58,20008.14;0
20000,0.58,20008.14;0
20000,0.58,20008.14;0
20000,0.58,20008.14;0
20000,0.58,20008.14;0
20000,0.58,20008.14;0
20000,0.58,20008.14;0
20000,0.58,20008.14;0
20000,0.58,20008.14;0
20000,0.58,20008.14;0
20000,0.58,20008.14;0
20000,0.58,20008.14;0
20000,0.58,20008.14;0
20000,0.58,20008.14;0
20000,0.58,20008.14;0
20000,0.58,20008.14;0
20000,0.58,20008.14;0
20000,0.58,20008.14;0
20000,0.58,20008.14;0
20000,0.58,20008.11;0
20000,0.58,20008.11;0
20000,0.58,20008.07;0
20000,0.58,20008.03;0
20000,0.58,20008.03;0
20000,0.58,20007.99;0
20000,0.58,20007.95;0
20000,0.58,20007.91;0
20000,0.58,20007.87;0
20000,0.58,20007.83;0
20000,0.58,20007.83;0
20000,0.58,20007.79;0
20000,0.58,20007.76;0
20000,0.58,20007.76;0
20000,0.58,20007.72;0
20000,0.58,20007.72;0
20000,0.58,20007.69;0
20000,0.58,20007.69;0
20000,0.58,20007.69;0
20000,0.58,20007.69;0
20000,0.58,20007.69;0
20000,0.58,20007.65;0
20000,0.58,20007.62;0
20000,0.58,20007.62;0
20000,0.58,20007.58;0
20000,0.58,20007.55;0
20000,0.58,20007.55;0
20000,0.58,20007.55;0
20000,0.58,20007.55;0
20000,0.58,20007.55;0
20000,0.58,20007.55;0
20000,0.58,20007.55;0
20000,0.58,20007.55;0
20000,0.58,20007.55;0
20000,0.58,20007.55;0
20000,0.58,20007.55;0
20000,0.58,20007.55;0
20000,0.58,20007.55;0
20000,0.58,20007.55;0
20000,0.58,20007.55;0
20000,0.58,20007.55;0
20000,0.58,20007.55;0
20000,0.58,20007.55;0
20000,0.58,20007.55;0
20000,0.58,20007.55;0
20000,0.58,20007.55;0
20000,0.58,20007.55;0
20000,0.58,20007.55;0
20000,0.58,20007.55;0
20000,0.58,20007.55;0
20000,0.58,20007.55;0
20000,0.58,20007.55;0
20000,0.58,20007.55;0
20000,0.58,20007.55;0
20000,0.58,20007.55;0
20000,0.58,20007.55;0
20000,0.58,20007.55;0
20000,0.58,20007.55;0
20000,0.58,20007.55;0
20000,0.58,20007.55;0
20000,0.58,20007.55;0
20000,0.58,20007.55;0
20000,0.58,20007.55;0
20000,0.58,20007.55;0
20000,0.58,20007.55;0
20000,0.58,20007.55;0
20000,0.58,20007.55;0
20000,0.58,20007.55;0
20000,0.58,20007.55;0
20000,0.58,20007.55;0
20000,0.58,20007.55;0
20000,0.58,20007.55;0
20000,0.58,20007.55;0
20000,0.58,20007.55;0
20000,0.58,20007.55;0
20000,0.58,20007.55;0
20000,0.58,20007.55;0
20000,0.58,20007.55;0
20000,0.58,20007.55;0
20000,0.58,20007.55;0
20000,0.58,20007.55;0
20000,0.58,20007.55;0
20000,0.58,20007.55;0
20000,0.58,20007.55;0
20000,0.58,20007.55;0
20000,0.58,20007.55;0
20000,0.58,20007.55;0
20000,0.58,20007.55;0
20000,0.58,20007.55;0
20000,0.58,20007.55;0
20000,0.58,20007.55;0
20000,0.58,20007.55;0
20000,0.58,20007.55;0
20000,0.58,20007.55;0
20000,0.58,20007.55;0
20000,0.58,20007.55;0
20000,0.58,20007.55;0
20000,0.58,20007.55;0
20000,0.58,20007.53;0
20000,0.58,20007.5;0
20000,0.58,20007.5;0
20000,0.58,20007.48;0
20000,0.58,20007.46;0
20000,0.58,20007.44;0
20000,0.58,20007.44;0
20000,0.58,20007.42;0
20000,0.58,20007.42;0
20000,0.58,20007.4;0
20000,0.58,20007.38;0
20000,0.58,20007.38;0
20000,0.58,20007.36;0
20000,0.58,20007.34;0
20000,0.58,20007.34;0
20000,0.58,20007.32;0
20000,0.58,20007.32;0
20000,0.58,20007.3;0
20000,0.58,20007.28;0
20000,0.58,20007.25;0
20000,0.58,20007.25;0
20000,0.58,20007.23;0
20000,0.58,20007.21;0
20000,0.58,20007.21;0
20000,0.58,20007.19;0
20000,0.58,20007.19;0
20000,0.58,20007.16;0
20000,0.58,20007.14;0
20000,0.58,20007.14;0
20000,0.58,20007.12;0
20000,0.58,20007.09;0
20000,0.58,20007.09;0
20000,0.58,20007.06;0
20000,0.58,20007.04;0
20000,0.58,20007.04;0
20000,0.58,20007.01;0
20000,0.58,20006.99;0
20000,0.58,20006.99;0
20000,0.58,20006.96;0
20000,0.58,20006.94;0
20000,0.58,20006.94;0
20000,0.58,20006.91;0
20000,0.58,20006.88;0
20000,0.58,20006.88;0
20000,0.58,20006.85;0
20000,0.58,20006.82;0
20000,0.58,20006.82;0
20000,0.58,20006.79;0
20000,0.58,20006.76;0
20000,0.58,20006.76;0
20000,0.58,20006.72;0
20000,0.58,20006.69;0
20000,0.58,20006.69;0
20000,0.58,20006.66;0
20000,0.58,20006.62;0
20000,0.58,20006.59;0
20000,0.58,20006.59;0
20000,0.58,20006.55;0
20000,0.58,20006.55;0
20000,0.58,20006.51;0
20000,0.58,20006.47;0
20000,0.58,20006.47;0
20000,0.58,20006.43;0
20000,0.58,20006.43;0
20000,0.58,20006.39;0
20000,0.58,20006.35;0
20000,0.58,20006.31;0
20000,0.58,20006.31;0
20000,0.58,20006.27;0
20000,0.58,20006.22;0
20000,0.58,20006.18;0
20000,0.58,20006.18;0
20000,0.58,20006.14;0
20000,0.58,20006.09;0
20000,0.58,20006.09;0
20000,0.58,20006.04;0
20000,0.58,20006;0
20000,0.58,20006;0
20000,0.58,20005.95;0
20000,0.58,20005.91;0
20000,0.58,20005.91;0
20000,0.58,20005.86;0
20000,0.58,20005.81;0
20000,0.58,20005.81;0
20000,0.58,20005.76;0
20000,0.58,20005.71;0
20000,0.58,20005.71;0
20000,0.58,20005.66;0
20000,0.58,20005.6;0
20000,0.58,20005.6;0
20000,0.58,20005.55;0
20000,0.58,20005.55;0
20000,0.58,20005.55;0
20000,0.58,20005.55;0
20000,0.58,20005.55;0
20000,0.58,20005.55;0
20000,0.58,20005.55;0
20000,0.58,20005.5;0
20000,0.58,20005.5;0
20000,0.58,20005.44;0
20000,0.58,20005.39;0
20000,0.58,20005.39;0
20000,0.58,20005.39;0
20000,0.58,20005.39;0
20000,0.58,20005.39;0
20000,0.58,20005.39;0
20000,0.58,20005.39;0
20000,0.58,20005.39;0
20000,0.58,20005.33;0
20000,0.58,20005.33;0
20000,0.58,20005.33;0
20000,0.58,20005.33;0
20000,0.58,20005.33;0
20000,0.58,20005.33;0
20000,0.58,20005.33;0
20000,0.58,20005.33;0
20000,0.58,20005.33;0
20000,0.58,20005.33;0
20000,0.58,20005.33;0
20000,0.58,20005.33;0
20000,0.58,20005.33;0
20000,0.58,20005.33;0
20000,0.58,20005.33;0
20000,0.58,20005.33;0
20000,0.58,20005.33;0
20000,0.58,20005.33;0
20000,0.58,20005.33;0
20000,0.58,20005.33;0
20000,0.58,20005.33;0
20000,0.58,20005.33;0
20000,0.58,20005.33;0
20000,0.58,20005.33;0
20000,0.58,20005.33;0
20000,0.58,20005.33;0
20000,0.58,20005.33;0
20000,0.58,20005.33;0
20000,0.58,20005.33;0
20000,0.58,20005.33;0
20000,0.58,20005.33;0
20000,0.58,20005.33;0
20000,0.58,20005.33;0
20000,0.58,20005.33;0
20000,0.58,20005.33;0
20000,0.58,20005.33;0
20000,0.58,20005.33;0
20000,0.58,20005.33;0
20000,0.58,20005.33;0
20000,0.58,20005.33;0
20000,0.58,20005.33;0
20000,0.58,20005.33;0
20000,0.58,20005.33;0
20000,0.58,20005.33;0
20000,0.58,20005.33;0
20000,0.58,20005.33;0
20000,0.58,20005.33;0
20000,0.58,20005.33;0
20000,0.58,20005.33;0
20000,0.58,20005.33;0
20000,0.58,20005.33;0
20000,0.58,20005.33;0
20000,0.58,20005.33;0
20000,0.58,20005.33;0
20000,0.58,20005.33;0
20000,0.58,20005.33;0
20000,0.58,20005.33;0
20000,0.58,20005.33;0
20000,0.58,20005.33;0
20000,0.58,20005.33;0
20000,0.58,20005.33;0
20000,0.58,20005.33;0
20000,0.58,20005.33;0
20000,0.58,20005.33;0
20000,0.58,20005.33;0
20000,0.58,20005.28;0
20000,0.58,20005.22;0
20000,0.58,20005.17;0
20000,0.58,20005.13;0
20000,0.58,20005.13;0
20000,0.58,20005.08;0
20000,0.58,20005.08;0
20000,0.58,20005.08;0
20000,0.58,20005.04;0
20000,0.58,20005.04;0
20000,0.58,20004.99;0
20000,0.58,20004.95;0
20000,0.58,20004.95;0
20000,0.58,20004.9;0
20000,0.58,20004.86;0
20000,0.58,20004.86;0
20000,0.58,20004.81;0
20000,0.58,20004.77;0
20000,0.58,20004.72;0
20000,0.58,20004.68;0
20000,0.58,20004.63;0
20000,0.58,20004.63;0
20000,0.58,20004.58;0
20000,0.58,20004.53;0
20000,0.58,20004.49;0
20000,0.58,20004.49;0
20000,0.58,20004.45;0
20000,0.58,20004.41;0
20000,0.58,20004.38;0
20000,0.58,20004.38;0
20000,0.58,20004.36;0
20000,0.58,20004.33;0
20000,0.58,20004.33;0
20000,0.58,20004.3;0
20000,0.58,20004.28;0
20000,0.58,20004.28;0
20000,0.58,20004.27;0
20000,0.58,20004.26;0
20000,0.58,20004.26;0
20000,0.58,20004.26;0
20000,0.58,20004.25;0
20000,0.58,20004.24;0
20000,0.58,20004.24;0
20000,0.58,20004.23;0
20000,0.58,20004.22;0
20000,0.58,20004.22;0
20000,0.58,20004.21;0
20000,0.58,20004.21;0
20000,0.58,20004.2;0
20000,0.58,20004.2;0
20000,0.58,20004.19;0
20000,0.58,20004.19;0
20000,0.58,20004.19;0
20000,0.58,20004.18;0
20000,0.58,20004.17;0
20000,0.58,20004.17;0
20000,0.58,20004.16;0
20000,0.58,20004.15;0
20000,0.58,20004.14;0
20000,0.58,20004.13;0
20000,0.58,20004.13;0
20000,0.58,20004.11;0
20000,0.58,20004.09;0
20000,0.58,20004.09;0
20000,0.58,20004.08;0
20000,0.58,20004.08;0
20000,0.58,20004.07;0
20000,0.58,20004.06;0
20000,0.58,20004.07;0
20000,0.58,20004.07;0
20000,0.58,20004.08;0
20000,0.58,20004.09;0
20000,0.58,20004.09;0
20000,0.58,20004.11;0
20000,0.58,20004.11;0
20000,0.58,20004.13;0
20000,0.58,20004.14;0
20000,0.58,20004.16;0
20000,0.58,20004.16;0
20000,0.58,20004.18;0
20000,0.58,20004.2;0
20000,0.58,20004.2;0
20000,0.58,20004.21;0
20000,0.58,20004.23;0
20000,0.58,20004.23;0
20000,0.58,20004.25;0
20000,0.58,20004.26;0
20000,0.58,20004.28;0
20000,0.58,20004.28;0
20000,0.58,20004.29;0
20000,0.58,20004.31;0
20000,0.58,20004.33;0
20000,0.58,20004.33;0
20000,0.58,20004.35;0
20000,0.58,20004.37;0
20000,0.58,20004.37;0
20000,0.58,20004.38;0
20000,0.58,20004.38;0
20000,0.58,20004.4;0
20000,0.58,20004.4;0
20000,0.58,20004.42;0
20000,0.58,20004.44;0
20000,0.58,20004.44;0
20000,0.58,20004.46;0
20000,0.58,20004.47;0
20000,0.58,20004.49;0
20000,0.58,20004.51;0
20000,0.58,20004.53;0
20000,0.58,20004.53;0
20000,0.58,20004.54;0
20000,0.58,20004.56;0
20000,0.58,20004.56;0
20000,0.58,20004.58;0
20000,0.58,20004.58;0
20000,0.58,20004.6;0
20000,0.58,20004.62;0
20000,0.58,20004.62;0
20000,0.58,20004.63;0
20000,0.58,20004.65;0
20000,0.58,20004.65;0
20000,0.58,20004.67;0
20000,0.58,20004.67;0
20000,0.58,20004.68;0
20000,0.58,20004.68;0
20000,0.58,20004.7;0
20000,0.58,20004.7;0
20000,0.58,20004.72;0
20000,0.58,20004.72;0
20000,0.58,20004.73;0
20000,0.58,20004.75;0
20000,0.58,20004.75;0
20000,0.58,20004.77;0
20000,0.58,20004.78;0
20000,0.58,20004.78;0
20000,0.58,20004.8;0
20000,0.58,20004.8;0
20000,0.58,20004.81;0
20000,0.58,20004.82;0
20000,0.58,20004.82;0
20000,0.58,20004.84;0
20000,0.58,20004.85;0
20000,0.58,20004.85;0
20000,0.58,20004.87;0
20000,0.58,20004.88;0
20000,0.58,20004.88;0
20000,0.58,20004.89;0
20000,0.58,20004.91;0
20000,0.58,20004.91;0
20000,0.58,20004.92;0
20000,0.58,20004.94;0
20000,0.58,20004.95;0
20000,0.58,20004.96;0
20000,0.58,20004.96;0
20000,0.58,20004.97;0
20000,0.58,20004.97;0
20000,0.58,20004.99;0
20000,0.58,20005;0
20000,0.58,20005;0
20000,0.58,20005.01;0
20000,0.58,20005.01;0
20000,0.58,20005.01;0
20000,0.58,20005.02;0
20000,0.58,20005.03;0
20000,0.58,20005.03;0
20000,0.58,20005.04;0
20000,0.58,20005.05;0
20000,0.58,20005.05;0
20000,0.58,20005.06;0
20000,0.58,20005.07;0
20000,0.58,20005.07;0
20000,0.58,20005.07;0
20000,0.58,20005.08;0
20000,0.58,20005.09;0
20000,0.58,20005.09;0
20000,0.58,20005.1;0
20000,0.58,20005.1;0
20000,0.58,20005.1;0
20000,0.58,20005.11;0
20000,0.58,20005.11;0
20000,0.58,20005.12;0
20000,0.58,20005.12;0
20000,0.58,20005.13;0
20000,0.58,20005.13;0
20000,0.58,20005.13;0
20000,0.58,20005.13;0
20000,0.58,20005.14;0
20000,0.58,20005.14;0
20000,0.58,20005.14;0
20000,0.58,20005.14;0
20000,0.58,20005.15;0
20000,0.58,20005.15;0
20000,0.58,20005.15;0
20000,0.58,20005.15;0
20000,0.58,20005.15;0
20000,0.58,20005.15;0
20000,0.58,20005.15;0
20000,0.58,20005.15;0
20000,0.58,20005.16;0
20000,0.58,20005.16;0
20000,0.58,20005.16;0
20000,0.58,20005.16;0
20000,0.58,20005.16;0
20000,0.58,20005.16;0
20000,0.58,20005.16;0
20000,0.58,20005.16;0
20000,0.58,20005.16;0
20000,0.58,20005.16;0
20000,0.58,20005.16;0
20000,0.58,20005.16;0
20000,0.58,20005.16;0
20000,0.58,20005.16;0
20000,0.58,20005.16;0
20000,0.58,20005.16;0
20000,0.58,20005.16;0
20000,0.58,20005.16;0
20000,0.58,20005.16;0
20000,0.58,20005.16;0
20000,0.58,20005.16;0
20000,0.58,20005.16;0
20000,0.58,20005.16;0
20000,0.58,20005.16;0
20000,0.58,20005.16;0
20000,0.58,20005.15;0
20000,0.58,20005.15;0
20000,0.58,20005.15;0
20000,0.58,20005.15;0
20000,0.58,20005.14;0
20000,0.58,20005.14;0
20000,0.58,20005.14;0
20000,0.58,20005.14;0
20000,0.58,20005.13;0
20000,0.58,20005.12;0
20000,0.58,20005.12;0
20000,0.58,20005.11;0
20000,0.58,20005.11;0
20000,0.58,20005.11;0
20000,0.58,20005.11;0
20000,0.58,20005.11;0
20000,0.58,20005.1;0
20000,0.58,20005.09;0
20000,0.58,20005.09;0
20000,0.58,20005.08;0
20000,0.58,20005.08;0
20000,0.58,20005.06;0
20000,0.58,20005.05;0
20000,0.58,20005.04;0
20000,0.58,20005.04;0
20000,0.58,20005.03;0
20000,0.58,20005.01;0
20000,0.58,20005;0
20000,0.58,20004.98;0
20000,0.58,20004.98;0
20000,0.58,20004.97;0
20000,0.58,20004.96;0
20000,0.58,20004.96;0
20000,0.58,20004.94;0
20000,0.58,20004.92;0
20000,0.58,20004.92;0
20000,0.58,20004.91;0
20000,0.58,20004.91;0
20000,0.58,20004.89;0
20000,0.58,20004.88;0
20000,0.58,20004.88;0
20000,0.58,20004.86;0
20000,0.58,20004.84;0
20000,0.58,20004.84;0
20000,0.58,20004.82;0
20000,0.58,20004.82;0
20000,0.58,20004.8;0
20000,0.58,20004.79;0
20000,0.58,20004.79;0
20000,0.58,20004.77;0
20000,0.58,20004.75;0
20000,0.58,20004.75;0
20000,0.58,20004.73;0
20000,0.58,20004.71;0
20000,0.58,20004.71;0
20000,0.58,20004.69;0
20000,0.58,20004.69;0
20000,0.58,20004.67;0
20000,0.58,20004.65;0
20000,0.58,20004.65;0
20000,0.58,20004.63;0
20000,0.58,20004.61;0
20000,0.58,20004.61;0
20000,0.58,20004.61;0
20000,0.58,20004.61;0
20000,0.58,20004.59;0
20000,0.58,20004.57;0
20000,0.58,20004.57;0
20000,0.58,20004.55;0
20000,0.58,20004.53;0
20000,0.58,20004.53;0
20000,0.58,20004.51;0
20000,0.58,20004.49;0
20000,0.58,20004.46;0
20000,0.58,20004.46;0
20000,0.58,20004.44;0
20000,0.58,20004.44;0
20000,0.58,20004.44;0
20000,0.58,20004.42;0
20000,0.58,20004.42;0
20000,0.58,20004.4;0
20000,0.58,20004.38;0
20000,0.58,20004.36;0
20000,0.58,20004.36;0
20000,0.58,20004.34;0
20000,0.58,20004.34;0
20000,0.58,20004.34;0
20000,0.58,20004.32;0
20000,0.58,20004.32;0
20000,0.58,20004.3;0
20000,0.58,20004.28;0
20000,0.58,20004.28;0
20000,0.58,20004.25;0
20000,0.58,20004.23;0
20000,0.58,20004.23;0
20000,0.58,20004.21;0
20000,0.58,20004.19;0
20000,0.58,20004.19;0
20000,0.58,20004.17;0
20000,0.58,20004.17;0
20000,0.58,20004.15;0
20000,0.58,20004.15;0
20000,0.58,20004.13;0
20000,0.58,20004.13;0
20000,0.58,20004.13;0
20000,0.58,20004.12;0
20000,0.58,20004.12;0
20000,0.58,20004.1;0
20000,0.58,20004.08;0
20000,0.58,20004.08;0
20000,0.58,20004.06;0
20000,0.58,20004.06;0
20000,0.58,20004.04;0
20000,0.58,20004.04;0
20000,0.58,20004.04;0
20000,0.58,20004.04;0
20000,0.58,20004.03;0
20000,0.58,20004.03;0
20000,0.58,20004.01;0
20000,0.58,20004.01;0
20000,0.58,20004.01;0
20000,0.58,20004.01;0
20000,0.58,20004.01;0
20000,0.58,20004.01;0
20000,0.58,20004.01;0
20000,0.58,20004.01;0
20000,0.58,20004.01;0
20000,0.58,20004.01;0
20000,0.58,20004.01;0
20000,0.58,20004.01;0
20000,0.58,20004.01;0
20000,0.58,20004.01;0
20000,0.58,20003.99;0
20000,0.58,20003.99;0
20000,0.58,20003.98;0
20000,0.58,20003.97;0
20000,0.58,20003.97;0
20000,0.58,20003.96;0
20000,0.58,20003.94;0
20000,0.58,20003.94;0
20000,0.58,20003.94;0
20000,0.58,20003.94;0
20000,0.58,20003.94;0
20000,0.58,20003.94;0
20000,0.58,20003.93;0
20000,0.58,20003.93;0
20000,0.58,20003.93;0
20000,0.58,20003.93;0
20000,0.58,20003.92;0
20000,0.58,20003.92;0
20000,0.58,20003.92;0
20000,0.58,20003.91;0
20000,0.58,20003.91;0
20000,0.58,20003.9;0
20000,0.58,20003.9;0
20000,0.58,20003.9;0
20000,0.58,20003.9;0
20000,0.58,20003.89;0
20000,0.58,20003.89;0
20000,0.58,20003.89;0
20000,0.58,20003.89;0
20000,0.58,20003.89;0
20000,0.58,20003.88;0
20000,0.58,20003.88;0
20000,0.58,20003.88;0
20000,0.58,20003.88;0
20000,0.58,20003.88;0
20000,0.58,20003.88;0
20000,0.58,20003.88;0
20000,0.58,20003.88;0
20000,0.58,20003.88;0
20000,0.58,20003.88;0
20000,0.58,20003.88;0
20000,0.58,20003.88;0
20000,0.58,20003.88;0
20000,0.58,20003.88;0
20000,0.58,20003.88;0
20000,0.58,20003.88;0
20000,0.58,20003.88;0
20000,0.58,20003.88;0
20000,0.58,20003.88;0
20000,0.58,20003.87;0
20000,0.58,20003.87;0
20000,0.58,20003.87;0
20000,0.58,20003.87;0
20000,0.58,20003.87;0
20000,0.58,20003.87;0
20000,0.58,20003.87;0
20000,0.58,20003.87;0
20000,0.58,20003.87;0
20000,0.58,20003.87;0
20000,0.58,20003.87;0
20000,0.58,20003.88;0
20000,0.58,20003.88;0
20000,0.58,20003.88;0
20000,0.58,20003.88;0
20000,0.58,20003.88;0
20000,0.58,20003.88;0
20000,0.58,20003.89;0
20000,0.58,20003.89;0
20000,0.58,20003.89;0
20000,0.58,20003.89;0
20000,0.58,20003.9;0
20000,0.58,20003.9;0
20000,0.58,20003.91;0
20000,0.58,20003.91;0
20000,0.58,20003.91;0
20000,0.58,20003.91;0
20000,0.58,20003.92;0
20000,0.58,20003.92;0
20000,0.58,20003.92;0
20000,0.58,20003.93;0
20000,0.58,20003.94;0
20000,0.58,20003.94;0
20000,0.58,20003.94;0
20000,0.58,20003.94;0
20000,0.58,20003.95;0
20000,0.58,20003.96;0
20000,0.58,20003.96;0
20000,0.58,20003.97;0
20000,0.58,20003.97;0
20000,0.58,20003.97;0
20000,0.58,20003.98;0
20000,0.58,20003.99;0
20000,0.58,20003.99;0
20000,0.58,20004;0
20000,0.58,20004.01;0
20000,0.58,20004.01;0
20000,0.58,20004.02;0
20000,0.58,20004.02;0
20000,0.58,20004.03;0
20000,0.58,20004.04;0
20000,0.58,20004.04;0
20000,0.58,20004.05;0
20000,0.58,20004.06;0
20000,0.58,20004.06;0
20000,0.58,20004.07;0
20000,0.58,20004.08;0
20000,0.58,20004.09;0
20000,0.58,20004.1;0
20000,0.58,20004.1;0
20000,0.58,20004.11;0
20000,0.58,20004.12;0
20000,0.58,20004.12;0
20000,0.58,20004.13;0
20000,0.58,20004.13;0
20000,0.58,20004.14;0
20000,0.58,20004.15;0
20000,0.58,20004.15;0
20000,0.58,20004.16;0
20000,0.58,20004.17;0
20000,0.58,20004.17;0
20000,0.58,20004.18;0
20000,0.58,20004.19;0
20000,0.58,20004.19;0
20000,0.58,20004.2;0
20000,0.58,20004.21;0
20000,0.58,20004.21;0
20000,0.58,20004.22;0
20000,0.58,20004.23;0
20000,0.58,20004.23;0
20000,0.58,20004.24;0
20000,0.58,20004.25;0
20000,0.58,20004.25;0
20000,0.58,20004.26;0
20000,0.58,20004.27;0
20000,0.58,20004.27;0
20000,0.58,20004.28;0
20000,0.58,20004.29;0
20000,0.58,20004.29;0
20000,0.58,20004.29;0
20000,0.58,20004.3;0
20000,0.58,20004.3;0
20000,0.58,20004.31;0
20000,0.58,20004.32;0
20000,0.58,20004.32;0
20000,0.58,20004.33;0
20000,0.58,20004.34;0
20000,0.58,20004.35;0
20000,0.58,20004.35;0
20000,0.58,20004.36;0
20000,0.58,20004.36;0
20000,0.58,20004.36;0
20000,0.58,20004.37;0
20000,0.58,20004.38;0
20000,0.58,20004.38;0
20000,0.58,20004.39;0
20000,0.58,20004.39;0
20000,0.58,20004.39;0
20000,0.58,20004.4;0
20000,0.58,20004.41;0
20000,0.58,20004.41;0
20000,0.58,20004.41;0
20000,0.58,20004.42;0
20000,0.58,20004.42;0
20000,0.58,20004.42;0
20000,0.58,20004.43;0
20000,0.58,20004.43;0
20000,0.58,20004.44;0
20000,0.58,20004.44;0
20000,0.58,20004.44;0
20000,0.58,20004.44;0
20000,0.58,20004.44;0
20000,0.58,20004.45;0
20000,0.58,20004.45;0
20000,0.58,20004.45;0
20000,0.58,20004.45;0
20000,0.58,20004.45;0
20000,0.58,20004.46;0
20000,0.58,20004.46;0
20000,0.58,20004.46;0
20000,0.58,20004.46;0
20000,0.58,20004.46;0
20000,0.58,20004.46;0
20000,0.58,20004.46;0
20000,0.58,20004.46;0
20000,0.58,20004.47;0
20000,0.58,20004.47;0
20000,0.58,20004.47;0
20000,0.58,20004.47;0
20000,0.58,20004.47;0
20000,0.58,20004.47;0
20000,0.58,20004.47;0
20000,0.58,20004.47;0
20000,0.58,20004.47;0
20000,0.58,20004.47;0
20000,0.58,20004.47;0
20000,0.58,20004.47;0
20000,0.58,20004.47;0
20000,0.58,20004.47;0
20000,0.58,20004.47;0
20000,0.58,20004.47;0
20000,0.58,20004.47;0
20000,0.58,20004.47;0
20000,0.58,20004.47;0
20000,0.58,20004.47;0
20000,0.58,20004.47;0
20000,0.58,20004.46;0
20000,0.58,20004.46;0
20000,0.58,20004.46;0
20000,0.58,20004.46;0
20000,0.58,20004.45;0
20000,0.58,20004.45;0
20000,0.58,20004.45;0
20000,0.58,20004.44;0
20000,0.58,20004.42;0
20000,0.58,20004.42;0
20000,0.58,20004.41;0
20000,0.58,20004.38;0
20000,0.58,20004.38;0
20000,0.58,20004.36;0
20000,0.58,20004.34;0
20000,0.58,20004.34;0
20000,0.58,20004.34;0
20000,0.58,20004.34;0
20000,0.58,20004.34;0
20000,0.58,20004.34;0
20000,0.58,20004.34;0
20000,0.58,20004.34;0
20000,0.58,20004.34;0
20000,0.58,20004.34;0
20000,0.58,20004.33;0
20000,0.58,20004.31;0
20000,0.58,20004.31;0
20000,0.58,20004.31;0
20000,0.58,20004.31;0
20000,0.58,20004.31;0
20000,0.58,20004.31;0
20000,0.58,20004.31;0
20000,0.58,20004.31;0
20000,0.58,20004.31;0
20000,0.58,20004.31;0
20000,0.58,20004.3;0
20000,0.58,20004.3;0
20000,0.58,20004.3;0
20000,0.58,20004.3;0
20000,0.58,20004.3;0
20000,0.58,20004.3;0
20000,0.58,20004.3;0
20000,0.58,20004.3;0
20000,0.58,20004.3;0
20000,0.58,20004.29;0
20000,0.58,20004.29;0
20000,0.58,20004.29;0
20000,0.58,20004.29;0
20000,0.58,20004.29;0
20000,0.58,20004.29;0
20000,0.58,20004.29;0
20000,0.58,20004.29;0
20000,0.58,20004.29;0
20000,0.58,20004.29;0
20000,0.58,20004.29;0
20000,0.58,20004.29;0
20000,0.58,20004.29;0
20000,0.58,20004.29;0
20000,0.58,20004.29;0
20000,0.58,20004.29;0
20000,0.58,20004.29;0
20000,0.58,20004.29;0
20000,0.58,20004.29;0
20000,0.58,20004.29;0
20000,0.58,20004.29;0
20000,0.58,20004.29;0
20000,0.58,20004.29;0
20000,0.58,20004.29;0
20000,0.58,20004.29;0
20000,0.58,20004.29;0
20000,0.58,20004.29;0
20000,0.58,20004.29;0
20000,0.58,20004.29;0
20000,0.58,20004.29;0
20000,0.58,20004.29;0
20000,0.58,20004.29;0
20000,0.58,20004.29;0
20000,0.58,20004.29;0
20000,0.58,20004.29;0
20000,0.58,20004.29;0
20000,0.58,20004.29;0
20000,0.58,20004.29;0
20000,0.58,20004.29;0
20000,0.58,20004.29;0
20000,0.58,20004.29;0
20000,0.58,20004.29;0
20000,0.58,20004.29;0
20000,0.58,20004.29;0
20000,0.58,20004.29;0
20000,0.58,20004.29;0
20000,0.58,20004.29;0
20000,0.58,20004.29;0
20000,0.58,20004.29;0
20000,0.58,20004.29;0
20000,0.58,20004.29;0
20000,0.58,20004.29;0
20000,0.58,20004.29;0
20000,0.58,20004.29;0
20000,0.58,20004.29;0
20000,0.58,20004.29;0
20000,0.58,20004.29;0
20000,0.58,20004.29;0
20000,0.58,20004.29;0
20000,0.58,20004.29;0
20000,0.58,20004.29;0
20000,0.58,20004.29;0
20000,0.58,20004.29;0
20000,0.58,20004.29;0
20000,0.58,20004.29;0
20000,0.58,20004.29;0
20000,0.58,20004.29;0
20000,0.58,20004.29;0
20000,0.58,20004.29;0
20000,0.58,20004.29;0
20000,0.58,20004.29;0
20000,0.58,20004.29;0
20000,0.58,20004.29;0
20000,0.58,20004.29;0
20000,0.58,20004.29;0
20000,0.58,20004.29;0
20000,0.58,20004.29;0
20000,0.58,20004.29;0
20000,0.58,20004.29;0
20000,0.58,20004.29;0
20000,0.58,20004.29;0
20000,0.58,20004.29;0
20000,0.58,20004.29;0
20000,0.58,20004.29;0
20000,0.58,20004.29;0
20000,0.58,20004.29;0
20000,0.58,20004.29;0
20000,0.58,20004.29;0
20000,0.58,20004.29;0
20000,0.58,20004.29;0
20000,0.58,20004.29;0
20000,0.58,20004.29;0
20000,0.58,20004.29;0
20000,0.58,20004.29;0
20000,0.58,20004.29;0
20000,0.58,20004.29;0
20000,0.58,20004.29;0
20000,0.58,20004.29;0
20000,0.58,20004.29;0
20000,0.58,20004.29;0
20000,0.58,20004.29;0
20000,0.58,20004.29;0
20000,0.58,20004.29;0
20000,0.58,20004.29;0
20000,0.58,20004.29;0
20000,0.58,20004.29;0
20000,0.58,20004.29;0
20000,0.58,20004.29;0
20000,0.58,20004.29;0
20000,0.58,20004.29;0
20000,0.58,20004.29;0
20000,0.58,20004.29;0
20000,0.58,20004.29;0
20000,0.58,20004.29;0
20000,0.58,20004.29;0
20000,0.58,20004.29;0
20000,0.58,20004.29;0
20000,0.58,20004.29;0
20000,0.58,20004.29;0
20000,0.58,20004.29;0
20000,0.58,20004.29;0
20000,0.58,20004.29;0
20000,0.58,20004.29;0
20000,0.58,20004.29;0
20000,0.58,20004.29;0
20000,0.58,20004.29;0
20000,0.58,20004.29;0
20000,0.58,20004.29;0
20000,0.58,20004.29;0
20000,0.58,20004.29;0
20000,0.58,20004.29;0
20000,0.58,20004.29;0
20000,0.58,20004.29;0
20000,0.58,20004.29;0
20000,0.58,20004.29;0
20000,0.58,20004.29;0
20000,0.58,20004.29;0
20000,0.58,20004.29;0
20000,0.58,20004.29;0
20000,0.58,20004.29;0
20000,0.58,20004.29;0
20000,0.58,20004.29;0
20000,0.58,20004.29;0
20000,0.58,20004.29;0
20000,0.58,20004.29;0
20000,0.58,20004.29;0
20000,0.58,20004.29;0
20000,0.58,20004.29;0
20000,0.58,20004.29;0
20000,0.58,20004.29;0
20000,0.58,20004.29;0
20000,0.58,20004.29;0
20000,0.58,20004.29;0
20000,0.58,20004.29;0
20000,0.58,20004.29;0
20000,0.58,20004.29;0
20000,0.58,20004.29;0
20000,0.58,20004.29;0
20000,0.58,20004.29;0
20000,0.58,20004.29;0
20000,0.58,20004.29;0
20000,0.58,20004.29;0
20000,0.58,20004.29;0
20000,0.58,20004.29;0
20000,0.58,20004.29;0
20000,0.58,20004.29;0
20000,0.58,20004.29;0
20000,0.58,20004.29;0
20000,0.58,20004.29;0
20000,0.58,20004.29;0
20000,0.58,20004.29;0
20000,0.58,20004.29;0
20000,0.58,20004.29;0
20000,0.58,20004.29;0
20000,0.58,20004.29;0
20000,0.58,20004.29;0
20000,0.58,20004.29;0
20000,0.58,20004.29;0
20000,0.58,20004.29;0
20000,0.58,20004.29;0
20000,0.58,20004.29;0
20000,0.58,20004.29;0
20000,0.58,20004.29;0
20000,0.58,20004.29;0
20000,0.58,20004.29;0
20000,0.58,20004.29;0
20000,0.58,20004.29;0
20000,0.58,20004.29;0
20000,0.58,20004.29;0
20000,0.58,20004.29;0
20000,0.58,20004.29;0
20000,0.58,20004.29;0
20000,0.58,20004.29;0
20000,0.58,20004.29;0
20000,0.58,20004.29;0
20000,0.58,20004.29;0
20000,0.58,20004.29;0
20000,0.58,20004.29;0
20000,0.58,20004.29;0
20000,0.58,20004.29;0
20000,0.58,20004.29;0
20000,0.58,20004.29;0
20000,0.58,20004.29;0
20000,0.58,20004.29;0
20000,0.58,20004.29;0
20000,0.58,20004.29;0
20000,0.58,20004.29;0
20000,0.58,20004.29;0
20000,0.58,20004.29;0
20000,0.58,20004.29;0
20000,0.58,20004.29;0
20000,0.58,20004.29;0
20000,0.58,20004.29;0
20000,0.58,20004.29;0
20000,0.58,20004.29;0
20000,0.58,20004.29;0
20000,0.58,20004.29;0
20000,0.58,20004.29;0
20000,0.58,20004.29;0
20000,0.58,20004.29;0
20000,0.58,20004.29;0
20000,0.58,20004.29;0
20000,0.58,20004.29;0
20000,0.58,20004.29;0
20000,0.58,20004.29;0
20000,0.58,20004.29;0
20000,0.58,20004.29;0
20000,0.58,20004.29;0
20000,0.58,20004.29;0
20000,0.58,20004.29;0
20000,0.58,20004.29;0
20000,0.58,20004.29;0
20000,0.58,20004.29;0
20000,0.58,20004.29;0
20000,0.58,20004.29;0
20000,0.58,20004.29;0
20000,0.58,20004.29;0
20000,0.58,20004.29;0
20000,0.58,20004.29;0
20000,0.58,20004.29;0
20000,0.58,20004.29;0
20000,0.58,20004.29;0
20000,0.58,20004.29;0
20000,0.58,20004.29;0
20000,0.58,20004.29;0
20000,0.58,20004.29;0
20000,0.58,20004.29;0
20000,0.58,20004.29;0
20000,0.58,20004.29;0
20000,0.58,20004.29;0
20000,0.58,20004.29;0
20000,0.58,20004.29;0
20000,0.58,20004.29;0
20000,0.58,20004.29;0
20000,0.58,20004.29;0
20000,0.58,20004.29;0
20000,0.58,20004.29;0
20000,0.58,20004.29;0
20000,0.58,20004.29;0
20000,0.58,20004.29;0
20000,0.58,20004.29;0
20000,0.58,20004.29;0
20000,0.58,20004.29;0
20000,0.58,20004.29;0
20000,0.58,20004.29;0
20000,0.58,20004.29;0
20000,0.58,20004.29;0
20000,0.58,20004.29;0
20000,0.58,20004.29;0
20000,0.58,20004.29;0
20000,0.58,20004.29;0
20000,0.58,20004.29;0
20000,0.58,20004.29;0
20000,0.58,20004.29;0
20000,0.58,20004.29;0
20000,0.58,20004.29;0
20000,0.58,20004.29;0
20000,0.58,20004.29;0
20000,0.58,20004.29;0
20000,0.58,20004.29;0
20000,0.58,20004.29;0
20000,0.58,20004.29;0
20000,0.58,20004.29;0
20000,0.58,20004.29;0
20000,0.58,20004.29;0
20000,0.58,20004.29;0
20000,0.58,20004.29;0
20000,0.58,20004.29;0
20000,0.58,20004.29;0
20000,0.58,20004.29;0
20000,0.58,20004.29;0
20000,0.58,20004.29;0
20000,0.58,20004.29;0
20000,0.58,20004.29;0
20000,0.58,20004.29;0
20000,0.58,20004.29;0
20000,0.58,20004.29;0
20000,0.58,20004.29;0
20000,0.58,20004.29;0
20000,0.58,20004.29;0
20000,0.58,20004.29;0
20000,0.58,20004.29;0
20000,0.58,20004.29;0
20000,0.58,20004.29;0
20000,0.58,20004.29;0
20000,0.58,20004.29;0
20000,0.58,20004.29;0
20000,0.58,20004.29;0
20000,0.58,20004.29;0
20000,0.58,20004.29;0
20000,0.58,20004.29;0
20000,0.58,20004.29;0
20000,0.58,20004.29;0
20000,0.58,20004.29;0
20000,0.58,20004.29;0
20000,0.58,20004.29;0
20000,0.58,20004.29;0
20000,0.58,20004.29;0
20000,0.58,20004.3;0
20000,0.58,20004.3;0
20000,0.58,20004.3;0
20000,0.58,20004.3;0
20000,0.58,20004.32;0
20000,0.58,20004.32;0
20000,0.58,20004.35;0
20000,0.58,20004.38;0
20000,0.58,20004.38;0
20000,0.58,20004.38;0
20000,0.58,20004.38;0
20000,0.58,20004.38;0
20000,0.58,20004.38;0
20000,0.58,20004.38;0
20000,0.58,20004.38;0
20000,0.58,20004.38;0
20000,0.58,20004.38;0
20000,0.58,20004.38;0
20000,0.58,20004.38;0
20000,0.58,20004.38;0
20000,0.58,20004.38;0
20000,0.58,20004.38;0
20000,0.58,20004.38;0
20000,0.58,20004.4;0
20000,0.58,20004.42;0
20000,0.58,20004.42;0
20000,0.58,20004.44;0
20000,0.58,20004.44;0
20000,0.58,20004.44;0
20000,0.58,20004.44;0
20000,0.58,20004.44;0
20000,0.58,20004.46;0
20000,0.58,20004.47;0
20000,0.58,20004.47;0
20000,0.58,20004.47;0
20000,0.58,20004.48;0
20000,0.58,20004.48;0
20000,0.58,20004.48;0
20000,0.58,20004.48;0
20000,0.58,20004.48;0
20000,0.58,20004.48;0
20000,0.58,20004.48;0
20000,0.58,20004.48;0
20000,0.58,20004.48;0
20000,0.58,20004.48;0
20000,0.58,20004.48;0
20000,0.58,20004.48;0
20000,0.58,20004.48;0
20000,0.58,20004.48;0
20000,0.58,20004.48;0
20000,0.58,20004.48;0
20000,0.58,20004.48;0
20000,0.58,20004.48;0
20000,0.58,20004.48;0
20000,0.58,20004.48;0
20000,0.58,20004.48;0
20000,0.58,20004.48;0
20000,0.58,20004.48;0
20000,0.58,20004.48;0
20000,0.58,20004.48;0
20000,0.58,20004.48;0
20000,0.58,20004.48;0
20000,0.58,20004.48;0
20000,0.58,20004.48;0
20000,0.58,20004.48;0
20000,0.58,20004.48;0
20000,0.58,20004.48;0
20000,0.58,20004.48;0
20000,0.58,20004.48;0
20000,0.58,20004.48;0
20000,0.58,20004.48;0
20000,0.58,20004.48;0
20000,0.58,20004.48;0
20000,0.58,20004.48;0
20000,0.58,20004.48;0
20000,0.58,20004.48;0
20000,0.58,20004.48;0
20000,0.58,20004.48;0
20000,0.58,20004.48;0
20000,0.58,20004.48;0
20000,0.58,20004.48;0
20000,0.58,20004.48;0
20000,0.58,20004.48;0
20000,0.58,20004.48;0
20000,0.58,20004.48;0
20000,0.58,20004.48;0
20000,0.58,20004.48;0
20000,0.58,20004.48;0
20000,0.58,20004.48;0
20000,0.58,20004.48;0
20000,0.58,20004.48;0
20000,0.58,20004.48;0
20000,0.58,20004.48;0
20000,0.58,20004.48;0
20000,0.58,20004.48;0
20000,0.58,20004.48;0
20000,0.58,20004.48;0
20000,0.58,20004.48;0
20000,0.58,20004.48;0
20000,0.58,20004.48;0
20000,0.58,20004.48;0
20000,0.58,20004.48;0
20000,0.58,20004.48;0
20000,0.58,20004.49;0
20000,0.58,20004.49;0
20000,0.58,20004.49;0
20000,0.58,20004.49;0
20000,0.58,20004.49;0
20000,0.58,20004.49;0
20000,0.58,20004.49;0
20000,0.58,20004.49;0
20000,0.58,20004.49;0
20000,0.58,20004.49;0
20000,0.58,20004.49;0
20000,0.58,20004.49;0
20000,0.58,20004.49;0
20000,0.58,20004.49;0
20000,0.58,20004.49;0
20000,0.58,20004.49;0
20000,0.58,20004.49;0
20000,0.58,20004.49;0
20000,0.58,20004.49;0
20000,0.58,20004.49;0
20000,0.58,20004.49;0
20000,0.58,20004.49;0
20000,0.58,20004.49;0
20000,0.58,20004.49;0
20000,0.58,20004.49;0
20000,0.58,20004.49;0
20000,0.58,20004.49;0
20000,0.58,20004.49;0
20000,0.58,20004.49;0
20000,0.58,20004.49;0
20000,0.58,20004.49;0
20000,0.58,20004.49;0
20000,0.58,20004.49;0
20000,0.58,20004.49;0
20000,0.58,20004.49;0
20000,0.58,20004.49;0
20000,0.58,20004.49;0
20000,0.58,20004.49;0
20000,0.58,20004.49;0
20000,0.58,20004.49;0
20000,0.58,20004.49;0
20000,0.58,20004.49;0
20000,0.58,20004.49;0
20000,0.58,20004.49;0
20000,0.58,20004.49;0
20000,0.58,20004.49;0
20000,0.58,20004.49;0
20000,0.58,20004.49;0
20000,0.58,20004.49;0
20000,0.58,20004.49;0
20000,0.58,20004.49;0
20000,0.58,20004.49;0
20000,0.58,20004.49;0
20000,0.58,20004.49;0
20000,0.58,20004.49;0
20000,0.58,20004.49;0
20000,0.58,20004.49;0
20000,0.58,20004.49;0
20000,0.58,20004.49;0
20000,0.58,20004.52;0
20000,0.58,20004.52;0
20000,0.58,20004.57;0
20000,0.58,20004.65;0
20000,0.58,20004.75;0
20000,0.58,20004.75;0
20000,0.58,20004.75;0
20000,0.58,20004.75;0
20000,0.58,20004.75;0
20000,0.58,20004.75;0
20000,0.58,20004.75;0
20000,0.58,20004.75;0
20000,0.58,20004.75;0
20000,0.58,20004.75;0
20000,0.58,20004.85;0
20000,0.58,20004.85;0
20000,0.58,20004.85;0
20000,0.58,20004.85;0
20000,0.58,20004.85;0
20000,0.58,20004.85;0
20000,0.58,20004.85;0
20000,0.58,20004.85;0
20000,0.58,20004.85;0
20000,0.58,20004.85;0
20000,0.58,20004.85;0
20000,0.58,20004.85;0
20000,0.58,20004.85;0
20000,0.58,20004.85;0
20000,0.58,20004.85;0
20000,0.58,20004.85;0
20000,0.58,20004.85;0
20000,0.58,20004.85;0
20000,0.58,20004.85;0
20000,0.58,20004.85;0
20000,0.58,20004.85;0
20000,0.58,20004.85;0
20000,0.58,20004.85;0
20000,0.58,20004.85;0
20000,0.58,20004.85;0
20000,0.58,20004.85;0
20000,0.58,20004.85;0
20000,0.58,20004.85;0
20000,0.58,20004.85;0
20000,0.58,20004.92;0
20000,0.58,20004.92;0
20000,0.58,20004.97;0
20000,0.58,20005;0
20000,0.58,20005;0
20000,0.58,20005;0
20000,0.58,20005;0
20000,0.58,20005;0
20000,0.58,20005;0
20000,0.58,20005;0
20000,0.58,20005;0
20000,0.58,20005;0
20000,0.58,20005;0
20000,0.58,20005;0
20000,0.58,20005;0
20000,0.58,20005;0
20000,0.58,20005.01;0
20000,0.58,20005.01;0
20000,0.58,20005.01;0
20000,0.58,20005.01;0
20000,0.58,20005.02;0
20000,0.58,20005.02;0
20000,0.58,20005.02;0
20000,0.58,20005.02;0
20000,0.58,20005.02;0
20000,0.58,20005.01;0
20000,0.58,20005;0
20000,0.58,20005;0
20000,0.58,20005;0
20000,0.58,20004.99;0
20000,0.58,20004.99;0
20000,0.58,20004.99;0
20000,0.58,20004.99;0
20000,0.58,20004.99;0
20000,0.58,20004.99;0
20000,0.58,20004.99;0
20000,0.58,20004.99;0
20000,0.58,20004.99;0
20000,0.58,20004.99;0
20000,0.58,20004.99;0
20000,0.58,20004.99;0
20000,0.58,20004.99;0
20000,0.58,20004.99;0
20000,0.58,20004.99;0
20000,0.58,20004.99;0
20000,0.58,20004.99;0
20000,0.58,20004.99;0
20000,0.58,20004.99;0
20000,0.58,20004.99;0
20000,0.58,20004.99;0
20000,0.58,20004.99;0
20000,0.58,20004.99;0
20000,0.58,20004.99;0
20000,0.58,20004.99;0
20000,0.58,20004.99;0
20000,0.58,20004.99;0
20000,0.58,20004.99;0
20000,0.58,20004.99;0
20000,0.58,20004.99;0
20000,0.58,20004.99;0
20000,0.58,20004.99;0
20000,0.58,20004.99;0
20000,0.58,20004.99;0
20000,0.58,20004.99;0
20000,0.58,20004.99;0
20000,0.58,20004.98;0
20000,0.58,20004.98;0
20000,0.58,20004.98;0
20000,0.58,20004.98;0
20000,0.58,20004.98;0
20000,0.58,20004.98;0
20000,0.58,20004.97;0
20000,0.58,20004.97;0
20000,0.58,20004.97;0
20000,0.58,20004.97;0
20000,0.58,20004.97;0
20000,0.58,20004.97;0
20000,0.58,20004.97;0
20000,0.58,20004.97;0
20000,0.58,20004.97;0
20000,0.58,20004.97;0
20000,0.58,20004.97;0
20000,0.58,20004.97;0
20000,0.58,20004.97;0
20000,0.58,20004.97;0
20000,0.58,20004.97;0
20000,0.58,20004.97;0
20000,0.58,20004.97;0
20000,0.58,20004.97;0
20000,0.58,20004.97;0
20000,0.58,20004.97;0
20000,0.58,20004.97;0
20000,0.58,20004.97;0
20000,0.58,20004.97;0
20000,0.58,20004.97;0
20000,0.58,20004.97;0
20000,0.58,20004.97;0
20000,0.58,20004.97;0
20000,0.58,20004.97;0
20000,0.58,20004.97;0
20000,0.58,20004.97;0
20000,0.58,20004.97;0
20000,0.58,20004.97;0
20000,0.58,20004.97;0
20000,0.58,20004.97;0
20000,0.58,20004.97;0
20000,0.58,20004.97;0
20000,0.58,20004.97;0
20000,0.58,20004.97;0
20000,0.58,20004.97;0
20000,0.58,20004.97;0
20000,0.58,20004.97;0
20000,0.58,20004.97;0
20000,0.58,20004.97;0
20000,0.58,20004.97;0
20000,0.58,20004.97;0
20000,0.58,20004.97;0
20000,0.58,20004.97;0
20000,0.58,20004.96;0
20000,0.58,20004.96;0
20000,0.58,20004.95;0
20000,0.58,20004.95;0
20000,0.58,20004.95;0
20000,0.58,20004.95;0
20000,0.58,20004.95;0
20000,0.58,20004.94;0
20000,0.58,20004.94;0
20000,0.58,20004.94;0
20000,0.58,20004.94;0
20000,0.58,20004.94;0
20000,0.58,20004.94;0
20000,0.58,20004.94;0
20000,0.58,20004.94;0
20000,0.58,20004.94;0
20000,0.58,20004.94;0
20000,0.58,20004.94;0
20000,0.58,20004.94;0
20000,0.58,20004.94;0
20000,0.58,20004.94;0
20000,0.58,20004.94;0
20000,0.58,20004.94;0
20000,0.58,20004.94;0
20000,0.58,20004.94;0
20000,0.58,20004.94;0
20000,0.58,20004.94;0
20000,0.58,20004.94;0
20000,0.58,20004.94;0
20000,0.58,20004.94;0
20000,0.58,20004.94;0
20000,0.58,20004.94;0
20000,0.58,20004.94;0
20000,0.58,20004.94;0
20000,0.58,20004.94;0
20000,0.58,20004.94;0
20000,0.58,20004.94;0
20000,0.58,20004.94;0
20000,0.58,20004.94;0
20000,0.58,20004.94;0
20000,0.58,20004.94;0
20000,0.58,20004.94;0
20000,0.58,20004.94;0
20000,0.58,20004.94;0
20000,0.58,20004.93;0
20000,0.58,20004.93;0
20000,0.58,20004.93;0
20000,0.58,20004.93;0
20000,0.58,20004.92;0
20000,0.58,20004.92;0
20000,0.58,20004.92;0
20000,0.58,20004.92;0
20000,0.58,20004.92;0
20000,0.58,20004.92;0
20000,0.58,20004.92;0
20000,0.58,20004.92;0
20000,0.58,20004.92;0
20000,0.58,20004.93;0
20000,0.58,20004.94;0
20000,0.58,20004.94;0
20000,0.58,20004.94;0
20000,0.58,20004.94;0
20000,0.58,20004.94;0
20000,0.58,20004.94;0
20000,0.58,20004.94;0
20000,0.58,20004.94;0
20000,0.58,20004.94;0
20000,0.58,20004.94;0
20000,0.58,20004.94;0
20000,0.58,20004.94;0
20000,0.58,20004.94;0
20000,0.58,20004.94;0
20000,0.58,20004.94;0
20000,0.58,20004.94;0
20000,0.58,20004.94;0
20000,0.58,20004.94;0
20000,0.58,20004.94;0
20000,0.58,20004.94;0
20000,0.58,20004.94;0
20000,0.58,20004.94;0
20000,0.58,20004.94;0
20000,0.58,20004.94;0
20000,0.58,20004.94;0
20000,0.58,20004.94;0
20000,0.58,20004.94;0
20000,0.58,20004.94;0
20000,0.58,20004.94;0
20000,0.58,20004.94;0
20000,0.58,20004.94;0
20000,0.58,20004.94;0
20000,0.58,20004.94;0
20000,0.58,20004.94;0
20000,0.58,20004.94;0
20000,0.58,20004.94;0
20000,0.58,20004.94;0
20000,0.58,20004.93;0
20000,0.58,20004.93;0
20000,0.58,20004.93;0
20000,0.58,20004.92;0
20000,0.58,20004.92;0
20000,0.58,20004.92;0
20000,0.58,20004.92;0
20000,0.58,20004.92;0
20000,0.58,20004.92;0
20000,0.58,20004.95;0
20000,0.58,20004.95;0
20000,0.58,20004.95;0
20000,0.58,20004.95;0
20000,0.58,20004.99;0
20000,0.58,20004.99;0
20000,0.58,20005.05;0
20000,0.58,20005.05;0
20000,0.58,20005.11;0
20000,0.58,20005.17;0
20000,0.58,20005.17;0
20000,0.58,20005.21;0
20000,0.58,20005.21;0
20000,0.58,20005.22;0
20000,0.58,20005.23;0
20000,0.58,20005.22;0
20000,0.58,20005.22;0
20000,0.58,20005.22;0
20000,0.58,20005.21;0
20000,0.58,20005.21;0
20000,0.58,20005.19;0
20000,0.58,20005.19;0
20000,0.58,20005.17;0
20000,0.58,20005.15;0
20000,0.58,20005.15;0
20000,0.58,20005.14;0
20000,0.58,20005.14;0
20000,0.58,20005.14;0
20000,0.58,20005.15;0
20000,0.58,20005.15;0
20000,0.58,20005.15;0
20000,0.58,20005.15;0
20000,0.58,20005.15;0
20000,0.58,20005.15;0
20000,0.58,20005.15;0
20000,0.58,20005.15;0
20000,0.58,20005.15;0
20000,0.58,20005.16;0
20000,0.58,20005.16;0
20000,0.58,20005.16;0
20000,0.58,20005.16;0
20000,0.58,20005.15;0
20000,0.58,20005.14;0
20000,0.58,20005.14;0
20000,0.58,20005.14;0
20000,0.58,20005.14;0
20000,0.58,20005.14;0
20000,0.58,20005.14;0
20000,0.58,20005.14;0
20000,0.58,20005.14;0
20000,0.58,20005.14;0
20000,0.58,20005.12;0
20000,0.58,20005.1;0
20000,0.58,20005.1;0
20000,0.58,20005.09;0
20000,0.58,20005.09;0
20000,0.58,20005.08;0
20000,0.58,20005.07;0
20000,0.58,20005.07;0
20000,0.58,20005.06;0
20000,0.58,20005.06;0
20000,0.58,20005.05;0
20000,0.58,20005.04;0
20000,0.58,20005.04;0
20000,0.58,20005.04;0
20000,0.58,20005.04;0
20000,0.58,20005.04;0
20000,0.58,20005.04;0
20000,0.58,20005.04;0
20000,0.58,20005.04;0
20000,0.58,20005.04;0
20000,0.58,20005.04;0
20000,0.58,20005.04;0
20000,0.58,20005.04;0
20000,0.58,20005.05;0
20000,0.58,20005.07;0
20000,0.58,20005.07;0
20000,0.58,20005.08;0
20000,0.58,20005.09;0
20000,0.58,20005.1;0
20000,0.58,20005.09;0
20000,0.58,20005.09;0
20000,0.58,20005.08;0
20000,0.58,20005.08;0
20000,0.58,20005.08;0
20000,0.58,20005.08;0
20000,0.58,20005.08;0
20000,0.58,20005.08;0
20000,0.58,20005.08;0
20000,0.58,20005.08;0
20000,0.58,20005.08;0
20000,0.58,20005.08;0
20000,0.58,20005.08;0
20000,0.58,20005.08;0
20000,0.58,20005.08;0
20000,0.58,20005.08;0
20000,0.58,20005.08;0
20000,0.58,20005.08;0
20000,0.58,20005.08;0
20000,0.58,20005.08;0
20000,0.58,20005.08;0
20000,0.58,20005.08;0
20000,0.58,20005.08;0
20000,0.58,20005.08;0
20000,0.58,20005.08;0
20000,0.58,20005.08;0
20000,0.58,20005.08;0
20000,0.58,20005.08;0
20000,0.58,20005.08;0
20000,0.58,20005.08;0
20000,0.58,20005.08;0
20000,0.58,20005.08;0
20000,0.58,20005.08;0
20000,0.58,20005.08;0
20000,0.58,20005.08;0
20000,0.58,20005.08;0
20000,0.58,20005.08;0
20000,0.58,20005.08;0
20000,0.58,20005.08;0
20000,0.58,20005.08;0
20000,0.58,20005.08;0
20000,0.58,20005.08;0
20000,0.58,20005.08;0
20000,0.58,20005.08;0
20000,0.58,20005.08;0
20000,0.58,20005.08;0
20000,0.58,20005.08;0
20000,0.58,20005.07;0
20000,0.58,20005.07;0
20000,0.58,20005.07;0
20000,0.58,20005.07;0
20000,0.58,20005.07;0
20000,0.58,20005.07;0
20000,0.58,20005.08;0
20000,0.58,20005.08;0
20000,0.58,20005.09;0
20000,0.58,20005.11;0
20000,0.58,20005.11;0
20000,0.58,20005.12;0
20000,0.58,20005.15;0
20000,0.58,20005.17;0
20000,0.58,20005.17;0
20000,0.58,20005.21;0
20000,0.58,20005.24;0
20000,0.58,20005.24;0
20000,0.58,20005.27;0
20000,0.58,20005.28;0
20000,0.58,20005.28;0
20000,0.58,20005.29;0
20000,0.58,20005.29;0
20000,0.58,20005.29;0
20000,0.58,20005.29;0
20000,0.58,20005.29;0
20000,0.58,20005.29;0
20000,0.58,20005.29;0
20000,0.58,20005.29;0
20000,0.58,20005.29;0
20000,0.58,20005.29;0
20000,0.58,20005.29;0
20000,0.58,20005.29;0
20000,0.58,20005.29;0
20000,0.58,20005.29;0
20000,0.58,20005.29;0
20000,0.58,20005.29;0
20000,0.58,20005.29;0
20000,0.58,20005.29;0
20000,0.58,20005.29;0
20000,0.58,20005.29;0
20000,0.58,20005.29;0
20000,0.58,20005.29;0
20000,0.58,20005.29;0
20000,0.58,20005.29;0
20000,0.58,20005.29;0
20000,0.58,20005.29;0
20000,0.58,20005.29;0
20000,0.58,20005.29;0
20000,0.58,20005.29;0
20000,0.58,20005.29;0
20000,0.58,20005.29;0
20000,0.58,20005.29;0
20000,0.58,20005.28;0
20000,0.58,20005.29;0
20000,0.58,20005.29;0
20000,0.58,20005.29;0
20000,0.58,20005.29;0
20000,0.58,20005.3;0
20000,0.58,20005.31;0
20000,0.58,20005.32;0
20000,0.58,20005.33;0
20000,0.58,20005.33;0
20000,0.58,20005.33;0
20000,0.58,20005.33;0
20000,0.58,20005.33;0
20000,0.58,20005.33;0
20000,0.58,20005.33;0
20000,0.58,20005.33;0
20000,0.58,20005.34;0
20000,0.58,20005.36;0
20000,0.58,20005.36;0
20000,0.58,20005.4;0
20000,0.58,20005.4;0
20000,0.58,20005.47;0
20000,0.58,20005.57;0
20000,0.58,20005.57;0
20000,0.58,20005.69;0
20000,0.58,20005.82;0
20000,0.58,20005.82;0
20000,0.58,20005.94;0
20000,0.58,20005.94;0
20000,0.58,20006.07;0
20000,0.58,20006.2;0
20000,0.58,20006.2;0
20000,0.58,20006.32;0
20000,0.58,20006.45;0
20000,0.58,20006.45;0
20000,0.58,20006.45;0
20000,0.58,20006.45;0
20000,0.58,20006.45;0
20000,0.58,20006.45;0
20000,0.58,20006.45;0
20000,0.58,20006.45;0
20000,0.58,20006.45;0
20000,0.58,20006.58;0
20000,0.58,20006.58;0
20000,0.58,20006.58;0
20000,0.58,20006.58;0
20000,0.58,20006.58;0
20000,0.58,20006.58;0
20000,0.58,20006.58;0
20000,0.58,20006.58;0
20000,0.58,20006.58;0
20000,0.58,20006.58;0
20000,0.58,20006.58;0
20000,0.58,20006.58;0
20000,0.58,20006.58;0
20000,0.58,20006.58;0
20000,0.58,20006.58;0
20000,0.58,20006.58;0
20000,0.58,20006.58;0
20000,0.58,20006.58;0
20000,0.58,20006.58;0
20000,0.58,20006.58;0
20000,0.58,20006.58;0
20000,0.58,20006.58;0
20000,0.58,20006.58;0
20000,0.58,20006.58;0
20000,0.58,20006.58;0
20000,0.58,20006.58;0
20000,0.58,20006.58;0
20000,0.58,20006.58;0
20000,0.58,20006.58;0
20000,0.58,20006.58;0
20000,0.58,20006.58;0
20000,0.58,20006.58;0
20000,0.58,20006.58;0
20000,0.58,20006.58;0
20000,0.58,20006.58;0
20000,0.58,20006.58;0
20000,0.58,20006.58;0
20000,0.58,20006.58;0
20000,0.58,20006.58;0
20000,0.58,20006.58;0
20000,0.58,20006.58;0
20000,0.58,20006.71;0
20000,0.58,20006.71;0
20000,0.58,20006.83;0
20000,0.58,20006.96;0
20000,0.58,20006.96;0
20000,0.58,20007.09;0
20000,0.58,20007.21;0
20000,0.58,20007.21;0
20000,0.58,20007.34;0
20000,0.58,20007.34;0
20000,0.58,20007.47;0
20000,0.58,20007.59;0
20000,0.58,20007.59;0
20000,0.58,20007.72;0
20000,0.58,20007.85;0
20000,0.58,20007.85;0
20000,0.58,20007.97;0
20000,0.58,20008.1;0
20000,0.58,20008.1;0
20000,0.58,20008.23;0
20000,0.58,20008.23;0
20000,0.58,20008.36;0
20000,0.58,20008.48;0
20000,0.58,20008.48;0
20000,0.58,20008.61;0
20000,0.58,20008.74;0
20000,0.58,20008.74;0
20000,0.58,20008.86;0
20000,0.58,20008.99;0
20000,0.58,20008.99;0
20000,0.58,20008.99;0
20000,0.58,20009.12;0
20000,0.58,20009.12;0
20000,0.58,20009.24;0
20000,0.58,20009.24;0
20000,0.58,20009.24;0
20000,0.58,20009.24;0
20000,0.58,20009.37;0
20000,0.58,20009.37;0
20000,0.58,20009.37;0
20000,0.58,20009.37;0
20000,0.58,20009.5;0
20000,0.58,20009.5;0
20000,0.58,20009.5;0
20000,0.58,20009.5;0
20000,0.58,20009.5;0
20000,0.58,20009.5;0
20000,0.58,20009.6;0
20000,0.58,20009.69;0
20000,0.58,20009.69;0
20000,0.58,20009.69;0
20000,0.58,20009.79;0
20000,0.58,20009.88;0
20000,0.58,20009.88;0
20000,0.58,20009.97;0
20000,0.58,20009.97;0
20000,0.58,20010.08;0
20000,0.58,20010.21;0
20000,0.58,20010.34;0
20000,0.58,20010.34;0
20000,0.58,20010.46;0
20000,0.58,20010.46;0
20000,0.58,20010.59;0
20000,0.58,20010.72;0
20000,0.58,20010.72;0
20000,0.58,20010.84;0
20000,0.58,20010.97;0
20000,0.58,20010.97;0
20000,0.58,20011.1;0
20000,0.58,20011.22;0
20000,0.58,20011.22;0
20000,0.58,20011.35;0
20000,0.58,20011.48;0
20000,0.58,20011.48;0
20000,0.58,20011.61;0
20000,0.58,20011.61;0
20000,0.58,20011.73;0
20000,0.58,20011.86;0
20000,0.58,20011.86;0
20000,0.58,20011.99;0
20000,0.58,20012.11;0
20000,0.58,20012.11;0
20000,0.58,20012.24;0
20000,0.58,20012.37;0
20000,0.58,20012.37;0
20000,0.58,20012.49;0
20000,0.58,20012.62;0
20000,0.58,20012.62;0
20000,0.58,20012.75;0
20000,0.58,20012.88;0
20000,0.58,20012.88;0
20000,0.58,20013;0
20000,0.58,20013.13;0
20000,0.58,20013.13;0
20000,0.58,20013.26;0
20000,0.58,20013.26;0
20000,0.58,20013.38;0
20000,0.58,20013.38;0
20000,0.58,20013.38;0
20000,0.58,20013.38;0
20000,0.58,20013.38;0
20000,0.58,20013.38;0
20000,0.58,20013.38;0
20000,0.58,20013.38;0
20000,0.58,20013.38;0
20000,0.58,20013.38;0
20000,0.58,20013.38;0
20000,0.58,20013.38;0
20000,0.58,20013.38;0
20000,0.58,20013.38;0
20000,0.58,20013.38;0
20000,0.58,20013.38;0
20000,0.58,20013.38;0
20000,0.58,20013.38;0
20000,0.58,20013.38;0
20000,0.58,20013.38;0
20000,0.58,20013.38;0
20000,0.58,20013.38;0
20000,0.58,20013.38;0
20000,0.58,20013.38;0
20000,0.58,20013.38;0
20000,0.58,20013.38;0
20000,0.58,20013.38;0
20000,0.58,20013.38;0
20000,0.58,20013.38;0
20000,0.58,20013.38;0
20000,0.58,20013.38;0
20000,0.58,20013.38;0
20000,0.58,20013.38;0
20000,0.58,20013.38;0
20000,0.58,20013.38;0
20000,0.58,20013.38;0
20000,0.58,20013.38;0
20000,0.58,20013.38;0
20000,0.58,20013.38;0
20000,0.58,20013.38;0
20000,0.58,20013.38;0
20000,0.58,20013.38;0
20000,0.58,20013.51;0
20000,0.58,20013.51;0
20000,0.58,20013.51;0
20000,0.58,20013.51;0
20000,0.58,20013.51;0
20000,0.58,20013.64;0
20000,0.58,20013.64;0
20000,0.58,20013.76;0
20000,0.58,20013.89;0
20000,0.58,20013.89;0
20000,0.58,20014.02;0
20000,0.58,20014.02;0
20000,0.58,20014.02;0
20000,0.58,20014.14;0
20000,0.58,20014.14;0
20000,0.58,20014.27;0
20000,0.58,20014.4;0
20000,0.58,20014.53;0
20000,0.58,20014.53;0
20000,0.58,20014.65;0
20000,0.58,20014.78;0
20000,0.58,20014.78;0
20000,0.58,20014.91;0
20000,0.58,20015.03;0
20000,0.58,20015.03;0
20000,0.58,20015.16;0
20000,0.58,20015.16;0
20000,0.58,20015.29;0
20000,0.58,20015.41;0
20000,0.58,20015.41;0
20000,0.58,20015.54;0
20000,0.58,20015.67;0
20000,0.58,20015.67;0
20000,0.58,20015.8;0
20000,0.58,20015.92;0
20000,0.58,20016.05;0
20000,0.58,20016.05;0
20000,0.58,20016.18;0
20000,0.58,20016.18;0
20000,0.58,20016.18;0
20000,0.58,20016.18;0
20000,0.58,20016.18;0
20000,0.58,20016.18;0
20000,0.58,20016.18;0
20000,0.58,20016.18;0
20000,0.58,20016.18;0
20000,0.58,20016.18;0
20000,0.58,20016.18;0
20000,0.58,20016.18;0
20000,0.58,20016.3;0
20000,0.58,20016.43;0
20000,0.58,20016.43;0
20000,0.58,20016.43;0
20000,0.58,20016.56;0
20000,0.58,20016.56;0
20000,0.58,20016.56;0
20000,0.58,20016.69;0
20000,0.58,20016.69;0
20000,0.58,20016.81;0
20000,0.58,20016.94;0
20000,0.58,20016.94;0
20000,0.58,20017.07;0
20000,0.58,20017.07;0
20000,0.58,20017.07;0
20000,0.58,20017.19;0
20000,0.58,20017.32;0
20000,0.58,20017.32;0
20000,0.58,20017.32;0
20000,0.58,20017.45;0
20000,0.58,20017.45;0
20000,0.58,20017.57;0
20000,0.58,20017.7;0
20000,0.58,20017.83;0
20000,0.58,20017.83;0
20000,0.58,20017.96;0
20000,0.58,20018.08;0
20000,0.58,20018.08;0
20000,0.58,20018.21;0
20000,0.58,20018.34;0
20000,0.58,20018.34;0
20000,0.58,20018.46;0
20000,0.58,20018.59;0
20000,0.58,20018.59;0
20000,0.58,20018.72;0
20000,0.58,20018.84;0
20000,0.58,20018.84;0
20000,0.58,20018.97;0
20000,0.58,20019.1;0
20000,0.58,20019.1;0
20000,0.58,20019.22;0
20000,0.58,20019.22;0
20000,0.58,20019.35;0
20000,0.58,20019.48;0
20000,0.58,20019.61;0
20000,0.58,20019.61;0
20000,0.58,20019.73;0
20000,0.58,20019.73;0
20000,0.58,20019.86;0
20000,0.58,20019.99;0
20000,0.58,20019.99;0
20000,0.58,20020.11;0
20000,0.58,20020.24;0
20000,0.58,20020.24;0
20000,0.58,20020.37;0
20000,0.58,20020.37;0
20000,0.58,20020.49;0
20000,0.58,20020.62;0
20000,0.58,20020.75;0
20000,0.58,20020.88;0
20000,0.58,20020.88;0
20000,0.58,20021;0
20000,0.58,20021.13;0
20000,0.58,20021.13;0
20000,0.58,20021.26;0
20000,0.58,20021.38;0
20000,0.58,20021.38;0
20000,0.58,20021.51;0
20000,0.58,20021.64;0
20000,0.58,20021.64;0
20000,0.58,20021.77;0
20000,0.58,20021.77;0
20000,0.58,20021.77;0
20000,0.58,20021.77;0
20000,0.58,20021.77;0
20000,0.58,20021.77;0
20000,0.58,20021.77;0
20000,0.58,20021.77;0
20000,0.58,20021.77;0
20000,0.58,20021.77;0
20000,0.58,20021.77;0
20000,0.58,20021.77;0
20000,0.58,20021.77;0
20000,0.58,20021.77;0
20000,0.58,20021.77;0
20000,0.58,20021.77;0
20000,0.58,20021.77;0
20000,0.58,20021.77;0
20000,0.58,20021.77;0
20000,0.58,20021.77;0
20000,0.58,20021.77;0
20000,0.58,20021.77;0
20000,0.58,20021.77;0
20000,0.58,20021.77;0
20000,0.58,20021.77;0
20000,0.58,20021.77;0
20000,0.58,20021.77;0
20000,0.58,20021.77;0
20000,0.58,20021.77;0
20000,0.58,20021.77;0
20000,0.58,20021.77;0
20000,0.58,20021.77;0
20000,0.58,20021.77;0
20000,0.58,20021.77;0
20000,0.58,20021.77;0
20000,0.58,20021.77;0
20000,0.58,20021.77;0
20000,0.58,20021.77;0
20000,0.58,20021.77;0
20000,0.58,20021.77;0
20000,0.58,20021.77;0
20000,0.58,20021.77;0
20000,0.58,20021.77;0
20000,0.58,20021.77;0
20000,0.58,20021.77;0
20000,0.58,20021.77;0
20000,0.58,20021.77;0
20000,0.58,20021.77;0
20000,0.58,20021.77;0
20000,0.58,20021.77;0
20000,0.58,20021.77;0
20000,0.58,20021.77;0
20000,0.58,20021.77;0
20000,0.58,20021.77;0
20000,0.58,20021.77;0
20000,0.58,20021.89;0
20000,0.58,20021.89;0
20000,0.58,20021.89;0
20000,0.58,20021.89;0
20000,0.58,20021.89;0
20000,0.58,20021.89;0
20000,0.58,20022.02;0
20000,0.58,20022.15;0
20000,0.58,20022.27;0
20000,0.58,20022.27;0
20000,0.58,20022.4;0
20000,0.58,20022.53;0
20000,0.58,20022.53;0
20000,0.58,20022.65;0
20000,0.58,20022.78;0
20000,0.58,20022.78;0
20000,0.58,20022.91;0
20000,0.58,20023.04;0
20000,0.58,20023.04;0
20000,0.58,20023.16;0
20000,0.58,20023.29;0
20000,0.58,20023.29;0
20000,0.58,20023.42;0
20000,0.58,20023.54;0
20000,0.58,20023.54;0
20000,0.58,20023.67;0
20000,0.58,20023.8;0
20000,0.58,20023.8;0
20000,0.58,20023.8;0
20000,0.58,20023.8;0
20000,0.58,20023.8;0
20000,0.58,20023.8;0
20000,0.58,20023.8;0
20000,0.58,20023.8;0
20000,0.58,20023.8;0
20000,0.58,20023.8;0
20000,0.58,20023.8;0
20000,0.58,20023.8;0
20000,0.58,20023.8;0
20000,0.58,20023.8;0
20000,0.58,20023.8;0
20000,0.58,20023.8;0
20000,0.58,20023.8;0
20000,0.58,20023.8;0
20000,0.58,20023.8;0
20000,0.58,20023.8;0
20000,0.58,20023.8;0
20000,0.58,20023.8;0
20000,0.58,20023.8;0
20000,0.58,20023.8;0
20000,0.58,20023.8;0
20000,0.58,20023.8;0
20000,0.58,20023.8;0
20000,0.58,20023.92;0
20000,0.58,20023.92;0
20000,0.58,20024.05;0
20000,0.58,20024.05;0
20000,0.58,20024.18;0
20000,0.58,20024.18;0
20000,0.58,20024.18;0
20000,0.58,20024.18;0
20000,0.58,20024.18;0
20000,0.58,20024.3;0
20000,0.58,20024.43;0
20000,0.58,20024.43;0
20000,0.58,20024.56;0
20000,0.58,20024.69;0
20000,0.58,20024.69;0
20000,0.58,20024.81;0
20000,0.58,20024.94;0
20000,0.58,20024.94;0
20000,0.58,20025.07;0
20000,0.58,20025.07;0
20000,0.58,20025.19;0
20000,0.58,20025.32;0
20000,0.58,20025.32;0
20000,0.58,20025.45;0
20000,0.58,20025.57;0
20000,0.58,20025.57;0
20000,0.58,20025.7;0
20000,0.58,20025.7;0
20000,0.58,20025.83;0
20000,0.58,20025.96;0
20000,0.58,20025.96;0
20000,0.58,20026.08;0
20000,0.58,20026.21;0
20000,0.58,20026.21;0
20000,0.58,20026.34;0
20000,0.58,20026.46;0
20000,0.58,20026.46;0
20000,0.58,20026.59;0
20000,0.58,20026.72;0
20000,0.58,20026.72;0
20000,0.58,20026.85;0
20000,0.58,20026.97;0
20000,0.58,20027.1;0
20000,0.58,20027.23;0
20000,0.58,20027.35;0
20000,0.58,20027.35;0
20000,0.58,20027.48;0
20000,0.58,20027.48;0
20000,0.58,20027.61;0
20000,0.58,20027.73;0
20000,0.58,20027.73;0
20000,0.58,20027.86;0
20000,0.58,20027.99;0
20000,0.58,20027.99;0
20000,0.58,20028.12;0
20000,0.58,20028.24;0
20000,0.58,20028.24;0
20000,0.58,20028.37;0
20000,0.58,20028.5;0
20000,0.58,20028.5;0
20000,0.58,20028.62;0
20000,0.58,20028.75;0
20000,0.58,20028.75;0
20000,0.58,20028.88;0
20000,0.58,20028.88;0
20000,0.58,20029;0
20000,0.58,20029.13;0
20000,0.58,20029.13;0
20000,0.58,20029.26;0
20000,0.58,20029.38;0
20000,0.58,20029.38;0
20000,0.58,20029.51;0
20000,0.58,20029.51;0
20000,0.58,20029.64;0
20000,0.58,20029.77;0
20000,0.58,20029.89;0
20000,0.58,20029.89;0
20000,0.58,20030.02;0
20000,0.58,20030.02;0
20000,0.58,20030.02;0
20000,0.58,20030.15;0
20000,0.58,20030.15;0
20000,0.58,20030.15;0
20000,0.58,20030.15;0
20000,0.58,20030.15;0
20000,0.58,20030.15;0
20000,0.58,20030.15;0
20000,0.58,20030.15;0
20000,0.58,20030.15;0
20000,0.58,20030.15;0
20000,0.58,20030.15;0
20000,0.58,20030.15;0
20000,0.58,20030.15;0
20000,0.58,20030.15;0
20000,0.58,20030.15;0
20000,0.58,20030.15;0
20000,0.58,20030.15;0
20000,0.58,20030.15;0
20000,0.58,20030.15;0
20000,0.58,20030.15;0
20000,0.58,20030.15;0
20000,0.58,20030.15;0
20000,0.58,20030.15;0
20000,0.58,20030.15;0
20000,0.58,20030.15;0
20000,0.58,20030.15;0
20000,0.58,20030.15;0
20000,0.58,20030.15;0
20000,0.58,20030.15;0
20000,0.58,20030.15;0
20000,0.58,20030.15;0
20000,0.58,20030.15;0
20000,0.58,20030.15;0
20000,0.58,20030.15;0
20000,0.58,20030.15;0
20000,0.58,20030.15;0
20000,0.58,20030.15;0
20000,0.58,20030.15;0
20000,0.58,20030.15;0
20000,0.58,20030.15;0
20000,0.58,20030.15;0
20000,0.58,20030.15;0
20000,0.58,20030.15;0
20000,0.58,20030.15;0
20000,0.58,20030.15;0
20000,0.58,20030.15;0
20000,0.58,20030.15;0
20000,0.58,20030.15;0
20000,0.58,20030.15;0
20000,0.58,20030.15;0
20000,0.58,20030.15;0
20000,0.58,20030.15;0
20000,0.58,20030.15;0
20000,0.58,20030.15;0
20000,0.58,20030.15;0
20000,0.58,20030.15;0
20000,0.58,20030.15;0
20000,0.58,20030.15;0
20000,0.58,20030.15;0
20000,0.58,20030.15;0
20000,0.58,20030.15;0
20000,0.58,20030.27;0
20000,0.58,20030.27;0
20000,0.58,20030.4;0
20000,0.58,20030.4;0
20000,0.58,20030.53;0
20000,0.58,20030.65;0
20000,0.58,20030.78;0
20000,0.58,20030.91;0
20000,0.58,20030.91;0
20000,0.58,20031.04;0
20000,0.58,20031.16;0
20000,0.58,20031.16;0
20000,0.58,20031.29;0
20000,0.58,20031.29;0
20000,0.58,20031.42;0
20000,0.58,20031.54;0
20000,0.58,20031.54;0
20000,0.58,20031.67;0
20000,0.58,20031.67;0
20000,0.58,20031.67;0
20000,0.58,20031.8;0
20000,0.58,20031.93;0
20000,0.58,20031.93;0
20000,0.58,20032.05;0
20000,0.58,20032.18;0
20000,0.58,20032.18;0
20000,0.58,20032.31;0
20000,0.58,20032.31;0
20000,0.58,20032.31;0
20000,0.58,20032.31;0
20000,0.58,20032.31;0
20000,0.58,20032.31;0
20000,0.58,20032.31;0
20000,0.58,20032.31;0
20000,0.58,20032.31;0
20000,0.58,20032.31;0
20000,0.58,20032.31;0
20000,0.58,20032.31;0
20000,0.58,20032.31;0
20000,0.58,20032.31;0
20000,0.58,20032.43;0
20000,0.58,20032.56;0
20000,0.58,20032.69;0
20000,0.58,20032.69;0
20000,0.58,20032.69;0
20000,0.58,20032.69;0
20000,0.58,20032.69;0
20000,0.58,20032.69;0
20000,0.58,20032.69;0
20000,0.58,20032.69;0
20000,0.58,20032.69;0
20000,0.58,20032.69;0
20000,0.58,20032.69;0
20000,0.58,20032.69;0
20000,0.58,20032.69;0
20000,0.58,20032.81;0
20000,0.58,20032.81;0
20000,0.58,20032.94;0
20000,0.58,20032.94;0
20000,0.58,20033.07;0
20000,0.58,20033.2;0
20000,0.58,20033.2;0
20000,0.58,20033.32;0
20000,0.58,20033.32;0
20000,0.58,20033.45;0
20000,0.58,20033.58;0
20000,0.58,20033.7;0
20000,0.58,20033.7;0
20000,0.58,20033.83;0
20000,0.58,20033.96;0
20000,0.58,20033.96;0
20000,0.58,20034.08;0
20000,0.58,20034.21;0
20000,0.58,20034.21;0
20000,0.58,20034.34;0
20000,0.58,20034.46;0
20000,0.58,20034.59;0
20000,0.58,20034.59;0
20000,0.58,20034.72;0
20000,0.58,20034.72;0
20000,0.58,20034.85;0
20000,0.58,20034.97;0
20000,0.58,20034.97;0
20000,0.58,20035.1;0
20000,0.58,20035.23;0
20000,0.58,20035.23;0
20000,0.58,20035.35;0
20000,0.58,20035.48;0
20000,0.58,20035.48;0
20000,0.58,20035.61;0
20000,0.58,20035.73;0
20000,0.58,20035.86;0
20000,0.58,20035.86;0
20000,0.58,20035.99;0
20000,0.58,20036.12;0
20000,0.58,20036.12;0
20000,0.58,20036.24;0
20000,0.58,20036.37;0
20000,0.58,20036.37;0
20000,0.58,20036.5;0
20000,0.58,20036.62;0
20000,0.58,20036.62;0
20000,0.58,20036.75;0
20000,0.58,20036.88;0
20000,0.58,20036.88;0
20000,0.58,20037.01;0
20000,0.58,20037.13;0
20000,0.58,20037.26;0
20000,0.58,20037.26;0
20000,0.58,20037.39;0
20000,0.58,20037.51;0
20000,0.58,20037.51;0
20000,0.58,20037.64;0
20000,0.58,20037.64;0
20000,0.58,20037.77;0
20000,0.58,20037.89;0
20000,0.58,20037.89;0
20000,0.58,20038.02;0
20000,0.58,20038.15;0
20000,0.58,20038.15;0
20000,0.58,20038.28;0
20000,0.58,20038.4;0
20000,0.58,20038.4;0
20000,0.58,20038.53;0
20000,0.58,20038.53;0
20000,0.58,20038.66;0
20000,0.58,20038.78;0
20000,0.58,20038.78;0
20000,0.58,20038.91;0
20000,0.58,20039.04;0
20000,0.58,20039.04;0
20000,0.58,20039.16;0
20000,0.58,20039.29;0
20000,0.58,20039.29;0
20000,0.58,20039.42;0
20000,0.58,20039.54;0
20000,0.58,20039.54;0
20000,0.58,20039.67;0
20000,0.58,20039.8;0
20000,0.58,20039.8;0
20000,0.58,20039.93;0
20000,0.58,20039.93;0
20000,0.58,20040.05;0
20000,0.58,20040.18;0
20000,0.58,20040.18;0
20000,0.58,20040.31;0
20000,0.58,20040.43;0
20000,0.58,20040.43;0
20000,0.58,20040.56;0
20000,0.58,20040.69;0
20000,0.58,20040.69;0
20000,0.58,20040.81;0
20000,0.58,20040.94;0
20000,0.58,20040.94;0
20000,0.58,20041.07;0
20000,0.58,20041.2;0
20000,0.58,20041.2;0
20000,0.58,20041.32;0
20000,0.58,20041.32;0
20000,0.58,20041.32;0
20000,0.58,20041.32;0
20000,0.58,20041.32;0
20000,0.58,20041.45;0
20000,0.58,20041.58;0
20000,0.58,20041.7;0
20000,0.58,20041.7;0
20000,0.58,20041.83;0
20000,0.58,20041.83;0
20000,0.58,20041.96;0
20000,0.58,20042.09;0
20000,0.58,20042.21;0
20000,0.58,20042.21;0
20000,0.58,20042.34;0
20000,0.58,20042.47;0
20000,0.58,20042.47;0
20000,0.58,20042.59;0
20000,0.58,20042.59;0
20000,0.58,20042.59;0
20000,0.58,20042.59;0
20000,0.58,20042.59;0
20000,0.58,20042.59;0
20000,0.58,20042.59;0
20000,0.58,20042.59;0
20000,0.58,20042.59;0
20000,0.58,20042.59;0
20000,0.58,20042.59;0
20000,0.58,20042.59;0
20000,0.58,20042.59;0
20000,0.58,20042.59;0
20000,0.58,20042.59;0
20000,0.58,20042.59;0
20000,0.58,20042.72;0
20000,0.58,20042.85;0
20000,0.58,20042.85;0
20000,0.58,20042.97;0
20000,0.58,20043.09;0
20000,0.58,20043.09;0
20000,0.58,20043.19;0
20000,0.58,20043.25;0
20000,0.58,20043.25;0
20000,0.58,20043.29;0
20000,0.58,20043.29;0
20000,0.58,20043.29;0
20000,0.58,20043.29;0
20000,0.58,20043.28;0
20000,0.58,20043.27;0
20000,0.58,20043.27;0
20000,0.58,20043.26;0
20000,0.58,20043.25;0
20000,0.58,20043.25;0
20000,0.58,20043.24;0
20000,0.58,20043.23;0
20000,0.58,20043.23;0
20000,0.58,20043.22;0
20000,0.58,20043.22;0
20000,0.58,20043.22;0
20000,0.58,20043.22;0
20000,0.58,20043.22;0
20000,0.58,20043.22;0
20000,0.58,20043.21;0
20000,0.58,20043.21;0
20000,0.58,20043.2;0
20000,0.58,20043.2;0
20000,0.58,20043.19;0
20000,0.58,20043.17;0
20000,0.58,20043.16;0
20000,0.58,20043.16;0
20000,0.58,20043.16;0
20000,0.58,20043.16;0
20000,0.58,20043.16;0
20000,0.58,20043.16;0
20000,0.58,20043.16;0
20000,0.58,20043.16;0
20000,0.58,20043.16;0
20000,0.58,20043.16;0
20000,0.58,20043.16;0
20000,0.58,20043.16;0
20000,0.58,20043.16;0
20000,0.58,20043.16;0
20000,0.58,20043.16;0
20000,0.58,20043.16;0
20000,0.58,20043.16;0
20000,0.58,20043.16;0
20000,0.58,20043.16;0
20000,0.58,20043.16;0
20000,0.58,20043.16;0
20000,0.58,20043.15;0
20000,0.58,20043.14;0
20000,0.58,20043.13;0
20000,0.58,20043.13;0
20000,0.58,20043.13;0
20000,0.58,20043.13;0
20000,0.58,20043.13;0
20000,0.58,20043.12;0
20000,0.58,20043.12;0
20000,0.58,20043.11;0
20000,0.58,20043.1;0
20000,0.58,20043.1;0
20000,0.58,20043.1;0
20000,0.58,20043.1;0
20000,0.58,20043.1;0
20000,0.58,20043.1;0
20000,0.58,20043.1;0
20000,0.58,20043.1;0
20000,0.58,20043.1;0
20000,0.58,20043.1;0
20000,0.58,20043.09;0
20000,0.58,20043.09;0
20000,0.58,20043.09;0
20000,0.58,20043.09;0
20000,0.58,20043.09;0
20000,0.58,20043.09;0
20000,0.58,20043.09;0
20000,0.58,20043.09;0
20000,0.58,20043.09;0
20000,0.58,20043.09;0
20000,0.58,20043.09;0
20000,0.58,20043.08;0
20000,0.58,20043.08;0
20000,0.58,20043.08;0
20000,0.58,20043.08;0
20000,0.58,20043.08;0
20000,0.58,20043.08;0
20000,0.58,20043.08;0
20000,0.58,20043.08;0
20000,0.58,20043.08;0
20000,0.58,20043.08;0
20000,0.58,20043.08;0
20000,0.58,20043.08;0
20000,0.58,20043.08;0
20000,0.58,20043.08;0
20000,0.58,20043.08;0
20000,0.58,20043.08;0
20000,0.58,20043.08;0
20000,0.58,20043.08;0
20000,0.58,20043.08;0
20000,0.58,20043.08;0
20000,0.58,20043.08;0
20000,0.58,20043.08;0
20000,0.58,20043.08;0
20000,0.58,20043.08;0
20000,0.58,20043.08;0
20000,0.58,20043.08;0
20000,0.58,20043.08;0
20000,0.58,20043.08;0
20000,0.58,20043.08;0
20000,0.58,20043.08;0
20000,0.58,20043.08;0
20000,0.58,20043.08;0
20000,0.58,20043.08;0
20000,0.58,20043.08;0
20000,0.58,20043.08;0
20000,0.58,20043.08;0
20000,0.58,20043.08;0
20000,0.58,20043.08;0
20000,0.58,20043.08;0
20000,0.58,20043.08;0
20000,0.58,20043.08;0
20000,0.58,20043.08;0
20000,0.58,20043.08;0
20000,0.58,20043.08;0
20000,0.58,20043.08;0
20000,0.58,20043.08;0
20000,0.58,20043.08;0
20000,0.58,20043.08;0
20000,0.58,20043.08;0
20000,0.58,20043.08;0
20000,0.58,20043.08;0
20000,0.58,20043.08;0
20000,0.58,20043.08;0
20000,0.58,20043.08;0
20000,0.58,20043.08;0
20000,0.58,20043.08;0
20000,0.58,20043.08;0
20000,0.58,20043.08;0
20000,0.58,20043.08;0
20000,0.58,20043.08;0
20000,0.58,20043.08;0
20000,0.58,20043.08;0
20000,0.58,20043.08;0
20000,0.58,20043.08;0
20000,0.58,20043.08;0
20000,0.58,20043.08;0
20000,0.58,20043.08;0
20000,0.58,20043.08;0
20000,0.58,20043.08;0
20000,0.58,20043.08;0
20000,0.58,20043.08;0
20000,0.58,20043.08;0
20000,0.58,20043.08;0
20000,0.58,20043.08;0
20000,0.58,20043.08;0
20000,0.58,20043.08;0
20000,0.58,20043.08;0
20000,0.58,20043.08;0
20000,0.58,20043.08;0
20000,0.58,20043.08;0
20000,0.58,20043.08;0
20000,0.58,20043.08;0
20000,0.58,20043.08;0
20000,0.58,20043.08;0
20000,0.58,20043.08;0
20000,0.58,20043.08;0
20000,0.58,20043.08;0
20000,0.58,20043.08;0
20000,0.58,20043.08;0
20000,0.58,20043.08;0
20000,0.58,20043.08;0
20000,0.58,20043.08;0
20000,0.58,20043.08;0
20000,0.58,20043.08;0
20000,0.58,20043.08;0
20000,0.58,20043.08;0
20000,0.58,20043.08;0
20000,0.58,20043.08;0
20000,0.58,20043.08;0
20000,0.58,20043.08;0
20000,0.58,20043.08;0
20000,0.58,20043.08;0
20000,0.58,20043.08;0
20000,0.58,20043.08;0
20000,0.58,20043.08;0
20000,0.58,20043.08;0
20000,0.58,20043.08;0
20000,0.58,20043.08;0
20000,0.58,20043.08;0
20000,0.58,20043.08;0
20000,0.58,20043.08;0
20000,0.58,20043.09;0
20000,0.58,20043.09;0
20000,0.58,20043.09;0
20000,0.58,20043.09;0
20000,0.58,20043.09;0
20000,0.58,20043.09;0
20000,0.58,20043.09;0
20000,0.58,20043.09;0
20000,0.58,20043.13;0
20000,0.58,20043.13;0
20000,0.58,20043.13;0
20000,0.58,20043.21;0
20000,0.58,20043.21;0
20000,0.58,20043.31;0
20000,0.58,20043.31;0
20000,0.58,20043.31;0
20000,0.58,20043.31;0
20000,0.58,20043.31;0
20000,0.58,20043.31;0
20000,0.58,20043.31;0
20000,0.58,20043.31;0
20000,0.58,20043.31;0
20000,0.58,20043.31;0
20000,0.58,20043.31;0
20000,0.58,20043.31;0
20000,0.58,20043.31;0
20000,0.58,20043.31;0
20000,0.58,20043.31;0
20000,0.58,20043.31;0
20000,0.58,20043.31;0
20000,0.58,20043.31;0
20000,0.58,20043.31;0
20000,0.58,20043.31;0
20000,0.58,20043.31;0
20000,0.58,20043.31;0
20000,0.58,20043.31;0
20000,0.58,20043.31;0
20000,0.58,20043.31;0
20000,0.58,20043.43;0
20000,0.58,20043.56;0
20000,0.58,20043.56;0
20000,0.58,20043.69;0
20000,0.58,20043.81;0
20000,0.58,20043.81;0
20000,0.58,20043.94;0
20000,0.58,20044.07;0
20000,0.58,20044.07;0
20000,0.58,20044.2;0
20000,0.58,20044.32;0
20000,0.58,20044.44;0
20000,0.58,20044.44;0
20000,0.58,20044.44;0
20000,0.58,20044.44;0
20000,0.58,20044.44;0
20000,0.58,20044.44;0
20000,0.58,20044.44;0
20000,0.58,20044.44;0
20000,0.58,20044.44;0
20000,0.58,20044.44;0
20000,0.58,20044.44;0
20000,0.58,20044.44;0
20000,0.58,20044.44;0
20000,0.58,20044.44;0
20000,0.58,20044.44;0
20000,0.58,20044.44;0
20000,0.58,20044.54;0
20000,0.58,20044.62;0
20000,0.58,20044.62;0
20000,0.58,20044.71;0
20000,0.58,20044.78;0
20000,0.58,20044.78;0
20000,0.58,20044.85;0
20000,0.58,20044.94;0
20000,0.58,20045.03;0
20000,0.58,20045.03;0
20000,0.58,20045.03;0
20000,0.58,20045.12;0
20000,0.58,20045.21;0
20000,0.58,20045.21;0
20000,0.58,20045.31;0
20000,0.58,20045.4;0
20000,0.58,20045.4;0
20000,0.58,20045.49;0
20000,0.58,20045.59;0
20000,0.58,20045.59;0
20000,0.58,20045.68;0
20000,0.58,20045.68;0
20000,0.58,20045.68;0
20000,0.58,20045.68;0
20000,0.58,20045.68;0
20000,0.58,20045.68;0
20000,0.58,20045.68;0
20000,0.58,20045.68;0
20000,0.58,20045.77;0
20000,0.58,20045.87;0
20000,0.58,20045.87;0
20000,0.58,20045.87;0
20000,0.58,20045.97;0
20000,0.58,20045.97;0
20000,0.58,20045.97;0
20000,0.58,20045.97;0
20000,0.58,20046.07;0
20000,0.58,20046.17;0
20000,0.58,20046.28;0
20000,0.58,20046.38;0
20000,0.58,20046.49;0
20000,0.58,20046.49;0
20000,0.58,20046.6;0
20000,0.58,20046.71;0
20000,0.58,20046.71;0
20000,0.58,20046.83;0
20000,0.58,20046.95;0
20000,0.58,20046.95;0
20000,0.58,20047.06;0
20000,0.58,20047.06;0
20000,0.58,20047.18;0
20000,0.58,20047.29;0
20000,0.58,20047.29;0
20000,0.58,20047.41;0
20000,0.58,20047.52;0
20000,0.58,20047.64;0
