20000,0.5,20000;0
20000,0.5800001,20000;0.005729198
20000,0.5800001,20000;0.005729198
20000,0.5800001,20000;0.005729198
20000,0.5800001,20000;0.005729198
20000,0.5800001,20000;0.005729198
20000,0.5800001,20000;0
20000,0.5800001,20000;0
20000,0.5800001,20000;0
20000,0.5800001,20000;0
20000,0.5800001,20000;0
20000,0.5800001,20000;0
20000,0.5800001,20000;0
20000,0.5800001,20000;0
20000,0.5800001,20000;0
20000,0.5800001,20000;0
20000,0.5800001,20000;0
20000,0.5800001,20000;0
20000,0.5800001,20000;0
20000,0.5800001,20000;0
20000,0.5800001,20000;0
20000,0.5800001,20000;0
20000,0.5800001,20000;0
20000,0.5800001,20000;0
20000,0.5800001,20000;0
20000,0.5800001,20000;0
20000,0.5800001,20000;0
20000,0.5800001,20000;0
20000,0.5800001,20000;0
20000,0.5800001,20000;0
20000,0.5800001,20000;0
20000,0.5800001,20000;0
20000,0.5800001,20000;0
20000,0.5800001,20000;0
20000,0.5800001,20000;0
20000,0.5800001,20000;0
20000,0.5800001,20000;0
20000,0.5800001,20000;0
20000,0.5800001,20000;0
20000,0.5800001,20000;0
20000,0.5800001,20000;0
20000,0.5800001,20000;0
20000,0.5800001,20000;0
20000,0.5800001,20000;0
20000,0.5800001,20000;0
20000,0.5800001,20000;0
20000,0.5800001,20000;0
20000,0.5800001,20000;0
20000,0.5800001,20000;0
20000,0.5800001,20000;0
20000,0.5800001,20000;0
20000,0.5800001,20000;0
20000,0.5800001,20000;0
20000,0.5800001,20000;0
20000,0.5800001,20000;0
20000,0.5800001,20000;0
20000,0.5800001,20000;0
20000,0.5800001,20000;0
20000,0.5800001,20000;0
20000,0.5800001,20000;0
20000,0.5800001,20000;0
20000,0.5800001,20000;0
20000,0.5800001,20000;0
20000,0.5800001,20000;0
20000,0.5800001,20000;0
20000,0.5800001,20000;0
20000,0.5800001,20000;0
20000,0.5800001,20000;0
20000,0.5800001,20000;0
20000,0.5800001,20000;0
20000,0.5800001,20000;0
20000,0.5800001,20000;0
20000,0.5800001,20000;0
20000,0.5800001,20000;0
20000,0.5800001,20000;0
20000,0.5800001,20000;0
20000,0.5800001,20000;0
20000,0.5800001,20000;0
20000,0.5800001,20000;0
20000,0.5800001,20000;0
20000,0.5800001,20000;0
20000,0.5800001,20000;0
20000,0.5800001,20000;0
20000,0.5800001,20000;0
20000,0.5800001,20000;0
20000,0.5800001,20000;0
20000,0.5800001,20000;0
20000,0.5800001,19999.99;0
20000,0.5800001,19999.99;0
20000,0.5800001,19999.99;0
20000,0.5800001,19999.99;0
20000,0.5800001,19999.99;0
20000,0.5800001,19999.99;0
20000,0.5800001,19999.99;0
20000,0.5800001,19999.99;0
20000,0.5800001,19999.99;0
20000,0.5800001,19999.99;0
20000,0.5800001,19999.99;0
20000,0.5800001,19999.99;0
20000,0.5800001,19999.99;0
20000,0.5800001,19999.99;0
20000,0.5800001,19999.99;0
20000,0.5800001,19999.99;0
20000,0.5800001,19999.99;0
20000,0.5800001,19999.99;0
20000,0.5800001,19999.99;0
20000,0.5800001,19999.99;0
20000,0.5800001,19999.99;0
20000,0.5800001,19999.99;0
20000,0.5800001,19999.99;0
20000,0.5800001,19999.99;0
20000,0.5800001,19999.99;0
20000,0.5800001,19999.99;0
20000,0.5800001,19999.99;0
20000,0.5800001,19999.99;0
20000,0.5800001,19999.99;0
20000,0.5800001,19999.99;0
20000,0.5800001,19999.99;0
20000,0.5800001,19999.99;0
20000,0.5800001,19999.99;0
20000,0.5800001,19999.99;0
20000,0.5800001,19999.99;0
20000,0.5800001,19999.99;0
20000,0.5800001,19999.99;0
20000,0.5800001,19999.99;0
20000,0.5800001,19999.99;0
20000,0.5800001,19999.99;0
20000,0.5800001,19999.99;0
20000,0.5800001,19999.99;0
20000,0.5800001,19999.99;0
20000,0.5800001,19999.99;0
20000,0.5800001,19999.99;0
20000,0.5800001,19999.99;0
20000,0.5800001,19999.99;0
20000,0.5800001,19999.99;0
20000,0.5800001,19999.99;0
20000,0.5800001,19999.99;0
20000,0.5800001,19999.99;0
20000,0.5800001,19999.99;0
20000,0.5800001,19999.99;0
20000,0.5800001,19999.99;0
20000,0.5800001,19999.99;0
20000,0.5800001,19999.99;0
20000,0.5800001,19999.99;0
20000,0.5800001,19999.99;0
20000,0.5800001,20000;0
20000,0.5800001,20000;0
20000,0.5800001,20000;0
20000,0.5800001,20000;0
20000,0.5800001,20000;0
20000,0.5800001,20000;0
20000,0.5800001,20000;0
20000,0.5800001,20000;0
20000,0.5800001,20000;0
20000,0.5800001,20000;0
20000,0.5800001,20000;0
20000,0.5800001,20000;0
20000,0.5800001,20000;0
20000,0.5800001,20000;0
20000,0.5800001,20000;0
20000,0.5800001,20000;0
20000,0.5800001,20000;0
20000,0.5800001,20000;0
20000,0.5800001,20000;0
20000,0.5800001,20000;0
20000,0.5800001,20000;0
20000,0.5800001,20000;0
20000,0.5800001,20000;0
20000,0.5800001,20000;0
20000,0.5800001,20000;0
20000,0.5800001,20000;0
20000,0.5800001,20000;0
20000,0.5800001,20000;0
20000,0.5800001,20000;0
20000,0.5800001,20000;0
20000,0.5800001,20000;0
20000,0.5800001,20000;0
20000,0.5800001,20000;0
20000,0.5800001,20000;0
20000,0.5800001,20000;0
20000,0.5800001,20000;0
20000,0.5800001,20000;0
20000,0.5800001,20000;0
20000,0.5800001,20000;0
20000,0.5800001,20000;0
20000,0.5800001,20000;0
20000,0.5800001,20000;0
20000,0.5800001,20000;0
20000,0.5800001,20000;0
20000,0.5800001,20000;0
20000,0.5800001,20000;0
20000,0.5800001,20000;0
20000,0.5800001,20000;0
20000,0.5800001,20000;0
20000,0.5800001,20000;0
20000,0.5800001,20000;0
20000,0.5800001,20000;0
20000,0.5800001,20000;0
20000,0.5800001,20000;0
20000,0.5800001,20000;0
20000,0.5800001,20000;0
20000,0.5800001,20000;0
20000,0.5800001,20000;0
20000,0.5800001,20000;0
20000,0.5800001,20000;0
20000,0.5800001,20000;0
20000,0.5800001,20000;0
20000,0.5800001,20000;0
20000,0.5800001,20000;0
20000,0.5800001,20000;0
20000,0.5800001,20000;0
20000,0.5800001,20000;0
20000,0.5800001,20000;0
20000,0.5800001,20000;0
20000,0.5800001,20000;0
20000,0.5800001,20000;0
20000,0.5800001,20000;0
20000,0.5800001,20000;0
20000,0.5800001,20000;0
20000,0.5800001,20000;0
20000,0.5800001,20000;0
20000,0.5800001,20000;0
20000,0.5800001,20000;0
20000,0.5800001,20000;0
20000,0.5800001,20000;0
20000,0.5800001,20000;0
20000,0.5800001,20000;0
20000,0.5800001,20000;0
20000,0.5800001,20000;0
20000,0.5800001,20000;0
20000,0.5800001,20000;0
20000,0.5800001,20000;0
20000,0.5800001,20000;0
20000,0.5800001,20000;0
20000,0.5800001,20000;0
20000,0.5800001,20000;0
20000,0.5800001,20000;0
20000,0.5800001,20000;0
20000,0.5800001,20000;0
20000,0.5800001,20000;0
20000,0.5800001,20000;0
20000,0.5800001,20000;0
20000,0.5800001,20000;0
20000,0.5800001,20000;0
20000,0.5800001,20000;0
20000,0.5800001,20000;0
20000,0.5800001,20000;0
20000,0.5800001,20000;0
20000,0.5800001,20000;0
20000,0.5800001,20000;0
20000,0.5800001,20000;0
20000,0.5800001,20000;0.005729198
20000,0.5800001,20000;0.005729198
20000,0.5800001,20000;0.005729198
20000,0.5800001,20000;0.0114584
20000,0.5800001,20000;0.0114584
20000,0.5800001,20000;0.0114584
20000,0.5800001,20000;0.0114584
20000,0.5800001,20000;0.0114584
20000,0.5800001,20000;0.0114584
20000,0.5800001,20000;0.0114584
20000,0.5800001,20000;0.0114584
20000,0.5800001,20000;0.0114584
20000,0.5800001,20000;0.0114584
20000,0.5800001,20000;0.0114584
20000,0.5800001,20000;0.0114584
20000,0.5800001,20000;0.0114584
20000,0.5800001,20000;0.0114584
20000,0.5800001,20000;0.0114584
20000,0.5800001,20000;0.0114584
20000,0.5800001,20000;0.0114584
20000,0.5800001,20000;0.0114584
20000,0.5800001,20000;0.0114584
20000,0.5800001,20000;0.0114584
20000,0.5800001,20000;0.0114584
20000,0.5800001,20000;0.0114584
20000,0.5800001,20000;0.0114584
20000,0.5800001,20000;0.0114584
20000,0.5800001,20000;0.0114584
20000,0.5800001,20000;0.0114584
20000,0.5800001,20000;0.0114584
20000,0.5800001,20000;0.0114584
20000,0.5800001,20000;0.0114584
20000,0.5800001,20000;0.0114584
20000,0.5800001,20000;0.0114584
20000,0.5800001,20000;0.0114584
20000,0.5800001,20000;0.0114584
20000,0.5800001,20000;0.0114584
20000,0.5800001,20000;0.0114584
20000,0.5800001,20000;0.0114584
20000,0.5800001,20000;0.0114584
20000,0.5800001,20000;0.0114584
20000,0.5800001,20000;0.0114584
20000,0.5800001,20000;0.0114584
20000,0.5800001,20000;0.0114584
20000,0.5800001,20000;0.0114584
20000,0.5800001,20000;0.0114584
20000,0.5800001,20000;0.0114584
20000,0.5800001,20000;0.0114584
20000,0.5800001,20000;0.0114584
20000,0.5800001,20000;0.0114584
20000,0.5800001,20000;0.0114584
20000,0.5800001,20000;0.0114584
20000,0.5800001,20000;0.0114584
20000,0.5800001,20000;0.0114584
20000,0.5800001,20000;0.0114584
20000,0.5800001,20000;0.0114584
20000,0.5800001,20000;0.0114584
20000,0.5800001,20000;0.01718759
20000,0.5800001,20000;359.9886
20000,0.5800001,20000;359.9886
20000,0.5800001,20000;359.9599
20000,0.5800001,20000;359.9542
20000,0.5800001,20000.01;359.9484
20000,0.5800001,20000.01;359.9484
20000,0.5800001,20000.02;359.9427
20000,0.5800001,20000.02;359.9427
20000,0.5800001,20000.02;359.9427
20000,0.5800001,20000.02;359.9427
20000,0.5800001,20000.04;359.937
20000,0.5800001,20000.04;359.937
20000,0.5800001,20000.06;359.9312
20000,0.5800001,20000.09;359.9198
20000,0.5800001,20000.13;359.9083
20000,0.5800001,20000.18;359.8797
20000,0.5800001,20000.18;359.8797
20000,0.5800001,20000.22;359.851
20000,0.5800001,20000.26;359.8281
20000,0.5800001,20000.26;359.8281
20000,0.5800001,20000.32;359.8052
20000,0.5800001,20000.37;359.7995
20000,0.5800001,20000.37;359.7995
20000,0.5800001,20000.44;359.7938
20000,0.5800001,20000.51;359.7766
20000,0.5800001,20000.58;359.7536
20000,0.5800001,20000.58;359.7536
20000,0.5800001,20000.67;359.6964
20000,0.5800001,20000.67;359.6964
20000,0.5800001,20000.75;359.6391
20000,0.5800001,20000.84;359.6047
20000,0.5800001,20000.84;359.6047
20000,0.5800001,20000.91;359.5703
20000,0.5800001,20001;359.4958
19999.99,0.5800001,20001.09;359.4328
19999.99,0.5800001,20001.09;359.4328
19999.99,0.5800001,20001.16;359.3698
19999.99,0.5800001,20001.24;359.2953
19999.99,0.5800001,20001.24;359.2953
19999.99,0.5800001,20001.32;359.2208
19999.99,0.5800001,20001.4;359.1578
19999.99,0.5800001,20001.4;359.1578
19999.99,0.5800001,20001.49;359.0948
19999.99,0.5800001,20001.58;359.0375
19999.99,0.5800001,20001.65;358.9802
19999.98,0.5800001,20001.72;358.9172
19999.98,0.5800001,20001.72;358.9172
19999.98,0.5800001,20001.81;358.8542
19999.98,0.5800001,20001.9;358.7854
19999.98,0.5800001,20001.9;358.7854
19999.98,0.5800001,20001.98;358.7167
19999.98,0.5800001,20002.07;358.6536
19999.98,0.5800001,20002.07;358.6536
19999.98,0.5800001,20002.14;358.5906
19999.97,0.5800001,20002.22;358.5219
19999.97,0.5800001,20002.3;358.4531
19999.97,0.5800001,20002.3;358.4531
19999.97,0.5800001,20002.3;358.4531
19999.97,0.5800001,20002.38;358.3901
19999.97,0.5800001,20002.38;358.3901
19999.97,0.5800001,20002.38;358.3901
19999.97,0.5800001,20002.46;358.3271
19999.96,0.5800001,20002.53;358.2583
19999.96,0.5800001,20002.53;358.2583
19999.96,0.5800001,20002.61;358.1953
19999.96,0.5800001,20002.69;358.1323
19999.96,0.5800001,20002.77;358.075
19999.96,0.5800001,20002.77;358.075
19999.96,0.5800001,20002.83;358.0177
19999.95,0.5800001,20002.9;357.9489
19999.95,0.5800001,20002.9;357.9489
19999.95,0.5800001,20002.98;357.8802
19999.95,0.5800001,20003.06;357.8229
19999.95,0.5800001,20003.06;357.8229
19999.94,0.5800001,20003.14;357.7542
19999.94,0.5800001,20003.14;357.7542
19999.94,0.5800001,20003.21;357.6911
19999.94,0.5800001,20003.21;357.6911
19999.94,0.5800001,20003.21;357.6911
19999.94,0.5800001,20003.29;357.6224
19999.94,0.5800001,20003.29;357.6224
19999.94,0.5800001,20003.29;357.6224
19999.93,0.5800001,20003.35;357.5536
19999.93,0.5800001,20003.41;357.4963
19999.93,0.5800001,20003.41;357.4963
19999.93,0.5800001,20003.49;357.4333
19999.92,0.5800001,20003.57;357.3703
19999.92,0.5800001,20003.65;357.3073
19999.92,0.5800001,20003.65;357.3073
19999.92,0.5800001,20003.71;357.2443
19999.91,0.5800001,20003.78;357.187
19999.91,0.5800001,20003.78;357.187
19999.91,0.5800001,20003.85;357.1297
19999.91,0.5800001,20003.92;357.0609
19999.9,0.5800001,20004;356.9922
19999.9,0.5800001,20004;356.9922
19999.9,0.5800001,20004.06;356.9234
19999.9,0.5800001,20004.13;356.8719
19999.9,0.5800001,20004.13;356.8719
19999.89,0.5800001,20004.2;356.8203
19999.89,0.5800001,20004.27;356.7573
19999.89,0.5800001,20004.27;356.7573
19999.88,0.5800001,20004.34;356.6942
19999.88,0.5800001,20004.41;356.6312
19999.88,0.5800001,20004.47;356.5739
19999.88,0.5800001,20004.47;356.5739
19999.87,0.5800001,20004.54;356.5166
19999.87,0.5800001,20004.61;356.4479
19999.87,0.5800001,20004.61;356.4479
19999.86,0.5800001,20004.68;356.3792
19999.86,0.5800001,20004.75;356.3161
19999.86,0.5800001,20004.75;356.3161
19999.86,0.5800001,20004.81;356.2531
19999.85,0.5800001,20004.87;356.1958
19999.85,0.5800001,20004.94;356.1385
19999.84,0.5800001,20005;356.0755
19999.84,0.5800001,20005;356.0755
19999.84,0.5800001,20005.07;356.0125
19999.83,0.5800001,20005.14;355.9609
19999.83,0.5800001,20005.14;355.9609
19999.83,0.5800001,20005.2;355.8979
19999.83,0.5800001,20005.2;355.8979
19999.82,0.5800001,20005.26;355.8349
19999.82,0.5800001,20005.33;355.7719
19999.81,0.5800001,20005.4;355.7146
19999.81,0.5800001,20005.4;355.7146
19999.81,0.5800001,20005.45;355.6516
19999.81,0.5800001,20005.45;355.6516
19999.8,0.5800001,20005.52;355.5885
19999.8,0.5800001,20005.58;355.5255
19999.8,0.5800001,20005.58;355.5255
19999.79,0.5800001,20005.64;355.4625
19999.79,0.5800001,20005.71;355.4109
19999.79,0.5800001,20005.76;355.3593
19999.78,0.5800001,20005.82;355.2963
19999.78,0.5800001,20005.82;355.2963
19999.78,0.5800001,20005.88;355.2333
19999.77,0.5800001,20005.94;355.1703
19999.77,0.5800001,20005.94;355.1703
19999.76,0.5800001,20006.01;355.1073
19999.76,0.5800001,20006.07;355.05
19999.76,0.5800001,20006.07;355.05
19999.75,0.5800001,20006.12;354.9927
19999.75,0.5800001,20006.18;354.9297
19999.74,0.5800001,20006.24;354.8666
19999.74,0.5800001,20006.24;354.8666
19999.74,0.5800001,20006.24;354.8666
19999.74,0.5800001,20006.3;354.8151
19999.74,0.5800001,20006.3;354.8151
19999.74,0.5800001,20006.3;354.8151
19999.73,0.5800001,20006.35;354.7635
19999.73,0.5800001,20006.41;354.6948
19999.73,0.5800001,20006.41;354.6948
19999.72,0.5800001,20006.46;354.6317
19999.72,0.5800001,20006.53;354.5687
19999.71,0.5800001,20006.59;354.5172
19999.71,0.5800001,20006.59;354.5172
19999.71,0.5800001,20006.63;354.4656
19999.7,0.5800001,20006.68;354.4026
19999.7,0.5800001,20006.68;354.4026
19999.7,0.5800001,20006.74;354.3395
19999.69,0.5800001,20006.8;354.2765
19999.69,0.5800001,20006.8;354.2765
19999.68,0.5800001,20006.86;354.2135
19999.68,0.5800001,20006.91;354.1505
19999.67,0.5800001,20006.96;354.0989
19999.67,0.5800001,20006.96;354.0989
19999.67,0.5800001,20007.02;354.0474
19999.66,0.5800001,20007.07;353.9843
19999.66,0.5800001,20007.07;353.9843
19999.66,0.5800001,20007.13;353.9213
19999.65,0.5800001,20007.19;353.8698
19999.65,0.5800001,20007.19;353.8698
19999.64,0.5800001,20007.23;353.8067
19999.64,0.5800001,20007.23;353.8067
19999.64,0.5800001,20007.29;353.7437
19999.63,0.5800001,20007.35;353.6864
19999.63,0.5800001,20007.35;353.6864
19999.63,0.5800001,20007.4;353.6291
19999.63,0.5800001,20007.4;353.6291
19999.63,0.5800001,20007.4;353.6291
19999.62,0.5800001,20007.45;353.5661
19999.62,0.5800001,20007.45;353.5661
19999.62,0.5800001,20007.45;353.5661
19999.62,0.5800001,20007.5;353.5031
19999.61,0.5800001,20007.55;353.4401
19999.6,0.5800001,20007.6;353.3828
19999.6,0.5800001,20007.6;353.3828
19999.6,0.5800001,20007.65;353.3255
19999.59,0.5800001,20007.7;353.2682
19999.59,0.5800001,20007.7;353.2682
19999.59,0.5800001,20007.75;353.2109
19999.58,0.5800001,20007.81;353.1422
19999.58,0.5800001,20007.81;353.1422
19999.57,0.5800001,20007.85;353.0906
19999.57,0.5800001,20007.85;353.0906
19999.57,0.5800001,20007.9;353.039
19999.56,0.5800001,20007.96;352.976
19999.56,0.5800001,20007.96;352.976
19999.55,0.5800001,20008.01;352.9187
19999.55,0.5800001,20008.01;352.9187
19999.55,0.5800001,20008.01;352.9187
19999.55,0.5800001,20008.05;352.8614
19999.54,0.5800001,20008.1;352.8041
19999.54,0.5800001,20008.15;352.7411
19999.54,0.5800001,20008.15;352.7411
19999.53,0.5800001,20008.2;352.6781
19999.52,0.5800001,20008.25;352.6208
19999.52,0.5800001,20008.25;352.6208
19999.52,0.5800001,20008.3;352.5635
19999.51,0.5800001,20008.35;352.5119
19999.51,0.5800001,20008.35;352.5119
19999.51,0.5800001,20008.35;352.5119
19999.5,0.5800001,20008.39;352.4489
19999.5,0.5800001,20008.45;352.3859
19999.49,0.5800001,20008.49;352.3229
19999.49,0.5800001,20008.49;352.3229
19999.49,0.5800001,20008.54;352.2599
19999.48,0.5800001,20008.58;352.2083
19999.48,0.5800001,20008.58;352.2083
19999.47,0.5800001,20008.63;352.1567
19999.46,0.5800001,20008.68;352.0994
19999.46,0.5800001,20008.68;352.0994
19999.46,0.5800001,20008.73;352.0421
19999.45,0.5800001,20008.78;351.9848
19999.45,0.5800001,20008.82;351.9276
19999.45,0.5800001,20008.82;351.9276
19999.45,0.5800001,20008.82;351.9276
19999.44,0.5800001,20008.87;351.8645
19999.44,0.5800001,20008.87;351.8645
19999.43,0.5800001,20008.92;351.8015
19999.42,0.5800001,20008.97;351.7442
19999.42,0.5800001,20008.97;351.7442
19999.42,0.5800001,20008.97;351.7442
19999.42,0.5800001,20009.02;351.6927
19999.41,0.5800001,20009.06;351.6411
19999.4,0.5800001,20009.11;351.5838
19999.4,0.5800001,20009.11;351.5838
19999.4,0.5800001,20009.16;351.5265
19999.39,0.5800001,20009.21;351.4635
19999.39,0.5800001,20009.21;351.4635
19999.38,0.5800001,20009.25;351.4005
19999.38,0.5800001,20009.29;351.3489
19999.38,0.5800001,20009.29;351.3489
19999.37,0.5800001,20009.34;351.2973
19999.36,0.5800001,20009.39;351.2343
19999.35,0.5800001,20009.44;351.1713
19999.35,0.5800001,20009.44;351.1713
19999.35,0.5800001,20009.44;351.1713
19999.35,0.5800001,20009.48;351.1197
19999.35,0.5800001,20009.48;351.1197
19999.35,0.5800001,20009.48;351.1197
19999.34,0.5800001,20009.51;351.0739
19999.34,0.5800001,20009.51;351.0739
19999.34,0.5800001,20009.51;351.0739
19999.34,0.5800001,20009.52;351.0739
19999.34,0.5800001,20009.53;351.0739
19999.34,0.5800001,20009.54;351.1025
19999.34,0.5800001,20009.54;351.1025
19999.34,0.5800001,20009.54;351.1312
19999.34,0.5800001,20009.54;351.1599
19999.34,0.5800001,20009.54;351.1599
19999.34,0.5800001,20009.55;351.1885
19999.34,0.5800001,20009.55;351.2
19999.34,0.5800001,20009.55;351.2
19999.34,0.5800001,20009.55;351.2114
19999.34,0.5800001,20009.55;351.2114
19999.34,0.5800001,20009.55;351.2229
19999.34,0.5800001,20009.55;351.2229
19999.34,0.5800001,20009.55;351.2229
19999.33,0.5800001,20009.56;351.2343
19999.33,0.5800001,20009.56;351.2343
19999.33,0.5800001,20009.56;351.2343
19999.33,0.5800001,20009.56;351.2458
19999.33,0.5800001,20009.56;351.2458
19999.33,0.5800001,20009.56;351.2458
19999.33,0.5800001,20009.56;351.2572
19999.33,0.5800001,20009.56;351.2687
19999.33,0.5800001,20009.56;351.2687
19999.33,0.5800001,20009.56;351.2687
19999.33,0.5800001,20009.56;351.2802
19999.33,0.5800001,20009.56;351.2802
19999.33,0.5800001,20009.56;351.2802
19999.33,0.5800001,20009.56;351.2802
19999.33,0.5800001,20009.56;351.2916
19999.33,0.5800001,20009.56;351.2916
19999.33,0.5800001,20009.56;351.3031
19999.33,0.5800001,20009.56;351.3031
19999.34,0.5800001,20009.55;351.3145
19999.34,0.5800001,20009.55;351.3145
19999.34,0.5800001,20009.55;351.3145
19999.34,0.5800001,20009.55;351.326
19999.34,0.5800001,20009.55;351.326
19999.34,0.5800001,20009.55;351.326
19999.34,0.5800001,20009.54;351.3374
19999.34,0.5800001,20009.54;351.3374
19999.34,0.5800001,20009.54;351.3374
19999.34,0.5800001,20009.53;351.3374
19999.34,0.5800001,20009.53;351.3374
19999.34,0.5800001,20009.53;351.3374
19999.34,0.5800001,20009.53;351.326
19999.34,0.5800001,20009.53;351.326
19999.34,0.5800001,20009.52;351.3145
19999.34,0.5800001,20009.52;351.3031
19999.34,0.5800001,20009.52;351.3031
19999.34,0.5800001,20009.51;351.2916
19999.34,0.5800001,20009.51;351.2802
19999.34,0.5800001,20009.51;351.2687
19999.34,0.5800001,20009.51;351.2687
19999.34,0.5800001,20009.51;351.2687
19999.34,0.5800001,20009.5;351.2572
19999.34,0.5800001,20009.5;351.2515
19999.34,0.5800001,20009.5;351.2515
19999.35,0.5800001,20009.49;351.2458
19999.35,0.5800001,20009.49;351.2458
19999.35,0.5800001,20009.49;351.2458
19999.35,0.5800001,20009.49;351.2343
19999.35,0.5800001,20009.49;351.2343
19999.35,0.5800001,20009.49;351.2286
19999.35,0.5800001,20009.49;351.2286
19999.35,0.5800001,20009.48;351.2229
19999.35,0.5800001,20009.48;351.2171
19999.35,0.5800001,20009.48;351.2171
19999.35,0.5800001,20009.47;351.2114
19999.35,0.5800001,20009.47;351.2
19999.35,0.5800001,20009.47;351.2
19999.35,0.5800001,20009.47;351.1885
19999.35,0.5800001,20009.46;351.1827
19999.35,0.5800001,20009.46;351.177
19999.35,0.5800001,20009.46;351.177
19999.35,0.5800001,20009.46;351.177
19999.35,0.5800001,20009.45;351.1713
19999.35,0.5800001,20009.45;351.1713
19999.35,0.5800001,20009.45;351.1713
19999.35,0.5800001,20009.45;351.1656
19999.35,0.5800001,20009.44;351.1598
19999.35,0.5800001,20009.44;351.1598
19999.35,0.5800001,20009.44;351.1541
19999.35,0.5800001,20009.44;351.1484
19999.35,0.5800001,20009.43;351.1426
19999.35,0.5800001,20009.43;351.1426
19999.36,0.5800001,20009.43;351.1369
19999.36,0.5800001,20009.42;351.1312
19999.36,0.5800001,20009.42;351.1312
19999.36,0.5800001,20009.42;351.1255
19999.36,0.5800001,20009.42;351.1197
19999.36,0.5800001,20009.42;351.1197
19999.36,0.5800001,20009.41;351.114
19999.36,0.5800001,20009.41;351.1083
19999.36,0.5800001,20009.4;351.0968
19999.36,0.5800001,20009.4;351.0968
19999.36,0.5800001,20009.4;351.0968
19999.36,0.5800001,20009.4;351.0854
19999.36,0.5800001,20009.39;351.0796
19999.36,0.5800001,20009.39;351.0796
19999.36,0.5800001,20009.39;351.0739
19999.36,0.5800001,20009.39;351.0682
19999.36,0.5800001,20009.39;351.0682
19999.36,0.5800001,20009.38;351.0624
19999.36,0.5800001,20009.38;351.0567
19999.36,0.5800001,20009.37;351.051
19999.36,0.5800001,20009.37;351.051
19999.37,0.5800001,20009.37;351.0453
19999.37,0.5800001,20009.36;351.0395
19999.37,0.5800001,20009.36;351.0395
19999.37,0.5800001,20009.36;351.0338
19999.37,0.5800001,20009.36;351.0281
19999.37,0.5800001,20009.36;351.0281
19999.37,0.5800001,20009.35;351.0223
19999.37,0.5800001,20009.34;351.0166
19999.37,0.5800001,20009.34;351.0109
19999.37,0.5800001,20009.34;351.0052
19999.37,0.5800001,20009.34;351.0052
19999.37,0.5800001,20009.33;350.9994
19999.37,0.5800001,20009.32;350.9937
19999.37,0.5800001,20009.32;350.9937
19999.37,0.5800001,20009.32;350.9879
19999.37,0.5800001,20009.32;350.9765
19999.37,0.5800001,20009.32;350.9765
19999.37,0.5800001,20009.34;350.965
19999.37,0.5800001,20009.35;350.9307
19999.37,0.5800001,20009.36;350.9077
19999.37,0.5800001,20009.36;350.9077
19999.37,0.5800001,20009.36;350.9077
19999.37,0.5800001,20009.37;350.9192
19999.37,0.5800001,20009.37;350.9192
19999.37,0.5800001,20009.37;350.9192
19999.36,0.5800001,20009.37;350.9307
19999.36,0.5800001,20009.38;350.9478
19999.36,0.5800001,20009.38;350.9478
19999.36,0.5800001,20009.38;350.9708
19999.36,0.5800001,20009.39;350.9937
19999.36,0.5800001,20009.39;350.9994
19999.36,0.5800001,20009.39;350.9994
19999.36,0.5800001,20009.4;351.0052
19999.36,0.5800001,20009.4;351.028
19999.36,0.5800001,20009.4;351.051
19999.36,0.5800001,20009.4;351.051
19999.36,0.5800001,20009.4;351.051
19999.36,0.5800001,20009.4;351.0911
19999.36,0.5800001,20009.4;351.1312
19999.36,0.5800001,20009.4;351.2114
19999.36,0.5800001,20009.4;351.2114
19999.36,0.5800001,20009.4;351.2114
19999.36,0.5800001,20009.41;351.2973
19999.36,0.5800001,20009.41;351.2973
19999.36,0.5800001,20009.41;351.2973
19999.36,0.5800001,20009.41;351.389
19999.36,0.5800001,20009.41;351.389
19999.36,0.5800001,20009.41;351.5036
19999.36,0.5800001,20009.41;351.5036
19999.36,0.5800001,20009.41;351.6526
19999.36,0.5800001,20009.41;351.6526
19999.36,0.5800001,20009.41;351.8015
19999.36,0.5800001,20009.4;351.962
19999.36,0.5800001,20009.4;351.962
19999.36,0.5800001,20009.4;352.174
19999.36,0.5800001,20009.4;352.174
19999.36,0.5800001,20009.4;352.3688
19999.36,0.5800001,20009.4;352.3688
19999.36,0.5800001,20009.4;352.5636
19999.36,0.5800001,20009.4;352.787
19999.36,0.5800001,20009.4;352.787
19999.36,0.5800001,20009.39;353.0105
19999.36,0.5800001,20009.38;353.1996
19999.36,0.5800001,20009.38;353.1996
19999.36,0.5800001,20009.38;353.3886
19999.36,0.5800001,20009.38;353.4459
19999.36,0.5800001,20009.37;353.6636
19999.36,0.5800001,20009.37;353.6636
19999.36,0.5800001,20009.37;353.6636
19999.36,0.5800001,20009.37;353.8813
19999.36,0.5800001,20009.37;354.0876
19999.36,0.5800001,20009.37;354.0876
19999.36,0.5800001,20009.36;354.2767
19999.36,0.5800001,20009.36;354.2767
19999.36,0.5800001,20009.36;354.2767
19999.36,0.5800001,20009.36;354.4658
19999.37,0.5800001,20009.35;354.6892
19999.37,0.5800001,20009.34;354.907
19999.37,0.5800001,20009.34;354.907
19999.37,0.5800001,20009.34;355.1247
19999.37,0.5800001,20009.33;355.2851
19999.37,0.5800001,20009.33;355.2851
19999.37,0.5800001,20009.32;355.4455
19999.37,0.5800001,20009.31;355.6403
19999.37,0.5800001,20009.31;355.6403
19999.37,0.5800001,20009.31;355.6403
19999.37,0.5800001,20009.3;355.858
19999.37,0.5800001,20009.29;356.0758
19999.37,0.5800001,20009.29;356.2648
19999.37,0.5800001,20009.29;356.2648
19999.37,0.5800001,20009.28;356.4539
19999.37,0.5800001,20009.27;356.6659
19999.37,0.5800001,20009.27;356.6659
19999.37,0.5800001,20009.26;356.8779
19999.37,0.5800001,20009.25;357.0956
19999.37,0.5800001,20009.25;357.0956
19999.37,0.5800001,20009.24;357.3133
19999.37,0.5800001,20009.23;357.4451
19999.37,0.5800001,20009.22;357.6686
19999.37,0.5800001,20009.22;357.6686
19999.37,0.5800001,20009.22;357.6686
19999.37,0.5800001,20009.22;357.892
19999.37,0.5800001,20009.22;358.1097
19999.37,0.5800001,20009.22;358.1097
19999.37,0.5800001,20009.22;358.3275
19999.37,0.5800001,20009.21;358.5165
19999.37,0.5800001,20009.21;358.5165
19999.37,0.5800001,20009.21;358.7056
19999.37,0.5800001,20009.2;358.8947
19999.37,0.5800001,20009.19;359.0723
19999.37,0.5800001,20009.19;359.0723
19999.37,0.5800001,20009.19;359.0723
19999.37,0.5800001,20009.18;359.2614
19999.37,0.5800001,20009.18;359.2614
19999.37,0.5800001,20009.18;359.2614
19999.37,0.5800001,20009.18;359.4734
19999.37,0.5800001,20009.18;359.4734
19999.37,0.5800001,20009.18;359.4734
19999.37,0.5800001,20009.17;359.6682
19999.37,0.5800001,20009.16;359.863
19999.37,0.5800001,20009.15;0.04058141
19999.37,0.5800001,20009.15;0.04058141
19999.37,0.5800001,20009.14;0.2181973
19999.37,0.5800001,20009.13;0.4359175
19999.37,0.5800001,20009.13;0.4359175
19999.37,0.5800001,20009.13;0.4989387
19999.37,0.5800001,20009.13;0.4989387
19999.37,0.5800001,20009.13;0.4989387
19999.37,0.5800001,20009.12;0.5619599
19999.37,0.5800001,20009.12;0.624981
19999.37,0.5800001,20009.11;0.7453049
19999.37,0.5800001,20009.11;0.7453049
19999.37,0.5800001,20009.1;0.8656288
19999.37,0.5800001,20009.09;1.020328
19999.37,0.5800001,20009.09;1.020328
19999.37,0.5800001,20009.08;1.175027
19999.37,0.5800001,20009.07;1.30108
19999.37,0.5800001,20009.07;1.30108
19999.37,0.5800001,20009.07;1.346914
19999.37,0.5800001,20009.07;1.346914
19999.37,0.5800001,20009.06;1.392747
19999.37,0.5800001,20009.06;1.392747
19999.37,0.5800001,20009.06;1.392747
19999.37,0.5800001,20009.05;1.478696
19999.37,0.5800001,20009.05;1.564645
19999.37,0.5800001,20009.04;1.74799
19999.37,0.5800001,20009.04;1.74799
19999.37,0.5800001,20009.04;1.74799
19999.37,0.5800001,20009.04;1.874043
19999.37,0.5800001,20009.04;2.000096
19999.37,0.5800001,20009.03;2.12042
19999.37,0.5800001,20009.03;2.12042
19999.37,0.5800001,20009.03;2.240743
19999.37,0.5800001,20009.02;2.361068
19999.37,0.5800001,20009.02;2.361068
19999.37,0.5800001,20009.02;2.481392
19999.37,0.5800001,20009.02;2.64182
19999.37,0.5800001,20009.02;2.64182
19999.37,0.5800001,20009.02;2.699112
19999.37,0.5800001,20009.02;2.699112
19999.37,0.5800001,20009.02;2.756404
19999.37,0.5800001,20009.02;2.842352
19999.37,0.5800001,20009.02;2.842352
19999.37,0.5800001,20009.02;2.928301
19999.37,0.5800001,20009.02;3.065812
19999.37,0.5800001,20009.02;3.065812
19999.37,0.5800001,20009.02;3.203324
19999.37,0.5800001,20009.02;3.358023
19999.37,0.5800001,20009.02;3.52991
19999.37,0.5800001,20009.02;3.52991
19999.37,0.5800001,20009.02;3.52991
19999.37,0.5800001,20009.02;3.741901
19999.37,0.5800001,20009.02;3.741901
19999.37,0.5800001,20009.02;3.741901
19999.37,0.5800001,20009.02;3.925246
19999.37,0.5800001,20009.02;3.925246
19999.37,0.5800001,20009.02;3.925246
19999.37,0.5800001,20009.02;4.148695
19999.37,0.5800001,20009.02;4.148695
19999.37,0.5800001,20009.02;4.26902
19999.37,0.5800001,20009.02;4.26902
19999.37,0.5800001,20009.02;4.389343
19999.37,0.5800001,20009.02;4.544043
19999.37,0.5800001,20009.02;4.544043
19999.37,0.5800001,20009.02;4.698741
19999.37,0.5800001,20009.02;4.887816
19999.37,0.5800001,20009.02;4.887816
19999.37,0.5800001,20009.02;5.07689
19999.37,0.5800001,20009.02;5.134182
19999.37,0.5800001,20009.02;5.323256
19999.37,0.5800001,20009.02;5.323256
19999.37,0.5800001,20009.02;5.323256
19999.37,0.5800001,20009.02;5.512331
19999.37,0.5800001,20009.02;5.695676
19999.37,0.5800001,20009.02;5.695676
19999.37,0.5800001,20009.02;5.879021
19999.37,0.5800001,20009.02;6.079555
19999.37,0.5800001,20009.02;6.079555
19999.37,0.5800001,20009.02;6.280087
19999.37,0.5800001,20009.02;6.348837
19999.37,0.5800001,20009.02;6.429046
19999.37,0.5800001,20009.02;6.429046
19999.37,0.5800001,20009.02;6.509254
19999.37,0.5800001,20009.02;6.520712
19999.37,0.5800001,20009.02;6.520712
19999.37,0.5800001,20009.04;6.532171
19999.38,0.5800001,20009.06;6.555087
19999.38,0.5800001,20009.06;6.555087
19999.38,0.5800001,20009.08;6.578004
19999.38,0.5800001,20009.08;6.578004
19999.38,0.5800001,20009.09;6.600921
19999.38,0.5800001,20009.09;6.600921
19999.38,0.5800001,20009.09;6.600921
19999.38,0.5800001,20009.1;6.623837
19999.38,0.5800001,20009.1;6.623837
19999.38,0.5800001,20009.1;6.623837
19999.38,0.5800001,20009.1;6.646754
19999.38,0.5800001,20009.1;6.646754
19999.38,0.5800001,20009.1;6.669671
19999.38,0.5800001,20009.08;6.692587
19999.38,0.5800001,20009.08;6.692587
19999.38,0.5800001,20009.08;6.692587
19999.38,0.5800001,20009.08;6.715505
19999.38,0.5800001,20009.08;6.715505
19999.38,0.5800001,20009.08;6.715505
19999.38,0.5800001,20009.07;6.738422
19999.38,0.5800001,20009.07;6.738422
19999.38,0.5800001,20009.07;6.738422
19999.38,0.5800001,20009.07;6.761338
19999.38,0.5800001,20009.07;6.761338
19999.38,0.5800001,20009.07;6.784255
19999.38,0.5800001,20009.07;6.784255
19999.38,0.5800001,20009.07;6.784255
19999.38,0.5800001,20009.07;6.807172
19999.38,0.5800001,20009.07;6.807172
19999.38,0.5800001,20009.07;6.830088
19999.38,0.5800001,20009.07;6.830088
19999.38,0.5800001,20009.07;6.830088
19999.38,0.5800001,20009.07;6.830088
19999.38,0.5800001,20009.07;6.853005
19999.38,0.5800001,20009.07;6.875923
19999.38,0.5800001,20009.07;6.875923
19999.38,0.5800001,20009.07;6.875923
19999.38,0.5800001,20009.08;6.898839
19999.38,0.5800001,20009.08;6.898839
19999.38,0.5800001,20009.08;6.898839
19999.38,0.5800001,20009.08;6.921756
19999.38,0.5800001,20009.08;6.921756
19999.38,0.5800001,20009.08;6.921756
19999.38,0.5800001,20009.08;6.944673
19999.38,0.5800001,20009.08;6.967589
19999.38,0.5800001,20009.08;6.967589
19999.38,0.5800001,20009.08;6.990507
19999.38,0.5800001,20009.08;6.990507
19999.38,0.5800001,20009.08;6.990507
19999.38,0.5800001,20009.08;7.013423
19999.38,0.5800001,20009.08;7.013423
19999.38,0.5800001,20009.08;7.013423
19999.38,0.5800001,20009.08;7.03634
19999.38,0.5800001,20009.08;7.059257
19999.38,0.5800001,20009.08;7.059257
19999.38,0.5800001,20009.08;7.059257
19999.38,0.5800001,20009.08;7.059257
19999.38,0.5800001,20009.08;7.047798
19999.38,0.5800001,20009.08;7.047798
19999.38,0.5800001,20009.08;7.047798
19999.38,0.5800001,20009.09;7.03634
19999.38,0.5800001,20009.09;7.03634
19999.38,0.5800001,20009.09;7.024882
19999.38,0.5800001,20009.09;7.024882
19999.38,0.5800001,20009.09;7.013423
19999.38,0.5800001,20009.09;7.013423
19999.38,0.5800001,20009.09;7.013423
19999.38,0.5800001,20009.1;7.001965
19999.38,0.5800001,20009.1;6.996235
19999.38,0.5800001,20009.1;6.996235
19999.38,0.5800001,20009.11;6.990507
19999.38,0.5800001,20009.11;6.921756
19999.38,0.5800001,20009.11;6.858735
19999.38,0.5800001,20009.11;6.858735
19999.38,0.5800001,20009.11;6.858735
19999.38,0.5800001,20009.12;6.795714
19999.38,0.5800001,20009.12;6.726964
19999.38,0.5800001,20009.12;6.726964
19999.38,0.5800001,20009.13;6.658213
19999.38,0.5800001,20009.13;6.583734
19999.38,0.5800001,20009.13;6.583734
19999.38,0.5800001,20009.14;6.514983
19999.38,0.5800001,20009.14;6.446233
19999.39,0.5800001,20009.15;6.371753
19999.39,0.5800001,20009.15;6.371753
19999.39,0.5800001,20009.16;6.325919
19999.39,0.5800001,20009.16;6.325919
19999.39,0.5800001,20009.16;6.325919
19999.39,0.5800001,20009.16;6.280086
19999.39,0.5800001,20009.17;6.234251
19999.39,0.5800001,20009.17;6.234251
19999.39,0.5800001,20009.18;6.188418
19999.39,0.5800001,20009.19;6.17696
19999.39,0.5800001,20009.19;6.17696
19999.39,0.5800001,20009.19;6.17696
19999.39,0.5800001,20009.19;6.165501
19999.39,0.5800001,20009.19;6.165501
19999.39,0.5800001,20009.19;6.165501
19999.39,0.5800001,20009.2;6.154042
19999.39,0.5800001,20009.21;6.131126
19999.39,0.5800001,20009.21;6.131126
19999.39,0.5800001,20009.22;6.108209
19999.39,0.5800001,20009.23;6.079564
19999.4,0.5800001,20009.24;6.050918
19999.4,0.5800001,20009.24;6.050918
19999.4,0.5800001,20009.24;6.050918
19999.4,0.5800001,20009.25;6.022272
19999.4,0.5800001,20009.26;6.016542
19999.4,0.5800001,20009.26;6.016542
19999.4,0.5800001,20009.27;6.010813
19999.4,0.5800001,20009.29;5.993626
19999.4,0.5800001,20009.29;5.993626
19999.4,0.5800001,20009.29;5.976438
19999.4,0.5800001,20009.3;5.919146
19999.4,0.5800001,20009.31;5.861854
19999.4,0.5800001,20009.31;5.861854
19999.4,0.5800001,20009.31;5.861854
19999.4,0.5800001,20009.32;5.827479
19999.4,0.5800001,20009.32;5.827479
19999.4,0.5800001,20009.32;5.827479
19999.4,0.5800001,20009.32;5.804562
19999.4,0.5800001,20009.32;5.804562
19999.4,0.5800001,20009.32;5.804562
19999.4,0.5800001,20009.32;5.804562
19999.4,0.5800001,20009.32;5.804562
19999.4,0.5800001,20009.32;5.793104
19999.4,0.5800001,20009.32;5.793104
19999.4,0.5800001,20009.33;5.781645
19999.4,0.5800001,20009.33;5.781645
19999.4,0.5800001,20009.33;5.781645
19999.41,0.5800001,20009.33;5.770186
19999.41,0.5800001,20009.33;5.770186
19999.41,0.5800001,20009.33;5.770186
19999.41,0.5800001,20009.34;5.758728
19999.41,0.5800001,20009.34;5.758728
19999.41,0.5800001,20009.34;5.74727
19999.41,0.5800001,20009.34;5.74727
19999.41,0.5800001,20009.34;5.74727
19999.41,0.5800001,20009.34;5.735812
19999.41,0.5800001,20009.34;5.735812
19999.41,0.5800001,20009.34;5.735812
19999.41,0.5800001,20009.34;5.724353
19999.41,0.5800001,20009.35;5.735812
19999.41,0.5800001,20009.35;5.735812
19999.41,0.5800001,20009.35;5.74727
19999.41,0.5800001,20009.36;5.758728
19999.41,0.5800001,20009.36;5.758728
19999.41,0.5800001,20009.36;5.758728
19999.41,0.5800001,20009.36;5.770186
19999.41,0.5800001,20009.36;5.793104
19999.41,0.5800001,20009.36;5.81602
19999.41,0.5800001,20009.36;5.81602
19999.41,0.5800001,20009.36;5.81602
19999.41,0.5800001,20009.35;5.838937
19999.41,0.5800001,20009.34;5.861854
19999.41,0.5800001,20009.34;5.861854
19999.41,0.5800001,20009.34;5.861854
19999.41,0.5800001,20009.34;5.861854
19999.41,0.5800001,20009.33;5.867582
19999.41,0.5800001,20009.33;5.867582
19999.41,0.5800001,20009.33;5.867582
19999.4,0.5800001,20009.32;5.8905
19999.4,0.5800001,20009.32;5.8905
19999.4,0.5800001,20009.31;5.913416
19999.4,0.5800001,20009.31;5.913416
19999.4,0.5800001,20009.3;5.936333
19999.4,0.5800001,20009.3;5.936333
19999.4,0.5800001,20009.3;5.936333
19999.4,0.5800001,20009.29;5.959249
19999.4,0.5800001,20009.29;5.959249
19999.4,0.5800001,20009.29;5.959249
19999.4,0.5800001,20009.28;5.982167
19999.4,0.5800001,20009.28;5.982167
19999.4,0.5800001,20009.28;5.982167
19999.4,0.5800001,20009.27;6.005083
19999.4,0.5800001,20009.27;6.005083
19999.4,0.5800001,20009.27;6.028
19999.4,0.5800001,20009.27;6.028
19999.4,0.5800001,20009.27;6.028
19999.4,0.5800001,20009.27;6.050917
19999.4,0.5800001,20009.27;6.050917
19999.4,0.5800001,20009.27;6.050917
19999.4,0.5800001,20009.27;6.073834
19999.4,0.5800001,20009.27;6.073834
19999.4,0.5800001,20009.27;6.09675
19999.4,0.5800001,20009.27;6.09675
19999.4,0.5800001,20009.26;6.119667
19999.4,0.5800001,20009.26;6.251449
19999.4,0.5800001,20009.26;6.251449
19999.4,0.5800001,20009.26;6.383231
19999.4,0.5800001,20009.26;6.46918
19999.4,0.5800001,20009.26;6.46918
19999.4,0.5800001,20009.26;6.555129
19999.4,0.5800001,20009.25;6.658265
19999.4,0.5800001,20009.25;6.795777
19999.4,0.5800001,20009.25;6.795777
19999.4,0.5800001,20009.25;6.795777
19999.4,0.5800001,20009.25;6.933289
19999.4,0.5800001,20009.25;7.036425
19999.4,0.5800001,20009.25;7.036425
19999.4,0.5800001,20009.25;7.139561
19999.4,0.5800001,20009.25;7.22551
19999.4,0.5800001,20009.25;7.22551
19999.4,0.5800001,20009.25;7.31146
19999.4,0.5800001,20009.25;7.471888
19999.4,0.5800001,20009.25;7.59794
19999.4,0.5800001,20009.25;7.59794
19999.4,0.5800001,20009.25;7.59794
19999.4,0.5800001,20009.25;7.649502
19999.4,0.5800001,20009.25;7.649502
19999.4,0.5800001,20009.25;7.649502
19999.4,0.5800001,20009.25;7.701065
19999.4,0.5800001,20009.25;7.701065
19999.4,0.5800001,20009.25;7.701065
19999.4,0.5800001,20009.25;7.752627
19999.4,0.5800001,20009.25;7.80419
19999.4,0.5800001,20009.25;7.838564
19999.4,0.5800001,20009.25;7.838564
19999.4,0.5800001,20009.25;7.872939
19999.4,0.5800001,20009.25;8.021908
19999.4,0.5800001,20009.25;8.021908
19999.4,0.5800001,20009.25;8.170878
19999.4,0.5800001,20009.25;8.291203
19999.4,0.5800001,20009.25;8.291203
19999.4,0.5800001,20009.25;8.411527
19999.4,0.5800001,20009.25;8.503204
19999.4,0.5800001,20009.25;8.640717
19999.4,0.5800001,20009.25;8.640717
19999.4,0.5800001,20009.25;8.640717
19999.4,0.5800001,20009.25;8.75531
19999.4,0.5800001,20009.25;8.75531
19999.4,0.5800001,20009.25;8.75531
19999.4,0.5800001,20009.25;8.869905
19999.4,0.5800001,20009.25;9.024605
19999.4,0.5800001,20009.25;9.024605
19999.4,0.5800001,20009.26;9.162117
19999.4,0.5800001,20009.27;9.299628
19999.4,0.5800001,20009.29;9.385577
19999.4,0.5800001,20009.29;9.385577
19999.41,0.5800001,20009.31;9.471527
19999.41,0.5800001,20009.33;9.482986
19999.41,0.5800001,20009.33;9.482986
19999.41,0.5800001,20009.35;9.494446
19999.41,0.5800001,20009.35;9.494446
19999.41,0.5800001,20009.35;9.494446
19999.41,0.5800001,20009.35;9.505903
19999.41,0.5800001,20009.35;9.517363
19999.41,0.5800001,20009.35;9.517363
19999.41,0.5800001,20009.35;9.517363
19999.41,0.5800001,20009.35;9.528821
19999.41,0.5800001,20009.35;9.528821
19999.41,0.5800001,20009.35;9.528821
19999.41,0.5800001,20009.35;9.54028
19999.41,0.5800001,20009.35;9.54028
19999.41,0.5800001,20009.35;9.54028
19999.41,0.5800001,20009.35;9.551739
19999.41,0.5800001,20009.35;9.551739
19999.41,0.5800001,20009.34;9.563197
19999.41,0.5800001,20009.34;9.563197
19999.41,0.5800001,20009.34;9.574656
19999.41,0.5800001,20009.34;9.574656
19999.41,0.5800001,20009.34;9.586114
19999.41,0.5800001,20009.34;9.586114
19999.41,0.5800001,20009.34;9.586114
19999.41,0.5800001,20009.33;9.597571
19999.41,0.5800001,20009.33;9.597571
19999.41,0.5800001,20009.33;9.60903
19999.41,0.5800001,20009.33;9.60903
19999.41,0.5800001,20009.33;9.60903
19999.41,0.5800001,20009.33;9.62049
19999.41,0.5800001,20009.33;9.62049
19999.41,0.5800001,20009.33;9.62049
19999.41,0.5800001,20009.34;9.631948
19999.41,0.5800001,20009.34;9.631948
19999.41,0.5800001,20009.34;9.631948
19999.41,0.5800001,20009.35;9.643407
19999.42,0.5800001,20009.38;9.654865
19999.42,0.5800001,20009.38;9.654865
19999.42,0.5800001,20009.38;9.654865
19999.42,0.5800001,20009.38;9.654865
19999.42,0.5800001,20009.39;9.666323
19999.42,0.5800001,20009.39;9.666323
19999.42,0.5800001,20009.39;9.666323
19999.42,0.5800001,20009.41;9.677781
19999.42,0.5800001,20009.41;9.677781
19999.42,0.5800001,20009.41;9.68924
19999.42,0.5800001,20009.41;9.68924
19999.42,0.5800001,20009.41;9.700698
19999.42,0.5800001,20009.41;9.700698
19999.42,0.5800001,20009.41;9.700698
19999.42,0.5800001,20009.41;9.712157
19999.42,0.5800001,20009.41;9.712157
19999.42,0.5800001,20009.41;9.712157
19999.42,0.5800001,20009.41;9.723616
19999.42,0.5800001,20009.41;9.723616
19999.42,0.5800001,20009.41;9.735074
19999.42,0.5800001,20009.41;9.735074
19999.42,0.5800001,20009.41;9.735074
19999.42,0.5800001,20009.41;9.746532
19999.42,0.5800001,20009.41;9.717887
19999.42,0.5800001,20009.41;9.717887
19999.42,0.5800001,20009.41;9.68924
19999.42,0.5800001,20009.41;9.580376
19999.42,0.5800001,20009.41;9.580376
19999.42,0.5800001,20009.41;9.471508
19999.42,0.5800001,20009.41;9.351185
19999.42,0.5800001,20009.41;9.333998
19999.42,0.5800001,20009.41;9.333998
19999.42,0.5800001,20009.41;9.333998
19999.42,0.5800001,20009.41;9.23659
19999.42,0.5800001,20009.41;9.23659
19999.42,0.5800001,20009.41;9.23659
19999.42,0.5800001,20009.41;9.190758
19999.42,0.5800001,20009.41;9.190758
19999.42,0.5800001,20009.41;9.190758
19999.42,0.5800001,20009.41;9.144922
19999.42,0.5800001,20009.42;9.09909
19999.42,0.5800001,20009.42;9.09909
19999.42,0.5800001,20009.42;9.09909
19999.42,0.5800001,20009.42;9.053256
19999.43,0.5800001,20009.42;8.961578
19999.43,0.5800001,20009.42;8.961578
19999.43,0.5800001,20009.42;8.8699
19999.43,0.5800001,20009.42;8.778222
19999.43,0.5800001,20009.42;8.778222
19999.43,0.5800001,20009.43;8.686545
19999.43,0.5800001,20009.44;8.577679
19999.43,0.5800001,20009.44;8.531845
19999.43,0.5800001,20009.44;8.531845
19999.43,0.5800001,20009.44;8.531845
19999.43,0.5800001,20009.44;8.486012
19999.43,0.5800001,20009.44;8.486012
19999.43,0.5800001,20009.44;8.486012
19999.43,0.5800001,20009.45;8.440179
19999.43,0.5800001,20009.45;8.440179
19999.43,0.5800001,20009.45;8.440179
19999.43,0.5800001,20009.46;8.394344
19999.43,0.5800001,20009.46;8.377157
19999.43,0.5800001,20009.47;8.291209
19999.43,0.5800001,20009.47;8.291209
19999.43,0.5800001,20009.47;8.20526
19999.43,0.5800001,20009.48;8.096395
19999.43,0.5800001,20009.48;8.096395
19999.44,0.5800001,20009.49;7.987529
19999.44,0.5800001,20009.49;7.890123
19999.44,0.5800001,20009.49;7.890123
19999.44,0.5800001,20009.5;7.792716
19999.44,0.5800001,20009.51;7.701038
19999.44,0.5800001,20009.52;7.597902
19999.44,0.5800001,20009.52;7.597902
19999.44,0.5800001,20009.52;7.597902
19999.44,0.5800001,20009.53;7.511953
19999.44,0.5800001,20009.53;7.511953
19999.44,0.5800001,20009.53;7.511953
19999.44,0.5800001,20009.54;7.426004
19999.44,0.5800001,20009.54;7.426004
19999.44,0.5800001,20009.54;7.426004
19999.44,0.5800001,20009.54;7.340055
19999.44,0.5800001,20009.55;7.254107
19999.45,0.5800001,20009.56;7.196813
19999.45,0.5800001,20009.56;7.196813
19999.45,0.5800001,20009.57;7.139523
19999.45,0.5800001,20009.58;7.128064
19999.45,0.5800001,20009.58;7.128064
19999.45,0.5800001,20009.59;7.116606
19999.45,0.5800001,20009.59;7.116606
19999.45,0.5800001,20009.59;7.116606
19999.45,0.5800001,20009.6;7.105147
19999.45,0.5800001,20009.6;7.105147
19999.45,0.5800001,20009.61;7.093689
19999.45,0.5800001,20009.61;7.093689
19999.45,0.5800001,20009.61;7.093689
19999.45,0.5800001,20009.63;7.082231
19999.45,0.5800001,20009.63;7.082231
19999.45,0.5800001,20009.63;7.082231
19999.46,0.5800001,20009.64;7.070773
19999.46,0.5800001,20009.64;7.070773
19999.46,0.5800001,20009.64;7.070773
19999.46,0.5800001,20009.64;7.065042
19999.46,0.5800001,20009.64;7.059314
19999.46,0.5800001,20009.64;7.105147
19999.46,0.5800001,20009.64;7.105147
19999.46,0.5800001,20009.64;7.15098
19999.45,0.5800001,20009.63;7.288492
19999.45,0.5800001,20009.63;7.288492
19999.45,0.5800001,20009.63;7.288492
19999.45,0.5800001,20009.63;7.448922
19999.45,0.5800001,20009.63;7.448922
19999.45,0.5800001,20009.63;7.540599
19999.45,0.5800001,20009.63;7.540599
19999.45,0.5800001,20009.63;7.632277
19999.45,0.5800001,20009.63;7.723955
19999.45,0.5800001,20009.63;7.723955
19999.45,0.5800001,20009.63;7.815633
19999.45,0.5800001,20009.63;7.941686
19999.45,0.5800001,20009.63;7.941686
19999.45,0.5800001,20009.63;8.067739
19999.45,0.5800001,20009.63;8.113572
19999.45,0.5800001,20009.63;8.291188
19999.45,0.5800001,20009.63;8.291188
19999.45,0.5800001,20009.63;8.291188
19999.45,0.5800001,20009.63;8.468804
19999.45,0.5800001,20009.63;8.468804
19999.45,0.5800001,20009.63;8.468804
19999.45,0.5800001,20009.61;8.789662
19999.45,0.5800001,20009.61;8.789662
19999.45,0.5800001,20009.61;8.789662
19999.45,0.5800001,20009.58;9.351155
19999.44,0.5800001,20009.56;9.912649
19999.44,0.5800001,20009.55;10.3882
19999.44,0.5800001,20009.55;10.3882
19999.44,0.5800001,20009.55;10.86376
19999.44,0.5800001,20009.55;11.37369
19999.44,0.5800001,20009.55;11.37369
19999.44,0.5800001,20009.55;11.88362
19999.44,0.5800001,20009.55;12.29616
19999.44,0.5800001,20009.55;12.29616
19999.44,0.5800001,20009.55;12.70869
19999.44,0.5800001,20009.55;13.16133
19999.44,0.5800001,20009.55;13.6197
19999.44,0.5800001,20009.55;13.6197
19999.44,0.5800001,20009.55;14.07806
19999.44,0.5800001,20009.55;14.4906
19999.44,0.5800001,20009.55;14.4906
19999.44,0.5800001,20009.55;14.90313
19999.44,0.5800001,20009.55;15.39015
19999.44,0.5800001,20009.55;15.39015
19999.44,0.5800001,20009.55;15.87716
19999.44,0.5800001,20009.55;16.35845
19999.44,0.5800001,20009.55;16.83973
19999.44,0.5800001,20009.55;17.24654
19999.44,0.5800001,20009.55;17.24654
19999.44,0.5800001,20009.55;17.65334
19999.44,0.5800001,20009.55;18.08307
19999.44,0.5800001,20009.55;18.08307
19999.44,0.5800001,20009.55;18.51279
19999.44,0.5800001,20009.55;18.81073
19999.44,0.5800001,20009.55;18.81073
19999.44,0.5800001,20009.55;19.10867
19999.44,0.5800001,20009.55;19.46963
19999.44,0.5800001,20009.55;19.83059
19999.44,0.5800001,20009.55;20.25458
19999.44,0.5800001,20009.55;20.25458
19999.44,0.5800001,20009.55;20.67858
19999.44,0.5800001,20009.55;21.1083
19999.44,0.5800001,20009.55;21.1083
19999.44,0.5800001,20009.55;21.53802
19999.44,0.5800001,20009.55;21.91617
19999.44,0.5800001,20009.55;21.91617
19999.44,0.5800001,20009.55;22.37453
19999.44,0.5800001,20009.55;22.37453
19999.44,0.5800001,20009.55;22.83863
19999.44,0.5800001,20009.55;22.83863
19999.44,0.5800001,20009.55;22.83863
19999.44,0.5800001,20009.55;23.2397
19999.44,0.5800001,20009.55;23.2397
19999.44,0.5800001,20009.55;23.2397
19999.44,0.5800001,20009.55;23.69234
19999.44,0.5800001,20009.55;23.69234
19999.44,0.5800001,20009.55;23.69234
19999.44,0.5800001,20009.55;24.1507
19999.44,0.5800001,20009.55;24.60907
19999.44,0.5800001,20009.55;25.00441
19999.44,0.5800001,20009.55;25.00441
19999.44,0.5800001,20009.55;25.39974
19999.44,0.5800001,20009.55;25.86957
19999.44,0.5800001,20009.55;26.33939
19999.44,0.5800001,20009.55;26.33939
19999.44,0.5800001,20009.55;26.33939
19999.44,0.5800001,20009.55;26.7462
19999.44,0.5800001,20009.55;27.153
19999.44,0.5800001,20009.55;27.63429
19999.44,0.5800001,20009.55;27.63429
19999.44,0.5800001,20009.55;28.11558
19999.44,0.5800001,20009.55;28.59686
19999.44,0.5800001,20009.55;29.00366
19999.44,0.5800001,20009.55;29.00366
19999.44,0.5800001,20009.55;29.48495
19999.44,0.5800001,20009.55;29.48495
19999.44,0.5800001,20009.55;29.96623
19999.44,0.5800001,20009.55;30.45325
19999.44,0.5800001,20009.55;30.45325
19999.44,0.5800001,20009.55;30.94027
19999.44,0.5800001,20009.55;31.3528
19999.44,0.5800001,20009.55;31.3528
19999.44,0.5800001,20009.55;31.76534
19999.44,0.5800001,20009.55;32.22943
19999.44,0.5800001,20009.55;32.72218
19999.44,0.5800001,20009.55;32.72218
19999.44,0.5800001,20009.55;33.21492
19999.44,0.5800001,20009.55;33.62746
19999.44,0.5800001,20009.55;33.62746
19999.44,0.5800001,20009.55;34.03999
19999.44,0.5800001,20009.55;34.53274
19999.44,0.5800001,20009.55;34.53274
19999.44,0.5800001,20009.55;35.02548
19999.44,0.5800001,20009.55;35.44374
19999.44,0.5800001,20009.55;35.8219
19999.44,0.5800001,20009.55;35.8219
19999.44,0.5800001,20009.55;36.20005
19999.44,0.5800001,20009.55;36.6355
19999.44,0.5800001,20009.55;36.6355
19999.44,0.5800001,20009.55;37.07095
19999.44,0.5800001,20009.55;37.55796
19999.44,0.5800001,20009.55;37.55796
19999.44,0.5800001,20009.55;38.04498
19999.44,0.5800001,20009.55;38.2627
19999.44,0.5800001,20009.55;38.65231
19999.44,0.5800001,20009.55;38.65231
19999.44,0.5800001,20009.55;39.04191
19999.44,0.5800001,20009.55;39.39714
19999.44,0.5800001,20009.55;39.39714
19999.44,0.5800001,20009.55;39.75237
19999.44,0.5800001,20009.55;40.11333
19999.44,0.5800001,20009.55;40.11333
19999.44,0.5800001,20009.55;40.4743
19999.44,0.5800001,20009.55;40.77224
19999.44,0.5800001,20009.55;41.16757
19999.44,0.5800001,20009.55;41.16757
19999.44,0.5800001,20009.55;41.56291
19999.44,0.5800001,20009.55;41.98117
19999.44,0.5800001,20009.55;41.98117
19999.44,0.5800001,20009.55;42.39944
19999.44,0.5800001,20009.55;42.81197
19999.44,0.5800001,20009.55;42.81197
19999.44,0.5800001,20009.55;43.22451
19999.44,0.5800001,20009.55;43.69433
19999.44,0.5800001,20009.55;44.16416
19999.44,0.5800001,20009.55;44.37615
19999.44,0.5800001,20009.55;44.37615
19999.44,0.5800001,20009.55;44.81734
19999.44,0.5800001,20009.55;44.81734
19999.44,0.5800001,20009.55;45.25851
19999.44,0.5800001,20009.55;45.56791
19999.44,0.5800001,20009.55;45.56791
19999.44,0.5800001,20009.55;45.8773
19999.44,0.5800001,20009.55;46.10648
19999.44,0.5800001,20009.55;46.33566
19999.44,0.5800001,20009.55;46.69662
19999.44,0.5800001,20009.55;46.69662
19999.44,0.5800001,20009.55;47.05758
19999.44,0.5800001,20009.55;47.46439
19999.44,0.5800001,20009.55;47.46439
19999.44,0.5800001,20009.55;47.87119
19999.44,0.5800001,20009.55;48.19205
19999.44,0.5800001,20009.55;48.19205
19999.44,0.5800001,20009.55;48.51291
19999.44,0.5800001,20009.55;48.83376
19999.44,0.5800001,20009.55;48.83376
19999.44,0.5800001,20009.55;48.83376
19999.44,0.5800001,20009.55;48.83376
19999.45,0.5800001,20009.56;49.15461
19999.45,0.5800001,20009.56;49.15461
19999.45,0.5800001,20009.56;49.15461
19999.44,0.5800001,20009.55;49.19472
19999.44,0.5800001,20009.55;49.19472
19999.44,0.5800001,20009.55;49.19472
19999.44,0.5800001,20009.55;49.23483
19999.44,0.5800001,20009.55;49.27493
19999.44,0.5800001,20009.55;49.27493
19999.44,0.5800001,20009.55;49.31504
19999.44,0.5800001,20009.55;49.31504
19999.44,0.5800001,20009.55;49.31504
19999.44,0.5800001,20009.55;49.35514
19999.44,0.5800001,20009.55;49.35514
19999.44,0.5800001,20009.55;49.35514
19999.44,0.5800001,20009.55;49.39524
19999.44,0.5800001,20009.55;49.43534
19999.44,0.5800001,20009.55;49.43534
19999.44,0.5800001,20009.55;49.43534
19999.44,0.5800001,20009.55;49.47544
19999.44,0.5800001,20009.55;49.47544
19999.44,0.5800001,20009.55;49.47544
19999.44,0.5800001,20009.55;49.51555
19999.44,0.5800001,20009.55;49.51555
19999.44,0.5800001,20009.55;49.51555
19999.44,0.5800001,20009.55;49.55566
19999.44,0.5800001,20009.55;49.55566
19999.44,0.5800001,20009.55;49.59576
19999.44,0.5800001,20009.55;49.59576
19999.44,0.5800001,20009.55;49.59576
19999.44,0.5800001,20009.55;49.63586
19999.44,0.5800001,20009.55;49.63586
19999.44,0.5800001,20009.55;49.63586
19999.44,0.5800001,20009.55;49.67597
19999.44,0.5800001,20009.55;49.67597
19999.44,0.5800001,20009.55;49.67597
19999.44,0.5800001,20009.55;49.66451
19999.44,0.5800001,20009.55;49.66451
19999.44,0.5800001,20009.55;49.65305
19999.44,0.5800001,20009.55;49.65305
19999.44,0.5800001,20009.55;49.65305
19999.44,0.5800001,20009.55;49.64159
19999.44,0.5800001,20009.55;49.64159
19999.44,0.5800001,20009.55;49.64159
19999.44,0.5800001,20009.55;49.63013
19999.44,0.5800001,20009.55;49.63013
19999.44,0.5800001,20009.55;49.61868
19999.44,0.5800001,20009.55;49.61868
19999.44,0.5800001,20009.55;49.60722
19999.44,0.5800001,20009.55;49.60722
19999.44,0.5800001,20009.55;49.60722
19999.44,0.5800001,20009.55;49.59576
19999.44,0.5800001,20009.55;49.59003
19999.44,0.5800001,20009.55;49.59003
19999.44,0.5800001,20009.55;49.59003
19999.44,0.5800001,20009.55;49.14312
19999.44,0.5800001,20009.55;49.14312
19999.44,0.5800001,20009.55;48.58163
19999.44,0.5800001,20009.55;48.58163
19999.44,0.5800001,20009.55;48.02013
19999.44,0.5800001,20009.55;47.77375
19999.44,0.5800001,20009.55;47.77375
19999.44,0.5800001,20009.55;47.52738
19999.43,0.5800001,20009.54;47.29247
19999.43,0.5800001,20009.54;47.29247
19999.43,0.5800001,20009.54;47.05756
19999.43,0.5800001,20009.54;47.05756
19999.43,0.5800001,20009.54;46.82265
19999.43,0.5800001,20009.54;46.82265
19999.43,0.5800001,20009.54;46.82265
19999.43,0.5800001,20009.54;46.58775
19999.43,0.5800001,20009.54;46.58775
19999.43,0.5800001,20009.54;46.58775
19999.43,0.5800001,20009.54;46.35284
19999.43,0.5800001,20009.54;46.32993
19999.43,0.5800001,20009.54;46.32993
19999.43,0.5800001,20009.54;46.30701
19999.43,0.5800001,20009.54;46.14086
19999.43,0.5800001,20009.54;45.68822
19999.43,0.5800001,20009.54;45.68822
19999.43,0.5800001,20009.54;45.23558
19999.43,0.5800001,20009.54;44.81732
19999.43,0.5800001,20009.54;44.81732
19999.43,0.5800001,20009.54;44.39906
19999.43,0.5800001,20009.54;43.87767
19999.43,0.5800001,20009.54;43.87767
19999.43,0.5800001,20009.54;43.35628
19999.43,0.5800001,20009.54;42.875
19999.43,0.5800001,20009.54;42.39372
19999.43,0.5800001,20009.54;41.82648
19999.43,0.5800001,20009.54;41.82648
19999.43,0.5800001,20009.54;41.25925
19999.43,0.5800001,20009.54;40.69775
19999.43,0.5800001,20009.54;40.69775
19999.43,0.5800001,20009.54;40.13626
19999.43,0.5800001,20009.54;39.65498
19999.43,0.5800001,20009.54;39.65498
19999.43,0.5800001,20009.54;39.1737
19999.43,0.5800001,20009.54;38.62366
19999.43,0.5800001,20009.54;38.08508
19999.43,0.5800001,20009.54;38.08508
19999.43,0.5800001,20009.54;37.5465
19999.43,0.5800001,20009.54;37.10533
19999.43,0.5800001,20009.54;37.10533
19999.43,0.5800001,20009.54;37.10533
19999.43,0.5800001,20009.54;36.56675
19999.43,0.5800001,20009.54;36.56675
19999.43,0.5800001,20009.54;36.56675
19999.43,0.5800001,20009.54;36.03963
19999.43,0.5800001,20009.54;35.51251
19999.43,0.5800001,20009.54;35.0656
19999.43,0.5800001,20009.54;35.0656
19999.43,0.5800001,20009.54;34.61869
19999.43,0.5800001,20009.54;34.10876
19999.43,0.5800001,20009.54;34.10876
19999.43,0.5800001,20009.54;33.59883
19999.43,0.5800001,20009.54;33.10609
19999.43,0.5800001,20009.54;32.68209
19999.43,0.5800001,20009.54;32.2581
19999.43,0.5800001,20009.54;31.77682
19999.43,0.5800001,20009.54;31.77682
19999.43,0.5800001,20009.54;31.29553
19999.43,0.5800001,20009.54;30.80852
19999.43,0.5800001,20009.54;30.80852
19999.43,0.5800001,20009.54;30.3215
19999.43,0.5800001,20009.54;29.88032
19999.43,0.5800001,20009.54;29.88032
19999.43,0.5800001,20009.54;29.35321
19999.43,0.5800001,20009.54;29.35321
19999.43,0.5800001,20009.54;28.81463
19999.43,0.5800001,20009.54;28.81463
19999.43,0.5800001,20009.54;28.81463
19999.43,0.5800001,20009.54;28.3448
19999.43,0.5800001,20009.54;28.3448
19999.43,0.5800001,20009.54;28.3448
19999.43,0.5800001,20009.54;27.79477
19999.43,0.5800001,20009.54;27.79477
19999.43,0.5800001,20009.54;27.24473
19999.43,0.5800001,20009.54;27.24473
19999.43,0.5800001,20009.54;26.6947
19999.43,0.5800001,20009.54;26.21342
19999.43,0.5800001,20009.54;26.21342
19999.43,0.5800001,20009.54;26.21342
19999.43,0.5800001,20009.54;25.66338
19999.43,0.5800001,20009.54;25.66338
19999.43,0.5800001,20009.54;25.11335
19999.43,0.5800001,20009.54;24.55185
19999.43,0.5800001,20009.54;24.55185
19999.43,0.5800001,20009.54;24.0763
19999.43,0.5800001,20009.54;24.0763
19999.43,0.5800001,20009.54;23.60074
19999.43,0.5800001,20009.54;23.03351
19999.43,0.5800001,20009.54;23.03351
19999.43,0.5800001,20009.54;22.46628
19999.43,0.5800001,20009.54;21.90478
19999.43,0.5800001,20009.54;21.90478
19999.43,0.5800001,20009.54;21.34329
19999.43,0.5800001,20009.54;20.98805
19999.43,0.5800001,20009.54;20.87919
19999.43,0.5800001,20009.54;20.87919
19999.43,0.5800001,20009.54;20.77032
19999.43,0.5800001,20009.54;20.77032
19999.43,0.5800001,20009.54;20.77032
19999.43,0.5800001,20009.53;20.66146
19999.43,0.5800001,20009.53;20.66146
19999.43,0.5800001,20009.53;20.66146
19999.42,0.5800001,20009.5;20.5526
19999.42,0.5800001,20009.5;20.5526
19999.41,0.5800001,20009.49;20.53541
19999.41,0.5800001,20009.49;20.53541
19999.41,0.5800001,20009.49;20.53541
19999.41,0.5800001,20009.49;20.51822
19999.41,0.5800001,20009.48;20.22029
19999.41,0.5800001,20009.48;20.22029
19999.41,0.5800001,20009.48;19.92235
19999.41,0.5800001,20009.48;19.67024
19999.41,0.5800001,20009.48;19.67024
19999.41,0.5800001,20009.48;19.41814
19999.41,0.5800001,20009.48;19.29781
19999.41,0.5800001,20009.48;19.17749
19999.41,0.5800001,20009.48;19.17749
19999.41,0.5800001,20009.48;19.05716
19999.41,0.5800001,20009.48;19.08581
19999.41,0.5800001,20009.48;19.08581
19999.41,0.5800001,20009.48;19.11446
19999.41,0.5800001,20009.48;19.11446
19999.41,0.5800001,20009.48;19.11446
19999.41,0.5800001,20009.49;19.1431
19999.41,0.5800001,20009.49;19.17175
19999.41,0.5800001,20009.49;19.17175
19999.41,0.5800001,20009.49;19.17175
19999.41,0.5800001,20009.49;19.2004
19999.41,0.5800001,20009.49;19.2004
19999.41,0.5800001,20009.49;19.2004
19999.41,0.5800001,20009.49;19.2004
19999.41,0.5800001,20009.49;19.22904
19999.41,0.5800001,20009.49;19.22904
19999.41,0.5800001,20009.49;19.22904
19999.41,0.5800001,20009.49;19.25768
19999.41,0.5800001,20009.49;19.28633
19999.41,0.5800001,20009.49;19.28633
19999.41,0.5800001,20009.49;19.28633
19999.41,0.5800001,20009.49;19.31498
19999.42,0.5800001,20009.5;19.31498
19999.42,0.5800001,20009.5;19.31498
19999.42,0.5800001,20009.5;19.31498
19999.42,0.5800001,20009.5;19.31498
19999.42,0.5800001,20009.5;19.31498
19999.42,0.5800001,20009.51;19.31498
19999.42,0.5800001,20009.51;19.34362
19999.42,0.5800001,20009.51;19.378
19999.42,0.5800001,20009.51;19.378
19999.42,0.5800001,20009.52;19.41237
19999.42,0.5800001,20009.52;19.42956
19999.42,0.5800001,20009.52;19.42956
19999.43,0.5800001,20009.53;19.44675
19999.43,0.5800001,20009.53;19.44675
19999.43,0.5800001,20009.53;19.4754
19999.43,0.5800001,20009.53;19.4754
19999.43,0.5800001,20009.54;19.49258
19999.43,0.5800001,20009.54;19.49258
19999.43,0.5800001,20009.54;19.5155
19999.43,0.5800001,20009.54;19.5155
19999.43,0.5800001,20009.54;19.53842
19999.44,0.5800001,20009.55;19.56133
19999.44,0.5800001,20009.55;19.56133
19999.44,0.5800001,20009.56;19.58425
19999.44,0.5800001,20009.56;19.60717
19999.44,0.5800001,20009.56;19.60717
19999.44,0.5800001,20009.57;19.6129
19999.44,0.5800001,20009.57;19.6129
19999.44,0.5800001,20009.57;19.64727
19999.44,0.5800001,20009.57;19.64727
19999.44,0.5800001,20009.57;19.64727
19999.44,0.5800001,20009.58;19.67592
19999.44,0.5800001,20009.58;19.67592
19999.44,0.5800001,20009.58;19.67592
19999.45,0.5800001,20009.59;19.70457
19999.45,0.5800001,20009.6;19.72175
19999.45,0.5800001,20009.6;19.72175
19999.45,0.5800001,20009.6;19.74467
19999.46,0.5800001,20009.61;19.76759
19999.46,0.5800001,20009.61;19.7905
19999.46,0.5800001,20009.61;19.7905
19999.46,0.5800001,20009.62;19.81342
19999.46,0.5800001,20009.63;19.84207
19999.46,0.5800001,20009.63;19.84207
19999.46,0.5800001,20009.64;19.87071
19999.47,0.5800001,20009.64;19.89363
19999.47,0.5800001,20009.64;19.89363
19999.47,0.5800001,20009.65;19.91655
19999.47,0.5800001,20009.65;19.91655
19999.47,0.5800001,20009.66;19.93946
19999.48,0.5800001,20009.67;19.96811
19999.48,0.5800001,20009.67;19.96811
19999.48,0.5800001,20009.67;19.99676
19999.48,0.5800001,20009.68;20.01968
19999.48,0.5800001,20009.68;20.01968
19999.48,0.5800001,20009.69;20.04259
19999.49,0.5800001,20009.7;20.06551
19999.49,0.5800001,20009.71;20.09416
19999.49,0.5800001,20009.71;20.09416
19999.49,0.5800001,20009.71;20.12281
19999.5,0.5800001,20009.72;20.14572
19999.5,0.5800001,20009.72;20.14572
19999.5,0.5800001,20009.73;20.16864
19999.5,0.5800001,20009.74;20.19728
19999.5,0.5800001,20009.74;20.19728
19999.51,0.5800001,20009.75;20.22593
19999.51,0.5800001,20009.76;20.24885
19999.51,0.5800001,20009.76;20.24885
19999.51,0.5800001,20009.77;20.27176
19999.51,0.5800001,20009.77;20.27176
19999.52,0.5800001,20009.78;20.30041
19999.52,0.5800001,20009.78;20.30041
19999.52,0.5800001,20009.78;20.30041
19999.52,0.5800001,20009.79;20.32905
19999.52,0.5800001,20009.79;20.35197
19999.52,0.5800001,20009.79;20.35197
19999.53,0.5800001,20009.8;20.37489
19999.53,0.5800001,20009.81;20.39781
19999.54,0.5800001,20009.82;20.42645
19999.54,0.5800001,20009.82;20.42645
19999.54,0.5800001,20009.83;20.4551
19999.54,0.5800001,20009.84;20.48374
19999.54,0.5800001,20009.84;20.48374
19999.54,0.5800001,20009.84;20.48374
19999.54,0.5800001,20009.85;20.50093
19999.54,0.5800001,20009.85;20.50093
19999.54,0.5800001,20009.85;20.50093
19999.5