20000,0.5,20000;0
20000,0.58,20000.25;359.9255
20000,0.58,20000.51;359.8167
20000,0.58,20000.76;359.7078
20000,0.58,20001.02;359.6104
20000,0.58,20001.02;359.6104
20000,0.58,20001.02;359.6104
19999.99,0.58,20001.27;359.5015
19999.99,0.58,20001.52;359.3926
19999.99,0.58,20001.78;359.2953
19999.99,0.58,20001.78;359.2953
19999.98,0.58,20002.03;359.1978
19999.98,0.58,20002.29;359.1062
19999.98,0.58,20002.29;359.1062
19999.98,0.58,20002.54;359.0145
19999.97,0.58,20002.79;358.9514
19999.97,0.58,20002.79;358.9514
19999.97,0.58,20003.05;358.8884
19999.96,0.58,20003.3;358.8311
19999.96,0.58,20003.55;358.7337
19999.96,0.58,20003.55;358.7337
19999.95,0.58,20003.81;358.6363
19999.94,0.58,20004.06;358.5504
19999.94,0.58,20004.06;358.5504
19999.94,0.58,20004.32;358.4759
19999.94,0.58,20004.32;358.4759
19999.93,0.58,20004.57;358.4014
19999.92,0.58,20004.83;358.3269
19999.91,0.58,20005.08;358.241
19999.91,0.58,20005.08;358.241
19999.91,0.58,20005.33;358.1551
19999.9,0.58,20005.59;358.0405
19999.9,0.58,20005.59;358.0405
19999.89,0.58,20005.84;357.9259
19999.88,0.58,20006.09;357.8514
19999.88,0.58,20006.09;357.8514
19999.87,0.58,20006.35;357.7368
19999.86,0.58,20006.6;357.6222
19999.85,0.58,20006.86;357.542
19999.85,0.58,20006.86;357.542
19999.85,0.58,20006.86;357.542
19999.84,0.58,20007.11;357.4388
19999.84,0.58,20007.11;357.4388
19999.82,0.58,20007.36;357.3357
19999.81,0.58,20007.62;357.2841
19999.81,0.58,20007.62;357.2841
19999.8,0.58,20007.87;357.2097
19999.79,0.58,20008.13;357.1352
19999.77,0.58,20008.38;357.0206
19999.77,0.58,20008.38;357.0206
19999.77,0.58,20008.38;357.0206
19999.76,0.58,20008.63;356.8945
19999.76,0.58,20008.63;356.8945
19999.76,0.58,20008.63;356.8945
19999.75,0.58,20008.88;356.7685
19999.73,0.58,20009.14;356.6653
19999.71,0.58,20009.39;356.5278
19999.7,0.58,20009.65;356.3903
19999.68,0.58,20009.9;356.2585
19999.68,0.58,20009.9;356.2585
19999.67,0.58,20010.15;356.1268
19999.65,0.58,20010.41;356.0179
19999.65,0.58,20010.41;356.0179
19999.63,0.58,20010.66;355.909
19999.61,0.58,20010.91;355.783
19999.59,0.58,20011.17;355.6627
19999.59,0.58,20011.17;355.6627
19999.59,0.58,20011.17;355.6627
19999.57,0.58,20011.42;355.5595
19999.57,0.58,20011.42;355.5595
19999.57,0.58,20011.42;355.5595
19999.55,0.58,20011.67;355.4564
19999.53,0.58,20011.91;355.3418
19999.53,0.58,20011.91;355.3418
19999.51,0.58,20012.17;355.2272
19999.49,0.58,20012.42;355.1183
19999.47,0.58,20012.67;355.0152
19999.47,0.58,20012.67;355.0152
19999.45,0.58,20012.91;354.912
19999.43,0.58,20013.15;354.7975
19999.43,0.58,20013.15;354.7975
19999.4,0.58,20013.4;354.6829
19999.38,0.58,20013.65;354.574
19999.38,0.58,20013.65;354.574
19999.35,0.58,20013.91;354.4651
19999.33,0.58,20014.16;354.3677
19999.3,0.58,20014.4;354.2703
19999.28,0.58,20014.64;354.1614
19999.28,0.58,20014.64;354.1614
19999.25,0.58,20014.89;354.0526
19999.23,0.58,20015.14;353.9437
19999.23,0.58,20015.14;353.9437
19999.2,0.58,20015.38;353.8349
19999.17,0.58,20015.62;353.7375
19999.17,0.58,20015.62;353.7375
19999.15,0.58,20015.88;353.64
19999.12,0.58,20016.13;353.5312
19999.09,0.58,20016.38;353.4166
19999.09,0.58,20016.38;353.4166
19999.09,0.58,20016.38;353.4166
19999.06,0.58,20016.63;353.3192
19999.06,0.58,20016.63;353.3192
19999.06,0.58,20016.63;353.3192
19999.03,0.58,20016.86;353.216
19999.03,0.58,20016.86;353.216
19999,0.58,20017.11;353.1129
19998.97,0.58,20017.36;353.0155
19998.94,0.58,20017.62;352.9181
19998.91,0.58,20017.87;352.8264
19998.91,0.58,20017.87;352.8264
19998.88,0.58,20018.11;352.7347
19998.84,0.58,20018.36;352.6373
19998.84,0.58,20018.36;352.6373
19998.81,0.58,20018.61;352.5399
19998.78,0.58,20018.86;352.4425
19998.78,0.58,20018.86;352.4425
19998.74,0.58,20019.11;352.3451
19998.71,0.58,20019.36;352.2649
19998.68,0.58,20019.61;352.1675
19998.68,0.58,20019.61;352.1675
19998.68,0.58,20019.61;352.1675
19998.64,0.58,20019.87;352.0701
19998.64,0.58,20019.87;352.0701
19998.64,0.58,20019.87;352.0701
19998.61,0.58,20020.12;351.9841
19998.61,0.58,20020.12;351.9841
19998.61,0.58,20020.12;351.9841
19998.57,0.58,20020.37;351.8925
19998.53,0.58,20020.62;351.8008
19998.5,0.58,20020.87;351.7148
19998.5,0.58,20020.87;351.7148
19998.46,0.58,20021.12;351.6289
19998.42,0.58,20021.37;351.5429
19998.42,0.58,20021.37;351.5429
19998.38,0.58,20021.62;351.457
19998.35,0.58,20021.87;351.3596
19998.35,0.58,20021.87;351.3596
19998.31,0.58,20022.13;351.2622
19998.27,0.58,20022.37;351.1705
19998.23,0.58,20022.62;351.096
19998.23,0.58,20022.62;351.096
19998.23,0.58,20022.62;351.096
19998.19,0.58,20022.87;351.0215
19998.15,0.58,20023.13;350.9298
19998.15,0.58,20023.13;350.9298
19998.12,0.58,20023.34;350.8382
19998.08,0.58,20023.55;350.7465
19998.08,0.58,20023.55;350.7465
19998.04,0.58,20023.8;350.6606
19998,0.58,20024.05;350.5746
19997.96,0.58,20024.3;350.4829
19997.96,0.58,20024.3;350.4829
19997.91,0.58,20024.55;350.3912
19997.87,0.58,20024.8;350.2881
19997.87,0.58,20024.8;350.2881
19997.83,0.58,20025.05;350.185
19997.79,0.58,20025.3;350.1048
19997.79,0.58,20025.3;350.1048
19997.74,0.58,20025.55;350.0245
19997.74,0.58,20025.55;350.0245
19997.7,0.58,20025.8;349.9615
19997.7,0.58,20025.8;349.9615
19997.65,0.58,20026.04;349.8985
19997.61,0.58,20026.28;349.8527
19997.61,0.58,20026.28;349.8527
19997.57,0.58,20026.53;349.8068
19997.52,0.58,20026.78;349.7438
19997.52,0.58,20026.78;349.7438
19997.48,0.58,20027.03;349.698
19997.43,0.58,20027.26;349.6522
19997.39,0.58,20027.49;349.5948
19997.39,0.58,20027.49;349.5948
19997.39,0.58,20027.49;349.5948
19997.35,0.58,20027.74;349.5433
19997.35,0.58,20027.74;349.5433
19997.35,0.58,20027.74;349.5433
19997.3,0.58,20027.99;349.4917
19997.3,0.58,20027.99;349.4917
19997.26,0.58,20028.21;349.4402
19997.26,0.58,20028.21;349.4402
19997.21,0.58,20028.46;349.3886
19997.21,0.58,20028.46;349.3886
19997.21,0.58,20028.46;349.3886
19997.16,0.58,20028.71;349.337
19997.12,0.58,20028.96;349.3199
19997.12,0.58,20028.96;349.3199
19997.07,0.58,20029.19;349.3027
19997.03,0.58,20029.41;349.2969
19996.98,0.58,20029.66;349.2912
19996.94,0.58,20029.91;349.211
19996.94,0.58,20029.91;349.211
19996.89,0.58,20030.14;349.1308
19996.85,0.58,20030.37;349.0792
19996.85,0.58,20030.37;349.0792
19996.8,0.58,20030.62;349.0277
19996.75,0.58,20030.87;348.9818
19996.75,0.58,20030.87;348.9818
19996.7,0.58,20031.11;348.936
19996.65,0.58,20031.36;348.8558
19996.61,0.58,20031.61;348.7641
19996.61,0.58,20031.61;348.7641
19996.61,0.58,20031.61;348.7641
19996.56,0.58,20031.83;348.6839
19996.56,0.58,20031.83;348.6839
19996.56,0.58,20031.83;348.6839
19996.51,0.58,20032.08;348.6209
19996.51,0.58,20032.08;348.6209
19996.46,0.58,20032.33;348.5579
19996.41,0.58,20032.58;348.4834
19996.36,0.58,20032.8;348.4089
19996.32,0.58,20033.03;348.3459
19996.32,0.58,20033.03;348.3459
19996.27,0.58,20033.28;348.2829
19996.21,0.58,20033.53;348.1969
19996.21,0.58,20033.53;348.1969
19996.16,0.58,20033.77;348.111
19996.11,0.58,20034.02;348.0537
19996.11,0.58,20034.02;348.0537
19996.06,0.58,20034.24;347.9964
19996.01,0.58,20034.47;347.9391
19995.96,0.58,20034.72;347.8818
19995.96,0.58,20034.72;347.8818
19995.96,0.58,20034.72;347.8818
19995.91,0.58,20034.96;347.7901
19995.91,0.58,20034.96;347.7901
19995.91,0.58,20034.96;347.7901
19995.86,0.58,20035.19;347.6984
19995.86,0.58,20035.19;347.6984
19995.86,0.58,20035.19;347.6984
19995.8,0.58,20035.43;347.6068
19995.75,0.58,20035.68;347.4979
19995.69,0.58,20035.93;347.412
19995.69,0.58,20035.93;347.412
19995.65,0.58,20036.14;347.326
19995.6,0.58,20036.36;347.2515
19995.6,0.58,20036.36;347.2515
19995.55,0.58,20036.57;347.177
19995.5,0.58,20036.79;347.0624
19995.5,0.58,20036.79;347.0624
19995.44,0.58,20037.04;346.9478
19995.38,0.58,20037.29;346.8791
19995.33,0.58,20037.5;346.8103
19995.28,0.58,20037.72;346.7301
19995.28,0.58,20037.72;346.7301
19995.24,0.58,20037.91;346.6499
19995.19,0.58,20038.1;346.5525
19995.19,0.58,20038.1;346.5525
19995.13,0.58,20038.34;346.4551
19995.07,0.58,20038.58;346.4036
19995.07,0.58,20038.58;346.4036
19995.03,0.58,20038.77;346.352
19994.98,0.58,20038.96;346.2546
19994.94,0.58,20039.14;346.1916
19994.94,0.58,20039.14;346.1916
19994.94,0.58,20039.14;346.1916
19994.9,0.58,20039.3;346.1285
19994.86,0.58,20039.46;346.1114
19994.86,0.58,20039.46;346.1114
19994.8,0.58,20039.71;346.0942
19994.74,0.58,20039.96;346.0483
19994.67,0.58,20040.2;345.991
19994.62,0.58,20040.43;345.9337
19994.56,0.58,20040.66;345.8593
19994.56,0.58,20040.66;345.8593
19994.5,0.58,20040.91;345.7848
19994.43,0.58,20041.15;345.7218
19994.43,0.58,20041.15;345.7218
19994.37,0.58,20041.4;345.6588
19994.31,0.58,20041.64;345.5442
19994.31,0.58,20041.64;345.5442
19994.25,0.58,20041.87;345.441
19994.19,0.58,20042.12;345.3379
19994.12,0.58,20042.36;345.2405
19994.12,0.58,20042.36;345.2405
19994.05,0.58,20042.61;345.1431
19993.99,0.58,20042.85;345.0285
19993.99,0.58,20042.85;345.0285
19993.92,0.58,20043.1;344.9139
