20000,0.5,20000;0
20000,0.58,19999.78;0
20000,0.58,19999.54;0
20000,0.58,19999.28;0
20000,0.58,19999.28;0
20000,0.5800004,19999.28;0.014323
20000,0.5800004,19999.28;0.014323
20000,0.5800009,19999.28;0.02864599
20000,0.5800002,19999.28;0.02864599
20000,0.5800007,19999.28;0.04296899
20000,0.5800017,19999.28;0.04296899
20000,0.5800022,19999.28;0.04296899
20000,0.5800018,19999.28;0.04296899
20000,0.5800015,19999.28;0.05729198
20000,0.5800012,19999.28;0.07161498
20000,0.5800012,19999.28;0.08593797
20000,0.5800012,19999.28;0.08593797
20000,0.5800019,19999.28;0.100261
20000,0.5800019,19999.28;0.100261
20000,0.5800021,19999.28;0.100261
20000,0.5800021,19999.28;0.100261
20000,0.5800022,19999.28;0.100261
19999.99,0.5800025,19999.28;0.100261
19999.99,0.5800018,19999.28;0.14323
19999.99,0.5800017,19999.28;0.157553
19999.99,0.5800022,19999.28;0.157553
19999.99,0.5800015,19999.28;0.2005219
19999.99,0.5800017,19999.28;0.214845
19999.99,0.5800013,19999.28;0.214845
19999.99,0.5800009,19999.28;0.214845
19999.99,0.5800008,19999.28;0.214845
19999.99,0.58,19999.28;0.214845
19999.99,0.58,19999.28;0.2291679
19999.98,0.58,19999.28;0.2291679
19999.98,0.5800005,19999.28;0.2291679
19999.98,0.5800011,19999.28;0.2291679
19999.98,0.5800019,19999.28;0.2434909
19999.98,0.5800018,19999.28;0.2434909
19999.98,0.5800022,19999.28;0.2578139
19999.98,0.5800026,19999.28;0.2578139
19999.98,0.5800025,19999.28;0.2578139
19999.98,0.5800024,19999.28;0.2578139
19999.98,0.5800029,19999.28;0.2578139
19999.98,0.5800036,19999.28;0.2578139
19999.97,0.5800042,19999.28;0.3007829
19999.97,0.5800046,19999.28;0.4726696
19999.97,0.5800047,19999.28;0.5442846
19999.97,0.5800047,19999.31;0.4583358
19999.97,0.5800047,19999.35;0.3723872
19999.97,0.5800047,19999.42;0.3150952
19999.97,0.5800047,19999.51;0.2148235
19999.97,0.5800047,19999.63;0.1575315
19999.97,0.5800047,19999.73;0.08591652
19999.97,0.5800047,19999.86;0.02862454
19999.97,0.5800047,19999.96;-2.145439E-05
19999.97,0.5800047,20000.08;359.9427
19999.97,0.5800047,20000.21;359.8281
19999.97,0.5800047,20000.3;359.7278
19999.97,0.5800047,20000.42;359.6705
19999.97,0.5800047,20000.55;359.5989
19999.97,0.5800047,20000.68;359.513
19999.97,0.5800047,20000.79;359.4127
19999.97,0.5800047,20001.01;359.3554
19999.96,0.5800047,20001.3;359.2981
19999.96,0.5800047,20001.61;359.1835
19999.96,0.5800047,20001.9;359.0546
19999.95,0.5800047,20002.22;359.0116
19999.95,0.5800047,20002.45;358.983
19999.94,0.5800047,20002.97;358.8827
19999.92,0.5800047,20003.48;358.7824
19999.91,0.5800047,20003.97;358.6965
19999.9,0.5800047,20004.48;358.6535
19999.89,0.5800047,20004.91;358.5676
19999.88,0.5800047,20005.41;358.4816
19999.87,0.5800047,20005.84;358.4243
19999.85,0.5800047,20006.33;358.367
19999.84,0.5800047,20006.75;358.2811
19999.82,0.5800047,20007.24;358.2381
19999.81,0.5800047,20007.66;358.1952
19999.79,0.5800047,20008.13;358.1665
19999.78,0.5800047,20008.54;358.1378
19999.77,0.5800047,20009;358.0949
19999.75,0.5800047,20009.4;358.0519
19999.74,0.5800047,20009.86;357.9803
19999.72,0.5800047,20010.25;357.923
19999.71,0.5800047,20010.71;357.8657
19999.69,0.5800047,20011.17;357.8228
19999.67,0.5800047,20011.63;357.7941
19999.65,0.5800047,20012.09;357.7082
19999.64,0.5800047,20012.48;357.6509
19999.62,0.5800047,20012.94;357.5649
19999.6,0.5800047,20013.4;357.5363
19999.58,0.5800047,20013.86;357.4933
19999.56,0.5800047,20014.32;357.479
19999.54,0.5800047,20014.68;357.4647
19999.52,0.5800047,20015.14;357.4503
19999.5,0.5800047,20015.54;357.436
19999.48,0.5800047,20016.01;357.4217
19999.46,0.5800047,20016.41;357.4074
19999.44,0.5800047,20016.88;357.393
19999.42,0.5800047,20017.27;357.3787
19999.4,0.5800047,20017.75;357.3644
19999.38,0.5800047,20018.16;357.3501
19999.37,0.5800047,20018.5;357.3358
19999.36,0.5800047,20018.62;357.3214
19999.36,0.5800047,20018.61;357.2928
19999.36,0.5800047,20018.6;356.992
19999.36,0.5800047,20018.61;356.7055
19999.36,0.5800047,20018.63;356.6339
19999.36,0.5800047,20018.65;356.5623
19999.36,0.5800047,20018.71;356.4907
19999.35,0.5800047,20018.86;356.462
19999.32,0.5800047,20019.14;354.7145
19999.29,0.5800047,20019.47;353.8694
19999.25,0.5800047,20019.72;353.0243
19999.22,0.5800047,20019.99;352.1791
19999.19,0.5800047,20020.22;352.1075
19999.14,0.5800047,20020.49;351.1765
19999.1,0.5800047,20020.73;349.4719
19999.04,0.5800047,20020.99;348.1111
19998.99,0.5800047,20021.21;346.6215
19998.93,0.5800047,20021.43;345.0172
19998.86,0.5800047,20021.68;343.3699
19998.78,0.5800047,20021.93;341.694
19998.69,0.5800047,20022.16;340.3046
19998.61,0.5800047,20022.37;338.686
19998.52,0.5800047,20022.59;337.0388
19998.43,0.5800047,20022.78;335.3629
19998.3,0.5800047,20023.05;333.7013
19998.2,0.5800047,20023.23;332.0397
19998.09,0.5800047,20023.42;330.3781
19997.98,0.5800047,20023.61;328.7452
19997.86,0.5800047,20023.8;327.1123
19997.73,0.5800047,20023.99;325.7515
19997.59,0.5800047,20024.17;324.1472
19997.45,0.5800047,20024.36;322.5859
19997.33,0.5800047,20024.52;321.2681
19997.17,0.5800047,20024.7;319.7498
19997.04,0.5800047,20024.85;318.4606
19996.87,0.5800047,20025.03;316.9709
19996.73,0.5800047,20025.17;315.6961
19996.57,0.5800047,20025.33;314.321
19996.42,0.5800047,20025.47;314.0202
19996.23,0.5800047,20025.65;312.6594
19996.07,0.5800047,20025.79;311.4419
19995.88,0.5800047,20025.95;310.0381
19995.73,0.5800047,20026.07;308.6057
19995.52,0.5800047,20026.23;307.159
19995.35,0.5800047,20026.35;305.8842
19995.18,0.5800047,20026.47;304.3945
19994.99,0.5800047,20026.59;302.8618
19994.77,0.5800047,20026.72;301.3148
19994.57,0.5800047,20026.84;299.7535
19994.45,0.5800047,20026.9;298.1922
19994.21,0.5800047,20027.02;296.6166
19993.96,0.5800047,20027.14;295.0123
19993.76,0.5800047,20027.23;293.408
19993.52,0.5800047,20027.32;292.0042
19993.3,0.5800047,20027.4;290.3713
19993.1,0.5800047,20027.47;289.0105
19992.88,0.5800047,20027.54;287.349
19992.67,0.5800047,20027.6;285.9023
19992.48,0.5800047,20027.65;284.5988
19992.26,0.5800047,20027.7;283.238
19992.12,0.5800047,20027.74;282.8656
19992.07,0.5800047,20027.75;283.0088
19992.02,0.5800047,20027.76;283.1807
19991.96,0.5800047,20027.77;283.2667
19991.87,0.5800047,20027.79;283.238
19991.75,0.5800047,20027.82;283.1807
19991.6,0.5800047,20027.86;283.1664
19991.45,0.5800047,20027.89;283.2094
19991.27,0.5800047,20027.94;283.281
19991.09,0.5800047,20027.98;283.4529
19990.89,0.5800047,20028.03;283.6104
19990.62,0.5800047,20028.09;283.7966
19990.38,0.5800047,20028.15;283.9255
19990.1,0.5800047,20028.22;284.0831
19989.86,0.5800047,20028.29;284.2263
19989.57,0.5800047,20028.36;284.3982
19989.33,0.5800047,20028.42;284.5415
19989.28,0.5800055,20028.49;284.699
19989.28,0.5800062,20028.57;284.8566
19989.28,0.5800079,20028.64;285.0428
19989.28,0.5800068,20028.72;285.186
19989.28,0.5800077,20028.8;285.3579
19989.28,0.5800079,20028.85;285.186
19989.28,0.5800078,20028.85;285.0142
19989.28,0.5800077,20028.86;284.9139
19989.28,0.5800077,20028.87;284.8423
19989.28,0.5800077,20028.87;284.785
19989.28,0.5800077,20028.88;284.7563
19989.28,0.5800077,20028.88;284.7277
19989.28,0.5800078,20028.89;284.6704
19989.28,0.5800079,20028.89;284.656
19989.28,0.5800079,20028.9;284.5988
19989.28,0.5800079,20028.9;284.5414
19989.28,0.5800079,20028.9;284.5414
19989.29,0.5800079,20028.9;284.5558
19989.3,0.5800079,20028.89;284.5844
19989.31,0.5800079,20028.89;284.6274
19989.32,0.5800079,20028.89;284.6847
19989.34,0.5800079,20028.88;284.742
19989.35,0.5800079,20028.88;284.742
19989.35,0.5800079,20028.88;284.7277
19989.34,0.5800079,20028.88;284.6703
19989.32,0.5800079,20028.89;284.5558
19989.28,0.5800079,20028.9;284.4268
19989.28,0.5800079,20028.91;284.3695
19989.28,0.5800079,20028.92;284.3409
19989.28,0.5800077,20028.93;284.3266
19989.28,0.580008,20028.94;284.2406
19989.28,0.5800079,20028.96;284.0401
19989.28,0.5800078,20028.99;283.7966
19989.28,0.5800081,20029.01;283.5817
19989.28,0.5800083,20029.04;283.3525
19989.28,0.5800084,20029.05;283.1807
19989.28,0.5800085,20029.06;283.0947
19989.28,0.5800085,20029.06;283.0231
19989.28,0.5800085,20029.06;282.9944
19989.28,0.5800085,20029.06;282.9944
19989.29,0.5800085,20029.06;282.9944
19989.29,0.5800085,20029.06;282.9801
19989.3,0.5800085,20029.06;282.9801
19989.31,0.5800085,20029.06;282.9658
19989.32,0.5800085,20029.05;282.9515
19989.32,0.5800085,20029.05;282.9228
19989.33,0.5800085,20029.05;282.9085
19989.32,0.5800085,20029.05;282.9085
19989.31,0.5800085,20029.06;282.8799
19989.29,0.5800085,20029.06;282.8512
19989.28,0.5800086,20029.07;282.8369
19989.28,0.5800086,20029.07;282.8369
19989.28,0.5800087,20029.08;282.8512
19989.28,0.5800087,20029.08;282.8226
19989.28,0.5800087,20029.09;282.7509
19989.28,0.5800087,20029.11;282.5934
19989.28,0.5800089,20029.12;282.4501
19989.28,0.580009,20029.13;282.3212
19989.28,0.5800092,20029.15;282.2209
19989.28,0.5800093,20029.16;282.1064
19989.28,0.5800093,20029.18;281.9631
19989.28,0.5800092,20029.19;281.8485
19989.28,0.580009,20029.2;281.7339
19989.28,0.5800091,20029.2;281.6909
19989.28,0.5800091,20029.21;281.6336
19989.28,0.580009,20029.21;281.605
19989.28,0.580009,20029.21;281.5907
19989.28,0.580009,20029.21;281.5334
19989.28,0.580009,20029.23;281.4474
19989.28,0.5800092,20029.24;281.3042
19989.28,0.5800093,20029.25;281.1609
19989.28,0.5800096,20029.27;280.9747
19989.28,0.5800099,20029.29;280.8172
19989.28,0.5800098,20029.3;280.674
19989.28,0.5800099,20029.32;280.4877
19989.28,0.5800099,20029.33;280.3302
19989.28,0.5800099,20029.34;280.1726
19989.28,0.5800099,20029.34;280.058
19989.28,0.5800099,20029.34;279.9148
19989.29,0.5800099,20029.34;279.8002
19989.32,0.5800099,20029.34;279.7429
19989.35,0.5800099,20029.33;279.7285
19989.4,0.5800099,20029.32;279.7429
19989.45,0.5800099,20029.31;279.7715
19989.46,0.5800099,20029.31;279.8288
19989.48,0.5800099,20029.31;279.8861
19989.53,0.5800099,20029.3;279.9291
19989.56,0.5800099,20029.29;280.0007
19989.59,0.5800099,20029.29;280.1296
19989.64,0.5800099,20029.28;280.2442
19989.69,0.5800099,20029.27;280.3445
19989.74,0.5800099,20029.26;280.4877
19989.78,0.5800099,20029.25;280.6453
19989.83,0.5800099,20029.24;280.8315
19989.86,0.5800099,20029.24;280.9461
19989.88,0.5800099,20029.23;281.0177
19989.86,0.5800099,20029.24;280.9031
19989.83,0.5800099,20029.24;280.7169
19989.81,0.5800099,20029.25;280.5307
19989.77,0.5800099,20029.25;280.1869
19989.71,0.5800099,20029.26;279.8288
19989.64,0.5800099,20029.28;279.4564
19989.58,0.5800099,20029.29;279.0553
19989.51,0.5800099,20029.3;278.7115
19989.46,0.5800099,20029.3;278.2818
19989.42,0.5800099,20029.31;277.8235
19989.36,0.5800099,20029.32;277.3365
19989.32,0.5800099,20029.32;276.9497
19989.28,0.58001,20029.33;276.5916
19989.28,0.5800102,20029.34;276.1619
19989.28,0.5800102,20029.34;275.7751
19989.28,0.5800101,20029.34;275.503
19989.28,0.5800101,20029.35;275.2881
19989.28,0.5800101,20029.35;275.0446
19989.28,0.5800101,20029.36;274.8727
19989.28,0.5800101,20029.36;274.6579
19989.28,0.5800102,20029.36;274.4573
19989.28,0.5800104,20029.37;274.2855
19989.28,0.5800104,20029.37;274.2139
19989.28,0.5800104,20029.37;274.1995
19989.28,0.5800104,20029.37;274.2568
19989.29,0.5800104,20029.37;274.4287
19989.4,0.5800104,20029.36;275.016
19989.54,0.5800104,20029.34;275.7179
19989.71,0.5800104,20029.32;276.4484
19989.8,0.5800104,20029.31;277.1073
19989.9,0.5800104,20029.3;277.7519
19989.97,0.5800104,20029.29;278.2245
19990.06,0.5800104,20029.28;278.6543
19990.14,0.5800104,20029.26;279.127
19990.25,0.5800104,20029.24;279.657
19990.36,0.5800104,20029.22;280.3445
19990.47,0.5800104,20029.2;280.9175
19990.6,0.5800104,20029.18;281.6193
19990.72,0.5800104,20029.15;282.3212
19990.79,0.5800104,20029.13;282.9658
19990.84,0.5800104,20029.12;283.2379
19990.87,0.5800104,20029.11;283.3239
19990.9,0.5800104,20029.11;283.3525
19990.92,0.5800104,20029.1;283.3955
19990.95,0.5800104,20029.1;283.4385
19990.96,0.5800104,20029.09;283.4814
19990.96,0.5800104,20029.09;283.5244
19990.96,0.5800104,20029.09;283.5387
19990.95,0.5800104,20029.1;283.5387
19990.93,0.5800104,20029.1;283.4528
19990.89,0.5800104,20029.11;283.2952
19990.83,0.5800104,20029.12;283.0947
19990.77,0.5800104,20029.14;282.6077
19990.68,0.5800104,20029.16;282.1063
19990.53,0.5800104,20029.19;281.4188
19990.32,0.5800104,20029.23;280.5164
19990.11,0.5800104,20029.26;279.528
19989.85,0.5800104,20029.3;278.7259
19989.63,0.5800104,20029.33;278.0526
19989.45,0.5800104,20029.36;277.3508
19989.38,0.5800104,20029.36;276.7921
19989.28,0.5800103,20029.39;276.1906
19989.28,0.5800105,20029.41;275.6606
19989.28,0.5800113,20029.43;274.9444
19989.28,0.5800118,20029.45;274.2138
19989.28,0.5800116,20029.46;273.6409
19989.28,0.5800113,20029.47;272.9677
19989.28,0.580011,20029.48;272.3804
19989.28,0.5800102,20029.49;271.6642
19989.28,0.5800099,20029.49;271.0626
19989.28,0.5800095,20029.49;270.375
19989.28,0.5800098,20029.49;269.7877
19989.28,0.5800096,20029.49;269.1002
19989.28,0.5800096,20029.48;268.4843
19989.28,0.5800098,20029.47;267.7824
19989.28,0.5800095,20029.46;267.1808
19989.28,0.5800097,20029.45;266.5219
19989.28,0.5800103,20029.44;265.9346
19989.28,0.5800107,20029.42;265.3187
19989.28,0.5800107,20029.4;264.5452
19989.28,0.5800113,20029.39;263.9149
19989.28,0.5800118,20029.38;263.3419
19989.28,0.5800117,20029.36;262.9265
19989.28,0.5800118,20029.34;262.4252
19989.28,0.5800122,20029.31;261.9382
19989.28,0.5800126,20029.29;261.5371
19989.28,0.5800132,20029.27;261.1218
19989.28,0.5800132,20029.26;260.7636
19989.28,0.580013,20029.25;260.4628
19989.28,0.580013,20029.23;260.0188
19989.28,0.5800129,20029.21;259.3742
19989.28,0.580013,20029.19;258.7153
19989.28,0.580013,20029.15;257.9418
19989.28,0.5800139,20029.12;257.3116
19989.28,0.5800142,20029.09;256.8675
19989.28,0.5800141,20029.06;256.3948
19989.28,0.5800138,20029.03;255.9078
19989.28,0.5800138,20028.99;255.4924
19989.28,0.5800142,20028.95;254.9624
19989.28,0.5800141,20028.91;254.3608
19989.28,0.5800135,20028.87;253.8165
19989.28,0.5800136,20028.83;253.1862
19989.28,0.5800133,20028.79;252.6133
19989.28,0.580014,20028.74;251.9401
19989.28,0.5800145,20028.69;251.2668
19989.28,0.5800139,20028.64;250.565
19989.28,0.5800138,20028.59;250.0063
19989.28,0.5800135,20028.55;249.3761
19989.28,0.5800143,20028.49;248.7458
19989.28,0.5800148,20028.44;248.2015
19989.27,0.5800148,20028.39;247.5856
19989.27,0.5800151,20028.33;246.9554
19989.27,0.5800146,20028.28;246.7835
19989.27,0.5800148,20028.22;246.3538
19989.27,0.5800145,20028.17;245.7235
19989.27,0.5800149,20028.11;245.1935
19989.27,0.5800149,20028.05;244.5633
19989.27,0.5800149,20027.99;243.89
19989.27,0.5800142,20027.93;243.3171
19989.27,0.5800144,20027.87;242.6439
19989.27,0.5800146,20027.8;241.985
19989.27,0.5800141,20027.74;241.412
19989.27,0.5800142,20027.69;240.7388
19989.27,0.5800144,20027.62;240.1658
19989.27,0.5800146,20027.56;239.4926
19989.27,0.5800146,20027.49;238.805
19989.27,0.5800144,20027.42;238.1318
19989.27,0.5800146,20027.35;237.5588
19989.27,0.5800146,20027.28;236.8713
19989.27,0.5800147,20027.24;236.284
19989.27,0.5800146,20027.17;235.5965
19989.27,0.5800149,20027.09;234.9232
19989.27,0.5800148,20027.02;234.336
19989.26,0.5800146,20026.95;233.6627
19989.26,0.5800146,20026.88;232.9752
19989.26,0.5800148,20026.8;232.3879
19989.26,0.5800146,20026.71;231.7147
19989.26,0.5800145,20026.64;231.0271
19989.26,0.5800146,20026.56;230.4541
19989.26,0.5800145,20026.47;229.8812
19989.26,0.5800147,20026.39;229.208
19989.26,0.5800146,20026.3;228.5347
19989.26,0.5800146,20026.21;227.8615
19989.26,0.5800148,20026.13;227.1883
19989.26,0.5800148,20026.04;226.6153
19989.26,0.5800152,20025.94;225.9421
19989.26,0.5800154,20025.87;225.2689
19989.26,0.5800153,20025.77;224.5813
19989.26,0.5800154,20025.67;224.0084
19989.26,0.5800155,20025.56;223.3208
19989.25,0.5800156,20025.47;222.6189
19989.25,0.5800158,20025.37;222.0173
19989.25,0.5800161,20025.27;221.3155
19989.25,0.5800167,20025.16;220.6136
19989.25,0.580017,20025.05;220.012
19989.25,0.5800173,20024.96;219.3101
19989.25,0.5800172,20024.85;218.7085
19989.25,0.5800174,20024.74;217.9923
19989.25,0.5800173,20024.64;217.2761
19989.25,0.5800173,20024.53;216.56
19989.25,0.5800175,20024.42;215.944
19989.25,0.5800175,20024.33;215.2278
19989.25,0.5800175,20024.21;214.5259
19989.24,0.5800177,20024.11;213.91
19989.24,0.5800179,20024;213.1938
19989.24,0.5800178,20023.9;212.5206
19989.24,0.5800178,20023.79;211.8044
19989.24,0.580018,20023.69;211.0882
19989.24,0.5800181,20023.59;210.5726
19989.24,0.5800182,20023.48;210.0569
19989.24,0.5800183,20023.39;209.4123
19989.24,0.5800185,20023.29;208.6961
19989.24,0.5800185,20023.19;208.0945
19989.24,0.5800183,20023.1;207.3927
19989.24,0.5800185,20023;206.7051
19989.24,0.5800185,20022.9;206.1035
19989.23,0.5800186,20022.81;205.4016
19989.23,0.5800185,20022.72;204.7141
19989.23,0.5800185,20022.62;204.1268
19989.23,0.5800185,20022.53;203.4393
19989.23,0.5800186,20022.45;202.7374
19989.23,0.5800185,20022.35;202.1644
19989.23,0.5800186,20022.26;201.4769
19989.23,0.5800186,20022.18;200.8036
19989.23,0.5800186,20022.09;200.2307
19989.23,0.5800186,20022.01;199.5575
19989.23,0.5800186,20021.94;198.8986
19989.23,0.5800186,20021.85;198.3256
19989.22,0.5800186,20021.79;197.6667
19989.22,0.5800186,20021.7;197.0078
19989.22,0.5800186,20021.64;196.4778
19989.22,0.5800186,20021.57;195.8619
19989.22,0.5800186,20021.5;195.2603
19989.22,0.5800186,20021.43;194.7016
19989.22,0.5800186,20021.38;194.0571
19989.22,0.5800186,20021.31;193.4841
19989.22,0.5800186,20021.25;192.8109
19989.22,0.5800186,20021.2;192.152
19989.22,0.5800186,20021.14;191.5934
19989.21,0.5800186,20021.08;190.9058
19989.21,0.5800186,20021.03;190.2326
19989.21,0.5800186,20020.97;189.5593
19989.21,0.5800187,20020.91;188.9721
19989.21,0.5800187,20020.88;188.2845
19989.21,0.5800187,20020.83;187.5827
19989.21,0.5800186,20020.78;186.9954
19989.21,0.5800186,20020.74;186.5943
19989.21,0.5800186,20020.7;185.8924
19989.21,0.5800186,20020.66;185.4341
19989.21,0.5800186,20020.63;184.9757
19989.21,0.5800186,20020.59;184.5173
19989.21,0.5800186,20020.59;184.5173
19989.21,0.5800186,20020.55;184.059
19989.21,0.5800186,20020.53;183.4574
19989.21,0.5800186,20020.5;183.1566
19989.2,0.5800186,20020.47;182.5693
19989.2,0.5800186,20020.45;181.8817
19989.2,0.5800186,20020.43;181.7528
19989.2,0.5800186,20020.41;181.1082
19989.2,0.5800186,20020.41;180.5066
19989.2,0.5800186,20020.4;180.4923
19989.2,0.5800186,20020.4;180.0912
19989.2,0.5800186,20020.4;179.6902
19989.2,0.5800186,20020.4;179.1745
19989.2,0.5800186,20020.4;178.9023
19989.2,0.5800186,20020.4;178.6302
19989.2,0.5800186,20020.4;178.6302
19989.2,0.5800186,20020.4;177.9426
19989.2,0.5800186,20020.4;177.341
19989.2,0.5800186,20020.4;177.0402
19989.2,0.5800186,20020.4;176.7537
19989.2,0.5800186,20020.4;176.3097
19989.2,0.5800186,20020.4;175.8656
19989.2,0.5800186,20020.4;175.4216
19989.2,0.5800186,20020.4;174.9776
19989.2,0.5800186,20020.4;174.5335
19989.2,0.5800186,20020.4;174.0895
19989.2,0.5800186,20020.4;174.0895
19989.2,0.5800186,20020.4;173.6454
19989.2,0.5800186,20020.4;173.2014
19989.2,0.5800186,20020.4;172.7573
19989.2,0.5800186,20020.4;172.3133
19989.2,0.5800186,20020.4;171.8692
19989.2,0.5800186,20020.4;171.4252
19989.2,0.5800186,20020.4;170.9812
19989.2,0.5800186,20020.4;170.5371
19989.2,0.5800186,20020.4;170.0931
19989.2,0.5800186,20020.4;169.649
19989.2,0.5800186,20020.4;169.205
19989.2,0.5800186,20020.4;168.7609
19989.2,0.5800186,20020.4;168.3169
19989.2,0.5800186,20020.4;167.8728
19989.2,0.5800186,20020.41;167.4288
19989.2,0.5800186,20020.41;166.9848
19989.2,0.5800186,20020.41;166.5407
19989.2,0.5800186,20020.41;166.5407
19989.2,0.5800186,20020.41;166.0967
19989.2,0.5800186,20020.41;165.6526
19989.2,0.5800186,20020.41;165.2086
19989.2,0.5800186,20020.41;164.7645
19989.2,0.5800186,20020.42;164.3205
19989.2,0.5800186,20020.44;163.8764
19989.2,0.5800186,20020.44;163.4324
19989.2,0.5800186,20020.46;162.9883
19989.2,0.5800186,20020.48;162.5443
19989.2,0.5800186,20020.5;162.1003
19989.2,0.5800186,20020.53;161.6562
19989.2,0.5800186,20020.55;161.2122
19989.2,0.5800186,20020.57;160.7681
19989.2,0.5800186,20020.6;160.3241
19989.2,0.5800186,20020.6;160.3241
19989.2,0.5800186,20020.63;159.88
19989.2,0.5800186,20020.66;159.436
19989.2,0.5800186,20020.7;158.9919
19989.2,0.5800185,20020.72;158.5479
19989.2,0.5800185,20020.76;158.5336
19989.2,0.5800185,20020.79;157.9463
19989.2,0.5800185,20020.82;157.5166
19989.2,0.5800185,20020.85;156.9579
19989.2,0.5800185,20020.89;156.4136
19989.2,0.5800185,20020.93;155.898
19989.2,0.5800185,20020.97;155.3823
19989.2,0.5800186,20021.02;154.7377
19989.2,0.5800186,20021.06;154.1218
19989.2,0.5800186,20021.09;153.5775
19989.2,0.5800186,20021.14;152.9472
19989.2,0.5800186,20021.18;152.3456
19989.2,0.5800186,20021.23;151.8156
19989.2,0.5800186,20021.28;151.1997
19989.2,0.5800186,20021.33;150.5981
19989.2,0.5800186,20021.38;150.0681
19989.2,0.5800187,20021.43;149.4522
19989.2,0.5800188,20021.48;148.9509
19989.2,0.5800188,20021.53;148.3492
19989.2,0.5800188,20021.58;147.7476
19989.2,0.5800188,20021.63;147.2463
19989.2,0.5800188,20021.69;146.6733
19989.2,0.5800188,20021.75;146.1147
19989.2,0.5800188,20021.8;145.7852
19989.2,0.5800188,20021.86;145.2123
19989.2,0.5800188,20021.92;144.7253
19989.2,0.5800188,20021.98;144.2383
19989.2,0.5800187,20022.04;143.651
19989.2,0.5800185,20022.11;143.1496
19989.2,0.5800184,20022.16;142.5767
19989.2,0.5800186,20022.23;142.0037
19989.2,0.5800186,20022.3;141.5024
19989.2,0.5800185,20022.36;141.0011
19989.2,0.5800185,20022.43;140.4281
19989.2,0.5800186,20022.49;139.8694
19989.2,0.5800185,20022.56;139.2822
19989.2,0.5800185,20022.63;138.7952
19989.2,0.5800183,20022.69;138.2222
19989.2,0.5800184,20022.76;137.7209
19989.2,0.5800186,20022.83;137.1336
19989.2,0.5800188,20022.91;136.5463
19989.2,0.5800186,20022.97;135.959
19989.2,0.5800184,20023.04;135.3717
19989.2,0.5800185,20023.1;134.8704
19989.2,0.5800183,20023.17;134.2831
19989.2,0.5800183,20023.23;133.6958
19989.2,0.5800185,20023.29;133.0942
19989.2,0.5800185,20023.36;132.5069
19989.2,0.5800187,20023.43;131.9196
19989.2,0.5800188,20023.49;131.4183
19989.2,0.5800189,20023.55;130.8167
19989.2,0.5800187,20023.61;130.301
19989.2,0.5800188,20023.67;129.6994
19989.2,0.5800188,20023.74;129.0978
19989.2,0.5800188,20023.79;128.5821
19989.2,0.5800188,20023.85;127.9519
19989.2,0.5800187,20023.91;127.3503
19989.2,0.5800185,20023.96;126.8203
19989.2,0.5800186,20024.02;126.2187
19989.2,0.5800186,20024.07;125.8463
19989.2,0.5800186,20024.13;125.216
19989.2,0.5800186,20024.19;124.7003
19989.2,0.5800187,20024.24;124.1847
19989.2,0.5800186,20024.29;123.8696
19989.2,0.5800188,20024.34;123.5545
19989.2,0.5800188,20024.39;123.4685
19989.2,0.5800188,20024.44;123.3825
19989.2,0.5800188,20024.49;123.2966
19989.2,0.5800183,20024.54;123.0674
19989.2,0.5800183,20024.59;122.8382
19989.2,0.5800182,20024.64;122.7237
19989.2,0.5800184,20024.69;122.6091
19989.2,0.5800185,20024.73;122.4945
19989.2,0.5800183,20024.78;122.3799
19989.2,0.5800183,20024.83;122.2653
19989.2,0.5800183,20024.87;122.1507
19989.2,0.5800186,20024.92;122.0361
19989.2,0.5800185,20024.96;121.9215
19989.2,0.5800185,20024.99;121.8069
19989.2,0.5800186,20025.02;121.6923
19989.2,0.5800186,20025.07;121.5777
19989.2,0.5800182,20025.12;121.4631
19989.2,0.5800182,20025.16;121.2912
19989.2,0.5800183,20025.2;121.0477
19989.2,0.5800186,20025.25;120.9475
19989.2,0.5800188,20025.29;120.3602
19989.2,0.5800188,20025.33;119.8588
19989.2,0.5800187,20025.38;119.2716
19989.2,0.5800189,20025.42;118.9564
19989.2,0.5800186,20025.46;118.4694
19989.2,0.5800186,20025.5;118.3118
19989.2,0.5800183,20025.55;118.1972
19989.2,0.5800184,20025.6;118.0826
19989.2,0.5800185,20025.63;117.968
19989.2,0.5800185,20025.67;117.4524
19989.2,0.5800185,20025.71;117.0513
19989.2,0.5800185,20025.75;116.593
19989.2,0.5800188,20025.8;116.063
19989.2,0.5800186,20025.84;115.8624
19989.2,0.5800185,20025.88;115.8051
19989.2,0.5800185,20025.91;115.7192
19989.2,0.5800184,20025.96;115.6762
19989.2,0.5800188,20025.99;115.0889
19989.2,0.5800188,20026.03;114.7308
19989.2,0.5800188,20026.07;114.3871
19989.2,0.5800184,20026.12;113.9717
19989.2,0.5800183,20026.15;113.4703
19989.2,0.5800183,20026.2;113.0263
19989.2,0.5800182,20026.24;112.5536
19989.2,0.5800183,20026.28;112.0093
19989.2,0.5800183,20026.32;111.4506
19989.2,0.5800185,20026.33;110.9923
19989.2,0.5800182,20026.37;110.448
19989.2,0.5800184,20026.4;109.8893
19989.2,0.5800183,20026.41;109.345
19989.2,0.5800186,20026.44;108.8723
19989.2,0.5800186,20026.47;108.3424
19989.2,0.5800186,20026.47;107.798
19989.2,0.5800186,20026.49;107.2681
19989.2,0.5800186,20026.5;106.8097
19989.2,0.5800185,20026.51;106.2797
19989.2,0.5800185,20026.52;105.8213
19989.2,0.5800185,20026.52;105.2914
19989.2,0.5800185,20026.53;104.8473
19989.2,0.5800185,20026.53;104.3316
19989.2,0.5800185,20026.54;103.8876
19989.2,0.5800186,20026.54;103.3863
19989.21,0.5800186,20026.54;102.8992
19989.21,0.5800186,20026.54;102.4838
19989.22,0.5800186,20026.54;101.9395
19989.22,0.5800186,20026.54;101.3666
19989.22,0.5800186,20026.54;100.8223
19989.22,0.5800186,20026.55;100.3639
19989.22,0.5800185,20026.55;99.79092
19989.22,0.5800183,20026.56;99.54741
19989.22,0.5800183,20026.56;99.40416
19989.22,0.5800183,20026.57;99.41848
19989.22,0.5800183,20026.58;99.33253
19989.22,0.5800184,20026.6;99.24658
19989.22,0.5800185,20026.61;99.16063
19989.22,0.5800185,20026.62;99.07468
19989.22,0.5800187,20026.63;98.98873
19989.22,0.5800187,20026.63;98.98873
19989.22,0.5800187,20026.63;98.98873
19989.22,0.5800187,20026.63;98.98873
19989.22,0.5800187,20026.63;98.98873
19989.22,0.5800187,20026.63;98.98873
19989.22,0.5800187,20026.63;98.98873
19989.22,0.5800187,20026.63;98.98873
19989.22,0.5800187,20026.63;98.98873
19989.22,0.5800187,20026.63;98.98873
19989.22,0.5800187,20026.63;98.98873
19989.22,0.5800187,20026.63;98.98873
19989.22,0.5800187,20026.63;98.98873
19989.22,0.5800187,20026.63;98.98873
19989.22,0.5800187,20026.63;98.98873
19989.22,0.5800187,20026.63;98.98873
19989.22,0.5800187,20026.63;98.98873
19989.22,0.5800187,20026.63;98.98873
19989.22,0.5800187,20026.63;98.98873
19989.22,0.5800187,20026.63;98.98873
19989.22,0.5800187,20026.63;98.98873
19989.22,0.5800187,20026.63;98.98873
19989.22,0.5800187,20026.63;98.98873
19989.22,0.5800187,20026.63;98.98873
19989.22,0.5800187,20026.63;98.98873
19989.22,0.5800187,20026.63;98.98873
19989.22,0.5800187,20026.63;98.98873
19989.22,0.5800187,20026.63;98.98873
19989.22,0.5800187,20026.63;98.98873
19989.22,0.5800187,20026.63;98.98873
19989.22,0.5800187,20026.63;98.98873
19989.22,0.5800187,20026.63;98.98873
19989.22,0.5800187,20026.63;98.98873
19989.22,0.5800187,20026.63;98.98873
19989.22,0.5800187,20026.63;98.98873
19989.22,0.5800187,20026.63;98.98873
19989.22,0.5800187,20026.63;98.98873
19989.22,0.5800187,20026.63;98.98873
19989.22,0.5800187,20026.63;98.98873
19989.22,0.5800187,20026.63;98.98873
19989.22,0.5800187,20026.63;98.98873
19989.22,0.5800187,20026.63;98.98873
19989.22,0.5800187,20026.63;98.98873
19989.22,0.5800187,20026.63;98.98873
19989.22,0.5800187,20026.63;98.98873
19989.22,0.5800187,20026.63;98.98873
19989.22,0.5800187,20026.63;98.98873
19989.22,0.5800187,20026.63;98.98873
19989.22,0.5800187,20026.63;98.98873
19989.22,0.5800187,20026.63;98.98873
19989.22,0.5800187,20026.63;98.98873
19989.22,0.5800187,20026.63;98.98873
19989.22,0.5800187,20026.63;98.98873
19989.22,0.5800187,20026.63;98.98873
19989.22,0.5800187,20026.63;98.98873
19989.22,0.5800187,20026.63;98.98873
19989.22,0.5800187,20026.63;98.98873
19989.22,0.5800187,20026.63;98.98873
19989.22,0.5800187,20026.63;98.98873
19989.22,0.5800187,20026.63;98.98873
19989.22,0.5800187,20026.63;98.98873
19989.22,0.5800187,20026.63;98.98873
19989.22,0.5800187,20026.63;98.98873
19989.22,0.5800187,20026.63;98.98873
19989.22,0.5800187,20026.63;98.98873
19989.22,0.5800187,20026.63;98.98873
19989.22,0.5800187,20026.63;98.98873
19989.22,0.5800187,20026.63;98.98873
19989.22,0.5800187,20026.63;98.98873
19989.22,0.5800187,20026.63;98.98873
19989.22,0.5800187,20026.63;98.98873
19989.22,0.5800187,20026.63;98.98873
19989.22,0.5800187,20026.63;98.98873
19989.22,0.5800187,20026.63;98.98873
19989.22,0.5800187,20026.63;98.98873
19989.22,0.5800187,20026.63;98.98873
19989.22,0.5800187,20026.63;98.98873
19989.22,0.5800187,20026.63;98.98873
19989.22,0.5800187,20026.63;98.98873
19989.22,0.5800187,20026.63;98.98873
19989.22,0.5800187,20026.63;98.98873
19989.22,0.5800187,20026.63;98.98873
19989.22,0.5800187,20026.63;98.98873
19989.22,0.5800187,20026.63;98.98873
19989.22,0.5800187,20026.63;98.98873
19989.22,0.5800187,20026.63;98.98873
19989.22,0.5800187,20026.63;98.98873
19989.22,0.5800187,20026.63;98.98873
19989.22,0.5800187,20026.63;98.98873
19989.22,0.5800187,20026.63;98.98873
19989.22,0.5800187,20026.63;98.98873
19989.22,0.5800187,20026.63;98.98873
19989.22,0.5800187,20026.63;98.98873
19989.22,0.5800187,20026.63;98.98873
19989.22,0.5800187,20026.63;98.98873
19989.22,0.5800187,20026.63;98.98873
19989.22,0.5800187,20026.63;98.98873
19989.22,0.5800187,20026.63;98.98873
19989.22,0.5800187,20026.63;98.98873
19989.22,0.5800187,20026.63;98.98873
19989.22,0.5800187,20026.63;98.98873
19989.22,0.5800187,20026.63;98.98873
19989.22,0.5800187,20026.63;98.98873
19989.22,0.5800187,20026.63;98.98873
19989.22,0.5800187,20026.63;98.98873
19989.22,0.5800187,20026.63;98.98873
19989.22,0.5800187,20026.63;98.98873
19989.22,0.5800187,20026.63;98.98873
19989.22,0.5800187,20026.63;98.98873
19989.22,0.5800187,20026.63;98.98873
19989.22,0.5800187,20026.63;98.98873
19989.22,0.5800187,20026.63;98.98873
19989.22,0.5800187,20026.63;98.98873
19989.22,0.5800187,20026.63;98.98873
19989.22,0.5800187,20026.63;98.98873
19989.22,0.5800187,20026.63;98.98873
19989.22,0.5800187,20026.63;98.98873
19989.22,0.5800187,20026.63;98.98873
19989.22,0.5800187,20026.63;98.98873
19989.22,0.5800187,20026.63;98.98873
19989.22,0.5800187,20026.63;98.98873
19989.22,0.5800187,20026.63;98.98873
19989.22,0.5800187,20026.63;98.98873
19989.22,0.5800187,20026.63;98.98873
19989.22,0.5800187,20026.63;98.98873
19989.22,0.5800187,20026.63;98.98873
19989.22,0.5800187,20026.63;98.98873
19989.22,0.5800187,20026.63;98.98873
19989.22,0.5800187,20026.63;98.98873
19989.22,0.5800187,20026.63;98.98873
19989.22,0.5800187,20026.63;98.98873
19989.22,0.5800187,20026.63;98.98873
19989.22,0.5800187,20026.63;98.98873
19989.22,0.5800187,20026.63;98.98873
19989.22,0.5800187,20026.63;98.98873
19989.22,0.5800187,20026.63;98.98873
19989.22,0.5800187,20026.63;98.98873
19989.22,0.5800187,20026.63;98.98873
19989.22,0.5800187,20026.63;98.98873
19989.22,0.5800187,20026.63;98.98873
19989.22,0.5800187,20026.63;98.98873
19989.22,0.5800187,20026.63;98.98873
19989.22,0.5800187,20026.63;98.98873
19989.22,0.5800187,20026.63;98.98873
19989.22,0.5800187,20026.63;98.98873
19989.22,0.5800187,20026.63;98.98873
19989.22,0.5800187,20026.63;98.98873
19989.22,0.5800187,20026.63;98.98873
19989.22,0.5800187,20026.63;98.98873
19989.22,0.5800187,20026.63;98.98873
19989.22,0.5800187,20026.63;98.98873
19989.22,0.5800187,20026.63;98.98873
19989.22,0.5800187,20026.63;98.98873
19989.22,0.5800187,20026.63;98.98873
19989.22,0.5800187,20026.63;98.98873
19989.22,0.5800187,20026.63;98.98873
19989.22,0.5800187,20026.63;98.98873
19989.22,0.5800187,20026.63;98.98873
19989.22,0.5800187,20026.63;98.98873
19989.22,0.5800187,20026.63;98.98873
19989.22,0.5800187,20026.63;98.98873
19989.22,0.5800187,20026.63;98.98873
19989.22,0.5800187,20026.63;98.98873
19989.22,0.5800187,20026.63;98.98873
19989.22,0.5800187,20026.63;98.98873
19989.22,0.5800187,20026.63;98.98873
19989.22,0.5800187,20026.63;98.98873
19989.22,0.5800187,20026.63;98.98873
19989.22,0.5800187,20026.63;98.98873
19989.22,0.5800187,20026.63;98.98873
19989.22,0.5800187,20026.63;98.98873
19989.22,0.5800187,20026.63;98.98873
19989.22,0.5800187,20026.63;98.98873
19989.22,0.5800187,20026.63;98.98873
19989.22,0.5800187,20026.63;98.98873
19989.22,0.5800187,20026.63;98.98873
19989.22,0.5800187,20026.63;98.98873
19989.22,0.5800187,20026.63;98.98873
19989.22,0.5800187,20026.63;98.98873
19989.22,0.5800187,20026.63;98.98873
19989.22,0.5800187,20026.63;98.98873
19989.22,0.5800187,20026.63;98.98873
19989