20000,0.5,20000;0
20000,0.58,20000.25;359.9312
20000,0.58,20000.5;359.8682
20000,0.58,20000.5;359.8682
20000,0.58,20000.71;359.7938
20000,0.58,20000.95;359.7193
20000,0.58,20001.2;359.6448
20000,0.58,20001.2;359.6448
20000,0.58,20001.2;359.6448
19999.99,0.58,20001.44;359.5932
19999.99,0.58,20001.44;359.5932
19999.99,0.58,20001.44;359.5932
19999.99,0.58,20001.69;359.5359
19999.99,0.58,20001.69;359.5359
19999.99,0.58,20001.9;359.4844
19999.99,0.58,20001.9;359.4844
19999.99,0.58,20002.14;359.4615
19999.99,0.58,20002.14;359.4615
19999.99,0.58,20002.35;359.4271
19999.99,0.58,20002.35;359.4271
19999.98,0.58,20002.6;359.3927
19999.98,0.58,20002.85;359.3354
19999.98,0.58,20002.85;359.3354
19999.98,0.58,20003.09;359.2838
19999.98,0.58,20003.09;359.2838
19999.97,0.58,20003.3;359.2323
19999.97,0.58,20003.51;359.175
19999.97,0.58,20003.51;359.175
19999.97,0.58,20003.76;359.1177
19999.97,0.58,20003.76;359.1177
19999.97,0.58,20003.76;359.1177
19999.96,0.58,20004.01;359.0547
19999.96,0.58,20004.01;359.0547
19999.96,0.58,20004.22;359.0031
19999.96,0.58,20004.22;359.0031
19999.96,0.58,20004.47;358.9516
19999.95,0.58,20004.72;358.8885
19999.95,0.58,20004.72;358.8885
19999.95,0.58,20004.98;358.8255
19999.94,0.58,20005.23;358.7682
19999.94,0.58,20005.23;358.7682
19999.94,0.58,20005.44;358.7109
19999.93,0.58,20005.64;358.6479
19999.92,0.58,20005.88;358.5849
19999.92,0.58,20006.12;358.5276
19999.92,0.58,20006.12;358.5276
19999.91,0.58,20006.37;358.476
19999.91,0.58,20006.37;358.476
19999.91,0.58,20006.37;358.476
19999.91,0.58,20006.48;358.4245
19999.9,0.58,20006.59;358.3672
19999.9,0.58,20006.59;358.3672
19999.9,0.58,20006.68;358.2927
19999.9,0.58,20006.68;358.2927
19999.9,0.58,20006.78;358.2297
19999.9,0.58,20006.78;358.2297
19999.9,0.58,20006.78;358.2297
19999.9,0.58,20006.88;358.1667
19999.9,0.58,20006.88;358.1667
19999.89,0.58,20006.9;358.1036
19999.89,0.58,20006.93;358.0406
19999.89,0.58,20006.93;358.0406
19999.89,0.58,20006.93;358.0406
19999.89,0.58,20006.96;357.9833
19999.89,0.58,20006.96;357.9833
19999.89,0.58,20006.99;357.9318
19999.89,0.58,20006.99;357.9318
19999.89,0.58,20007.05;357.8802
19999.89,0.58,20007.12;357.8344
19999.89,0.58,20007.12;357.8344
19999.89,0.58,20007.12;357.8344
19999.88,0.58,20007.18;357.7943
19999.88,0.58,20007.18;357.7943
19999.88,0.58,20007.18;357.7943
19999.88,0.58,20007.24;357.7713
19999.88,0.58,20007.3;357.7599
19999.88,0.58,20007.3;357.7599
19999.88,0.58,20007.3;357.7599
19999.88,0.58,20007.3;357.7427
19999.88,0.58,20007.3;357.7427
19999.88,0.58,20007.3;357.7427
19999.88,0.58,20007.31;357.7255
19999.88,0.58,20007.33;357.6854
19999.88,0.58,20007.33;357.6854
19999.88,0.58,20007.35;357.6625
19999.88,0.58,20007.37;357.6396
19999.88,0.58,20007.4;357.5995
19999.88,0.58,20007.4;357.5995
19999.87,0.58,20007.54;357.5594
19999.87,0.58,20007.67;357.5135
19999.87,0.58,20007.67;357.5135
19999.86,0.58,20007.81;357.4677
19999.85,0.58,20007.95;357.462
19999.85,0.58,20007.95;357.462
19999.85,0.58,20007.97;357.4562
19999.85,0.58,20007.98;357.4505
19999.84,0.58,20008.16;357.4448
19999.83,0.58,20008.34;357.4333
19999.83,0.58,20008.34;357.4333
19999.83,0.58,20008.55;357.4219
19999.82,0.58,20008.76;357.4104
19999.82,0.58,20008.76;357.4104
19999.81,0.58,20008.94;357.399
19999.8,0.58,20009.12;357.3932
19999.8,0.58,20009.12;357.3932
19999.79,0.58,20009.33;357.3817
19999.78,0.58,20009.53;357.3703
19999.77,0.58,20009.74;357.3474
19999.77,0.58,20009.74;357.3474
19999.77,0.58,20009.74;357.3474
19999.76,0.58,20009.92;357.3302
19999.76,0.58,20009.92;357.3302
19999.75,0.58,20010.1;357.313
19999.75,0.58,20010.1;357.313
19999.75,0.58,20010.29;357.2844
19999.74,0.58,20010.4;357.2672
19999.73,0.58,20010.51;357.2385
19999.73,0.58,20010.51;357.2385
19999.73,0.58,20010.51;357.2385
19999.73,0.58,20010.51;357.2385
19999.73,0.58,20010.62;357.2099
19999.73,0.58,20010.62;357.2099
19999.72,0.58,20010.73;357.1812
19999.72,0.58,20010.73;357.1812
19999.72,0.58,20010.84;357.1354
19999.72,0.58,20010.84;357.1354
19999.72,0.58,20010.84;357.1354
19999.71,0.58,20010.95;357.0953
19999.71,0.58,20010.95;357.0953
19999.71,0.58,20011.11;357.0552
19999.7,0.58,20011.27;357.0495
19999.7,0.58,20011.27;357.0495
19999.69,0.58,20011.44;357.0437
19999.69,0.58,20011.44;357.0437
19999.68,0.58,20011.63;357.038
19999.68,0.58,20011.63;357.038
19999.68,0.58,20011.63;357.038
19999.67,0.58,20011.81;357.0323
19999.67,0.58,20011.81;357.0323
19999.67,0.58,20011.81;357.0323
19999.66,0.58,20011.98;357.0266
19999.66,0.58,20011.98;357.0266
19999.66,0.58,20011.98;357.0266
19999.65,0.58,20012.17;357.0208
19999.65,0.58,20012.17;357.0208
19999.64,0.58,20012.37;357.0151
19999.64,0.58,20012.37;357.0151
19999.63,0.58,20012.53;357.0094
19999.62,0.58,20012.7;357.0094
19999.62,0.58,20012.7;357.0094
19999.61,0.58,20012.89;357.0094
19999.61,0.58,20012.89;357.0094
19999.61,0.58,20012.89;357.0094
19999.61,0.58,20012.89;357.0094
19999.6,0.58,20013.08;357.0094
19999.59,0.58,20013.25;357.0094
19999.59,0.58,20013.25;357.0094
19999.59,0.58,20013.25;357.0094
19999.58,0.58,20013.44;357.0094
19999.57,0.58,20013.64;356.9865
19999.57,0.58,20013.64;356.9865
19999.56,0.58,20013.83;356.9635
19999.55,0.58,20014.03;356.9521
19999.55,0.58,20014.03;356.9521
19999.54,0.58,20014.16;356.9406
19999.54,0.58,20014.29;356.9177
19999.53,0.58,20014.48;356.889
19999.53,0.58,20014.48;356.889
19999.53,0.58,20014.48;356.889
19999.52,0.58,20014.68;356.8661
19999.52,0.58,20014.68;356.8661
19999.52,0.58,20014.68;356.8661
19999.51,0.58,20014.85;356.8432
19999.5,0.58,20015.01;356.8146
19999.5,0.58,20015.01;356.8146
19999.49,0.58,20015.21;356.7859
19999.48,0.58,20015.4;356.763
19999.46,0.58,20015.59;356.7401
19999.46,0.58,20015.59;356.7401
19999.46,0.58,20015.76;356.7172
19999.45,0.58,20015.93;356.6828
19999.45,0.58,20015.93;356.6828
19999.44,0.58,20016.12;356.6484
19999.42,0.58,20016.32;356.6198
19999.42,0.58,20016.32;356.6198
19999.41,0.58,20016.52;356.5911
19999.4,0.58,20016.71;356.5625
19999.39,0.58,20016.88;356.5338
19999.38,0.58,20017.04;356.4995
19999.38,0.58,20017.04;356.4995
19999.37,0.58,20017.24;356.4651
19999.36,0.58,20017.43;356.425
19999.36,0.58,20017.43;356.425
19999.35,0.58,20017.53;356.3849
19999.34,0.58,20017.63;356.3391
19999.34,0.58,20017.63;356.3391
19999.33,0.58,20017.8;356.2932
19999.32,0.58,20018;356.2474
19999.31,0.58,20018.19;356.213
19999.31,0.58,20018.19;356.213
19999.31,0.58,20018.19;356.213
19999.29,0.58,20018.35;356.1786
19999.29,0.58,20018.35;356.1786
19999.29,0.58,20018.35;356.1786
19999.28,0.58,20018.54;356.1672
19999.28,0.58,20018.54;356.1672
19999.27,0.58,20018.71;356.1557
19999.26,0.58,20018.89;356.1385
19999.25,0.58,20019.03;356.1213
19999.24,0.58,20019.18;356.0984
19999.24,0.58,20019.18;356.0984
19999.23,0.58,20019.35;356.0755
19999.22,0.58,20019.51;356.0698
19999.22,0.58,20019.51;356.0698
19999.21,0.58,20019.68;356.064
19999.19,0.58,20019.84;356.0583
19999.19,0.58,20019.84;356.0583
19999.19,0.58,20019.97;356.0583
19999.19,0.58,20019.97;356.0583
19999.17,0.58,20020.13;356.0583
19999.16,0.58,20020.28;356.0468
19999.16,0.58,20020.28;356.0468
19999.15,0.58,20020.42;356.0354
19999.15,0.58,20020.42;356.0354
19999.14,0.58,20020.54;356.0239
19999.14,0.58,20020.67;356.0182
19999.13,0.58,20020.81;356.0125
19999.13,0.58,20020.81;356.0125
19999.12,0.58,20020.95;356.0067
19999.11,0.58,20021.09;355.9953
19999.11,0.58,20021.09;355.9953
19999.1,0.58,20021.21;355.9838
19999.09,0.58,20021.33;355.9838
19999.09,0.58,20021.33;355.9838
19999.09,0.58,20021.33;355.9838
19999.08,0.58,20021.46;355.9838
19999.08,0.58,20021.46;355.9838
19999.07,0.58,20021.6;355.9838
19999.07,0.58,20021.6;355.9838
19999.06,0.58,20021.71;355.9838
19999.05,0.58,20021.83;355.9781
19999.05,0.58,20021.83;355.9781
19999.05,0.58,20021.96;355.9724
19999.04,0.58,20022.09;355.9724
19999.04,0.58,20022.09;355.9724
19999.03,0.58,20022.22;355.9724
19999.02,0.58,20022.35;355.9666
19999.01,0.58,20022.47;355.9666
19999.01,0.58,20022.47;355.9666
19999.01,0.58,20022.47;355.9666
19999,0.58,20022.6;355.9666
19999,0.58,20022.6;355.9666
19999,0.58,20022.6;355.9666
19998.99,0.58,20022.73;355.9666
19998.98,0.58,20022.86;355.9666
19998.98,0.58,20022.86;355.9666
19998.97,0.58,20022.98;355.9666
19998.96,0.58,20023.11;355.9666
19998.96,0.58,20023.23;355.9666
19998.96,0.58,20023.23;355.9666
19998.95,0.58,20023.36;355.9666
19998.94,0.58,20023.49;355.9666
19998.94,0.58,20023.49;355.9666
19998.93,0.58,20023.6;355.9666
19998.92,0.58,20023.71;355.9666
19998.92,0.58,20023.71;355.9666
19998.91,0.58,20023.84;355.9666
19998.9,0.58,20023.97;355.9609
19998.9,0.58,20024.1;355.9609
19998.9,0.58,20024.1;355.9609
19998.9,0.58,20024.1;355.9609
19998.89,0.58,20024.21;355.9609
19998.89,0.58,20024.21;355.9609
19998.89,0.58,20024.21;355.9609
19998.88,0.58,20024.33;355.9609
19998.87,0.58,20024.46;355.9609
19998.87,0.58,20024.46;355.9609
19998.86,0.58,20024.58;355.9609
19998.85,0.58,20024.69;355.9609
19998.85,0.58,20024.79;355.9609
19998.85,0.58,20024.79;355.9609
19998.84,0.58,20024.92;355.9609
19998.83,0.58,20025.04;355.9609
19998.83,0.58,20025.04;355.9609
19998.82,0.58,20025.17;355.9609
19998.81,0.58,20025.29;355.9609
19998.81,0.58,20025.29;355.9609
19998.8,0.58,20025.4;355.9609
19998.8,0.58,20025.5;355.9609
19998.79,0.58,20025.63;355.9609
19998.78,0.58,20025.75;355.9609
19998.78,0.58,20025.75;355.9609
19998.77,0.58,20025.87;355.9609
19998.77,0.58,20025.87;355.9609
19998.77,0.58,20025.87;355.9609
19998.76,0.58,20025.97;355.9609
19998.76,0.58,20025.97;355.9609
19998.76,0.58,20025.97;355.9609
19998.75,0.58,20026.09;355.9552
19998.75,0.58,20026.09;355.9552
19998.75,0.58,20026.21;355.9495
19998.75,0.58,20026.21;355.9495
19998.75,0.58,20026.21;355.9495
19998.74,0.58,20026.32;355.938
19998.74,0.58,20026.32;355.938
19998.73,0.58,20026.44;355.9265
19998.72,0.58,20026.56;355.9151
19998.72,0.58,20026.56;355.9151
19998.71,0.58,20026.66;355.9036
19998.71,0.58,20026.76;355.8922
19998.7,0.58,20026.88;355.8807
19998.69,0.58,20027;355.8692
19998.69,0.58,20027;355.8692
19998.68,0.58,20027.12;355.8578
19998.67,0.58,20027.24;355.8578
19998.67,0.58,20027.24;355.8578
19998.66,0.58,20027.34;355.8578
19998.66,0.58,20027.44;355.8521
19998.65,0.58,20027.56;355.8521
19998.64,0.58,20027.68;355.8521
19998.63,0.58,20027.79;355.8521
19998.63,0.58,20027.79;355.8521
19998.63,0.58,20027.89;355.8521
19998.62,0.58,20028;355.8521
19998.62,0.58,20028;355.8521
19998.62,0.58,20028;355.8521
19998.61,0.58,20028.12;355.8463
19998.61,0.58,20028.12;355.8463
19998.6,0.58,20028.23;355.8463
19998.6,0.58,20028.23;355.8463
19998.59,0.58,20028.33;355.8463
19998.59,0.58,20028.44;355.8463
19998.59,0.58,20028.44;355.8463
19998.58,0.58,20028.55;355.8463
19998.57,0.58,20028.67;355.8463
19998.57,0.58,20028.67;355.8463
19998.56,0.58,20028.79;355.8463
19998.55,0.58,20028.9;355.8463
19998.55,0.58,20028.9;355.8463
19998.54,0.58,20029;355.8406
19998.54,0.58,20029;355.8406
19998.54,0.58,20029.12;355.8349
19998.53,0.58,20029.23;355.8349
19998.53,0.58,20029.23;355.8349
19998.52,0.58,20029.35;355.8349
19998.52,0.58,20029.35;355.8349
19998.52,0.58,20029.35;355.8349
19998.51,0.58,20029.45;355.8349
19998.51,0.58,20029.54;355.8349
19998.5,0.58,20029.66;355.8349
19998.5,0.58,20029.66;355.8349
19998.49,0.58,20029.78;355.8349
19998.48,0.58,20029.89;355.8349
19998.48,0.58,20029.89;355.8349
19998.47,0.58,20029.99;355.8349
19998.46,0.58,20030.09;355.8349
19998.46,0.58,20030.09;355.8349
19998.46,0.58,20030.21;355.8349
19998.45,0.58,20030.33;355.8349
19998.44,0.58,20030.43;355.8349
19998.44,0.58,20030.43;355.8349
19998.44,0.58,20030.43;355.8349
19998.43,0.58,20030.53;355.8349
19998.43,0.58,20030.63;355.8349
19998.43,0.58,20030.63;355.8349
19998.42,0.58,20030.75;355.8349
19998.41,0.58,20030.87;355.8349
19998.41,0.58,20030.87;355.8349
19998.4,0.58,20030.99;355.8349
19998.39,0.58,20031.11;355.8349
19998.38,0.58,20031.21;355.8349
19998.38,0.58,20031.21;355.8349
19998.38,0.58,20031.33;355.8349
19998.37,0.58,20031.46;355.8349
19998.37,0.58,20031.46;355.8349
19998.36,0.58,20031.58;355.8349
19998.35,0.58,20031.7;355.8349
19998.35,0.58,20031.7;355.8349
19998.34,0.58,20031.8;355.8349
19998.33,0.58,20031.91;355.8349
19998.32,0.58,20032.03;355.8349
19998.32,0.58,20032.03;355.8349
19998.31,0.58,20032.15;355.8349
19998.31,0.58,20032.27;355.8349
19998.31,0.58,20032.27;355.8349
19998.3,0.58,20032.37;355.8349
19998.29,0.58,20032.47;355.8349
19998.29,0.58,20032.47;355.8349
19998.28,0.58,20032.59;355.8349
19998.28,0.58,20032.71;355.8349
19998.27,0.58,20032.82;355.8349
19998.27,0.58,20032.82;355.8349
19998.27,0.58,20032.82;355.8349
19998.26,0.58,20032.93;355.8291
19998.26,0.58,20032.93;355.8291
19998.26,0.58,20032.93;355.8291
19998.25,0.58,20033.04;355.8234
19998.24,0.58,20033.16;355.8234
19998.24,0.58,20033.16;355.8234
19998.23,0.58,20033.28;355.8234
19998.22,0.58,20033.39;355.8234
19998.22,0.58,20033.49;355.8234
19998.22,0.58,20033.49;355.8234
19998.21,0.58,20033.61;355.8234
19998.21,0.58,20033.61;355.8234
19998.2,0.58,20033.69;355.8234
19998.2,0.58,20033.76;355.8234
19998.2,0.58,20033.76;355.8234
19998.19,0.58,20033.84;355.8062
19998.19,0.58,20033.93;355.789
19998.18,0.58,20034.01;355.7719
19998.17,0.58,20034.13;355.7719
19998.17,0.58,20034.13;355.7719
19998.17,0.58,20034.13;355.7719
19998.16,0.58,20034.23;355.7661
19998.16,0.58,20034.23;355.7661
19998.16,0.58,20034.23;355.7661
19998.15,0.58,20034.35;355.7661
19998.15,0.58,20034.45;355.7661
19998.14,0.58,20034.56;355.7719
19998.14,0.58,20034.56;355.7719
19998.14,0.58,20034.56;355.7776
19998.14,0.58,20034.57;355.7776
19998.14,0.58,20034.57;355.7776
19998.14,0.58,20034.57;355.7776
19998.14,0.58,20034.57;355.7776
19998.14,0.58,20034.57;355.789
19998.14,0.58,20034.57;355.789
19998.14,0.58,20034.57;355.789
19998.14,0.58,20034.57;355.789
19998.14,0.58,20034.57;355.789
19998.13,0.58,20034.64;355.789
19998.13,0.58,20034.71;355.7948
19998.13,0.58,20034.71;355.7948
19998.13,0.58,20034.71;355.7948
19998.12,0.58,20034.78;355.8005
19998.12,0.58,20034.78;355.8005
19998.12,0.58,20034.85;355.8005
19998.12,0.58,20034.85;355.8005
19998.11,0.58,20034.92;355.8177
19998.11,0.58,20034.92;355.8177
19998.11,0.58,20034.92;355.8177
19998.11,0.58,20034.99;355.8291
19998.11,0.58,20034.99;355.8291
19998.11,0.58,20034.99;355.8291
19998.1,0.58,20035.06;355.8349
19998.1,0.58,20035.06;355.8349
19998.1,0.58,20035.07;355.8463
19998.1,0.58,20035.07;355.8463
19998.1,0.58,20035.13;355.8578
19998.09,0.58,20035.2;355.8463
19998.09,0.58,20035.2;355.8463
19998.09,0.58,20035.28;355.8349
19998.08,0.58,20035.37;355.8005
19998.08,0.58,20035.37;355.8005
19998.07,0.58,20035.48;355.7661
19998.06,0.58,20035.59;355.7547
19998.06,0.58,20035.69;355.7432
19998.06,0.58,20035.69;355.7432
19998.06,0.58,20035.69;355.7432
19998.04,0.58,20035.88;355.7318
19998.04,0.58,20035.88;355.7318
19998.04,0.58,20035.88;355.7318
19998.02,0.58,20036.12;355.7203
19998.02,0.58,20036.12;355.7203
19998.02,0.58,20036.12;355.7203
19998,0.58,20036.37;355.7088
19998,0.58,20036.37;355.7088
19997.99,0.58,20036.63;355.6974
19997.99,0.58,20036.63;355.6974
19997.97,0.58,20036.88;355.6859
19997.97,0.58,20036.88;355.6859
19997.97,0.58,20036.88;355.6859
19997.95,0.58,20037.13;355.6745
19997.95,0.58,20037.13;355.6745
19997.95,0.58,20037.13;355.6745
19997.93,0.58,20037.39;355.663
19997.93,0.58,20037.39;355.663
19997.91,0.58,20037.64;355.663
19997.91,0.58,20037.64;355.663
19997.91,0.58,20037.64;355.663
19997.89,0.58,20037.89;355.4682
19997.89,0.58,20037.89;355.4682
19997.89,0.58,20037.89;355.4682
19997.87,0.58,20038.15;355.2448
19997.87,0.58,20038.15;355.2448
19997.87,0.58,20038.15;355.2448
19997.85,0.58,20038.4;355.0213
19997.82,0.58,20038.65;354.7979
19997.8,0.58,20038.9;354.5973
19997.8,0.58,20038.9;354.5973
19997.77,0.58,20039.16;354.3968
19997.75,0.58,20039.41;354.2478
19997.75,0.58,20039.41;354.2478
19997.72,0.58,20039.66;354.0988
19997.7,0.58,20039.92;353.9442
19997.7,0.58,20039.92;353.9442
19997.67,0.58,20040.17;353.7894
19997.64,0.58,20040.42;353.778
19997.61,0.58,20040.67;353.5889
19997.61,0.58,20040.67;353.5889
19997.61,0.58,20040.67;353.5889
19997.58,0.58,20040.93;353.3597
19997.58,0.58,20040.93;353.3597
19997.58,0.58,20040.93;353.3597
19997.55,0.58,20041.18;353.1306
19997.52,0.58,20041.43;352.9529
19997.52,0.58,20041.43;352.9529
19997.49,0.58,20041.68;352.7639
19997.46,0.58,20041.93;352.5748
19997.42,0.58,20042.19;352.4201
19997.42,0.58,20042.19;352.4201
19997.39,0.58,20042.44;352.2654
19997.35,0.58,20042.69;352.0534
19997.35,0.58,20042.69;352.0534
19997.32,0.58,20042.94;351.8414
19997.28,0.58,20043.19;351.6351
19997.24,0.58,20043.44;351.4289
