20000,0.5,20000;0
20000,0.5799998,20000.12;359.8338
20000,0.5799998,20000.12;359.8338
20000,0.58,20000.24;359.6849
20000,0.58,20000.24;359.6849
20000,0.58,20000.34;359.5359
20000,0.58,20000.45;359.3698
20000,0.58,20000.56;359.2036
19999.99,0.58,20000.68;359.0317
19999.99,0.58,20000.68;359.0317
19999.99,0.58,20000.79;358.8598
19999.99,0.58,20000.91;358.7166
19999.99,0.58,20001.01;358.5447
19999.99,0.58,20001.01;358.5447
19999.99,0.58,20001.01;358.5447
19999.98,0.58,20001.12;358.3728
19999.98,0.58,20001.22;358.2009
19999.98,0.58,20001.33;358.0577
19999.98,0.58,20001.33;358.0577
19999.98,0.58,20001.33;358.0577
19999.97,0.58,20001.42;357.8801
19999.97,0.58,20001.53;357.7139
19999.97,0.58,20001.53;357.7139
19999.97,0.58,20001.53;357.7139
19999.96,0.58,20001.63;357.5764
19999.96,0.58,20001.72;357.4389
19999.96,0.58,20001.81;357.2956
19999.96,0.58,20001.81;357.2956
19999.95,0.58,20001.92;357.1524
19999.95,0.58,20002.02;357.0092
19999.94,0.58,20002.12;356.8946
19999.94,0.58,20002.12;356.8946
19999.94,0.58,20002.21;356.7513
19999.94,0.58,20002.21;356.7513
19999.93,0.58,20002.29;356.6081
19999.92,0.58,20002.38;356.4247
19999.92,0.58,20002.38;356.4247
19999.92,0.58,20002.43;356.2815
19999.92,0.58,20002.46;356.1841
19999.92,0.58,20002.46;356.1841
19999.92,0.58,20002.5;356.1096
19999.92,0.58,20002.5;356.1096
19999.91,0.58,20002.56;356.0351
19999.91,0.58,20002.63;355.9721
19999.91,0.58,20002.63;355.9721
19999.9,0.58,20002.72;355.8804
19999.9,0.58,20002.72;355.8804
19999.89,0.58,20002.86;355.7773
19999.89,0.58,20002.86;355.7773
19999.88,0.58,20003;355.6971
19999.88,0.58,20003;355.6971
19999.87,0.58,20003.19;355.6169
19999.85,0.58,20003.38;355.5309
19999.83,0.58,20003.59;355.4679
19999.83,0.58,20003.59;355.4679
19999.82,0.58,20003.81;355.4049
19999.8,0.58,20004.03;355.359
19999.78,0.58,20004.22;355.3132
19999.77,0.58,20004.41;355.2617
19999.77,0.58,20004.41;355.2617
19999.75,0.58,20004.63;355.2158
19999.73,0.58,20004.84;355.17
19999.71,0.58,20005.05;355.1184
19999.71,0.58,20005.05;355.1184
19999.7,0.58,20005.23;355.0669
19999.68,0.58,20005.4;355.0096
19999.66,0.58,20005.61;354.9523
19999.65,0.58,20005.81;354.895
19999.65,0.58,20005.81;354.895
19999.63,0.58,20006.02;354.8377
19999.61,0.58,20006.23;354.7861
19999.59,0.58,20006.41;354.7116
19999.59,0.58,20006.41;354.7116
19999.59,0.58,20006.41;354.7116
19999.57,0.58,20006.61;354.6372
19999.55,0.58,20006.81;354.5742
19999.53,0.58,20007.02;354.5168
19999.53,0.58,20007.02;354.5168
19999.53,0.58,20007.02;354.5168
19999.52,0.58,20007.19;354.4596
19999.5,0.58,20007.4;354.4023
19999.48,0.58,20007.61;354.345
19999.48,0.58,20007.61;354.345
19999.46,0.58,20007.81;354.2877
19999.43,0.58,20008.02;354.2304
19999.42,0.58,20008.2;354.1731
19999.4,0.58,20008.38;354.1043
19999.4,0.58,20008.38;354.1043
19999.38,0.58,20008.58;354.0356
19999.36,0.58,20008.79;353.9726
19999.33,0.58,20008.99;353.9095
19999.31,0.58,20009.2;353.8465
19999.31,0.58,20009.2;353.8465
19999.29,0.58,20009.37;353.7835
19999.27,0.58,20009.54;353.709
19999.25,0.58,20009.74;353.646
19999.25,0.58,20009.74;353.646
19999.25,0.58,20009.74;353.646
19999.23,0.58,20009.95;353.583
19999.21,0.58,20010.15;353.5314
19999.18,0.58,20010.32;353.4799
19999.16,0.58,20010.5;353.4226
19999.16,0.58,20010.5;353.4226
19999.14,0.58,20010.71;353.3653
19999.12,0.58,20010.91;353.308
19999.09,0.58,20011.13;353.2507
19999.06,0.58,20011.36;353.1877
19999.06,0.58,20011.36;353.1877
19999.04,0.58,20011.55;353.1247
19999.02,0.58,20011.74;353.0559
19998.99,0.58,20011.97;352.9872
19998.96,0.58,20012.19;352.9585
19998.96,0.58,20012.19;352.9585
19998.94,0.58,20012.4;352.9299
19998.91,0.58,20012.6;352.8669
19998.88,0.58,20012.83;352.8038
19998.85,0.58,20013.07;352.7351
19998.85,0.58,20013.07;352.7351
19998.82,0.58,20013.3;352.6663
19998.79,0.58,20013.54;352.6147
19998.76,0.58,20013.74;352.5632
19998.74,0.58,20013.94;352.4944
19998.74,0.58,20013.94;352.4944
19998.71,0.58,20014.18;352.4257
19998.71,0.58,20014.18;352.4257
19998.67,0.58,20014.41;352.3569
19998.64,0.58,20014.65;352.3455
19998.62,0.58,20014.85;352.334
19998.62,0.58,20014.85;352.334
19998.62,0.58,20014.85;352.334
19998.58,0.58,20015.09;352.3226
19998.58,0.58,20015.09;352.3226
19998.58,0.58,20015.09;352.3226
19998.56,0.58,20015.28;352.3111
19998.56,0.58,20015.28;352.3111
19998.54,0.58,20015.41;352.2997
19998.52,0.58,20015.53;352.2481
19998.52,0.58,20015.53;352.2481
19998.5,0.58,20015.69;352.1736
19998.5,0.58,20015.69;352.1736
19998.47,0.58,20015.9;352.0991
19998.44,0.58,20016.11;351.9788
19998.44,0.58,20016.11;351.9788
19998.41,0.58,20016.33;351.8298
19998.41,0.58,20016.33;351.8298
19998.38,0.58,20016.58;351.6809
19998.34,0.58,20016.83;351.5835
19998.34,0.58,20016.83;351.5835
19998.3,0.58,20017.08;351.5032
19998.3,0.58,20017.08;351.5032
19998.26,0.58,20017.33;351.423
19998.22,0.58,20017.58;351.3199
19998.22,0.58,20017.58;351.3199
19998.19,0.58,20017.83;351.2168
19998.19,0.58,20017.83;351.2168
19998.15,0.58,20018.08;351.1136
19998.11,0.58,20018.33;351.0219
19998.11,0.58,20018.33;351.0219
19998.07,0.58,20018.59;350.9073
19998.07,0.58,20018.59;350.9073
19998.03,0.58,20018.84;350.7928
19997.98,0.58,20019.09;350.6782
19997.94,0.58,20019.34;350.575
19997.94,0.58,20019.34;350.575
19997.94,0.58,20019.34;350.575
19997.9,0.58,20019.59;350.4719
19997.86,0.58,20019.84;350.363
19997.81,0.58,20020.09;350.2484
19997.81,0.58,20020.09;350.2484
19997.81,0.58,20020.09;350.2484
19997.77,0.58,20020.34;350.1339
19997.73,0.58,20020.59;350.0479
19997.68,0.58,20020.84;349.9448
19997.68,0.58,20020.84;349.9448
19997.68,0.58,20020.84;349.9448
19997.64,0.58,20021.09;349.8416
19997.59,0.58,20021.34;349.7442
19997.55,0.58,20021.59;349.6525
19997.55,0.58,20021.59;349.6525
19997.55,0.58,20021.59;349.6525
19997.5,0.58,20021.84;349.5609
19997.46,0.58,20022.09;349.4577
19997.41,0.58,20022.34;349.3488
19997.41,0.58,20022.34;349.3488
19997.41,0.58,20022.34;349.3488
19997.36,0.58,20022.59;349.24
19997.31,0.58,20022.84;349.1541
19997.27,0.58,20023.09;349.0681
19997.22,0.58,20023.34;348.965
19997.22,0.58,20023.34;348.965
19997.17,0.58,20023.59;348.8618
19997.12,0.58,20023.83;348.7587
19997.07,0.58,20024.08;348.6555
19997.02,0.58,20024.33;348.5753
19997.02,0.58,20024.33;348.5753
19996.97,0.58,20024.58;348.4951
19996.92,0.58,20024.83;348.3977
19996.87,0.58,20025.08;348.3003
19996.81,0.58,20025.33;348.1972
19996.81,0.58,20025.33;348.1972
19996.81,0.58,20025.33;348.1972
19996.76,0.58,20025.58;348.094
19996.71,0.58,20025.82;348.0081
19996.65,0.58,20026.07;347.9107
19996.65,0.58,20026.07;347.9107
19996.65,0.58,20026.07;347.9107
19996.6,0.58,20026.32;347.8133
19996.55,0.58,20026.57;347.7159
19996.49,0.58,20026.82;347.6299
19996.49,0.58,20026.82;347.6299
19996.49,0.58,20026.82;347.6299
19996.44,0.58,20027.06;347.5268
19996.38,0.58,20027.31;347.4236
19996.33,0.58,20027.56;347.3434
19996.33,0.58,20027.56;347.3434
19996.27,0.58,20027.81;347.2632
19996.21,0.58,20028.06;347.1715
19996.16,0.58,20028.3;347.0799
19996.1,0.58,20028.55;346.9825
19996.1,0.58,20028.55;346.9825
19996.04,0.58,20028.8;346.8851
19996.04,0.58,20028.8;346.8851
19995.98,0.58,20029.05;346.8048
19995.98,0.58,20029.05;346.8048
19995.93,0.58,20029.29;346.7075
19995.87,0.58,20029.54;346.61
19995.81,0.58,20029.79;346.5126
19995.81,0.58,20029.79;346.5126
19995.75,0.58,20030.04;346.4324
19995.75,0.58,20030.04;346.4324
19995.69,0.58,20030.28;346.3522
19995.63,0.58,20030.53;346.2548
19995.63,0.58,20030.53;346.2548
19995.57,0.58,20030.77;346.1631
19995.57,0.58,20030.77;346.1631
19995.51,0.58,20031.02;346.0714
19995.45,0.58,20031.27;345.9912
19995.45,0.58,20031.27;345.9912
19995.4,0.58,20031.43;345.8996
19995.4,0.58,20031.43;345.8996
19995.35,0.58,20031.63;345.8079
19995.3,0.58,20031.82;345.7219
19995.3,0.58,20031.82;345.7219
19995.24,0.58,20032.06;345.6475
19995.24,0.58,20032.06;345.6475
19995.18,0.58,20032.3;345.573
19995.12,0.58,20032.55;345.4813
19995.05,0.58,20032.8;345.3954
19995.05,0.58,20032.8;345.3954
19995.05,0.58,20032.8;345.3954
19994.99,0.58,20033.04;345.3094
19994.93,0.58,20033.28;345.2349
19994.93,0.58,20033.28;345.2349
19994.86,0.58,20033.53;345.149
19994.86,0.58,20033.53;345.149
19994.79,0.58,20033.77;345.063
19994.73,0.58,20034.02;344.9886
19994.66,0.58,20034.26;344.8911
19994.66,0.58,20034.26;344.8911
19994.66,0.58,20034.26;344.8911
19994.6,0.58,20034.51;344.7937
19994.53,0.58,20034.75;344.7021
19994.46,0.58,20035;344.6104
19994.39,0.58,20035.24;344.513
19994.39,0.58,20035.24;344.513
19994.33,0.58,20035.46;344.4156
19994.27,0.58,20035.68;344.3067
19994.21,0.58,20035.91;344.1978
19994.14,0.58,20036.15;344.1119
19994.14,0.58,20036.15;344.1119
19994.11,0.58,20036.26;344.0259
19994.07,0.58,20036.37;343.9687
19994.06,0.58,20036.42;343.9113
19994.04,0.58,20036.47;343.8483
19994.04,0.58,20036.47;343.8483
19993.98,0.58,20036.68;343.7853
19993.92,0.58,20036.89;343.7051
19993.85,0.58,20037.13;343.6191
19993.85,0.58,20037.13;343.6191
19993.85,0.58,20037.13;343.6191
19993.79,0.58,20037.34;343.5332
19993.73,0.58,20037.56;343.3957
19993.67,0.58,20037.76;343.2696
19993.67,0.58,20037.76;343.2696
19993.67,0.58,20037.76;343.2696
19993.63,0.58,20037.89;343.1436
19993.59,0.58,20037.99;343.0233
19993.56,0.58,20038.09;342.817
19993.56,0.58,20038.09;342.817
19993.54,0.58,20038.15;342.6107
19993.53,0.58,20038.21;342.4217
19993.51,0.58,20038.25;342.2326
19993.5,0.58,20038.3;342.1122
19993.5,0.58,20038.3;342.1122
19993.48,0.58,20038.34;341.9919
19993.47,0.58,20038.38;341.8659
19993.46,0.58,20038.42;341.7398
19993.44,0.58,20038.46;341.631
19993.44,0.58,20038.46;341.631
19993.43,0.58,20038.51;341.5221
19993.41,0.58,20038.55;341.4304
19993.4,0.58,20038.6;341.2929
19993.4,0.58,20038.6;341.2929
19993.38,0.58,20038.66;341.1554
19993.36,0.58,20038.72;340.9549
19993.34,0.58,20038.79;340.7429
19993.34,0.58,20038.79;340.7429
19993.34,0.58,20038.79;340.7429
19993.34,0.5800001,20038.89;340.4678
19993.34,0.5800003,20038.99;340.1928
19993.34,0.5800004,20039.09;339.9235
19993.34,0.5800004,20039.09;339.9235
19993.34,0.5800006,20039.19;339.7287
19993.34,0.5800006,20039.19;339.7287
19993.34,0.5800008,20039.31;339.5339
19993.34,0.5800011,20039.44;339.3334
19993.34,0.5800011,20039.44;339.3334
19993.34,0.5800012,20039.57;339.1672
19993.34,0.5800014,20039.67;339.0011
19993.34,0.5800017,20039.78;338.8693
19993.34,0.5800017,20039.78;338.8693
19993.34,0.5800017,20039.78;338.8693
19993.34,0.5800018,20039.9;338.726
19993.34,0.5800019,20040.01;338.5828
19993.34,0.580002,20040.13;338.4338
19993.34,0.580002,20040.13;338.4338
19993.34,0.5800019,20040.22;338.2849
19993.34,0.580002,20040.31;338.1646
19993.34,0.5800024,20040.4;338.0442
19993.34,0.5800026,20040.5;337.8895
19993.34,0.5800026,20040.5;337.8895
19993.34,0.5800029,20040.6;337.8437
19993.34,0.5800029,20040.6;337.8437
19993.34,0.5800028,20040.69;337.7979
19993.34,0.5800027,20040.79;337.7405
19993.34,0.5800027,20040.79;337.7405
19993.34,0.580003,20040.9;337.6661
19993.34,0.580003,20040.9;337.6661
19993.34,0.580003,20041.01;337.5916
19993.34,0.5800036,20041.12;337.5515
19993.34,0.5800036,20041.12;337.5515
19993.34,0.5800038,20041.21;337.5457
19993.34,0.5800037,20041.31;337.4312
19993.34,0.5800042,20041.42;337.3166
19993.34,0.5800043,20041.52;337.2077
19993.34,0.5800043,20041.52;337.2077
19993.34,0.5800042,20041.63;337.0988
19993.34,0.580004,20041.73;337.0014
19993.34,0.5800041,20041.82;336.9155
19993.34,0.5800041,20041.82;336.9155
19993.34,0.5800044,20041.92;336.8295
19993.34,0.5800043,20042.02;336.7149
19993.34,0.5800043,20042.11;336.6003
19993.34,0.5800044,20042.2;336.5029
19993.34,0.5800044,20042.2;336.5029
19993.34,0.5800045,20042.31;336.4055
19993.34,0.5800046,20042.41;336.2508
19993.34,0.5800047,20042.51;336.0904
19993.34,0.5800047,20042.51;336.0904
19993.34,0.5800048,20042.6;335.93
19993.34,0.5800048,20042.68;335.8039
19993.34,0.5800049,20042.78;335.6779
19993.34,0.5800054,20042.88;335.5232
19993.34,0.5800054,20042.88;335.5232
19993.34,0.5800057,20042.98;335.3685
19993.34,0.5800058,20043.07;335.2195
19993.34,0.5800059,20043.16;335.0705
19993.34,0.5800061,20043.24;334.9445
19993.34,0.5800061,20043.24;334.9445
19993.34,0.5800061,20043.24;334.9445
19993.34,0.5800065,20043.34;334.7955
19993.34,0.5800068,20043.44;334.6465
19993.34,0.5800068,20043.54;334.4976
19993.34,0.5800068,20043.54;334.4976
19993.34,0.5800071,20043.62;334.3486
19993.34,0.5800074,20043.7;334.2225
19993.34,0.5800073,20043.8;334.0965
19993.34,0.5800076,20043.9;333.9418
19993.34,0.5800076,20043.9;333.9418
19993.34,0.5800076,20043.9;333.9418
19993.34,0.5800079,20043.99;333.7928
19993.34,0.580008,20044.07;333.6439
19993.34,0.5800083,20044.16;333.5235
19993.34,0.5800083,20044.16;333.5235
19993.34,0.5800086,20044.25;333.4032
19993.34,0.5800089,20044.35;333.2599
19993.34,0.580009,20044.44;333.1167
19993.34,0.5800093,20044.54;332.9735
19993.34,0.5800093,20044.54;332.9735
19993.34,0.5800092,20044.62;332.8302
19993.34,0.5800092,20044.62;332.8302
19993.34,0.580009,20044.71;332.7042
19993.34,0.5800087,20044.81;332.5609
19993.34,0.5800087,20044.81;332.5609
19993.34,0.5800087,20044.81;332.5609
19993.34,0.5800087,20044.9;332.412
19993.34,0.5800086,20044.98;332.263
19993.34,0.5800087,20045.07;332.1427
19993.34,0.5800087,20045.07;332.1427
19993.34,0.5800087,20045.07;332.1427
19993.34,0.5800088,20045.16;331.9994
19993.34,0.5800089,20045.25;331.8562
19993.34,0.5800092,20045.35;331.713
19993.34,0.5800095,20045.43;331.5869
19993.34,0.5800096,20045.52;331.4608
19993.34,0.5800093,20045.61;331.3176
19993.34,0.5800093,20045.61;331.3176
19993.34,0.5800093,20045.61;331.3176
19993.34,0.5800092,20045.67;331.1743
19993.34,0.5800092,20045.67;331.1743
19993.34,0.5800094,20045.74;331.0483
19993.34,0.5800094,20045.74;331.0483
19993.34,0.5800094,20045.74;331.0483
19993.34,0.5800095,20045.84;330.9222
19993.34,0.5800096,20045.94;330.779
19993.34,0.58001,20046.04;330.6358
19993.34,0.5800098,20046.14;330.4983
19993.34,0.5800098,20046.14;330.4983
19993.34,0.5800099,20046.23;330.3722
19993.34,0.5800099,20046.23;330.3722
19993.34,0.5800104,20046.34;330.229
19993.34,0.5800104,20046.34;330.229
19993.34,0.5800104,20046.34;330.229
19993.34,0.5800105,20046.44;330.0857
19993.34,0.5800105,20046.53;329.9425
19993.34,0.5800107,20046.62;329.8164
19993.34,0.5800107,20046.62;329.8164
19993.34,0.5800107,20046.62;329.8164
19993.34,0.5800108,20046.73;329.6732
19993.34,0.5800107,20046.82;329.5299
19993.28,0.5800107,20046.92;329.3924
19993.28,0.5800107,20046.92;329.3924
19993.22,0.5800107,20047.03;329.2664
19993.22,0.5800107,20047.03;329.2664
19993.15,0.5800107,20047.14;329.1403
19993.09,0.5800107,20047.25;329.0028
19993.09,0.5800107,20047.25;329.0028
19993.02,0.5800107,20047.36;328.8596
19993.02,0.5800107,20047.36;328.8596
19992.98,0.5800107,20047.42;328.745
19992.98,0.5800107,20047.42;328.745
19992.91,0.5800107,20047.53;328.6017
19992.91,0.5800107,20047.53;328.6017
19992.88,0.5800107,20047.59;328.4585
19992.84,0.5800107,20047.65;328.3267
19992.84,0.5800107,20047.65;328.3267
19992.78,0.5800107,20047.74;328.2064
19992.78,0.5800107,20047.74;328.2064
19992.78,0.5800107,20047.74;328.0861
19992.78,0.5800107,20047.75;327.9485
19992.73,0.5800107,20047.82;327.9199
19992.73,0.5800107,20047.82;327.9199
19992.73,0.5800107,20047.82;327.9199
19992.69,0.5800107,20047.89;327.8798
19992.69,0.5800107,20047.89;327.8798
19992.69,0.5800107,20047.89;327.7595
19992.69,0.5800107,20047.89;327.7595
19992.69,0.5800107,20047.89;327.7595
19992.68,0.5800107,20047.9;327.6105
19992.62,0.5800107,20048;327.4615
19992.56,0.5800107,20048.09;327.3068
19992.56,0.5800107,20048.09;327.3068
19992.51,0.5800107,20048.17;327.1521
19992.46,0.5800107,20048.25;326.9058
19992.43,0.5800107,20048.29;326.7109
19992.43,0.5800107,20048.29;326.7109
19992.41,0.5800107,20048.32;326.5161
19992.4,0.5800107,20048.34;326.3672
19992.4,0.5800107,20048.34;326.35
19992.4,0.5800107,20048.34;326.35
19992.4,0.5800107,20048.34;326.35
19992.39,0.5800107,20048.35;326.3328
19992.39,0.5800107,20048.36;326.3156
19992.39,0.5800107,20048.36;326.3156
19992.39,0.5800107,20048.36;326.3156
19992.38,0.5800107,20048.36;326.2984
19992.38,0.5800107,20048.36;326.2812
19992.38,0.5800107,20048.36;326.287
19992.38,0.5800107,20048.36;326.287
19992.38,0.5800107,20048.36;326.287
19992.38,0.5800107,20048.36;326.287
19992.38,0.5800107,20048.36;326.287
19992.38,0.5800107,20048.36;326.287
19992.38,0.5800107,20048.36;326.287
19992.38,0.5800107,20048.36;326.287
19992.38,0.5800107,20048.36;326.287
19992.38,0.5800107,20048.37;326.2927
19992.38,0.5800107,20048.37;326.287
19992.38,0.5800107,20048.37;326.287
19992.38,0.5800107,20048.37;326.287
19992.38,0.5800107,20048.37;326.287
19992.38,0.5800107,20048.38;326.2927
19992.37,0.5800107,20048.38;326.3099
19992.37,0.5800107,20048.38;326.3099
19992.37,0.5800107,20048.38;326.3099
19992.36,0.5800107,20048.39;326.3271
19992.35,0.5800107,20048.41;326.3557
19992.34,0.5800107,20048.43;326.3901
19992.34,0.5800107,20048.42;326.4245
19992.34,0.5800107,20048.42;326.4245
19992.34,0.5800107,20048.42;326.4245
19992.34,0.5800107,20048.42;326.4245
19992.34,0.5800107,20048.42;326.4245
19992.33,0.5800107,20048.44;326.4589
19992.28,0.5800107,20048.52;326.4932
19992.28,0.5800107,20048.52;326.4932
19992.28,0.5800107,20048.52;326.4932
19992.2,0.5800107,20048.64;326.5276
19992.13,0.5800107,20048.74;326.562
19992.13,0.5800107,20048.74;326.562
19992.13,0.5800107,20048.74;326.562
19992.13,0.5800107,20048.74;326.562
19992.08,0.5800107,20048.82;326.5963
19992.08,0.5800107,20048.82;326.5963
19991.97,0.5800107,20048.99;326.6135
19991.97,0.5800107,20048.99;326.6135
19991.97,0.5800107,20048.99;326.6135
19991.87,0.5800107,20049.14;326.6537
19991.87,0.5800107,20049.14;326.6537
19991.79,0.5800107,20049.27;326.6938
19991.7,0.5800107,20049.39;326.7396
19991.7,0.5800107,20049.39;326.7396
19991.6,0.5800107,20049.54;326.8083
19991.6,0.5800107,20049.54;326.8083
19991.5,0.5800107,20049.7;326.8771
19991.4,0.5800107,20049.86;326.9458
19991.4,0.5800107,20049.86;326.9458
19991.31,0.5800107,20049.99;326.9917
19991.31,0.5800107,20049.99;326.9917
19991.21,0.5800107,20050.15;327.0375
19991.11,0.5800107,20050.3;327.0776
19991.11,0.5800107,20050.3;327.0776
19991.01,0.5800107,20050.46;327.1349
19991.01,0.5800107,20050.46;327.1349
19990.92,0.5800107,20050.6;327.1922
19990.83,0.5800107,20050.73;327.2323
19990.83,0.5800107,20050.73;327.2323
19990.73,0.5800107,20050.89;327.2896
19990.73,0.5800107,20050.89;327.2896
19990.63,0.5800107,20051.04;327.3469
19990.54,0.5800107,20051.2;327.4042
19990.45,0.5800107,20051.33;327.4557
19990.45,0.5800107,20051.33;327.4557
19990.45,0.5800107,20051.33;327.4557
19990.36,0.5800107,20051.48;327.5073
19990.26,0.5800107,20051.63;327.5589
19990.18,0.5800107,20051.76;327.6104
19990.18,0.5800107,20051.76;327.6104
