20000,0.5,20000;0
20000,0.5,20000;0
20000,0.5,20000;0
20000,0.5,20000;0
20000,0.5,20000;0
20000,0.5,20000;0
20000,0.5,20000;0
20000,0.5,20000;0
20000,0.5,20000;0
20000,0.5,20000;0
20000,0.5,20000;0
20000,0.5,20000;0
20000,0.5,20000;0
20000,0.5,20000;0
20000,0.5,20000;0
20000,0.5,20000;0
20000,0.5,20000;0
20000,0.5,20000;0
20000,0.5,20000;0
20000,0.5,20000;0
20000,0.5,20000;0
20000,0.5,20000;0
20000,0.5,20000;0
20000,0.5,20000;0
20000,0.5,20000;0
20000,0.5,20000;0
20000,0.5,20000;0
20000,0.5,20000;0
20000,0.5,20000;0
20000,0.5,20000;0
20000,0.5,20000;0
20000,0.5,20000;0
20000,0.5,20000;0
20000,0.5,20000;0
20000,0.5,20000;0
20000,0.5,20000;0
20000,0.5,20000;0
20000,0.5,20000;0
20000,0.5,20000;0
20000,0.5,20000;0
20000,0.5,20000;0
20000,0.5,20000;0
20000,0.5,20000;0
20000,0.5,20000;0
20000,0.5,20000;0
20000,0.5,20000;0
20000,0.5,20000;0
20000,0.5,20000;0
20000,0.5,20000;0
20000,0.5,20000;0
20000,0.58,20002;0
20000,0.58,20004;0
20000,0.58,20006;0
20000,0.58,20008;0
20000,0.58,20010;0
20000,0.58,20012;0
20000,0.58,20014;0
20000,0.58,20016;0
20000,0.58,20018;0
20000,0.58,20020;0
20000,0.58,20022;0
20000,0.58,20024;0
20000,0.58,20026;0
20000,0.58,20028;0
20000,0.58,20030;0
20000,0.58,20032;0
20000,0.58,20034;0
20000,0.58,20036;0
20000,0.58,20038;0
20000,0.58,20040;0
20000,0.58,20042;0
20000,0.58,20044;0
20000,0.58,20046;0
20000,0.58,20048;0
20000,0.58,20050;0
20000,0.58,20052;0
