20000,0.5,20000;0
20000,0.58,20000.25;0
20000,0.58,20000.51;0
20000,0.58,20000.76;359.9427
20000,0.58,20001.02;359.9284
20000,0.58,20001.27;359.9141
20000,0.58,20001.52;359.8997
20000,0.58,20001.78;359.8854
20000,0.58,20002.03;359.7995
20000,0.58,20002.29;359.7422
19999.99,0.58,20002.54;359.6562
19999.99,0.58,20002.79;359.5989
19999.99,0.58,20003.05;359.5273
19999.99,0.58,20003.3;359.4271
19999.99,0.58,20003.56;359.3841
19999.98,0.58,20003.81;359.3554
19999.98,0.58,20004.06;359.2981
19999.98,0.58,20004.32;359.2552
19999.97,0.58,20004.57;359.1979
19999.97,0.58,20004.83;359.1549
19999.96,0.58,20005.08;359.0833
19999.96,0.58,20005.33;359.0117
19999.96,0.58,20005.59;358.9544
19999.95,0.58,20005.84;358.8971
19999.95,0.58,20006.1;358.8255
19999.94,0.58,20006.35;358.7395
19999.93,0.58,20006.6;358.6536
19999.93,0.58,20006.86;358.6536
19999.92,0.58,20007.11;358.6536
19999.92,0.58,20007.37;358.6536
19999.91,0.58,20007.62;358.6393
19999.9,0.58,20007.87;358.6249
19999.9,0.58,20008.13;358.5963
19999.89,0.58,20008.38;358.5533
19999.88,0.58,20008.63;358.4817
19999.88,0.58,20008.89;358.3814
19999.87,0.58,20009.14;358.3528
19999.86,0.58,20009.4;358.2955
19999.86,0.58,20009.65;358.2668
19999.85,0.58,20009.9;358.2668
19999.84,0.58,20010.16;358.2955
19999.83,0.58,20010.41;358.3242
19999.82,0.58,20010.67;358.3242
19999.82,0.58,20010.92;358.2382
19999.81,0.58,20011.17;358.1666
19999.8,0.58,20011.43;358.1093
19999.79,0.58,20011.68;358.009
19999.78,0.58,20011.94;357.9374
19999.77,0.58,20012.19;357.8658
19999.76,0.58,20012.44;357.8228
19999.75,0.58,20012.7;357.7798
19999.74,0.58,20012.95;357.7082
19999.73,0.58,20013.21;357.6939
19999.72,0.58,20013.46;357.6509
19999.71,0.58,20013.71;357.608
19999.7,0.58,20013.96;357.5507
19999.69,0.58,20014.22;357.5363
19999.68,0.58,20014.47;357.5077
19999.67,0.58,20014.73;357.4934
19999.66,0.58,20014.98;357.4504
19999.65,0.58,20015.23;357.4218
19999.63,0.58,20015.49;357.3931
19999.62,0.58,20015.74;357.3502
19999.61,0.58,20016;357.2929
19999.6,0.58,20016.25;357.2785
19999.59,0.58,20016.5;357.2929
19999.57,0.58,20016.76;357.3358
19999.56,0.58,20017.01;357.3358
19999.55,0.58,20017.26;357.3358
19999.54,0.58,20017.52;357.3215
19999.53,0.58,20017.77;357.2929
19999.52,0.58,20018.03;357.2356
19999.5,0.58,20018.28;357.1926
19999.49,0.58,20018.53;357.1067
19999.48,0.58,20018.79;357.035
19999.46,0.58,20019.04;356.9921
19999.45,0.58,20019.29;356.9491
19999.44,0.58,20019.55;356.9491
19999.42,0.58,20019.8;356.9491
19999.41,0.58,20020.05;356.8918
19999.39,0.58,20020.31;356.8345
19999.38,0.58,20020.56;356.7343
19999.37,0.58,20020.81;356.6626
19999.35,0.58,20021.07;356.5623
19999.33,0.58,20021.32;356.4764
19999.32,0.58,20021.58;356.4191
19999.3,0.58,20021.83;356.3762
19999.29,0.58,20022.08;356.3332
19999.27,0.58,20022.34;356.2902
19999.25,0.58,20022.59;356.2759
19999.24,0.58,20022.84;356.2616
19999.22,0.58,20023.1;356.2473
19999.2,0.58,20023.35;356.2186
19999.19,0.58,20023.6;356.1899
19999.17,0.58,20023.86;356.1613
19999.15,0.58,20024.11;356.1327
19999.13,0.58,20024.36;356.104
19999.12,0.58,20024.62;356.0754
19999.1,0.58,20024.87;356.061
19999.08,0.58,20025.13;356.0467
19999.06,0.58,20025.38;355.9894
19999.05,0.58,20025.63;355.9608
19999.03,0.58,20025.88;355.9321
19999.01,0.58,20026.14;355.9608
19998.99,0.58,20026.39;356.0038
19998.98,0.58,20026.64;356.0467
19998.96,0.58,20026.9;356.0324
19998.94,0.58,20027.15;356.0181
19998.92,0.58,20027.4;356.0038
19998.91,0.58,20027.66;355.9751
19998.89,0.58,20027.91;355.9465
19998.87,0.58,20028.16;355.9035
19998.85,0.58,20028.42;355.8892
19998.83,0.58,20028.67;355.8176
19998.81,0.58,20028.92;355.8176
19998.79,0.58,20029.18;355.8176
19998.78,0.58,20029.43;355.8176
19998.76,0.58,20029.68;355.7459
19998.74,0.58,20029.94;355.703
19998.72,0.58,20030.19;355.66
19998.7,0.58,20030.45;355.6027
19998.68,0.58,20030.7;355.5024
19998.66,0.58,20030.95;355.4595
19998.64,0.58,20031.2;355.4452
19998.62,0.58,20031.46;355.4165
19998.6,0.58,20031.71;355.3735
19998.58,0.58,20031.96;355.3592
19998.56,0.58,20032.22;355.3306
19998.54,0.58,20032.47;355.3163
19998.52,0.58,20032.72;355.3019
19998.5,0.58,20032.98;355.2876
19998.47,0.58,20033.23;355.2733
19998.45,0.58,20033.48;355.2446
19998.43,0.58,20033.74;355.2446
19998.41,0.58,20033.99;355.2446
19998.39,0.58,20034.24;355.2446
19998.37,0.58,20034.49;355.2446
19998.35,0.58,20034.75;355.2303
19998.33,0.58,20035;355.2017
19998.31,0.58,20035.25;355.1587
19998.29,0.58,20035.51;355.1587
19998.26,0.58,20035.76;355.1587
19998.24,0.58,20036.01;355.1587
19998.22,0.58,20036.27;355.173
19998.2,0.58,20036.52;355.173
19998.18,0.58,20036.77;355.173
19998.16,0.58,20037.03;355.173
19998.13,0.58,20037.28;355.173
19998.11,0.58,20037.53;355.173
19998.09,0.58,20037.79;355.173
19998.07,0.58,20038.04;355.173
19998.05,0.58,20038.29;355.173
19998.03,0.58,20038.54;355.173
19998.01,0.58,20038.8;355.173
19997.98,0.58,20039.05;355.13
19997.96,0.58,20039.3;355.13
19997.94,0.58,20039.56;355.13
19997.92,0.58,20039.81;355.13
19997.9,0.58,20040.06;355.13
19997.88,0.58,20040.32;355.1157
19997.86,0.58,20040.57;355.1157
19997.83,0.58,20040.82;355.0871
19997.81,0.58,20041.08;355.0871
19997.79,0.58,20041.33;355.0298
19997.77,0.58,20041.58;354.9868
19997.75,0.58,20041.83;354.9295
19997.72,0.58,20042.09;354.8865
19997.7,0.58,20042.34;354.8006
19997.68,0.58,20042.59;354.7576
19997.65,0.58,20042.85;354.7433
