20000,0.5,20000;0
20000,0.58,20000.25;359.9542
20000,0.58,20000.48;359.9083
20000,0.58,20000.71;359.8682
20000,0.58,20000.97;359.8281
20000,0.58,20000.97;359.8281
20000,0.58,20000.97;359.8281
20000,0.58,20001.2;359.7823
20000,0.58,20001.2;359.7823
20000,0.58,20001.45;359.7479
20000,0.58,20001.45;359.7479
19999.99,0.58,20001.7;359.7135
19999.99,0.58,20001.96;359.6792
19999.99,0.58,20002.21;359.6448
19999.99,0.58,20002.47;359.6047
19999.99,0.58,20002.47;359.6047
19999.99,0.58,20002.69;359.5646
19999.99,0.58,20002.91;359.5359
19999.98,0.58,20003.16;359.5073
19999.98,0.58,20003.42;359.4729
19999.98,0.58,20003.42;359.4729
19999.98,0.58,20003.64;359.4328
19999.98,0.58,20003.89;359.3927
19999.97,0.58,20004.15;359.3698
19999.97,0.58,20004.15;359.3698
19999.97,0.58,20004.4;359.3469
19999.97,0.58,20004.65;359.3125
19999.97,0.58,20004.87;359.2781
19999.96,0.58,20005.08;359.2495
19999.96,0.58,20005.08;359.2495
19999.96,0.58,20005.33;359.2208
19999.96,0.58,20005.58;359.1865
19999.95,0.58,20005.83;359.1521
19999.95,0.58,20006.09;359.112
19999.95,0.58,20006.09;359.112
19999.95,0.58,20006.3;359.0719
19999.94,0.58,20006.51;359.0375
19999.94,0.58,20006.76;359.0031
19999.94,0.58,20006.76;359.0031
19999.93,0.58,20007.01;358.9688
19999.93,0.58,20007.26;358.9344
19999.92,0.58,20007.51;358.8943
19999.92,0.58,20007.68;358.8542
19999.92,0.58,20007.85;358.8255
19999.92,0.58,20007.85;358.8255
19999.91,0.58,20008.1;358.7969
19999.91,0.58,20008.34;358.7625
19999.9,0.58,20008.58;358.7281
19999.9,0.58,20008.58;358.7281
19999.9,0.58,20008.58;358.7281
19999.9,0.58,20008.78;358.6938
19999.89,0.58,20009.02;358.6651
19999.88,0.58,20009.26;358.6307
19999.88,0.58,20009.26;358.6307
19999.88,0.58,20009.26;358.6307
19999.88,0.58,20009.46;358.5906
19999.87,0.58,20009.7;358.5505
19999.87,0.58,20009.93;358.5219
19999.87,0.58,20009.93;358.5219
19999.86,0.58,20010.17;358.4932
19999.86,0.58,20010.4;358.4588
19999.85,0.58,20010.66;358.4245
19999.84,0.58,20010.91;358.3844
19999.84,0.58,20010.91;358.3844
19999.83,0.58,20011.14;358.3443
19999.83,0.58,20011.37;358.3099
19999.82,0.58,20011.62;358.2755
19999.81,0.58,20011.88;358.2469
19999.81,0.58,20011.88;358.2469
19999.81,0.58,20011.88;358.2469
19999.8,0.58,20012.11;358.2125
19999.8,0.58,20012.36;358.1781
19999.8,0.58,20012.36;358.1781
19999.8,0.58,20012.36;358.1781
19999.79,0.58,20012.62;358.1437
19999.79,0.58,20012.62;358.1437
19999.78,0.58,20012.85;358.1094
19999.77,0.58,20013.08;358.0865
19999.77,0.58,20013.08;358.0865
19999.76,0.58,20013.33;358.0521
19999.76,0.58,20013.33;358.0521
19999.76,0.58,20013.59;358.0177
19999.75,0.58,20013.84;357.9948
19999.75,0.58,20013.84;357.9948
19999.74,0.58,20014.07;357.9719
19999.74,0.58,20014.07;357.9719
19999.73,0.58,20014.33;357.9489
19999.72,0.58,20014.58;357.9031
19999.72,0.58,20014.58;357.9031
19999.71,0.58,20014.84;357.8573
19999.71,0.58,20014.84;357.8573
19999.7,0.58,20015.07;357.8115
19999.69,0.58,20015.3;357.7943
19999.69,0.58,20015.3;357.7943
19999.68,0.58,20015.56;357.7771
19999.68,0.58,20015.56;357.7771
19999.67,0.58,20015.81;357.7599
19999.67,0.58,20015.81;357.7599
19999.67,0.58,20015.81;357.7599
19999.66,0.58,20016.04;357.7427
19999.66,0.58,20016.04;357.7427
19999.65,0.58,20016.29;357.7255
19999.64,0.58,20016.55;357.7198
19999.63,0.58,20016.77;357.6969
19999.63,0.58,20016.77;357.6969
19999.63,0.58,20016.77;357.6969
19999.63,0.58,20017.03;357.674
19999.63,0.58,20017.03;357.674
19999.61,0.58,20017.28;357.6396
19999.61,0.58,20017.28;357.6396
19999.61,0.58,20017.28;357.6396
19999.6,0.58,20017.54;357.6052
19999.6,0.58,20017.54;357.6052
19999.59,0.58,20017.76;357.5708
19999.59,0.58,20017.76;357.5708
19999.59,0.58,20017.76;357.5708
19999.58,0.58,20018.01;357.5536
19999.58,0.58,20018.01;357.5536
19999.57,0.58,20018.27;357.5135
19999.57,0.58,20018.27;357.5135
19999.56,0.58,20018.48;357.4734
19999.55,0.58,20018.71;357.4448
19999.54,0.58,20018.96;357.4161
19999.53,0.58,20019.21;357.3817
19999.53,0.58,20019.21;357.3817
19999.52,0.58,20019.43;357.3474
19999.51,0.58,20019.65;357.3073
19999.5,0.58,20019.89;357.2672
19999.49,0.58,20020.14;357.2213
19999.49,0.58,20020.14;357.2213
19999.47,0.58,20020.38;357.1755
19999.46,0.58,20020.62;357.1411
19999.45,0.58,20020.87;357.1068
19999.44,0.58,20021.11;357.0667
19999.44,0.58,20021.11;357.0667
19999.43,0.58,20021.32;357.0266
19999.41,0.58,20021.53;356.9865
19999.4,0.58,20021.78;356.9521
19999.4,0.58,20021.78;356.9521
19999.4,0.58,20021.78;356.9521
19999.39,0.58,20022.01;356.9063
19999.39,0.58,20022.01;356.9063
19999.38,0.58,20022.22;356.8547
19999.38,0.58,20022.22;356.8547
19999.37,0.58,20022.46;356.8031
19999.35,0.58,20022.69;356.7745
19999.34,0.58,20022.93;356.7401
19999.34,0.58,20022.93;356.7401
19999.34,0.58,20022.93;356.7401
19999.33,0.58,20023.13;356.7057
19999.31,0.58,20023.37;356.6713
19999.3,0.58,20023.62;356.6656
19999.3,0.58,20023.62;356.6656
19999.28,0.58,20023.86;356.6599
19999.27,0.58,20024.07;356.6255
19999.26,0.58,20024.28;356.6026
19999.26,0.58,20024.28;356.6026
19999.24,0.58,20024.53;356.5797
19999.23,0.58,20024.78;356.5453
19999.21,0.58,20025.03;356.5109
19999.2,0.58,20025.28;356.4765
19999.2,0.58,20025.28;356.4765
19999.19,0.58,20025.49;356.4364
19999.17,0.58,20025.73;356.3963
19999.15,0.58,20025.98;356.3562
19999.15,0.58,20025.98;356.3562
19999.14,0.58,20026.23;356.3161
19999.12,0.58,20026.44;356.276
19999.11,0.58,20026.65;356.2302
19999.11,0.58,20026.65;356.2302
19999.09,0.58,20026.9;356.1901
19999.08,0.58,20027.11;356.15
19999.06,0.58,20027.32;356.1042
19999.06,0.58,20027.32;356.1042
19999.05,0.58,20027.54;356.0526
19999.05,0.58,20027.54;356.0526
19999.03,0.58,20027.78;356.001
19999.02,0.58,20028.02;355.9609
19999.02,0.58,20028.02;355.9609
19999,0.58,20028.23;355.9151
19999,0.58,20028.23;355.9151
19998.98,0.58,20028.47;355.8693
19998.97,0.58,20028.71;355.8292
19998.97,0.58,20028.71;355.8292
19998.95,0.58,20028.95;355.789
19998.95,0.58,20028.95;355.789
19998.93,0.58,20029.14;355.7489
19998.92,0.58,20029.34;355.7031
19998.92,0.58,20029.34;355.7031
19998.9,0.58,20029.58;355.6573
19998.9,0.58,20029.58;355.6573
19998.89,0.58,20029.78;355.6115
19998.87,0.58,20029.98;355.5771
19998.85,0.58,20030.19;355.5312
19998.85,0.58,20030.19;355.5312
19998.85,0.58,20030.19;355.5312
19998.83,0.58,20030.44;355.4854
19998.83,0.58,20030.44;355.4854
19998.82,0.58,20030.67;355.4453
19998.82,0.58,20030.67;355.4453
19998.8,0.58,20030.88;355.4052
19998.78,0.58,20031.1;355.3593
19998.78,0.58,20031.1;355.3593
19998.76,0.58,20031.34;355.325
19998.76,0.58,20031.34;355.325
19998.74,0.58,20031.59;355.2906
19998.72,0.58,20031.83;355.239
19998.72,0.58,20031.83;355.239
19998.7,0.58,20032.04;355.1932
19998.7,0.58,20032.04;355.1932
19998.68,0.58,20032.29;355.1474
19998.66,0.58,20032.53;355.1073
19998.64,0.58,20032.76;355.0672
19998.62,0.58,20033;355.0213
19998.62,0.58,20033;355.0213
19998.6,0.58,20033.21;354.9755
19998.59,0.58,20033.41;354.9297
19998.56,0.58,20033.64;354.8896
19998.56,0.58,20033.64;354.8896
19998.56,0.58,20033.64;354.8896
19998.54,0.58,20033.88;354.8495
19998.52,0.58,20034.11;354.8036
19998.5,0.58,20034.31;354.7635
19998.5,0.58,20034.31;354.7635
19998.5,0.58,20034.31;354.7635
19998.48,0.58,20034.54;354.7234
19998.46,0.58,20034.77;354.6833
19998.44,0.58,20035.01;354.6432
19998.44,0.58,20035.01;354.6432
19998.44,0.58,20035.01;354.6432
19998.42,0.58,20035.2;354.6031
19998.4,0.58,20035.43;354.5687
19998.38,0.58,20035.66;354.5286
19998.38,0.58,20035.66;354.5286
19998.38,0.58,20035.66;354.5286
19998.35,0.58,20035.89;354.4885
19998.33,0.58,20036.09;354.4541
19998.31,0.58,20036.29;354.414
19998.31,0.58,20036.29;354.414
19998.29,0.58,20036.52;354.3739
19998.29,0.58,20036.52;354.3739
19998.27,0.58,20036.74;354.3338
19998.25,0.58,20036.97;354.288
19998.25,0.58,20036.97;354.288
19998.23,0.58,20037.17;354.2422
19998.21,0.58,20037.36;354.1963
19998.19,0.58,20037.58;354.1505
19998.16,0.58,20037.81;354.1104
19998.16,0.58,20037.81;354.1104
19998.14,0.58,20038.03;354.0703
19998.12,0.58,20038.22;354.0302
19998.1,0.58,20038.41;353.9843
19998.1,0.58,20038.41;353.9843
19998.07,0.58,20038.64;353.9385
19998.05,0.58,20038.86;353.8984
19998.03,0.58,20039.08;353.8583
19998,0.58,20039.3;353.8182
19998,0.58,20039.3;353.8182
19997.98,0.58,20039.5;353.7781
19997.96,0.58,20039.69;353.738
19997.94,0.58,20039.91;353.6979
19997.91,0.58,20040.13;353.6635
19997.91,0.58,20040.13;353.6635
19997.89,0.58,20040.32;353.6177
19997.89,0.58,20040.32;353.6177
19997.87,0.58,20040.54;353.5718
19997.84,0.58,20040.76;353.526
19997.84,0.58,20040.76;353.526
19997.82,0.58,20040.98;353.4859
19997.82,0.58,20040.98;353.4859
19997.79,0.58,20041.16;353.4745
19997.79,0.58,20041.16;353.4745
19997.79,0.58,20041.16;353.4745
19997.77,0.58,20041.38;353.463
19997.74,0.58,20041.6;353.4515
19997.72,0.58,20041.82;353.4286
19997.72,0.58,20041.82;353.4286
19997.7,0.58,20042.01;353.377
19997.7,0.58,20042.01;353.377
19997.67,0.58,20042.24;353.3255
19997.64,0.58,20042.48;353.2797
19997.64,0.58,20042.48;353.2797
19997.61,0.58,20042.72;353.2396
19997.61,0.58,20042.72;353.2396
19997.59,0.58,20042.93;353.1994
19997.56,0.58,20043.14;353.1536
