20000,0.5,20000;0
20000,0.58,19999.99;359.9284
20000,0.58,19999.99;359.8711
20000,0.58,19999.98;359.7995
20000,0.58,19999.98;359.7422
20000,0.58,19999.98;359.6563
20000,0.58,19999.98;359.5989
20000,0.58,19999.97;359.513
20000,0.58,19999.97;359.4271
20000,0.58,19999.97;359.3554
20000,0.58,19999.96;359.2695
20000,0.58,19999.96;359.1835
20000,0.58,19999.96;359.1119
20000,0.58,19999.96;359.0403
20000,0.58,19999.95;358.9687
20000,0.58,19999.95;358.8828
20000,0.58,19999.95;358.8111
20000,0.58,19999.94;358.7395
20000,0.58,19999.94;358.6679
20000,0.58,19999.93;358.5819
20000,0.58,19999.93;358.5103
20000,0.58,19999.92;358.4387
20000,0.58,19999.91;358.3671
20000,0.58,19999.91;358.3098
20000,0.58,19999.92;358.2525
20000,0.58,19999.92;358.1952
20000,0.58,19999.92;358.1236
20000,0.58,19999.92;358.0377
20000,0.58,19999.91;357.9804
20000,0.58,19999.91;357.9231
20000,0.58,19999.91;357.8515
20000,0.58,19999.91;357.7798
20000,0.58,19999.91;357.7082
20000,0.58,19999.91;357.6366
20000,0.58,19999.91;357.565
20000,0.58,19999.89;357.4934
20000,0.58,19999.88;357.4504
20000,0.58,20000.04;357.5507
19999.99,0.58,20000.28;357.565
19999.97,0.58,20000.58;357.608
19999.96,0.58,20000.96;357.608
19999.94,0.58,20001.3;357.7083
19999.93,0.58,20001.71;357.8085
19999.91,0.58,20002.11;357.9231
19999.9,0.58,20002.51;358.0234
19999.89,0.58,20002.91;358.138
19999.88,0.58,20003.3;358.2383
19999.86,0.58,20003.68;358.3242
19999.85,0.58,20004.05;358.3815
19999.85,0.58,20004.35;358.4388
19999.84,0.58,20004.69;358.5677
19999.83,0.58,20004.99;358.6823
19999.82,0.58,20005.34;358.8255
19999.82,0.58,20005.63;358.9402
19999.81,0.58,20005.93;359.0261
19999.81,0.58,20006.27;359.1407
19999.8,0.58,20006.47;358.9545
19999.8,0.58,20006.46;358.711
19999.8,0.58,20006.46;358.4674
19999.8,0.58,20006.46;358.2813
19999.8,0.58,20006.49;358.0664
19999.8,0.58,20006.53;358.0091
19999.8,0.58,20006.53;357.9661
19999.8,0.58,20006.53;357.8515
19999.8,0.58,20006.54;357.3215
19999.8,0.58,20006.54;356.7199
19999.8,0.58,20006.57;355.9178
19999.79,0.58,20006.66;354.9867
19999.79,0.58,20006.69;354.3278
19999.78,0.58,20006.74;353.3252
19999.77,0.58,20006.85;352.2652
19999.75,0.58,20006.94;351.1479
19999.74,0.58,20007.02;349.9877
19999.72,0.58,20007.13;348.8561
19999.69,0.58,20007.25;347.9394
19999.67,0.58,20007.36;346.8364
19999.63,0.58,20007.48;345.7048
19999.6,0.58,20007.59;344.7451
19999.57,0.58,20007.69;343.6422
19999.54,0.58,20007.81;342.5249
19999.5,0.58,20007.91;341.3933
19999.46,0.58,20008.02;340.2474
19999.42,0.58,20008.13;339.1158
19999.38,0.58,20008.23;337.9842
19999.34,0.58,20008.33;337.0388
19999.3,0.58,20008.41;335.9502
19999.28,0.58,20008.47;334.8902
19999.26,0.58,20008.51;333.9448
19999.22,0.58,20008.57;332.8419
19999.22,0.58,20008.58;331.8535
19999.22,0.58,20008.59;330.6933
19999.2,0.58,20008.62;329.705
19999.16,0.58,20008.67;328.5877
19999.15,0.58,20008.69;327.7856
19999.11,0.58,20008.76;327.3845
19999.07,0.58,20008.82;326.7112
19999.03,0.58,20008.88;325.7229
19999.03,0.58,20008.88;324.6199
19999.01,0.58,20008.91;323.56
19999,0.58,20008.91;322.1992
19999.01,0.58,20008.91;320.8241
19999.01,0.58,20008.9;319.7212
19998.95,0.58,20008.97;318.4463
19998.96,0.58,20008.97;317.3147
19998.9,0.58,20009.02;315.9969
19998.87,0.58,20009.05;314.6791
19998.78,0.58,20009.14;313.3756
19998.73,0.58,20009.19;312.244
19998.66,0.58,20009.25;310.9692
19998.6,0.58,20009.29;309.8663
19998.51,0.58,20009.37;308.6058
19998.44,0.58,20009.42;307.5172
19998.39,0.58,20009.45;306.2567
19998.38,0.58,20009.47;305.3829
19998.2,0.58,20009.59;305.3113
19998.05,0.58,20009.7;304.7956
19997.87,0.58,20009.82;304.2656
19997.72,0.58,20009.92;303.8073
19997.42,0.58,20010.12;303.5065
19997.11,0.58,20010.32;303.4635
19996.66,0.58,20010.62;303.4348
19996.15,0.58,20010.96;303.2916
19995.62,0.58,20011.3;303.1913
19995.3,0.58,20011.51;303.1197
19995.3,0.58,20011.51;303.0194
19995.29,0.58,20011.52;302.8619
19995.29,0.58,20011.52;302.69
19994.77,0.58,20011.85;302.5611
19994.25,0.58,20012.18;302.4322
19993.