20000,0.5,20000;0
20000,0.58,20000.22;359.7078
20000,0.58,20000.45;359.427
20000,0.58,20000.45;359.427
19999.99,0.58,20000.7;359.1864
19999.99,0.58,20000.96;358.9458
19999.98,0.58,20001.21;358.6707
19999.98,0.58,20001.21;358.6707
19999.98,0.58,20001.44;358.3957
19999.97,0.58,20001.67;358.1092
19999.96,0.58,20001.91;357.8228
19999.95,0.58,20002.14;357.5764
19999.95,0.58,20002.14;357.5764
19999.94,0.58,20002.36;357.33
19999.93,0.58,20002.57;357.0378
19999.92,0.58,20002.8;356.7456
19999.9,0.58,20003.03;356.4591
19999.9,0.58,20003.03;356.4591
19999.9,0.58,20003.03;356.4591
19999.88,0.58,20003.28;356.207
19999.87,0.58,20003.54;355.9549
19999.85,0.58,20003.79;355.6627
19999.85,0.58,20003.79;355.6627
19999.83,0.58,20004.01;355.3705
19999.83,0.58,20004.01;355.3705
19999.81,0.58,20004.26;355.0782
19999.79,0.58,20004.52;354.8261
19999.79,0.58,20004.52;354.8261
19999.76,0.58,20004.77;354.5339
19999.76,0.58,20004.77;354.5339
19999.74,0.58,20004.99;354.2417
19999.71,0.58,20005.21;353.9495
19999.71,0.58,20005.21;353.9495
19999.69,0.58,20005.46;353.6974
19999.69,0.58,20005.46;353.6974
19999.66,0.58,20005.71;353.4453
19999.63,0.58,20005.96;353.1474
19999.63,0.58,20005.96;353.1474
19999.6,0.58,20006.18;352.8609
19999.6,0.58,20006.18;352.8609
19999.57,0.58,20006.42;352.5744
19999.54,0.58,20006.67;352.3223
19999.54,0.58,20006.67;352.3223
19999.5,0.58,20006.92;352.0358
19999.47,0.58,20007.13;351.7493
19999.44,0.58,20007.35;351.4629
19999.44,0.58,20007.35;351.4629
19999.4,0.58,20007.59;351.2165
19999.4,0.58,20007.59;351.2165
19999.37,0.58,20007.8;350.9701
19999.33,0.58,20008.02;350.7295
19999.33,0.58,20008.02;350.7295
19999.29,0.58,20008.26;350.4487
19999.29,0.58,20008.26;350.4487
19999.25,0.58,20008.51;350.168
19999.2,0.58,20008.75;349.9044
19999.2,0.58,20008.75;349.9044
19999.17,0.58,20008.95;349.5434
19999.17,0.58,20008.95;349.5434
19999.13,0.58,20009.14;349.1825
19999.09,0.58,20009.34;348.7928
19999.07,0.58,20009.46;348.4434
19999.07,0.58,20009.46;348.4434
19999.07,0.58,20009.46;348.4434
19999.05,0.58,20009.53;348.1225
19999.04,0.58,20009.6;347.8016
19999.02,0.58,20009.67;347.6011
19999.02,0.58,20009.67;347.6011
19999.02,0.58,20009.67;347.6011
19999.01,0.58,20009.72;347.4006
19999,0.58,20009.78;347.2516
19998.99,0.58,20009.82;347.1656
19998.99,0.58,20009.82;347.1656
19998.98,0.58,20009.86;347.0797
19998.97,0.58,20009.89;347.074
19998.96,0.58,20009.93;347.0969
19998.96,0.58,20009.93;347.0969
19998.96,0.58,20009.93;347.0969
19998.96,0.58,20009.96;347.1198
19998.95,0.58,20010;347.1542
19998.94,0.58,20010.04;347.1771
19998.94,0.58,20010.04;347.1771
19998.94,0.58,20010.04;347.1771
19998.93,0.58,20010.08;347.2
19998.92,0.58,20010.12;347.2287
19998.91,0.58,20010.16;347.2516
19998.91,0.58,20010.16;347.2516
19998.9,0.58,20010.2;347.2745
19998.89,0.58,20010.24;347.2974
19998.89,0.58,20010.27;347.3203
19998.89,0.58,20010.27;347.3203
19998.89,0.58,20010.27;347.3203
19998.88,0.58,20010.29;347.349
19998.88,0.58,20010.31;347.3776
19998.87,0.58,20010.33;347.4005
19998.87,0.58,20010.33;347.4005
19998.87,0.58,20010.35;347.4235
19998.87,0.58,20010.36;347.4349
19998.86,0.58,20010.37;347.4349
19998.86,0.58,20010.37;347.4349
19998.86,0.58,20010.38;347.4349
19998.86,0.58,20010.38;347.4406
19998.86,0.58,20010.38;347.4636
19998.86,0.58,20010.38;347.4636
19998.86,0.58,20010.38;347.4636
19998.86,0.58,20010.38;347.4922
19998.86,0.58,20010.38;347.5209
19998.86,0.58,20010.38;347.5552
19998.86,0.58,20010.38;347.5552
19998.86,0.58,20010.38;347.5552
19998.86,0.58,20010.4;347.6125
19998.85,0.58,20010.42;347.6698
19998.85,0.58,20010.44;347.7271
19998.85,0.58,20010.44;347.7271
19998.84,0.58,20010.46;347.7844
19998.84,0.58,20010.49;347.8302
19998.83,0.58,20010.51;347.8761
19998.83,0.58,20010.51;347.8761
19998.83,0.58,20010.53;347.9219
19998.82,0.58,20010.55;347.9849
19998.82,0.58,20010.55;347.9849
19998.82,0.58,20010.57;348.0479
19998.81,0.58,20010.6;348.111
19998.81,0.58,20010.6;348.111
19998.81,0.58,20010.62;348.1625
19998.8,0.58,20010.64;348.2141
19998.8,0.58,20010.66;348.2657
19998.8,0.58,20010.66;348.2657
19998.8,0.58,20010.68;348.3
19998.8,0.58,20010.68;348.3
19998.79,0.58,20010.7;348.3344
19998.79,0.58,20010.72;348.3802
19998.78,0.58,20010.74;348.4318
19998.78,0.58,20010.74;348.4318
19998.78,0.58,20010.77;348.4834
19998.78,0.58,20010.79;348.5292
19998.78,0.58,20010.79;348.5292
19998.77,0.58,20010.81;348.5808
19998.77,0.58,20010.81;348.5808
19998.77,0.58,20010.83;348.6323
19998.76,0.58,20010.86;348.6839
19998.76,0.58,20010.86;348.6839
19998.76,0.58,20010.88;348.7297
19998.76,0.58,20010.88;348.7297
19998.75,0.58,20010.9;348.7755
19998.75,0.58,20010.91;348.8214
19998.75,0.58,20010.91;348.8214
19998.75,0.58,20010.94;348.873
19998.75,0.58,20010.94;348.873
19998.74,0.58,20010.96;348.9245
19998.74,0.58,20010.99;348.9646
19998.73,0.58,20011.01;349.0162
19998.73,0.58,20011.01;349.0162
19998.73,0.58,20011.01;349.0162
19998.73,0.58,20011.01;349.0162
19998.73,0.58,20011.01;349.0162
19998.73,0.58,20011.03;349.0506
19998.73,0.58,20011.03;349.0506
19998.73,0.58,20011.03;349.0506
19998.73,0.58,20011.04;349.1021
19998.73,0.58,20011.04;349.1021
19998.72,0.58,20011.04;349.1823
19998.72,0.58,20011.04;349.1823
19998.72,0.58,20011.04;349.1823
19998.72,0.58,20011.04;349.2625
19998.72,0.58,20011.04;349.3313
19998.73,0.58,20011.03;349.3943
19998.73,0.58,20011.03;349.3943
19998.73,0.58,20011.01;349.4573
19998.73,0.58,20010.99;349.5261
19998.74,0.58,20010.98;349.5948
19998.74,0.58,20010.97;349.6579
19998.74,0.58,20010.97;349.6579
19998.74,0.58,20010.97;349.7209
19998.74,0.58,20010.97;349.7839
19998.74,0.58,20010.98;349.824
19998.74,0.58,20010.98;349.824
19998.74,0.58,20010.98;349.824
19998.73,0.58,20010.99;349.8641
19998.73,0.58,20011.01;349.8813
19998.73,0.58,20011.02;349.8813
19998.73,0.58,20011.02;349.8813
19998.73,0.58,20011.02;349.8813
19998.73,0.58,20011.04;349.8813
19998.72,0.58,20011.05;349.8813
19998.72,0.58,20011.05;349.8813
19998.72,0.58,20011.05;349.8813
19998.72,0.58,20011.05;349.8813
19998.72,0.58,20011.06;349.8813
19998.72,0.58,20011.08;349.8985
19998.72,0.58,20011.09;349.9157
19998.72,0.58,20011.09;349.9157
19998.72,0.58,20011.09;349.9157
19998.71,0.58,20011.11;349.9329
19998.71,0.58,20011.13;349.9443
19998.71,0.58,20011.15;349.95
19998.71,0.58,20011.15;349.95
19998.71,0.58,20011.15;349.95
19998.7,0.58,20011.17;349.9558
19998.7,0.58,20011.19;349.95
19998.7,0.58,20011.21;349.9386
19998.7,0.58,20011.21;349.9386
19998.7,0.58,20011.21;349.9386
19998.69,0.58,20011.23;349.9271
19998.69,0.58,20011.25;349.9157
19998.69,0.58,20011.26;349.9157
19998.69,0.58,20011.26;349.9157
19998.69,0.58,20011.26;349.9157
19998.69,0.58,20011.27;349.9214
19998.68,0.58,20011.28;349.9271
19998.68,0.58,20011.28;349.9271
19998.68,0.58,20011.28;349.9271
19998.68,0.58,20011.28;349.9271
19998.68,0.58,20011.29;349.9099
19998.68,0.58,20011.29;349.8928
19998.68,0.58,20011.29;349.8641
19998.68,0.58,20011.29;349.8641
19998.68,0.58,20011.3;349.8354
19998.68,0.58,20011.3;349.8354
19998.68,0.58,20011.3;349.8126
19998.68,0.58,20011.3;349.8126
19998.68,0.58,20011.3;349.8126
19998.68,0.58,20011.3;349.8183
19998.68,0.58,20011.3;349.8183
19998.68,0.58,20011.3;349.8354
19998.68,0.58,20011.29;349.8756
19998.68,0.58,20011.29;349.8756
19998.68,0.58,20011.27;349.9157
19998.69,0.58,20011.26;349.95
19998.69,0.58,20011.26;349.95
19998.69,0.58,20011.25;349.9959
19998.69,0.58,20011.25;349.9959
19998.69,0.58,20011.25;350.0532
19998.69,0.58,20011.25;350.0532
19998.69,0.58,20011.25;350.1162
19998.69,0.58,20011.25;350.1162
19998.69,0.58,20011.25;350.1792
19998.69,0.58,20011.25;350.2766
19998.69,0.58,20011.25;350.2766
19998.69,0.58,20011.25;350.374
19998.69,0.58,20011.25;350.374
19998.69,0.58,20011.25;350.4714
19998.69,0.58,20011.25;350.6147
19998.69,0.58,20011.25;350.6147
19998.69,0.58,20011.26;350.8209
19998.69,0.58,20011.26;350.8209
19998.68,0.58,20011.28;351.0272
19998.68,0.58,20011.3;351.2449
19998.68,0.58,20011.32;351.5314
19998.68,0.58,20011.32;351.5314
19998.68,0.58,20011.32;351.5314
19998.67,0.58,20011.34;351.8179
19998.67,0.58,20011.34;351.8179
19998.67,0.58,20011.34;352.0585
19998.67,0.58,20011.34;352.0585
19998.67,0.58,20011.34;352.0585
19998.66,0.58,20011.45;352.2934
19998.66,0.58,20011.45;352.2934
19998.65,0.58,20011.55;352.5283
19998.65,0.58,20011.55;352.5283
19998.63,0.58,20011.66;352.7632
19998.63,0.58,20011.66;352.7632
19998.62,0.58,20011.76;352.9981
19998.61,0.58,20011.85;353.0841
19998.61,0.58,20011.85;353.0841
19998.6,0.58,20011.94;353.17
19998.59,0.58,20012.03;353.4451
19998.59,0.58,20012.03;353.7201
19998.59,0.58,20012.04;353.9493
19998.59,0.58,20012.04;353.9493
19998.59,0.58,20012.04;353.9493
19998.58,0.58,20012.14;354.23
19998.57,0.58,20012.25;354.5108
19998.56,0.58,20012.37;354.8087
19998.56,0.58,20012.37;354.8087
19998.55,0.58,20012.48;355.1067
19998.54,0.58,20012.6;355.353
19998.53,0.58,20012.7;355.5994
19998.52,0.58,20012.79;355.8286
19998.52,0.58,20012.79;355.8286
19998.51,0.58,20012.91;356.0578
19998.51,0.58,20013.02;356.0979
19998.5,0.58,20013.12;356.138
19998.49,0.58,20013.22;356.138
19998.49,0.58,20013.22;356.138
19998.49,0.58,20013.31;356.138
19998.48,0.58,20013.41;356.1437
19998.47,0.58,20013.51;356.1494
19998.47,0.58,20013.6;356.1666
19998.47,0.58,20013.6;356.1666
19998.46,0.58,20013.71;356.1838
19998.45,0.58,20013.81;356.2411
19998.45,0.58,20013.9;356.2468
19998.45,0.58,20013.9;356.2468
19998.45,0.58,20013.9;356.2468
19998.44,0.58,20014.01;356.2526
19998.43,0.58,20014.11;356.2583
19998.43,0.58,20014.11;356.2583
19998.43,0.58,20014.11;356.2583
19998.43,0.58,20014.11;356.2583
19998.43,0.58,20014.2;356.264
19998.43,0.58,20014.2;356.264
19998.42,0.58,20014.3;356.2697
19998.42,0.58,20014.3;356.2697
19998.42,0.58,20014.3;356.2697
19998.42,0.58,20014.4;356.2812
19998.41,0.58,20014.49;356.2927
19998.4,0.58,20014.58;356.3156
19998.4,0.58,20014.58;356.3156
19998.4,0.58,20014.58;356.3156
19998.4,0.58,20014.69;356.562
19998.39,0.58,20014.79;356.8083
19998.39,0.58,20014.89;357.0203
19998.39,0.58,20014.89;357.0203
19998.39,0.58,20014.89;357.0203
19998.38,0.58,20014.96;357.1922
19998.38,0.58,20014.99;357.3641
19998.38,0.58,20015.03;357.5131
19998.38,0.58,20015.03;357.5131
19998.38,0.58,20015.03;357.5131
19998.38,0.58,20015.05;357.6162
19998.38,0.58,20015.06;357.6735
19998.38,0.58,20015.06;357.6735
19998.38,0.58,20015.09;357.662
19998.38,0.58,20015.09;357.662
19998.38,0.58,20015.12;357.5876
19998.38,0.58,20015.12;357.5876
19998.38,0.58,20015.12;357.5876
19998.38,0.58,20015.16;357.4901
19998.37,0.58,20015.21;357.3927
19998.37,0.58,20015.25;357.3584
19998.37,0.58,20015.25;357.3584
19998.37,0.58,20015.29;357.3526
19998.37,0.58,20015.29;357.3526
19998.37,0.58,20015.35;357.3469
19998.36,0.58,20015.4;357.3469
19998.36,0.58,20015.4;357.3469
19998.36,0.58,20015.48;357.2953
19998.36,0.58,20015.48;357.2953
19998.36,0.58,20015.58;357.2438
19998.36,0.58,20015.58;357.2438
19998.36,0.58,20015.58;357.2438
19998.35,0.58,20015.73;357.1922
19998.35,0.58,20015.73;357.1922
19998.35,0.58,20015.73;357.1922
19998.34,0.58,20015.95;357.1407
19998.34,0.58,20015.95;357.1407
19998.32,0.58,20016.2;357.0891
19998.32,0.58,20016.2;357.0891
19998.31,0.58,20016.38;357.0375
19998.31,0.58,20016.38;357.0375
19998.31,0.58,20016.5;356.986
19998.31,0.58,20016.5;356.986
19998.31,0.58,20016.5;356.986
19998.31,0.58,20016.5;356.986
19998.31,0.58,20016.5;356.986
19998.31,0.58,20016.5;356.986
19998.31,0.58,20016.5;356.986
19998.31,0.58,20016.5;356.986
19998.3,0.58,20016.61;356.8828
19998.3,0.58,20016.61;356.8828
19998.3,0.58,20016.71;356.7625
19998.3,0.58,20016.71;356.7625
19998.28,0.58,20016.97;356.6422
19998.27,0.58,20017.22;356.5104
19998.25,0.58,20017.47;356.3958
19998.25,0.58,20017.47;356.3958
19998.25,0.58,20017.47;356.3958
19998.23,0.58,20017.73;356.2812
19998.22,0.58,20017.98;356.1838
19998.2,0.58,20018.23;356.075
19998.2,0.58,20018.23;356.075
19998.2,0.58,20018.23;356.075
19998.18,0.58,20018.49;355.9604
19998.16,0.58,20018.74;355.8458
19998.14,0.58,20018.99;355.7369
19998.14,0.58,20018.99;355.7369
19998.13,0.58,20019.25;355.628
19998.11,0.58,20019.5;355.4962
19998.08,0.58,20019.75;355.3645
19998.06,0.58,20020.01;355.227
19998.06,0.58,20020.01;355.227
19998.04,0.58,20020.26;355.0894
19998.02,0.58,20020.51;354.9691
19998,0.58,20020.77;354.8488
19997.97,0.58,20021.02;354.7227
19997.97,0.58,20021.02;354.7227
19997.95,0.58,20021.27;354.5967
19997.92,0.58,20021.53;354.4821
19997.9,0.58,20021.78;354.3675
19997.88,0.58,20022.03;354.2816
19997.88,0.58,20022.03;354.2816
19997.85,0.58,20022.28;354.1956
19997.82,0.58,20022.54;354.0925
19997.79,0.58,20022.79;353.9893
19997.77,0.58,20023.04;353.8805
19997.77,0.58,20023.04;353.8805
19997.74,0.58,20023.29;353.7716
19997.71,0.58,20023.54;353.6627
19997.68,0.58,20023.8;353.5539
19997.66,0.58,20024.05;353.4221
19997.66,0.58,20024.05;353.4221
19997.63,0.58,20024.3;353.296
19997.63,0.58,20024.3;353.296
19997.6,0.58,20024.55;353.1929
19997.6,0.58,20024.55;353.1929
19997.6,0.58,20024.55;353.1929
19997.56,0.58,20024.81;353.084
19997.53,0.58,20025.06;352.9752
19997.5,0.58,20025.31;352.8663
19997.5,0.58,20025.31;352.8663
19997.47,0.58,20025.56;352.7574
19997.44,0.58,20025.81;352.6715
19997.4,0.58,20026.07;352.5855
19997.37,0.58,20026.32;352.4881
19997.37,0.58,20026.32;352.4881
19997.34,0.58,20026.57;352.385
19997.34,0.58,20026.57;352.385
19997.34,0.58,20026.57;352.385
19997.3,0.58,20026.82;352.2933
19997.27,0.58,20027.07;352.1673
19997.27,0.58,20027.07;352.1673
19997.23,0.58,20027.33;352.0355
19997.23,0.58,20027.33;352.0355
19997.2,0.58,20027.55;351.9094
19997.2,0.58,20027.55;351.9094
19997.17,0.58,20027.8;351.7834
19997.13,0.58,20028.05;351.6401
19997.13,0.58,20028.05;351.6401
19997.09,0.58,20028.3;351.537
19997.09,0.58,20028.3;351.537
19997.05,0.58,20028.56;351.4338
19997.02,0.58,20028.81;351.3365
19997.02,0.58,20028.81;351.3365
19996.99,0.58,20028.98;351.176
19996.99,0.58,20028.98;351.176
19996.98,0.58,20029.04;351.0156
19996.97,0.58,20029.11;350.8723
19996.97,0.58,20029.11;350.8723
19996.96,0.58,20029.17;350.8208
19996.96,0.58,20029.17;350.8208
19996.95,0.58,20029.23;350.7692
19996.94,0.58,20029.29;350.7807
19996.94,0.58,20029.31;350.8322
19996.94,0.58,20029.31;350.8322
19996.94,0.58,20029.31;350.8322
19996.94,0.58,20029.31;350.8322
19996.93,0.58,20029.34;350.8838
19996.93,0.58,20029.37;351.0213
19996.93,0.58,20029.37;351.0213
19996.93,0.58,20029.37;351.0213
19996.93,0.58,20029.37;351.0213
19996.92,0.58,20029.39;351.2161
19996.92,0.58,20029.4;351.4167
19996.92,0.58,20029.4;351.4167
19996.92,0.58,20029.4;351.4167
19996.92,0.58,20029.4;351.4167
19996.92,0.58,20029.41;351.6688
19996.92,0.58,20029.41;351.6688
19996.92,0.58,20029.42;351.938
19996.92,0.58,20029.42;351.938
19996.92,0.58,20029.42;351.938
19996.92,0.58,20029.43;352.173
19996.9,0.58,20029.55;352.4079
19996.89,0.58,20029.66;352.6886
19996.89,0.58,20029.66;352.6886
19996.87,0.58,20029.83;352.9694
19996.85,0.58,20030;353.2788
19996.82,0.58,20030.19;353.5538
19996.82,0.58,20030.19;353.5538
19996.82,0.58,20030.19;353.5538
19996.8,0.58,20030.39;353.8288
19996.79,0.58,20030.55;354.1783
19996.77,0.58,20030.72;354.5508
19996.77,0.58,20030.72;354.5508
19996.77,0.58,20030.72;354.5508
19996.75,0.58,20030.91;354.7455
19996.74,0.58,20031.07;354.9403
19996.72,0.58,20031.23;355.0836
19996.72,0.58,20031.23;355.0836
19996.72,0.58,20031.23;355.0836
19996.71,0.58,20031.38;355.3701
19996.7,0.58,20031.55;355.6566
19996.7,0.58,20031.55;355.6566
19996.69,0.58,20031.71;355.9774
19996.69,0.58,20031.71;355.9774
19996.68,0.58,20031.88;356.2982
19996.67,0.58,20032.03;356.6592
19996.66,0.58,20032.18;356.9744
19996.66,0.58,20032.18;356.9744
19996.66,0.58,20032.18;356.9744
19996.65,0.58,20032.35;357.2895
19996.65,0.58,20032.54;357.6676
19996.64,0.58,20032.73;357.9942
19996.64,0.58,20032.73;357.9942
19996.64,0.58,20032.73;357.9942
19996.63,0.58,20032.89;358.3208
19996.63,0.58,20033.05;358.5213
19996.63,0.58,20033.21;358.6646
19996.63,0.58,20033.21;358.6646
19996.63,0.58,20033.21;358.6646
19996.63,0.58,20033.31;359.037
19996.62,0.58,20033.44;359.4094
19996.62,0.58,20033.57;359.7188
19996.62,0.58,20033.57;359.7188
19996.62,0.58,20033.57;359.7188
19996.62,0.58,20033.74;0.09122847
19996.62,0.58,20033.87;0.4636478
19996.63,0.58,20034;0.8360671
19996.63,0.58,20034;0.8360671
19996.63,0.58,20034;0.8360671
19996.63,0.58,20034.18;1.156924
19996.63,0.58,20034.36;1.47778
19996.64,0.58,20034.54;1.84447
19996.64,0.58,20034.54;1.84447
19996.64,0.58,20034.54;1.84447
19996.65,0.58,20034.72;2.125222
19996.65,0.58,20034.87;2.383058
19996.65,0.58,20034.87;2.383058
19996.66,0.58,20035.06;2.698185
19996.67,0.58,20035.24;3.013313
19996.68,0.58,20035.42;3.385732
19996.68,0.58,20035.42;3.385732
19996.69,0.58,20035.58;3.632109
19996.69,0.58,20035.58;3.632109
19996.7,0.58,20035.73;3.878486
19996.71,0.58,20035.89;4.245176
19996.71,0.58,20035.89;4.245176
19996.72,0.58,20036.01;4.611866
19996.72,0.58,20036.01;4.611866
19996.74,0.58,20036.2;4.978556
19996.76,0.58,20036.38;5.287954
19996.78,0.58,20036.57;5.648914
19996.78,0.58,20036.57;5.648914
19996.79,0.58,20036.72;6.009876
19996.81,0.58,20036.87;6.370836
19996.81,0.58,20036.87;6.370836
19996.83,0.58,20037.05;6.668777
19996.83,0.58,20037.05;6.668777
19996.85,0.58,20037.19;6.926612
19996.85,0.58,20037.19;6.926612
19996.86,0.58,20037.25;7.247468
19996.86,0.58,20037.25;7.247468
19996.87,0.58,20037.36;7.568325
19996.88,0.58,20037.46;7.83189
19996.89,0.58,20037.52;8.118371
19996.89,0.58,20037.52;8.118371
19996.89,0.58,20037.54;8.404854
19996.9,0.58,20037.56;8.714252
19996.93,0.58,20037.78;9.02365
19996.97,0.58,20038.01;9.31013
19996.97,0.58,20038.01;9.31013
19997.01,0.58,20038.22;9.596612
19997.04,0.58,20038.44;9.974761
19997.06,0.58,20038.53;10.3873
19997.06,0.58,20038.53;10.3873
19997.06,0.58,20038.53;10.3873
19997.11,0.58,20038.78;10.79983
19997.16,0.58,20039.03;11.16079
19997.21,0.58,20039.26;11.52175
19997.25,0.58,20039.49;11.96293
19997.25,0.58,20039.49;11.96293
19997.31,0.58,20039.74;12.40984
19997.36,0.58,20039.98;12.85675
19997.42,0.58,20040.23;13.22917
19997.42,0.58,20040.23;13.22917
19997.48,0.58,20040.48;13.60159
19997.54,0.58,20040.72;14.01985
19997.6,0.58,20040.95;14.43812
19997.66,0.58,20041.17;14.85638
19997.66,0.58,20041.17;14.85638
19997.73,0.58,20041.42;15.27465
19997.79,0.58,20041.66;15.63561
19997.86,0.58,20041.89;15.99657
19997.93,0.58,20042.12;16.43202
19997.93,0.58,20042.12;16.43202
19998,0.58,20042.36;16.86747
19998.08,0.58,20042.61;17.32011
19998.15,0.58,20042.82;17.77275
19998.22,0.58,20043.03;18.15663
19998.22,0.58,20043.03;18.15663
19998.25,0.58,20043.13;18.54051
19998.29,0.58,20043.23;18.98742
19998.29,0.58,20043.23;18.98742
19998.32,0.58,20043.33;19.41141
19998.32,0.58,20043.33;19.41141
19998.32,0.58,20043.33;19.41141
19998.36,0.58,20043.43;19.76664
19998.36,0.58,20043.43;19.76664
19998.39,0.58,20043.53;20.17344
19998.39,0.58,20043.53;20.17344
19998.39,0.58,20043.53;20.17344
19998.43,0.58,20043.63;20.56878
19998.52,0.58,20043.86;20.96412
19998.6,0.58,20044.08;21.30216
19998.6,0.58,20044.08;21.30216
19998.68,0.58,20044.27;21.64021
19998.75,0.58,20044.45;22.04701
19998.85,0.58,20044.69;22.45382
19998.95,0.58,20044.92;22.87208
19998.95,0.58,20044.92;22.87208
19999.04,0.58,20045.14;23.29035
19999.14,0.58,20045.36;23.64558
19999.23,0.58,20045.56;24.00081
19999.32,0.58,20045.77;24.41335
19999.32,0.58,20045.77;24.41335
19999.42,0.58,20045.97;24.82588
19999.52,0.58,20046.18;25.18685
19999.59,0.58,20046.34;25.59938
19999.59,0.58,20046.34;25.59938
19999.7,0.58,20046.57;26.00044
19999.81,0.58,20046.78;26.40151
19999.91,0.58,20046.99;26.80257
19999.91,0.58,20046.99;26.80257
19999.91,0.58,20046.99;26.80257
20000.01,0.58,20047.18;27.14634
20000.13,0.58,20047.41;27.49012
20000.25,0.58,20047.63;27.90265
20000.25,0.58,20047.63;27.90265
20000.25,0.58,20047.63;27.90265
20000.37,0.58,20047.85;28.20632
20000.48,0.58,20048.05;28.50999
20000.59,0.58,20048.26;28.83085
20000.59,0.58,20048.26;28.83085
20000.67,0.58,20048.41;29.14024
20000.67,0.58,20048.41;29.14024
20000.74,0.58,20048.53;29.44964
20000.8,0.58,20048.64;29.67883
20000.8,0.58,20048.64;29.67883
20000.85,0.58,20048.72;29.93094
20000.85,0.58,20048.72;29.93094
20000.92,0.58,20048.84;30.18305
20000.99,0.58,20048.96;30.46953
20000.99,0.58,20048.96;30.46953
20001.06,0.58,20049.08;30.7331
20001.06,0.58,20049.08;30.7331
20001.19,0.58,20049.29;30.99666
20001.32,0.58,20049.5;31.32898
20001.45,0.58,20049.71;31.67275
20001.45,0.58,20049.71;31.67275
20001.45,0.58,20049.71;31.67275
20001.58,0.58,20049.93;32.01652
20001.71,0.58,20050.14;32.33165
20001.85,0.58,20050.35;32.71553
20001.85,0.58,20050.35;32.71553
20001.85,0.58,20050.35;32.71553
20001.99,0.58,20050.57;33.0994
20002.13,0.58,20050.78;33.48901
20002.27,0.58,20050.99;33.82133
20002.27,0.58,20050.99;33.82133
20002.27,0.58,20050.99;33.82133
20002.41,0.58,20051.19;34.15364
20002.54,0.58,20051.39;34.45731
20002.69,0.58,20051.6;34.83546
20002.69,0.58,20051.6;34.83546
20002.84,0.58,20051.8;35.21361
20002.98,0.58,20052.01;35.54019
20003.13,0.58,20052.22;35.86678
20003.28,0.58,20052.42;36.25066
20003.28,0.58,20052.42;36.25066
20003.44,0.58,20052.63;36.63454
20003.59,0.58,20052.83;37.00696
20003.74,0.58,20053.03;37.33355
20003.74,0.58,20053.03;37.33355
20003.74,0.58,20053.03;37.33355
20003.9,0.58,20053.23;37.66013
20004.05,0.58,20053.43;37.99245
20004.21,0.5800001,20053.63;38.29038
20004.21,0.5800001,20053.63;38.29038
20004.37,0.5800009,20053.63;38.58833
20004.53,0.5800013,20053.63;38.96075
20004.69,0.580002,20053.63;39.33317
20004.85,0.5800016,20053.63;39.69413
20004.85,0.5800016,20053.63;39.69413
20005.02,0.5800012,20053.63;40.05508
20005.18,0.5800006,20053.63;40.42177
20005.35,0.5800005,20053.63;40.78847
20005.51,0.5800016,20053.63;41.09787
20005.51,0.5800016,20053.63;41.09787
20005.68,0.5800022,20053.63;41.40726
20005.85,0.5800028,20053.63;41.76822
20006.02,0.5800027,20053.63;42.12918
20006.19,0.5800024,20053.63;42.43858
20006.19,0.5800024,20053.63;42.43858
20006.36,0.5800025,20053.63;42.74798
20006.54,0.5800029,20053.63;43.10321
20006.58,0.5800028,20053.63;43.45844
20006.63,0.5800028,20053.63;43.8194
20006.63,0.5800028,20053.63;43.8194
20006.8,0.5800025,20053.63;44.18036
20006.98,0.5800022,20053.63;44.48403
20007.16,0.580003,20053.63;44.85072
20007.16,0.580003,20053.63;44.85072
20007.16,0.580003,20053.63;44.85072
20007.32,0.5800049,20053.63;45.21741
20007.5,0.5800056,20053.63;45.5841
20007.69,0.5800066,20053.63;45.89923
20007.69,0.5800066,20053.63;45.89923
20007.69,0.5800066,20053.63;45.89923
20007.87,0.5800057,20053.63;46.26591
20008.04,0.5800065,20053.63;46.63261
20008.21,0.5800065,20053.63;46.99357
20008.21,0.5800065,20053.63;46.99357
20008.39,0.5800073,20053.63;47.35453
20008.58,0.5800076,20053.63;47.67539
20008.77,0.5800073,20053.63;47.99625
20008.96,0.5800068,20053.63;48.36294
20008.96,0.5800068,20053.63;48.36294
20009.14,0.5800067,20053.64;48.73536
20009.14,0.5800067,20053.64;48.73536
20009.33,0.5800071,20053.64;49.10778
20009.53,0.580007,20053.64;49.43436
20009.53,0.580007,20053.64;49.43436
20009.72,0.5800069,20053.64;49.80677
20009.72,0.5800069,20053.64;49.80677
20009.86,0.5800068,20053.64;50.1792
20010,0.5800063,20053.64;50.55161
20010,0.5800063,20053.64;50.55161
20010.01,0.5800063,20053.64;50.87247
20010.01,0.5800063,20053.64;50.87247
20010.01,0.5800063,20053.64;50.87247
20010.02,0.5800064,20053.64;51.25062
20010.02,0.5800064,20053.64;51.25062
20010.02,0.5800064,20053.64;51.61731
20010.02,0.5800064,20053.64;51.61731
20010.02,0.5800064,20053.64;51.61731
20010.02,0.5800064,20053.64;51.92671
20010.02,0.5800064,20053.64;51.92671
20010.02,0.5800064,20053.64;52.27621
20010.02,0.5800064,20053.64;52.27621
20010.07,0.5800063,20053.64;52.62572
20010.12,0.5800063,20053.64;52.97522
20010.18,0.5800063,20053.64;53.27889
20010.18,0.5800063,20053.64;53.27889
20010.18,0.5800063,20053.64;53.27889
20010.35,0.5800075,20053.64;53.58256
20010.53,0.5800074,20053.64;53.94352
