20000,0.5,20000;0
20000,0.5,20000;0
20000,0.5,20000;0
20000,0.58,20000.13;0
20000,0.58,20000.25;0
20000,0.58,20000.25;0
20000,0.58,20000.25;0
20000,0.58,20000.25;0
20000,0.58,20000.38;0
20000,0.58,20000.38;0
20000,0.58,20000.38;0
20000,0.58,20000.38;0
20000,0.58,20000.38;0
20000,0.58,20000.38;0
20000,0.58,20000.38;0
20000,0.58,20000.38;0
20000,0.58,20000.38;0
20000,0.58,20000.51;0
20000,0.58,20000.51;0
20000,0.58,20000.51;0
20000,0.58,20000.63;0
20000,0.58,20000.76;0
20000,0.58,20000.89;0
20000,0.58,20001.02;0
20000,0.58,20001.14;0
20000,0.58,20001.14;0
20000,0.58,20001.14;0
20000,0.58,20001.27;0
20000,0.58,20001.4;0
20000,0.58,20001.52;0
20000,0.58,20001.65;0
20000,0.58,20001.65;0
20000,0.58,20001.65;0
20000,0.58,20001.65;0
20000,0.58,20001.65;0
20000,0.58,20001.78;0
20000,0.58,20001.9;0
20000,0.58,20001.9;0
20000,0.58,20002.03;0
20000,0.58,20002.16;0
20000,0.58,20002.16;0
20000,0.58,20002.16;0
20000,0.58,20002.16;0
20000,0.58,20002.16;0
20000,0.58,20002.29;0
20000,0.58,20002.29;0
20000,0.58,20002.41;0
20000,0.58,20002.41;0
20000,0.58,20002.41;0
20000,0.58,20002.41;0
20000,0.58,20002.41;0
20000,0.58,20002.54;0
20000,0.58,20002.67;0
20000,0.58,20002.79;0
20000,0.58,20002.92;0
20000,0.58,20002.92;0
20000,0.58,20003.05;0
20000,0.58,20003.05;0
20000,0.58,20003.18;0
20000,0.58,20003.18;0
20000,0.58,20003.3;0
20000,0.58,20003.3;0
20000,0.58,20003.43;0
20000,0.58,20003.56;0
20000,0.58,20003.68;0
20000,0.58,20003.81;0
20000,0.58,20003.94;0
20000,0.58,20003.94;0
20000,0.58,20004.06;0
20000,0.58,20004.19;0
20000,0.58,20004.32;0
20000,0.58,20004.32;0
20000,0.58,20004.32;0
20000,0.58,20004.32;0
20000,0.58,20004.32;0
20000,0.58,20004.32;0
20000,0.58,20004.32;0
20000,0.58,20004.32;0
20000,0.58,20004.32;0
20000,0.58,20004.32;0
20000,0.58,20004.32;0
20000,0.58,20004.32;0
20000,0.58,20004.32;0
20000,0.58,20004.32;0
20000,0.58,20004.32;0
20000,0.58,20004.32;0
20000,0.58,20004.32;0
20000,0.58,20004.32;0
20000,0.58,20004.32;0
20000,0.58,20004.32;0
20000,0.58,20004.32;0
20000,0.58,20004.32;0
20000,0.58,20004.32;0
20000,0.58,20004.32;0
20000,0.58,20004.32;0
20000,0.58,20004.32;0
20000,0.58,20004.32;0
20000,0.58,20004.32;0
20000,0.58,20004.32;0
20000,0.58,20004.32;0
20000,0.58,20004.32;0
20000,0.58,20004.32;0
20000,0.58,20004.32;0
20000,0.58,20004.32;0
20000,0.58,20004.45;0
20000,0.58,20004.57;0
20000,0.58,20004.57;0
20000,0.58,20004.57;0
20000,0.58,20004.57;0
20000,0.58,20004.57;0
20000,0.58,20004.7;0
20000,0.58,20004.83;0
20000,0.58,20004.95;0
20000,0.58,20005.08;0
20000,0.58,20005.21;0
20000,0.58,20005.33;0
20000,0.58,20005.46;0
20000,0.58,20005.46;0
20000,0.58,20005.59;0
20000,0.58,20005.71;0
20000,0.58,20005.84;0
20000,0.58,20005.97;0
20000,0.58,20006.1;0
20000,0.58,20006.1;0
20000,0.58,20006.22;0
20000,0.58,20006.35;0
20000,0.58,20006.48;0
20000,0.58,20006.6;0
20000,0.58,20006.73;0
20000,0.58,20006.73;0
20000,0.58,20006.86;0
20000,0.58,20006.98;0
20000,0.58,20007.11;0
20000,0.58,20007.24;0
20000,0.58,20007.37;0
20000,0.58,20007.37;0
20000,0.58,20007.49;0
20000,0.58,20007.62;0
20000,0.58,20007.75;0
20000,0.58,20007.87;0
20000,0.58,20008;0
20000,0.58,20008.13;0
20000,0.58,20008.13;0
20000,0.58,20008.26;0
20000,0.58,20008.38;0
20000,0.58,20008.51;0
20000,0.58,20008.64;0
20000,0.58,20008.76;0
20000,0.58,20008.76;0
20000,0.58,20008.89;0
20000,0.58,20009.02;0
20000,0.58,20009.14;0
20000,0.58,20009.27;0
20000,0.58,20009.4;0
20000,0.58,20009.53;0
20000,0.58,20009.53;0
20000,0.58,20009.65;0
20000,0.58,20009.78;0
20000,0.58,20009.91;0
20000,0.58,20010.03;0
20000,0.58,20010.16;0
20000,0.58,20010.16;0
20000,0.58,20010.29;0
20000,0.58,20010.41;0
20000,0.58,20010.54;0
20000,0.58,20010.67;0
20000,0.58,20010.67;0
20000,0.58,20010.79;0
20000,0.58,20010.92;0
20000,0.58,20011.05;0
20000,0.58,20011.18;0
20000,0.58,20011.3;0
20000,0.58,20011.43;0
20000,0.58,20011.43;0
20000,0.58,20011.56;0
20000,0.58,20011.68;0
20000,0.58,20011.81;0
20000,0.58,20011.94;0
20000,0.58,20011.94;0
20000,0.58,20012.06;0
20000,0.58,20012.19;0
20000,0.58,20012.32;0
20000,0.58,20012.45;0
20000,0.58,20012.57;0
20000,0.58,20012.57;0
20000,0.58,20012.7;0
20000,0.58,20012.83;0
20000,0.58,20012.95;0
20000,0.58,20013.08;0
20000,0.58,20013.21;0
20000,0.58,20013.21;0
20000,0.58,20013.34;0
20000,0.58,20013.46;0
20000,0.58,20013.59;0
20000,0.58,20013.72;0
20000,0.58,20013.84;0
20000,0.58,20013.84;0
20000,0.58,20013.84;0
20000,0.58,20013.84;0
20000,0.58,20013.84;0
20000,0.58,20013.97;0
20000,0.58,20014.1;0
20000,0.58,20014.1;0
20000,0.58,20014.1;0
20000,0.58,20014.1;0
20000,0.58,20014.22;0
20000,0.58,20014.35;0
20000,0.58,20014.35;0
20000,0.58,20014.48;0
20000,0.58,20014.61;0
20000,0.58,20014.61;0
20000,0.58,20014.73;0
20000,0.58,20014.86;0
20000,0.58,20014.99;0
20000,0.58,20015.11;0
20000,0.58,20015.24;0
20000,0.58,20015.24;0
20000,0.58,20015.37;0
20000,0.58,20015.49;0
20000,0.58,20015.62;0
20000,0.58,20015.75;0
20000,0.58,20015.88;0
20000,0.58,20015.88;0
20000,0.58,20016;0
20000,0.58,20016.13;0
20000,0.58,20016.26;0
20000,0.58,20016.38;0
20000,0.58,20016.51;0
20000,0.58,20016.51;0
20000,0.58,20016.64;0
20000,0.58,20016.64;0
20000,0.58,20016.76;0
20000,0.58,20016.89;0
20000,0.58,20017.02;0
20000,0.58,20017.02;0
20000,0.58,20017.14;0
20000,0.58,20017.27;0
20000,0.58,20017.4;0
20000,0.58,20017.53;0
20000,0.58,20017.53;0
20000,0.58,20017.53;0
20000,0.58,20017.65;0
20000,0.58,20017.78;0
20000,0.58,20017.91;0
20000,0.58,20017.91;0
20000,0.58,20017.91;0
20000,0.58,20017.91;0
20000,0.58,20017.91;0
20000,0.58,20017.91;0
20000,0.58,20017.91;0
20000,0.58,20017.91;0
20000,0.58,20017.91;0
20000,0.58,20017.91;0
20000,0.58,20017.91;0
20000,0.58,20017.91;0
20000,0.58,20017.91;0
20000,0.58,20017.91;0
20000,0.58,20017.91;0
20000,0.58,20017.91;0
20000,0.58,20017.91;0
20000,0.58,20017.91;0
20000,0.58,20017.91;0
20000,0.58,20017.91;0
20000,0.58,20017.91;0
20000,0.58,20017.91;0
20000,0.58,20017.91;0
20000,0.58,20017.91;0
20000,0.58,20017.91;0
20000,0.58,20017.91;0
20000,0.58,20017.91;0
20000,0.58,20017.91;0
20000,0.58,20017.91;0
20000,0.58,20017.91;0
20000,0.58,20017.91;0
20000,0.58,20017.91;0
20000,0.58,20017.91;0
20000,0.58,20017.91;0
20000,0.58,20017.91;0
20000,0.58,20017.91;0
20000,0.58,20017.91;0
20000,0.58,20017.91;0
20000,0.58,20017.91;0
20000,0.58,20017.91;0
20000,0.58,20017.91;0
20000,0.58,20017.91;0
20000,0.58,20017.91;0
20000,0.58,20017.91;0
20000,0.58,20017.91;0
20000,0.58,20017.91;0
20000,0.58,20017.91;0
20000,0.58,20017.91;0
20000,0.58,20017.91;0
20000,0.58,20017.91;0
20000,0.58,20017.99;0
20000,0.58,20018.07;0
20000,0.58,20018.07;0
20000,0.58,20018.13;0
20000,0.58,20018.21;0
20000,0.58,20018.24;0
20000,0.58,20018.24;0
20000,0.58,20018.24;0
20000,0.58,20018.24;0
20000,0.58,20018.24;0
20000,0.58,20018.24;0
20000,0.58,20018.32;0
20000,0.58,20018.42;0
20000,0.58,20018.52;0
20000,0.58,20018.62;0
20000,0.58,20018.73;0
20000,0.58,20018.73;0
20000,0.58,20018.73;0
20000,0.58,20018.73;0
20000,0.58,20018.73;0
20000,0.58,20018.73;0
20000,0.58,20018.73;0
20000,0.58,20018.73;0
20000,0.58,20018.73;0
20000,0.58,20018.73;0
20000,0.58,20018.73;0
20000,0.58,20018.85;0
20000,0.58,20018.97;0
20000,0.58,20019.09;0
20000,0.58,20019.21;0
20000,0.58,20019.34;0
20000,0.58,20019.34;0
20000,0.58,20019.47;0
20000,0.58,20019.59;0
20000,0.58,20019.72;0
20000,0.58,20019.85;0
20000,0.58,20019.85;0
20000,0.58,20019.97;0
20000,0.58,20020.1;0
20000,0.58,20020.23;0
20000,0.58,20020.36;0
20000,0.58,20020.48;0
20000,0.58,20020.48;0
20000,0.58,20020.61;0
20000,0.58,20020.74;0
20000,0.58,20020.86;0
20000,0.58,20020.86;0
20000,0.58,20020.86;0
20000,0.58,20020.86;0
20000,0.58,20020.98;0
20000,0.58,20020.98;0
20000,0.58,20020.98;0
20000,0.58,20021.09;0
20000,0.58,20021.09;0
20000,0.58,20021.09;0
20000,0.58,20021.21;0
20000,0.58,20021.21;0
20000,0.58,20021.21;0
20000,0.58,20021.21;0
20000,0.58,20021.21;0
20000,0.58,20021.21;0
20000,0.58,20021.21;0
20000,0.58,20021.21;0
20000,0.58,20021.21;0
20000,0.58,20021.21;0
20000,0.58,20021.21;0
20000,0.58,20021.21;0
20000,0.58,20021.21;0
20000,0.58,20021.21;0
20000,0.58,20021.21;0
20000,0.58,20021.21;0
20000,0.58,20021.21;0
20000,0.58,20021.21;0
20000,0.58,20021.21;0
20000,0.58,20021.21;0
20000,0.58,20021.21;0
20000,0.58,20021.21;0
20000,0.58,20021.21;0
20000,0.58,20021.21;0
20000,0.58,20021.21;0
20000,0.58,20021.21;0
20000,0.58,20021.21;0
20000,0.58,20021.21;0
20000,0.58,20021.21;0
20000,0.58,20021.21;0
20000,0.58,20021.21;0
20000,0.58,20021.21;0
20000,0.58,20021.21;0
20000,0.58,20021.21;0
20000,0.58,20021.21;0
20000,0.58,20021.21;0
20000,0.58,20021.21;0
20000,0.58,20021.21;0
20000,0.58,20021.21;0
20000,0.58,20021.21;0
20000,0.58,20021.21;0
20000,0.58,20021.21;0
20000,0.58,20021.21;0
20000,0.58,20021.21;0
20000,0.58,20021.21;0
20000,0.58,20021.21;0
20000,0.58,20021.21;0
20000,0.58,20021.21;0
20000,0.58,20021.21;0
20000,0.58,20021.21;0
20000,0.58,20021.21;0
20000,0.58,20021.21;0
20000,0.58,20021.21;0
20000,0.58,20021.21;0
20000,0.58,20021.21;0
20000,0.58,20021.21;0
20000,0.58,20021.21;0
20000,0.58,20021.21;0
20000,0.58,20021.21;0
20000,0.58,20021.21;0
20000,0.58,20021.21;0
20000,0.58,20021.21;0
20000,0.58,20021.21;0
20000,0.58,20021.21;0
20000,0.58,20021.21;0
20000,0.58,20021.21;0
20000,0.58,20021.21;0
20000,0.58,20021.25;0
20000,0.58,20021.25;0
20000,0.58,20021.34;0
20000,0.58,20021.43;0
20000,0.58,20021.52;0
20000,0.58,20021.61;0
20000,0.58,20021.7;0
20000,0.58,20021.7;0
20000,0.58,20021.79;0
20000,0.58,20021.88;0
20000,0.58,20021.98;0
20000,0.58,20022.07;0
20000,0.58,20022.17;0
20000,0.58,20022.17;0
20000,0.58,20022.26;0
20000,0.58,20022.35;0
20000,0.58,20022.45;0
20000,0.58,20022.54;0
20000,0.58,20022.63;0
20000,0.58,20022.63;0
20000,0.58,20022.73;0
20000,0.58,20022.82;0
20000,0.58,20022.92;0
20000,0.58,20023.01;0
20000,0.58,20023.11;0
20000,0.58,20023.2;0
20000,0.58,20023.2;0
20000,0.58,20023.29;0
20000,0.58,20023.38;0
20000,0.58,20023.46;0
20000,0.58,20023.55;0
20000,0.58,20023.63;0
20000,0.58,20023.63;0
20000,0.58,20023.72;0
20000,0.58,20023.79;0
20000,0.58,20023.87;0
20000,0.58,20023.93;0
20000,0.58,20024;0
20000,0.58,20024.06;0
20000,0.58,20024.06;0
20000,0.58,20024.06;0
20000,0.58,20024.06;0
20000,0.58,20024.06;0
20000,0.58,20024.06;0
20000,0.58,20024.06;0
20000,0.58,20024.06;0
20000,0.58,20024.06;0
20000,0.58,20024.06;0
20000,0.58,20024.06;0
20000,0.58,20024.06;0
20000,0.58,20024.06;0
20000,0.58,20024.06;0
20000,0.58,20024.06;0
20000,0.58,20024.06;0
20000,0.58,20024.06;0
20000,0.58,20024.06;0
20000,0.58,20024.06;0
20000,0.58,20024.06;0
20000,0.58,20024.06;0
20000,0.58,20024.06;0
20000,0.58,20024.06;0
20000,0.58,20024.13;0
20000,0.58,20024.13;0
20000,0.58,20024.21;0
20000,0.58,20024.29;0
20000,0.58,20024.36;0
20000,0.58,20024.44;0
20000,0.58,20024.52;0
20000,0.58,20024.52;0
20000,0.58,20024.6;0
20000,0.58,20024.68;0
20000,0.58,20024.77;0
20000,0.58,20024.85;0
20000,0.58,20024.93;0
20000,0.58,20024.93;0
20000,0.58,20025.02;0
20000,0.58,20025.11;0
20000,0.58,20025.19;0
20000,0.58,20025.28;0
20000,0.58,20025.37;0
20000,0.58,20025.37;0
20000,0.58,20025.46;0
20000,0.58,20025.55;0
20000,0.58,20025.64;0
20000,0.58,20025.72;0
20000,0.58,20025.81;0
20000,0.58,20025.81;0
20000,0.58,20025.89;0
20000,0.58,20025.98;0
20000,0.58,20026.06;0
20000,0.58,20026.14;0
20000,0.58,20026.14;0
20000,0.58,20026.22;0
20000,0.58,20026.31;0
20000,0.58,20026.39;0
20000,0.58,20026.47;0
20000,0.58,20026.55;0
20000,0.58,20026.55;0
20000,0.58,20026.63;0
20000,0.58,20026.71;0
20000,0.58,20026.79;0
20000,0.58,20026.87;0
20000,0.58,20026.95;0
20000,0.58,20027.03;0
20000,0.58,20027.03;0
20000,0.58,20027.11;0
20000,0.58,20027.2;0
20000,0.58,20027.27;0
20000,0.58,20027.35;0
20000,0.58,20027.35;0
20000,0.58,20027.43;0
20000,0.58,20027.5;0
20000,0.58,20027.57;0
20000,0.58,20027.64;0
20000,0.58,20027.71;0
20000,0.58,20027.71;0
20000,0.58,20027.78;0
20000,0.58,20027.85;0
20000,0.58,20027.85;0
20000,0.58,20027.85;0
20000,0.58,20027.85;0
20000,0.58,20027.85;0
20000,0.58,20027.85;0
20000,0.58,20027.85;0
20000,0.58,20027.85;0
20000,0.58,20027.85;0
20000,0.58,20027.85;0
20000,0.58,20027.85;0
20000,0.58,20027.85;0
20000,0.58,20027.85;0
20000,0.58,20027.85;0
20000,0.58,20027.85;0
20000,0.58,20027.85;0
20000,0.58,20027.85;0
20000,0.58,20027.85;0
20000,0.58,20027.85;0
20000,0.58,20027.85;0
20000,0.58,20027.85;0
20000,0.58,20027.85;0
20000,0.58,20027.85;0
20000,0.58,20027.85;0
20000,0.58,20027.85;0
20000,0.58,20027.85;0
20000,0.58,20027.85;0
20000,0.58,20027.85;0
20000,0.58,20027.85;0
20000,0.58,20027.85;0
20000,0.58,20027.85;0
20000,0.58,20027.85;0
20000,0.58,20027.85;0
20000,0.58,20027.85;0
20000,0.58,20027.85;0
20000,0.58,20027.85;0
20000,0.58,20027.85;0
20000,0.58,20027.85;0
20000,0.58,20027.85;0
20000,0.58,20027.85;0
20000,0.58,20027.85;0
20000,0.58,20027.85;0
20000,0.58,20027.85;0
20000,0.58,20027.85;0
20000,0.58,20027.85;0
20000,0.58,20027.85;0
20000,0.58,20027.85;0
20000,0.58,20027.91;0
20000,0.58,20027.97;0
20000,0.58,20028.03;0
20000,0.58,20028.09;0
20000,0.58,20028.15;0
20000,0.58,20028.21;0
20000,0.58,20028.21;0
20000,0.58,20028.28;0
20000,0.58,20028.34;0
20000,0.58,20028.4;0
20000,0.58,20028.46;0
20000,0.58,20028.53;0
20000,0.58,20028.53;0
20000,0.58,20028.59;0
20000,0.58,20028.66;0
20000,0.58,20028.72;0
20000,0.58,20028.78;0
20000,0.58,20028.85;0
20000,0.58,20028.85;0
20000,0.58,20028.9;0
20000,0.58,20028.96;0
20000,0.58,20029.02;0
20000,0.58,20029.08;0
20000,0.58,20029.08;0
20000,0.58,20029.14;0
20000,0.58,20029.2;0
20000,0.58,20029.26;0
20000,0.58,20029.31;0
20000,0.58,20029.37;0
20000,0.58,20029.37;0
20000,0.58,20029.43;0
20000,0.58,20029.49;0
20000,0.58,20029.54;0
20000,0.58,20029.59;0
20000,0.58,20029.64;0
20000,0.58,20029.69;0
20000,0.58,20029.74;0
20000,0.58,20029.8;0
20000,0.58,20029.85;0
20000,0.58,20029.85;0
20000,0.58,20029.9;0
20000,0.58,20029.95;0
20000,0.58,20029.99;0
20000,0.58,20030.04;0
20000,0.58,20030.09;0
20000,0.58,20030.09;0
20000,0.58,20030.13;0
20000,0.58,20030.18;0
20000,0.58,20030.22;0
20000,0.58,20030.27;0
20000,0.58,20030.27;0
20000,0.58,20030.31;0
20000,0.58,20030.35;0
20000,0.58,20030.39;0
20000,0.58,20030.43;0
20000,0.58,20030.48;0
20000,0.58,20030.48;0
20000,0.58,20030.52;0
20000,0.58,20030.56;0
20000,0.58,20030.6;0
20000,0.58,20030.6;0
20000,0.58,20030.6;0
20000,0.58,20030.6;0
20000,0.58,20030.6;0
20000,0.58,20030.6;0
20000,0.58,20030.6;0
20000,0.58,20030.6;0
20000,0.58,20030.6;0
20000,0.58,20030.6;0
20000,0.58,20030.6;0
20000,0.58,20030.6;0
20000,0.58,20030.6;0
20000,0.58,20030.6;0
20000,0.58,20030.6;0
20000,0.58,20030.6;0
20000,0.58,20030.6;0
20000,0.58,20030.6;0
20000,0.58,20030.6;0
20000,0.58,20030.6;0
20000,0.58,20030.6;0
20000,0.58,20030.6;0
20000,0.58,20030.6;0
20000,0.58,20030.6;0
20000,0.58,20030.6;0
20000,0.58,20030.6;0
20000,0.58,20030.6;0
20000,0.58,20030.6;0
20000,0.58,20030.6;0
20000,0.58,20030.6;0
20000,0.58,20030.6;0
20000,0.58,20030.6;0
20000,0.58,20030.6;0
20000,0.58,20030.6;0
20000,0.58,20030.6;0
20000,0.58,20030.62;0
20000,0.58,20030.64;0
20000,0.58,20030.68;0
20000,0.58,20030.71;0
20000,0.58,20030.76;0
20000,0.58,20030.76;0
20000,0.58,20030.8;0
20000,0.58,20030.84;0
20000,0.58,20030.88;0
20000,0.58,20030.92;0
20000,0.58,20030.96;0
20000,0.58,20030.96;0
20000,0.58,20031.01;0
20000,0.58,20031.05;0
20000,0.58,20031.1;0
20000,0.58,20031.14;0
20000,0.58,20031.19;0
20000,0.58,20031.19;0
20000,0.58,20031.24;0
20000,0.58,20031.29;0
20000,0.58,20031.33;0
20000,0.58,20031.38;0
20000,0.58,20031.42;0
20000,0.58,20031.47;0
20000,0.58,20031.51;0
20000,0.58,20031.56;0
20000,0.58,20031.6;0
20000,0.58,20031.64;0
20000,0.58,20031.69;0
20000,0.58,20031.69;0
20000,0.58,20031.69;0
20000,0.58,20031.69;0
20000,0.58,20031.69;0
20000,0.58,20031.69;0
20000,0.58,20031.69;0
20000,0.58,20031.69;0
20000,0.58,20031.69;0
20000,0.58,20031.69;0
20000,0.58,20031.69;0
20000,0.58,20031.69;0
20000,0.58,20031.69;0
20000,0.58,20031.7;0
20000,0.58,20031.7;0
20000,0.58,20031.71;0
20000,0.58,20031.71;0
20000,0.58,20031.75;0
20000,0.58,20031.78;0
20000,0.58,20031.78;0
20000,0.58,20031.78;0
20000,0.58,20031.78;0
20000,0.58,20031.78;0
20000,0.58,20031.78;0
20000,0.58,20031.78;0
20000,0.58,20031.78;0
20000,0.58,20031.78;0
20000,0.58,20031.82;0
20000,0.58,20031.86;0
20000,0.58,20031.86;0
20000,0.58,20031.89;0
20000,0.58,20031.93;0
20000,0.58,20031.97;0
20000,0.58,20032.01;0
20000,0.58,20032.04;0
20000,0.58,20032.04;0
20000,0.58,20032.08;0
20000,0.58,20032.12;0
20000,0.58,20032.15;0
20000,0.58,20032.19;0
20000,0.58,20032.23;0
20000,0.58,20032.26;0
20000,0.58,20032.26;0
20000,0.58,20032.3;0
20000,0.58,20032.33;0
20000,0.58,20032.36;0
20000,0.58,20032.4;0
20000,0.58,20032.4;0
20000,0.58,20032.43;0
20000,0.58,20032.46;0
20000,0.58,20032.49;0
20000,0.58,20032.53;0
20000,0.58,20032.56;0
20000,0.58,20032.56;0
20000,0.58,20032.59;0
20000,0.58,20032.62;0
20000,0.58,20032.65;0
20000,0.58,20032.68;0
20000,0.58,20032.71;0
20000,0.58,20032.71;0
20000,0.58,20032.74;0
20000,0.58,20032.76;0
20000,0.58,20032.79;0
20000,0.58,20032.82;0
20000,0.58,20032.84;0
20000,0.58,20032.84;0
20000,0.58,20032.87;0
20000,0.58,20032.89;0
20000,0.58,20032.92;0
20000,0.58,20032.94;0
20000,0.58,20032.94;0
20000,0.58,20032.97;0
20000,0.58,20032.99;0
20000,0.58,20033.01;0
20000,0.58,20033.03;0
20000,0.58,20033.05;0
20000,0.58,20033.07;0
20000,0.58,20033.08;0
20000,0.58,20033.1;0
20000,0.58,20033.1;0
20000,0.58,20033.12;0
20000,0.58,20033.12;0
20000,0.58,20033.12;0
20000,0.58,20033.12;0
20000,0.58,20033.12;0
20000,0.58,20033.12;0
20000,0.58,20033.12;0
20000,0.58,20033.12;0
20000,0.58,20033.12;0
20000,0.58,20033.12;0
20000,0.58,20033.12;0
20000,0.58,20033.12;0
20000,0.58,20033.12;0
20000,0.58,20033.12;0
20000,0.58,20033.12;0
20000,0.58,20033.12;0
20000,0.58,20033.12;0
20000,0.58,20033.12;0
20000,0.58,20033.12;0
20000,0.58,20033.12;0
20000,0.58,20033.12;0
20000,0.58,20033.12;0
20000,0.58,20033.12;0
20000,0.58,20033.12;0
20000,0.58,20033.14;0
20000,0.58,20033.16;0
20000,0.58,20033.16;0
20000,0.58,20033.17;0
20000,0.58,20033.19;0
20000,0.58,20033.21;0
20000,0.58,20033.22;0
20000,0.58,20033.22;0
20000,0.58,20033.24;0
20000,0.58,20033.26;0
20000,0.58,20033.27;0
20000,0.58,20033.29;0
20000,0.58,20033.3;0
20000,0.58,20033.3;0
20000,0.58,20033.3;0
20000,0.58,20033.3;0
20000,0.58,20033.3;0
20000,0.58,20033.32;0
20000,0.58,20033.32;0
20000,0.58,20033.32;0
20000,0.58,20033.33;0
20000,0.58,20033.34;0
20000,0.58,20033.36;0
20000,0.58,20033.37;0
20000,0.58,20033.38;0
20000,0.58,20033.38;0
20000,0.58,20033.39;0
20000,0.58,20033.39;0
20000,0.58,20033.39;0
20000,0.58,20033.39;0
20000,0.58,20033.39;0
20000,0.58,20033.39;0
20000,0.58,20033.4;0
20000,0.58,20033.42;0
20000,0.58,20033.43;0
20000,0.58,20033.45;0
20000,0.58,20033.45;0
20000,0.58,20033.46;0
20000,0.58,20033.48;0
20000,0.58,20033.48;0
20000,0.58,20033.49;0
20000,0.58,20033.51;0
20000,0.58,20033.51;0
20000,0.58,20033.51;0
20000,0.58,20033.52;0
20000,0.58,20033.53;0
20000,0.58,20033.55;0
20000,0.58,20033.56;0
20000,0.58,20033.58;0
20000,0.58,20033.58;0
20000,0.58,20033.6;0
20000,0.58,20033.61;0
20000,0.58,20033.62;0
20000,0.58,20033.64;0
20000,0.58,20033.64;0
20000,0.58,20033.65;0
20000,0.58,20033.67;0
20000,0.58,20033.68;0
20000,0.58,20033.7;0
20000,0.58,20033.71;0
20000,0.58,20033.73;0
20000,0.58,20033.75;0
20000,0.58,20033.75;0
20000,0.58,20033.76;0
20000,0.58,20033.76;0
20000,0.58,20033.76;0
20000,0.58,20033.76;0
20000,0.58,20033.76;0
20000,0.58,20033.76;0
20000,0.58,20033.76;0
20000,0.58,20033.76;0
20000,0.58,20033.76;0
20000,0.58,20033.76;0
20000,0.58,20033.76;0
20000,0.58,20033.76;0
20000,0.58,20033.76;0
20000,0.58,20033.76;0
20000,0.58,20033.76;0
20000,0.58,20033.76;0
20000,0.58,20033.76;0
20000,0.58,20033.76;0
20000,0.58,20033.76;0
20000,0.58,20033.77;0
20000,0.58,20033.78;0
20000,0.58,20033.79;0
20000,0.58,20033.8;0
20000,0.58,20033.8;0
20000,0.58,20033.82;0
20000,0.58,20033.83;0
20000,0.58,20033.83;0
20000,0.58,20033.83;0
20000,0.58,20033.83;0
20000,0.58,20033.83;0
20000,0.58,20033.83;0
20000,0.58,20033.83;0
20000,0.58,20033.83;0
20000,0.58,20033.83;0
20000,0.58,20033.83;0
20000,0.58,20033.83;0
20000,0.58,20033.83;0
20000,0.58,20033.83;0
20000,0.58,20033.83;0
20000,0.58,20033.83;0
20000,0.58,20033.83;0
20000,0.58,20033.83;0
20000,0.58,20033.83;0
20000,0.58,20033.83;0
20000,0.58,20033.83;0
20000,0.58,20033.83;0
20000,0.58,20033.83;0
20000,0.58,20033.81;0
20000,0.58,20033.79;0
20000,0.58,20033.79;0
20000,0.58,20033.79;0
20000,0.58,20033.79;0
20000,0.58,20033.79;0
20000,0.58,20033.79;0
20000,0.58,20033.79;0
20000,0.58,20033.79;0
20000,0.58,20033.79;0
20000,0.58,20033.79;0
20000,0.58,20033.79;0
20000,0.58,20033.79;0
20000,0.58,20033.79;0
20000,0.58,20033.79;0
20000,0.58,20033.79;0
20000,0.58,20033.79;0
20000,0.58,20033.79;0
20000,0.58,20033.79;0
20000,0.58,20033.79;0
20000,0.58,20033.79;0
20000,0.58,20033.79;0
20000,0.58,20033.79;0
20000,0.58,20033.79;0
20000,0.58,20033.79;0
20000,0.58,20033.79;0
20000,0.58,20033.79;0
20000,0.58,20033.79;0
20000,0.58,20033.79;0
20000,0.58,20033.79;0
20000,0.58,20033.79;0
20000,0.58,20033.79;0
20000,0.58,20033.79;0
20000,0.58,20033.79;0
20000,0.58,20033.79;0
20000,0.58,20033.79;0
20000,0.58,20033.79;0
20000,0.58,20033.79;0
20000,0.58,20033.79;0
20000,0.58,20033.8;0
20000,0.58,20033.8;0
20000,0.58,20033.8;0
20000,0.58,20033.89;0
20000,0.58,20033.89;0
20000,0.58,20034.02;0
20000,0.58,20034.14;0
20000,0.58,20034.27;0
20000,0.58,20034.4;0
20000,0.58,20034.4;0
20000,0.58,20034.52;0
20000,0.58,20034.65;0
20000,0.58,20034.78;0
20000,0.58,20034.78;0
20000,0.58,20034.78;0
20000,0.58,20034.78;0
20000,0.58,20034.9;0
20000,0.58,20035.03;0
20000,0.58,20035.03;0
20000,0.58,20035.03;0
20000,0.58,20035.03;0
20000,0.58,20035.03;0
20000,0.58,20035.03;0
20000,0.58,20035.03;0
20000,0.58,20035.03;0
20000,0.58,20035.03;0
20000,0.58,20035.03;0
20000,0.58,20035.03;0
20000,0.58,20035.03;0
20000,0.58,20035.03;0
20000,0.58,20035.03;0
20000,0.58,20035.03;0
20000,0.58,20035.03;0
20000,0.58,20035.03;0
20000,0.58,20035.03;0
20000,0.58,20035.03;0
20000,0.58,20035.03;0
20000,0.58,20035.03;0
20000,0.58,20035.03;0
20000,0.58,20035.03;0
20000,0.58,20035.03;0
20000,0.58,20035.16;0
20000,0.58,20035.29;0
20000,0.58,20035.29;0
20000,0.58,20035.29;0
20000,0.58,20035.29;0
20000,0.58,20035.29;0
20000,0.58,20035.29;0
20000,0.58,20035.29;0
20000,0.58,20035.29;0
20000,0.58,20035.29;0
20000,0.58,20035.29;0
20000,0.58,20035.29;0
20000,0.58,20035.29;0
20000,0.58,20035.29;0
20000,0.58,20035.29;0
20000,0.58,20035.29;0
20000,0.58,20035.29;0
20000,0.58,20035.29;0
20000,0.58,20035.29;0
20000,0.58,20035.29;0
20000,0.58,20035.29;0
20000,0.58,20035.29;0
20000,0.58,20035.29;0
20000,0.58,20035.29;0
20000,0.58,20035.29;0
20000,0.58,20035.41;0
20000,0.58,20035.41;0
20000,0.58,20035.41;0
20000,0.58,20035.41;0
20000,0.58,20035.54;0
20000,0.58,20035.67;0
20000,0.58,20035.67;0
20000,0.58,20035.67;0
20000,0.58,20035.67;0
20000,0.58,20035.79;0
20000,0.58,20035.79;0
20000,0.58,20035.79;0
20000,0.58,20035.79;0
20000,0.58,20035.79;0
20000,0.58,20035.79;0
20000,0.58,20035.79;0
20000,0.58,20035.79;0
20000,0.58,20035.79;0
20000,0.58,20035.79;0
20000,0.58,20035.79;0
20000,0.58,20035.79;0
20000,0.58,20035.79;0
20000,0.58,20035.79;0
20000,0.58,20035.79;0
20000,0.58,20035.79;0
20000,0.58,20035.79;0
20000,0.58,20035.79;0
20000,0.58,20035.79;0
20000,0.58,20035.79;0
20000,0.58,20035.79;0
20000,0.58,20035.92;0
20000,0.58,20036.05;0
20000,0.58,20036.05;0
20000,0.58,20036.17;0
20000,0.58,20036.3;0
20000,0.58,20036.43;0
20000,0.58,20036.55;0
20000,0.58,20036.68;0
20000,0.58,20036.68;0
20000,0.58,20036.81;0
20000,0.58,20036.94;0
20000,0.58,20037.06;0
20000,0.58,20037.19;0
20000,0.58,20037.32;0
20000,0.58,20037.44;0
20000,0.58,20037.44;0
20000,0.58,20037.57;0
20000,0.58,20037.7;0
20000,0.58,20037.82;0
20000,0.58,20037.95;0
20000,0.58,20038.08;0
20000,0.58,20038.08;0
20000,0.58,20038.21;0
20000,0.58,20038.33;0
20000,0.58,20038.46;0
20000,0.58,20038.59;0
20000,0.58,20038.71;0
20000,0.58,20038.71;0
20000,0.58,20038.84;0
20000,0.58,20038.97;0
20000,0.58,20039.1;0
20000,0.58,20039.22;0
20000,0.58,20039.35;0
20000,0.58,20039.35;0
20000,0.58,20039.48;0
20000,0.58,20039.6;0
20000,0.58,20039.73;0
20000,0.58,20039.86;0
20000,0.58,20039.98;0
20000,0.58,20039.98;0
20000,0.58,20040.11;0
20000,0.58,20040.24;0
20000,0.58,20040.37;0
20000,0.58,20040.49;0
20000,0.58,20040.62;0
20000,0.58,20040.75;0
20000,0.58,20040.87;0
20000,0.58,20040.87;0
20000,0.58,20041;0
20000,0.58,20041.13;0
20000,0.58,20041.25;0
20000,0.58,20041.38;0
20000,0.58,20041.38;0
20000,0.58,20041.51;0
20000,0.58,20041.63;0
20000,0.58,20041.76;0
20000,0.58,20041.89;0
20000,0.58,20042.02;0
20000,0.58,20042.02;0
20000,0.58,20042.14;0
20000,0.58,20042.27;0
20000,0.58,20042.4;0
20000,0.58,20042.52;0
20000,0.58,20042.65;0
20000,0.58,20042.78;0
20000,0.58,20042.78;0
20000,0.58,20042.9;0
20000,0.58,20043.03;0
20000,0.58,20043.16;0
20000,0.58,20043.29;0
20000,0.58,20043.41;0
20000,0.58,20043.41;0
20000,0.58,20043.54;0
20000,0.58,20043.67;0
20000,0.58,20043.79;0
20000,0.58,20043.92;0
20000,0.58,20044.05;0
20000,0.58,20044.05;0
20000,0.58,20044.18;0
20000,0.58,20044.3;0
20000,0.58,20044.43;0
20000,0.58,20044.56;0
20000,0.58,20044.56;0
20000,0.58,20044.68;0
20000,0.58,20044.81;0
20000,0.58,20044.81;0
20000,0.58,20044.81;0
20000,0.58,20044.81;0
20000,0.58,20044.94;0
20000,0.58,20044.94;0
20000,0.58,20044.94;0
20000,0.58,20044.94;0
20000,0.58,20044.94;0
20000,0.58,20044.94;0
20000,0.58,20044.94;0
20000,0.58,20044.94;0
20000,0.58,20044.94;0
20000,0.58,20045.06;0
20000,0.58,20045.19;0
20000,0.58,20045.19;0
20000,0.58,20045.19;0
20000,0.58,20045.19;0
20000,0.58,20045.19;0
20000,0.58,20045.19;0
20000,0.58,20045.32;0
20000,0.58,20045.45;0
20000,0.58,20045.57;0
20000,0.58,20045.57;0
20000,0.58,20045.57;0
20000,0.58,20045.57;0
20000,0.58,20045.57;0
20000,0.58,20045.57;0
20000,0.58,20045.57;0
20000,0.58,20045.57;0
20000,0.58,20045.57;0
20000,0.58,20045.57;0
20000,0.58,20045.57;0
20000,0.58,20045.57;0
20000,0.58,20045.57;0
20000,0.58,20045.57;0
20000,0.58,20045.57;0
20000,0.58,20045.57;0
20000,0.58,20045.57;0
20000,0.58,20045.57;0
20000,0.58,20045.57;0
20000,0.58,20045.57;0
20000,0.58,20045.57;0
20000,0.58,20045.57;0
20000,0.58,20045.57;0
20000,0.58,20045.57;0
20000,0.58,20045.57;0
20000,0.58,20045.57;0
20000,0.58,20045.57;0
20000,0.58,20045.57;0
20000,0.58,20045.57;0
20000,0.58,20045.57;0
20000,0.58,20045.57;0
20000,0.58,20045.57;0
20000,0.58,20045.57;0
20000,0.58,20045.57;0
20000,0.58,20045.57;0
20000,0.58,20045.57;0
20000,0.58,20045.57;0
20000,0.58,20045.57;0
20000,0.58,20045.57;0
20000,0.58,20045.57;0
20000,0.58,20045.57;0
20000,0.58,20045.57;0
20000,0.58,20045.57;0
20000,0.58,20045.57;0
20000,0.58,20045.57;0
20000,0.58,20045.57;0
20000,0.58,20045.57;0
20000,0.58,20045.57;0
20000,0.58,20045.57;0
20000,0.58,20045.57;0
20000,0.58,20045.57;0
20000,0.58,20045.57;0
20000,0.58,20045.57;0
20000,0.58,20045.57;0
20000,0.58,20045.57;0
20000,0.58,20045.7;0
20000,0.58,20045.83;0
20000,0.58,20045.95;0
20000,0.58,20046.08;0
20000,0.58,20046.21;0
20000,0.58,20046.21;0
20000,0.58,20046.33;0
20000,0.58,20046.46;0
20000,0.58,20046.59;0
20000,0.58,20046.71;0
20000,0.58,20046.84;0
20000,0.58,20046.84;0
20000,0.58,20046.97;0
20000,0.58,20047.1;0
20000,0.58,20047.22;0
20000,0.58,20047.35;0
20000,0.58,20047.48;0
20000,0.58,20047.48;0
