20000,0.5,20000;0
20000,0.58,20000.13;0
20000,0.58,20000.25;0
20000,0.58,20000.25;0
20000,0.58,20000.38;0
20000,0.58,20000.51;0
20000,0.58,20000.51;0
20000,0.58,20000.63;0
20000,0.58,20000.63;0
20000,0.58,20000.63;0
20000,0.58,20000.63;0
20000,0.58,20000.63;0
20000,0.58,20000.63;0
20000,0.58,20000.63;0
20000,0.58,20000.63;0
20000,0.58,20000.63;0
20000,0.58,20000.63;0
20000,0.58,20000.63;0
20000,0.58,20000.63;0
20000,0.58,20000.63;0
20000,0.58,20000.63;0
20000,0.58,20000.63;0
20000,0.58,20000.63;0
20000,0.58,20000.63;0
20000,0.58,20000.63;0
20000,0.58,20000.63;0
20000,0.58,20000.63;0
20000,0.58,20000.63;0
20000,0.58,20000.63;0
20000,0.58,20000.63;0
20000,0.58,20000.63;0
20000,0.58,20000.63;0
20000,0.58,20000.63;0
20000,0.58,20000.63;0
20000,0.58,20000.63;0
20000,0.58,20000.63;0
20000,0.58,20000.63;0
20000,0.58,20000.63;0
20000,0.58,20000.63;0
20000,0.58,20000.63;0
20000,0.58,20000.63;0
20000,0.58,20000.63;0
20000,0.58,20000.63;0
20000,0.58,20000.63;0
20000,0.58,20000.76;0
20000,0.58,20000.76;0
20000,0.58,20000.89;0
20000,0.58,20000.89;0
20000,0.58,20000.89;0
20000,0.58,20001.02;0
20000,0.58,20001.02;0
20000,0.58,20001.14;0
20000,0.58,20001.27;0
20000,0.58,20001.4;0
20000,0.58,20001.52;0
20000,0.58,20001.65;0
20000,0.58,20001.65;0
20000,0.58,20001.78;0
20000,0.58,20001.9;0
20000,0.58,20001.9;0
20000,0.58,20002.03;0
20000,0.58,20002.16;0
20000,0.58,20002.16;0
20000,0.58,20002.29;0
20000,0.58,20002.41;0
20000,0.58,20002.41;0
20000,0.58,20002.54;0
20000,0.58,20002.67;0
20000,0.58,20002.67;0
20000,0.58,20002.79;0
20000,0.58,20002.92;0
20000,0.58,20002.92;0
20000,0.58,20003.05;0
20000,0.58,20003.18;0
20000,0.58,20003.18;0
20000,0.58,20003.3;0
20000,0.58,20003.43;0
20000,0.58,20003.43;0
20000,0.58,20003.56;0
20000,0.58,20003.56;0
20000,0.58,20003.68;0
20000,0.58,20003.81;0
20000,0.58,20003.81;0
20000,0.58,20003.94;0
20000,0.58,20004.06;0
20000,0.58,20004.06;0
20000,0.58,20004.19;0
20000,0.58,20004.32;0
20000,0.58,20004.32;0
20000,0.58,20004.45;0
20000,0.58,20004.57;0
20000,0.58,20004.57;0
20000,0.58,20004.7;0
20000,0.58,20004.83;0
20000,0.58,20004.83;0
20000,0.58,20004.95;0
20000,0.58,20005.08;0
20000,0.58,20005.08;0
20000,0.58,20005.21;0
20000,0.58,20005.33;0
20000,0.58,20005.33;0
20000,0.58,20005.46;0
20000,0.58,20005.59;0
20000,0.58,20005.59;0
20000,0.58,20005.71;0
20000,0.58,20005.84;0
20000,0.58,20005.84;0
20000,0.58,20005.97;0
20000,0.58,20006.1;0
20000,0.58,20006.1;0
20000,0.58,20006.22;0
20000,0.58,20006.35;0
20000,0.58,20006.35;0
20000,0.58,20006.48;0
20000,0.58,20006.6;0
20000,0.58,20006.73;0
20000,0.58,20006.73;0
20000,0.58,20006.86;0
20000,0.58,20006.98;0
20000,0.58,20006.98;0
20000,0.58,20007.11;0
20000,0.58,20007.11;0
20000,0.58,20007.24;0
20000,0.58,20007.37;0
20000,0.58,20007.37;0
20000,0.58,20007.49;0
20000,0.58,20007.49;0
20000,0.58,20007.62;0
20000,0.58,20007.75;0
20000,0.58,20007.87;0
20000,0.58,20007.87;0
20000,0.58,20008;0
20000,0.58,20008.13;0
20000,0.58,20008.13;0
20000,0.58,20008.13;0
20000,0.58,20008.26;0
20000,0.58,20008.26;0
20000,0.58,20008.26;0
20000,0.58,20008.26;0
20000,0.58,20008.26;0
20000,0.58,20008.26;0
20000,0.58,20008.26;0
20000,0.58,20008.26;0
20000,0.58,20008.26;0
20000,0.58,20008.26;0
20000,0.58,20008.26;0
20000,0.58,20008.26;0
20000,0.58,20008.26;0
20000,0.58,20008.26;0
20000,0.58,20008.26;0
20000,0.58,20008.26;0
20000,0.58,20008.26;0
20000,0.58,20008.26;0
20000,0.58,20008.26;0
20000,0.58,20008.26;0
20000,0.58,20008.26;0
20000,0.58,20008.26;0
20000,0.58,20008.26;0
20000,0.58,20008.26;0
20000,0.58,20008.26;0
20000,0.58,20008.26;0
20000,0.58,20008.26;0
20000,0.58,20008.26;0
20000,0.58,20008.26;0
20000,0.58,20008.26;0
20000,0.58,20008.26;0
20000,0.58,20008.26;0
20000,0.58,20008.26;0
20000,0.58,20008.26;0
20000,0.58,20008.26;0
20000,0.58,20008.26;0
20000,0.58,20008.26;0
20000,0.58,20008.26;0
20000,0.58,20008.26;0
20000,0.58,20008.26;0
20000,0.58,20008.26;0
20000,0.58,20008.26;0
20000,0.58,20008.26;0
20000,0.58,20008.26;0
20000,0.58,20008.38;0
20000,0.58,20008.38;0
20000,0.58,20008.51;0
20000,0.58,20008.51;0
20000,0.58,20008.51;0
20000,0.58,20008.51;0
20000,0.58,20008.51;0
20000,0.58,20008.51;0
20000,0.58,20008.64;0
20000,0.58,20008.64;0
20000,0.58,20008.76;0
20000,0.58,20008.89;0
20000,0.58,20008.89;0
20000,0.58,20009.02;0
20000,0.58,20009.14;0
20000,0.58,20009.14;0
20000,0.58,20009.27;0
20000,0.58,20009.4;0
20000,0.58,20009.4;0
20000,0.58,20009.53;0
20000,0.58,20009.65;0
20000,0.58,20009.65;0
20000,0.58,20009.78;0
20000,0.58,20009.91;0
20000,0.58,20009.91;0
20000,0.58,20010.03;0
20000,0.58,20010.16;0
20000,0.58,20010.16;0
20000,0.58,20010.29;0
20000,0.58,20010.29;0
20000,0.58,20010.41;0
20000,0.58,20010.54;0
20000,0.58,20010.67;0
20000,0.58,20010.67;0
20000,0.58,20010.79;0
20000,0.58,20010.79;0
20000,0.58,20010.92;0
20000,0.58,20011.05;0
20000,0.58,20011.05;0
20000,0.58,20011.18;0
20000,0.58,20011.3;0
20000,0.58,20011.3;0
20000,0.58,20011.43;0
20000,0.58,20011.56;0
20000,0.58,20011.56;0
20000,0.58,20011.68;0
20000,0.58,20011.81;0
20000,0.58,20011.81;0
20000,0.58,20011.94;0
20000,0.58,20012.06;0
20000,0.58,20012.19;0
20000,0.58,20012.19;0
20000,0.58,20012.32;0
20000,0.58,20012.45;0
20000,0.58,20012.45;0
20000,0.58,20012.57;0
20000,0.58,20012.7;0
20000,0.58,20012.7;0
20000,0.58,20012.83;0
20000,0.58,20012.95;0
20000,0.58,20013.08;0
20000,0.58,20013.21;0
20000,0.58,20013.21;0
20000,0.58,20013.34;0
20000,0.58,20013.34;0
20000,0.58,20013.46;0
20000,0.58,20013.59;0
20000,0.58,20013.59;0
20000,0.58,20013.72;0
20000,0.58,20013.84;0
20000,0.58,20013.84;0
20000,0.58,20013.97;0
20000,0.58,20014.1;0
20000,0.58,20014.1;0
20000,0.58,20014.22;0
20000,0.58,20014.35;0
20000,0.58,20014.48;0
20000,0.58,20014.48;0
20000,0.58,20014.61;0
20000,0.58,20014.73;0
20000,0.58,20014.73;0
20000,0.58,20014.86;0
20000,0.58,20014.99;0
20000,0.58,20014.99;0
20000,0.58,20015.11;0
20000,0.58,20015.11;0
20000,0.58,20015.24;0
20000,0.58,20015.37;0
20000,0.58,20015.37;0
20000,0.58,20015.37;0
20000,0.58,20015.37;0
20000,0.58,20015.37;0
20000,0.58,20015.49;0
20000,0.58,20015.62;0
20000,0.58,20015.62;0
20000,0.58,20015.75;0
20000,0.58,20015.75;0
20000,0.58,20015.88;0
20000,0.58,20015.88;0
20000,0.58,20016;0
20000,0.58,20016;0
20000,0.58,20016;0
20000,0.58,20016;0
20000,0.58,20016;0
20000,0.58,20016;0
20000,0.58,20016;0
20000,0.58,20016;0
20000,0.58,20016;0
20000,0.58,20016;0
20000,0.58,20016;0
20000,0.58,20016;0
20000,0.58,20016;0
20000,0.58,20016;0
20000,0.58,20016;0
20000,0.58,20016;0
20000,0.58,20016;0
20000,0.58,20016;0
20000,0.58,20016;0
20000,0.58,20016;0
20000,0.58,20016;0
20000,0.58,20016;0
20000,0.58,20016;0
20000,0.58,20016;0
20000,0.58,20016;0
20000,0.58,20016;0
20000,0.58,20016;0
20000,0.58,20016;0
20000,0.58,20016;0
20000,0.58,20016;0
20000,0.58,20016;0
20000,0.58,20016;0
20000,0.58,20016;0
20000,0.58,20016;0
20000,0.58,20016;0
20000,0.58,20016;0
20000,0.58,20016;0
20000,0.58,20016;0
20000,0.58,20016;0
20000,0.58,20016;0
20000,0.58,20016;0
20000,0.58,20016;0
20000,0.58,20016;0
20000,0.58,20016;0
20000,0.58,20016;0
20000,0.58,20016;0
20000,0.58,20016;0
20000,0.58,20016;0
20000,0.58,20016;0
20000,0.58,20016;0
20000,0.58,20016;0
20000,0.58,20016;0
20000,0.58,20016;0
20000,0.58,20016;0
20000,0.58,20016;0
20000,0.58,20016;0
20000,0.58,20016;0
20000,0.58,20016.1;0
20000,0.58,20016.1;0
20000,0.58,20016.1;0
20000,0.58,20016.1;0
20000,0.58,20016.1;0
20000,0.58,20016.1;0
20000,0.58,20016.1;0
20000,0.58,20016.1;0
20000,0.58,20016.1;0
20000,0.58,20016.1;0
20000,0.58,20016.1;0
20000,0.58,20016.1;0
20000,0.58,20016.2;0
20000,0.58,20016.2;0
20000,0.58,20016.28;0
20000,0.58,20016.35;0
20000,0.58,20016.35;0
20000,0.58,20016.35;0
20000,0.58,20016.39;0
20000,0.58,20016.39;0
20000,0.58,20016.46;0
20000,0.58,20016.52;0
20000,0.58,20016.58;0
20000,0.58,20016.58;0
20000,0.58,20016.66;0
20000,0.58,20016.74;0
20000,0.58,20016.74;0
20000,0.58,20016.82;0
20000,0.58,20016.91;0
20000,0.58,20016.91;0
20000,0.58,20016.99;0
20000,0.58,20017.08;0
20000,0.58,20017.16;0
20000,0.58,20017.16;0
20000,0.58,20017.25;0
20000,0.58,20017.25;0
20000,0.58,20017.34;0
20000,0.58,20017.43;0
20000,0.58,20017.43;0
20000,0.58,20017.52;0
20000,0.58,20017.61;0
20000,0.58,20017.61;0
20000,0.58,20017.7;0
20000,0.58,20017.79;0
20000,0.58,20017.88;0
20000,0.58,20017.88;0
20000,0.58,20017.98;0
20000,0.58,20018.07;0
20000,0.58,20018.07;0
20000,0.58,20018.17;0
20000,0.58,20018.26;0
20000,0.58,20018.26;0
20000,0.58,20018.36;0
20000,0.58,20018.45;0
20000,0.58,20018.45;0
20000,0.58,20018.55;0
20000,0.58,20018.55;0
20000,0.58,20018.65;0
20000,0.58,20018.75;0
20000,0.58,20018.75;0
20000,0.58,20018.85;0
20000,0.58,20018.95;0
20000,0.58,20018.95;0
20000,0.58,20019.04;0
20000,0.58,20019.14;0
20000,0.58,20019.14;0
20000,0.58,20019.24;0
20000,0.58,20019.34;0
20000,0.58,20019.34;0
20000,0.58,20019.44;0
20000,0.58,20019.54;0
20000,0.58,20019.54;0
20000,0.58,20019.64;0
20000,0.58,20019.74;0
20000,0.58,20019.74;0
20000,0.58,20019.83;0
20000,0.58,20019.83;0
20000,0.58,20019.93;0
20000,0.58,20020.04;0
20000,0.58,20020.04;0
20000,0.58,20020.14;0
20000,0.58,20020.24;0
20000,0.58,20020.24;0
20000,0.58,20020.34;0
20000,0.58,20020.34;0
20000,0.58,20020.44;0
20000,0.58,20020.54;0
20000,0.58,20020.65;0
20000,0.58,20020.75;0
20000,0.58,20020.85;0
20000,0.58,20020.85;0
20000,0.58,20020.95;0
20000,0.58,20020.95;0
20000,0.58,20021.06;0
20000,0.58,20021.16;0
20000,0.58,20021.16;0
20000,0.58,20021.26;0
20000,0.58,20021.36;0
20000,0.58,20021.46;0
20000,0.58,20021.46;0
20000,0.58,20021.57;0
20000,0.58,20021.67;0
20000,0.58,20021.67;0
20000,0.58,20021.77;0
20000,0.58,20021.87;0
20000,0.58,20021.87;0
20000,0.58,20021.97;0
20000,0.58,20022.07;0
20000,0.58,20022.07;0
20000,0.58,20022.07;0
20000,0.58,20022.17;0
20000,0.58,20022.17;0
20000,0.58,20022.17;0
20000,0.58,20022.17;0
20000,0.58,20022.17;0
20000,0.58,20022.17;0
20000,0.58,20022.17;0
20000,0.58,20022.17;0
20000,0.58,20022.17;0
20000,0.58,20022.17;0
20000,0.58,20022.17;0
20000,0.58,20022.17;0
20000,0.58,20022.17;0
20000,0.58,20022.17;0
20000,0.58,20022.17;0
20000,0.58,20022.17;0
20000,0.58,20022.17;0
20000,0.58,20022.17;0
20000,0.58,20022.17;0
20000,0.58,20022.17;0
20000,0.58,20022.17;0
20000,0.58,20022.17;0
20000,0.58,20022.17;0
20000,0.58,20022.17;0
20000,0.58,20022.17;0
20000,0.58,20022.17;0
20000,0.58,20022.17;0
20000,0.58,20022.17;0
20000,0.58,20022.17;0
20000,0.58,20022.17;0
20000,0.58,20022.17;0
20000,0.58,20022.17;0
20000,0.58,20022.17;0
20000,0.58,20022.17;0
20000,0.58,20022.17;0
20000,0.58,20022.17;0
20000,0.58,20022.17;0
20000,0.58,20022.17;0
20000,0.58,20022.17;0
20000,0.58,20022.17;0
20000,0.58,20022.17;0
20000,0.58,20022.17;0
20000,0.58,20022.17;0
20000,0.58,20022.17;0
20000,0.58,20022.17;0
20000,0.58,20022.17;0
20000,0.58,20022.17;0
20000,0.58,20022.17;0
20000,0.58,20022.17;0
20000,0.58,20022.17;0
20000,0.58,20022.17;0
20000,0.58,20022.17;0
20000,0.58,20022.17;0
20000,0.58,20022.17;0
20000,0.58,20022.17;0
20000,0.58,20022.25;0
20000,0.58,20022.25;0
20000,0.58,20022.25;0
20000,0.58,20022.25;0
20000,0.58,20022.25;0
20000,0.58,20022.25;0
20000,0.58,20022.25;0
20000,0.58,20022.25;0
20000,0.58,20022.25;0
20000,0.58,20022.25;0
20000,0.58,20022.25;0
20000,0.58,20022.25;0
20000,0.58,20022.25;0
20000,0.58,20022.25;0
20000,0.58,20022.25;0
20000,0.58,20022.25;0
20000,0.58,20022.32;0
20000,0.58,20022.32;0
20000,0.58,20022.32;0
20000,0.58,20022.32;0
20000,0.58,20022.32;0
20000,0.58,20022.37;0
20000,0.58,20022.41;0
20000,0.58,20022.41;0
20000,0.58,20022.43;0
20000,0.58,20022.43;0
20000,0.58,20022.43;0
20000,0.58,20022.43;0
20000,0.58,20022.45;0
20000,0.58,20022.45;0
20000,0.58,20022.48;0
20000,0.58,20022.52;0
20000,0.58,20022.56;0
20000,0.58,20022.56;0
20000,0.58,20022.6;0
20000,0.58,20022.6;0
20000,0.58,20022.66;0
20000,0.58,20022.71;0
20000,0.58,20022.76;0
20000,0.58,20022.76;0
20000,0.58,20022.81;0
20000,0.58,20022.87;0
20000,0.58,20022.87;0
20000,0.58,20022.92;0
20000,0.58,20022.98;0
20000,0.58,20022.98;0
20000,0.58,20023.04;0
20000,0.58,20023.09;0
20000,0.58,20023.09;0
20000,0.58,20023.15;0
20000,0.58,20023.21;0
20000,0.58,20023.21;0
20000,0.58,20023.27;0
20000,0.58,20023.33;0
20000,0.58,20023.33;0
20000,0.58,20023.38;0
20000,0.58,20023.44;0
20000,0.58,20023.44;0
20000,0.58,20023.5;0
20000,0.58,20023.5;0
20000,0.58,20023.56;0
20000,0.58,20023.62;0
20000,0.58,20023.62;0
20000,0.58,20023.68;0
20000,0.58,20023.74;0
20000,0.58,20023.74;0
20000,0.58,20023.81;0
20000,0.58,20023.81;0
20000,0.58,20023.88;0
20000,0.58,20023.94;0
20000,0.58,20024.01;0
20000,0.58,20024.01;0
20000,0.58,20024.08;0
20000,0.58,20024.15;0
20000,0.58,20024.15;0
20000,0.58,20024.21;0
20000,0.58,20024.21;0
20000,0.58,20024.28;0
20000,0.58,20024.35;0
20000,0.58,20024.35;0
20000,0.58,20024.42;0
20000,0.58,20024.49;0
20000,0.58,20024.49;0
20000,0.58,20024.56;0
20000,0.58,20024.63;0
20000,0.58,20024.63;0
20000,0.58,20024.69;0
20000,0.58,20024.76;0
20000,0.58,20024.76;0
20000,0.58,20024.83;0
20000,0.58,20024.9;0
20000,0.58,20024.9;0
20000,0.58,20024.97;0
20000,0.58,20025.04;0
20000,0.58,20025.04;0
20000,0.58,20025.11;0
20000,0.58,20025.18;0
20000,0.58,20025.18;0
20000,0.58,20025.26;0
20000,0.58,20025.33;0
20000,0.58,20025.41;0
20000,0.58,20025.41;0
20000,0.58,20025.49;0
20000,0.58,20025.58;0
20000,0.58,20025.58;0
20000,0.58,20025.66;0
20000,0.58,20025.74;0
20000,0.58,20025.74;0
20000,0.58,20025.83;0
20000,0.58,20025.91;0
20000,0.58,20025.91;0
20000,0.58,20026;0
20000,0.58,20026.08;0
20000,0.58,20026.08;0
20000,0.58,20026.17;0
20000,0.58,20026.26;0
20000,0.58,20026.26;0
20000,0.58,20026.34;0
20000,0.58,20026.43;0
20000,0.58,20026.43;0
20000,0.58,20026.52;0
20000,0.58,20026.52;0
20000,0.58,20026.6;0
20000,0.58,20026.69;0
20000,0.58,20026.69;0
20000,0.58,20026.78;0
20000,0.58,20026.86;0
20000,0.58,20026.86;0
20000,0.58,20026.95;0
20000,0.58,20026.95;0
20000,0.58,20027.04;0
20000,0.58,20027.04;0
20000,0.58,20027.12;0
20000,0.58,20027.21;0
20000,0.58,20027.21;0
20000,0.58,20027.21;0
20000,0.58,20027.21;0
20000,0.58,20027.21;0
20000,0.58,20027.21;0
20000,0.58,20027.21;0
20000,0.58,20027.21;0
20000,0.58,20027.21;0
20000,0.58,20027.21;0
20000,0.58,20027.21;0
20000,0.58,20027.21;0
20000,0.58,20027.21;0
20000,0.58,20027.21;0
20000,0.58,20027.21;0
20000,0.58,20027.21;0
20000,0.58,20027.21;0
20000,0.58,20027.21;0
20000,0.58,20027.21;0
20000,0.58,20027.21;0
20000,0.58,20027.21;0
20000,0.58,20027.21;0
20000,0.58,20027.21;0
20000,0.58,20027.21;0
20000,0.58,20027.21;0
20000,0.58,20027.21;0
20000,0.58,20027.21;0
20000,0.58,20027.21;0
20000,0.58,20027.21;0
20000,0.58,20027.21;0
20000,0.58,20027.21;0
20000,0.58,20027.21;0
20000,0.58,20027.21;0
20000,0.58,20027.21;0
20000,0.58,20027.21;0
20000,0.58,20027.21;0
20000,0.58,20027.21;0
20000,0.58,20027.21;0
20000,0.58,20027.21;0
20000,0.58,20027.21;0
20000,0.58,20027.21;0
20000,0.58,20027.21;0
20000,0.58,20027.21;0
20000,0.58,20027.21;0
20000,0.58,20027.21;0
20000,0.58,20027.21;0
20000,0.58,20027.21;0
20000,0.58,20027.21;0
20000,0.58,20027.21;0
20000,0.58,20027.21;0
20000,0.58,20027.21;0
20000,0.58,20027.21;0
20000,0.58,20027.21;0
20000,0.58,20027.21;0
20000,0.58,20027.21;0
20000,0.58,20027.21;0
20000,0.58,20027.21;0
20000,0.58,20027.21;0
20000,0.58,20027.21;0
20000,0.58,20027.21;0
20000,0.58,20027.21;0
20000,0.58,20027.21;0
20000,0.58,20027.21;0
20000,0.58,20027.21;0
20000,0.58,20027.21;0
20000,0.58,20027.21;0
20000,0.58,20027.21;0
20000,0.58,20027.21;0
20000,0.58,20027.21;0
20000,0.58,20027.21;0
20000,0.58,20027.21;0
20000,0.58,20027.21;0
20000,0.58,20027.21;0
20000,0.58,20027.21;0
20000,0.58,20027.21;0
20000,0.58,20027.21;0
20000,0.58,20027.21;0
20000,0.58,20027.21;0
20000,0.58,20027.21;0
20000,0.58,20027.21;0
20000,0.58,20027.21;0
20000,0.58,20027.21;0
20000,0.58,20027.21;0
20000,0.58,20027.21;0
20000,0.58,20027.21;0
20000,0.58,20027.29;0
20000,0.58,20027.29;0
20000,0.58,20027.29;0
20000,0.58,20027.37;0
20000,0.58,20027.37;0
20000,0.58,20027.37;0
20000,0.58,20027.37;0
20000,0.58,20027.37;0
20000,0.58,20027.43;0
20000,0.58,20027.43;0
20000,0.58,20027.43;0
20000,0.58,20027.43;0
20000,0.58,20027.5;0
20000,0.58,20027.5;0
20000,0.58,20027.55;0
20000,0.58,20027.61;0
20000,0.58,20027.61;0
20000,0.58,20027.66;0
20000,0.58,20027.72;0
20000,0.58,20027.72;0
20000,0.58,20027.78;0
20000,0.58,20027.78;0
20000,0.58,20027.84;0
20000,0.58,20027.89;0
20000,0.58,20027.89;0
20000,0.58,20027.95;0
20000,0.58,20028.01;0
20000,0.58,20028.07;0
20000,0.58,20028.13;0
20000,0.58,20028.18;0
20000,0.58,20028.18;0
20000,0.58,20028.24;0
20000,0.58,20028.24;0
20000,0.58,20028.3;0
20000,0.58,20028.3;0
20000,0.58,20028.36;0
20000,0.58,20028.42;0
20000,0.58,20028.42;0
20000,0.58,20028.47;0
20000,0.58,20028.53;0
20000,0.58,20028.59;0
20000,0.58,20028.59;0
20000,0.58,20028.66;0
20000,0.58,20028.72;0
20000,0.58,20028.79;0
20000,0.58,20028.79;0
20000,0.58,20028.85;0
20000,0.58,20028.92;0
20000,0.58,20028.92;0
20000,0.58,20028.99;0
20000,0.58,20029.06;0
20000,0.58,20029.06;0
20000,0.58,20029.13;0
20000,0.58,20029.2;0
20000,0.58,20029.2;0
20000,0.58,20029.26;0
20000,0.58,20029.33;0
20000,0.58,20029.33;0
20000,0.58,20029.4;0
20000,0.58,20029.47;0
20000,0.58,20029.47;0
20000,0.58,20029.47;0
20000,0.58,20029.54;0
20000,0.58,20029.61;0
20000,0.58,20029.68;0
20000,0.58,20029.75;0
20000,0.58,20029.82;0
20000,0.58,20029.82;0
20000,0.58,20029.88;0
20000,0.58,20029.96;0
20000,0.58,20029.96;0
20000,0.58,20030.02;0
20000,0.58,20030.09;0
20000,0.58,20030.09;0
20000,0.58,20030.16;0
20000,0.58,20030.23;0
20000,0.58,20030.23;0
20000,0.58,20030.3;0
20000,0.58,20030.37;0
20000,0.58,20030.43;0
20000,0.58,20030.43;0
20000,0.58,20030.5;0
20000,0.58,20030.57;0
20000,0.58,20030.57;0
20000,0.58,20030.64;0
20000,0.58,20030.71;0
20000,0.58,20030.71;0
20000,0.58,20030.78;0
20000,0.58,20030.85;0
20000,0.58,20030.92;0
20000,0.58,20030.92;0
20000,0.58,20030.99;0
20000,0.58,20031.07;0
20000,0.58,20031.07;0
20000,0.58,20031.15;0
20000,0.58,20031.22;0
20000,0.58,20031.22;0
20000,0.58,20031.3;0
20000,0.58,20031.38;0
20000,0.58,20031.38;0
20000,0.58,20031.46;0
20000,0.58,20031.54;0
20000,0.58,20031.54;0
20000,0.58,20031.62;0
20000,0.58,20031.7;0
20000,0.58,20031.78;0
20000,0.58,20031.78;0
20000,0.58,20031.86;0
20000,0.58,20031.93;0
20000,0.58,20031.93;0
20000,0.58,20032.01;0
20000,0.58,20032.01;0
20000,0.58,20032.01;0
20000,0.58,20032.09;0
20000,0.58,20032.09;0
20000,0.58,20032.17;0
20000,0.58,20032.25;0
20000,0.58,20032.33;0
20000,0.58,20032.33;0
20000,0.58,20032.41;0
20000,0.58,20032.41;0
20000,0.58,20032.49;0
20000,0.58,20032.56;0
20000,0.58,20032.64;0
20000,0.58,20032.64;0
20000,0.58,20032.64;0
20000,0.58,20032.64;0
20000,0.58,20032.71;0
20000,0.58,20032.78;0
20000,0.58,20032.78;0
20000,0.58,20032.78;0
20000,0.58,20032.78;0
20000,0.58,20032.78;0
20000,0.58,20032.78;0
20000,0.58,20032.78;0
20000,0.58,20032.78;0
20000,0.58,20032.78;0
20000,0.58,20032.78;0
20000,0.58,20032.78;0
20000,0.58,20032.78;0
20000,0.58,20032.78;0
20000,0.58,20032.78;0
20000,0.58,20032.78;0
20000,0.58,20032.78;0
20000,0.58,20032.78;0
20000,0.58,20032.78;0
20000,0.58,20032.78;0
20000,0.58,20032.78;0
20000,0.58,20032.78;0
20000,0.58,20032.78;0
20000,0.58,20032.78;0
20000,0.58,20032.78;0
20000,0.58,20032.78;0
20000,0.58,20032.78;0
20000,0.58,20032.78;0
20000,0.58,20032.78;0
20000,0.58,20032.78;0
20000,0.58,20032.78;0
20000,0.58,20032.78;0
20000,0.58,20032.78;0
20000,0.58,20032.78;0
20000,0.58,20032.78;0
20000,0.58,20032.78;0
20000,0.58,20032.78;0
20000,0.58,20032.78;0
20000,0.58,20032.78;0
20000,0.58,20032.78;0
20000,0.58,20032.78;0
20000,0.58,20032.78;0
20000,0.58,20032.78;0
20000,0.58,20032.78;0
20000,0.58,20032.78;0
20000,0.58,20032.78;0
20000,0.58,20032.78;0
20000,0.58,20032.78;0
20000,0.58,20032.78;0
20000,0.58,20032.78;0
20000,0.58,20032.78;0
20000,0.58,20032.78;0
20000,0.58,20032.78;0
20000,0.58,20032.78;0
20000,0.58,20032.78;0
20000,0.58,20032.78;0
20000,0.58,20032.78;0
20000,0.58,20032.78;0
20000,0.58,20032.78;0
20000,0.58,20032.78;0
20000,0.58,20032.78;0
20000,0.58,20032.78;0
20000,0.58,20032.78;0
20000,0.58,20032.78;0
20000,0.58,20032.78;0
20000,0.58,20032.78;0
20000,0.58,20032.78;0
20000,0.58,20032.78;0
20000,0.58,20032.78;0
20000,0.58,20032.78;0
20000,0.58,20032.78;0
20000,0.58,20032.78;0
20000,0.58,20032.78;0
20000,0.58,20032.78;0
20000,0.58,20032.78;0
20000,0.58,20032.78;0
20000,0.58,20032.78;0
20000,0.58,20032.78;0
20000,0.58,20032.78;0
20000,0.58,20032.78;0
20000,0.58,20032.78;0
20000,0.58,20032.78;0
20000,0.58,20032.78;0
20000,0.58,20032.78;0
20000,0.58,20032.78;0
20000,0.58,20032.78;0
20000,0.58,20032.78;0
20000,0.58,20032.78;0
20000,0.58,20032.78;0
20000,0.58,20032.78;0
20000,0.58,20032.78;0
20000,0.58,20032.78;0
20000,0.58,20032.78;0
20000,0.58,20032.78;0
20000,0.58,20032.78;0
20000,0.58,20032.78;0
20000,0.58,20032.78;0
20000,0.58,20032.78;0
20000,0.58,20032.78;0
20000,0.58,20032.78;0
20000,0.58,20032.78;0
20000,0.58,20032.78;0
20000,0.58,20032.78;0
20000,0.58,20032.78;0
20000,0.58,20032.78;0
20000,0.58,20032.78;0
20000,0.58,20032.78;0
20000,0.58,20032.78;0
20000,0.58,20032.78;0
20000,0.58,20032.78;0
20000,0.58,20032.84;0
20000,0.58,20032.84;0
20000,0.58,20032.84;0
20000,0.58,20032.84;0
20000,0.58,20032.84;0
20000,0.58,20032.84;0
20000,0.58,20032.84;0
20000,0.58,20032.84;0
20000,0.58,20032.84;0
20000,0.58,20032.84;0
20000,0.58,20032.84;0
20000,0.58,20032.84;0
20000,0.58,20032.84;0
20000,0.58,20032.84;0
20000,0.58,20032.84;0
20000,0.58,20032.84;0
20000,0.58,20032.84;0
20000,0.58,20032.84;0
20000,0.58,20032.84;0
20000,0.58,20032.84;0
20000,0.58,20032.84;0
20000,0.58,20032.84;0
20000,0.58,20032.84;0
20000,0.58,20032.84;0
20000,0.58,20032.84;0
20000,0.58,20032.84;0
20000,0.58,20032.84;0
20000,0.58,20032.84;0
20000,0.58,20032.84;0
20000,0.58,20032.84;0
20000,0.58,20032.84;0
20000,0.58,20032.84;0
20000,0.58,20032.84;0
20000,0.58,20032.84;0
20000,0.58,20032.84;0
20000,0.58,20032.84;0
20000,0.58,20032.84;0
20000,0.58,20032.84;0
20000,0.58,20032.84;0
20000,0.58,20032.84;0
20000,0.58,20032.84;0
20000,0.58,20032.84;0
20000,0.58,20032.84;0
20000,0.58,20032.84;0
20000,0.58,20032.84;0
20000,0.58,20032.84;0
20000,0.58,20032.84;0
20000,0.58,20032.84;0
20000,0.58,20032.84;0
20000,0.58,20032.84;0
20000,0.58,20032.84;0
20000,0.58,20032.84;0
20000,0.58,20032.84;0
20000,0.58,20032.84;0
20000,0.58,20032.84;0
20000,0.58,20032.84;0
20000,0.58,20032.84;0
20000,0.58,20032.84;0
20000,0.58,20032.84;0
20000,0.58,20032.84;0
20000,0.58,20032.84;0
20000,0.58,20032.84;0
20000,0.58,20032.84;0
20000,0.58,20032.84;0
20000,0.58,20032.84;0
20000,0.58,20032.84;0
20000,0.58,20032.84;0
20000,0.58,20032.84;0
20000,0.58,20032.84;0
20000,0.58,20032.84;0
20000,0.58,20032.84;0
20000,0.58,20032.84;0
20000,0.58,20032.84;0
20000,0.58,20032.84;0
20000,0.58,20032.84;0
20000,0.58,20032.84;0
20000,0.58,20032.84;0
20000,0.58,20032.84;0
20000,0.58,20032.84;0
20000,0.58,20032.84;0
20000,0.58,20032.84;0
20000,0.58,20032.84;0
20000,0.58,20032.84;0
20000,0.58,20032.84;0
20000,0.58,20032.84;0
20000,0.58,20032.84;0
20000,0.58,20032.84;0
20000,0.58,20032.84;0
20000,0.58,20032.84;0
20000,0.58,20032.84;0
20000,0.58,20032.84;0
20000,0.58,20032.84;0
20000,0.58,20032.84;0
20000,0.58,20032.84;0
20000,0.58,20032.84;0
20000,0.58,20032.84;0
20000,0.58,20032.84;0
20000,0.58,20032.84;0
20000,0.58,20032.84;0
20000,0.58,20032.84;0
20000,0.58,20032.84;0
20000,0.58,20032.84;0
20000,0.58,20032.84;0
20000,0.58,20032.84;0
20000,0.58,20032.84;0
20000,0.58,20032.84;0
20000,0.58,20032.84;0
20000,0.58,20032.84;0
20000,0.58,20032.84;0
20000,0.58,20032.84;0
20000,0.58,20032.84;0
20000,0.58,20032.84;0
20000,0.58,20032.84;0
20000,0.58,20032.84;0
20000,0.58,20032.84;0
20000,0.58,20032.84;0
20000,0.58,20032.84;0
20000,0.58,20032.84;0
20000,0.58,20032.84;0
20000,0.58,20032.84;0
20000,0.58,20032.84;0
20000,0.58,20032.84;0
20000,0.58,20032.84;0
20000,0.58,20032.84;0
20000,0.58,20032.84;0
20000,0.58,20032.89;0
20000,0.58,20032.92;0
20000,0.58,20032.95;0
20000,0.58,20032.96;0
20000,0.58,20032.96;0
20000,0.58,20032.97;0
20000,0.58,20032.97;0
20000,0.58,20032.97;0
20000,0.58,20032.97;0
20000,0.58,20032.97;0
20000,0.58,20032.97;0
20000,0.58,20032.98;0
20000,0.58,20032.99;0
20000,0.58,20032.99;0
20000,0.58,20032.99;0
20000,0.58,20032.99;0
20000,0.58,20032.99;0
20000,0.58,20032.99;0
20000,0.58,20032.99;0
20000,0.58,20032.99;0
20000,0.58,20032.99;0
20000,0.58,20032.99;0
20000,0.58,20032.99;0
20000,0.58,20032.99;0
20000,0.58,20032.99;0
20000,0.58,20032.99;0
20000,0.58,20033;0
20000,0.58,20033;0
20000,0.58,20033.01;0
20000,0.58,20033.01;0
20000,0.58,20033.01;0
20000,0.58,20033.01;0
20000,0.58,20033.02;0
20000,0.58,20033.02;0
20000,0.58,20033.02;0
20000,0.58,20033.02;0
20000,0.58,20033.02;0
20000,0.58,20033.02;0
20000,0.58,20033.02;0
20000,0.58,20033.03;0
20000,0.58,20033.04;0
20000,0.58,20033.04;0
20000,0.58,20033.04;0
20000,0.58,20033.04;0
20000,0.58,20033.04;0
20000,0.58,20033.04;0
20000,0.58,20033.04;0
20000,0.58,20033.04;0
20000,0.58,20033.05;0
20000,0.58,20033.06;0
20000,0.58,20033.06;0
20000,0.58,20033.07;0
20000,0.58,20033.07;0
20000,0.58,20033.07;0
20000,0.58,20033.07;0
20000,0.58,20033.07;0
20000,0.58,20033.07;0
20000,0.58,20033.07;0
20000,0.58,20033.07;0
20000,0.58,20033.07;0
20000,0.58,20033.08;0
20000,0.58,20033.09;0
20000,0.58,20033.09;0
20000,0.58,20033.09;0
20000,0.58,20033.09;0
20000,0.58,20033.09;0
20000,0.58,20033.09;0
20000,0.58,20033.09;0
20000,0.58,20033.09;0
20000,0.58,20033.09;0
20000,0.58,20033.1;0
20000,0.58,20033.1;0
20000,0.58,20033.1;0
20000,0.58,20033.11;0
20000,0.58,20033.11;0
20000,0.58,20033.11;0
20000,0.58,20033.11;0
20000,0.58,20033.11;0
20000,0.58,20033.11;0
20000,0.58,20033.11;0
20000,0.58,20033.11;0
20000,0.58,20033.11;0
20000,0.58,20033.11;0
20000,0.58,20033.12;0
20000,0.58,20033.12;0
20000,0.58,20033.12;0
20000,0.58,20033.12;0
20000,0.58,20033.13;0
20000,0.58,20033.13;0
20000,0.58,20033.14;0
20000,0.58,20033.14;0
20000,0.58,20033.14;0
20000,0.58,20033.15;0
20000,0.58,20033.15;0
20000,0.58,20033.16;0
20000,0.58,20033.17;0
20000,0.58,20033.17;0
20000,0.58,20033.18;0
20000,0.58,20033.19;0
20000,0.58,20033.19;0
20000,0.58,20033.19;0
20000,0.58,20033.2;0
20000,0.58,20033.2;0
20000,0.58,20033.21;0
20000,0.58,20033.21;0
20000,0.58,20033.21;0
20000,0.58,20033.22;0
20000,0.58,20033.22;0
20000,0.58,20033.22;0
20000,0.58,20033.22;0
20000,0.58,20033.22;0
20000,0.58,20033.22;0
20000,0.58,20033.23;0
20000,0.58,20033.23;0
20000,0.58,20033.23;0
20000,0.58,20033.23;0
20000,0.58,20033.23;0
20000,0.58,20033.23;0
20000,0.58,20033.23;0
20000,0.58,20033.22;0
20000,0.58,20033.22;0
20000,0.58,20033.22;0
20000,0.58,20033.22;0
20000,0.58,20033.22;0
20000,0.58,20033.22;0
20000,0.58,20033.22;0
20000,0.58,20033.22;0
20000,0.58,20033.22;0
20000,0.58,20033.21;0
20000,0.58,20033.21;0
20000,0.58,20033.21;0
20000,0.58,20033.21;0
20000,0.58,20033.21;0
20000,0.58,20033.21;0
20000,0.58,20033.21;0
20000,0.58,20033.21;0
20000,0.58,20033.21;0
20000,0.58,20033.21;0
20000,0.58,20033.21;0
20000,0.58,20033.21;0
20000,0.58,20033.21;0
20000,0.58,20033.21;0
20000,0.58,20033.21;0
20000,0.58,20033.2;0
20000,0.58,20033.2;0
20000,0.58,20033.2;0
20000,0.58,20033.2;0
20000,0.58,20033.2;0
20000,0.58,20033.2;0
20000,0.58,20033.2;0
20000,0.58,20033.2;0
20000,0.58,20033.2;0
20000,0.58,20033.2;0
20000,0.58,20033.19;0
20000,0.58,20033.19;0
20000,0.58,20033.19;0
20000,0.58,20033.19;0
20000,0.58,20033.19;0
20000,0.58,20033.19;0
20000,0.58,20033.19;0
20000,0.58,20033.19;0
20000,0.58,20033.19;0
20000,0.58,20033.19;0
20000,0.58,20033.19;0
20000,0.58,20033.18;0
20000,0.58,20033.18;0
20000,0.58,20033.18;0
20000,0.58,20033.18;0
20000,0.58,20033.18;0
20000,0.58,20033.18;0
20000,0.58,20033.18;0
20000,0.58,20033.18;0
20000,0.58,20033.18;0
20000,0.58,20033.18;0
20000,0.58,20033.17;0
20000,0.58,20033.17;0
20000,0.58,20033.17;0
20000,0.58,20033.16;0
20000,0.58,20033.16;0
20000,0.58,20033.16;0
20000,0.58,20033.15;0
20000,0.58,20033.15;0
20000,0.58,20033.15;0
20000,0.58,20033.14;0
20000,0.58,20033.13;0
20000,0.58,20033.13;0
20000,0.58,20033.12;0
20000,0.58,20033.11;0
20000,0.58,20033.11;0
20000,0.58,20033.1;0
20000,0.58,20033.09;0
20000,0.58,20033.09;0
20000,0.58,20033.07;0
20000,0.58,20033.07;0
20000,0.58,20033.06;0
20000,0.58,20033.05;0
20000,0.58,20033.05;0
20000,0.58,20033.04;0
20000,0.58,20033.02;0
20000,0.58,20033.02;0
20000,0.58,20033.01;0
20000,0.58,20033.01;0
20000,0.58,20033;0
20000,0.58,20032.98;0
20000,0.58,20032.97;0
20000,0.58,20032.97;0
20000,0.58,20032.95;0
20000,0.58,20032.94;0
20000,0.58,20032.92;0
20000,0.58,20032.91;0
20000,0.58,20032.91;0
20000,0.58,20032.89;0
20000,0.58,20032.88;0
20000,0.58,20032.88;0
20000,0.58,20032.86;0
20000,0.58,20032.84;0
20000,0.58,20032.84;0
20000,0.58,20032.83;0
20000,0.58,20032.81;0
20000,0.58,20032.81;0
20000,0.58,20032.8;0
20000,0.58,20032.78;0
20000,0.58,20032.78;0
20000,0.58,20032.77;0
20000,0.58,20032.75;0
20000,0.58,20032.75;0
20000,0.58,20032.74;0
20000,0.58,20032.72;0
20000,0.58,20032.72;0
20000,0.58,20032.71;0
20000,0.58,20032.71;0
20000,0.58,20032.69;0
20000,0.58,20032.68;0
20000,0.58,20032.68;0
20000,0.58,20032.66;0
20000,0.58,20032.65;0
20000,0.58,20032.65;0
20000,0.58,20032.63;0
20000,0.58,20032.62;0
20000,0.58,20032.6;0
20000,0.58,20032.59;0
20000,0.58,20032.58;0
20000,0.58,20032.58;0
20000,0.58,20032.57;0
20000,0.58,20032.58;0
20000,0.58,20032.58;0
20000,0.58,20032.6;0
20000,0.58,20032.6;0
20000,0.58,20032.6;0
20000,0.58,20032.6;0
20000,0.58,20032.64;0
20000,0.58,20032.64;0
20000,0.58,20032.68;0
20000,0.58,20032.68;0
20000,0.58,20032.74;0
20000,0.58,20032.81;0
20000,0.58,20032.9;0
20000,0.58,20032.9;0
20000,0.58,20033;0
20000,0.58,20033;0
20000,0.58,20033.11;0
20000,0.58,20033.21;0
20000,0.58,20033.21;0
20000,0.58,20033.21;0
20000,0.58,20033.21;0
20000,0.58,20033.31;0
20000,0.58,20033.4;0
20000,0.58,20033.4;0
20000,0.58,20033.5;0
20000,0.58,20033.5;0
20000,0.58,20033.6;0
20000,0.58,20033.72;0
20000,0.58,20033.85;0
20000,0.58,20033.97;0
20000,0.58,20034.1;0
20000,0.58,20034.1;0
20000,0.58,20034.23;0
20000,0.58,20034.23;0
20000,0.58,20034.36;0
20000,0.58,20034.48;0
20000,0.58,20034.48;0
20000,0.58,20034.61;0
20000,0.58,20034.74;0
20000,0.58,20034.74;0
20000,0.58,20034.86;0
20000,0.58,20034.99;0
20000,0.58,20034.99;0
20000,0.58,20035.12;0
20000,0.58,20035.24;0
20000,0.58,20035.24;0
20000,0.58,20035.37;0
20000,0.58,20035.5;0
20000,0.58,20035.5;0
20000,0.58,20035.63;0
20000,0.58,20035.75;0
20000,0.58,20035.75;0
20000,0.58,20035.88;0
20000,0.58,20035.88;0
20000,0.58,20036.01;0
20000,0.58,20036.13;0
20000,0.58,20036.13;0
20000,0.58,20036.26;0
20000,0.58,20036.39;0
20000,0.58,20036.39;0
20000,0.58,20036.39;0
20000,0.58,20036.51;0
20000,0.58,20036.51;0
20000,0.58,20036.51;0
20000,0.58,20036.51;0
20000,0.58,20036.64;0
20000,0.58,20036.64;0
20000,0.58,20036.77;0
20000,0.58,20036.89;0
20000,0.58,20036.89;0
20000,0.58,20037.02;0
20000,0.58,20037.15;0
20000,0.58,20037.15;0
20000,0.58,20037.28;0
20000,0.58,20037.28;0
20000,0.58,20037.28;0
20000,0.58,20037.28;0
20000,0.58,20037.28;0
20000,0.58,20037.28;0
20000,0.58,20037.28;0
20000,0.58,20037.28;0
20000,0.58,20037.28;0
20000,0.58,20037.28;0
20000,0.58,20037.28;0
20000,0.58,20037.28;0
20000,0.58,20037.28;0
20000,0.58,20037.28;0
20000,0.58,20037.28;0
20000,0.58,20037.28;0
20000,0.58,20037.28;0
20000,0.58,20037.28;0
20000,0.58,20037.28;0
20000,0.58,20037.28;0
20000,0.58,20037.28;0
20000,0.58,20037.28;0
20000,0.58,20037.28;0
20000,0.58,20037.28;0
20000,0.58,20037.28;0
20000,0.58,20037.28;0
20000,0.58,20037.28;0
20000,0.58,20037.28;0
20000,0.58,20037.28;0
20000,0.58,20037.28;0
20000,0.58,20037.28;0
20000,0.58,20037.28;0
20000,0.58,20037.28;0
20000,0.58,20037.28;0
20000,0.58,20037.28;0
20000,0.58,20037.28;0
20000,0.58,20037.28;0
20000,0.58,20037.28;0
20000,0.58,20037.28;0
20000,0.58,20037.4;0
20000,0.58,20037.53;0
20000,0.58,20037.53;0
20000,0.58,20037.53;0
20000,0.58,20037.66;0
20000,0.58,20037.66;0
20000,0.58,20037.78;0
20000,0.58,20037.78;0
20000,0.58,20037.78;0
20000,0.58,20037.91;0
20000,0.58,20038.04;0
20000,0.58,20038.04;0
20000,0.58,20038.04;0
20000,0.58,20038.04;0
20000,0.58,20038.04;0
20000,0.58,20038.04;0
20000,0.58,20038.04;0
20000,0.58,20038.04;0
20000,0.58,20038.04;0
20000,0.58,20038.04;0
20000,0.58,20038.04;0
20000,0.58,20038.04;0
20000,0.58,20038.04;0
20000,0.58,20038.04;0
20000,0.58,20038.04;0
20000,0.58,20038.04;0
20000,0.58,20038.04;0
20000,0.58,20038.04;0
20000,0.58,20038.04;0
20000,0.58,20038.04;0
20000,0.58,20038.04;0
20000,0.58,20038.04;0
20000,0.58,20038.04;0
20000,0.58,20038.04;0
20000,0.58,20038.04;0
20000,0.58,20038.04;0
20000,0.58,20038.04;0
20000,0.58,20038.04;0
20000,0.58,20038.04;0
20000,0.58,20038.04;0
20000,0.58,20038.04;0
20000,0.58,20038.04;0
20000,0.58,20038.04;0
20000,0.58,20038.04;0
20000,0.58,20038.04;0
20000,0.58,20038.04;0
20000,0.58,20038.04;0
20000,0.58,20038.04;0
20000,0.58,20038.16;0
20000,0.58,20038.16;0
20000,0.58,20038.16;0
20000,0.58,20038.16;0
20000,0.58,20038.16;0
20000,0.58,20038.16;0
20000,0.58,20038.16;0
20000,0.58,20038.16;0
20000,0.58,20038.16;0
20000,0.58,20038.16;0
20000,0.58,20038.16;0
20000,0.58,20038.16;0
20000,0.58,20038.16;0
20000,0.58,20038.16;0
20000,0.58,20038.16;0
20000,0.58,20038.16;0
20000,0.58,20038.29;0
20000,0.58,20038.29;0
20000,0.58,20038.29;0
20000,0.58,20038.29;0
20000,0.58,20038.29;0
20000,0.58,20038.29;0
20000,0.58,20038.29;0
20000,0.58,20038.29;0
20000,0.58,20038.29;0
20000,0.58,20038.29;0
20000,0.58,20038.29;0
20000,0.58,20038.29;0
20000,0.58,20038.29;0
20000,0.58,20038.29;0
20000,0.58,20038.29;0
20000,0.58,20038.29;0
20000,0.58,20038.29;0
20000,0.58,20038.29;0
20000,0.58,20038.29;0
20000,0.58,20038.29;0
20000,0.58,20038.42;0
20000,0.58,20038.42;0
20000,0.58,20038.55;0
20000,0.58,20038.67;0
20000,0.58,20038.8;0
20000,0.58,20038.8;0
20000,0.58,20038.8;0
20000,0.58,20038.8;0
20000,0.58,20038.8;0
20000,0.58,20038.8;0
20000,0.58,20038.8;0
20000,0.58,20038.8;0
20000,0.58,20038.93;0
20000,0.58,20038.93;0
20000,0.58,20038.93;0
20000,0.58,20038.93;0
20000,0.58,20038.93;0
20000,0.58,20038.93;0
20000,0.58,20038.93;0
20000,0.58,20038.93;0
20000,0.58,20038.93;0
20000,0.58,20038.93;0
20000,0.58,20038.93;0
20000,0.58,20038.93;0
20000,0.58,20038.93;0
20000,0.58,20038.93;0
20000,0.58,20038.93;0
20000,0.58,20038.93;0
20000,0.58,20038.93;0
20000,0.58,20038.93;0
20000,0.58,20038.93;0
20000,0.58,20038.93;0
20000,0.58,20038.93;0
20000,0.58,20038.93;0
20000,0.58,20038.93;0
20000,0.58,20038.93;0
20000,0.58,20038.93;0
20000,0.58,20038.93;0
20000,0.58,20038.93;0
20000,0.58,20038.93;0
20000,0.58,20038.93;0
20000,0.58,20038.93;0
20000,0.58,20038.93;0
20000,0.58,20038.93;0
20000,0.58,20039.05;0
20000,0.58,20039.18;0
20000,0.58,20039.31;0
20000,0.58,20039.44;0
20000,0.58,20039.44;0
20000,0.58,20039.56;0
20000,0.58,20039.69;0
20000,0.58,20039.69;0
20000,0.58,20039.82;0
20000,0.58,20039.94;0
20000,0.58,20039.94;0
20000,0.58,20040.07;0
20000,0.58,20040.2;0
20000,0.58,20040.2;0
20000,0.58,20040.32;0
20000,0.58,20040.32;0
20000,0.58,20040.45;0
20000,0.58,20040.57;0
20000,0.58,20040.69;0
20000,0.58,20040.79;0
20000,0.58,20040.79;0
20000,0.58,20040.89;0
20000,0.58,20040.98;0
20000,0.58,20040.98;0
20000,0.58,20041.07;0
20000,0.58,20041.17;0
20000,0.58,20041.26;0
20000,0.58,20041.26;0
20000,0.58,20041.35;0
20000,0.58,20041.44;0
20000,0.58,20041.53;0
20000,0.58,20041.62;0
20000,0.58,20041.71;0
20000,0.58,20041.71;0
20000,0.58,20041.8;0
20000,0.58,20041.89;0
20000,0.58,20041.89;0
20000,0.58,20041.98;0
20000,0.58,20042.06;0
20000,0.58,20042.06;0
20000,0.58,20042.15;0
20000,0.58,20042.15;0
20000,0.58,20042.24;0
20000,0.58,20042.34;0
20000,0.58,20042.44;0
20000,0.58,20042.44;0
20000,0.58,20042.55;0
20000,0.58,20042.66;0
20000,0.58,20042.66;0
20000,0.58,20042.78;0
20000,0.58,20042.89;0
20000,0.58,20042.89;0
20000,0.58,20043.01;0
20000,0.58,20043.13;0
20000,0.58,20043.24;0
20000,0.58,20043.36;0
20000,0.58,20043.48;0
20000,0.58,20043.48;0
20000,0.58,20043.59;0
20000,0.58,20043.71;0
20000,0.58,20043.71;0
20000,0.58,20043.82;0
20000,0.58,20043.93;0
20000,0.58,20043.93;0
20000,0.58,20044.04;0
20000,0.58,20044.15;0
20000,0.58,20044.15;0
20000,0.58,20044.25;0
20000,0.58,20044.35;0
20000,0.58,20044.35;0
20000,0.58,20044.44;0
20000,0.58,20044.53;0
20000,0.58,20044.53;0
20000,0.58,20044.62;0
20000,0.58,20044.7;0
20000,0.58,20044.7;0
20000,0.58,20044.79;0
20000,0.58,20044.79;0
20000,0.58,20044.88;0
20000,0.58,20044.96;0
20000,0.58,20044.96;0
20000,0.58,20045.04;0
20000,0.58,20045.13;0
20000,0.58,20045.13;0
20000,0.58,20045.21;0
20000,0.58,20045.29;0
20000,0.58,20045.29;0
20000,0.58,20045.36;0
20000,0.58,20045.44;0
20000,0.58,20045.44;0
20000,0.58,20045.52;0
20000,0.58,20045.59;0
20000,0.58,20045.59;0
20000,0.58,20045.66;0
20000,0.58,20045.73;0
20000,0.58,20045.8;0
20000,0.58,20045.87;0
20000,0.58,20045.93;0
20000,0.58,20045.93;0
20000,0.58,20046;0
20000,0.58,20046;0
20000,0.58,20046.06;0
20000,0.58,20046.12;0
20000,0.58,20046.12;0
20000,0.58,20046.18;0
20000,0.58,20046.24;0
20000,0.58,20046.24;0
20000,0.58,20046.3;0
20000,0.58,20046.36;0
20000,0.58,20046.36;0
20000,0.58,20046.42;0
20000,0.58,20046.47;0
20000,0.58,20046.47;0
20000,0.58,20046.53;0
20000,0.58,20046.53;0
20000,0.58,20046.59;0
20000,0.58,20046.59;0
20000,0.58,20046.65;0
20000,0.58,20046.71;0
20000,0.58,20046.71;0
20000,0.58,20046.71;0
20000,0.58,20046.71;0
20000,0.58,20046.71;0
20000,0.58,20046.71;0
20000,0.58,20046.71;0
20000,0.58,20046.71;0
20000,0.58,20046.71;0
20000,0.58,20046.71;0
20000,0.58,20046.71;0
20000,0.58,20046.71;0
20000,0.58,20046.71;0
20000,0.58,20046.71;0
20000,0.58,20046.71;0
20000,0.58,20046.71;0
20000,0.58,20046.71;0
20000,0.58,20046.71;0
20000,0.58,20046.71;0
20000,0.58,20046.71;0
20000,0.58,20046.71;0
20000,0.58,20046.71;0
20000,0.58,20046.71;0
20000,0.58,20046.71;0
20000,0.58,20046.71;0
20000,0.58,20046.71;0
20000,0.58,20046.71;0
20000,0.58,20046.71;0
20000,0.58,20046.71;0
20000,0.58,20046.71;0
20000,0.58,20046.71;0
20000,0.58,20046.71;0
20000,0.58,20046.71;0
20000,0.58,20046.71;0
20000,0.58,20046.71;0
20000,0.58,20046.71;0
20000,0.58,20046.71;0
20000,0.58,20046.71;0
20000,0.58,20046.71;0
20000,0.58,20046.71;0
20000,0.58,20046.71;0
20000,0.58,20046.71;0
20000,0.58,20046.71;0
20000,0.58,20046.71;0
20000,0.58,20046.71;0
20000,0.58,20046.71;0
20000,0.58,20046.71;0
20000,0.58,20046.76;0
20000,0.58,20046.76;0
20000,0.58,20046.79;0
20000,0.58,20046.82;0
20000,0.58,20046.82;0
20000,0.58,20046.83;0
20000,0.58,20046.83;0
20000,0.58,20046.83;0
20000,0.58,20046.83;0
20000,0.58,20046.83;0
20000,0.58,20046.83;0
20000,0.58,20046.83;0
20000,0.58,20046.83;0
20000,0.58,20046.82;0
20000,0.58,20046.82;0
20000,0.58,20046.8;0
20000,0.58,20046.8;0
20000,0.58,20046.8;0
20000,0.58,20046.81;0
20000,0.58,20046.81;0
20000,0.58,20046.81;0
20000,0.58,20046.82;0
20000,0.58,20046.85;0
20000,0.58,20046.85;0
20000,0.58,20046.92;0
20000,0.58,20047.01;0
20000,0.58,20047.01;0
20000,0.58,20047.01;0
20000,0.58,20047.01;0
20000,0.58,20047.01;0
20000,0.58,20047.01;0
20000,0.58,20047.01;0
20000,0.58,20047.08;0
20000,0.58,20047.08;0
20000,0.58,20047.14;0
20000,0.58,20047.14;0
20000,0.58,20047.19;0
20000,0.58,20047.19;0
20000,0.58,20047.19;0
20000,0.58,20047.19;0
20000,0.58,20047.19;0
20000,0.58,20047.19;0
20000,0.58,20047.19;0
20000,0.58,20047.19;0
20000,0.58,20047.19;0
20000,0.58,20047.19;0
20000,0.58,20047.19;0
20000,0.58,20047.19;0
20000,0.58,20047.19;0
20000,0.58,20047.19;0
20000,0.58,20047.19;0
20000,0.58,20047.19;0
20000,0.58,20047.19;0
20000,0.58,20047.19;0
20000,0.58,20047.19;0
20000,0.58,20047.19;0
20000,0.58,20047.19;0
20000,0.58,20047.19;0
20000,0.58,20047.19;0
20000,0.58,20047.19;0
20000,0.58,20047.19;0
20000,0.58,20047.19;0
20000,0.58,20047.19;0
20000,0.58,20047.19;0
20000,0.58,20047.19;0
20000,0.58,20047.19;0
20000,0.58,20047.19;0
20000,0.58,20047.19;0
20000,0.58,20047.19;0
20000,0.58,20047.19;0
20000,0.58,20047.19;0
20000,0.58,20047.19;0
20000,0.58,20047.19;0
20000,0.58,20047.19;0
20000,0.58,20047.19;0
20000,0.58,20047.19;0
20000,0.58,20047.19;0
20000,0.58,20047.19;0
20000,0.58,20047.19;0
20000,0.58,20047.19;0
20000,0.58,20047.19;0
20000,0.58,20047.19;0
20000,0.58,20047.19;0
20000,0.58,20047.19;0
20000,0.58,20047.19;0
20000,0.58,20047.19;0
20000,0.58,20047.19;0
20000,0.58,20047.19;0
20000,0.58,20047.19;0
20000,0.58,20047.19;0
20000,0.58,20047.19;0
20000,0.58,20047.19;0
20000,0.58,20047.19;0
20000,0.58,20047.19;0
20000,0.58,20047.19;0
20000,0.58,20047.19;0
20000,0.58,20047.19;0
20000,0.58,20047.19;0
20000,0.58,20047.19;0
20000,0.58,20047.19;0
20000,0.58,20047.22;0
20000,0.58,20047.22;0
20000,0.58,20047.21;0
20000,0.58,20047.21;0
20000,0.58,20047.21;0
20000,0.58,20047.21;0
20000,0.58,20047.21;0
20000,0.58,20047.21;0
20000,0.58,20047.21;0
20000,0.58,20047.2;0
20000,0.58,20047.2;0
20000,0.58,20047.18;0
20000,0.58,20047.16;0
20000,0.58,20047.16;0
20000,0.58,20047.16;0
20000,0.58,20047.16;0
20000,0.58,20047.16;0
20000,0.58,20047.16;0
20000,0.58,20047.16;0
20000,0.58,20047.16;0
20000,0.58,20047.15;0
20000,0.58,20047.15;0
20000,0.58,20047.15;0
20000,0.58,20047.19;0
20000,0.58,20047.24;0
20000,0.58,20047.24;0
20000,0.58,20047.3;0
20000,0.58,20047.37;0
20000,0.58,20047.37;0
20000,0.58,20047.43;0
20000,0.58,20047.49;0
