20000,0.5,20000;0
20000,0.5800001,20000.25;0.014323
20000,0.5800001,20000.51;0.05729197
20000,0.5800001,20000.76;0.128907
20000,0.5800001,20001.02;0.1861989
20000,0.5800001,20001.27;0.2005219
20000,0.5800001,20001.52;0.2148449
20000,0.5800001,20001.78;0.2148449
20000.01,0.5800001,20002.03;0.2291679
20000.01,0.5800001,20002.29;0.2291679
20000.01,0.5800001,20002.54;0.2434909
20000.01,0.5800001,20002.79;0.2864599
20000.01,0.5800001,20003.05;0.3294289
20000.01,0.5800001,20003.3;0.3437519
20000.01,0.5800001,20003.56;0.3723979
20000.02,0.5800001,20003.81;0.3723979
20000.02,0.5800001,20004.06;0.3723979
20000.02,0.5800001,20004.32;0.4296899
20000.02,0.5800001,20004.57;0.5013048
20000.02,0.5800001,20004.83;0.5872535
20000.03,0.5800001,20005.08;0.6302224
20000.03,0.5800001,20005.33;0.6875145
20000.03,0.5800001,20005.59;0.7304835
20000.04,0.5800001,20005.84;0.8307552
20000.04,0.5800001,20006.1;0.9023702
20000.04,0.5800001,20006.35;0.9739852
20000.05,0.5800001,20006.6;0.9883082
20000.05,0.5800001,20006.86;1.031277
20000.06,0.5800001,20007.11;1.0456
20000.06,0.5800001,20007.37;1.059923
20000.07,0.5800001,20007.62;1.059923
20000.07,0.5800001,20007.87;1.016954
20000.08,0.5800001,20008.13;1.074246
20000.08,0.5800001,20008.38;1.131538
20000.09,0.5800001,20008.63;1.174507
20000.09,0.5800001,20008.89;1.231799
20000.1,0.5800001,20009.14;1.289091
20000.1,0.5800001,20009.4;1.317737
20000.11,0.5800001,20009.65;1.375029
20000.12,0.5800001,20009.9;1.389352
20000.12,0.5800001,20010.16;1.403675
20000.13,0.5800001,20010.41;1.403675
20000.13,0.5800001,20010.67;1.403675
20000.14,0.5800001,20010.92;1.417998
20000.15,0.5800001,20011.17;1.432321
20000.15,0.5800001,20011.43;1.432321
20000.16,0.5800001,20011.68;1.446644
20000.17,0.5800001,20011.94;1.47529
20000.17,0.5800001,20012.19;1.47529
20000.18,0.5800001,20012.44;1.503936
20000.19,0.5800001,20012.7;1.503936
20000.19,0.5800001,20012.95;1.532582
20000.2,0.5800001,20013.21;1.546905
20000.21,0.5800001,20013.46;1.589874
20000.21,0.5800001,20013.71;1.589874
20000.22,0.5800001,20013.97;1.589874
20000.23,0.5800001,20014.22;1.632843
20000.24,0.5800001,20014.47;1.690135
20000.24,0.5800001,20014.73;1.733104
20000.25,0.5800001,20014.98;1.747427
20000.26,0.5800001,20015.24;1.747427
20000.27,0.5800001,20015.49;1.776073
20000.28,0.5800001,20015.74;1.776073
20000.28,0.5800001,20016;1.790396
20000.29,0.5800001,20016.25;1.819042
20000.3,0.5800001,20016.51;1.904991
20000.31,0.5800001,20016.76;1.919314
20000.32,0.5800001,20017.01;1.990929
20000.33,0.5800001,20017.27;2.048221
20000.34,0.5800001,20017.52;2.177139
20000.35,0.5800001,20017.78;2.320379
20000.36,0.5800001,20018.03;2.391994
20000.37,0.5800001,20018.28;2.506589
20000.38,0.5800001,20018.54;2.520912
20000.39,0.5800001,20018.79;2.535235
20000.4,0.5800001,20019.04;2.621183
20000.41,0.5800001,20019.3;2.735778
20000.43,0.5800001,20019.55;2.879019
20000.44,0.5800001,20019.8;3.079551
20000.46,0.5800001,20020.06;3.237115
20000.47,0.5800001,20020.31;3.237115
20000.48,0.5800001,20020.57;3.237115
20000.5,0.5800001,20020.82;3.337387
20000.51,0.5800001,20021.07;3.409002
20000.53,0.5800001,20021.33;3.509273
20000.54,0.5800001,20021.58;3.695483
20000.56,0.5800001,20021.83;3.795754
20000.58,0.5800001,20022.09;3.867369
20000.6,0.5800001,20022.34;3.924661
20000.61,0.5800001,20022.59;3.938985
20000.63,0.5800001,20022.85;3.96763
20000.65,0.5800001,20023.1;4.024922
20000.67,0.5800001,20023.35;4.039246
20000.69,0.5800001,20023.61;4.082215
20000.7,0.5800001,20023.86;4.139507
20000.72,0.5800001,20024.11;4.225456
20000.74,0.5800001,20024.37;4.483292
20000.76,0.5800001,20024.62;4.554906
20000.78,0.5800001,20024.87;4.683824
20000.8,0.5800001,20025.13;4.827065
20000.83,0.5800001,20025.38;4.984628
20000.85,0.5800001,20025.63;4.998951
20000.87,0.5800001,20025.89;5.04192
20000.89,0.5800001,20026.14;5.070566
20000.92,0.5800001,20026.39;5.084889
20000.94,0.5800001,20026.64;5.084889
20000.96,0.5800001,20026.9;5.084889
20000.98,0.5800001,20027.15;5.099212
20001.01,0.5800001,20027.4;5.127858
20001.03,0.5800001,20027.66;5.142181
20001.05,0.5800001,20027.91;5.142181
20001.07,0.5800001,20028.16;5.142181
20001.1,0.5800001,20028.42;5.18515
20001.12,0.5800001,20028.67;5.18515
20001.14,0.5800001,20028.92;5.228119
20001.17,0.5800001,20029.17;5.242443
20001.19,0.5800001,20029.43;5.328391
20001.21,0.5800001,20029.68;5.357037
20001.24,0.5800001,20029.93;5.385684
20001.26,0.5800001,20030.19;5.442975
20001.29,0.5800001,20030.44;5.500267
20001.31,0.5800001,20030.69;5.557558
20001.34,0.5800001,20030.95;5.600527
20001.36,0.5800001,20031.2;5.657819
20001.39,0.5800001,20031.45;5.75809
20001.41,0.5800001,20031.7;5.872685
20001.44,0.5800001,20031.96;5.872685
20001.46,0.5800001,20032.21;5.915654
20001.49,0.5800001,20032.46;6.073218
20001.52,0.5800001,20032.71;6.202136
20001.55,0.5800001,20032.96;6.259428
20001.57,0.5800001,20033.22;6.331042
20001.6,0.5800001,20033.47;6.50293
20001.63,0.5800001,20033.72;6.631847
20001.66,0.5800001,20033.97;6.703462
20001.69,0.5800001,20034.23;6.760754
20001.72,0.5800001,20034.48;6.775077
20001.75,0.5800001,20034.73;6.7894
20001.78,0.5800001,20034.98;6.861015
20001.81,0.5800001,20035.24;6.946964
20001.84,0.5800001,20035.49;7.047235
20001.88,0.5800001,20035.74;7.219122
20001.91,0.5800001,20035.99;7.219122
20001.94,0.5800001,20036.24;7.305071
20001.97,0.5800001,20036.5;7.376685
20002.01,0.5800001,20036.75;7.405332
20002.04,0.5800001,20037;7.49128
20002.07,0.5800001,20037.25;7.577229
20002.11,0.5800001,20037.5;7.677502
20002.14,0.5800001,20037.75;7.763449
20002.18,0.5800001,20038.01;7.835064
20002.21,0.5800001,20038.26;7.86371
20002.24,0.5800001,20038.51;7.906679
20002.28,0.5800001,20038.76;7.992629
20002.32,0.5800001,20039.01;7.992629
20002.35,0.5800001,20039.26;8.021276
20002.39,0.5800001,20039.52;8.064244
20002.42,0.5800001,20039.77;8.13586
20002.46,0.5800001,20040.02;8.221808
20002.5,0.5800001,20040.27;8.293425
20002.53,0.5800001,20040.52;8.365041
20002.57,0.5800001,20040.77;8.422333
20002.61,0.5800001,20041.02;8.422333
20002.64,0.5800001,20041.28;8.450979
20002.68,0.5800001,20041.53;8.465302
20002.72,0.5800001,20041.78;8.508273
20002.76,0.5800001,20042.03;8.522594
20002.79,0.5800001,20042.28;8.551242
20002.83,0.5800001,20042.53;8.565563
