20000,0.5,20000;0
20000,0.5799999,20000.12;359.8797
20000,0.58,20000.24;359.7651
20000,0.58,20000.24;359.7651
20000,0.58,20000.37;359.639
20000,0.58,20000.47;359.5072
20000,0.58,20000.56;359.3926
19999.99,0.58,20000.69;359.2609
19999.99,0.58,20000.83;359.1291
19999.99,0.58,20000.96;358.9973
19999.99,0.58,20001.07;358.877
19999.99,0.58,20001.2;358.7452
19999.98,0.58,20001.32;358.6077
19999.98,0.58,20001.45;358.4931
19999.97,0.58,20001.58;358.3613
19999.97,0.58,20001.71;358.2295
19999.97,0.58,20001.85;358.092
19999.96,0.58,20001.96;357.9774
19999.96,0.58,20002.1;357.8399
19999.95,0.58,20002.23;357.7081
19999.95,0.58,20002.35;357.5993
19999.94,0.58,20002.48;357.4904
19999.94,0.58,20002.62;357.3643
19999.93,0.58,20002.76;357.2326
19999.92,0.58,20002.88;357.1237
19999.92,0.58,20003.02;356.9919
19999.91,0.58,20003.16;356.8601
19999.9,0.58,20003.29;356.7341
19999.89,0.58,20003.41;356.6252
19999.88,0.58,20003.56;356.4991
19999.88,0.58,20003.71;356.3731
19999.87,0.58,20003.84;356.2643
19999.86,0.58,20003.99;356.1554
19999.85,0.58,20004.14;356.0293
19999.84,0.58,20004.28;355.9033
19999.82,0.58,20004.44;355.7887
19999.81,0.58,20004.6;355.6569
19999.8,0.58,20004.73;355.5194
19999.79,0.58,20004.89;355.3819
19999.78,0.58,20005.05;355.2615
19999.76,0.58,20005.21;355.1183
19999.75,0.58,20005.35;354.9808
19999.73,0.58,20005.51;354.8547
19999.72,0.58,20005.67;354.7172
19999.71,0.58,20005.81;354.5797
19999.69,0.58,20005.95;354.4308
19999.68,0.58,20006.11;354.299
19999.66,0.58,20006.26;354.15
19999.65,0.58,20006.39;354.0067
19999.63,0.58,20006.55;353.8864
19999.61,0.58,20006.71;353.7661
19999.6,0.58,20006.87;353.6229
19999.58,0.58,20007;353.4911
19999.56,0.58,20007.16;353.3708
19999.54,0.58,20007.32;353.2332
19999.53,0.58,20007.46;353.09
19999.51,0.58,20007.63;352.9468
19999.48,0.58,20007.79;352.8264
19999.46,0.58,20007.95;352.6832
19999.45,0.58,20008.09;352.5514
19999.43,0.58,20008.25;352.4024
19999.4,0.58,20008.41;352.2535
19999.38,0.58,20008.54;352.1045
19999.37,0.58,20008.68;351.9842
19999.34,0.58,20008.84;351.8352
19999.32,0.58,20009;351.6862
19999.3,0.58,20009.14;351.5545
19999.28,0.58,20009.29;351.394
19999.25,0.58,20009.44;351.2336
19999.23,0.58,20009.59;351.0789
19999.21,0.58,20009.72;350.9471
19999.18,0.58,20009.87;350.7982
19999.16,0.58,20010;350.6606
19999.14,0.58,20010.15;350.5231
19999.11,0.58,20010.29;350.4028
19999.09,0.58,20010.44;350.271
19999.07,0.58,20010.56;350.1393
19999.04,0.58,20010.71;350.0247
19999.01,0.58,20010.86;349.8814
19998.99,0.58,20010.98;349.7439
19998.96,0.58,20011.13;349.6064
19998.94,0.58,20011.27;349.4861
19998.91,0.58,20011.41;349.36
19998.89,0.58,20011.54;349.2282
19998.86,0.58,20011.68;349.1423
19998.83,0.58,20011.81;349.0563
19998.81,0.58,20011.95;348.999
19998.79,0.58,20012.07;348.873
19998.76,0.58,20012.2;348.7756
19998.73,0.58,20012.33;348.6495
19998.73,0.58,20012.37;348.5235
19998.7,0.58,20012.48;348.3974
19998.68,0.58,20012.6;348.2885
19998.65,0.58,20012.72;348.1682
19998.63,0.58,20012.83;348.0422
19998.6,0.58,20012.95;347.9161
19998.58,0.58,20013.06;347.8073
19998.55,0.58,20013.19;347.6984
19998.52,0.58,20013.32;347.5723
19998.49,0.58,20013.44;347.4635
19998.47,0.58,20013.55;347.3374
19998.44,0.58,20013.68;347.2171
19998.41,0.58,20013.81;347.0968
19998.39,0.58,20013.92;346.9879
19998.36,0.58,20014.03;346.8618
19998.33,0.58,20014.16;346.7358
19998.3,0.58,20014.29;346.6327
19998.27,0.58,20014.41;346.5066
19998.24,0.58,20014.54;346.3806
19998.22,0.58,20014.67;346.2602
19998.22,0.58,20014.81;346.1571
19998.22,0.5800002,20014.93;346.0368
19998.22,0.5800004,20015.06;345.9394
19998.22,0.5800005,20015.2;345.8706
19998.22,0.5800006,20015.32;345.8018
19998.22,0.5800005,20015.46;345.6701
19998.22,0.5800004,20015.61;345.5497
19998.22,0.5800006,20015.73;345.4122
19998.22,0.5800007,20015.87;345.2633
19998.22,0.5800009,20016.02;345.1143
19998.22,0.580001,20016.16;344.994
19998.22,0.5800014,20016.29;344.845
19998.22,0.5800017,20016.43;344.7018
19998.22,0.5800022,20016.58;344.5757
19998.22,0.5800023,20016.7;344.4497
19998.22,0.5800024,20016.85;344.3064
19998.22,0.5800022,20016.99;344.1632
19998.22,0.5800024,20017.13;344.0371
19998.22,0.5800028,20017.26;343.8939
19998.22,0.580003,20017.4;343.7678
19998.22,0.5800034,20017.55;343.6418
19998.22,0.5800037,20017.67;343.51
19998.22,0.5800037,20017.82;343.3839
19998.22,0.580004,20017.94;343.2636
19998.22,0.5800043,20018.06;343.1204
19998.22,0.5800046,20018.21;342.9771
19998.22,0.5800043,20018.36;342.8339
19998.22,0.5800044,20018.48;342.7021
19998.22,0.5800042,20018.6;342.5646
19998.22,0.5800045,20018.74;342.4156
19998.22,0.5800039,20018.89;342.2896
19998.22,0.5800038,20019.01;342.1463
19998.22,0.5800043,20019.15;342.0031
19998.22,0.5800044,20019.3;341.8541
19998.22,0.5800048,20019.44;341.7338
19998.22,0.5800049,20019.56;341.5848
19998.22,0.5800049,20019.7;341.4301
19998.22,0.5800052,20019.84;341.3098
19998.22,0.5800053,20019.96;341.1895
19998.22,0.5800052,20020.08;341.0405
19998.22,0.5800058,20020.22;340.8915
19998.22,0.5800063,20020.35;340.7598
19998.22,0.5800064,20020.47;340.6165
19998.22,0.5800062,20020.61;340.479
19998.22,0.5800062,20020.74;340.3415
19998.22,0.5800058,20020.87;340.2155
19998.22,0.5800061,20020.98;340.0779
19998.22,0.5800063,20021.11;339.9461
19998.22,0.5800061,20021.21;339.8373
19998.22,0.5800061,20021.23;339.7284
19998.22,0.5800064,20021.34;339.6024
19998.22,0.5800065,20021.45;339.4706
19998.22,0.5800066,20021.57;339.356
19998.22,0.5800068,20021.66;339.2185
19998.22,0.5800072,20021.78;339.0924
19998.22,0.5800074,20021.9;338.9778
19998.22,0.5800074,20021.9;338.9778
19998.22,0.5800074,20022;338.8403
19998.22,0.5800076,20022.12;338.7085
19998.22,0.5800078,20022.24;338.5939
19998.22,0.580008,20022.35;338.4564
19998.22,0.5800085,20022.47;338.3189
19998.22,0.5800086,20022.6;338.1871
19998.22,0.5800089,20022.72;338.0668
19998.22,0.5800092,20022.82;337.935
19998.22,0.5800096,20022.95;337.8032
19998.22,0.5800101,20023.07;337.6886
19998.22,0.5800105,20023.18;337.574
19998.22,0.5800104,20023.29;337.4423
19998.22,0.5800105,20023.42;337.3162
19998.22,0.580011,20023.53;337.2073
19998.22,0.5800117,20023.66;337.0813
19998.22,0.5800121,20023.79;336.9552
19998.22,0.5800123,20023.91;336.8292
19998.22,0.5800123,20024.02;336.7146
19998.22,0.5800118,20024.16;336.5943
19998.22,0.5800124,20024.29;336.4682
19998.22,0.5800128,20024.41;336.3536
19998.22,0.5800133,20024.54;336.2276
19998.22,0.5800136,20024.68;336.1015
19998.22,0.5800138,20024.82;335.964
19998.22,0.5800142,20024.93;335.8437
19998.22,0.5800145,20025.07;335.7062
19998.22,0.5800152,20025.21;335.5629
19998.22,0.5800156,20025.33;335.4197
19998.22,0.5800157,20025.45;335.2993
19998.22,0.5800157,20025.58;335.1561
19998.22,0.5800153,20025.72;335.0129
19998.22,0.5800155,20025.84;334.8811
19998.22,0.5800157,20025.98;334.7379
19998.22,0.5800157,20026.12;334.5946
19998.22,0.5800154,20026.25;334.4456
19998.22,0.5800153,20026.37;334.3138
19998.22,0.5800152,20026.51;334.1706
19998.22,0.5800161,20026.64;334.0274
19998.22,0.5800158,20026.76;333.9013
19998.22,0.5800157,20026.89;333.7753
19998.22,0.5800152,20027.03;333.632
19998.22,0.5800158,20027.15;333.4945
19998.22,0.5800162,20027.29;333.3742
19998.22,0.5800158,20027.43;333.231
19998.22,0.5800152,20027.57;333.0877
19998.22,0.5800154,20027.69;332.9445
19998.22,0.5800155,20027.8;332.8241
19998.22,0.5800162,20027.94;332.6752
19998.22,0.5800161,20028.08;332.5491
19998.22,0.5800163,20028.2;332.4059
19998.22,0.5800164,20028.34;332.2569
19998.22,0.5800169,20028.46;332.1079
19998.22,0.5800173,20028.6;331.9819
19998.22,0.5800178,20028.74;331.8329
19998.22,0.580018,20028.88;331.6782
19998.22,0.5800186,20028.99;331.5407
19998.22,0.5800186,20029.12;331.386
19998.22,0.5800185,20029.25;331.2313
19998.22,0.5800188,20029.38;331.0709
19998.22,0.5800188,20029.49;330.9391
19998.22,0.5800186,20029.62;330.7787
19998.22,0.5800182,20029.75;330.6354
19998.22,0.5800181,20029.86;330.5151
19998.22,0.5800188,20029.98;330.3948
19998.22,0.5800193,20030.11;330.263
19998.22,0.5800195,20030.21;330.1369
19998.22,0.5800197,20030.32;330.0109
19998.22,0.5800204,20030.44;329.8676
19998.22,0.58002,20030.57;329.7301
19998.22,0.5800203,20030.67;329.5926
19998.22,0.58002,20030.78;329.478
19998.22,0.5800198,20030.89;329.3462
19998.22,0.5800199,20031.01;329.2259
19998.22,0.5800203,20031.11;329.1801
19998.22,0.5800205,20031.23;329.1743
19998.22,0.5800205,20031.23;329.1743
19998.22,0.5800205,20031.23;329.1743
