20000,0.5,20000;0
20000,0.5800976,20000;0
20000,0.5800976,20000.01;0
20000,0.5800976,20000.01;0
20000,0.5800976,20000.02;0.005729198
20000,0.5800976,20000.02;0.005729198
20000,0.5800976,20000.02;0
20000,0.5800976,20000.03;0
20000,0.5800976,20000.03;0
20000,0.5800976,20000.03;0
20000,0.5800976,20000.04;0
20000,0.5800976,20000.04;0.005729198
20000,0.5800976,20000.04;0.005729198
20000,0.5800976,20000.05;0.005729198
20000,0.5800976,20000.05;0.005729198
20000,0.5800976,20000.05;0.005729198
20000,0.5800976,20000.05;0.005729198
20000,0.5800976,20000.06;0.005729198
20000,0.5800976,20000.06;0.005729198
20000,0.5800976,20000.06;0.005729198
20000,0.5800976,20000.06;0.0114584
20000,0.5800976,20000.07;0.0114584
20000,0.5800976,20000.07;0.0114584
20000,0.5800976,20000.07;0.0114584
20000,0.5800976,20000.07;0.0114584
20000,0.5800976,20000.07;0.0114584
20000,0.5800976,20000.08;0.0114584
20000,0.5800976,20000.08;0.0114584
20000,0.5800976,20000.08;0.0114584
20000,0.5800976,20000.08;0.0114584
20000,0.5800976,20000.08;0.01718759
20000,0.5800976,20000.09;0.02291679
20000,0.5800976,20000.09;0.02291679
20000,0.5800976,20000.09;0.02291679
20000,0.5800976,20000.09;0.02291679
20000,0.5800976,20000.09;0.02291679
20000,0.5800976,20000.09;0.02291679
20000,0.5800976,20000.09;0.02291679
20000,0.5800976,20000.09;0.02291679
20000,0.5800976,20000.09;0.02291679
20000,0.5800976,20000.1;0.02864599
20000,0.5800976,20000.1;0.02864599
20000,0.5800976,20000.1;0.02864599
20000,0.5800976,20000.1;0.03437519
20000,0.5800976,20000.1;0.03437519
20000,0.5800976,20000.1;0.04010438
20000,0.5800976,20000.1;0.04010438
20000,0.5800976,20000.1;0.04010438
20000,0.5800976,20000.1;0.04010438
20000,0.5800976,20000.1;0.04583358
20000,0.5800976,20000.1;0.05156277
20000,0.5800976,20000.12;0.05729197
20000,0.5800976,20000.13;0.05729197
20000,0.5800976,20000.16;0.06875037
20000,0.5800976,20000.19;0.08593797
20000,0.5800976,20000.22;0.1031256
20000,0.5800976,20000.25;0.1260424
20000,0.5800976,20000.3;0.1432299
20000,0.5800976,20000.33;0.1604175
20000,0.5800976,20000.37;0.1833344
20000,0.5800976,20000.41;0.2062511
20000,0.5800976,20000.45;0.2234387
20000,0.5800976,20000.49;0.2348971
20000,0.5800976,20000.53;0.2463555
20000,0.5800976,20000.57;0.2520847
20000,0.5800976,20000.61;0.2635431
20000,0.5800976,20000.65;0.2807307
20000,0.5800976,20000.68;0.2921891
20000,0.5800976,20000.72;0.3093767
20000,0.5800976,20000.75;0.3208351
20000,0.5800976,20000.78;0.3380227
20000,0.5800976,20000.82;0.3552103
20000,0.5800976,20000.86;0.3666687
20000,0.5800976,20000.87;0.3208351
20000,0.5800976,20000.86;0.2979183
20000,0.5800976,20000.86;0.28646
20000,0.5800976,20000.86;0.2807308
20000,0.5800976,20000.86;0.2750016
20000,0.5800976,20000.86;0.2750016
20000,0.5800976,20000.86;0.28646
20000,0.5800976,20000.86;0.2979184
20000,0.5800976,20000.86;0.315106
20000,0.5800976,20000.88;0.3208351
20000,0.5800976,20000.9;0.3265643
20000,0.5800976,20000.95;0.3380228
20000,0.5800976,20001;0.3609395
20000,0.5800976,20001.05;0.3895855
20000,0.5800976,20001.11;0.4296899
20000.01,0.5800976,20001.16;0.4411483
20000.01,0.5800976,20001.21;0.4296899
20000.01,0.5800976,20001.23;0.3666687
20000.01,0.5800976,20001.26;0.28072
20000.01,0.5800976,20001.28;0.2291572
20000.01,0.5800976,20001.3;0.2005112
20000.01,0.5800976,20001.31;0.194782
20000.01,0.5800976,20001.31;0.2062404
20000.01,0.5800976,20001.32;0.2176988
20000.01,0.5800976,20001.32;0.2463448
20000.01,0.5800976,20001.32;0.28072
20000.01,0.5800976,20001.33;0.3036368
20000.01,0.5800976,20001.33;0.3208244
20000.01,0.5800976,20001.33;0.3437412
20000.01,0.5800976,20001.33;0.366658
20000.01,0.5800976,20001.33;0.3895748
20000.01,0.5800976,20001.33;0.4182207
20000.01,0.5800976,20001.33;0.4468667
20000.01,0.5800976,20001.33;0.4697836
20000.01,0.5800976,20001.32;0.4927003
20000.01,0.5800976,20001.32;0.5213463
20000.01,0.5800976,20001.31;0.5499923
20000.01,0.5800976,20001.31;0.5729091
20000.01,0.5800976,20001.3;0.5843675
20000.01,0.5800976,20001.3;0.5843675
20000.01,0.5800976,20001.29;0.5843675
20000.01,0.5800976,20001.29;0.5843675
20000.01,0.5800976,20001.29;0.5843675
20000.01,0.5800976,20001.28;0.5843675
20000.01,0.5800976,20001.28;0.5958259
20000.01,0.5800976,20001.28;0.6015551
20000.01,0.5800976,20001.28;0.6072843
20000.01,0.5800976,20001.28;0.6130135
20000.01,0.5800976,20001.28;0.6130135
20000.01,0.5800976,20001.28;0.6072843
20000.01,0.5800976,20001.29;0.6015551
20000.01,0.5800976,20001.29;0.5958259
20000.01,0.5800976,20001.29;0.5900967
20000.01,0.5800976,20001.29;0.5900967
20000.01,0.5800976,20001.29;0.5900967
20000.01,0.5800976,20001.29;0.5900967
20000.01,0.5800976,20001.29;0.5900967
20000.01,0.5800976,20001.29;0.5900967
20000.01,0.5800976,20001.29;0.5900967
20000.01,0.5800976,20001.29;0.5900967
20000.01,0.5800976,20001.29;0.5900967
20000.01,0.5800976,20001.29;0.5900967
20000.01,0.5800976,20001.3;0.5843675
20000.01,0.5800976,20001.3;0.5729091
20000.01,0.5800976,20001.3;0.5671799
20000.01,0.5800976,20001.31;0.5614507
20000.01,0.5800976,20001.31;0.5499923
20000.01,0.5800976,20001.31;0.5385339
20000.01,0.5800976,20001.31;0.5328047
20000.01,0.5800976,20001.32;0.5270755
20000.01,0.5800976,20001.32;0.5213462
20000.01,0.5800976,20001.32;0.5213462
20000.01,0.5800976,20001.32;0.5213462
20000.01,0.5800976,20001.32;0.5213462
20000.01,0.5800976,20001.32;0.5213462
20000.01,0.5800976,20001.32;0.5213462
20000.01,0.5800976,20001.32;0.5156171
20000.01,0.5800976,20001.32;0.5156171
20000.01,0.5800976,20001.32;0.5156171
20000.01,0.5800976,20001.32;0.5156171
20000.01,0.5800976,20001.32;0.5156171
20000.01,0.5800976,20001.32;0.5156171
20000.01,0.5800976,20001.32;0.5213462
20000.01,0.5800976,20001.32;0.5270755
20000.01,0.5800976,20001.32;0.5270755
20000.01,0.5800976,20001.32;0.5270755
20000.01,0.5800976,20001.33;0.5270755
20000.01,0.5800976,20001.33;0.5213462
20000.01,0.5800976,20001.33;0.5213462
20000.01,0.5800976,20001.33;0.5213462
20000.01,0.5800976,20001.33;0.5213462
20000.01,0.5800976,20001.33;0.5213462
20000.01,0.5800976,20001.33;0.5156171
20000.01,0.5800976,20001.33;0.5098878
20000.01,0.5800976,20001.33;0.5098878
20000.01,0.5800976,20001.33;0.5098878
20000.01,0.5800976,20001.33;0.5098878
20000.01,0.5800976,20001.33;0.5098878
20000.01,0.5800976,20001.33;0.5098878
20000.01,0.5800976,20001.33;0.5098878
20000.01,0.5800976,20001.33;0.5098878
20000.01,0.5800976,20001.33;0.5098878
20000.01,0.5800976,20001.33;0.5156171
20000.01,0.5800976,20001.33;0.5156171
20000.01,0.5800976,20001.33;0.5156171
20000.01,0.5800976,20001.33;0.5156171
20000.01,0.5800976,20001.33;0.5156171
20000.01,0.5800976,20001.33;0.5156171
20000.01,0.5800976,20001.33;0.5098878
20000.01,0.5800976,20001.33;0.5098878
20000.01,0.5800976,20001.33;0.5041586
20000.01,0.5800976,20001.33;0.486971
20000.01,0.5800976,20001.33;0.4697835
20000.01,0.5800976,20001.33;0.458325
20000.01,0.5800976,20001.33;0.4468667
20000.01,0.5800976,20001.33;0.4468667
20000.01,0.5800976,20001.33;0.4468667
20000.01,0.5800976,20001.33;0.4468667
20000.01,0.5800976,20001.33;0.4468667
20000.01,0.5800976,20001.33;0.4468667
20000.01,0.5800976,20001.33;0.4468667
20000.01,0.5800976,20001.32;0.4468667
20000.01,0.5800976,20001.32;0.4525958
20000.01,0.5800976,20001.32;0.4525958
20000.01,0.5800976,20001.32;0.4525958
20000.01,0.5800976,20001.32;0.4468667
20000.01,0.5800976,20001.32;0.4411375
20000.01,0.5800976,20001.32;0.4296791
20000.01,0.5800976,20001.32;0.4124915
20000.01,0.5800976,20001.33;0.395304
20000.01,0.5800976,20001.33;0.3781163
20000.01,0.5800976,20001.33;0.3666579
20000.01,0.5800976,20001.34;0.3494703
20000.01,0.5800976,20001.34;0.338012
20000.01,0.5800976,20001.34;0.3265535
20000.01,0.5800976,20001.34;0.3208244
20000.01,0.5800976,20001.34;0.3150952
20000.01,0.5800976,20001.34;0.3150952
20000.01,0.5800976,20001.34;0.3150952
20000.01,0.5800976,20001.34;0.3265536
20000.01,0.5800976,20001.33;0.338012
20000.01,0.5800976,20001.33;0.3437412
20000.01,0.5800976,20001.33;0.3437412
20000.01,0.5800976,20001.33;0.3437412
20000.01,0.5800976,20001.33;0.3437412
20000.01,0.5800976,20001.33;0.3437412
20000.01,0.5800976,20001.34;0.3437412
20000.01,0.5800976,20001.34;0.338012
20000.01,0.5800976,20001.34;0.338012
20000.01,0.5800976,20001.34;0.3322828
20000.01,0.5800976,20001.35;0.3265536
20000.01,0.5800976,20001.35;0.3208244
20000.01,0.5800976,20001.34;0.3208244
20000.01,0.5800976,20001.34;0.3208244
20000.01,0.5800976,20001.34;0.3208244
20000.01,0.5800976,20001.34;0.3208244
20000.01,0.5800976,20001.34;0.3208244
20000.01,0.5800976,20001.34;0.3208244
20000.01,0.5800976,20001.34;0.3322828
20000.01,0.5800976,20001.34;0.338012
20000.01,0.5800976,20001.34;0.338012
20000.01,0.5800976,20001.34;0.338012
20000.01,0.5800976,20001.34;0.338012
20000.01,0.5800976,20001.33;0.3437412
20000.01,0.5800976,20001.33;0.3494704
20000.01,0.5800976,20001.32;0.3551996
20000.01,0.5800976,20001.32;0.3551996
20000.01,0.5800976,20001.32;0.3551996
20000.01,0.5800976,20001.32;0.3551996
20000.01,0.5800976,20001.32;0.3551996
20000.01,0.5800976,20001.32;0.3551996
20000.01,0.5800976,20001.32;0.3551996
20000.01,0.5800976,20001.32;0.3609288
20000.01,0.5800976,20001.32;0.3609288
20000.01,0.5800976,20001.32;0.3609288
20000.01,0.5800976,20001.32;0.3609288
20000.01,0.5800976,20001.32;0.3551996
20000.01,0.5800976,20001.32;0.3494704
20000.01,0.5800976,20001.32;0.3437412
20000.01,0.5800976,20001.32;0.3437412
20000.01,0.5800976,20001.32;0.3437412
20000.01,0.5800976,20001.31;0.338012
20000.01,0.5800976,20001.31;0.338012
20000.01,0.5800976,20001.31;0.3437412
20000.01,0.5800976,20001.31;0.3494704
20000.01,0.5800976,20001.3;0.3551996
20000.01,0.5800976,20001.3;0.3609288
20000.01,0.5800976,20001.3;0.366658
20000.01,0.5800976,20001.3;0.366658
20000.01,0.5800976,20001.3;0.3723872
20000.01,0.5800976,20001.31;0.366658
20000.01,0.5800976,20001.31;0.3551996
20000.01,0.5800976,20001.31;0.3437412
20000.01,0.5800976,20001.32;0.3322828
20000.01,0.5800976,20001.32;0.3208244
20000.01,0.5800976,20001.32;0.3208244
20000.01,0.5800976,20001.32;0.309366
20000.01,0.5800976,20001.32;0.2979077
20000.01,0.5800976,20001.32;0.2979077
20000.01,0.5800976,20001.32;0.3036368
20000.01,0.5800976,20001.31;0.3208244
20000.01,0.5800976,20001.31;0.3208244
20000.01,0.5800976,20001.31;0.3265536
20000.01,0.5800976,20001.31;0.3265536
20000.01,0.5800976,20001.31;0.3265536
20000.01,0.5800976,20001.31;0.3208244
20000.01,0.5800976,20001.32;0.309366
20000.01,0.5800976,20001.32;0.2979076
20000.01,0.5800976,20001.32;0.28072
20000.01,0.5800976,20001.32;0.2692616
20000.01,0.5800976,20001.32;0.2578032
20000.01,0.5800976,20001.32;0.252074
20000.01,0.5800976,20001.32;0.252074
20000.01,0.5800976,20001.31;0.252074
20000.01,0.5800976,20001.31;0.2635324
20000.01,0.5800976,20001.31;0.2692616
20000.01,0.5800976,20001.3;0.2749908
20000.01,0.5800976,20001.3;0.2864492
20000.01,0.5800976,20001.3;0.2864492
20000.01,0.5800976,20001.3;0.2864492
20000.01,0.5800976,20001.3;0.2864492
20000.01,0.5800976,20001.3;0.2807201
20000.01,0.5800976,20001.3;0.2749909
20000.01,0.5800976,20001.31;0.2692616
20000.01,0.5800976,20001.31;0.2635325
20000.01,0.5800976,20001.31;0.2578032
20000.01,0.5800976,20001.31;0.252074
20000.01,0.5800976,20001.3;0.2463448
20000.01,0.5800976,20001.3;0.2463448
20000.01,0.5800976,20001.3;0.2578032
20000.01,0.5800976,20001.3;0.2692616
20000.01,0.5800976,20001.29;0.2749908
20000.01,0.5800976,20001.29;0.28072
20000.01,0.5800976,20001.29;0.2864492
20000.01,0.5800976,20001.3;0.2921784
20000.01,0.5800976,20001.3;0.28072
20000.01,0.5800976,20001.3;0.2692616
20000.01,0.5800976,20001.31;0.252074
20000.01,0.5800976,20001.31;0.2406156
20000.01,0.5800976,20001.31;0.2291572
20000.01,0.5800976,20001.31;0.2176988
20000.01,0.5800976,20001.31;0.2062404
20000.01,0.5800976,20001.3;0.2005112
20000.01,0.5800976,20001.3;0.2005112
20000.01,0.5800976,20001.3;0.2119696
20000.01,0.5800976,20001.29;0.223428
20000.01,0.5800976,20001.29;0.2348864
20000.01,0.5800976,20001.29;0.2406156
20000.01,0.5800976,20001.29;0.2406156
20000.01,0.5800976,20001.29;0.2463448
20000.01,0.5800976,20001.29;0.252074
20000.01,0.5800976,20001.29;0.2463448
20000.01,0.5800976,20001.3;0.2406156
20000.01,0.5800976,20001.3;0.2291572
20000.01,0.5800976,20001.3;0.2176988
20000.01,0.5800976,20001.3;0.2062404
20000.01,0.5800976,20001.3;0.194782
20000.01,0.5800976,20001.3;0.194782
20000.01,0.5800976,20001.3;0.2005112
20000.01,0.5800976,20001.3;0.2119696
20000.01,0.5800976,20001.29;0.223428
20000.01,0.5800976,20001.29;0.2348864
20000.01,0.5800976,20001.29;0.2406156
20000.01,0.5800976,20001.29;0.2406156
20000.01,0.5800976,20001.29;0.2406156
20000.01,0.5800976,20001.29;0.2463448
20000.01,0.5800976,20001.29;0.2406156
20000.01,0.5800976,20001.3;0.2348864
20000.01,0.5800976,20001.3;0.2291572
20000.01,0.5800976,20001.3;0.223428
20000.01,0.5800976,20001.3;0.2176988
20000.01,0.5800976,20001.3;0.2176988
20000.01,0.5800976,20001.3;0.223428
20000.01,0.5800976,20001.3;0.2291572
20000.01,0.5800976,20001.29;0.2348865
20000.01,0.5800976,20001.29;0.2463448
20000.01,0.5800976,20001.29;0.252074
20000.01,0.5800976,20001.29;0.2578033
20000.01,0.5800976,20001.29;0.2578033
20000.01,0.5800976,20001.29;0.2578033
20000.01,0.5800976,20001.29;0.252074
20000.01,0.5800976,20001.29;0.2463448
20000.01,0.5800976,20001.3;0.2406156
20000.01,0.5800976,20001.3;0.2291572
20000.01,0.5800976,20001.3;0.2176988
20000.01,0.5800976,20001.3;0.2119696
20000.01,0.5800976,20001.3;0.2062404
20000.01,0.5800976,20001.3;0.2062404
20000.01,0.5800976,20001.3;0.2062404
20000.01,0.5800976,20001.3;0.2119696
20000.01,0.5800976,20001.29;0.2291572
20000.01,0.5800976,20001.29;0.2348865
20000.01,0.5800976,20001.29;0.2406157
20000.01,0.5800976,20001.29;0.2406157
20000.01,0.5800976,20001.29;0.2348865
20000.01,0.5800976,20001.29;0.2234281
20000.01,0.5800976,20001.29;0.2062405
20000.01,0.5800976,20001.29;0.1890529
20000.01,0.5800976,20001.29;0.1833237
20000.01,0.5800976,20001.3;0.1718653
20000.01,0.5800976,20001.3;0.1661361
20000.01,0.5800976,20001.29;0.1661361
20000.01,0.5800976,20001.29;0.1718653
20000.01,0.5800976,20001.29;0.1775945
20000.01,0.5800976,20001.28;0.1833237
20000.01,0.5800976,20001.28;0.2005112
20000.01,0.5800976,20001.28;0.2176988
20000.01,0.5800976,20001.28;0.223428
20000.01,0.5800976,20001.28;0.2291573
20000.01,0.5800976,20001.29;0.2234281
20000.01,0.5800976,20001.29;0.2176989
20000.01,0.5800976,20001.29;0.2119697
20000.01,0.5800976,20001.3;0.2005113
20000.01,0.5800976,20001.3;0.1947821
20000.01,0.5800976,20001.3;0.1890529
20000.01,0.5800976,20001.29;0.1947821
20000.01,0.5800976,20001.29;0.2005113
20000.01,0.5800976,20001.28;0.2062405
20000.01,0.5800976,20001.28;0.2119697
20000.01,0.5800976,20001.28;0.2176989
20000.01,0.5800976,20001.28;0.2234281
20000.01,0.5800976,20001.28;0.2234281
20000.01,0.5800976,20001.28;0.2291573
20000.01,0.5800976,20001.28;0.2348865
20000.01,0.5800976,20001.28;0.2406157
20000.01,0.5800976,20001.28;0.2406157
20000.01,0.5800976,20001.28;0.2348865
20000.01,0.5800976,20001.29;0.2291573
20000.01,0.5800976,20001.29;0.2291573
20000.01,0.5800976,20001.28;0.2234281
20000.01,0.5800976,20001.28;0.2176989
20000.01,0.5800976,20001.28;0.2176989
20000.01,0.5800976,20001.28;0.2234281
20000.01,0.5800976,20001.27;0.2291573
20000.01,0.5800976,20001.27;0.2348865
20000.01,0.5800976,20001.27;0.2406157
20000.01,0.5800976,20001.27;0.2406157
20000.01,0.5800976,20001.26;0.246345
20000.01,0.5800976,20001.27;0.2520742
20000.01,0.5800976,20001.27;0.2520742
20000.01,0.5800976,20001.27;0.246345
20000.01,0.5800976,20001.28;0.2406157
20000.01,0.5800976,20001.28;0.2348865
20000.01,0.5800976,20001.28;0.2291573
20000.01,0.5800976,20001.28;0.2234281
20000.01,0.5800976,20001.28;0.2234281
20000.01,0.5800976,20001.28;0.2234281
20000.01,0.5800976,20001.28;0.2291573
20000.01,0.5800976,20001.27;0.2348866
20000.01,0.5800976,20001.27;0.2406158
20000.01,0.5800976,20001.27;0.246345
20000.01,0.5800976,20001.27;0.2520742
20000.01,0.5800976,20001.27;0.2578034
20000.01,0.5800976,20001.27;0.2635326
20000.01,0.5800976,20001.28;0.2635326
20000.01,0.5800976,20001.28;0.2635326
20000.01,0.5800976,20001.28;0.2578034
20000.01,0.5800976,20001.29;0.2520742
20000.01,0.5800976,20001.29;0.246345
20000.01,0.5800976,20001.29;0.2406158
20000.01,0.5800976,20001.29;0.2348866
20000.01,0.5800976,20001.28;0.2406158
20000.01,0.5800976,20001.28;0.246345
20000.01,0.5800976,20001.28;0.2520742
20000.01,0.5800976,20001.27;0.2635326
20000.01,0.5800976,20001.27;0.2692618
20000.01,0.5800976,20001.27;0.2692618
20000.01,0.5800976,20001.27;0.2692618
20000.01,0.5800976,20001.28;0.2692618
20000.01,0.5800976,20001.28;0.2692618
20000.01,0.5800976,20001.28;0.2635326
20000.01,0.5800976,20001.29;0.246345
20000.01,0.5800976,20001.29;0.2291574
20000.01,0.5800976,20001.3;0.2234282
20000.01,0.5800976,20001.3;0.217699
20000.01,0.5800976,20001.29;0.217699
20000.01,0.5800976,20001.29;0.2234282
20000.01,0.5800976,20001.29;0.2291574
20000.01,0.5800976,20001.28;0.2348866
20000.01,0.5800976,20001.28;0.246345
20000.01,0.5800976,20001.28;0.2520742
20000.01,0.5800976,20001.28;0.2520742
20000.01,0.5800976,20001.28;0.2578034
20000.01,0.5800976,20001.29;0.2635327
20000.01,0.5800976,20001.29;0.2635327
20000.01,0.5800976,20001.29;0.2520742
20000.01,0.5800976,20001.3;0.2406159
20000.01,0.5800976,20001.3;0.2348866
20000.01,0.5800976,20001.3;0.2348866
20000.01,0.5800976,20001.3;0.2291574
20000.01,0.5800976,20001.3;0.2291574
20000.01,0.5800976,20001.29;0.2348867
20000.01,0.5800976,20001.29;0.2406159
20000.01,0.5800976,20001.29;0.2520743
20000.01,0.5800976,20001.28;0.2578035
20000.01,0.5800976,20001.28;0.2635327
20000.01,0.5800976,20001.28;0.2692619
20000.01,0.5800976,20001.28;0.2749911
20000.01,0.5800976,20001.28;0.2749911
20000.01,0.5800976,20001.29;0.2692619
20000.01,0.5800976,20001.29;0.2635327
20000.01,0.5800976,20001.3;0.2578035
20000.01,0.5800976,20001.3;0.2463451
20000.01,0.5800976,20001.3;0.2406159
20000.01,0.5800976,20001.3;0.2406159
20000.01,0.5800976,20001.3;0.2348867
20000.01,0.5800976,20001.29;0.2406159
20000.01,0.5800976,20001.29;0.2463451
20000.01,0.5800976,20001.29;0.2520743
20000.01,0.5800976,20001.28;0.2578035
20000.01,0.5800976,20001.28;0.2635327
20000.01,0.5800976,20001.28;0.2635327
20000.01,0.5800976,20001.28;0.2692619
20000.01,0.5800976,20001.28;0.2749912
20000.01,0.5800976,20001.29;0.2807204
20000.01,0.5800976,20001.29;0.2864496
20000.01,0.5800976,20001.29;0.2807204
20000.01,0.5800976,20001.29;0.269262
20000.01,0.5800976,20001.29;0.269262
20000.01,0.5800976,20001.29;0.2635328
20000.01,0.5800976,20001.29;0.2578036
20000.01,0.5800976,20001.29;0.2578036
20000.01,0.5800976,20001.29;0.2635328
20000.01,0.5800976,20001.28;0.2749912
20000.01,0.5800976,20001.28;0.2807204
20000.01,0.5800976,20001.28;0.2864496
20000.01,0.5800976,20001.28;0.2864496
20000.01,0.5800976,20001.28;0.2864496
20000.01,0.5800976,20001.28;0.2921788
20000.01,0.5800976,20001.28;0.2921788
20000.01,0.5800976,20001.29;0.2864496
20000.01,0.5800976,20001.29;0.269262
20000.01,0.5800976,20001.29;0.2520744
20000.01,0.5800976,20001.29;0.240616
20000.01,0.5800976,20001.29;0.2234284
20000.01,0.5800976,20001.28;0.2005116
20000.01,0.5800976,20001.28;0.1890532
20000.01,0.5800976,20001.27;0.183324
20000.01,0.5800976,20001.25;0.1775948
20000.01,0.5800976,20001.24;0.1775948
20000.01,0.5800976,20001.23;0.1947824
20000.01,0.5800976,20001.21;0.2176992
20000.01,0.5800976,20001.21;0.2463452
20000.01,0.5800976,20001.2;0.2749912
20000.01,0.5800976,20001.19;0.3093663
20000.01,0.5800976,20001.19;0.3380123
20000.01,0.5800976,20001.19;0.3609291
20000.01,0.5800976,20001.18;0.3895751
20000.01,0.5800976,20001.18;0.418221
20000.01,0.5800976,20001.19;0.4354086
20000.01,0.5800976,20001.19;0.4525962
20000.01,0.5800976,20001.19;0.4697839
20000.01,0.5800976,20001.19;0.475513
20000.01,0.5800976,20001.19;0.475513
20000.01,0.5800976,20001.19;0.475513
20000.01,0.5800976,20001.19;0.475513
20000.01,0.5800976,20001.19;0.475513
20000.01,0.5800976,20001.19;0.475513
20000.01,0.5800976,20001.2;0.475513
20000.01,0.5800976,20001.2;0.475513
20000.01,0.5800976,20001.21;0.475513
20000.01,0.5800976,20001.21;0.4697839
20000.01,0.5800976,20001.22;0.4640546
20000.01,0.5800976,20001.23;0.4525962
20000.01,0.5800976,20001.23;0.4411379
20000.01,0.5800976,20001.23;0.4296795
20000.01,0.5800976,20001.24;0.4182211
20000.01,0.5800976,20001.24;0.4124919
20000.01,0.5800976,20001.24;0.4124919
20000.01,0.5800976,20001.24;0.4182211
20000.01,0.5800976,20001.24;0.4296795
20000.01,0.5800976,20001.24;0.4411379
20000.01,0.5800976,20001.24;0.4525962
20000.01,0.5800976,20001.25;0.4640546
20000.01,0.5800976,20001.26;0.4755131
20000.01,0.5800976,20001.28;0.4869714
20000.01,0.5800976,20001.3;0.4927007
20000.01,0.5800976,20001.32;0.4927007
20000.01,0.5800976,20001.35;0.4755131
20000.01,0.5800976,20001.36;0.4354086
20000.01,0.5800976,20001.38;0.3666583
20000.01,0.5800976,20001.4;0.2864495
20000.01,0.5800976,20001.42;0.2234283
20000.01,0.5800976,20001.45;0.1432195
20000.01,0.5800976,20001.47;0.06301076
20000.01,0.5800976,20001.49;359.9885
20000.01,0.5800976,20001.52;359.9312
20000.01,0.5800976,20001.54;359.8568
20000.01,0.5800976,20001.57;359.7823
20000.01,0.5800976,20001.6;359.7078
20000.01,0.5800976,20001.64;359.6104
20000.01,0.5800976,20001.67;359.513
20000.01,0.5800976,20001.71;359.3984
20000.01,0.5800976,20001.74;359.2895
20000.01,0.5800976,20001.77;359.1577
20000,0.5800976,20001.8;359.0317
20000,0.5800976,20001.84;358.9228
20000,0.5800976,20001.87;358.791
20000,0.5800976,20001.89;358.6421
20000,0.5800976,20001.9;358.5045
20000,0.5800976,20001.91;358.3556
20000,0.5800976,20001.93;358.2181
20000,0.5800976,20001.94;358.0977
20000,0.5800976,20001.95;357.9431
20000,0.5800976,20001.96;357.7826
20000,0.5800976,20001.97;357.6394
20000,0.5800976,20001.98;357.4732
20000,0.5800976,20001.99;357.3185
20000,0.5800976,20002;357.1867
20000,0.5800976,20002.01;357.0378
20000,0.5800976,20002.02;356.8888
20000,0.5800976,20002.03;356.7628
20000,0.5800976,20002.04;356.6367
20000,0.5800976,20002.05;356.4763
20000,0.5800976,20002.06;356.3159
19999.99,0.5800976,20002.06;356.1841
19999.99,0.5800976,20002.07;356.0408
19999.99,0.5800976,20002.08;355.9377
19999.99,0.5800976,20002.1;355.8632
19999.99,0.5800976,20002.11;355.7887
19999.99,0.5800976,20002.11;355.7372
19999.99,0.5800976,20002.12;355.72
19999.99,0.5800976,20002.12;355.7314
19999.99,0.5800976,20002.12;355.783
19999.99,0.5800976,20002.12;355.8403
19999.99,0.5800976,20002.12;355.932
19999.99,0.5800976,20002.12;356.0237
19999.99,0.5800976,20002.12;356.1211
19999.99,0.5800976,20002.11;356.2013
19999.99,0.5800976,20002.1;356.2815
19999.99,0.5800976,20002.1;356.3731
19999.99,0.5800976,20002.1;356.4591
19999.99,0.5800976,20002.1;356.5336
19999.99,0.5800976,20002.11;356.631
19999.99,0.5800976,20002.13;356.7227
19999.99,0.5800976,20002.16;356.7971
19999.99,0.5800976,20002.2;356.8602
19999.98,0.5800976,20002.25;356.9117
19999.98,0.5800976,20002.29;356.9518
19999.98,0.5800976,20002.34;357.0091
19999.98,0.5800976,20002.38;357.0779
19999.97,0.5800976,20002.43;357.1352
19999.97,0.5800976,20002.48;357.2039
19999.97,0.5800976,20002.52;357.2727
19999.97,0.5800976,20002.57;357.3242
19999.96,0.5800976,20002.62;357.3643
19999.96,0.5800976,20002.66;357.4102
19999.96,0.5800976,20002.71;357.4503
19999.96,0.5800976,20002.75;357.5018
19999.96,0.5800976,20002.79;357.5591
19999.96,0.5800976,20002.84;357.6107
19999.96,0.5800976,20002.88;357.668
19999.95,0.5800976,20002.92;357.7195
19999.95,0.5800976,20002.97;357.7711
19999.95,0.5800976,20003.01;357.817
19999.95,0.5800976,20003.06;357.8628
19999.95,0.5800976,20003.1;357.9201
19999.95,0.5800976,20003.14;357.9774
19999.94,0.5800976,20003.18;358.0232
19999.94,0.5800976,20003.22;358.0805
19999.94,0.5800976,20003.27;358.1378
19999.94,0.5800976,20003.31;358.1836
19999.94,0.5800976,20003.35;358.2352
19999.94,0.5800976,20003.39;358.2867
19999.94,0.5800976,20003.43;358.3268
19999.93,0.5800976,20003.48;358.3784
19999.93,0.5800976,20003.52;358.43
19999.93,0.5800976,20003.55;358.4357
19999.93,0.5800976,20003.55;358.4586
19999.93,0.5800976,20003.56;358.5102
19999.93,0.5800976,20003.56;358.5617
19999.93,0.5800976,20003.57;358.6133
19999.93,0.5800976,20003.57;358.6649
19999.93,0.5800976,20003.59;358.705
19999.93,0.5800976,20003.64;358.7222
19999.93,0.5800976,20003.71;358.7336
19999.93,0.5800976,20003.77;358.7565
19999.93,0.5800976,20003.84;358.7909
19999.92,0.5800976,20003.91;358.8425
19999.92,0.5800976,20003.97;358.894
19999.92,0.5800976,20004.04;358.9341
19999.92,0.5800976,20004.11;358.9685
19999.92,0.5800976,20004.16;358.9914
19999.92,0.5800976,20004.23;359.0143
19999.92,0.5800976,20004.3;359.0315
19999.92,0.5800976,20004.36;359.0487
19999.92,0.5800976,20004.42;359.0602
19999.91,0.5800976,20004.49;359.0716
19999.91,0.5800976,20004.56;359.0888
19999.91,0.5800976,20004.62;359.106
19999.91,0.5800976,20004.68;359.1232
19999.91,0.5800976,20004.75;359.1346
19999.91,0.5800976,20004.81;359.1519
19999.91,0.5800976,20004.86;359.169
19999.91,0.5800976,20004.93;359.1862
19999.91,0.5800976,20004.99;359.2034
19999.91,0.5800976,20005.06;359.2149
19999.9,0.5800976,20005.13;359.2263
19999.9,0.5800976,20005.2;359.2378
19999.9,0.5800976,20005.25;359.255
19999.9,0.5800976,20005.32;359.2664
19999.9,0.5800976,20005.38;359.2836
19999.9,0.5800976,20005.45;359.3008
19999.9,0.5800976,20005.52;359.318
19999.9,0.5800976,20005.58;359.3294
19999.9,0.5800976,20005.64;359.3466
19999.9,0.5800976,20005.71;359.3581
19999.9,0.5800976,20005.78;359.3696
19999.9,0.5800976,20005.84;359.3867
19999.9,0.5800976,20005.91;359.3982
19999.89,0.5800976,20005.98;359.4154
19999.89,0.5800976,20006.04;359.4268
19999.89,0.5800976,20006.12;359.4383
19999.89,0.5800976,20006.19;359.4498
19999.89,0.5800976,20006.25;359.4612
19999.89,0.5800976,20006.32;359.4784
19999.89,0.5800976,20006.4;359.4899
19999.89,0.5800976,20006.47;359.5013
19999.89,0.5800976,20006.53;359.507
19999.89,0.5800976,20006.61;359.5185
19999.89,0.5800976,20006.68;359.53
19999.89,0.5800976,20006.75;359.5414
19999.89,0.5800976,20006.82;359.5529
19999.89,0.5800976,20006.9;359.5586
19999.89,0.5800976,20006.97;359.5701
19999.88,0.5800976,20007.04;359.5529
19999.88,0.5800976,20007.11;359.5529
19999.88,0.5800976,20007.19;359.5529
19999.88,0.5800976,20007.26;359.5529
19999.88,0.5800976,20007.37;359.5529
19999.88,0.5800976,20007.5;359.5529
19999.88,0.5800976,20007.61;359.5414
19999.88,0.5800976,20007.81;359.53
19999.88,0.5800976,20008;359.53
19999.88,0.5800976,20008.21;359.53
19999.88,0.5800976,20008.4;359.53
19999.87,0.5800976,20008.61;359.53
19999.87,0.5800976,20008.84;359.53
19999.87,0.5800976,20009.03;359.53
19999.87,0.5800976,20009.26;359.53
19999.87,0.5800976,20009.48;359.53
19999.87,0.5800976,20009.67;359.53
19999.86,0.5800976,20009.89;359.53
19999.86,0.5800976,20010.11;359.53
19999.86,0.5800976,20010.33;359.53
19999.86,0.5800976,20010.52;359.53
19999.86,0.5800976,20010.74;359.5185
19999.85,0.5800976,20010.95;359.4899
19999.85,0.5800976,20011.13;359.4669
19999.85,0.5800976,20011.33;359.444
19999.85,0.5800976,20011.53;359.4211
19999.85,0.5800976,20011.71;359.4154
19999.84,0.5800976,20011.91;359.4154
19999.84,0.5800976,20012.1;359.4154
19999.84,0.5800976,20012.27;359.3982
19999.84,0.5800976,20012.47;359.381
19999.84,0.5800976,20012.67;359.3638
19999.83,0.5800976,20012.83;359.3409
19999.83,0.5800976,20013.03;359.3352
19999.83,0.5800976,20013.22;359.3294
19999.83,0.5800976,20013.42;359.3294
19999.82,0.5800976,20013.61;359.318
19999.82,0.5800976,20013.81;359.2893
19999.82,0.5800976,20014;359.2607
19999.82,0.5800976,20014.17;359.2321
19999.81,0.5800976,20014.36;359.1977
19999.81,0.5800976,20014.52;359.1576
19999.81,0.5800976,20014.71;359.1232
19999.81,0.5800976,20014.89;359.0888
19999.8,0.5800976,20015.05;359.0602
19999.8,0.5800976,20015.23;359.0315
19999.8,0.5800976,20015.41;359.0201
19999.79,0.5800976,20015.59;359.0086
19999.79,0.5800976,20015.78;358.9914
19999.79,0.5800976,20015.94;358.9685
19999.79,0.5800976,20016.12;358.9398
19999.78,0.5800976,20016.28;358.8997
19999.78,0.5800976,20016.47;358.8711
19999.78,0.5800976,20016.66;358.8425
19999.77,0.5800976,20016.82;358.8138
19999.77,0.5800976,20017.01;358.7852
19999.76,0.5800976,20017.2;358.7565
19999.76,0.5800976,20017.37;358.7279
19999.76,0.5800976,20017.55;358.6992
19999.75,0.5800976,20017.74;358.6591
19999.75,0.5800976,20017.91;358.619
19999.74,0.5800976,20018.1;358.5789
19999.74,0.5800976,20018.29;358.5503
19999.73,0.5800976,20018.45;358.5216
19999.73,0.5800976,20018.64;358.4872
19999.72,0.5800976,20018.83;358.4529
19999.72,0.5800976,20019.02;358.4185
19999.71,0.5800976,20019.17;358.3784
19999.71,0.5800976,20019.36;358.344
19999.71,0.5800976,20019.49;358.3097
19999.7,0.5800976,20019.64;358.2753
19999.7,0.5800976,20019.82;358.2352
19999.69,0.5800976,20020;358.1951
19999.68,0.5800976,20020.16;358.155
19999.68,0.5800976,20020.35;358.1091
19999.67,0.5800976,20020.5;358.0748
19999.67,0.5800976,20020.66;358.0404
19999.66,0.5800976,20020.85;358.0003
19999.65,0.5800976,20021.03;357.9716
19999.65,0.5800976,20021.19;357.9315
19999.64,0.5800976,20021.38;357.8914
19999.63,0.5800976,20021.56;357.8571
19999.63,0.5800976,20021.71;357.8227
19999.62,0.5800976,20021.89;357.7883
19999.62,0.5800976,20022.07;357.7539
19999.61,0.5800976,20022.24;357.7195
19999.6,0.5800976,20022.41;357.6852
19999.59,0.5800976,20022.59;357.6565
19999.59,0.5800976,20022.76;357.6279
19999.58,0.5800976,20022.91;357.5992
19999.57,0.5800976,20023.08;357.5706
19999.57,0.5800976,20023.25;357.5419
19999.56,0.5800976,20023.4;357.5076
19999.55,0.5800976,20023.57;357.4732
19999.54,0.5800976,20023.74;357.4503
19999.54,0.5800976,20023.91;357.4216
19999.53,0.5800976,20024.05;357.3987
19999.52,0.5800976,20024.22;357.3815
19999.51,0.5800976,20024.39;357.3529
19999.51,0.5800976,20024.54;357.3185
19999.5,0.5800976,20024.71;357.2841
19999.49,0.5800976,20024.88;357.2555
19999.48,0.5800976,20025.04;357.2154
19999.48,0.5800976,20025.19;357.181
19999.47,0.5800976,20025.36;357.1523
19999.46,0.5800976,20025.53;357.1237
19999.45,0.5800976,20025.67;357.0951
19999.44,0.5800976,20025.85;357.0664
19999.43,0.5800976,20026.02;357.0378
19999.43,0.5800976,20026.16;357.0091
19999.42,0.5800976,20026.3;356.9805
19999.41,0.5800976,20026.47;356.9576
19999.4,0.5800976,20026.64;356.9232
19999.39,0.5800976,20026.79;356.8945
19999.38,0.5800976,20026.96;356.8716
19999.38,0.5800976,20027.13;356.8487
19999.37,0.5800976,20027.27;356.8201
19999.36,0.5800976,20027.44;356.7971
19999.35,0.5800976,20027.62;356.7742
19999.34,0.5800976,20027.76;356.7456
19999.33,0.5800976,20027.93;356.7227
19999.32,0.5800976,20028.09;356.6997
19999.32,0.5800976,20028.16;356.6711
19999.31,0.5800976,20028.23;356.6425
19999.3,0.5800976,20028.36;356.6138
19999.29,0.5800976,20028.55;356.5852
19999.28,0.5800976,20028.73;356.5565
19999.27,0.5800976,20028.93;356.5279
19999.26,0.5800976,20029.13;356.4992
19999.25,0.5800976,20029.3;356.4706
19999.23,0.5800976,20029.5;356.4362
19999.22,0.5800976,20029.71;356.4133
19999.21,0.5800976,20029.91;356.3789
19999.2,0.5800976,20030.09;356.3503
19999.18,0.5800976,20030.29;356.3216
19999.17,0.5800976,20030.47;356.2815
19999.16,0.5800976,20030.67;356.2357
19999.15,0.5800976,20030.88;356.1898
19999.13,0.5800976,20031.04;356.144
19999.12,0.5800976,20031.25;356.0982
19999.11,0.5800976,20031.45;356.0466
19999.09,0.5800976,20031.64;356.0008
19999.08,0.5800976,20031.81;355.9492
19999.07,0.5800976,20032.01;355.8919
19999.05,0.5800976,20032.2;355.8461
19999.04,0.5800976,20032.39;355.7945
19999.03,0.5800976,20032.57;355.743
19999.01,0.5800976,20032.76;355.6971
19999,0.5800976,20032.92;355.6456
19998.98,0.5800976,20033.1;355.5883
19998.97,0.5800976,20033.28;355.5424
19998.96,0.5800976,20033.44;355.4909
19998.95,0.5800976,20033.62;355.4508
19998.93,0.5800976,20033.8;355.3992
19998.92,0.5800976,20033.95;355.3477
19998.9,0.5800976,20034.13;355.3018
19998.89,0.5800976,20034.3;355.256
19998.87,0.5800976,20034.48;355.2044
19998.86,0.5800976,20034.63;355.1529
19998.85,0.5800976,20034.81;355.107
19998.83,0.5800976,20034.98;355.044
19998.82,0.5800976,20035.12;354.9753
19998.8,0.5800976,20035.29;354.9122
19998.79,0.5800976,20035.46;354.8492
19998.78,0.5800976,20035.6;354.7805
19998.76,0.5800976,20035.74;354.7174
19998.75,0.5800976,20035.9;354.6716
19998.73,0.5800976,20036.06;354.6258
19998.72,0.5800976,20036.2;354.5742
19998.7,0.5800976,20036.37;354.5226
19998.69,0.5800976,20036.5;354.4711
19998.68,0.5800976,20036.6;354.3622
19998.67,0.5800976,20036.7;354.1903
19998.67,0.5800976,20036.69;354.1617
19998.67,0.5800976,20036.69;354.1617
19998.67,0.5800976,20036.68;354.156
19998.67,0.5800976,20036.68;354.1617
19998.67,0.5800976,20036.67;354.1732
19998.67,0.5800976,20036.66;354.1903
19998.67,0.5800976,20036.67;354.2075
19998.67,0.5800976,20036.67;354.2247
19998.67,0.5800976,20036.66;354.2476
19998.67,0.5800976,20036.66;354.2763
19998.67,0.5800976,20036.66;354.2992
19998.67,0.5800976,20036.67;354.3106
19998.67,0.5800976,20036.69;354.3049
19998.67,0.5800976,20036.72;354.2992
19998.67,0.5800976,20036.74;354.2648
19998.67,0.5800976,20036.74;354.2018
19998.66,0.5800976,20036.76;354.1331
19998.66,0.5800976,20036.78;354.0815
19998.66,0.5800976,20036.77;354.0757
19998.66,0.5800976,20036.78;354.1044
19998.66,0.5800976,20036.77;354.2247
19998.66,0.5800976,20036.78;354.3451
19998.66,0.5800976,20036.78;354.5227
19998.66,0.5800976,20036.77;354.7289
19998.66,0.5800976,20036.77;354.8664
19998.66,0.5800976,20036.77;355.2274
19998.66,0.5800976,20036.77;355.491
19998.66,0.5800976,20036.77;355.7545
19998.66,0.5800976,20036.78;356.1327
19998.66,0.5800976,20036.78;356.5051
19998.66,0.5800976,20036.78;356.8202
19998.66,0.5800976,20036.78;357.0781
19998.66,0.5800976,20036.78;357.2614
19998.66,0.5800976,20036.79;357.4448
19998.66,0.5800976,20036.79;357.6911
19998.66,0.5800976,20036.79;357.9375
19998.66,0.5800976,20036.79;358.1495
19998.66,0.5800976,20036.8;358.3099
19998.66,0.5800976,20036.8;358.4818
19998.66,0.5800976,20036.81;358.6365
19998.66,0.5800976,20036.8;358.7912
19998.66,0.5800976,20036.8;358.9058
19998.66,0.5800976,20036.81;359.0319
19998.66,0.5800976,20036.8;359.1293
19998.66,0.5800976,20036.8;359.1866
19998.66,0.5800976,20036.8;359.2152
19998.66,0.5800976,20036.8;359.2438
19998.66,0.5800976,20036.79;359.2381
19998.66,0.5800976,20036.8;359.2152
19998.66,0.5800976,20036.81;359.1579
19998.66,0.5800976,20036.81;359.072
19998.66,0.5800976,20036.81;358.9688
19998.66,0.5800976,20036.82;358.7969
19998.66,0.5800976,20036.82;358.7969
19998.66,0.5800976,20036.82;358.5964
19998.66,0.5800976,20036.83;358.3959
19998.66,0.5800976,20036.83;358.1266
19998.66,0.5800976,20036.83;357.8115
19998.66,0.5800976,20036.84;357.5078
19998.66,0.5800976,20036.84;357.1411
19998.66,0.5800976,20036.85;356.7801
19998.66,0.5800976,20036.85;356.7801
19998.66,0.5800976,20036.85;356.4707
19998.66,0.5800976,20036.85;356.1212
19998.66,0.5800976,20036.86;355.7775
19998.66,0.5800976,20036.86;355.5999
19998.66,0.5800976,20036.86;355.5999
19998.66,0.5800976,20036.87;355.3477
19998.66,0.5800976,20036.87;355.1758
19998.66,0.5800976,20036.87;355.0326
19998.66,0.5800976,20036.88;354.7748
19998.66,0.5800976,20036.88;354.6029
19998.66,0.5800976,20036.88;354.431
19998.65,0.5800976,20036.94;354.1961
19998.65,0.5800976,20036.99;353.9039
19998.64,0.5800976,20037.05;353.5773
19998.63,0.5800976,20037.11;353.2736
19998.63,0.5800976,20037.16;352.9069
19998.62,0.5800976,20037.21;352.5574
19998.61,0.5800976,20037.27;352.2767
19998.61,0.5800976,20037.31;352.0074
19998.6,0.5800976,20037.37;351.7152
19998.59,0.5800976,20037.42;351.423
19998.58,0.5800976,20037.47;351.1709
19998.57,0.5800976,20037.53;350.8557
19998.56,0.5800976,20037.58;350.575
19998.55,0.5800976,20037.63;350.2942
19998.55,0.5800976,20037.68;349.9734
19998.54,0.5800976,20037.73;349.6697
19998.53,0.5800976,20037.78;349.4921
19998.52,0.5800976,20037.83;349.2171
19998.51,0.5800976,20037.88;348.9707
19998.5,0.5800976,20037.93;348.6785
19998.49,0.5800976,20037.98;348.3863
19998.48,0.5800976,20038.03;348.1342
19998.47,0.5800976,20038.08;347.8362
19998.46,0.5800976,20038.14;347.5096
19998.44,0.5800976,20038.19;347.183
19998.44,0.5800976,20038.22;346.908
19998.43,0.5800976,20038.26;346.6559
19998.42,0.5800976,20038.3;346.4611
19998.41,0.5800976,20038.32;346.3522
19998.41,0.5800976,20038.34;346.2778
19998.4,0.5800976,20038.35;346.2491
19998.4,0.5800976,20038.37;346.2205
19998.4,0.5800976,20038.38;346.1804
19998.4,0.5800976,20038.38;346.1403
19998.4,0.5800976,20038.38;346.1173
19998.4,0.5800976,20038.38;345.9741
19998.4,0.5800976,20038.36;345.7621
19998.4,0.5800976,20038.36;345.4814
19998.4,0.5800976,20038.36;345.1605
19998.4,0.5800976,20038.36;344.7193
19998.4,0.5800976,20038.36;344.2781
19998.4,0.5800976,20038.36;343.7625
19998.4,0.5800976,20038.35;343.3041
19998.41,0.5800976,20038.35;342.7655
19998.41,0.5800976,20038.35;342.2327
19998.4,0.5800976,20038.36;341.7743
19998.4,0.5800976,20038.38;341.2415
19998.4,0.5800976,20038.37;340.68
19998.4,0.5800976,20038.36;340.1586
19998.4,0.5800976,20038.36;339.5513
19998.4,0.5800976,20038.36;338.9726
19998.4,0.5800976,20038.36;338.5027
19998.4,0.5800976,20038.36;338.0329
19998.4,0.5800976,20038.36;337.6834
19998.4,0.5800976,20038.36;337.4485
19998.4,0.5800976,20038.36;336.9615
19998.4,0.5800976,20038.36;336.3656
19998.4,0.5800976,20038.36;335.7697
19998.4,0.5800976,20038.36;335.1624
19998.4,0.5800976,20038.36;334.641
19998.4,0.5800976,20038.36;334.0394
19998.4,0.5800976,20038.36;333.432
19998.4,0.5800976,20038.36;332.9107
19998.4,0.5800976,20038.36;332.3893
19998.4,0.5800976,20038.36;331.7877
19998.4,0.5800976,20038.36;331.1918
19998.4,0.5800976,20038.36;330.6761
19998.4,0.5800976,20038.36;330.0745
19998.4,0.5800976,20038.36;329.4672
19998.4,0.5800976,20038.36;328.8598
19998.4,0.5800976,20038.36;328.3327
19998.4,0.5800976,20038.37;327.7254
19998.38,0.5800976,20038.39;327.118
19998.37,0.5800976,20038.41;326.6024
19998.34,0.5800976,20038.45;325.9893
19998.3,0.5800976,20038.51;325.3705
19998.27,0.5800976,20038.56;324.7517
19998.22,0.5800976,20038.62;324.2303
19998.18,0.5800976,20038.67;323.7032
19998.15,0.5800976,20038.72;323.3079
19998.12,0.5800976,20038.76;323.0443
19998.1,0.5800976,20038.79;322.8036
19998.09,0.5800976,20038.8;322.6661
19998.07,0.5800976,20038.82;322.6203
19998.07,0.5800976,20038.83;322.6146
19998.07,0.5800976,20038.83;322.6203
19998.07,0.5800976,20038.83;322.626
19998.07,0.5800976,20038.83;322.6547
19998.07,0.5800976,20038.83;322.6776
19998.07,0.5800976,20038.82;322.7005
19998.07,0.5800976,20038.82;322.7349
19998.08,0.5800976,20038.81;322.775
19998.08,0.5800976,20038.81;322.8438
19998.08,0.5800976,20038.81;322.9354
19998.09,0.5800976,20038.8;323.0787
19998.1,0.5800976,20038.79;323.2563
19998.11,0.5800976,20038.77;323.4339
19998.12,0.5800976,20038.75;323.623
19998.14,0.5800976,20038.73;323.8923
19998.16,0.5800976,20038.71;324.173
19998.17,0.5800976,20038.69;324.4251
19998.19,0.5800976,20038.66;324.746
19998.21,0.5800976,20038.64;325.0382
19998.22,0.5800976,20038.62;325.382
19998.22,0.5800976,20038.61;325.7257
19998.22,0.5800976,20038.61;326.1096
19998.22,0.5800976,20038.61;326.4763
19998.22,0.5800976,20038.61;326.9404
19998.22,0.5800976,20038.62;327.4217
19998.21,0.5800976,20038.63;327.84
19998.21,0.5800976,20038.63;328.2582
19998.21,0.5800976,20038.63;328.7395
19998.21,0.5800976,20038.63;329.2265
19998.21,0.5800976,20038.63;329.6505
19998.21,0.5800976,20038.63;330.149
19998.21,0.5800976,20038.63;330.6131
19998.21,0.5800976,20038.63;331.0027
19998.21,0.5800976,20038.63;331.3923
19998.21,0.5800976,20038.63;331.8506
19998.21,0.5800976,20038.63;332.2976
19998.21,0.5800976,20038.63;332.6642
19998.21,0.5800976,20038.63;333.0825
19998.21,0.5800976,20038.63;333.4893
19998.21,0.5800976,20038.63;333.8961
19998.21,0.5800976,20038.63;334.2399
19998.21,0.5800976,20038.63;334.6295
19998.21,0.5800976,20038.63;335.0248
19998.21,0.5800976,20038.63;335.3514
19998.21,0.5800976,20038.63;335.678
19998.21,0.5800976,20038.63;336.0619
19998.21,0.5800976,20038.63;336.4401
19998.21,0.5800976,20038.63;336.7495
19998.21,0.5800976,20038.63;337.1104
19998.21,0.5800976,20038.63;337.4714
19998.21,0.5800976,20038.63;337.8323
19998.21,0.5800976,20038.63;338.136
19998.21,0.5800976,20038.63;338.4798
19998.21,0.5800976,20038.62;338.8121
19998.22,0.5800976,20038.62;339.0928
19998.22,0.5800976,20038.62;339.4137
19998.22,0.5800976,20038.62;339.7231
19998.22,0.5800976,20038.62;340.0325
19998.22,0.5800976,20038.61;340.2961
19998.22,0.5800976,20038.61;340.5997
19998.22,0.5800976,20038.61;340.9091
19998.22,0.5800976,20038.61;341.1784
19998.22,0.5800976,20038.61;341.4821
19998.22,0.5800976,20038.61;341.7858
19998.22,0.5800976,20038.61;342.0894
19998.22,0.5800976,20038.61;342.3473
19998.22,0.5800976,20038.61;342.628
19998.22,0.5800976,20038.61;342.8629
19998.21,0.5800976,20038.64;343.0348
19998.21,0.5800976,20038.66;343.2296
19998.21,0.5800976,20038.66;343.2296
19998.2,0.5800976,20038.67;343.4244
19998.2,0.5800976,20038.69;343.5848
19998.2,0.5800976,20038.68;343.7453
19998.2,0.5800976,20038.68;343.8713
19998.2,0.5800976,20038.69;343.9687
19998.19,0.5800976,20038.71;344.0776
19998.19,0.5800976,20038.71;344.1693
19998.19,0.5800976,20038.71;344.2323
19998.19,0.5800976,20038.71;344.2838
19998.19,0.5800976,20038.72;344.3068
19998.19,0.5800976,20038.72;344.3297
19998.19,0.5800976,20038.72;344.3412
19998.19,0.5800976,20038.72;344.3526
19998.18,0.5800976,20038.73;344.3698
19998.18,0.5800976,20038.74;344.4099
19998.18,0.5800976,20038.74;344.4672
19998.18,0.5800976,20038.74;344.5302
19998.18,0.5800976,20038.74;344.6047
19998.18,0.5800976,20038.74;344.6792
19998.18,0.5800976,20038.73;344.7479
19998.18,0.5800976,20038.74;344.8109
19998.19,0.5800976,20038.72;344.874
19998.19,0.5800976,20038.72;344.9427
19998.19,0.5800976,20038.72;345
19998.19,0.5800976,20038.72;345.0917
19998.19,0.5800976,20038.72;345.2292
19998.19,0.5800976,20038.72;345.3667
19998.19,0.5800976,20038.72;345.5443
19998.19,0.5800976,20038.72;345.8079
19998.19,0.5800976,20038.72;346.1115
19998.19,0.5800976,20038.7;346.3866
19998.19,0.5800976,20038.69;346.7303
19998.19,0.5800976,20038.69;347.097
19998.19,0.5800976,20038.69;347.4637
19998.19,0.5800976,20038.69;347.7903
19998.19,0.5800976,20038.69;348.1799
19998.19,0.5800976,20038.69;348.5581
19998.2,0.5800976,20038.68;348.8789
19998.2,0.5800976,20038.68;349.2513
19998.19,0.5800976,20038.7;349.6238
19998.19,0.5800976,20038.71;349.9904
19998.19,0.5800976,20038.72;350.3113
19998.18,0.5800976,20038.76;350.678
19998.18,0.5800976,20038.75;351.0447
19998.19,0.5800976,20038.75;351.3541
19998.19,0.5800976,20038.73;351.7151
19998.19,0.5800976,20038.72;352.0588
19998.19,0.5800976,20038.71;352.2594
19998.19,0.5800976,20038.69;352.5974
19998.19,0.5800976,20038.68;352.9355
19998.2,0.5800976,20038.66;353.2735
19998.2,0.5800976,20038.64;353.5714
19998.2,0.5800976,20038.62;353.9152
19998.2,0.5800976,20038.6;354.2762
19998.2,0.5800976,20038.58;354.5856
19998.21,0.5800976,20038.56;354.9408
19998.21,0.5800976,20038.55;355.3075
19998.21,0.5800976,20038.54;355.6283
19998.21,0.5800976,20038.54;356.0008
19998.21,0.5800976,20038.54;356.3732
19998.21,0.5800976,20038.54;356.7456
19998.21,0.5800976,20038.53;357.0321
19998.21,0.5800976,20038.53;357.3472
19998.21,0.5800976,20038.53;357.6222
19998.21,0.5800976,20038.53;357.9316
19998.21,0.5800976,20038.53;358.241
19998.21,0.5800976,20038.53;358.5619
19998.21,0.5800976,20038.54;358.7739
19998.21,0.5800976,20038.55;358.9859
19998.21,0.5800976,20038.58;359.1406
19998.21,0.5800976,20038.58;359.2723
19998.21,0.5800976,20038.58;359.4099
19998.21,0.5800976,20038.58;359.6906
19998.21,0.5800976,20038.57;359.9714
19998.21,0.5800976,20038.57;0.06303779
19998.21,0.5800976,20038.59;0.1833617
19998.21,0.5800976,20038.59;0.2120077
19998.21,0.5800976,20038.59;0.4583847
19998.21,0.5800976,20038.62;0.825075
19998.21,0.5800976,20038.64;1.191765
19998.21,0.5800976,20038.65;1.495434
19998.21,0.5800976,20038.66;1.690238
19998.21,0.5800976,20038.67;1.885041
19998.21,0.5800976,20038.67;1.885041
19998.21,0.5800976,20038.68;1.988177
19998.21,0.5800976,20038.69;2.051199
19998.21,0.5800976,20038.7;2.062657
19998.21,0.5800976,20038.71;2.034011
19998.21,0.5800976,20038.72;1.988178
19998.21,0.5800976,20038.73;1.953803
19998.21,0.5800976,20038.74;1.919428
19998.21,0.5800976,20038.74;1.919428
19998.21,0.5800976,20038.75;1.896511
19998.21,0.5800976,20038.76;1.885052
19998.21,0.5800976,20038.77;1.873594
19998.21,0.5800976,20038.78;1.862136
19998.21,0.5800976,20038.79;1.850677
19998.21,0.5800976,20038.8;1.839219
19998.21,0.5800976,20038.8;1.816302
19998.21,0.5800976,20038.8;1.787656
19998.21,0.5800976,20038.8;1.75901
19998.21,0.5800976,20038.79;1.730364
19998.21,0.5800976,20038.79;1.701718
19998.21,0.5800976,20038.79;1.68453
19998.21,0.5800976,20038.79;1.68453
19998.21,0.5800976,20038.79;1.661614
19998.21,0.5800976,20038.79;1.650155
19998.21,0.5800976,20038.79;1.644426
19998.21,0.5800976,20038.79;1.644426
19998.21,0.5800976,20038.78;1.650155
19998.21,0.5800976,20038.78;1.661614
19998.21,0.5800976,20038.78;1.661614
19998.21,0.5800976,20038.78;1.667343
19998.21,0.5800976,20038.78;1.667343
19998.21,0.5800976,20038.78;1.667343
19998.21,0.5800976,20038.78;1.667343
19998.21,0.5800976,20038.78;1.667343
19998.21,0.5800976,20038.78;1.667343
19998.21,0.5800976,20038.78;1.667343
19998.21,0.5800976,20038.78;1.667343
19998.21,0.5800976,20038.78;1.667343
19998.21,0.5800976,20038.78;1.661614
19998.21,0.5800976,20038.78;1.661614
19998.21,0.5800976,20038.78;1.661614
19998.21,0.5800976,20038.77;1.661614
19998.21,0.5800976,20038.77;1.661614
19998.21,0.5800976,20038.77;1.655885
19998.21,0.5800976,20038.77;1.655885
19998.21,0.5800976,20038.77;1.655885
19998.21,0.5800976,20038.77;1.655885
19998.21,0.5800976,20038.77;1.655885
19998.21,0.5800976,20038.77;1.655885
19998.21,0.5800976,20038.77;1.655885
19998.21,0.5800976,20038.77;1.655885
19998.21,0.5800976,20038.77;1.655885
19998.21,0.5800976,20038.77;1.655885
19998.21,0.5800976,20038.77;1.655885
19998.21,0.5800976,20038.77;1.655885
19998.21,0.5800976,20038.77;1.655885
19998.21,0.5800976,20038.78;1.650155
19998.21,0.5800976,20038.78;1.644426
19998.21,0.5800976,20038.78;1.638697
19998.21,0.5800976,20038.78;1.632968
19998.21,0.5800976,20038.78;1.627239
19998.21,0.5800976,20038.79;1.61578
19998.21,0.5800976,20038.79;1.610051
19998.21,0.5800976,20038.79;1.598593
19998.21,0.5800976,20038.79;1.569947
19998.21,0.5800976,20038.79;1.541301
19998.21,0.5800976,20038.8;1.495467
19998.21,0.5800976,20038.8;1.432446
19998.21,0.5800976,20038.82;1.352237
19998.21,0.5800976,20038.85;1.272029
19998.21,0.5800976,20038.91;1.157434
19998.22,0.5800976,20038.97;1.002735
19998.22,0.5800976,20039.03;0.8480356
19998.22,0.5800976,20039.06;0.6933365
19998.22,0.5800976,20039.1;0.4870747
19998.22,0.5800976,20039.13;0.2693545
19998.22,0.5800976,20039.18;0.08600942
19998.22,0.5800976,20039.26;359.8568
19998.22,0.5800976,20039.32;359.6334
19998.22,0.5800976,20039.36;359.45
19998.22,0.5800976,20039.4;359.2552
19998.22,0.5800976,20039.4;359.1693
19998.22,0.5800976,20039.39;359.0547
19998.22,0.5800976,20039.39;358.9401
19998.22,0.5800976,20039.39;358.8828
19998.22,0.5800976,20039.39;358.8713
19998.22,0.5800976,20039.38;358.8599
19998.22,0.5800976,20039.38;358.8255
19998.22,0.5800976,20039.37;358.8083
19998.22,0.5800976,20039.37;358.8083
19998.22,0.5800976,20039.37;358.8083
19998.22,0.5800976,20039.37;358.8255
19998.22,0.5800976,20039.36;358.8542
19998.22,0.5800976,20039.36;358.8828
19998.22,0.5800976,20039.35;358.9057
19998.22,0.5800976,20039.35;358.9057
19998.22,0.5800976,20039.35;358.9057
19998.22,0.5800976,20039.35;358.9057
19998.22,0.5800976,20039.35;358.9057
19998.22,0.5800976,20039.35;358.9057
19998.22,0.5800976,20039.35;358.9057
19998.22,0.5800976,20039.35;358.9057
19998.22,0.5800976,20039.35;358.9057
19998.22,0.5800976,20039.35;358.9057
19998.22,0.5800976,20039.35;358.9286
19998.22,0.5800976,20039.32;358.9515
19998.22,0.5800976,20039.32;358.9515
19998.22,0.5800976,20039.26;358.9745
19998.22,0.5800976,20039.21;358.8943
19998.22,0.5800976,20039.17;358.8026
19998.22,0.5800976,20039.14;358.7224
19998.22,0.5800976,20039.13;358.6364
19998.22,0.5800976,20039.12;358.5505
19998.22,0.5800976,20039.13;358.4817
19998.22,0.5800976,20039.14;358.4474
19998.22,0.5800976,20039.15;358.4359
19998.22,0.5800976,20039.15;358.4416
19998.22,0.5800976,20039.16;358.4645
19998.22,0.5800976,20039.16;358.4932
19998.22,0.5800976,20039.16;358.4989
19998.22,0.5800976,20039.17;358.4932
19998.22,0.5800976,20039.17;358.4875
19998.22,0.5800976,20039.17;358.4645
19998.22,0.5800976,20039.18;358.4416
19998.22,0.5800976,20039.18;358.4302
19998.22,0.5800976,20039.19;358.4244
19998.22,0.5800976,20039.19;358.4187
19998.22,0.5800976,20039.19;358.4244
19998.22,0.5800976,20039.18;358.4531
19998.22,0.5800976,20039.18;358.4989
19998.22,0.5800976,20039.18;358.5447
19998.22,0.5800976,20039.17;358.5906
19998.22,0.5800976,20039.16;358.6192
19998.22,0.5800976,20039.15;358.6364
19998.22,0.5800976,20039.13;358.6651
19998.22,0.5800976,20039.12;358.7052
19998.22,0.5800976,20039.1;358.7338
19998.22,0.5800976,20039.08;358.7395
19998.22,0.5800976,20039.05;358.7453
19998.22,0.5800976,20039.03;358.7567
19998.22,0.5800976,20039.02;358.7395
19998.22,0.5800976,20039.02;358.7395
19998.22,0.5800976,20039.01;358.6937
19998.22,0.5800976,20039;358.6364
19998.22,0.5800976,20038.99;358.5906
19998.22,0.5800976,20038.99;358.5906
19998.22,0.5800976,20038.99;358.5906
19998.22,0.5800976,20038.99;358.5906
19998.22,0.5800976,20038.99;358.5906
19998.22,0.5800976,20038.99;358.5906
19998.22,0.5800976,20038.99;358.5906
19998.23,0.5800976,20038.98;358.6021
19998.23,0.5800976,20038.98;358.5791
19998.22,0.5800976,20038.99;358.5562
19998.22,0.5800976,20038.99;358.5046
19998.22,0.5800976,20038.99;358.413
19998.22,0.5800976,20038.99;358.3328
19998.22,0.5800976,20038.99;358.3328
19998.22,0.5800976,20038.99;358.3328
19998.22,0.5800976,20038.99;358.3328
19998.22,0.5800976,20038.99;358.3557
19998.23,0.5800976,20038.98;358.3729
19998.23,0.5800976,20038.98;358.3729
19998.23,0.5800976,20038.97;358.3385
19998.23,0.5800976,20038.97;358.2984
19998.23,0.5800976,20038.97;358.2468
19998.23,0.5800976,20038.97;358.2182
19998.23,0.5800976,20038.97;358.1895
19998.23,0.5800976,20038.96;358.1781
19998.23,0.5800976,20038.96;358.1723
19998.23,0.5800976,20038.96;358.1666
19998.23,0.5800976,20038.96;358.1322
19998.23,0.5800976,20038.96;358.0635
19998.23,0.5800976,20038.94;358.0291
19998.23,0.5800976,20038.93;357.9947
19998.23,0.5800976,20038.92;357.9661
19998.23,0.5800976,20038.91;357.9432
19998.23,0.5800976,20038.9;357.926
19998.23,0.5800976,20038.89;357.9031
19998.23,0.5800976,20038.88;357.9088
19998.23,0.5800976,20038.88;357.9088
19998.23,0.5800976,20038.88;357.9088
19998.23,0.5800976,20038.88;357.9088
19998.23,0.5800976,20038.88;357.9088
19998.23,0.5800976,20038.88;357.9088
19998.23,0.5800976,20038.86;357.9145
19998.23,0.5800976,20038.82;357.9203
19998.23,0.5800976,20038.8;357.7255
19998.23,0.5800976,20038.8;357.5364
19998.23,0.5800976,20038.8;357.3072
19998.23,0.5800976,20038.8;357.1067
19998.23,0.5800976,20038.8;356.9577
19998.23,0.5800976,20038.8;356.8087
19998.23,0.5800976,20038.8;356.6712
19998.23,0.5800976,20038.8;356.5337
19998.23,0.5800976,20038.8;356.4077
19998.23,0.5800976,20038.8;356.2472
19998.23,0.5800976,20038.8;356.0524
19998.23,0.5800976,20038.8;355.8863
19998.23,0.5800976,20038.8;355.7201
19998.23,0.5800976,20038.8;355.5253
19998.23,0.5800976,20038.8;355.3419
19998.23,0.5800976,20038.8;355.1987
19998.23,0.5800976,20038.8;355.0326
19998.23,0.5800976,20038.8;354.8779
19998.23,0.5800976,20038.8;354.7231
19998.23,0.5800976,20038.8;354.5799
19998.23,0.5800976,20038.8;354.3966
19998.23,0.5800976,20038.8;354.2132
19998.23,0.5800976,20038.8;354.0585
19998.23,0.5800976,20038.79;353.8809
19998.23,0.5800976,20038.79;353.7033
19998.23,0.5800976,20038.79;353.5257
19998.23,0.5800976,20038.8;353.4054
19998.23,0.5800976,20038.82;353.2679
19998.23,0.5800976,20038.83;353.1418
19998.23,0.5800976,20038.82;353.1017
19998.23,0.5800976,20038.81;353.0329
19998.23,0.5800976,20038.81;352.9527
19998.23,0.5800976,20038.8;352.8668
19998.23,0.5800976,20038.79;352.7522
19998.24,0.5800976,20038.77;352.6204
19998.24,0.5800976,20038.75;352.4886
19998.24,0.5800976,20038.73;352.4313
19998.25,0.5800976,20038.7;352.3855
19998.25,0.5800976,20038.68;352.2709
19998.25,0.5800976,20038.66;352.099
19998.25,0.5800976,20038.64;351.9271
19998.26,0.5800976,20038.62;351.7724
19998.26,0.5800976,20038.6;351.6177
19998.26,0.5800976,20038.58;351.4516
19998.27,0.5800976,20038.56;351.3026
19998.27,0.5800976,20038.53;351.1536
19998.27,0.5800976,20038.51;351.0047
19998.28,0.5800976,20038.49;350.8729
19998.28,0.5800976,20038.47;350.7067
19998.28,0.5800976,20038.45;350.5406
19998.29,0.5800976,20038.43;350.3973
19998.29,0.5800976,20038.4;350.2369
19998.29,0.5800976,20038.38;350.0879
19998.3,0.5800976,20038.37;349.9676
19998.3,0.5800976,20038.38;349.8473
19998.29,0.5800976,20038.38;349.7155
19998.29,0.5800976,20038.4;349.5894
19998.29,0.5800976,20038.41;349.5264
19998.29,0.5800976,20038.41;349.4863
19998.29,0.5800976,20038.4;349.4462
19998.29,0.5800976,20038.39;349.4004
19998.29,0.5800976,20038.38;349.3546
19998.3,0.5800976,20038.37;349.2801
19998.3,0.5800976,20038.36;349.1769
19998.3,0.5800976,20038.35;349.0852
19998.3,0.5800976,20038.35;348.9879
19998.3,0.5800976,20038.36;348.8847
19998.3,0.5800976,20038.34;348.7701
19998.31,0.5800976,20038.32;348.6212
19998.31,0.5800976,20038.3;348.4722
19998.31,0.5800976,20038.29;348.3232
19998.32,0.5800976,20038.27;348.1513
19998.32,0.5800976,20038.25;347.9909
19998.33,0.5800976,20038.23;347.8591
19998.33,0.5800976,20038.21;347.7101
19998.33,0.5800976,20038.2;347.5669
19998.34,0.5800976,20038.18;347.4351
19998.34,0.5800976,20038.17;347.2804
19998.34,0.5800976,20038.16;347.12
19998.34,0.5800976,20038.16;346.9596
19998.34,0.5800976,20038.16;346.8278
19998.34,0.5800976,20038.16;346.6845
19998.34,0.5800976,20038.16;346.5929
19998.34,0.5800976,20038.17;346.5012
19998.34,0.5800976,20038.18;346.4439
19998.33,0.5800976,20038.2;346.3866
19998.33,0.5800976,20038.22;346.3293
19998.32,0.5800976,20038.25;346.2892
19998.32,0.5800976,20038.25;346.1631
19998.32,0.5800976,20038.25;346.0715
19998.32,0.5800976,20038.25;346.0027
19998.32,0.5800976,20038.25;345.911
19998.32,0.5800976,20038.24;345.8365
19998.32,0.5800976,20038.24;345.7392
19998.32,0.5800976,20038.24;345.6475
19998.32,0.5800976,20038.24;345.5558
19998.32,0.5800976,20038.26;345.4641
19998.31,0.5800976,20038.27;345.3782
19998.31,0.5800976,20038.28;345.2865
19998.31,0.5800976,20038.29;345.1948
19998.3,0.5800976,20038.31;345.0917
19998.3,0.5800976,20038.33;344.9886
19998.29,0.5800976,20038.34;344.8969
19998.29,0.5800976,20038.35;344.7937
19998.29,0.5800976,20038.35;344.6906
19998.29,0.5800976,20038.36;344.5932
19998.29,0.5800976,20038.37;344.4614
19998.28,0.5800976,20038.4;344.3411
19998.27,0.5800976,20038.42;344.2437
19998.27,0.5800976,20038.45;344.1463
19998.26,0.5800976,20038.47;344.0431
19998.25,0.5800976,20038.5;343.94
19998.25,0.5800976,20038.52;343.854
19998.24,0.5800976,20038.54;343.7566
19998.23,0.5800976,20038.56;343.6707
19998.23,0.5800976,20038.57;343.6134
19998.22,0.5800976,20038.59;343.5561
19998.22,0.5800976,20038.6;343.5045
19998.22,0.5800976,20038.6;343.4644
19998.22,0.5800976,20038.61;343.4472
19998.22,0.5800976,20038.61;343.4358
19998.22,0.5800976,20038.6;343.4358
19998.22,0.5800976,20038.6;343.4415
19998.23,0.5800976,20038.58;343.4587
19998.23,0.5800976,20038.57;343.4874
19998.23,0.5800976,20038.56;343.516
19998.24,0.5800976,20038.55;343.5504
19998.24,0.5800976,20038.54;343.5847
19998.24,0.5800976,20038.53;343.6077
19998.25,0.5800976,20038.52;343.642
19998.25,0.5800976,20038.51;343.6879
19998.25,0.5800976,20038.51;343.7337
19998.25,0.5800976,20038.51;343.791
19998.25,0.5800976,20038.5;343.8426
19998.26,0.5800976,20038.48;343.8941
19998.26,0.5800976,20038.46;343.9171
19998.27,0.5800976,20038.43;343.9285
19998.28,0.5800976,20038.4;343.9457
19998.29,0.5800976,20038.37;343.9743
19998.3,0.5800976,20038.34;344.0202
19998.31,0.5800976,20038.31;344.0832
19998.32,0.5800976,20038.27;344.1462
19998.33,0.5800976,20038.24;344.2494
19998.33,0.5800976,20038.21;344.3926
19998.34,0.5800976,20038.17;344.553
19998.35,0.5800976,20038.14;344.6848
19998.36,0.5800976,20038.11;344.8395
19998.37,0.580097