20000,0.5,20000;0
20000,0.58,20000.25;359.9312
20000,0.58,20000.51;359.8453
20000,0.58,20000.76;359.7479
20000,0.58,20000.76;359.7479
20000,0.58,20001.02;359.6505
19999.99,0.58,20001.27;359.5531
19999.99,0.58,20001.27;359.5531
19999.99,0.58,20001.52;359.4557
19999.99,0.58,20001.78;359.427
19999.99,0.58,20001.78;359.427
19999.99,0.58,20002.03;359.3354
19999.99,0.58,20002.03;359.3354
19999.98,0.58,20002.29;359.2437
19999.98,0.58,20002.54;359.152
19999.98,0.58,20002.54;359.152
19999.97,0.58,20002.79;359.0603
19999.97,0.58,20003.05;358.9514
19999.97,0.58,20003.05;358.9514
19999.97,0.58,20003.07;358.8426
19999.97,0.58,20003.1;358.7624
19999.97,0.58,20003.1;358.7624
19999.96,0.58,20003.27;358.6822
19999.96,0.58,20003.36;358.602
19999.96,0.58,20003.46;358.5275
19999.96,0.58,20003.46;358.5275
19999.96,0.58,20003.52;358.453
19999.96,0.58,20003.57;358.3728
19999.96,0.58,20003.57;358.3728
19999.95,0.58,20003.73;358.2926
19999.95,0.58,20003.88;358.2238
19999.95,0.58,20003.88;358.2238
19999.94,0.58,20004.11;358.1665
19999.94,0.58,20004.11;358.1665
19999.93,0.58,20004.33;358.0978
19999.93,0.58,20004.33;358.0978
19999.93,0.58,20004.33;358.0978
19999.93,0.58,20004.56;358.0348
19999.93,0.58,20004.56;358.0348
19999.93,0.58,20004.56;358.0348
19999.92,0.58,20004.81;357.966
19999.92,0.58,20004.81;357.966
19999.91,0.58,20005.06;357.9259
19999.91,0.58,20005.06;357.9259
19999.9,0.58,20005.32;357.8858
19999.89,0.58,20005.57;357.8629
19999.89,0.58,20005.57;357.8629
19999.88,0.58,20005.83;357.84
19999.87,0.58,20006.08;357.8056
19999.87,0.58,20006.08;357.8056
19999.86,0.58,20006.33;357.7712
19999.85,0.58,20006.59;357.7368
19999.84,0.58,20006.84;357.6853
19999.84,0.58,20006.84;357.6853
19999.84,0.58,20006.84;357.6853
19999.83,0.58,20007.1;357.6337
19999.83,0.58,20007.1;357.6337
19999.83,0.58,20007.1;357.6337
19999.82,0.58,20007.35;357.5822
19999.81,0.58,20007.6;357.5191
19999.81,0.58,20007.6;357.5191
19999.79,0.58,20007.86;357.4561
19999.78,0.58,20008.11;357.3644
19999.77,0.58,20008.36;357.3129
19999.77,0.58,20008.36;357.3129
19999.76,0.58,20008.62;357.2613
19999.75,0.58,20008.87;357.2556
19999.75,0.58,20008.87;357.2556
19999.74,0.58,20009.13;357.2498
19999.72,0.58,20009.38;357.2384
19999.72,0.58,20009.38;357.2384
19999.71,0.58,20009.63;357.2269
19999.7,0.58,20009.89;357.2212
19999.69,0.58,20010.14;357.2155
19999.67,0.58,20010.39;357.1983
19999.67,0.58,20010.39;357.1983
19999.66,0.58,20010.65;357.1811
19999.65,0.58,20010.9;357.1639
19999.65,0.58,20010.9;357.1639
19999.64,0.58,20011.15;357.1467
19999.62,0.58,20011.41;357.1066
19999.62,0.58,20011.41;357.1066
19999.61,0.58,20011.66;357.0665
19999.6,0.58,20011.92;357.0092
19999.58,0.58,20012.17;356.9519
19999.57,0.58,20012.42;356.8889
19999.57,0.58,20012.42;356.8889
19999.56,0.58,20012.68;356.8259
19999.54,0.58,20012.93;356.7743
19999.54,0.58,20012.93;356.7743
19999.53,0.58,20013.18;356.7228
19999.51,0.58,20013.44;356.6368
19999.51,0.58,20013.44;356.6368
19999.5,0.58,20013.69;356.5509
19999.48,0.58,20013.95;356.4821
19999.46,0.58,20014.2;356.4306
19999.46,0.58,20014.2;356.4306
19999.45,0.58,20014.45;356.379
19999.43,0.58,20014.71;356.2988
19999.42,0.58,20014.96;356.2186
19999.4,0.58,20015.21;356.1384
19999.4,0.58,20015.21;356.1384
19999.39,0.58,20015.37;356.0582
19999.38,0.58,20015.53;355.9722
19999.37,0.58,20015.69;355.8805
19999.37,0.58,20015.69;355.8805
19999.37,0.58,20015.69;355.8805
19999.36,0.58,20015.73;355.8061
19999.36,0.58,20015.73;355.8061
19999.36,0.58,20015.73;355.8061
19999.36,0.58,20015.75;355.7316
19999.36,0.58,20015.77;355.6743
19999.36,0.58,20015.77;355.6743
19999.36,0.58,20015.8;355.6113
19999.35,0.58,20015.87;355.5482
19999.35,0.58,20015.95;355.5024
19999.35,0.58,20015.95;355.5024
19999.33,0.58,20016.1;355.4566
19999.32,0.58,20016.25;355.4165
19999.32,0.58,20016.25;355.4165
19999.32,0.58,20016.29;355.3764
19999.31,0.58,20016.33;355.3592
19999.31,0.58,20016.33;355.3592
19999.31,0.58,20016.33;355.3592
19999.31,0.58,20016.37;355.3477
19999.31,0.58,20016.37;355.3477
19999.31,0.58,20016.41;355.3191
19999.31,0.58,20016.41;355.3191
19999.31,0.58,20016.41;355.3191
19999.3,0.58,20016.45;355.2961
19999.3,0.58,20016.45;355.2961
19999.29,0.58,20016.66;355.2733
19999.27,0.58,20016.88;355.2446
19999.27,0.58,20016.88;355.2446
19999.25,0.58,20017.13;355.2045
19999.23,0.58,20017.38;355.1644
19999.21,0.58,20017.63;355.1357
19999.21,0.58,20017.63;355.1357
19999.18,0.58,20017.89;355.1071
19999.16,0.58,20018.14;355.0899
19999.16,0.58,20018.14;355.0899
19999.14,0.58,20018.39;355.0727
19999.12,0.58,20018.65;355.0498
19999.12,0.58,20018.65;355.0498
19999.1,0.58,20018.9;355.0383
19999.1,0.58,20018.9;355.0383
19999.07,0.58,20019.15;355.0269
19999.07,0.58,20019.15;355.0269
19999.07,0.58,20019.15;355.0269
19999.05,0.58,20019.4;355.0097
19999.05,0.58,20019.4;355.0097
19999.05,0.58,20019.4;355.0097
19999.03,0.58,20019.66;354.9925
19999.03,0.58,20019.66;354.9925
19999.01,0.58,20019.91;354.9581
19999.01,0.58,20019.91;354.9581
19998.99,0.58,20020.14;354.9238
19998.97,0.58,20020.37;354.8951
19998.97,0.58,20020.37;354.8951
19998.97,0.58,20020.37;354.8951
19998.95,0.58,20020.63;354.8722
19998.95,0.58,20020.63;354.8722
19998.92,0.58,20020.88;354.8493
19998.9,0.58,20021.13;354.8378
19998.88,0.58,20021.36;354.8264
19998.86,0.58,20021.6;354.8264
19998.86,0.58,20021.6;354.8264
19998.83,0.58,20021.85;354.8264
19998.81,0.58,20022.1;354.8206
19998.81,0.58,20022.1;354.8206
19998.79,0.58,20022.36;354.8149
19998.77,0.58,20022.61;354.8092
19998.77,0.58,20022.61;354.8092
19998.74,0.58,20022.85;354.8034
19998.72,0.58,20023.09;354.7977
19998.7,0.58,20023.35;354.7863
19998.7,0.58,20023.35;354.7863
19998.7,0.58,20023.35;354.7863
19998.67,0.58,20023.6;354.7748
19998.65,0.58,20023.85;354.7519
19998.65,0.58,20023.85;354.7519
19998.63,0.58,20024.09;354.729
19998.61,0.58,20024.32;354.7232
19998.61,0.58,20024.32;354.7232
19998.58,0.58,20024.58;354.7175
19998.56,0.58,20024.83;354.7061
19998.54,0.58,20025.08;354.6946
19998.54,0.58,20025.08;354.6946
19998.52,0.58,20025.31;354.6831
19998.49,0.58,20025.54;354.6774
19998.49,0.58,20025.54;354.6774
19998.47,0.58,20025.8;354.6717
19998.45,0.58,20026.05;354.6717
19998.45,0.58,20026.05;354.6717
19998.42,0.58,20026.3;354.6717
19998.4,0.58,20026.55;354.6602
19998.38,0.58,20026.81;354.6259
19998.38,0.58,20026.81;354.6259
19998.35,0.58,20027.05;354.6029
19998.35,0.58,20027.05;354.6029
19998.35,0.58,20027.05;354.6029
19998.34,0.58,20027.23;354.58
19998.32,0.58,20027.42;354.5342
19998.32,0.58,20027.42;354.5342
19998.3,0.58,20027.6;354.5113
19998.3,0.58,20027.64;354.4883
19998.29,0.58,20027.68;354.4769
19998.29,0.58,20027.68;354.4769
19998.28,0.58,20027.85;354.4654
19998.26,0.58,20028.02;354.4482
19998.26,0.58,20028.02;354.4482
19998.25,0.58,20028.11;354.4311
19998.24,0.58,20028.21;354.4081
19998.24,0.58,20028.21;354.4081
19998.24,0.58,20028.22;354.3852
19998.24,0.58,20028.23;354.3795
19998.24,0.58,20028.24;354.3795
19998.24,0.58,20028.24;354.3795
19998.24,0.58,20028.24;354.3795
19998.24,0.58,20028.24;354.3795
19998.24,0.58,20028.25;354.3795
19998.24,0.58,20028.25;354.3795
19998.22,0.58,20028.41;354.3795
19998.22,0.58,20028.41;354.3795
19998.22,0.58,20028.41;354.3795
19998.22,0.58,20028.45;354.3737
19998.22,0.58,20028.46;354.368
19998.22,0.58,20028.47;354.3623
19998.22,0.58,20028.47;354.3623
19998.2,0.58,20028.63;354.3566
19998.19,0.58,20028.78;354.3508
19998.19,0.58,20028.78;354.3508
19998.16,0.58,20029.02;354.3394
19998.16,0.58,20029.02;354.3394
19998.14,0.58,20029.22;354.3336
19998.14,0.58,20029.22;354.3336
19998.12,0.58,20029.47;354.3336
19998.12,0.58,20029.47;354.3336
19998.12,0.58,20029.47;354.3336
19998.09,0.58,20029.71;354.3279
19998.09,0.58,20029.71;354.3279
19998.09,0.58,20029.71;354.3279
19998.07,0.58,20029.91;354.3279
19998.07,0.58,20029.91;354.3279
19998.05,0.58,20030.15;354.3222
19998.05,0.58,20030.15;354.3222
19998.03,0.58,20030.36;354.3165
19998.01,0.58,20030.56;354.3165
19998.01,0.58,20030.56;354.3165
19997.98,0.58,20030.8;354.3165
19997.96,0.58,20031.04;354.3165
19997.96,0.58,20031.04;354.3165
19997.94,0.58,20031.28;354.3165
19997.91,0.58,20031.52;354.3107
19997.89,0.58,20031.73;354.305
19997.89,0.58,20031.73;354.305
19997.87,0.58,20031.97;354.2993
19997.84,0.58,20032.21;354.2935
19997.84,0.58,20032.21;354.2935
19997.82,0.58,20032.44;354.2878
19997.8,0.58,20032.68;354.2706
19997.8,0.58,20032.68;354.2706
19997.8,0.58,20032.68;354.2706
19997.78,0.58,20032.88;354.2592
19997.78,0.58,20032.88;354.2592
19997.76,0.58,20033.1;354.2592
19997.76,0.58,20033.1;354.2592
19997.73,0.58,20033.33;354.2592
19997.71,0.58,20033.55;354.2592
19997.71,0.58,20033.55;354.2592
19997.69,0.58,20033.75;354.2592
19997.67,0.58,20033.94;354.2592
19997.67,0.58,20033.94;354.2592
19997.65,0.58,20034.17;354.2592
19997.65,0.58,20034.17;354.2592
19997.63,0.58,20034.4;354.2592
19997.63,0.58,20034.4;354.2592
19997.6,0.58,20034.6;354.2592
19997.58,0.58,20034.8;354.2534
19997.58,0.58,20034.8;354.2534
19997.56,0.58,20035.04;354.2477
19997.54,0.58,20035.27;354.2477
19997.54,0.58,20035.27;354.2477
19997.51,0.58,20035.51;354.2477
19997.49,0.58,20035.74;354.2477
19997.47,0.58,20035.94;354.2477
19997.47,0.58,20035.94;354.2477
19997.45,0.58,20036.18;354.2477
19997.42,0.58,20036.41;354.2477
19997.42,0.58,20036.41;354.2477
19997.4,0.58,20036.65;354.2477
19997.37,0.58,20036.89;354.2477
19997.35,0.58,20037.1;354.2477
19997.33,0.58,20037.33;354.2477
19997.3,0.58,20037.56;354.2477
19997.3,0.58,20037.56;354.2477
19997.28,0.58,20037.8;354.2477
19997.26,0.58,20038.04;354.242
19997.26,0.58,20038.04;354.242
19997.24,0.58,20038.25;354.2363
19997.22,0.58,20038.45;354.2363
19997.22,0.58,20038.45;354.2363
19997.19,0.58,20038.69;354.2363
19997.17,0.58,20038.93;354.2363
19997.14,0.58,20039.16;354.2363
19997.14,0.58,20039.16;354.2363
19997.13,0.58,20039.36;354.2363
19997.11,0.58,20039.55;354.2363
19997.11,0.58,20039.55;354.2363
19997.08,0.58,20039.78;354.2363
19997.06,0.58,20040;354.2363
19997.06,0.58,20040;354.2363
19997.06,0.58,20040;354.2363
19997.04,0.58,20040.24;354.2363
19997.01,0.58,20040.46;354.2363
19996.99,0.58,20040.68;354.2363
19996.99,0.58,20040.68;354.2363
19996.98,0.58,20040.79;354.2363
19996.97,0.58,20040.91;354.2305
19996.97,0.58,20040.91;354.2305
19996.95,0.58,20041.09;354.2248
19996.93,0.58,20041.27;354.2248
19996.93,0.58,20041.27;354.2248
19996.93,0.58,20041.29;354.2248
19996.93,0.58,20041.32;354.2248
19996.93,0.58,20041.32;354.2248
19996.92,0.58,20041.34;354.2248
19996.92,0.58,20041.34;354.2248
19996.92,0.58,20041.34;354.2248
19996.92,0.58,20041.36;354.2248
19996.92,0.58,20041.36;354.2248
19996.92,0.58,20041.36;354.2248
19996.92,0.58,20041.39;354.2248
19996.92,0.58,20041.39;354.2248
19996.92,0.58,20041.41;354.2191
19996.92,0.58,20041.41;354.2191
19996.91,0.58,20041.44;354.2191
19996.91,0.58,20041.44;354.2191
19996.91,0.58,20041.44;354.2191
19996.91,0.58,20041.46;354.2191
19996.91,0.58,20041.46;354.2191
19996.91,0.58,20041.46;354.2191
19996.91,0.58,20041.48;354.2191
19996.91,0.58,20041.48;354.2191
19996.91,0.58,20041.48;354.2191
19996.91,0.58,20041.52;354.2191
19996.91,0.58,20041.52;354.2191
19996.9,0.58,20041.56;354.2191
19996.9,0.58,20041.56;354.2191
19996.9,0.58,20041.56;354.2191
19996.9,0.58,20041.6;354.2191
19996.9,0.58,20041.6;354.2191
19996.9,0.58,20041.6;354.2191
19996.89,0.58,20041.63;354.2191
19996.89,0.58,20041.63;354.2191
19996.89,0.58,20041.67;354.2191
19996.89,0.58,20041.67;354.2191
19996.89,0.58,20041.71;354.2191
19996.89,0.58,20041.71;354.2191
19996.89,0.58,20041.71;354.2191
19996.87,0.58,20041.85;354.2191
19996.86,0.58,20041.98;354.2191
19996.86,0.58,20041.98;354.2191
19996.84,0.58,20042.15;354.2191
19996.83,0.58,20042.32;354.2191
19996.81,0.58,20042.49;354.2191
19996.81,0.58,20042.49;354.2191
19996.79,0.58,20042.63;354.2191
19996.78,0.58,20042.78;354.2191
19996.78,0.58,20042.78;354.2191
19996.76,0.58,20042.93;354.2191
19996.75,0.58,20043.09;354.2191
