20000,0.5,20000;0
20000,0.58,20000.25;359.8396
20000,0.58,20000.51;359.6276
19999.99,0.58,20000.76;359.4156
19999.99,0.58,20001.02;359.1635
19999.99,0.58,20001.02;359.1635
19999.99,0.58,20001.27;358.9114
19999.98,0.58,20001.52;358.7051
19999.98,0.58,20001.52;358.7051
19999.97,0.58,20001.78;358.4988
19999.97,0.58,20002.03;358.2525
19999.96,0.58,20002.29;358.0061
19999.96,0.58,20002.29;358.0061
19999.96,0.58,20002.29;358.0061
19999.95,0.58,20002.54;357.8056
19999.95,0.58,20002.54;357.8056
19999.95,0.58,20002.54;357.8056
19999.94,0.58,20002.79;357.605
19999.93,0.58,20003.05;357.3644
19999.91,0.58,20003.3;357.1237
19999.9,0.58,20003.55;357.0092
19999.89,0.58,20003.81;356.9003
19999.89,0.58,20003.81;356.9003
19999.87,0.58,20004.06;356.7914
19999.86,0.58,20004.31;356.757
19999.86,0.58,20004.31;356.757
19999.84,0.58,20004.57;356.7227
19999.83,0.58,20004.82;356.6654
19999.83,0.58,20004.82;356.6654
19999.81,0.58,20005.08;356.5852
19999.81,0.58,20005.08;356.5852
19999.8,0.58,20005.33;356.5451
19999.8,0.58,20005.33;356.5451
19999.8,0.58,20005.33;356.5451
19999.78,0.58,20005.58;356.5222
19999.78,0.58,20005.58;356.5222
19999.78,0.58,20005.58;356.5222
19999.77,0.58,20005.75;356.4992
19999.77,0.58,20005.75;356.4992
19999.77,0.58,20005.75;356.4992
19999.76,0.58,20006;356.4763
19999.74,0.58,20006.26;356.4534
19999.74,0.58,20006.26;356.4534
19999.74,0.58,20006.26;356.4534
19999.72,0.58,20006.51;356.4305
19999.72,0.58,20006.51;356.4305
19999.72,0.58,20006.51;356.4305
19999.71,0.58,20006.76;356.4076
19999.71,0.58,20006.76;356.4076
19999.71,0.58,20006.76;356.4076
19999.69,0.58,20007.02;356.3847
19999.69,0.58,20007.02;356.3847
19999.68,0.58,20007.27;356.3618
19999.66,0.58,20007.52;356.356
19999.66,0.58,20007.52;356.356
19999.64,0.58,20007.78;356.3503
19999.63,0.58,20008.03;356.3445
19999.63,0.58,20008.03;356.3445
19999.61,0.58,20008.28;356.3388
19999.6,0.58,20008.54;356.1727
19999.6,0.58,20008.54;356.1727
19999.58,0.58,20008.79;356.0237
19999.56,0.58,20009.04;355.8747
19999.54,0.58,20009.3;355.6742
19999.54,0.58,20009.3;355.6742
19999.54,0.58,20009.3;355.6742
19999.52,0.58,20009.55;355.4908
19999.52,0.58,20009.55;355.4908
19999.52,0.58,20009.55;355.4908
19999.5,0.58,20009.8;355.3075
19999.48,0.58,20010.06;355.1127
19999.46,0.58,20010.31;354.9122
19999.46,0.58,20010.31;354.9122
19999.43,0.58,20010.56;354.7116
19999.41,0.58,20010.81;354.6486
19999.41,0.58,20010.81;354.6486
19999.38,0.58,20011.07;354.5856
19999.36,0.58,20011.32;354.471
19999.36,0.58,20011.32;354.471
19999.33,0.58,20011.57;354.3564
19999.31,0.58,20011.83;354.2303
19999.28,0.58,20012.08;354.1043
19999.26,0.58,20012.33;353.9725
19999.26,0.58,20012.33;353.9725
19999.23,0.58,20012.56;353.8407
19999.21,0.58,20012.79;353.7605
19999.21,0.58,20012.79;353.7605
19999.18,0.58,20013.04;353.6803
19999.15,0.58,20013.29;353.5657
19999.15,0.58,20013.29;353.5657
19999.12,0.58,20013.55;353.4511
19999.12,0.58,20013.55;353.4511
19999.09,0.58,20013.8;353.3365
19999.09,0.58,20013.8;353.3365
19999.09,0.58,20013.8;353.3365
19999.06,0.58,20014.05;353.222
19999.06,0.58,20014.05;353.222
19999.06,0.58,20014.05;353.222
19999.03,0.58,20014.3;353.1074
19999.03,0.58,20014.3;353.1074
19999.03,0.58,20014.3;353.1074
19999,0.58,20014.55;352.9927
19998.97,0.58,20014.81;352.8781
19998.97,0.58,20014.81;352.8781
19998.97,0.58,20014.81;352.8781
19998.94,0.58,20015.06;352.7635
19998.94,0.58,20015.06;352.7635
19998.94,0.58,20015.06;352.7635
19998.9,0.58,20015.31;352.649
19998.9,0.58,20015.31;352.649
19998.9,0.58,20015.31;352.649
19998.87,0.58,20015.56;352.5344
19998.87,0.58,20015.56;352.5344
19998.84,0.58,20015.81;352.4198
19998.84,0.58,20015.81;352.4198
19998.84,0.58,20015.81;352.4198
19998.8,0.58,20016.07;352.4141
19998.8,0.58,20016.07;352.4141
19998.8,0.58,20016.07;352.4141
19998.77,0.58,20016.32;352.4083
19998.77,0.58,20016.32;352.4083
19998.77,0.58,20016.32;352.4083
19998.74,0.58,20016.57;352.225
19998.74,0.58,20016.57;352.225
19998.7,0.58,20016.82;352.0474
19998.7,0.58,20016.82;352.0474
19998.67,0.58,20017.07;351.8698
19998.63,0.58,20017.32;351.6348
19998.63,0.58,20017.32;351.6348
19998.59,0.58,20017.57;351.3999
19998.55,0.58,20017.83;351.2051
19998.55,0.58,20017.83;351.2051
19998.51,0.58,20018.08;351.0103
19998.47,0.58,20018.33;350.7869
19998.43,0.58,20018.58;350.5634
19998.39,0.58,20018.83;350.34
19998.39,0.58,20018.83;350.34
19998.34,0.58,20019.08;350.1108
19998.34,0.58,20019.08;350.1108
19998.3,0.58,20019.33;349.8816
19998.25,0.58,20019.58;349.6868
19998.25,0.58,20019.58;349.6868
19998.21,0.58,20019.83;349.4633
19998.21,0.58,20019.83;349.4633
19998.16,0.58,20020.08;349.2743
19998.16,0.58,20020.08;349.2743
19998.16,0.58,20020.08;349.2743
19998.11,0.58,20020.33;349.0852
19998.11,0.58,20020.33;349.0852
19998.11,0.58,20020.33;349.0852
19998.06,0.58,20020.58;348.8961
19998.01,0.58,20020.83;348.8217
19998.01,0.58,20020.83;348.8217
19997.96,0.58,20021.07;348.7873
19997.96,0.58,20021.07;348.7873
19997.91,0.58,20021.32;348.7071
19997.91,0.58,20021.32;348.7071
19997.88,0.58,20021.52;348.6269
19997.84,0.58,20021.72;348.5753
19997.84,0.58,20021.72;348.5753
19997.79,0.58,20021.96;348.5237
19997.73,0.58,20022.21;348.5123
19997.73,0.58,20022.21;348.5123
19997.68,0.58,20022.46;348.5066
19997.68,0.58,20022.46;348.5066
19997.63,0.58,20022.71;348.5008
19997.63,0.58,20022.71;348.5008
19997.63,0.58,20022.71;348.5008
19997.58,0.58,20022.96;348.4951
19997.58,0.58,20022.96;348.4951
19997.58,0.58,20022.96;348.4951
19997.55,0.58,20023.13;348.4893
19997.55,0.58,20023.13;348.4893
19997.5,0.58,20023.38;348.4836
19997.5,0.58,20023.38;348.4836
19997.45,0.58,20023.63;348.4779
19997.45,0.58,20023.63;348.4779
19997.45,0.58,20023.63;348.4779
19997.39,0.58,20023.88;348.4722
19997.34,0.58,20024.13;348.4722
19997.34,0.58,20024.13;348.4722
19997.29,0.58,20024.38;348.4722
19997.29,0.58,20024.38;348.4722
19997.29,0.58,20024.38;348.4722
19997.24,0.58,20024.63;348.4722
19997.24,0.58,20024.63;348.4722
19997.19,0.58,20024.88;348.4722
19997.19,0.58,20024.88;348.4722
19997.19,0.58,20024.88;348.4722
19997.14,0.58,20025.13;348.4722
19997.09,0.58,20025.37;348.4722
19997.09,0.58,20025.37;348.4722
19997.04,0.58,20025.62;348.4722
19996.99,0.58,20025.87;348.4722
19996.94,0.58,20026.12;348.3461
19996.94,0.58,20026.12;348.3461
19996.94,0.58,20026.12;348.3461
19996.88,0.58,20026.37;348.1456
19996.88,0.58,20026.37;348.1456
19996.83,0.58,20026.62;347.9451
19996.78,0.58,20026.87;347.7789
19996.78,0.58,20026.87;347.7789
19996.72,0.58,20027.11;347.6127
19996.67,0.58,20027.36;347.4179
19996.61,0.58,20027.61;347.2461
19996.61,0.58,20027.61;347.2461
19996.61,0.58,20027.61;347.2461
19996.56,0.58,20027.86;347.0971
19996.56,0.58,20027.86;347.0971
19996.56,0.58,20027.86;347.0971
19996.5,0.58,20028.1;346.9481
19996.44,0.58,20028.35;346.7419
19996.44,0.58,20028.35;346.7419
19996.38,0.58,20028.6;346.5356
19996.34,0.58,20028.77;346.3293
19996.3,0.58,20028.93;346.2835
19996.3,0.58,20028.93;346.2835
19996.24,0.58,20029.18;346.2377
19996.18,0.58,20029.43;346.1345
19996.18,0.58,20029.43;346.1345
19996.12,0.58,20029.67;346.0314
19996.05,0.58,20029.92;345.9111
19996.05,0.58,20029.92;345.9111
19996.03,0.58,20030.02;345.7907
19996,0.58,20030.12;345.7335
19996,0.58,20030.12;345.7335
19995.98,0.58,20030.22;345.7277
19995.98,0.58,20030.22;345.7277
19995.92,0.58,20030.47;345.722
19995.92,0.58,20030.47;345.722
19995.92,0.58,20030.47;345.722
19995.85,0.58,20030.71;345.7162
19995.85,0.58,20030.71;345.7162
19995.85,0.58,20030.71;345.7162
19995.79,0.58,20030.96;345.7105
19995.79,0.58,20030.96;345.7105
19995.73,0.58,20031.21;345.7048
19995.73,0.58,20031.21;345.7048
19995.73,0.58,20031.21;345.7048
19995.68,0.58,20031.41;345.6991
19995.68,0.58,20031.41;345.6991
19995.68,0.58,20031.41;345.6991
19995.61,0.58,20031.65;345.6934
19995.61,0.58,20031.65;345.6934
19995.61,0.58,20031.65;345.6934
19995.55,0.58,20031.9;345.6876
19995.49,0.58,20032.15;345.6819
19995.49,0.58,20032.15;345.6819
19995.49,0.58,20032.15;345.6819
19995.42,0.58,20032.39;345.6761
19995.42,0.58,20032.39;345.6761
19995.42,0.58,20032.39;345.6761
19995.42,0.58,20032.39;345.6761
19995.36,0.58,20032.64;345.6704
19995.36,0.58,20032.64;345.6704
19995.36,0.58,20032.64;345.6704
19995.3,0.58,20032.88;345.6647
19995.24,0.58,20033.13;345.659
19995.24,0.58,20033.13;345.659
19995.24,0.58,20033.13;345.659
19995.17,0.58,20033.38;345.6532
19995.11,0.58,20033.62;345.5386
19995.11,0.58,20033.62;345.5386
19995.04,0.58,20033.87;345.424
19994.98,0.58,20034.12;345.2407
19994.98,0.58,20034.12;345.2407
19994.92,0.58,20034.36;345.0746
19994.85,0.58,20034.61;344.9084
19994.78,0.58,20034.85;344.7136
19994.78,0.58,20034.85;344.7136
19994.78,0.58,20034.85;344.7136
19994.71,0.58,20035.1;344.5474
19994.71,0.58,20035.1;344.5474
19994.65,0.58,20035.34;344.3813
19994.58,0.58,20035.58;344.1807
19994.58,0.58,20035.58;344.1807
19994.51,0.58,20035.83;343.9917
19994.51,0.58,20035.83;343.9917
19994.44,0.58,20036.07;343.8026
19994.37,0.58,20036.32;343.6364
19994.37,0.58,20036.32;343.6364
19994.32,0.58,20036.46;343.4703
19994.28,0.58,20036.59;343.2869
19994.28,0.58,20036.59;343.2869
19994.24,0.58,20036.74;343.1036
19994.19,0.58,20036.89;342.9145
19994.12,0.58,20037.14;342.7598
19994.12,0.58,20037.14;342.7598
19994.12,0.58,20037.14;342.7598
19994.05,0.58,20037.33;342.5707
19994.05,0.58,20037.33;342.5707
19994.05,0.58,20037.33;342.5707
19994.03,0.58,20037.41;342.4447
19994.03,0.58,20037.41;342.4447
19994.03,0.58,20037.41;342.4447
19993.95,0.58,20037.66;342.3186
19993.95,0.58,20037.66;342.3186
19993.9,0.58,20037.81;342.2384
19993.9,0.58,20037.81;342.2384
19993.82,0.58,20038.05;342.1582
19993.75,0.58,20038.29;342.1124
19993.75,0.58,20038.29;342.1124
19993.75,0.58,20038.29;342.1124
19993.67,0.58,20038.53;342.0264
19993.67,0.58,20038.53;342.0264
19993.61,0.58,20038.71;341.9405
19993.55,0.58,20038.89;341.8717
19993.47,0.58,20039.13;341.803
19993.47,0.58,20039.13;341.803
19993.47,0.58,20039.13;341.803
19993.39,0.58,20039.38;341.7342
19993.39,0.58,20039.38;341.7342
19993.39,0.58,20039.38;341.7342
19993.31,0.58,20039.62;341.6655
19993.31,0.58,20039.62;341.6655
19993.31,0.58,20039.62;341.6655
19993.23,0.58,20039.86;341.5967
19993.15,0.58,20040.1;341.5967
19993.07,0.58,20040.34;341.5967
19993.07,0.58,20040.34;341.5967
19993.03,0.58,20040.47;341.5967
19993.03,0.58,20040.47;341.5967
19993.03,0.58,20040.47;341.5967
19992.95,0.58,20040.71;341.5967
19992.95,0.58,20040.71;341.5967
19992.95,0.58,20040.71;341.5967
19992.95,0.58,20040.71;341.5967
19992.87,0.58,20040.95;341.5967
19992.79,0.58,20041.2;341.5967
19992.71,0.58,20041.44;341.5967
19992.71,0.58,20041.44;341.5967
19992.63,0.58,20041.68;341.5967
19992.54,0.58,20041.92;341.591
19992.54,0.58,20041.92;341.591
19992.46,0.58,20042.16;341.5853
19992.38,0.58,20042.4;341.5853
