20000,0.5,20000;0
20000,0.5799781,20000;-0.005729198
20000,0.5799781,20000;359.9886
20000,0.5799781,20000;359.9886
20000,0.5799781,20000;359.9886
20000,0.5799781,20000;359.9886
20000,0.5799781,20000;359.9886
20000,0.5799781,20000;359.9886
20000,0.5799781,20000;359.9886
20000,0.5799781,20000;359.9886
20000,0.5799781,20000;359.9886
20000,0.5799781,20000;359.9886
20000,0.5799781,20000;359.9886
20000,0.5799781,20000;359.9886
20000,0.5799781,20000;359.9886
20000,0.5799781,20000;359.9886
20000,0.5799781,20000;359.9886
20000,0.5799781,20000;359.9886
20000,0.5799781,20000;359.9886
20000,0.5799781,20000;359.9886
20000,0.5799781,20000;359.9886
20000,0.5799781,20000;359.9886
20000,0.5799781,20000;359.9886
20000,0.5799781,20000;359.9886
20000,0.5799781,20000;359.9886
20000,0.5799781,20000;359.9886
20000,0.5799781,20000;359.9886
20000,0.5799781,20000;359.9886
20000,0.5799781,20000;359.9886
20000,0.5799781,20000;359.9886
20000,0.5799781,20000;359.9886
20000,0.5799781,20000;359.9886
20000,0.5799781,20000;359.9886
20000,0.5799781,20000;359.9886
20000,0.5799781,20000;359.9886
20000,0.5799781,20000;359.9886
20000,0.5799781,20000;359.9886
20000,0.5799781,20000;359.9886
20000,0.5799781,20000;359.9886
20000,0.5799781,20000;359.9886
20000,0.5799781,20000;359.9886
20000,0.5799781,20000;359.9886
20000,0.5799781,20000;359.9886
20000,0.5799781,20000;359.9886
20000,0.5799781,20000;359.9886
20000,0.5799781,20000;359.9886
20000,0.5799781,20000;359.9886
20000,0.5799781,20000;359.9886
20000,0.5799781,20000;359.9886
20000,0.5799781,20000;359.9886
20000,0.5799781,20000;359.9886
20000,0.5799781,20000;359.9886
20000,0.5799781,20000;359.9886
20000,0.5800001,20002;359.9886
20000,0.5800001,20004;359.9886
20000,0.5800001,20006;359.9886
20000,0.5800001,20008.01;-0.005729198
20000,0.5800001,20010.01;-0.005729198
20000,0.5800001,20012.01;0
20000,0.5800001,20014.01;0
20000,0.5800001,20016.01;0
20000,0.5800001,20018.01;0
20000,0.5800001,20020.01;0
20000,0.5800001,20022.01;0
20000,0.5800001,20024.01;0
20000,0.5800001,20026.01;0
20000,0.5800001,20028.01;0
20000,0.5800001,20030.01;0
20000,0.5800001,20032.01;0
20000,0.5800001,20034.01;0
20000,0.5800001,20036.01;0
20000,0.5800001,20036.01;0
20000,0.5800001,20036.01;0
20000,0.5800001,20036;-0.005729198
20000,0.5800001,20036;-0.005729198
20000,0.5800001,20036;-0.005729198
20000,0.5800001,20036;0
20000,0.5800001,20036;0
20000,0.5800001,20036;0
20000,0.5800001,20036;0
20000,0.5800001,20036;0.005729198
20000,0.5800001,20036;0.005729198
20000,0.5800001,20036;0.0114584
20000,0.5800001,20038;0.01718759
20000,0.5800001,20040;0.01718759
20000,0.5800001,20042;0.02291679
20000,0.5800001,20044;0.02291679
20000,0.5800001,20045.72;0.02291679
20000,0.5800001,20045.72;0.02864599
20000,0.5800001,20045.72;0.02864599
20000,0.5800001,20045.72;0.03437519
20000,0.5800001,20045.72;0.03437519
20000,0.5800001,20045.72;0.03437519
20000,0.5800001,20045.72;0.03437519
20000,0.5800001,20045.72;0.03437519
20000,0.5800001,20045.72;0.03437519
20000,0.5800001,20045.72;0.03437519
20000,0.5800001,20045.72;0.03437519
20000,0.5800001,20045.72;0.03437519
20000,0.5800001,20045.72;0.03437519
20000,0.5800001,20045.72;0.02864599
20000,0.5800001,20045.72;0.02291679
20000,0.5800001,20045.72;0.02291679
20000,0.5800001,20045.72;0.02291679
20000,0.5800001,20045.72;0.02291679
20000,0.5800001,20045.72;0.01718759
20000,0.5800001,20045.72;0.01718759
20000,0.5800001,20045.72;0.01718759
20000,0.5800001,20045.72;0.01718759
20000,0.5800001,20045.72;0.01718759
20000,0.5800001,20045.72;0.01718759
20000,0.5800001,20045.72;0.01718759
20000,0.5800001,20045.72;0.01718759
20000,0.5800001,20045.72;0.01718759
20000,0.5800001,20045.72;0.01718759
20000,0.5800001,20045.72;0.01718759
20000,0.5800001,20045.72;0.02291679
20000,0.5800001,20045.72;0.02291679
20000,0.5800001,20045.72;0.02291679
20000,0.5800001,20043.72;0.02864599
20000,0.5800001,20041.72;0.02864599
20000,0.5800001,20039.72;0.02864599
20000,0.5800001,20037.72;0.02864599
20000,0.5800001,20035.72;0.02864599
20000,0.5800001,20033.72;0.02864599
20000,0.5800001,20031.72;0.02864599
20000,0.5800001,20031.72;0.02864599
20000,0.5800001,20031.72;0.02864599
20000,0.5800001,20031.72;0.02864599
20000,0.5800001,20031.72;0.02864599
20000,0.5800001,20031.72;0.02864599
20000,0.5800001,20031.72;0.02864599
20000,0.5800001,20031.72;0.02864599
20000,0.5800001,20031.72;0.02864599
20000,0.5800001,20031.72;0.02864599
20000,0.5800001,20031.72;0.02864599
20000,0.5800001,20031.72;0.02864599
20000,0.5800001,20031.72;0.02864599
20000,0.5800001,20031.72;0.03437519
20000,0.5800001,20031.72;0.03437519
20000,0.5800001,20031.72;0.03437519
20000,0.5800001,20031.72;0.03437519
20000,0.5800001,20033.72;0.04010438
20000,0.5800001,20035.72;0.04010438
20000,0.5800001,20037.72;0.04010438
20000,0.5800001,20039.72;0.04010438
20000,0.5800001,20041.72;0.04010438
20000,0.5800001,20043.72;0.04010438
20000,0.5800001,20043.72;0.04010438
20000,0.5800001,20043.72;0.04010438
20000,0.5800001,20043.72;0.04010438
20000,0.5800001,20043.72;0.04583358
20000,0.5800001,20043.72;0.04583358
20000,0.5800001,20043.72;0.04583358
20000,0.5800001,20043.72;0.04583358
20000,0.5800001,20043.72;0.04010438
20000,0.5800001,20043.72;0.04010438
20000,0.5800001,20043.72;0.04010438
20000,0.5800001,20043.72;0.04010438
20000,0.5800001,20043.72;0.04010438
20000,0.5800001,20043.72;0.04010438
20000,0.5800001,20043.72;0.03437519
20000,0.5800001,20043.71;0.03437519
20000,0.5800001,20043.71;0.03437519
20000,0.5800001,20043.71;0.03437519
20000,0.5800001,20045.71;0.03437519
20000,0.5800001,20045.72;0.03437519
20000,0.5800001,20045.72;0.03437519
20000,0.5800001,20045.72;0.03437519
20000,0.5800001,20045.72;0.03437519
20000,0.5800001,20045.72;0.03437519
20000,0.5800001,20045.72;0.03437519
20000,0.5800001,20045.72;0.03437519
20000,0.5800001,20045.72;0.03437519
20000,0.5800001,20045.72;0.03437519
20000,0.5800001,20045.72;0.03437519
20000,0.5800001,20045.72;0.03437519
20000,0.5800001,20045.72;0.03437519
20000,0.5800001,20045.72;0.03437519
20000,0.5800001,20045.72;0.03437519
20000,0.58,20045.72;0.03437519
20000,0.58,20045.72;0.03437519
20000,0.58,20045.72;0.03437519
20000,0.58,20045.72;0.03437519
20000,0.58,20045.72;0.03437519
20000,0.58,20045.72;0.03437519
20000,0.58,20045.72;0.03437519
20002,0.58,20045.72;0.03437519
20004,0.58,20045.72;0.03437519
20006,0.58,20045.72;0.03437519
20008,0.58,20045.72;0.03437519
20010,0.58,20045.72;0.03437519
20012,0.58,20045.72;0.03437519
20012,0.58,20045.72;0.03437519
20012,0.58,20045.72;0.03437519
