20000,0.5,20000;0
20000,0.58,20000.1;359.9083
20000,0.58,20000.22;359.8396
20000,0.58,20000.22;359.8396
20000,0.5800001,20000.48;359.7823
20000,0.5800001,20000.48;359.7823
20000,0.5800001,20000.48;359.7823
20000,0.5800001,20000.73;359.6963
20000,0.5800001,20000.73;359.6963
20000,0.5800001,20000.73;359.6963
20000,0.5800001,20000.98;359.6734
20000,0.5800001,20000.98;359.6734
19999.99,0.5800001,20001.21;359.6505
19999.99,0.5800001,20001.43;359.5932
19999.99,0.5800001,20001.43;359.5932
19999.99,0.5800001,20001.68;359.5932
19999.99,0.5800001,20001.68;359.5932
19999.99,0.5800001,20001.91;359.5932
19999.99,0.5800001,20001.91;359.5932
19999.99,0.5800001,20002.17;359.5932
19999.99,0.5800001,20002.17;359.5932
19999.99,0.5800001,20002.17;359.5932
19999.99,0.5800001,20002.42;359.5932
19999.99,0.5800001,20002.42;359.5932
19999.99,0.5800001,20002.42;359.5932
19999.98,0.5800001,20002.63;359.5932
19999.98,0.5800001,20002.63;359.5932
19999.98,0.5800001,20002.88;359.5932
19999.98,0.5800001,20002.88;359.5932
19999.98,0.5800001,20002.88;359.5932
19999.98,0.5800001,20002.95;359.5932
19999.98,0.5800001,20002.95;359.5932
19999.98,0.5800001,20002.95;359.5932
19999.98,0.5800001,20003.15;359.5932
19999.98,0.5800001,20003.15;359.5932
19999.98,0.5800001,20003.39;359.5932
19999.98,0.5800001,20003.39;359.5932
19999.98,0.5800001,20003.39;359.5932
19999.98,0.5800001,20003.63;359.5932
19999.98,0.5800001,20003.63;359.5932
19999.98,0.5800001,20003.63;359.5932
19999.98,0.5800001,20003.84;359.5645
19999.98,0.5800001,20003.84;359.5645
19999.98,0.5800001,20003.84;359.5645
19999.97,0.5800001,20004.08;359.5474
19999.97,0.5800001,20004.32;359.5302
19999.97,0.5800001,20004.56;359.5244
19999.97,0.5800001,20004.56;359.5244
19999.97,0.5800001,20004.76;359.5187
19999.97,0.5800001,20004.96;359.5015
19999.97,0.5800001,20004.96;359.5015
19999.96,0.5800001,20005.2;359.4843
19999.96,0.5800001,20005.44;359.4672
19999.96,0.5800001,20005.44;359.4672
19999.96,0.5800001,20005.68;359.45
19999.96,0.5800001,20005.92;359.4442
19999.96,0.5800001,20006.12;359.4385
19999.96,0.5800001,20006.12;359.4385
19999.96,0.5800001,20006.12;359.4385
19999.95,0.5800001,20006.36;359.4328
19999.95,0.5800001,20006.36;359.4328
19999.95,0.5800001,20006.36;359.4328
19999.95,0.5800001,20006.6;359.4271
19999.95,0.5800001,20006.6;359.4271
19999.95,0.5800001,20006.6;359.4271
19999.95,0.5800001,20006.81;359.4213
19999.95,0.5800001,20007.04;359.4213
19999.94,0.5800001,20007.28;359.387
19999.94,0.5800001,20007.28;359.387
19999.94,0.5800001,20007.52;359.3526
19999.94,0.5800001,20007.76;359.3125
19999.94,0.5800001,20007.76;359.3125
19999.94,0.5800001,20007.76;359.3125
19999.94,0.5800001,20007.97;359.2838
19999.94,0.5800001,20007.97;359.2838
19999.94,0.5800001,20007.97;359.2838
19999.93,0.5800001,20008.21;359.2151
19999.93,0.5800001,20008.45;359.1463
19999.92,0.5800001,20008.69;359.0948
19999.92,0.5800001,20008.69;359.0948
19999.92,0.5800001,20008.89;359.0432
19999.92,0.5800001,20009.1;359.0088
19999.92,0.5800001,20009.1;359.0088
19999.91,0.5800001,20009.34;358.9745
19999.91,0.5800001,20009.58;358.9401
19999.91,0.5800001,20009.58;358.9401
19999.9,0.5800001,20009.78;358.9057
19999.9,0.5800001,20010.02;358.8541
19999.89,0.5800001,20010.26;358.8026
19999.89,0.5800001,20010.26;358.8026
19999.89,0.5800001,20010.5;358.751
19999.88,0.5800001,20010.73;358.6823
19999.88,0.5800001,20010.73;358.6823
19999.88,0.5800001,20010.73;358.6823
19999.88,0.5800001,20010.93;358.625
19999.88,0.5800001,20010.93;358.625
19999.88,0.5800001,20010.93;358.625
19999.87,0.5800001,20011.17;358.5677
19999.87,0.5800001,20011.41;358.5104
19999.86,0.5800001,20011.66;358.4645
19999.86,0.5800001,20011.66;358.4645
19999.86,0.5800001,20011.87;358.4187
19999.85,0.5800001,20012.07;358.3672
19999.85,0.5800001,20012.07;358.3672
19999.84,0.5800001,20012.32;358.3156
19999.83,0.5800001,20012.57;358.2583
19999.83,0.5800001,20012.57;358.2583
19999.83,0.5800001,20012.81;358.1953
19999.83,0.5800001,20012.81;358.1953
19999.82,0.5800001,20013.01;358.1552
19999.82,0.5800001,20013.01;358.1552
19999.82,0.5800001,20013.01;358.1552
19999.81,0.5800001,20013.26;358.0807
19999.81,0.5800001,20013.26;358.0807
19999.8,0.5800001,20013.47;358.0062
19999.8,0.5800001,20013.69;357.9375
19999.8,0.5800001,20013.69;357.9375
19999.79,0.5800001,20013.9;357.8802
19999.79,0.5800001,20013.9;357.8802
19999.79,0.5800001,20014.01;357.8229
19999.78,0.5800001,20014.12;357.7541
19999.78,0.5800001,20014.12;357.7541
19999.77,0.5800001,20014.36;357.7026
19999.77,0.5800001,20014.36;357.7026
19999.77,0.5800001,20014.36;357.7026
19999.76,0.5800001,20014.58;357.651
19999.75,0.5800001,20014.81;357.6224
19999.74,0.5800001,20015.06;357.5937
19999.74,0.5800001,20015.06;357.5937
19999.73,0.5800001,20015.31;357.5651
19999.72,0.5800001,20015.57;357.5536
19999.72,0.5800001,20015.57;357.5536
19999.71,0.5800001,20015.78;357.5421
19999.71,0.5800001,20015.78;357.5421
19999.71,0.5800001,20015.78;357.5421
19999.71,0.5800001,20015.78;357.5421
19999.7,0.5800001,20016.03;357.5307
19999.7,0.5800001,20016.03;357.5307
19999.69,0.5800001,20016.28;357.5192
19999.69,0.5800001,20016.28;357.5192
19999.68,0.5800001,20016.48;357.5078
19999.68,0.5800001,20016.48;357.5078
19999.68,0.5800001,20016.48;357.5078
19999.67,0.5800001,20016.69;357.4963
19999.67,0.5800001,20016.69;357.4963
19999.67,0.5800001,20016.69;357.4963
19999.66,0.5800001,20016.86;357.4849
19999.66,0.5800001,20016.86;357.4849
19999.66,0.5800001,20017.06;357.4734
19999.66,0.5800001,20017.06;357.4734
19999.66,0.5800001,20017.06;357.4734
19999.64,0.5800001,20017.3;357.4619
19999.64,0.5800001,20017.3;357.4619
19999.64,0.5800001,20017.3;357.4619
19999.63,0.5800001,20017.54;357.4505
19999.63,0.5800001,20017.54;357.4505
19999.63,0.5800001,20017.54;357.4505
19999.63,0.5800001,20017.74;357.439
19999.62,0.5800001,20017.98;357.4276
19999.62,0.5800001,20017.98;357.4276
19999.62,0.5800001,20017.98;357.4276
19999.6,0.5800001,20018.21;357.4161
19999.6,0.5800001,20018.21;357.4161
19999.6,0.5800001,20018.21;357.4161
19999.59,0.5800001,20018.42;357.4047
19999.59,0.5800001,20018.42;357.4047
19999.59,0.5800001,20018.42;357.4047
19999.58,0.5800001,20018.66;357.3932
19999.57,0.5800001,20018.88;357.3817
19999.57,0.5800001,20018.88;357.3817
19999.57,0.5800001,20018.88;357.3817
19999.56,0.5800001,20019.08;357.3703
19999.56,0.5800001,20019.08;357.3703
19999.56,0.5800001,20019.08;357.3703
19999.55,0.5800001,20019.31;357.3588
19999.55,0.5800001,20019.31;357.3588
19999.55,0.5800001,20019.31;357.3588
19999.55,0.5800001,20019.31;357.3588
19999.54,0.5800001,20019.54;357.3474
19999.53,0.5800001,20019.74;357.3359
19999.53,0.5800001,20019.74;357.3359
19999.53,0.5800001,20019.74;357.3359
19999.52,0.5800001,20019.97;357.3244
19999.52,0.5800001,20019.97;357.3244
19999.52,0.5800001,20019.97;357.3244
19999.51,0.5800001,20020.2;357.313
19999.51,0.5800001,20020.2;357.313
19999.51,0.5800001,20020.2;357.313
19999.5,0.5800001,20020.39;357.3015
19999.49,0.5800001,20020.59;357.3015
19999.48,0.5800001,20020.82;357.3015
19999.47,0.5800001,20021.04;357.2729
19999.47,0.5800001,20021.04;357.2729
19999.46,0.5800001,20021.24;357.2442
19999.45,0.5800001,20021.43;357.2041
19999.45,0.5800001,20021.43;357.2041
19999.44,0.5800001,20021.66;357.164
19999.43,0.5800001,20021.89;357.1296
19999.43,0.5800001,20021.89;357.1296
19999.42,0.5800001,20022.11;357.0838
19999.42,0.5800001,20022.11;357.0838
19999.41,0.5800001,20022.31;357.0437
19999.41,0.5800001,20022.31;357.0437
19999.41,0.5800001,20022.31;357.0437
19999.4,0.5800001,20022.53;357.0036
19999.39,0.5800001,20022.75;356.9635
19999.39,0.5800001,20022.75;356.9635
19999.38,0.5800001,20022.97;356.9119
19999.38,0.5800001,20022.97;356.9119
19999.36,0.5800001,20023.16;356.8661
19999.36,0.5800001,20023.16;356.8661
19999.35,0.5800001,20023.38;356.8203
19999.34,0.5800001,20023.61;356.7802
19999.34,0.5800001,20023.61;356.7802
19999.33,0.5800001,20023.83;356.7401
19999.31,0.5800001,20024.05;356.6942
19999.31,0.5800001,20024.05;356.6942
19999.3,0.5800001,20024.25;356.6484
19999.29,0.5800001,20024.44;356.5968
19999.29,0.5800001,20024.44;356.5968
19999.28,0.5800001,20024.66;356.5625
19999.28,0.5800001,20024.66;356.5625
19999.26,0.5800001,20024.88;356.5281
19999.25,0.5800001,20025.11;356.4822
19999.25,0.5800001,20025.11;356.4822
19999.24,0.5800001,20025.29;356.4364
19999.23,0.5800001,20025.48;356.3906
19999.23,0.5800001,20025.48;356.3906
19999.21,0.5800001,20025.7;356.3448
19999.2,0.5800001,20025.91;356.3161
19999.2,0.5800001,20025.91;356.3161
19999.18,0.5800001,20026.14;356.2874
19999.17,0.5800001,20026.32;356.2588
19999.16,0.5800001,20026.51;356.2072
19999.16,0.5800001,20026.51;356.2072
19999.14,0.5800001,20026.72;356.1557
19999.13,0.5800001,20026.94;356.1156
19999.13,0.5800001,20026.94;356.1156
19999.13,0.5800001,20026.94;356.1156
19999.12,0.5800001,20027.15;356.0812
19999.12,0.5800001,20027.15;356.0812
19999.1,0.5800001,20027.33;356.0526
19999.1,0.5800001,20027.33;356.0526
19999.09,0.5800001,20027.54;356.0239
19999.07,0.5800001,20027.74;356.0067
19999.07,0.5800001,20027.74;356.0067
19999.06,0.5800001,20027.94;355.9895
19999.05,0.5800001,20028.15;355.9609
19999.05,0.5800001,20028.15;355.9609
19999.04,0.5800001,20028.32;355.9323
19999.02,0.5800001,20028.49;355.9265
19999.01,0.5800001,20028.69;355.9093
19999.01,0.5800001,20028.69;355.9093
19999.01,0.5800001,20028.69;355.9093
19998.99,0.5800001,20028.89;355.8979
19998.99,0.5800001,20028.89;355.8979
19998.99,0.5800001,20028.89;355.8979
19998.98,0.5800001,20029.05;355.8922
19998.98,0.5800001,20029.05;355.8922
19998.98,0.5800001,20029.05;355.8922
19998.97,0.5800001,20029.24;355.8864
19998.96,0.5800001,20029.43;355.8807
19998.94,0.5800001,20029.62;355.8807
19998.94,0.5800001,20029.62;355.8807
19998.93,0.5800001,20029.78;355.8807
19998.92,0.5800001,20029.94;355.8807
19998.92,0.5800001,20029.94;355.8807
19998.91,0.5800001,20030.11;355.8807
19998.89,0.5800001,20030.29;355.8807
19998.89,0.5800001,20030.29;355.8807
19998.89,0.5800001,20030.29;355.8807
19998.88,0.5800001,20030.46;355.8807
19998.87,0.5800001,20030.61;355.8807
19998.86,0.5800001,20030.76;355.8807
19998.86,0.5800001,20030.76;355.8807
19998.85,0.5800001,20030.92;355.8807
19998.83,0.5800001,20031.09;355.8807
19998.83,0.5800001,20031.09;355.8807
19998.82,0.5800001,20031.24;355.8807
19998.81,0.5800001,20031.38;355.875
19998.81,0.5800001,20031.38;355.875
19998.8,0.5800001,20031.52;355.8692
19998.79,0.5800001,20031.66;355.8692
19998.78,0.5800001,20031.82;355.8692
19998.77,0.5800001,20031.98;355.8692
19998.77,0.5800001,20031.98;355.8692
19998.76,0.5800001,20032.14;355.8692
19998.75,0.5800001,20032.3;355.8692
19998.75,0.5800001,20032.3;355.8692
19998.74,0.5800001,20032.41;355.8692
19998.74,0.5800001,20032.41;355.8692
19998.74,0.5800001,20032.41;355.8692
19998.73,0.5800001,20032.59;355.8692
19998.73,0.5800001,20032.59;355.8692
19998.71,0.5800001,20032.78;355.8692
19998.71,0.5800001,20032.78;355.8692
19998.71,0.5800001,20032.78;355.8692
19998.7,0.5800001,20033.04;355.8692
19998.7,0.5800001,20033.04;355.8692
19998.7,0.5800001,20033.04;355.8692
19998.68,0.5800001,20033.29;355.8692
19998.68,0.5800001,20033.29;355.8692
19998.68,0.5800001,20033.29;355.8692
19998.66,0.5800001,20033.54;355.8692
19998.64,0.5800001,20033.76;355.8692
19998.64,0.5800001,20033.76;355.8692
19998.64,0.5800001,20033.76;355.8692
19998.62,0.5800001,20034.02;355.8692
19998.62,0.5800001,20034.02;355.8692
19998.62,0.5800001,20034.02;355.8692
19998.61,0.5800001,20034.27;355.8692
19998.61,0.5800001,20034.27;355.8692
19998.59,0.5800001,20034.52;355.8692
19998.57,0.5800001,20034.78;355.8692
19998.55,0.5800001,20035.03;355.8635
19998.55,0.5800001,20035.03;355.8635
19998.53,0.5800001,20035.28;355.8578
19998.51,0.5800001,20035.54;355.8348
19998.51,0.5800001,20035.54;355.8348
19998.51,0.5800001,20035.54;355.8348
19998.49,0.5800001,20035.79;355.6744
19998.49,0.5800001,20035.79;355.6744
19998.49,0.5800001,20035.79;355.6744
19998.47,0.5800001,20036.04;355.5426
19998.46,0.5800001,20036.3;355.4109
19998.43,0.5800001,20036.55;355.2504
19998.43,0.5800001,20036.55;355.2504
19998.41,0.5800001,20036.8;355.09
19998.39,0.5800001,20037.05;354.9124
19998.39,0.5800001,20037.05;354.9124
19998.37,0.5800001,20037.31;354.7348
19998.34,0.5800001,20037.56;354.5629
19998.34,0.5800001,20037.56;354.5629
19998.32,0.5800001,20037.81;354.3566
19998.32,0.5800001,20037.81;354.3566
19998.29,0.5800001,20038.07;354.1561
19998.29,0.5800001,20038.07;354.1561
19998.26,0.5800001,20038.32;353.9556
19998.24,0.5800001,20038.57;353.9097
19998.24,0.5800001,20038.57;353.9097
19998.21,0.5800001,20038.82;353.8639
19998.18,0.5800001,20039.08;353.6977
19998.18,0.5800001,20039.08;353.6977
19998.15,0.5800001,20039.33;353.6175
19998.15,0.5800001,20039.33;353.6175
19998.13,0.5800001,20039.58;353.5373
19998.13,0.5800001,20039.58;353.5373
19998.13,0.5800001,20039.58;353.5373
19998.1,0.5800001,20039.83;353.4571
19998.1,0.5800001,20039.83;353.4571
19998.1,0.5800001,20039.83;353.4571
19998.07,0.5800001,20040.09;353.3769
19998.07,0.5800001,20040.09;353.3769
19998.04,0.5800001,20040.34;353.2967
19998.04,0.5800001,20040.34;353.2967
19998.01,0.5800001,20040.59;353.2165
19998.01,0.5800001,20040.59;353.2165
19998.01,0.5800001,20040.59;353.2165
19997.98,0.5800001,20040.84;353.1363
19997.98,0.5800001,20040.84;353.1363
19997.98,0.5800001,20040.84;353.1363
19997.95,0.5800001,20041.1;353.0561
19997.95,0.5800001,20041.1;353.0561
19997.92,0.5800001,20041.35;352.9759
19997.92,0.5800001,20041.35;352.9759
19997.88,0.5800001,20041.6;352.8957
19997.88,0.5800001,20041.6;352.8957
19997.88,0.5800001,20041.6;352.8957
19997.85,0.5800001,20041.85;352.8154
19997.85,0.5800001,20041.85;352.8154
19997.85,0.5800001,20041.85;352.8154
19997.82,0.5800001,20042.1;352.7352
19997.82,0.5800001,20042.1;352.7352
19997.79,0.5800001,20042.36;352.655
19997.76,0.5800001,20042.61;352.655
19997.76,0.5800001,20042.61;352.655
19997.72,0.5800001,20042.86;352.6149
19997.72,0.5800001,20042.86;352.6149
19997.72,0.5800001,20042.86;352.6149
19997.69,0.5800001,20043.11;352.4087
19997.69,0.5800001,20043.11;352.4087
