20000,0.5,20000;0
20000,0.58,20000.25;0
20000,0.58,20000.51;359.9857
20000,0.58,20000.76;359.9857
20000,0.58,20001.02;359.957
20000,0.58,20001.27;359.9284
20000,0.58,20001.52;359.9284
20000,0.58,20001.78;359.9284
20000,0.58,20002.03;359.9284
20000,0.58,20002.29;359.9284
20000,0.58,20002.54;359.9284
20000,0.58,20002.79;359.9141
20000,0.58,20003.05;1.07322E-05
20000,0.58,20003.3;0.08595943
20000,0.58,20003.56;0.1719081
20000,0.58,20003.81;0.1432621
20000,0.58,20004.06;0.1146161
20000,0.58,20004.32;0.08597016
20000,0.58,20004.57;0.05732417
20000,0.58,20004.83;0.02867819
20000,0.58,20005.08;3.21966E-05
20000,0.58,20005.33;359.9714
20000,0.58,20005.59;359.9427
20000,0.58,20005.84;359.9141
20000,0.58,20006.1;359.8854
20000,0.58,20006.35;359.8568
20000,0.58,20006.6;359.8282
20000,0.58,20006.86;359.7995
20000,0.58,20007.11;359.7709
19999.99,0.58,20007.37;359.7422
19999.99,0.58,20007.62;359.7136
19999.99,0.58,20007.87;359.6849
19999.99,0.58,20008.13;359.6563
19999.99,0.58,20008.38;359.6276
19999.99,0.58,20008.64;359.6276
19999.99,0.58,20008.89;359.6133
19999.98,0.58,20009.14;359.5847
19999.98,0.58,20009.4;359.5847
19999.98,0.58,20009.65;359.5703
19999.98,0.58,20009.91;359.5703
19999.98,0.58,20010.16;359.556
19999.97,0.58,20010.41;359.556
19999.97,0.58,20010.67;359.556
19999.97,0.58,20010.92;359.5417
19999.97,0.58,20011.18;359.5417
19999.97,0.58,20011.43;359.5417
19999.96,0.58,20011.68;359.5417
19999.96,0.58,20011.94;359.5417
19999.96,0.58,20012.19;359.5703
19999.96,0.58,20012.45;359.5703
19999.96,0.58,20012.7;359.5703
19999.96,0.58,20012.95;359.5703
19999.95,0.58,20013.21;359.5703
19999.95,0.58,20013.46;359.5703
19999.95,0.58,20013.71;359.5417
19999.95,0.58,20013.97;359.5417
19999.95,0.58,20014.22;359.5417
19999.94,0.58,20014.48;359.6133
19999.94,0.58,20014.73;359.6849
19999.94,0.58,20014.99;359.6992
19999.94,0.58,20015.24;359.7136
19999.94,0.58,20015.49;359.7565
19999.94,0.58,20015.75;359.7852
19999.94,0.58,20016;359.7852
19999.94,0.58,20016.26;359.7852
19999.93,0.58,20016.51;359.7852
19999.93,0.58,20016.76;359.7852
19999.93,0.58,20017.02;359.7852
19999.93,0.58,20017.27;359.7852
19999.93,0.58,20017.53;359.7852
19999.93,0.58,20017.78;359.8138
19999.93,0.58,20018.03;359.8711
19999.93,0.58,20018.29;359.8711
19999.93,0.58,20018.54;359.7995
19999.93,0.58,20018.79;359.7995
19999.93,0.58,20019.05;359.7995
19999.92,0.58,20019.3;359.7995
19999.92,0.58,20019.56;359.7995
19999.92,0.58,20019.81;359.6992
19999.92,0.58,20020.07;359.6706
19999.92,0.58,20020.32;359.6563
19999.92,0.58,20020.57;359.6706
19999.92,0.58,20020.83;359.6706
19999.91,0.58,20021.08;359.6706
19999.91,0.58,20021.34;359.6849
19999.91,0.58,20021.59;359.6563
19999.91,0.58,20021.84;359.6563
19999.91,0.58,20022.1;359.6563
19999.91,0.58,20022.35;359.6563
19999.91,0.58,20022.61;359.6563
19999.9,0.58,20022.86;359.6563
19999.9,0.58,20023.11;359.6706
19999.9,0.58,20023.37;359.6706
19999.9,0.58,20023.62;359.6563
19999.9,0.58,20023.88;359.6849
19999.9,0.58,20024.13;359.7136
19999.9,0.58,20024.38;359.7422
19999.89,0.58,20024.64;359.7708
19999.89,0.58,20024.89;359.7995
19999.89,0.58,20025.15;359.7852
19999.89,0.58,20025.4;359.7565
19999.89,0.58,20025.65;359.7422
19999.89,0.58,20025.91;359.8282
19999.89,0.58,20026.16;359.8425
19999.89,0.58,20026.42;359.8998
19999.89,0.58,20026.67;359.9141
19999.89,0.58,20026.92;359.9427
19999.89,0.58,20027.18;359.9714
19999.89,0.58,20027.43;0.01435514
19999.89,0.58,20027.69;0.05732412
19999.89,0.58,20027.94;0.05732412
19999.89,0.58,20028.19;0.05732412
19999.89,0.58,20028.45;0.02867813
19999.89,0.58,20028.7;0.02867813
19999.89,0.58,20028.96;0.05732412
19999.89,0.58,20029.21;0.05732412
19999.89,0.58,20029.46;0.0859701
19999.89,0.58,20029.72;0.0859701
19999.89,0.58,20029.97;0.0859701
19999.89,0.58,20030.23;0.1575851
19999.89,0.58,20030.48;0.2292001
19999.89,0.58,20030.73;0.3008151
19999.9,0.58,20030.99;0.3724301
19999.9,0.58,20031.24;0.4440451
19999.9,0.58,20031.5;0.4297221
19999.9,0.58,20031.75;0.4153991
19999.9,0.58,20032;0.4010761
19999.9,0.58,20032.26;0.3867531
19999.91,0.58,20032.51;0.3724301
19999.91,0.58,20032.77;0.3724301
19999.91,0.58,20033.02;0.3724301
19999.91,0.58,20033.27;0.3724301
19999.91,0.58,20033.53;0.3724301
19999.91,0.58,20033.78;0.3724301
19999.92,0.58,20034.04;0.3724301
19999.92,0.58,20034.29;0.3724301
19999.92,0.58,20034.54;0.3724301
19999.92,0.58,20034.8;0.3724301
19999.92,0.58,20035.05;0.3724301
19999.93,0.58,20035.3;0.3724301
19999.93,0.58,20035.56;0.3724301
19999.93,0.58,20035.81;0.3867531
19999.93,0.58,20036.07;0.4010761
19999.93,0.58,20036.32;0.3867531
19999.93,0.58,20036.58;0.4440451
19999.94,0.58,20036.83;0.4440451
19999.94,0.58,20037.08;0.4440451
19999.94,0.58,20037.34;0.458368
19999.94,0.58,20037.59;0.472691
19999.94,0.58,20037.85;0.5586398
19999.95,0.58,20038.1;0.6159318
19999.95,0.58,20038.35;0.7448494
19999.95,0.58,20038.61;0.7734954
19999.96,0.58,20038.86;0.8021414
19999.96,0.58,20039.12;0.8164643
19999.96,0.58,20039.37;0.8164643
19999.97,0.58,20039.62;0.8164643
19999.97,0.58,20039.88;0.8164643
19999.97,0.58,20040.13;0.8164643
19999.98,0.58,20040.38;0.8164643
19999.98,0.58,20040.64;0.8164643
19999.99,0.58,20040.89;0.8164643
19999.99,0.58,20041.15;0.8164643
19999.99,0.58,20041.4;0.8307874
20000,0.58,20041.65;0.8307874
20000,0.58,20041.91;0.8307874
20000,0.58,20042.16;0.8594334
20000.01,0.58,20042.42;0.8594334
20000.01,0.58,20042.67;0.8737563
20000.02,0.58,20042.93;0.8737563
20000.02,0.58,20043.18;0.8594334
