20000,0.5,20000;0
20000.01,0.5798942,20000.63;0.5872858
20000.02,0.58,20001.27;1.274832
20000.04,0.58,20001.9;2.048328
20000.07,0.58,20002.54;2.793178
20000.11,0.58,20003.17;3.380463
20000.16,0.58,20003.81;3.996395
20000.21,0.58,20004.44;4.555025
20000.26,0.58,20005.07;5.256894
20000.33,0.58,20005.7;5.829857
20000.4,0.58,20006.33;6.488759
20000.48,0.58,20006.96;7.090367
20000.57,0.58,20007.59;7.80656
20000.66,0.58,20008.22;8.422492
20000.76,0.58,20008.85;9.167341
20000.87,0.58,20009.47;9.969483
20000.99,0.58,20010.1;10.71433
20001.11,0.58,20010.72;11.30162
20001.23,0.58,20011.28;12.01781
20001.24,0.58,20011.33;12.6051
20001.39,0.58,20011.95;13.264
20001.54,0.58,20012.57;13.85129
20001.7,0.58,20013.18;14.52451
20001.87,0.58,20013.79;15.09747
20002.04,0.58,20014.4;15.78502
20002.22,0.58,20015.01;16.54419
20002.41,0.58,20015.62;17.27472
20002.6,0.58,20016.22;17.93362
20002.8,0.58,20016.83;18.54955
20003.01,0.58,20017.43;19.20845
20003.23,0.58,20018.02;19.86735
20003.45,0.58,20018.62;20.42598
20003.68,0.58,20019.21;21.09921
20003.92,0.58,20019.8;21.80107
20004.16,0.58,20020.39;22.48862
20004.41,0.58,20020.97;23.09023
20004.66,0.58,20021.55;23.87805
20004.93,0.58,20022.13;24.53695
20005.2,0.58,20022.7;25.2245
20005.47,0.58,20023.28;25.79746
20005.49,0.58,20023.31;26.49933
20005.49,0.58,20023.31;27.08661
20005.79,0.58,20023.87;27.74551
20006.09,0.58,20024.43;28.40441
20006.4,0.58,20024.99;29.06332
20006.71,0.58,20025.54;29.60762
20007.03,0.58,20026.09;30.2522
20007.36,0.58,20026.63;30.9684
20007.69,0.58,20027.17;31.48406
20008.03,0.58,20027.71;32.08567
20008.37,0.58,20028.25;32.65863
20008.72,0.58,20028.78;33.31753
20009.07,0.58,20029.3;33.8332
20009.43,0.58,20029.83;34.50642
20009.75,0.5800002,20030.35;35.09371
20009.75,0.5800002,20030.86;35.79558
20009.75,0.5800011,20031.37;36.48313
20009.75,0.5800011,20031.88;37.25662
20009.75,0.5800011,20032.38;38.03012
20009.75,0.5800011,20032.87;38.66038
20009.75,0.5800015,20033.37;39.3336
20009.75,0.5800025,20033.85;40.04979
20009.75,0.580002,20034.33;40.76599
20009.75,0.580001,20034.81;41.39624
20009.75,0.580002,20035.28;41.96921
20009.75,0.580002,20035.75;42.59946
20009.75,0.5800031,20036.21;43.287
20009.75,0.5800031,20036.67;43.91726
20009.75,0.5800052,20037.12;44.61913
20009.75,0.5800052,20037.57;45.14912
20009.75,0.5800041,20038.01;45.7364
20009.75,0.5800052,20038.45;46.38098
20009.75,0.5800052,20038.88;46.95395
20009.75,0.5800041,20039.31;47.5842
20009.75,0.5800035,20039.73;48.09986
20009.75,0.5800058,20040.15;48.78741
20009.75,0.5800058,20040.57;49.46063
20009.75,0.5800058,20040.97;50.11953
