20000,0.5,20000;0
20000,0.5800001,20000;0.005729198
20000,0.5800001,20000;0.0114584
20000,0.5800001,20000;0.0114584
20000,0.5800001,20000;0.0114584
20000,0.5800001,20000;0.0114584
20000,0.5800001,20000;0.0114584
20000,0.5800001,20000;0.0114584
20000,0.5800001,20000;0.0114584
20000,0.5800001,20000;0.0114584
20000,0.5800001,20000;0.0114584
20000,0.5800001,20000;0.0114584
20000,0.5800001,20000;0.0114584
20000,0.5800001,20000;0.0114584
20000,0.5800001,20000;0.0114584
20000,0.5800001,20000;0.0114584
20000,0.5800001,20000;0.0114584
20000,0.5800001,20000;0.0114584
20000,0.5800001,20000;0.0114584
20000,0.5800001,20002;0.0114584
20000,0.5800001,20004;0.0114584
20000,0.5800001,20006;0.0114584
20000,0.5800001,20008;0.0114584
20000,0.5800001,20010;0.0114584
20000,0.5800001,20012;0.0114584
20000,0.5800001,20014;0.0114584
20000,0.5800001,20016;0.0114584
20000,0.5800001,20018;0.0114584
20000,0.5800001,20020;0.0114584
20000,0.5800001,20022;0.0114584
20000,0.5800001,20024;0.0114584
20000,0.5800001,20026;0.0114584
20000,0.5800001,20028;0.0114584
20000,0.5800001,20030;0.0114584
20000,0.5800001,20032;0.0114584
20000,0.5800001,20034;0.0114584
20000,0.5800001,20036;0.0114584
20000,0.5800001,20038;0.0114584
20000,0.5800001,20040;0.0114584
20000,0.5800001,20042;0.0114584
20000,0.5800001,20044;0.0114584
20000,0.5800001,20045.72;0.0114584
20000,0.5800001,20045.72;0.0114584
20000,0.5800001,20045.72;0.0114584
20000,0.5800001,20045.72;0.0114584
20000,0.5800001,20045.72;0.0114584
20000,0.5800001,20045.72;0.0114584
20000,0.5800001,20045.72;0.0114584
20000,0.5800001,20045.72;0.01718759
20000,0.5800001,20045.72;0.01718759
20000,0.5800001,20045.72;0.01718759
20000,0.5800001,20045.72;0.01718759
20000,0.5800001,20045.72;0.01718759
20000,0.5800001,20045.72;0.01718759
20000,0.5800001,20045.72;0.01718759
20000,0.5800001,20045.72;0.01718759
20000,0.5800001,20045.72;0.01718759
20000,0.5800001,20045.72;0.01718759
20000,0.5800001,20045.72;0.01718759
20000,0.5800001,20045.72;0.01718759
20000,0.5800001,20045.72;0.01718759
20000,0.5800001,20045.72;0.01718759
20000,0.5800001,20045.72;0.01718759
20000,0.5800001,20045.72;0.02291679
20000,0.5800001,20045.72;0.02291679
20000,0.5800001,20045.72;0.02291679
20000,0.5800001,20045.72;0.02291679
20000,0.5800001,20045.72;0.02291679
20000,0.5800001,20045.72;0.02291679
20000,0.5800001,20045.72;0.02291679
19998,0.5800001,20045.72;0.02291679
19996,0.5800001,20045.72;0.02291679
19994,0.5800001,20045.72;0.02291679
19992,0.5800001,20045.72;0.01718759
19990,0.5800001,20045.72;0.01718759
19988,0.5800001,20045.72;0.01718759
19986,0.5800001,20045.72;0.01718759
19984.28,0.5800001,20045.72;0.01718759
19984.28,0.5800001,20045.72;0.01718759
19984.28,0.5800001,20045.72;0.01718759
19984.28,0.5800001,20045.72;0.01718759
19984.28,0.5800001,20045.72;0.01718759
19984.28,0.5800001,20045.72;0.01718759
19984.28,0.5800001,20045.72;0.0114584
19984.28,0.5800001,20045.72;0.0114584
19984.28,0.5800001,20045.72;0.005729198
19984.28,0.5800001,20045.72;0.005729198
19984.28,0.5800001,20045.72;0
19984.28,0.5800001,20045.72;0
19984.28,0.5800001,20045.72;0
19984.28,0.5800001,20045.72;0
19984.28,0.5800001,20045.72;0
19984.28,0.5800001,20045.72;-0.005729198
19984.28,0.5800001,20045.72;-0.005729198
19984.28,0.5800001,20045.72;359.9886
19984.28,0.5800001,20045.72;359.9886
19984.28,0.5800001,20043.72;359.9886
19984.28,0.5800001,20041.72;359.9886
19984.28,0.5800001,20039.72;359.9886
19984.28,0.5800001,20039.28;359.9886
19984.28,0.5800001,20039.28;359.9886
19984.28,0.5800001,20039.28;359.9886
19984.28,0.5800001,20039.28;359.9828
19984.28,0.5800001,20039.28;359.9771
19984.28,0.5800001,20039.28;359.9771
19984.28,0.5800001,20039.28;359.9771
19984.28,0.5800001,20039.28;359.9771
19984.28,0.5800001,20039.28;359.9771
19984.28,0.5800001,20039.28;359.9771
19984.28,0.5800001,20039.28;359.9771
19984.28,0.5800001,20039.28;359.9771
19984.28,0.5800001,20039.28;359.9771
19984.28,0.5800001,20039.28;359.9771
19984.28,0.5800001,20039.28;359.9771
19984.28,0.5800001,20039.28;359.9771
19984.28,0.5800001,20039.28;359.9771
19986.28,0.5800001,20039.28;359.9771
19988.28,0.5800001,20039.28;359.9771
19990.28,0.5800001,20039.28;359.9771
19992.28,0.5800001,20039.28;359.9771
19994.28,0.5800001,20039.28;359.9771
19996.28,0.5800001,20039.28;359.9771
19998.28,0.5800001,20039.28;359.9771
20000.28,0.5800001,20039.28;359.9771
20000.28,0.5800001,20039.28;359.9771
20000.28,0.5800001,20039.28;359.9771
20000.28,0.5800001,20039.28;359.9771
20000.28,0.5800001,20039.28;359.9771
20000.28,0.5800001,20039.28;359.9771
20000.28,0.5800001,20039.28;359.9771
20000.28,0.5800001,20039.28;359.9771
20000.28,0.5800001,20039.28;359.9771
20000.28,0.5800001,20039.28;359.9771
20000.28,0.5800001,20039.28;359.9771
20000.28,0.5800001,20039.28;359.9771
20000.28,0.5800001,20039.28;359.9771
20000.28,0.5800001,20039.28;359.9771
20000.28,0.5800001,20039.28;359.9771
20000.28,0.5800001,20039.28;359.9771
20000.28,0.5800001,20039.28;359.9771
20000.28,0.5800001,20039.28;359.9771
20000.28,0.5800001,20039.28;359.9771
20000.28,0.5800001,20039.28;359.9771
20000.28,0.5800001,20041.28;359.9771
20000.28,0.5800001,20043.28;359.9771
20000.28,0.5800001,20045.28;359.9771
20000.28,0.5800001,20045.72;359.9771
20000.28,0.5800001,20045.72;359.9771
20000.28,0.5800001,20045.72;359.9771
20000.28,0.5800001,20045.72;359.9771
20000.28,0.5800001,20045.72;359.9771
20000.28,0.5800001,20045.72;359.9771
20000.28,0.5800001,20045.72;359.9771
20000.28,0.5800001,20045.72;359.9771
20000.28,0.5800001,20045.72;359.9771
20000.28,0.5800001,20045.72;359.9771
20000.28,0.5800001,20045.72;359.9771
20000.28,0.5800001,20045.72;359.9771
20000.28,0.5800001,20045.72;359.9771
20000.28,0.5800001,20045.72;359.9771
20000.28,0.5800001,20045.72;359.9771
20000.28,0.5800001,20045.72;359.9771
20000.28,0.5800001,20045.72;359.9771
20000.28,0.5800001,20045.72;359.9771
20000.28,0.5800001,20045.72;359.9771
20000.28,0.5800001,20045.72;359.9771
20000.28,0.5800001,20045.72;359.9771
20000.28,0.5800001,20045.72;359.9771
20000.28,0.5800001,20045.72;359.9771
20000.28,0.5800001,20043.72;359.9771
20000.28,0.5800001,20041.72;359.9771
20000.28,0.5800001,20039.72;359.9771
20000.28,0.5800001,20037.72;359.9771
20000.28,0.5800001,20035.72;359.9771
20000.28,0.5800001,20033.72;359.9771
20000.28,0.5800001,20031.72;359.9771
20000.28,0.5800001,20029.72;359.9771
20000.28,0.5800001,20029.72;359.9771
20000.28,0.5800001,20029.72;359.9771
20000.28,0.5800001,20029.72;359.9771
20000.28,0.5800001,20029.72;359.9771
20000.28,0.5800001,20029.71;359.9771
20000.28,0.5800001,20029.71;359.9771
20000.28,0.5800001,20029.71;359.9771
20000.28,0.5800001,20029.71;359.9771
20000.28,0.5800001,20029.71;359.9771
20000.28,0.5800001,20029.71;359.9771
20000.28,0.5800001,20029.71;359.9771
20000.28,0.5800001,20029.71;359.9771
20000.28,0.5800001,20029.71;359.9771
20000.28,0.5800001,20029.71;359.9771
20000.28,0.5800001,20029.71;359.9771
20000.28,0.5800001,20029.71;359.9771
20000.28,0.5800001,20029.71;359.9771
20000.28,0.5800001,20029.71;359.9771
20000.28,0.5800001,20029.71;359.9771
20000.28,0.5800001,20029.71;359.9771
20000.28,0.5800001,20029.71;359.9771
20000.28,0.5800001,20029.71;359.9771
20000.28,0.5800001,20029.71;359.9771
20000.28,0.5800001,20029.71;359.9771
20000.28,0.5800001,20029.71;359.9771
20000.28,0.5800001,20029.71;359.9771
20000.28,0.5800001,20029.71;359.9771
20000.28,0.5800001,20029.71;359.9771
20000.28,0.5800001,20029.71;359.9771
20000.28,0.5800001,20029.71;359.9771
20000.28,0.5800001,20029.71;359.9771
20000.28,0.5800001,20029.71;359.9771
20001.72,0.5800001,20029.71;359.9771
20001.72,0.5800001,20029.71;359.9771
20001.72,0.5800001,20029.71;359.9771
20001.72,0.5800001,20029.71;359.9771
20001.72,0.5800001,20029.71;359.9771
20001.72,0.5800001,20029.71;359.9771
20001.72,0.5800001,20029.71;359.9771
20001.72,0.5800001,20029.71;359.9771
20001.72,0.5800001,20029.71;359.9771
20001.72,0.5800001,20029.71;359.9771
20001.72,0.5800001,20029.71;359.9771
20001.72,0.5800001,20029.71;359.9771
20001.72,0.5800001,20029.71;359.9771
20001.72,0.5800001,20029.71;359.9771
20001.72,0.5800001,20029.71;359.9771
20001.72,0.5800001,20029.71;359.9771
20001.72,0.5800001,20029.71;359.9771
20001.72,0.5800001,20029.71;359.9771
20001.72,0.5800001,20029.71;359.9771
20001.72,0.5800001,20029.71;359.9771
20001.72,0.5800001,20029.71;359.9771
20001.72,0.5800001,20029.71;359.9771
20001.72,0.5800001,20029.71;359.9771
20001.72,0.5800001,20029.71;359.9771
20001.72,0.5800001,20029.71;359.9771
20001.72,0.5800001,20029.71;359.9771
20001.72,0.5800001,20029.71;359.9771
20001.72,0.5800001,20029.71;359.9771
20001.72,0.5800001,20031.71;359.9771
20001.72,0.5800001,20033.71;359.9771
20001.72,0.5800001,20035.71;359.9771
20001.72,0.5800001,20037.71;359.9771
20001.72,0.5800001,20039.71;359.9771
20001.72,0.5800001,20041.71;359.9771
20001.72,0.5800001,20043.71;359.9771
20001.72,0.5800001,20045.71;359.9771
20001.72,0.5800001,20045.72;359.9771
20001.72,0.5800001,20045.72;359.9771
20001.72,0.5800001,20045.72;359.9771
20001.72,0.5800001,20045.72;359.9771
20001.72,0.5800001,20045.72;359.9771
20001.72,0.5800001,20045.72;359.9771
20001.72,0.5800001,20045.72;359.9771
20001.72,0.5800001,20045.72;359.9771
20001.72,0.5800001,20045.72;359.9771
20001.72,0.5800001,20045.72;359.9771
20001.72,0.5800001,20045.72;359.9771
20001.72,0.5800001,20045.72;359.9771
20001.72,0.5800001,20045.72;359.9771
20001.72,0.5800001,20045.72;359.9771
20001.72,0.5800001,20045.72;359.9771
20001.72,0.5800001,20045.72;359.9771
20001.72,0.5800001,20045.72;359.9771
20001.72,0.5800001,20045.72;359.9771
20001.72,0.5800001,20045.72;359.9771
20003.72,0.5800001,20045.72;359.9771
20005.72,0.5800001,20045.72;359.9771
20007.72,0.5800001,20045.72;359.9771
20009.72,0.5800001,20045.72;359.9771
20011.72,0.5800001,20045.72;359.9771
20011.72,0.5800001,20045.72;359.9771
20011.72,0.5800001,20045.72;359.9771
