20000,0.5,20000;0
20000,0.58,20000.63;359.6133
19999.99,0.58,20001.27;359.3124
19999.98,0.58,20001.9;359.0117
19999.96,0.58,20002.54;358.5676
19999.94,0.58,20003.17;358.0806
19999.91,0.58,20003.81;357.7225
19999.88,0.58,20004.44;357.3501
19999.85,0.58,20005.08;356.9777
19999.81,0.58,20005.71;356.5479
19999.77,0.58,20006.34;356.2185
19999.73,0.58,20006.98;355.8461
19999.68,0.58,20007.61;355.445
19999.62,0.58,20008.24;355.1155
19999.56,0.58,20008.88;354.8004
19999.5,0.58,20009.51;354.5139
19999.45,0.58,20010.01;354.1988
19999.4,0.58,20010.53;353.855
19999.32,0.58,20011.16;353.411
19999.25,0.58,20011.79;353.0815
19999.17,0.58,20012.42;352.7234
19999.08,0.58,20013.05;352.4513
19998.99,0.58,20013.68;352.0789
19998.9,0.58,20014.31;351.8354
19998.81,0.58,20014.94;351.4343
19998.71,0.58,20015.57;351.1621
19998.61,0.58,20016.19;350.8756
19998.51,0.58,20016.82;350.6035
19998.4,0.58,20017.45;350.2167
19998.29,0.58,20018.07;349.8443
19998.17,0.58,20018.7;349.6151
19998.06,0.58,20019.32;349.343
19997.94,0.58,20019.94;349.0995
19997.92,0.58,20020.02;348.6984
19997.79,0.58,20020.64;348.2687
19997.66,0.58,20021.26;347.882
19997.52,0.58,20021.88;347.5955
19997.38,0.58,20022.5;347.2517
19997.24,0.58,20023.12;346.9366
19997.09,0.58,20023.74;346.5498
19996.94,0.58,20024.36;346.1201
19996.78,0.58,20024.97;345.805
19996.62,0.58,20025.59;345.5328
19996.46,0.58,20026.2;345.1891
19996.29,0.58,20026.81;344.788
19996.13,0.58,20027.42;344.4872
19995.95,0.58,20028.04;344.2293
19995.78,0.58,20028.65;343.8999
19995.61,0.58,20029.2;343.5561
19995.43,0.58,20029.8;343.1694
19995.24,0.58,20030.41;342.8829
19995.05,0.58,20031.02;342.7253
19994.86,0.58,20031.62;342.3242
19994.66,0.58,20032.23;341.9518
19994.46,0.58,20032.83;341.7083
19994.26,0.58,20033.43;341.4362
19994.06,0.58,20034.03;341.0781
19993.85,0.58,20034.63;340.7629
19993.64,0.58,20035.23;340.5051
19993.42,0.58,20035.83;340.3046
19993.21,0.58,20036.43;340.0468
19992.99,0.58,20037;339.8032
19992.94,0.58,20037.14;339.4308
19992.71,0.58,20037.74;339.0154
19992.48,0.58,20038.33;338.7289
19992.25,0.58,20038.92;338.3995
19992.01,0.58,20039.51;338.0987
19991.77,0.58,20040.1;337.7263
19991.53,0.58,20040.68;337.3252
19991.28,0.58,20041.27;336.9814
19991.03,0.58,20041.85;336.7236
