20000,0.5,20000;0
20000,0.58,20000.14;359.5359
20000,0.58,20000.14;359.5359
20000,0.58,20000.26;359.1635
19999.99,0.58,20000.39;358.7051
19999.99,0.58,20000.39;358.7051
19999.99,0.58,20000.54;358.241
19999.98,0.58,20000.65;357.7769
19999.98,0.58,20000.77;357.3701
19999.97,0.58,20000.9;356.9232
19999.97,0.58,20001.01;356.4763
19999.96,0.58,20001.13;356.0237
19999.95,0.58,20001.25;355.571
19999.94,0.58,20001.37;355.2043
19999.93,0.58,20001.49;354.7861
19999.93,0.58,20001.49;354.7861
19999.93,0.58,20001.49;354.7861
19999.92,0.58,20001.6;354.4136
19999.91,0.58,20001.67;354.0412
19999.9,0.58,20001.75;353.7547
19999.9,0.58,20001.75;353.7547
19999.89,0.58,20001.83;353.4683
19999.88,0.58,20001.89;353.1818
19999.88,0.58,20001.96;352.9469
19999.88,0.58,20001.96;352.9469
19999.87,0.58,20002;352.712
19999.87,0.58,20002.04;352.5745
19999.86,0.58,20002.08;352.437
19999.86,0.58,20002.11;352.3796
19999.86,0.58,20002.11;352.3796
19999.86,0.58,20002.12;352.4198
19999.86,0.58,20002.12;352.4198
19999.86,0.58,20002.12;352.4599
19999.86,0.58,20002.12;352.5458
19999.86,0.58,20002.12;352.5458
19999.86,0.58,20002.11;352.6776
19999.86,0.58,20002.11;352.6776
19999.86,0.58,20002.1;352.8094
19999.86,0.58,20002.09;352.9583
19999.86,0.58,20002.09;352.9583
19999.86,0.58,20002.08;353.1016
19999.86,0.58,20002.08;353.1016
19999.86,0.58,20002.07;353.2448
19999.86,0.58,20002.05;353.4224
19999.86,0.58,20002.05;353.4224
19999.86,0.58,20002.04;353.6287
19999.87,0.58,20002.03;353.835
19999.87,0.58,20002.02;354.0355
19999.87,0.58,20002.02;354.0355
19999.87,0.58,20002.01;354.2647
19999.87,0.58,20002.01;354.2647
19999.87,0.58,20001.98;354.4939
19999.87,0.58,20001.95;354.8319
19999.87,0.58,20001.95;354.8319
19999.88,0.58,20001.93;355.1527
19999.88,0.58,20001.93;355.1527
19999.88,0.58,20001.89;355.4736
19999.88,0.58,20001.86;355.8747
19999.88,0.58,20001.86;355.8747
19999.88,0.58,20001.83;356.27
19999.88,0.58,20001.83;356.27
19999.88,0.58,20001.8;356.6653
19999.88,0.58,20001.78;356.9862
19999.88,0.58,20001.78;356.9862
19999.89,0.58,20001.74;357.3185
19999.89,0.58,20001.74;357.3185
19999.89,0.58,20001.71;357.6508
19999.89,0.58,20001.69;357.9774
19999.89,0.58,20001.66;358.304
19999.89,0.58,20001.63;358.5733
19999.89,0.58,20001.63;358.5733
19999.89,0.58,20001.59;358.8426
19999.89,0.58,20001.56;359.152
19999.89,0.58,20001.53;359.4614
19999.89,0.58,20001.49;359.7479
19999.89,0.58,20001.49;359.7479
19999.89,0.58,20001.49;359.7479
19999.89,0.58,20001.46;-2.414579E-05
19999.89,0.58,20001.44;0.252082
19999.89,0.58,20001.43;0.498459
19999.89,0.58,20001.43;0.498459
19999.89,0.58,20001.43;0.7505653
19999.89,0.58,20001.43;1.002671
19999.89,0.58,20001.44;1.220392
19999.89,0.58,20001.44;1.220392
19999.89,0.58,20001.47;1.438112
19999.89,0.58,20001.5;1.67302
19999.89,0.58,20001.53;1.873553
19999.89,0.58,20001.53;1.873553
19999.89,0.58,20001.53;1.873553
19999.89,0.58,20001.56;2.051169
19999.9,0.58,20001.58;2.228784
19999.9,0.58,20001.6;2.41213
19999.9,0.58,20001.6;2.41213
19999.9,0.58,20001.6;2.595475
19999.9,0.58,20001.6;2.669954
19999.9,0.58,20001.6;2.669954
19999.9,0.58,20001.6;2.669954
19999.9,0.58,20001.62;2.669954
19999.9,0.58,20001.63;2.635579
19999.9,0.58,20001.65;2.601204
19999.9,0.58,20001.66;2.601204
19999.9,0.58,20001.66;2.601204
19999.9,0.58,20001.7;2.601204
19999.9,0.58,20001.77;2.601204
19999.91,0.58,20001.84;2.595474
19999.91,0.58,20001.84;2.595474
19999.91,0.58,20001.94;2.589746
19999.92,0.58,20002.03;2.532454
19999.92,0.58,20002.18;2.440775
19999.92,0.58,20002.18;2.440775
19999.92,0.58,20002.18;2.440775
19999.93,0.58,20002.39;2.308993
19999.94,0.58,20002.6;2.177211
19999.95,0.58,20002.81;2.051158
19999.95,0.58,20002.81;2.051158
19999.95,0.58,20002.81;2.051158
19999.96,0.58,20003.07;1.942293
19999.96,0.58,20003.32;1.833427
19999.97,0.58,20003.57;1.718833
19999.97,0.58,20003.57;1.718833
19999.98,0.58,20003.81;1.604238
19999.98,0.58,20004.05;1.478185
19999.99,0.58,20004.31;1.352132
20000,0.58,20004.56;1.243266
20000,0.58,20004.56;1.243266
20000,0.58,20004.56;1.243266
20000,0.58,20004.81;1.077109
20000,0.58,20005.01;0.9109512
20000.01,0.58,20005.21;0.7562522
20000.01,0.58,20005.21;0.7562522
20000.01,0.58,20005.45;0.6301991
20000.01,0.58,20005.45;0.6301991
20000.01,0.58,20005.68;0.5041461
20000.01,0.58,20005.92;0.3609054
20000.01,0.58,20005.92;0.3609054
20000.01,0.58,20006.12;0.2119355
20000.01,0.58,20006.36;0.06296563
20000.01,0.58,20006.59;359.9254
20000.01,0.58,20006.59;359.9254
20000.01,0.58,20006.82;359.765
20000.01,0.58,20006.82;359.765
20000.01,0.58,20007.03;359.6046
20000.01,0.58,20007.23;359.4499
20000.01,0.58,20007.23;359.4499
20000.01,0.58,20007.46;359.3181
20000.01,0.58,20007.46;359.3181
20000,0.58,20007.7;359.1863
20000,0.58,20007.93;359.0488
20000,0.58,20007.93;359.0488
19999.99,0.58,20008.13;358.8941
19999.99,0.58,20008.13;358.8941
19999.99,0.58,20008.37;358.7394
19999.98,0.58,20008.61;358.6076
19999.98,0.58,20008.61;358.6076
19999.98,0.58,20008.84;358.4587
19999.98,0.58,20008.84;358.4587
19999.97,0.58,20009.05;358.3097
19999.96,0.58,20009.25;358.155
19999.96,0.58,20009.49;358.0175
19999.96,0.58,20009.49;358.0175
19999.96,0.58,20009.49;358.0175
19999.95,0.58,20009.73;357.88
19999.94,0.58,20009.97;357.7253
19999.93,0.58,20010.17;357.5648
19999.93,0.58,20010.17;357.5648
19999.93,0.58,20010.17;357.5648
19999.92,0.58,20010.4;357.4044
19999.91,0.58,20010.63;357.2726
19999.9,0.58,20010.84;357.1065
19999.9,0.58,20010.84;357.1065
19999.9,0.58,20010.84;357.1065
19999.88,0.58,20011.07;356.9403
19999.87,0.58,20011.31;356.8143
19999.86,0.58,20011.54;356.6596
19999.86,0.58,20011.54;356.6596
19999.86,0.58,20011.54;356.6596
19999.84,0.58,20011.78;356.5049
19999.83,0.58,20012.02;356.3502
19999.82,0.58,20012.22;356.1955
19999.82,0.58,20012.22;356.1955
19999.82,0.58,20012.22;356.1955
19999.8,0.58,20012.45;356.0408
19999.78,0.58,20012.68;355.8746
19999.77,0.58,20012.91;355.7085
19999.75,0.58,20013.14;355.548
19999.73,0.58,20013.34;355.3876
19999.71,0.58,20013.57;355.2673
19999.69,0.58,20013.81;355.1126
19999.69,0.58,20013.81;355.1126
19999.69,0.58,20013.81;355.1126
19999.68,0.58,20014.01;354.9579
19999.65,0.58,20014.24;354.786
19999.63,0.58,20014.46;354.6428
19999.63,0.58,20014.46;354.6428
19999.63,0.58,20014.46;354.6428
19999.61,0.58,20014.69;354.4594
19999.59,0.58,20014.89;354.2761
19999.57,0.58,20015.08;354.1328
19999.57,0.58,20015.08;354.1328
19999.57,0.58,20015.08;354.1328
19999.55,0.58,20015.31;353.9953
19999.52,0.58,20015.54;353.8578
19999.5,0.58,20015.76;353.7146
19999.5,0.58,20015.76;353.7146
19999.48,0.58,20015.96;353.5713
19999.45,0.58,20016.15;353.4338
19999.43,0.58,20016.37;353.2963
19999.4,0.58,20016.59;353.1359
19999.4,0.58,20016.59;353.1359
19999.4,0.58,20016.59;353.1359
19999.38,0.58,20016.81;352.9754
19999.35,0.58,20016.99;352.815
19999.33,0.58,20017.18;352.7405
19999.33,0.58,20017.18;352.7405
19999.3,0.58,20017.4;352.666
19999.27,0.58,20017.62;352.6718
19999.24,0.58,20017.83;352.6775
19999.21,0.58,20018.05;352.5973
19999.21,0.58,20018.05;352.5973
19999.21,0.58,20018.05;352.5973
19999.19,0.58,20018.23;352.4884
19999.16,0.58,20018.45;352.3796
19999.13,0.58,20018.66;352.2249
19999.13,0.58,20018.66;352.2249
19999.1,0.58,20018.87;352.053
19999.1,0.58,20018.87;352.053
19999.08,0.58,20019.05;351.8811
19999.05,0.58,20019.24;351.8868
19999.05,0.58,20019.24;351.8868
19999.02,0.58,20019.45;351.8926
19999.02,0.58,20019.45;351.8926
19998.99,0.58,20019.65;351.8983
19998.99,0.58,20019.65;351.8983
19998.99,0.58,20019.65;351.8983
19998.97,0.58,20019.83;351.904
19998.97,0.58,20019.83;351.904
19998.95,0.58,20019.96;351.9098
19998.95,0.58,20019.96;351.9098
19998.95,0.58,20019.96;351.9098
19998.93,0.58,20020.09;351.9155
19998.93,0.58,20020.09;351.9155
19998.9,0.58,20020.27;351.9212
19998.9,0.58,20020.27;351.9212
19998.9,0.58,20020.27;351.9212
19998.88,0.58,20020.48;351.9269
19998.88,0.58,20020.48;351.9269
19998.84,0.58,20020.7;351.9327
19998.81,0.58,20020.92;351.9155
19998.81,0.58,20020.92;351.9155
19998.79,0.58,20021.1;351.7551
19998.79,0.58,20021.1;351.7551
19998.75,0.58,20021.32;351.5946
19998.72,0.58,20021.54;351.5431
19998.72,0.58,20021.54;351.5431
19998.69,0.58,20021.76;351.4227
19998.69,0.58,20021.76;351.4227
19998.66,0.58,20021.95;351.3024
19998.63,0.58,20022.14;351.1477
19998.6,0.58,20022.35;350.993
19998.56,0.58,20022.57;350.867
19998.56,0.58,20022.57;350.867
19998.53,0.58,20022.79;350.7409
19998.49,0.58,20023;350.5805
19998.46,0.58,20023.19;350.42
19998.46,0.58,20023.19;350.42
19998.46,0.58,20023.19;350.42
19998.42,0.58,20023.4;350.2596
19998.38,0.58,20023.62;350.1336
19998.35,0.58,20023.84;349.9789
19998.35,0.58,20023.84;349.9789
19998.35,0.58,20023.84;349.9789
19998.31,0.58,20024.02;349.8242
19998.28,0.58,20024.2;349.6924
19998.24,0.58,20024.41;349.5377
19998.24,0.58,20024.41;349.5377
19998.24,0.58,20024.41;349.5377
19998.2,0.58,20024.63;349.383
19998.16,0.58,20024.84;349.234
19998.13,0.58,20025.02;349.0851
19998.13,0.58,20025.02;349.0851
19998.13,0.58,20025.02;349.0851
19998.08,0.58,20025.23;348.9647
19998.05,0.58,20025.41;348.8444
19998.01,0.58,20025.59;348.7012
19998.01,0.58,20025.59;348.7012
19998.01,0.58,20025.59;348.7012
19997.97,0.58,20025.79;348.5579
19997.93,0.58,20026;348.409
19997.89,0.58,20026.21;348.2829
19997.89,0.58,20026.21;348.2829
19997.89,0.58,20026.21;348.2829
19997.85,0.58,20026.38;348.1568
19997.81,0.58,20026.56;348.0136
19997.77,0.58,20026.76;347.8761
19997.77,0.58,20026.76;347.8761
19997.77,0.58,20026.76;347.8761
19997.72,0.58,20026.97;347.7386
19997.68,0.58,20027.18;347.6183
19997.64,0.58,20027.35;347.475
19997.64,0.58,20027.35;347.475
19997.64,0.58,20027.35;347.475
19997.6,0.58,20027.54;347.3318
19997.55,0.58,20027.73;347.1885
19997.51,0.58,20027.92;347.0453
19997.46,0.58,20028.12;346.925
19997.46,0.58,20028.12;346.925
19997.43,0.58,20028.28;346.8047
19997.39,0.58,20028.44;346.6671
19997.34,0.58,20028.63;346.5296
19997.3,0.58,20028.81;346.3864
19997.3,0.58,20028.81;346.3864
19997.25,0.58,20029;346.2431
19997.21,0.58,20029.19;346.1285
19997.17,0.58,20029.34;345.9567
19997.17,0.58,20029.34;345.9567
19997.17,0.58,20029.34;345.9567
19997.13,0.58,20029.5;345.7848
19997.09,0.58,20029.66;345.6129
19997.06,0.58,20029.76;345.441
19997.03,0.58,20029.86;345.2233
19997.03,0.58,20029.86;345.2233
19997.02,0.58,20029.92;345.0056
19997,0.58,20029.97;344.7936
19996.98,0.58,20030.04;344.5816
19996.97,0.58,20030.1;344.4211
19996.97,0.58,20030.1;344.4211
19996.95,0.58,20030.16;344.2664
19996.95,0.58,20030.16;344.2664
19996.94,0.58,20030.21;344.1461
19996.94,0.58,20030.21;344.1461
19996.94,0.58,20030.21;344.1461
19996.92,0.58,20030.26;344.0487
19996.92,0.58,20030.26;344.0487
19996.91,0.58,20030.3;343.9513
19996.91,0.58,20030.3;343.9513
19996.91,0.58,20030.3;343.9513
19996.9,0.58,20030.33;343.8768
19996.9,0.58,20030.33;343.8768
19996.89,0.58,20030.36;343.8023
19996.89,0.58,20030.38;343.7508
19996.89,0.58,20030.38;343.7508
19996.88,0.58,20030.41;343.6935
19996.88,0.58,20030.41;343.6935
19996.87,0.58,20030.43;343.6476
19996.87,0.58,20030.43;343.6476
19996.87,0.58,20030.45;343.6018
19996.87,0.58,20030.45;343.6018
19996.87,0.58,20030.45;343.6018
19996.86,0.58,20030.47;343.5445
19996.86,0.58,20030.47;343.5445
19996.86,0.58,20030.49;343.4872
19996.86,0.58,20030.49;343.4872
19996.85,0.58,20030.51;343.43
19996.84,0.58,20030.53;343.3669
19996.84,0.58,20030.53;343.3669
19996.84,0.58,20030.55;343.2982
19996.84,0.58,20030.55;343.2982
19996.83,0.58,20030.56;343.2294
19996.83,0.58,20030.57;343.1549
19996.83,0.58,20030.57;343.1549
19996.83,0.58,20030.59;343.0977
19996.83,0.58,20030.59;343.0977
19996.82,0.58,20030.59;343.0403
19996.82,0.58,20030.6;342.9716
19996.82,0.58,20030.6;342.9029
19996.82,0.58,20030.6;342.8456
19996.82,0.58,20030.6;342.8456
19996.82,0.58,20030.6;342.794
19996.82,0.58,20030.6;342.794
19996.82,0.58,20030.6;342.731
19996.82,0.58,20030.6;342.731
19996.82,0.58,20030.6;342.668
19996.82,0.58,20030.59;342.6164
19996.82,0.58,20030.6;342.5935
19996.82,0.58,20030.6;342.5935
19996.82,0.58,20030.6;342.5935
19996.82,0.58,20030.6;342.5763
19996.82,0.58,20030.61;342.5591
19996.82,0.58,20030.62;342.5534
19996.82,0.58,20030.62;342.5534
19996.81,0.58,20030.63;342.5476
19996.81,0.58,20030.65;342.5476
19996.8,0.58,20030.68;342.5534
19996.8,0.58,20030.68;342.5534
19996.78,0.58,20030.73;342.5591
19996.76,0.58,20030.79;342.5648
19996.73,0.58,20030.89;342.5706
19996.7,0.58,20030.99;342.5591
19996.7,0.58,20030.99;342.5591
19996.66,0.58,20031.11;342.5476
19996.62,0.58,20031.26;342.5305
19996.57,0.58,20031.41;342.5133
19996.57,0.58,20031.41;342.5133
19996.52,0.58,20031.56;342.4961
19996.47,0.58,20031.72;342.4674
19996.43,0.58,20031.85;342.4388
19996.43,0.58,20031.85;342.4388
19996.43,0.58,20031.85;342.4388
19996.38,0.58,20032;342.4102
19996.34,0.58,20032.14;342.3872
19996.29,0.58,20032.29;342.3643
19996.24,0.58,20032.43;342.3528
19996.24,0.58,20032.43;342.3528
19996.2,0.58,20032.56;342.3414
19996.16,0.58,20032.7;342.3471
19996.11,0.58,20032.85;342.3528
19996.06,0.58,20033.01;342.3299
19996.06,0.58,20033.01;342.3299
19996.01,0.58,20033.16;342.307
19995.96,0.58,20033.32;342.2841
19995.92,0.58,20033.45;342.2497
19995.92,0.58,20033.45;342.2497
19995.92,0.58,20033.45;342.2497
19995.87,0.58,20033.6;342.2154
19995.82,0.58,20033.76;342.181
19995.77,0.58,20033.91;342.1523
19995.77,0.58,20033.91;342.1523
19995.77,0.58,20033.91;342.1523
19995.73,0.58,20034.04;342.1237
19995.73,0.58,20034.04;342.1237
19995.68,0.58,20034.18;342.095
19995.63,0.58,20034.33;342.0721
19995.63,0.58,20034.33;342.0721
19995.59,0.58,20034.46;342.0549
19995.59,0.58,20034.46;342.0549
19995.54,0.58,20034.61;342.032
19995.54,0.58,20034.61;342.032
19995.54,0.58,20034.61;342.032
19995.5,0.58,20034.76;341.969
19995.5,0.58,20034.76;341.969
19995.47,0.58,20034.83;341.906
19995.47,0.58,20034.83;341.906
19995.47,0.58,20034.83;341.906
19995.47,0.58,20034.85;341.8659
19995.47,0.58,20034.85;341.8659
19995.46,0.58,20034.88;341.8258
19995.45,0.58,20034.91;341.8086
19995.45,0.58,20034.91;341.8086
19995.43,0.58,20034.96;341.7799
19995.43,0.58,20034.96;341.7799
19995.4,0.58,20035.05;341.7513
19995.37,0.58,20035.14;341.7112
19995.32,0.58,20035.29;341.6539
19995.32,0.58,20035.29;341.6539
19995.27,0.58,20035.43;341.5966
19995.22,0.58,20035.58;341.5508
19995.22,0.58,20035.58;341.5508
19995.16,0.58,20035.76;341.5164
19995.16,0.58,20035.76;341.5164
19995.1,0.58,20035.95;341.482
19995.04,0.58,20036.13;341.4419
19995.04,0.58,20036.13;341.4419
19994.99,0.58,20036.28;341.419
19994.99,0.58,20036.28;341.419
19994.93,0.58,20036.45;341.3961
19994.87,0.58,20036.63;341.356
19994.87,0.58,20036.63;341.356
19994.81,0.58,20036.8;341.3216
19994.81,0.58,20036.8;341.3216
19994.77,0.58,20036.94;341.2872
19994.72,0.58,20037.08;341.2586
19994.66,0.58,20037.26;341.2357
19994.66,0.58,20037.26;341.2357
19994.6,0.58,20037.43;341.2127
19994.6,0.58,20037.43;341.2127
19994.55,0.58,20037.58;341.1612
19994.55,0.58,20037.58;341.1612
19994.55,0.58,20037.58;341.1612
19994.49,0.58,20037.76;341.1096
19994.43,0.58,20037.94;341.0523
19994.37,0.58,20038.11;341.0008
19994.37,0.58,20038.11;341.0008
19994.32,0.58,20038.26;340.9492
19994.27,0.58,20038.4;340.8976
19994.21,0.58,20038.57;340.8461
19994.15,0.58,20038.74;340.8002
19994.15,0.58,20038.74;340.8002
19994.09,0.58,20038.91;340.7544
19994.03,0.58,20039.08;340.7143
19993.98,0.58,20039.23;340.6742
19993.98,0.58,20039.23;340.6742
19993.98,0.58,20039.23;340.6742
19993.92,0.58,20039.4;340.6341
19993.86,0.58,20039.57;340.594
19993.79,0.58,20039.75;340.5539
19993.73,0.58,20039.92;340.5138
19993.73,0.58,20039.92;340.5138
19993.68,0.58,20040.07;340.4737
19993.63,0.58,20040.22;340.4221
19993.57,0.58,20040.38;340.3705
19993.51,0.58,20040.55;340.3133
19993.51,0.58,20040.55;340.3133
19993.45,0.58,20040.72;340.256
19993.39,0.58,20040.89;340.2044
19993.34,0.58,20041.02;340.1528
19993.34,0.58,20041.16;340.0669
19993.34,0.58,20041.16;340.0669
19993.34,0.5800003,20041.29;339.981
19993.34,0.5800002,20041.43;339.8492
19993.34,0.5800003,20041.53;339.7174
19993.34,0.5800002,20041.63;339.5913
19993.34,0.5800002,20041.63;339.5913
19993.34,0.5800002,20041.67;339.4653
19993.34,0.5800002,20041.71;339.322
19993.34,0.5800001,20041.75;339.2017
19993.34,0.5800001,20041.75;339.2017
19993.34,0.5800001,20041.75;339.2017
19993.34,0.5800002,20041.78;339.0814
19993.34,0.5800002,20041.81;339.0069
19993.34,0.5800002,20041.82;338.9324
19993.34,0.5800002,20041.83;338.8809
19993.34,0.5800002,20041.83;338.8809
19993.34,0.5800002,20041.84;338.8293
19993.34,0.5800002,20041.84;338.8121
19993.34,0.5800002,20041.84;338.7949
19993.34,0.5800002,20041.83;338.7433
19993.34,0.5800002,20041.83;338.7433
19993.34,0.5800002,20041.83;338.6918
19993.34,0.5800002,20041.83;338.6058
19993.34,0.5800002,20041.84;338.5199
19993.34,0.5800002,20041.85;338.3824
19993.34,0.5800002,20041.85;338.3824
19993.34,0.5800001,20041.89;338.2449
19993.34,0.5800001,20041.92;338.0787
19993.34,0.58,20041.97;337.9126
19993.34,0.58,20042.02;337.6948
19993.34,0.58,20042.02;337.6948
19993.34,0.5800002,20042.08;337.4198
19993.34,0.5800002,20042.08;337.4198
19993.34,0.5800003,20042.13;337.1448
19993.34,0.5800002,20042.17;336.887
19993.34,0.5800002,20042.17;336.887
19993.34,0.5800001,20042.21;336.5948
19993.34,0.5800001,20042.22;336.3026
19993.34,0.5800001,20042.24;335.9817
19993.34,0.5800001,20042.24;335.9817
19993.34,0.5800001,20042.24;335.678
19993.34,0.5800001,20042.24;335.678
19993.34,0.5800001,20042.24;335.3743
19993.34,0.5800001,20042.24;334.9618
19993.34,0.5800001,20042.24;334.9618
19993.34,0.5800001,20042.24;334.4805
19993.34,0.5800001,20042.24;333.9992
19993.34,0.5800001,20042.24;333.495
19993.34,0.5800001,20042.24;333.495
19993.34,0.5800001,20042.24;332.8189
19993.34,0.5800001,20042.24;332.8189
19993.34,0.5800001,20042.24;332.1429
19993.34,0.5800001,20042.24;331.9824
19993.34,0.5800001,20042.24;331.524
19993.34,0.5800001,20042.24;331.524
19993.34,0.5800001,20042.24;331.0657
19993.34,0.5800001,20042.24;330.338
19993.34,0.5800001,20042.24;329.6104
19993.34,0.5800001,20042.24;328.8828
19993.34,0.5800001,20042.24;328.8828
19993.34,0.5800001,20042.24;328.1551
19993.34,0.5800001,20042.24;327.5535
19993.34,0.5800001,20042.24;326.8717
19993.34,0.5800001,20042.24;326.8717
19993.34,0.5800001,20042.24;326.1898
19993.34,0.5800001,20042.24;325.5195
19993.34,0.5800001,20042.24;324.9465
19993.34,0.5800001,20042.24;324.9465
19993.34,0.5800001,20042.24;324.9465
19993.34,0.5800001,20042.24;324.3736
19993.34,0.5800001,20042.24;323.7032
19993.34,0.5800001,20042.24;323.0214
19993.34,0.5800001,20042.24;323.0214
19993.34,0.5800001,20042.24;323.0214
19993.34,0.5800001,20042.24;322.3396
19993.34,0.5800001,20042.24;321.7666
19993.34,0.5800001,20042.24;321.1191
19993.34,0.5800001,20042.24;321.1191
19993.34,0.5800001,20042.24;320.7123
19993.34,0.5800001,20042.24;320.3055
19993.34,0.5800001,20042.24;319.7498
19993.34,0.5800001,20042.24;319.7498
19993.34,0.5800001,20042.24;319.194
19993.34,0.5800001,20042.24;318.5179
19993.34,0.5800001,20042.24;317.8418
19993.34,0.5800001,20042.24;317.1543
19993.34,0.5800001,20042.24;317.1543
19993.34,0.5800001,20042.24;316.4667
19993.34,0.5800001,20042.24;315.8708
19993.34,0.5800001,20042.24;315.1891
19993.34,0.5800001,20042.24;315.1891
19993.34,0.5800001,20042.24;315.1891
19993.34,0.5800002,20042.25;314.5072
19993.34,0.5800002,20042.26;313.9343
19993.34,0.5800003,20042.29;313.6535
19993.34,0.5800003,20042.29;313.6535
19993.34,0.5800003,20042.29;313.6535
19993.34,0.5800001,20042.34;313.3727
19993.34,0.5800002,20042.38;313.1665
19993.34,0.5800005,20042.42;313.0519
19993.34,0.5800005,20042.42;313.0519
19993.34,0.5800005,20042.42;313.0519
19993.34,0.5800004,20042.44;312.9373
19993.34,0.5800005,20042.46;312.8972
19993.34,0.5800006,20042.48;312.8743
19993.34,0.5800006,20042.48;312.8743
19993.34,0.5800006,20042.48;312.8743
19993.34,0.5800006,20042.5;312.8514
19993.34,0.5800007,20042.52;312.817
19993.34,0.5800007,20042.53;312.8055
19993.34,0.5800007,20042.53;312.8055
19993.34,0.5800007,20042.53;312.8055
19993.34,0.5800007,20042.53;312.8112
19993.34,0.5800007,20042.53;312.817
19993.35,0.5800007,20042.53;312.8513
19993.35,0.5800007,20042.53;312.8513
19993.35,0.5800007,20042.52;312.8857
19993.36,0.5800007,20042.52;312.9316
19993.37,0.5800007,20042.51;312.9774
19993.38,0.5800007,20042.5;313.0748
19993.38,0.5800007,20042.5;313.0748
19993.38,0.5800007,20042.5;313.0748
19993.39,0.5800007,20042.49;313.1894
19993.4,0.5800007,20042.47;313.304
19993.41,0.5800007,20042.46;313.4071
19993.41,0.5800007,20042.46;313.4071
19993.44,0.5800007,20042.44;313.5504
19993.44,0.5800007,20042.44;313.5504
19993.46,0.5800007,20042.42;313.6936
19993.49,0.5800007,20042.39;313.8712
19993.49,0.5800007,20042.39;313.8712
19993.52,0.5800007,20042.36;314.0489
19993.52,0.5800007,20042.36;314.0489
19993.55,0.5800007,20042.33;314.301
19993.55,0.5800007,20042.33;314.301
19993.58,0.5800007,20042.3;314.5531
19993.58,0.5800007,20042.3;314.5531
19993.58,0.5800007,20042.3;314.5531
19993.62,0.5800007,20042.26;314.8052
19993.66,0.5800007,20042.23;315.1432
19993.66,0.5800007,20042.23;315.1432
19993.69,0.5800007,20042.19;315.4984
19993.69,0.5800007,20042.19;315.4984
19993.71,0.5800007,20042.17;315.8193
19993.71,0.5800007,20042.17;315.8193
19993.71,0.5800007,20042.17;316.2032
19993.71,0.5800007,20042.17;316.5871
19993.71,0.5800007,20042.17;316.5871
19993.71,0.5800007,20042.17;316.5871
19993.71,0.5800007,20042.17;316.9709
19993.71,0.5800007,20042.17;316.9709
19993.71,0.5800007,20042.17;317.3548
19993.71,0.5800007,20042.17;317.3548
19993.71,0.5800007,20042.17;317.3548
19993.71,0.5800007,20042.17;317.7387
19993.71,0.5800007,20042.17;317.7387
19993.71,0.5800007,20042.17;318.1226
19993.71,0.5800007,20042.17;318.1226
19993.71,0.5800007,20042.17;318.1283
19993.71,0.5800007,20042.17;318.1283
19993.71,0.5800007,20042.17;318.1283
19993.71,0.5800007,20042.17;318.134
19993.71,0.5800007,20042.17;318.4663
19993.71,0.5800007,20042.17;318.9362
19993.71,0.5800007,20042.17;318.9362
19993.71,0.5800007,20042.17;318.9362
19993.71,0.5800007,20042.17;319.406
19993.71,0.5800007,20042.17;319.9675
19993.71,0.5800007,20042.17;320.529
19993.71,0.5800007,20042.17;321.0733
19993.71,0.5800007,20042.17;321.0733
19993.71,0.5800007,20042.17;321.6176
19993.71,0.5800007,20042.17;322.076
19993.71,0.5800007,20042.17;322.5744
19993.71,0.5800007,20042.17;322.5744
19993.71,0.5800007,20042.17;322.5744
19993.71,0.5800007,20042.17;323.0729
19993.71,0.5800007,20042.17;323.5828
19993.71,0.5800007,20042.17;324.0355
19993.71,0.5800007,20042.17;324.0355
19993.71,0.5800007,20042.17;324.0355
19993.71,0.5800007,20042.17;324.4881
19993.71,0.5800007,20042.17;325.0267
19993.71,0.5800007,20042.17;325.5882
19993.71,0.5800007,20042.17;325.5882
19993.71,0.5800007,20042.17;325.5882
19993.71,0.5800007,20042.17;326.1497
19993.71,0.5800007,20042.17;326.631
19993.71,0.5800007,20042.17;327.118
19993.71,0.5800007,20042.17;327.118
19993.71,0.5800007,20042.17;327.118
19993.71,0.5800007,20042.17;327.605
19993.71,0.5800007,20042.17;328.1665
19993.71,0.5800007,20042.17;328.6363
19993.71,0.5800007,20042.17;328.6363
19993.71,0.5800007,20042.17;328.6363
19993.71,0.5800007,20042.17;329.1061
19993.71,0.5800007,20042.17;329.6619
19993.71,0.5800007,20042.17;330.1489
19993.71,0.5800007,20042.17;330.1489
19993.71,0.5800007,20042.17;330.1489
19993.71,0.5800007,20042.17;330.527
19993.71,0.5800007,20042.17;330.9052
19993.71,0.5800007,20042.17;330.9969
19993.71,0.5800007,20042.17;330.9969
19993.71,0.5800007,20042.17;330.9969
19993.71,0.5800007,20042.17;331.0886
19993.71,0.5800007,20042.17;331.1
19993.71,0.5800007,20042.17;331.3177
19993.71,0.5800007,20042.17;331.3177
19993.71,0.5800007,20042.17;331.3177
19993.71,0.5800007,20042.17;331.8678
19993.71,0.5800007,20042.17;332.4178
19993.71,0.5800007,20042.17;332.9678
19993.71,0.5800007,20042.17;332.9678
19993.71,0.5800007,20042.17;332.9678
19993.71,0.5800007,20042.17;333.4377
19993.71,0.5800007,20042.17;333.9075
19993.71,0.5800007,20042.17;334.2627
19993.71,0.5800007,20042.17;334.2627
19993.71,0.5800007,20042.17;334.2627
19993.71,0.5800007,20042.17;334.6753
19993.71,0.5800007,20042.17;335.0878
19993.71,0.5800007,20042.17;335.5118
19993.71,0.5800007,20042.17;335.5118
19993.71,0.5800007,20042.17;335.5118
19993.71,0.5800007,20042.17;336.0561
19993.71,0.5800007,20042.17;336.6004
19993.71,0.5800007,20042.17;337.1504
19993.71,0.5800007,20042.17;337.1504
19993.71,0.5800007,20042.17;337.1504
19993.71,0.5800007,20042.17;337.6145
19993.71,0.5800007,20042.17;338.0786
19993.71,0.5800007,20042.17;338.6172
19993.71,0.5800007,20042.17;338.6172
19993.71,0.5800007,20042.17;339.1615
19993.71,0.5800007,20042.17;339.1615
19993.71,0.5800007,20042.17;339.7058
19993.71,0.5800007,20042.17;340.1642
19993.71,0.5800007,20042.17;340.1642
19993.71,0.5800007,20042.17;340.7028
19993.71,0.5800007,20042.17;340.7028
19993.71,0.5800007,20042.17;341.247
19993.71,0.5800007,20042.17;341.7112
19993.71,0.5800007,20042.17;341.7112
19993.71,0.5800007,20042.17;342.1753
19993.71,0.5800007,20042.17;342.7081
19993.71,0.5800007,20042.17;342.7081
19993.71,0.5800007,20042.17;343.1951
19993.71,0.5800007,20042.17;343.1951
19993.71,0.5800007,20042.17;343.6821
19993.71,0.5800007,20042.17;344.1405
19993.71,0.5800007,20042.17;344.6791
19993.71,0.5800007,20042.17;344.6791
19993.71,0.5800007,20042.17;345.2177
19993.71,0.5800007,20042.17;345.6588
19993.71,0.5800007,20042.17;345.6588
19993.71,0.5800007,20042.17;346.1057
19993.71,0.5800007,20042.17;346.1057
19993.71,0.5800007,20042.17;346.5526
19993.71,0.5800007,20042.17;347.074
19993.71,0.5800007,20042.17;347.584
19993.71,0.5800007,20042.17;347.584
19993.71,0.5800007,20042.17;347.584
19993.71,0.5800007,20042.17;348.0194
19993.71,0.5800007,20042.17;348.4549
19993.71,0.5800007,20042.17;348.9591
19993.71,0.5800007,20042.17;348.9591
19993.71,0.5800007,20042.17;349.4518
19993.71,0.5800007,20042.17;349.9445
19993.71,0.5800007,20042.17;350.3628
19993.71,0.5800007,20042.17;350.3628
19993.71,0.5800007,20042.17;350.7811
19993.71,0.5800007,20042.17;351.2567
19993.71,0.5800007,20042.17;351.7322
19993.71,0.5800007,20042.17;352.1791
19993.71,0.5800007,20042.17;352.1791
19993.71,0.5800007,20042.17;352.626
19993.71,0.5800007,20042.17;353.0271
19993.71,0.5800007,20042.17;353.4281
19993.71,0.5800007,20042.17;353.8865
19993.71,0.5800007,20042.17;353.8865
19993.71,0.5800007,20042.17;354.3449
19993.71,0.5800007,20042.17;354.7746
19993.71,0.5800007,20042.17;355.147
19993.71,0.5800007,20042.17;355.147
19993.71,0.5800007,20042.17;355.147
19993.71,0.5800007,20042.17;355.5194
19993.71,0.5800007,20042.17;355.9663
19993.71,0.5800007,20042.17;356.4018
19993.71,0.5800007,20042.17;356.4018
19993.71,0.5800007,20042.17;356.4018
19993.71,0.5800007,20042.17;356.8372
19993.71,0.5800007,20042.17;357.1982
19993.71,0.5800007,20042.17;357.5592
19993.71,0.5800007,20042.17;357.9889
19993.71,0.5800007,20042.17;357.9889
19993.71,0.5800007,20042.17;358.4186
19993.71,0.5800007,20042.17;358.8541
19993.71,0.5800007,20042.17;359.2322
19993.71,0.5800007,20042.17;359.2322
19993.71,0.5800007,20042.17;359.2322
19993.71,0.5800007,20042.17;359.6104
19993.71,0.5800007,20042.17;0.05155059
19993.71,0.5800007,20042.17;0.4927311
19993.71,0.5800007,20042.17;0.9224532
19993.71,0.5800007,20042.17;0.9224532
19993.71,0.5800007,20042.17;1.352175
19993.71,0.5800007,20042.17;1.713136
19993.71,0.5800007,20042.16;2.074097
19993.71,0.5800007,20042.16;2.503819
19993.71,0.5800007,20042.16;2.503819
19993.71,0.5800007,20042.16;2.933542
19993.71,0.5800007,20042.16;3.363264
19993.71,0.5800007,20042.16;3.729954
19993.71,0.5800007,20042.16;3.729954
19993.71,0.5800007,20042.16;3.729954
19993.71,0.5800007,20042.16;4.159676
19993.71,0.5800007,20042.16;4.589398
19993.71,0.5800007,20042.16;5.024849
19993.71,0.5800007,20042.16;5.024849
19993.71,0.5800007,20042.16;5.397268
19993.71,0.5800007,20042.16;5.397268
19993.71,0.5800007,20042.16;5.769688
19993.71,0.5800007,20042.16;6.20514
19993.71,0.5800007,20042.16;6.20514
19993.71,0.5800007,20042.16;6.640591
19993.71,0.5800007,20042.16;7.076043
19993.71,0.5800007,20042.16;7.448462
19993.71,0.5800007,20042.16;7.448462
19993.71,0.5800007,20042.16;7.878184
19993.71,0.5800007,20042.16;8.307907
19993.71,0.5800007,20042.16;8.749087
19993.71,0.5800007,20042.16;8.749087
19993.71,0.5800007,20042.16;9.110049
19993.71,0.5800007,20042.16;9.110049
19993.71,0.5800007,20042.16;9.545501
19993.71,0.5800007,20042.16;9.545501
19993.71,0.5800007,20042.16;9.980952
19993.71,0.5800007,20042.16;9.980952
19993.71,0.5800007,20042.16;10.4164
19993.71,0.5800007,20042.15;10.80028
19993.71,0.5800007,20042.15;11.23573
19993.71,0.5800007,20042.15;11.23573
19993.71,0.5800007,20042.15;11.67118
19993.71,0.5800007,20042.15;12.11809
19993.71,0.5800007,20042.15;12.49051
19993.71,0.5800007,20042.15;12.49051
19993.71,0.5800007,20042.15;12.86293
19993.71,0.5800007,20042.14;13.28119
19993.71,0.5800007,20042.14;13.28119
19993.71,0.5800007,20042.13;13.6708
19993.71,0.5800007,20042.13;13.6708
19993.71,0.5800007,20042.13;13.6708
19993.71,0.5800007,20042.12;13.99739
19993.7,0.5800007,20042.12;14.32397
19993.7,0.5800007,20042.11;14.63338
19993.7,0.5800007,20042.11;14.63338
19993.7,0.5800007,20042.11;14.94277
19993.7,0.5800007,20042.11;15.29227
19993.7,0.5800007,20042.11;15.64178
19993.7,0.5800007,20042.11;15.88816
19993.7,0.5800007,20042.11;15.88816
19993.71,0.5800007,20042.12;16.13453
19993.71,0.5800007,20042.13;16.3981
19993.71,0.5800007,20042.14;16.61009
19993.71,0.5800007,20042.14;16.61009
19993.71,0.5800007,20042.14;16.61009
19993.71,0.5800007,20042.13;16.82208
19993.71,0.5800007,20042.13;16.93094
19993.71,0.5800007,20042.14;16.94813
19993.71,0.5800007,20042.14;16.94813
19993.71,0.5800007,20042.14;16.94813
19993.72,0.5800007,20042.17;16.96532
19993.73,0.5800007,20042.21;16.9023
19993.74,0.5800007,20042.25;16.83355
19993.74,0.5800007,20042.25;16.83355
19993.74,0.5800007,20042.25;16.83355
19993.76,0.5800007,20042.3;16.7648
19993.77,0.5800007,20042.34;16.71324
19993.79,0.5800007,20042.41;16.66167
19993.81,0.5800007,20042.47;16.59293
19993.81,0.5800007,20042.47;16.59293
19993.83,0.5800007,20042.55;16.52418
19993.86,0.5800007,20042.64;16.42677
19993.89,0.5800007,20042.73;16.32936
19993.91,0.5800007,20042.82;16.15748
19993.91,0.5800007,20042.82;16.15748
19993.94,0.5800007,20042.91;15.98559
19993.96,0.5800007,20043.01;15.79079
19994,0.5800007,20043.13;15.59599
19994.03,0.5800007,20043.25;15.4241
19994.03,0.5800007,20043.25;15.4241
19994.03,0.5800007,20043.25;15.4241
19994.06,0.5800007,20043.36;15.22357
19994.09,0.5800007,20043.47;15.02304
19994.12,0.5800007,20043.59;14.85115
19994.12,0.5800007,20043.59;14.85115
19994.15,0.5800007,20043.7;14.67927
19994.18,0.5800007,20043.81;14.49019
19994.21,0.5800007,20043.9;14.30112
19994.23,0.5800007,20043.99;14.10632
19994.23,0.5800007,20043.99;14.10632
19994.26,0.5800007,20044.11;13.91151
19994.28,0.5800007,20044.22;13.79692
19994.31,0.5800007,20044.33;13.68232
19994.34,0.5800007,20044.45;13.54481
19994.34,0.5800007,20044.45;13.54481
19994.37,0.5800007,20044.55;13.4073
19994.39,0.5800007,20044.66;13.18958
19994.42,0.5800007,20044.78;12.97186
19994.44,0.5800007,20044.9;12.73695
19994.44,0.5800007,20044.9;12.73695
19994.47,0.5800007,20045.02;12.53642
19994.49,0.5800007,20045.12;12.33589
19994.51,0.5800007,20045.22;12.10671
19994.51,0.5800007,20045.22;12.10671
19994.51,0.5800007,20045.22;12.10671
19994.54,0.5800007,20045.33;11.88899
19994.56,0.5800007,20045.45;11.67127
19994.58,0.5800007,20045.55;11.49365
19994.6,0.5800007,20045.66;11.28166
19994.62,0.5800007,20045.76;11.06967
19994.64,0.5800007,20045.86;10.90351
19994.64,0.5800007,20045.86;10.90351
19994.66,0.5800007,20045.96;10.77173
19994.66,0.5800007,20045.96;10.77173
19994.68,0.5800007,20046.08;10.63995
19994.71,0.5800007,20046.2;10.53109
19994.71,0.5800007,20046.2;10.53109
19994.73,0.5800007,20046.31;10.33628
19994.73,0.5800007,20046.31;10.33628
19994.74,0.5800007,20046.38;10.14148
19994.75,0.5800007,20046.45;10.02116
19994.75,0.5800007,20046.45;10.02116
19994.76,0.5800007,20046.51;10.02688
19994.76,0.5800007,20046.51;10.02688
19994.77,0.5800007,20046.54;10.04407
19994.77,0.5800007,20046.54;10.04407
19994.77,0.5800007,20046.54;10.0498
19994.77,0.5800007,20046.54;10.0498
19994.77,0.5800007,20046.53;10.05553
19994.77,0.5800007,20046.53;10.06699
19994.77,0.5800007,20046.53;10.06699
19994.76,0.5800007,20046.52;10.13001
19994.76,0.5800007,20046.52;10.13001
19994.76,0.5800007,20046.51;10.19303
19994.76,0.5800007,20046.5;10.27324
19994.76,0.5800007,20046.5;10.27324
19994.76,0.5800007,20046.49;10.39929
19994.76,0.5800007,20046.49;10.39929
19994.76,0.5800007,20046.47;10.52535
19994.75,0.5800007,20046.46;10.65713
19994.75,0.5800007,20046.44;10.83475
19994.75,0.5800007,20046.44;10.83475
19994.75,0.5800007,20046.44;10.83475
19994.75,0.5800007,20046.42;11.01236
19994.74,0.5800007,20046.4;11.20144
19994.74,0.5800007,20046.39;11.37332
19994.74,0.5800007,20046.39;11.37332
19994.74,0.5800007,20046.39;11.37332
19994.74,0.5800007,20046.38;11.54521
19994.73,0.5800007,20046.36;11.75147
19994.73,0.5800007,20046.34;11.95774
19994.72,0.5800007,20046.32;12.16973
19994.72,0.5800007,20046.32;12.16973
19994.72,0.5800007,20046.29;12.38172
19994.71,0.5800007,20046.27;12.57652
19994.71,0.5800007,20046.25;12.8057
19994.71,0.5800007,20046.25;12.8057
19994.71,0.5800007,20046.25;12.8057
19994.7,0.5800007,20046.21;13.03488
19994.69,0.5800007,20046.18;13.25833
19994.69,0.5800007,20046.15;13.44168
19994.69,0.5800007,20046.15;13.44168
19994.68,0.5800007,20046.13;13.62502
19994.67,0.5800007,20046.1;13.84847
19994.67,0.5800007,20046.07;14.08338
19994.67,0.5800007,20046.07;14.08338
19994.67,0.5800007,20046.07;14.08338
19994.66,0.5800007,20046.05;14.31829
19994.66,0.5800007,20046.04;14.51882
19994.65,0.5800007,20046.02;14.74227
19994.65,0.5800007,20046.02;14.74227
19994.65,0.5800007,20046.02;14.74227
19994.65,0.5800007,20046.01;14.96572
19994.64,0.5800007,20045.99;15.18917
19994.64,0.5800007,20045.97;15.36679
19994.64,0.5800007,20045.97;15.36679
19994.63,0.5800007,20045.94;15.5444
19994.63,0.5800007,20045.92;15.76212
19994.62,0.5800007,20045.89;15.98558
19994.62,0.5800007,20045.89;15.98558
19994.61,0.5800007,20045.86;16.20903
19994.6,0.5800007,20045.84;16.40956
19994.59,0.5800007,20045.81;16.61009
19994.59,0.5800007,20045.79;16.82781
19994.59,0.5800007,20045.79;16.82781
19994.58,0.5800007,20045.76;17.02835
19994.57,0.5800007,20045.73;17.22888
19994.56,0.5800007,20045.7;17.39504
19994.56,0.5800007,20045.7;17.39504
19994.55,0.5800007,20045.67;17.59557
19994.54,0.5800007,20045.65;17.7961
19994.53,0.5800007,20045.62;18.00237
19994.53,0.5800007,20045.62;18.00237
19994.53,0.5800007,20045.62;18.00237
19994.53,0.5800007,20045.61;18.17998
19994.52,0.5800007,20045.59;18.3977
19994.52,0.5800007,20045.59;18.3977
19994.51,0.5800007,20045.56;18.59823
19994.51,0.5800007,20045.54;18.79877
19994.5,0.5800007,20045.51;18.97065
19994.5,0.5800007,20045.51;18.97065
19994.5,0.5800007,20045.51;18.97065
19994.49,0.5800007,20045.49;19.16546
19994.48,0.5800007,20045.46;19.36026
19994.47,0.5800007,20045.44;19.56079
19994.47,0.5800007,20045.44;19.56079
19994.47,0.5800007,20045.44;19.56079
19994.46,0.5800007,20045.41;19.73268
19994.45,0.5800007,20045.38;19.90457
19994.44,0.5800007,20045.36;20.08791
19994.44,0.5800007,20045.36;20.08791
19994.43,0.5800007,20045.32;20.25407
19994.43,0.5800007,20045.32;20.25407
19994.42,0.5800007,20045.3;20.42023
19994.41,0.5800007,20045.27;20.56347
19994.41,0.5800007,20045.27;20.56347
19994.4,0.5800007,20045.25;20.73536
19994.4,0.5800007,20045.25;20.73536
19994.4,0.5800007,20045.24;20.90724
19994.39,0.5800007,20045.22;21.09059
19994.39,0.5800007,20045.22;21.09059
19994.39,0.5800007,20045.22;21.25101
19994.39,0.5800007,20045.22;21.25101
19994.4,0.5800007,20045.24;21.41144
19994.4,0.5800007,20045.26;21.59479
19994.4,0.5800007,20045.26;21.59479
19994.42,0.5800007,20045.29;21.79532
19994.42,0.5800007,20045.29;21.79532
19994.44,0.5800007,20045.33;21.99586
19994.45,0.5800007,20045.37;22.19066
19994.45,0.5800007,20045.37;22.19066
19994.48,0.5800007,20045.44;22.42557
19994.48,0.5800007,20045.44;22.42557
19994.51,0.5800007,20045.51;22.66048
19994.54,0.5800007,20045.58;22.90111
19994.54,0.5800007,20045.58;22.90111
19994.57,0.5800007,20045.65;23.1131
19994.57,0.5800007,20045.65;23.1131
19994.6,0.5800007,20045.73;23.32509
19994.63,0.5800007,20045.8;23.5772
19994.67,0.5800007,20045.88;23.85796
19994.67,0.5800007,20045.88;23.85796
19994.67,0.5800007,20045.88;23.85796
19994.7,0.5800007,20045.95;24.13871
19994.73,0.5800007,20046.01;24.38508
19994.76,0.5800007,20046.09;24.63146
19994.8,0.5800007,20046.17;24.91794
19994.8,0.5800007,20046.17;24.91794
19994.84,0.5800007,20046.24;25.20442
19994.87,0.5800007,20046.32;25.48517
19994.9,0.5800007,20046.38;25.70289
19994.9,0.5800007,20046.38;25.70289
19994.9,0.5800007,20046.38;25.70289
19994.94,0.5800007,20046.46;25.92061
19994.97,0.5800007,20046.53;26.17272
19995.01,0.5800007,20046.61;26.42482
19995.01,0.5800007,20046.61;26.42482
19995.01,0.5800007,20046.61;26.42482
19995.03,0.5800007,20046.64;26.67693
19995.07,0.5800007,20046.71;26.90038
19995.1,0.5800007,20046.78;27.1754
19995.1,0.5800007,20046.78;27.1754
19995.1,0.5800007,20046.78;27.1754
19995.14,0.5800007,20046.85;27.45043
19995.17,0.5800007,20046.92;27.71972
19995.2,0.5800007,20046.98;27.9489
19995.2,0.5800007,20046.98;27.9489
19995.2,0.5800007,20046.98;27.9489
19995.24,0.5800007,20047.05;28.17808
19995.28,0.5800007,20047.12;28.43591
19995.32,0.5800007,20047.19;28.69375
19995.32,0.5800007,20047.19;28.69375
19995.32,0.5800007,20047.19;28.69375
19995.35,0.5800007,20047.25;28.95158
19995.39,0.5800007,20047.32;29.16931
19995.43,0.5800007,20047.39;29.43287
19995.43,0.5800007,20047.39;29.43287
19995.43,0.5800007,20047.39;29.43287
19995.46,0.5800007,20047.45;29.69644
19995.5,0.5800007,20047.52;29.92562
19995.54,0.5800007,20047.59;30.18918
19995.54,0.5800007,20047.59;30.18918
19995.54,0.5800007,20047.59;30.18918
19995.58,0.5800007,20047.65;30.45275
19995.62,0.5800007,20047.71;30.71631
19995.65,0.5800007,20047.77;30.97415
19995.69,0.5800007,20047.83;31.23199
19995.73,0.5800007,20047.9;31.44971
19995.77,0.5800007,20047.97;31.66743
19995.81,0.5800007,20048.03;31.92526
19995.81,0.5800007,20048.03;31.92526
19995.81,0.5800007,20048.03;31.92526
19995.85,0.5800007,20048.09;32.17737
19995.89,0.5800007,20048.16;32.42947
19995.94,0.5800007,20048.22;32.64719
19995.94,0.5800007,20048.22;32.64719
19995.98,0.5800007,20048.29;32.90503
19995.98,0.5800007,20048.29;32.90503
19996.01,0.5800007,20048.34;33.16286
19996.05,0.5800007,20048.4;33.4207
19996.05,0.5800007,20048.4;33.4207
19996.09,0.5800007,20048.46;33.63269
19996.09,0.5800007,20048.46;33.63269
19996.13,0.5800007,20048.52;33.84468
19996.18,0.5800007,20048.59;34.10252
19996.18,0.5800007,20048.59;34.10252
19996.21,0.5800007,20048.64;34.35463
19996.21,0.5800007,20048.64;34.35463
19996.26,0.5800007,20048.7;34.57235
19996.26,0.5800007,20048.7;34.57235
19996.26,0.5800007,20048.7;34.57235
19996.3,0.5800007,20048.76;34.83018
19996.34,0.5800007,20048.82;35.08802
19996.38,0.5800007,20048.87;35.34585
19996.38,0.5800007,20048.87;35.34585
19996.42,0.5800007,20048.94;35.57503
19996.42,0.5800007,20048.94;35.57503
19996.46,0.5800007,20049;35.80421
19996.51,0.5800007,20049.06;36.06778
19996.51,0.5800007,20049.06;36.06778
19996.55,0.5800007,20049.12;36.33134
19996.55,0.5800007,20049.12;36.33134
19996.6,0.5800007,20049.18;36.59491
19996.64,0.5800007,20049.24;36.81836
19996.64,0.5800007,20049.24;36.81836
19996.69,0.5800007,20049.3;37.08192
19996.69,0.5800007,20049.3;37.08192
19996.74,0.5800007,20049.36;37.34549
19996.78,0.5800007,20049.42;37.57467
19996.81,0.5800007,20049.46;37.84396
19996.81,0.5800007,20049.46;37.84396
19996.81,0.5800007,20049.46;37.84396
19996.83,0.5800007,20049.49;38.11325
19996.86,0.5800007,20049.52;38.38828
19996.9,0.5800007,20049.57;38.61745
19996.9,0.5800007,20049.57;38.61745
19996.9,0.5800007,20049.57;38.61745
19996.9,0.5800007,20049.57;38.88675
19996.9,0.5800007,20049.57;38.88675
19996.9,0.5800007,20049.57;39.15604
19996.9,0.5800007,20049.57;39.15604
19996.9,0.5800007,20049.57;39.15604
19996.9,0.5800007,20049.58;39.42533
19996.91,0.5800007,20049.58;39.64878
19996.92,0.5800007,20049.59;39.91808
19996.92,0.5800007,20049.59;39.91808
19996.92,0.5800007,20049.59;39.91808
19996.92,0.5800007,20049.59;40.18164
19996.92,0.5800007,20049.59;40.18164
19996.93,0.5800007,20049.6;40.41083
19996.93,0.5800007,20049.6;40.41083
19996.93,0.5800007,20049.6;40.41083
19996.93,0.5800007,20049.6;40.41083
19996.93,0.5800007,20049.61;40.67439
19996.94,0.5800007,20049.61;40.93795
19996.94,0.5800007,20049.61;40.93795
19996.94,0.5800007,20049.61;40.93795
19996.94,0.5800007,20049.62;41.16713
19996.94,0.5800007,20049.62;41.16713
19996.95,0.5800007,20049.63;41.43069
19996.95,0.5800007,20049.63;41.43069
19996.95,0.5800007,20049.63;41.43069
19996.95,0.5800007,20049.63;41.69426
19996.95,0.5800007,20049.63;41.69426
19996.96,0.5800007,20049.64;41.91771
19996.96,0.5800007,20049.64;41.91771
19996.96,0.5800007,20049.64;41.91771
19996.96,0.5800007,20049.64;41.91771
19996.96,0.5800007,20049.64;42.18127
19996.97,0.5800007,20049.65;42.44484
19996.97,0.5800007,20049.65;42.44484
19996.97,0.5800007,20049.65;42.44484
19996.97,0.5800007,20049.65;42.44484
19996.97,0.5800007,20049.65;42.66829
19996.98,0.5800007,20049.66;42.92612
19996.98,0.5800007,20049.66;42.92612
19996.98,0.5800007,20049.66;42.92612
19996.98,0.5800007,20049.67;43.18395
19996.98,0.5800007,20049.67;43.18395
19996.99,0.5800007,20049.67;43.40741
19996.99,0.5800007,20049.67;43.40741
19996.99,0.5800007,20049.67;43.40741
19996.99,0.5800007,20049.67;43.66524
19997,0.5800007,20049.68;43.92308
19997.01,0.5800007,20049.7;44.18091
19997.01,0.5800007,20049.7;44.18091
19997.01,0.5800007,20049.7;44.18091
19997.02,0.5800007,20049.71;44.40436
19997.02,0.5800007,20049.71;44.40436
19997.04,0.5800007,20049.72;44.65647
19997.04,0.5800007,20049.72;44.65647
19997.04,0.5800007,20049.73;44.90858
19997.04,0.5800007,20049.73;44.90858
19997.04,0.5800007,20049.73;44.90858
19997.06,0.5800007,20049.74;45.1263
19997.06,0.5800007,20049.74;45.1263
19997.06,0.5800007,20049.75;45.37267
19997.06,0.5800007,20049.75;45.37267
19997.06,0.5800007,20049.75;45.37267
19997.07,0.5800007,20049.75;45.6305
19997.07,0.5800007,20049.75;45.6305
19997.07,0.5800007,20049.76;45.84249
19997.07,0.5800007,20049.76;45.84249
19997.07,0.5800007,20049.76;45.84249
19997.08,0.5800007,20049.76;46.0946
19997.08,0.5800007,20049.76;46.0946
19997.12,0.5800007,20049.8;46.35244
19997.12,0.5800007,20049.8;46.35244
19997.17,0.5800007,20049.85;46.61028
19997.23,0.5800007,20049.9;46.828
19997.23,0.5800007,20049.9;46.828
19997.28,0.5800007,20049.95;47.0801
19997.28,0.5800007,20049.95;47.0801
19997.3,0.5800007,20049.97;47.33221
19997.33,0.5800007,20049.99;47.58432
19997.36,0.5800007,20050.03;47.80204
19997.36,0.5800007,20050.03;47.80204
19997.36,0.5800007,20050.03;47.80204
19997.41,0.5800007,20050.07;48.05414
19997.41,0.5800007,20050.07;48.05414
19997.43,0.5800007,20050.09;48.31198
19997.43,0.5800007,20050.09;48.31198
19997.49,0.5800007,20050.14;48.56981
19997.55,0.5800007,20050.2;48.78753
19997.55,0.5800007,20050.2;48.78753
19997.59,0.5800007,20050.22;49.03963
19997.59,0.5800007,20050.22;49.03963
19997.59,0.5800007,20050.23;49.29174
19997.6,0.5800007,20050.23;49.54957
19997.6,0.5800007,20050.23;49.54957
19997.6,0.5800007,20050.24;49.76156
19997.6,0.5800007,20050.24;49.76156
19997.66,0.5800007,20050.28;49.97355
19997.71,0.5800007,20050.33;50.22565
19997.76,0.5800007,20050.37;50.48349
19997.76,0.5800007,20050.37;50.48349
19997.76,0.5800007,20050.37;50.48349
19997.79,0.5800007,20050.39;50.74133
19997.82,0.5800007,20050.41;50.96478
19997.86,0.5800007,20050.45;51.21115
19997.86,0.5800007,20050.45;51.21115
19997.86,0.5800007,20050.45;51.21115
19997.86,0.5800007,20050.45;51.45752
19997.87,0.5800007,20050.46;51.71536
19997.91,0.5800007,20050.49;51.93307
19997.91,0.5800007,20050.49;51.93307
19997.91,0.5800007,20050.49;51.93307
19997.96,0.5800007,20050.53;52.19091
19998.01,0.5800007,20050.56;52.44875
19998.05,0.5800007,20050.6;52.70086
19998.05,0.5800007,20050.6;52.70086
19998.1,0.5800007,20050.63;52.95296
19998.13,0.5800007,20050.66;53.17641
19998.17,0.5800007,20050.69;53.43425
19998.17,0.5800007,20050.69;53.43425
19998.17,0.5800007,20050.69;53.43425
19998.22,0.5800007,20050.72;53.69209
19998.24,0.5800007,20050.74;53.94992
19998.26,0.5800007,20050.75;54.16764
19998.26,0.5800007,20050.75;54.16764
19998.3,0.5800007,20050.78;54.38536
19998.33,0.5800007,20050.8;54.6432
19998.36,0.5800007,20050.82;54.90103
19998.36,0.5800007,20050.82;54.90103
19998.41,0.5800007,20050.86;55.15887
19998.45,0.5800007,20050.89;55.37659
19998.5,0.5800007,20050.92;55.59431
19998.55,0.5800007,20050.96;55.85214
19998.55,0.5800007,20050.96;55.85214
19998.6,0.5800007,20050.99;56.10998
19998.66,0.5800007,20051.03;56.3277
19998.68,0.5800007,20051.04;56.49958
19998.68,0.5800007,20051.04;56.49958
19998.68,0.5800007,20051.04;56.49958
19998.67,0.5800007,20051.03;56.64283
19998.65,0.5800007,20051.02;56.78607
19998.63,0.5800007,20051.01;56.89493
19998.63,0.5800007,20051.01;56.89493
19998.62,0.5800007,20051;57.0038
19998.6,0.5800007,20050.99;57.11266
19998.6,0.5800007,20050.99;57.19287
19998.6,0.5800007,20050.99;57.19287
19998.6,0.5800007,20050.99;57.19287
19998.6,0.5800007,20050.99;57.27308
19998.6,0.5800007,20050.99;57.30172
19998.61,0.5800007,20050.99;57.33038
19998.61,0.5800007,20050.99;57.33038
19998.61,0.5800007,20050.99;57.33038
19998.61,0.5800007,20050.99;57.34183
19998.61,0.5800007,20051;57.35328
19998.62,0.5800007,20051;57.35328
19998.62,0.5800007,20051;57.35328
19998.62,0.5800007,20051;57.34756
19998.62,0.5800007,20051;57.34756
19998.62,0.5800007,20051;57.34183
19998.62,0.5800007,20051;57.3361
19998.62,0.5800007,20051;57.3361
19998.62,0.5800007,20051;57.3361
19998.62,0.5800007,20051;57.3361
19998.62,0.5800007,20051;57.3361
19998.63,0.5800007,20051;57.34183
19998.63,0.5800007,20051;57.34183
19998.63,0.5800007,20051;57.34756
19998.63,0.5800007,20051;57.34756
19998.63,0.5800007,20051;57.34756
19998.63,0.5800007,20051;57.35328
19998.63,0.5800007,20051;57.35328
19998.63,0.5800007,20051;57.35328
19998.63,0.5800007,20051;57.35328
19998.63,0.5800007,20051.01;57.35328
19998.63,0.5800007,20051.01;57.35328
19998.63,0.5800007,20051.01;57.35328
19998.63,0.5800007,20051.01;57.35328
19998.63,0.5800007,20051.01;57.35328
19998.63,0.5800007,20051.01;57.35328
19998.63,0.5800007,20051.01;57.35902
19998.63,0.5800007,20051.01;57.35902
19998.63,0.5800007,20051.01;57.36475
19998.63,0.5800007,20051.01;57.36475
19998.63,0.5800007,20051.01;57.37048
19998.63,0.5800007,20051.01;57.37048
19998.63,0.5800007,20051.01;57.36475
19998.63,0.5800007,20051.01;57.36475
19998.63,0.5800007,20051.01;57.36475
19998.63,0.5800007,20051.01;57.35902
19998.63,0.5800007,20051.01;57.35902
19998.63,0.5800007,20051;57.35328
19998.63,0.5800007,20051;57.35328
19998.63,0.5800007,20051;57.35328
19998.63,0.5800007,20051;57.35328
19998.62,0.5800007,20051;57.35328
19998.62,0.5800007,20051;57.35328
19998.62,0.5800007,20051;57.35328
19998.62,0.5800007,20051;57.35328
19998.62,0.5800007,20051;57.35328
19998.62,0.5800007,20051;57.34756
19998.62,0.5800007,20051;57.34756
19998.62,0.5800007,20051;57.34756
19998.62,0.5800007,20051;57.34756
19998.62,0.5800007,20051;57.34756
19998.62,0.5800007,20051;57.34756
19998.62,0.5800007,20051;57.34756
19998.62,0.5800007,20051;57.34756
19998.62,0.5800007,20051;57.34756
19998.62,0.5800007,20051;57.34756
19998.62,0.5800007,20051;57.34756
19998.62,0.5800007,20051;57.34756
19998.62,0.5800007,20051;57.34756
19998.62,0.5800007,20051;57.34756
19998.62,0.5800007,20051;57.34756
19998.62,0.5800007,20051;57.34756
19998.62,0.5800007,20051;57.34182
19998.62,0.5800007,20051;57.34182
19998.62,0.5800007,20051;57.34182
19998.62,0.5800007,20051;57.34182
19998.62,0.5800007,20051;57.34182
19998.62,0.5800007,20051;57.34182
19998.62,0.5800007,20051;57.34182
19998.62,0.5800007,20051;57.34182
19998.62,0.5800007,20051;57.34182
19998.62,0.5800007,20051;57.34182
19998.62,0.5800007,20051;57.34182
19998.62,0.5800007,20051;57.34182
19998.62,0.5800007,20051;57.34182
19998.62,0.5800007,20051;57.34182
19998.62,0.5800007,20051;57.34182
19998.62,0.5800007,20051;57.34182
19998.62,0.5800007,20051;57.34182
19998.62,0.5800007,20051;57.34182
19998.62,0.5800007,20051;57.34182
19998.62,0.5800007,20051;57.34182
19998.62,0.5800007,20051;57.34182
19998.62,0.5800007,20051;57.34182
19998.62,0.5800007,20051;57.34182
19998.62,0.5800007,20051;57.34182
19998.62,0.5800007,20051;57.34182
19998.62,0.5800007,20051;57.34182
19998.62,0.5800007,20051;57.34182
19998.62,0.5800007,20051;57.34182
19998.62,0.5800007,20051;57.34182
19998.62,0.5800007,20051;57.34182
19998.62,0.5800007,20051;57.34182
19998.62,0.5800007,20051;57.34182
19998.62,0.5800007,20051;57.34182
19998.62,0.5800007,20051;57.34182
19998.62,0.5800007,20051;57.34182
19998.62,0.5800007,20051;57.34182
19998.62,0.5800007,20051;57.34182
19998.62,0.5800007,20051;57.34182
19998.62,0.5800007,20051;57.34182
19998.62,0.5800007,20051;57.34182
19998.62,0.5800007,20051;57.34182
19998.63,0.5800007,20051;57.3361
19998.63,0.5800007,20051;57.3361
19998.63,0.5800007,20051;57.3361
19998.63,0.5800007,20051;57.3361
19998.63,0.5800007,20051.01;57.33037
19998.63,0.5800007,20051.01;57.33037
19998.63,0.5800007,20051.01;57.33037
19998.63,0.5800007,20051.01;57.33037
19998.63,0.5800007,20051.01;57.33037
19998.63,0.5800007,20051.01;57.33037
19998.63,0.5800007,20051.01;57.33037
19998.63,0.5800007,20051.01;57.33037
19998.63,0.5800007,20051.01;57.33037
19998.63,0.5800007,20051.01;57.33037
19998.63,0.5800007,20051.01;57.33037
19998.63,0.5800007,20051.01;57.33037
19998.63,0.5800007,20051.01;57.33037
19998.63,0.5800007,20051.01;57.33037
19998.63,0.5800007,20051.01;57.32465
19998.63,0.5800007,20051.01;57.32465
19998.63,0.5800007,20051.01;57.31891
19998.63,0.5800007,20051.01;57.31318
19998.63,0.5800007,20051.01;57.31318
19998.63,0.5800007,20051.01;57.30746
19998.63,0.5800007,20051.01;57.30173
19998.64,0.5800007,20051.01;57.296
19998.64,0.5800007,20051.01;57.296
19998.64,0.5800007,20051.01;57.29027
19998.64,0.5800007,20051.01;57.29027
19998.64,0.5800007,20051.01;57.28455
19998.64,0.5800007,20051.02;57.27882
19998.64,0.5800007,20051.02;57.27882
19998.64,0.5800007,20051.02;57.27309
19998.64,0.5800007,20051.02;57.27309
19998.64,0.5800007,20051.02;57.27309
19998.64,0.5800007,20051.02;57.27309
19998.64,0.5800007,20051.02;57.26736
19998.64,0.5800007,20051.02;57.26736
19998.64,0.5800007,20051.02;57.26736
19998.64,0.5800007,20051.02;57.26736
19998.64,0.5800007,20051.02;57.26736
19998.64,0.5800007,20051.02;57.26736
19998.64,0.5800007,20051.02;57.26736
19998.64,0.5800007,20051.02;57.26736
19998.64,0.5800007,20051.02;57.26736
19998.64,0.5800007,20051.02;57.26736
19998.64,0.5800007,20051.02;57.26736
19998.64,0.5800007,20051.02;57.26736
19998.64,0.5800007,20051.02;57.26163
19998.64,0.5800007,20051.02;57.26163
19998.64,0.5800007,20051.02;57.26163
19998.64,0.5800007,20051.02;57.25591
19998.64,0.5800007,20051.02;57.25591
19998.64,0.5800007,20051.01;57.25017
19998.64,0.5800007,20051.01;57.25017
19998.64,0.5800007,20051.01;57.25017
19998.64,0.5800007,20051.01;57.24444
19998.64,0.5800007,20051.01;57.24444
19998.64,0.5800007,20051.01;57.23871
19998.64,0.5800007,20051.01;57.23871
19998.64,0.5800007,20051.01;57.23871
19998.63,0.5800007,20051.01;57.23298
19998.63,0.5800007,20051.01;57.23298
19998.63,0.5800007,20051.01;57.23298
19998.63,0.5800007,20051.01;57.23298
19998.63,0.5800007,20051.01;57.23298
19998.63,0.5800007,20051.01;57.22725
19998.63,0.5800007,20051.01;57.22725
19998.63,0.5800007,20051.01;57.22725
19998.63,0.5800007,20051.01;57.22725
19998.63,0.5800007,20051.01;57.22725
19998.63,0.5800007,20051.01;57.22152
19998.63,0.5800007,20051.01;57.22152
19998.63,0.5800007,20051.01;57.22152
19998.63,0.5800007,20051.01;57.22152
19998.63,0.5800007,20051.01;57.22152
19998.63,0.5800007,20051.01;57.21579
19998.63,0.5800007,20051.01;57.21579
19998.63,0.5800007,20051.01;57.21579
19998.63,0.5800007,20051.01;57.21579
19998.63,0.5800007,20051.01;57.21579
19998.63,0.5800007,20051.01;57.21579
19998.63,0.5800007,20051.01;57.21579
19998.63,0.5800007,20051.01;57.21579
19998.63,0.5800007,20051.01;57.21579
19998.63,0.5800007,20051.01;57.21579
19998.63,0.5800007,20051.01;57.21579
19998.63,0.5800007,20051.01;57.21006
19998.63,0.5800007,20051.01;57.20433
19998.63,0.5800007,20051.01;57.20433
19998.63,0.5800007,20051.01;57.20433
19998.63,0.5800007,20051.01;57.20433
19998.63,0.5800007,20051.01;57.1986
19998.63,0.5800007,20051.01;57.1986
19998.63,0.5800007,20051.01;57.1986
19998.63,0.5800007,20051.01;57.1986
19998.63,0.5800007,20051.01;57.19286
19998.63,0.5800007,20051.01;57.19286
19998.63,0.5800007,20051.01;57.19286
19998.63,0.5800007,20051.01;57.19286
19998.63,0.5800007,20051.01;57.19286
19998.63,0.5800007,20051;57.18714
19998.63,0.5800007,20051;57.18714
19998.62,0.5800007,20051;57.18714
19998.62,0.5800007,20051;57.18714
19998.62,0.5800007,20051;57.18714
19998.62,0.5800007,20051;57.18714
19998.62,0.5800007,20051;57.18714
19998.62,0.5800007,20051;57.18714
19998.62,0.5800007,20051;57.18714
19998.62,0.5800007,20051;57.18714
19998.62,0.5800007,20051;57.18714
19998.62,0.5800007,20051;57.18714
19998.62,0.5800007,20051;57.18714
19998.62,0.5800007,20051;57.18714
19998.62,0.5800007,20051;57.18714
19998.62,0.5800007,20051;57.18714
19998.62,0.5800007,20051;57.18714
19998.62,0.5800007,20051;57.18714
19998.62,0.5800007,20051;57.18714
19998.62,0.5800007,20051;57.18714
19998.62,0.5800007,20051;57.18141
19998.62,0.5800007,20051;57.18141
19998.62,0.5800007,20051;57.18141
19998.62,0.5800007,20051;57.18141
19998.62,0.5800007,20051;57.18141
19998.62,0.5800007,20051;57.17569
19998.62,0.5800007,20051;57.17569
19998.62,0.5800007,20051;57.16996
19998.62,0.5800007,20051;57.16996
19998.62,0.5800007,20051;57.16996
19998.62,0.5800007,20051;57.16996
19998.62,0.5800007,20051;57.16996
19998.62,0.5800007,20051;57.16996
19998.62,0.5800007,20051;57.16996
19998.62,0.5800007,20051;57.16996
19998.62,0.5800007,20051;57.16996
19998.62,0.5800007,20051;57.16423
19998.62,0.5800007,20051;57.16423
19998.62,0.5800007,20051;57.16423
19998.62,0.5800007,20051;57.16423
19998.62,0.5800007,20051;57.16423
19998.62,0.5800007,20051;57.16423
19998.62,0.5800007,20051;57.16423
19998.62,0.5800007,20051;57.16423
19998.62,0.5800007,20051;57.16423
19998.62,0.5800007,20051;57.16423
19998.62,0.5800007,20051;57.16423
19998.62,0.5800007,20051;57.16423
19998.62,0.5800007,20051;57.16423
19998.62,0.5800007,20051;57.16423
19998.62,0.5800007,20051;57.16423
19998.62,0.5800007,20051;57.16423
19998.62,0.5800007,20051;57.16423
19998.62,0.5800007,20051;57.16423
19998.62,0.5800007,20051;57.16423
19998.62,0.5800007,20051;57.16423
19998.62,0.5800007,20051;57.16423
19998.63,0.5800007,20051;57.1585
19998.63,0.5800007,20051;57.15277
19998.63,0.5800007,20051;57.14704
19998.63,0.5800007,20051;57.14704
19998.63,0.5800007,20051;57.14704
19998.63,0.5800007,20051;57.14131
19998.63,0.5800007,20051;57.13559
19998.63,0.5800007,20051;57.1184
19998.63,0.5800007,20051;57.1184
19998.63,0.5800007,20051;57.1184
19998.63,0.5800007,20051;57.10122
19998.63,0.5800007,20051;57.08402
19998.63,0.5800007,20051;57.06684
19998.63,0.5800007,20051;57.06684
19998.63,0.5800007,20051;57.06684
19998.62,0.5800007,20051;57.06111
19998.62,0.5800007,20051;57.05538
19998.62,0.5800007,20051;57.04392
19998.62,0.5800007,20051;57.04392
19998.61,0.5800007,20051;57.03246
19998.61,0.5800007,20051;57.03246
19998.61,0.5800007,20051;57.03246
19998.61,0.5800007,20050.99;57.02674
19998.61,0.5800007,20050.99;57.02674
19998.61,0.5800007,20050.99;57.02674
19998.61,0.5800007,20050.99;57.02674
19998.6,0.5800007,20050.99;57.02674
19998.6,0.5800007,20050.99;57.02674
19998.6,0.5800007,20050.99;57.02674
19998.6,0.5800007,20050.99;57.02674
19998.6,0.5800007,20050.99;57.02674
19998.6,0.5800007,20050.99;57.02674
19998.6,0.5800007,20050.99;57.03246
19998.6,0.5800007,20050.99;57.03246
19998.6,0.5800007,20050.99;57.03819
19998.6,0.5800007,20050.99;57.03819
19998.6,0.5800007,20050.99;57.04392
19998.6,0.5800007,20050.99;57.04392
19998.59,0.5800007,20050.98;57.04392
19998.59,0.5800007,20050.98;57.04392
19998.59,0.5800007,20050.98;57.04392
19998.59,0.5800007,20050.98;57.04392
19998.59,0.5800007,20050.98;57.04392
19998.59,0.5800007,20050.98;57.04392
19998.59,0.5800007,20050.98;57.04392
19998.59,0.5800007,20050.98;57.04392
19998.59,0.5800007,20050.98;57.04392
19998.59,0.5800007,20050.98;57.04392
19998.59,0.5800007,20050.98;57.04392
19998.58,0.5800007,20050.98;57.04392
19998.58,0.5800007,20050.98;57.04392
19998.58,0.5800007,20050.98;57.04392
19998.58,0.5800007,20050.98;57.03819
19998.58,0.5800007,20050.98;57.03819
19998.58,0.5800007,20050.98;57.03246
19998.58,0.5800007,20050.97;57.03246
19998.58,0.5800007,20050.97;57.03246
19998.57,0.5800007,20050.97;57.03246
19998.57,0.5800007,20050.97;57.03246
19998.57,0.5800007,20050.97;57.03246
19998.56,0.5800007,20050.96;57.03819
19998.56,0.5800007,20050.96;57.03819
19998.55,0.5800007,20050.96;57.03819
19998.55,0.5800007,20050.96;57.03819
19998.54,0.5800007,20050.95;57.03819
19998.53,0.5800007,20050.94;57.04392
19998.53,0.5800007,20050.94;57.04392
19998.51,0.5800007,20050.93;57.04392
19998.51,0.5800007,20050.93;57.04392
19998.5,0.5800007,20050.92;57.04392
19998.48,0.5800007,20050.91;57.04964
19998.48,0.5800007,20050.91;57.04964
19998.46,0.5800007,20050.9;57.05538
19998.46,0.5800007,20050.9;57.05538
19998.44,0.5800007,20050.88;57.0611
19998.42,0.5800007,20050.87;57.07257
19998.39,0.5800007,20050.85;57.07257
19998.39,0.5800007,20050.85;57.07257
19998.39,0.5800007,20050.85;57.07257
19998.36,0.5800007,20050.84;57.07257
19998.34,0.5800007,20050.82;57.0783
19998.34,0.5800007,20050.82;57.0783
19998.31,0.5800007,20050.8;57.08975
19998.31,0.5800007,20050.8;57.08975
19998.29,0.5800007,20050.79;57.10121
19998.27,0.5800007,20050.78;57.11267
19998.26,0.5800007,20050.77;57.11267
19998.26,0.5800007,20050.77;57.11267
19998.26,0.5800007,20050.77;57.11267
19998.25,0.5800007,20050.76;57.11267
19998.24,0.5800007,20050.76;57.11267
19998.24,0.5800007,20050.76;57.10694
19998.24,0.5800007,20050.76;57.10694
19998.24,0.5800007,20050.76;57.10694
19998.24,0.5800007,20050.75;57.10121
19998.24,0.5800007,20050.75;57.10694
19998.24,0.5800007,20050.75;57.10694
19998.24,0.5800007,20050.75;57.10694
19998.24,0.5800007,20050.75;57.10694
19998.24,0.5800007,20050.75;57.10694
19998.24,0.5800007,20050.75;57.11267
19998.24,0.5800007,20050.75;57.11267
19998.24,0.5800007,20050.75;57.11267
19998.24,0.5800007,20050.75;57.11267
19998.24,0.5800007,20050.75;57.11267
19998.24,0.5800007,20050.75;57.1184
19998.24,0.5800007,20050.75;57.12413
19998.24,0.5800007,20050.75;57.12413
19998.24,0.5800007,20050.75;57.12413
19998.24,0.5800007,20050.75;57.12413
19998.24,0.5800007,20050.75;57.12413
19998.24,0.5800007,20050.76;57.12986
19998.24,0.5800007,20050.76;57.13559
19998.24,0.5800007,20050.76;57.13559
19998.24,0.5800007,20050.76;57.14132
19998.24,0.5800007,20050.76;57.14132
19998.25,0.5800007,20050.76;57.14132
19998.25,0.5800007,20050.76;57.14132
19998.25,0.5800007,20050.76;57.14132
19998.25,0.5800007,20050.76;57.14704
19998.25,0.5800007,20050.76;57.15277
19998.25,0.5800007,20050.76;57.1585
19998.25,0.5800007,20050.76;57.1585
19998.25,0.5800007,20050.76;57.16422
19998.25,0.5800007,20050.76;57.16422
19998.25,0.5800007,20050.77;57.16995
19998.25,0.5800007,20050.77;57.16995
19998.25,0.5800007,20050.77;57.16995
19998.25,0.5800007,20050.77;57.16995
19998.25,0.5800007,20050.77;57.16995
19998.26,0.5800007,20050.77;57.17568
19998.26,0.5800007,20050.77;57.17568
19998.26,0.5800007,20050.77;57.17568
19998.26,0.5800007,20050.77;57.17568
19998.26,0.5800007,20050.77;57.17568
19998.26,0.5800007,20050.77;57.17568
19998.26,0.5800007,20050.77;57.16995
19998.26,0.5800007,20050.77;57.16995
19998.27,0.5800007,20050.77;57.16422
19998.27,0.5800007,20050.77;57.15849
19998.27,0.5800007,20050.78;57.15277
19998.28,0.5800007,20050.78;57.14704
19998.28,0.5800007,20050.78;57.14704
19998.28,0.5800007,20050.78;57.14131
19998.28,0.5800007,20050.78;57.14131
19998.29,0.5800007,20050.79;57.13559
19998.29,0.5800007,20050.79;57.13559
19998.29,0.5800007,20050.79;57.13559
19998.3,0.5800007,20050.79;57.11267
19998.31,0.5800007,20050.8;57.08976
19998.33,0.5800007,20050.81;57.06684
19998.33,0.5800007,20050.81;57.06684
19998.35,0.5800007,20050.83;57.03819
19998.35,0.5800007,20050.83;57.03819
19998.38,0.5800007,20050.84;57.00955
19998.4,0.5800007,20050.86;56.96944
19998.4,0.5800007,20050.86;56.96944
19998.42,0.5800007,20050.87;56.9408
19998.42,0.5800007,20050.87;56.9408
19998.44,0.5800007,20050.89;56.91788
19998.44,0.5800007,20050.89;56.91788
19998.46,0.5800007,20050.9;56.9007
19998.46,0.5800007,20050.9;56.9007
19998.48,0.5800007,20050.91;56.88351
19998.49,0.5800007,20050.92;56.87204
19998.49,0.5800007,20050.92;56.87204
19998.5,0.5800007,20050.93;56.86632
19998.5,0.5800007,20050.93;56.86632
19998.52,0.5800007,20050.94;56.85487
19998.52,0.5800007,20050.94;56.85487
19998.53,0.5800007,20050.94;56.85487
19998.53,0.5800007,20050.94;56.85487
19998.54,0.5800007,20050.95;56.85487
19998.54,0.5800007,20050.95;56.85487
19998.57,0.5800007,20050.97;56.85487
19998.57,0.5800007,20050.97;56.85487
19998.61,0.5800007,20051;56.85487
19998.65,0.5800007,20051.02;56.84914
19998.71,0.5800007,20051.06;56.83768
19998.71,0.5800007,20051.06;56.83768
19998.71,0.5800007,20051.06;56.83768
19998.76,0.5800007,20051.09;56.82622
19998.76,0.5800007,20051.09;56.82622
19998.8,0.5800007,20051.12;56.84341
19998.8,0.5800007,20051.12;56.84341
19998.85,0.5800007,20051.15;56.8606
19998.9,0.5800007,20051.19;56.9007
19998.95,0.5800007,20051.21;56.93507
19998.95,0.5800007,20051.21;56.93507
19999,0.5800007,20051.25;56.96945
19999.06,0.5800007,20051.29;56.98664
19999.11,0.5800007,20051.32;57.01529
19999.11,0.5800007,20051.32;57.01529
19999.11,0.5800007,20051.32;57.01529
19999.15,0.5800007,20051.35;57.04393
19999.21,0.5800007,20051.39;57.07258
19999.27,0.5800007,20051.42;57.09549
19999.27,0.5800007,20051.42;57.09549
19999.32,0.5800007,20051.46;57.11841
19999.38,0.5800007,20051.49;57.14133
19999.41,0.5800007,20051.52;57.16425
19999.41,0.5800007,20051.52;57.16425
19999.41,0.5800007,20051.52;57.16425
19999.42,0.5800007,20051.52;57.16998
19999.45,0.5800007,20051.54;57.1757
19999.48,0.5800007,20051.56;57.19289
19999.48,0.5800007,20051.56;57.19289
19999.53,0.5800007,20051.59;57.21008
19999.57,0.5800007,20051.62;57.22727
19999.61,0.5800007,20051.64;57.24445
19999.63,0.5800007,20051.66;57.26737
19999.63,0.5800007,20051.66;57.26737
19999.68,0.5800007,20051.69;57.29029
19999.73,0.5800007,20051.72;57.31321
19999.78,0.5800007,20051.75;57.33611
19999.83,0.5800007,20051.78;57.35331
19999.83,0.5800007,20051.78;57.35331
19999.87,0.5800007,20051.81;57.37049
19999.92,0.5800007,20051.84;57.38768
19999.96,0.5800007,20051.87;57.40487
20000,0.5800007,20051.9;57.42206
20000,0.5800007,20051.9;57.42206
20000.02,0.5800007,20051.91;57.43925
20000.04,0.5800007,20051.92;57.45643
20000.04,0.5800007,20051.92;57.47363
20000.04,0.5800007,20051.92;57.49081
20000.04,0.5800007,20051.92;57.49081
20000.05,0.5800007,20051.93;57.508
20000.07,0.5800007,20051.94;57.49654
20000.07,0.5800007,20051.94;57.46216
20000.07,0.5800007,20051.94;57.46216
20000.05,0.5800007,20051.93;57.46216
20000.04,0.5800007,20051.92;57.46216
20000.04,0.5800007,20051.92;57.44497
20000.04,0.5800007,20051.92;57.44497
20000.04,0.5800007,20051.92;57.44497
20000.03,0.5800007,20051.91;57.43925
20000.03,0.5800007,20051.91;57.43925
20000.02,0.5800007,20051.91;57.43925
20000.02,0.5800007,20051.91;57.43925
20000.02,0.5800007,20051.91;57.43925
20000.02,0.5800007,20051.91;57.43925
20000.02,0.5800007,20051.91;57.43925
20000.02,0.5800007,20051.91;57.43925
20000.02,0.5800007,20051.91;57.43925
20000.02,0.5800007,20051.91;57.43925
20000.03,0.5800007,20051.91;57.44498
20000.03,0.5800007,20051.91;57.44498
20000.03,0.5800007,20051.91;57.44498
20000.03,0.5800007,20051.91;57.44498
20000.03,0.5800007,20051.91;57.44498
20000.03,0.5800007,20051.91;57.44498
20000.03,0.5800007,20051.91;57.44498
20000.03,0.5800007,20051.91;57.44498
20000.03,0.5800007,20051.91;57.44498
20000.03,0.5800007,20051.91;57.44498
20000.03,0.5800007,20051.91;57.4507
20000.03,0.5800007,20051.91;57.4507
20000.03,0.5800007,20051.91;57.4507
20000.03,0.5800007,20051.91;57.4507
20000.03,0.5800007,20051.91;57.4507
20000.02,0.5800007,20051.91;57.4507
20000.02,0.5800007,20051.91;57.4507
20000.02,0.5800007,20051.91;57.4507
20000.02,0.5800007,20051.9;57.44498
20000.01,0.5800007,20051.9;57.44498
20000.01,0.5800007,20051.9;57.44498
20000.01,0.5800007,20051.9;57.44498
20000.01,0.5800007,20051.9;57.44498
20000.01,0.5800007,20051.9;57.44498
20000.01,0.5800007,20051.9;57.44498
20000,0.5800007,20051.9;57.44498
20000,0.5800007,20051.9;57.44498
20000,0.5800007,20051.89;57.44498
20000,0.5800007,20051.89;57.44498
20000,0.5800007,20051.89;57.44498
20000,0.5800007,20051.89;57.44498
20000,0.5800007,20051.89;57.44498
20000,0.5800007,20051.89;57.44498
20000,0.5800007,20051.89;57.44498
20000.01,0.5800007,20051.9;57.44498
20000.01,0.5800007,20051.9;57.44498
20000.01,0.5800007,20051.9;57.44498
20000.02,0.5800007,20051.91;57.44498
20000.02,0.5800007,20051.91;57.44498
20000.02,0.5800007,20051.9;57.44498
20000.02,0.5800007,20051.9;57.44498
20000.02,0.5800007,20051.9;57.44498
20000.02,0.5800007,20051.9;57.44498
20000.02,0.5800007,20051.9;57.44498
20000.02,0.5800007,20051.91;57.44498
20000.02,0.5800007,20051.91;57.44498
20000.02,0.5800007,20051.91;57.44498
20000.02,0.5800007,20051.91;57.44498
20000.02,0.5800007,20051.91;57.44498
20000.03,0.5800007,20051.91;57.44498
20000.03,0.5800007,20051.91;57.44498
20000.03,0.5800007,20051.91;57.44498
20000.03,0.5800007,20051.91;57.44498
20000.03,0.5800007,20051.91;57.44498
20000.04,0.5800007,20051.92;57.44498
20000.04,0.5800007,20051.92;57.44498
20000.04,0.5800007,20051.92;57.44498
20000.05,0.5800007,20051.93;57.44498
20000.05,0.5800007,20051.93;57.44498
20000.07,0.5800007,20051.94;57.43353
20000.07,0.5800007,20051.94;57.43353
20000.07,0.5800007,20051.94;57.43353
20000.09,0.5800007,20051.95;57.42206
20000.11,0.5800007,20051.96;57.4106
20000.13,0.5800007,20051.97;57.37049
20000.13,0.5800007,20051.97;57.37049
20000.14,0.5800007,20051.98;57.33039
20000.15,0.5800007,20051.99;57.2731
20000.15,0.5800007,20051.99;57.233
20000.15,0.5800007,20051.99;57.233
20000.15,0.5800007,20051.99;57.233
20000.16,0.5800007,20051.99;57.20435
20000.15,0.5800007,20051.99;57.1757
20000.15,0.5800007,20051.99;57.16998
20000.15,0.5800007,20051.99;57.16998
20000.14,0.5800007,20051.99;57.16425
20000.14,0.5800007,20051.98;57.18144
20000.12,0.5800007,20051.97;57.21008
20000.12,0.5800007,20051.97;57.21008
20000.12,0.5800007,20051.97;57.21008
20000.11,0.5800007,20051.96;57.24446
20000.1,0.5800007,20051.96;57.27884
20000.08,0.5800007,20051.95;57.31894
20000.08,0.5800007,20051.95;57.31894
20000.06,0.5800007,20051.94;57.35905
20000.05,0.5800007,20051.92;57.41061
20000.04,0.5800007,20051.92;57.47363
20000.04,0.5800007,20051.92;57.47363
20000.04,0.5800007,20051.92;57.47363
20000.03,0.5800007,20051.91;57.5252
20000.03,0.5800007,20051.91;57.57676
20000.02,0.5800007,20051.91;57.61687
20000.02,0.5800007,20051.91;57.61687
20000.02,0.5800007,20051.91;57.65697
20000.03,0.5800007,20051.91;57.69707
20000.03,0.5800007,20051.91;57.73145
20000.04,0.5800007,20051.92;57.76011
20000.05,0.5800007,20051.93;57.78875
20000.06,0.5800007,20051.94;57.81166
20000.06,0.5800007,20051.94;57.81166
20000.06,0.5800007,20051.94;57.81166
20000.1,0.5800007,20051.96;57.81739
20000.14,0.5800007,20051.98;57.82312
20000.18,0.5800007,20052.01;57.81739
20000.18,0.5800007,20052.01;57.81739
20000.22,0.5800007,20052.04;57.80593
20000.22,0.5800007,20052.04;57.80593
20000.28,0.5800007,20052.07;57.79447
20000.33,0.5800007,20052.1;57.78874
20000.39,0.5800007,20052.14;57.80593
20000.39,0.5800007,20052.14;57.80593
20000.44,0.5800007,20052.17;57.82311
20000.49,0.5800007,20052.2;57.85749
20000.49,0.5800007,20052.2;57.85749
20000.55,0.5800007,20052.24;57.88614
20000.55,0.5800007,20052.24;57.88614
20000.6,0.5800007,20052.27;57.91479
20000.66,0.5800007,20052.31;57.92624
20000.66,0.5800007,20052.31;57.92624
20000.72,0.5800007,20052.35;57.92624
20000.72,0.5800007,20052.35;57.92624
20000.79,0.5800007,20052.39;57.92624
20000.86,0.5800007,20052.44;57.92624
20000.86,0.5800007,20052.44;57.92624
20000.92,0.5800007,20052.47;57.92624
20000.92,0.5800007,20052.47;57.92624
20000.99,0.5800007,20052.52;57.92624
20001.06,0.5800007,20052.56;57.92624
20001.06,0.5800007,20052.56;57.92624
20001.13,0.5800007,20052.6;57.90906
20001.13,0.5800007,20052.6;57.90906
20001.13,0.5800007,20052.6;57.90906
20001.18,0.5800007,20052.63;57.88041
20001.18,0.5800007,20052.63;57.88041
20001.23,0.5800007,20052.67;57.85176
20001.23,0.5800007,20052.67;57.85176
20001.23,0.5800007,20052.67;57.85176
20001.28,0.5800007,20052.7;57.83457
20001.28,0.5800007,20052.7;57.83457
20001.32,0.5800007,20052.73;57.81739
20001.32,0.5800007,20052.73;57.81739
20001.37,0.5800007,20052.76;57.8002
20001.42,0.5800007,20052.79;57.77156
20001.46,0.5800007,20052.81;57.74291
20001.5,0.5800007,20052.84;57.69708
20001.5,0.5800007,20052.84;57.69708
20001.54,0.5800007,20052.86;57.65125
20001.58,0.5800007,20052.89;57.6226
20001.61,0.5800007,20052.91;57.59395
20001.64,0.5800007,20052.93;57.53093
20001.64,0.5800007,20052.93;57.53093
20001.67,0.5800007,20052.95;57.46791
20001.7,0.5800007,20052.96;57.42208
20001.72,0.5800007,20052.97;57.40489
20001.72,0.5800007,20052.97;57.40489
20001.72,0.5800007,20052.97;57.40489
20001.72,0.5800007,20052.98;57.3877
20001.72,0.5800007,20052.98;57.43354
20001.72,0.5800007,20052.97;57.47937
20001.71,0.5800007,20052.97;57.51375
20001.71,0.5800007,20052.97;57.51375
20001.71,0.5800007,20052.97;57.54812
20001.71,0.5800007,20052.97;57.54812
20001.71,0.5800007,20052.97;57.53094
20001.71,0.5800007,20052.97;57.53094
20001.71,0.5800007,20052.97;57.53094
20001.7,0.5800007,20052.97;57.51375
20001.7,0.5800007,20052.96;57.50229
20001.7,0.5800007,20052.96;57.49656
20001.7,0.5800007,20052.96;57.49656
20001.7,0.5800007,20052.96;57.49656
20001.69,0.5800007,20052.96;57.49084
20001.69,0.5800007,20052.96;57.48511
20001.68,0.5800007,20052.95;57.47937
20001.68,0.5800007,20052.95;57.47937
20001.68,0.5800007,20052.95;57.47937
20001.68,0.5800007,20052.95;57.47365
20001.67,0.5800007,20052.95;57.46792
20001.66,0.5800007,20052.94;57.45647
20001.66,0.5800007,20052.94;57.45647
20001.66,0.5800007,20052.94;57.45647
20001.65,0.5800007,20052.93;57.45074
20001.64,0.5800007,20052.93;57.44501
20001.63,0.5800007,20052.92;57.44501
20001.63,0.5800007,20052.92;57.44501
20001.63,0.5800007,20052.92;57.44501
20001.61,0.5800007,20052.9;57.44501
20001.59,0.5800007,20052.9;57.44501
20001.59,0.5800007,20052.9;57.44501
20001.59,0.5800007,20052.9;57.44501
20001.59,0.5800007,20052.9;57.44501
20001.57,0.5800007,20052.88;57.44501
20001.57,0.5800007,20052.88;57.44501
20001.55,0.5800007,20052.87;57.44501
20001.55,0.5800007,20052.87;57.44501
20001.55,0.5800007,20052.87;57.44501
20001.54,0.5800007,20052.87;57.44501
20001.52,0.5800007,20052.85;57.44501
20001.52,0.5800007,20052.85;57.44501
20001.52,0.5800007,20052.85;57.44501
20001.52,0.5800007,20052.85;57.44501
20001.5,0.5800007,20052.84;57.44501
20001.5,0.5800007,20052.84;57.44501
20001.5,0.5800007,20052.84;57.44501
20001.5,0.5800007,20052.84;57.44501
20001.5,0.5800007,20052.84;57.44501
20001.5,0.5800007,20052.84;57.44501
20001.51,0.5800007,20052.84;57.44501
20001.51,0.5800007,20052.84;57.44501
20001.51,0.5800007,20052.84;57.44501
20001.5,0.5800007,20052.84;57.44501
20001.5,0.5800007,20052.84;57.44501
20001.5,0.5800007,20052.84;57.44501
20001.49,0.5800007,20052.83;57.44501
20001.49,0.5800007,20052.83;57.44501
20001.49,0.5800007,20052.83;57.44501
20001.49,0.5800007,20052.83;57.44501
20001.49,0.5800007,20052.83;57.44501
20001.49,0.5800007,20052.83;57.45647
20001.49,0.5800007,20052.83;57.45647
20001.48,0.5800007,20052.82;57.5023
20001.48,0.5800007,20052.82;57.5023
20001.47,0.5800007,20052.81;57.54813
20001.45,0.5800007,20052.8;57.61688
20001.45,0.5800007,20052.8;57.61688
20001.44,0.5800007,20052.8;57.66272
20001.44,0.5800007,20052.8;57.66272
20001.44,0.5800007,20052.8;57.70855
20001.44,0.5800007,20052.8;57.74292
20001.44,0.5800007,20052.8;57.74292
20001.44,0.5800007,20052.8;57.80022
20001.44,0.5800007,20052.8;57.80022
20001.45,0.5800007,20052.8;57.85752
20001.46,0.5800007,20052.81;57.92054
20001.46,0.5800007,20052.81;57.92054
20001.48,0.5800007,20052.82;57.96637
20001.48,0.5800007,20052.82;57.96637
20001.48,0.5800007,20052.82;57.96637
20001.51,0.5800007,20052.84;58.00074
20001.51,0.5800007,20052.84;58.00074
20001.55,0.5800007,20052.87;58.01221
20001.55,0.5800007,20052.87;58.01221
20001.6,0.5800007,20052.9;58.02366
20001.65,0.5800007,20052.93;58.0122
20001.71,0.5800007,20052.97;58.00074
20001.77,0.5800007,20053;57.96637
20001.77,0.5800007,20053;57.96637
20001.82,0.5800007,20053.04;57.93199
20001.87,0.5800007,20053.07;57.86324
20001.91,0.5800007,20053.09;57.79449
20001.95,0.5800007,20053.12;57.70281
20001.95,0.5800007,20053.12;57.70281
20001.98,0.5800007,20053.14;57.61114
20002.02,0.5800007,20053.16;57.53666
20002.09,0.5800007,20053.21;57.49082
20002.09,0.5800007,20053.21;57.49082
20002.09,0.5800007,20053.21;57.49082
20002.21,0.5800007,20053.28;57.44498
20002.35,0.5800007,20053.38;57.37051
20002.49,0.5800007,20053.46;57.2903
20002.49,0.5800007,20053.46;57.2903
20002.62,0.5800007,20053.54;57.21009
20002.74,0.5800007,20053.62;57.15853
20002.86,0.5800005,20053.64;57.10697
20002.98,0.58,20053.65;57.06686
20002.98,0.58,20053.65;57.06686
20003.1,0.5800004,20053.65;57.02676
20003.22,0.5800005,20053.65;57.00384
20003.34,0.5800001,20053.65;56.98092
20003.46,0.58,20053.65;56.94654
20003.46,0.58,20053.65;56.94654
20003.46,0.58,20053.65;56.94654
20003.6,0.58,20053.65;56.90644
20003.75,0.5800001,20053.65;56.86634
20003.89,0.5800005,20053.65;56.81477
20003.89,0.5800005,20053.65;56.81477
20004.01,0.5800007,20053.65;56.76322
20004.13,0.5800008,20053.65;56.72884
20004.27,0.5800013,20053.65;56.69447
20004.41,0.5800006,20053.65;56.66009
20004.41,0.5800006,20053.65;56.66009
20004.54,0.5800003,20053.65;56.62572
20004.66,0.5800001,20053.65;56.58561
20004.76,0.5800002,20053.65;56.54551
20004.76,0.5800002,20053.65;56.54551
20004.76,0.5800002,20053.65;56.54551
20004.86,0.5800005,20053.65;56.50541
20004.95,0.5800007,20053.65;56.47103
20005.09,0.5800001,20053.65;56.43666
20005.22,0.5800004,20053.65;56.37364
20005.22,0.5800004,20053.65;56.37364
20005.34,0.5800005,20053.65;56.31635
20005.34,0.5800005,20053.65;56.31635
20005.48,0.5800003,20053.65;56.25905
20005.62,0.5800003,20053.65;56.20749
20005.62,0.5800003,20053.65;56.20749
20005.76,0.5800004,20053.65;56.15593
20005.88,0.58,20053.65;56.10436
20005.99,0.58,20053.65;56.06426
20005.99,0.58,20053.65;56.06426
20005.99,0.58,20053.65;56.06426
20006.13,0.58,20053.65;56.0127
20006.13,0.58,20053.65;56.0127
20006.25,0.58,20053.65;55.96687
20006.25,0.58,20053.65;55.96687
20006.25,0.58,20053.65;55.96687
20006.38,0.58,20053.65;55.9153
20006.51,0.5800002,20053.65;55.86375
20006.64,0.5800001,20053.65;55.81218
20006.64,0.5800001,20053.65;55.81218
20006.75,0.5800002,20053.65;55.75489
20006.75,0.5800002,20053.65;55.75489
20006.88,0.58,20053.65;55.6976
20007.01,0.5800006,20053.65;55.64603
20007.01,0.5800006,20053.65;55.64603
20007.14,0.5800014,20053.65;55.58874
20007.14,0.5800014,20053.65;55.58874
20007.25,0.5800014,20053.65;55.53145
20007.35,0.5800014,20053.65;55.47416
20007.35,0.5800014,20053.65;55.47416
20007.47,0.5800008,20053.65;55.43406
20007.47,0.5800008,20053.65;55.43406
20007.6,0.5800007,20053.65;55.39395
20007.72,0.5800006,20053.65;55.3252
20007.83,0.5800008,20053.65;55.27364
20007.83,0.5800008,20053.65;55.27364
20007.83,0.5800008,20053.65;55.27364
20007.95,0.5800011,20053.65;55.25645
20007.95,0.5800011,20053.65;55.25645
20008.07,0.5800014,20053.65;55.23926
20008.07,0.5800014,20053.65;55.23926
20008.17,0.5800017,20053.65;55.22207
20008.17,0.5800017,20053.65;55.22207
20008.17,0.5800017,20053.65;55.22207
20008.29,0.5800017,20053.65;55.20488
20008.29,0.5800017,20053.65;55.20488
20008.42,0.5800019,20053.65;55.1877
20008.42,0.5800019,20053.65;55.1877
20008.42,0.5800019,20053.65;55.1877
20008.52,0.5800021,20053.65;55.17051
20008.52,0.5800021,20053.65;55.17051
20008.52,0.5800021,20053.65;55.17051
20008.64,0.5800021,20053.65;55.15332
20008.75,0.5800021,20053.65;55.13614
20008.75,0.5800021,20053.65;55.13614
20008.75,0.5800021,20053.65;55.13614
20008.85,0.5800021,20053.65;55.11895
20008.85,0.5800021,20053.65;55.11895
20008.97,0.5800022,20053.65;55.10176
20008.97,0.5800022,20053.65;55.10176
20008.97,0.5800022,20053.65;55.10176
20009.08,0.5800022,20053.65;55.08457
20009.08,0.5800022,20053.65;55.08457
20009.17,0.5800027,20053.65;55.06738
20009.17,0.5800027,20053.65;55.06738
20009.17,0.5800027,20053.65;55.06738
20009.29,0.5800029,20053.65;55.05019
20009.4,0.5800028,20053.65;55.03301
20009.4,0.5800028,20053.65;55.03301
20009.4,0.5800028,20053.65;55.03301
20009.49,0.580003,20053.65;55.01582
20009.49,0.580003,20053.65;55.01582
20009.6,0.5800028,20053.65;54.99863
20009.6,0.5800028,20053.65;54.99863
20009.6,0.5800028,20053.65;54.99863
20009.71,0.5800033,20053.65;54.98144
20009.81,0.5800033,20053.65;54.96425
20009.81,0.5800033,20053.65;54.96425
20009.81,0.5800033,20053.65;54.96425
20009.92,0.5800038,20053.65;54.94707
20009.92,0.5800038,20053.65;54.94707
20010.04,0.5800037,20053.65;54.91842
20010.04,0.5800037,20053.65;54.91842
20010.04,0.5800037,20053.65;54.91842
20010.13,0.5800036,20053.65;54.88978
20010.24,0.580003,20053.65;54.88404
20010.35,0.5800031,20053.65;54.86113
20010.35,0.5800031,20053.65;54.86113
20010.35,0.5800031,20053.65;54.86113
