20000,0.5,20000;0
20000,0.58,20000.12;0
20000,0.58,20000.23;0
20000,0.58,20000.23;0
20000,0.58,20000.35;359.9771
20000,0.58,20000.35;359.9771
20000,0.58,20000.35;359.9771
20000,0.58,20000.46;359.9771
20000,0.58,20000.46;359.9771
20000,0.58,20000.46;359.9771
20000,0.58,20000.58;359.9771
20000,0.58,20000.61;359.9771
20000,0.58,20000.64;359.9713
20000,0.58,20000.64;359.9713
20000,0.58,20000.64;359.9713
20000,0.58,20000.67;359.9599
20000,0.58,20000.67;359.9599
20000,0.58,20000.71;359.9484
20000,0.58,20000.75;359.9427
20000,0.58,20000.75;359.9427
20000,0.58,20000.78;359.937
20000,0.58,20000.8;359.937
20000,0.58,20000.83;359.937
20000,0.58,20000.83;359.937
20000,0.58,20000.83;359.937
20000,0.58,20000.85;359.937
20000,0.58,20000.85;359.937
20000,0.58,20000.85;359.937
20000,0.58,20000.88;359.937
20000,0.58,20000.88;359.937
20000,0.58,20000.88;359.937
20000,0.58,20000.88;359.937
20000,0.58,20001.05;359.937
20000,0.58,20001.05;359.937
20000,0.58,20001.05;359.937
20000,0.58,20001.24;359.937
20000,0.58,20001.24;359.937
20000,0.58,20001.24;359.937
20000,0.58,20001.42;359.937
20000,0.58,20001.42;359.937
20000,0.58,20001.42;359.937
20000,0.58,20001.58;359.937
20000,0.58,20001.58;359.937
20000,0.58,20001.76;359.937
20000,0.58,20001.76;359.937
20000,0.58,20001.94;359.937
20000,0.58,20001.94;359.937
20000,0.58,20001.94;359.937
20000,0.58,20002.1;359.937
20000,0.58,20002.1;359.937
20000,0.58,20002.1;359.937
20000,0.58,20002.28;359.937
20000,0.58,20002.28;359.937
20000,0.58,20002.42;359.937
20000,0.58,20002.42;359.937
20000,0.58,20002.42;359.937
20000,0.58,20002.42;359.937
20000,0.58,20002.56;359.937
20000,0.58,20002.56;359.937
20000,0.58,20002.59;359.937
20000,0.58,20002.62;359.937
20000,0.58,20002.62;359.937
20000,0.58,20002.8;359.9312
20000,0.58,20002.95;359.9255
20000,0.58,20003.1;359.9255
20000,0.58,20003.1;359.9255
20000,0.58,20003.27;359.9255
20000,0.58,20003.27;359.9255
20000,0.58,20003.27;359.9255
20000,0.58,20003.42;359.9198
20000,0.58,20003.42;359.9198
20000,0.58,20003.59;359.9198
20000,0.58,20003.76;359.9198
20000,0.58,20003.93;359.9198
20000,0.58,20003.93;359.9198
20000,0.58,20004.08;359.9198
20000,0.58,20004.08;359.9198
20000,0.58,20004.25;359.9198
20000,0.58,20004.25;359.9198
20000,0.58,20004.41;359.9198
20000,0.58,20004.41;359.9198
19999.99,0.58,20004.56;359.9198
19999.99,0.58,20004.7;359.9198
19999.99,0.58,20004.7;359.9198
19999.99,0.58,20004.87;359.9198
19999.99,0.58,20004.87;359.9198
19999.99,0.58,20004.87;359.9198
19999.99,0.58,20005.04;359.9198
19999.99,0.58,20005.04;359.9198
19999.99,0.58,20005.18;359.9198
19999.99,0.58,20005.18;359.9198
19999.99,0.58,20005.18;359.9198
19999.99,0.58,20005.34;359.9198
19999.99,0.58,20005.34;359.9198
19999.99,0.58,20005.34;359.9198
19999.99,0.58,20005.51;359.9198
19999.99,0.58,20005.51;359.9198
19999.99,0.58,20005.51;359.9198
19999.99,0.58,20005.65;359.9198
19999.99,0.58,20005.82;359.9198
19999.99,0.58,20005.82;359.9198
19999.99,0.58,20005.82;359.9198
19999.99,0.58,20005.98;359.9198
19999.99,0.58,20006.15;359.9198
19999.99,0.58,20006.15;359.9198
19999.99,0.58,20006.29;359.9198
19999.99,0.58,20006.43;359.9198
19999.99,0.58,20006.43;359.9198
19999.99,0.58,20006.6;359.9198
19999.99,0.58,20006.77;359.9198
19999.99,0.58,20006.77;359.9198
19999.99,0.58,20006.77;359.9198
19999.99,0.58,20006.91;359.9198
19999.99,0.58,20007.04;359.9198
19999.99,0.58,20007.04;359.9198
19999.99,0.58,20007.21;359.9198
19999.99,0.58,20007.38;359.9198
19999.99,0.58,20007.38;359.9198
19999.99,0.58,20007.38;359.9198
19999.99,0.58,20007.55;359.9198
19999.99,0.58,20007.68;359.9198
19999.99,0.58,20007.81;359.9198
19999.99,0.58,20007.81;359.9198
19999.99,0.58,20007.88;359.9198
19999.99,0.58,20007.95;359.9198
19999.99,0.58,20007.95;359.9198
19999.99,0.58,20007.95;359.9198
19999.99,0.58,20008.02;359.9141
19999.99,0.58,20008.02;359.9141
19999.99,0.58,20008.07;359.9083
19999.99,0.58,20008.13;359.9083
19999.99,0.58,20008.3;359.9083
19999.99,0.58,20008.47;359.9083
19999.99,0.58,20008.47;359.9083
19999.99,0.58,20008.64;359.9083
19999.99,0.58,20008.81;359.9026
19999.99,0.58,20008.81;359.9026
19999.99,0.58,20008.95;359.8969
19999.99,0.58,20009.1;359.8969
19999.99,0.58,20009.1;359.8969
19999.99,0.58,20009.26;359.8854
19999.99,0.58,20009.37;359.874
19999.99,0.58,20009.37;359.874
19999.99,0.58,20009.37;359.874
19999.99,0.58,20009.37;359.874
19999.99,0.58,20009.47;359.8625
19999.99,0.58,20009.47;359.8625
19999.99,0.58,20009.47;359.8625
19999.99,0.58,20009.54;359.851
19999.99,0.58,20009.54;359.851
19999.99,0.58,20009.54;359.851
19999.99,0.58,20009.65;359.8396
19999.99,0.58,20009.82;359.8281
19999.99,0.58,20009.82;359.8281
19999.99,0.58,20009.82;359.8281
19999.99,0.58,20010.03;359.8167
19999.99,0.58,20010.03;359.8167
19999.99,0.58,20010.03;359.8167
19999.98,0.58,20010.25;359.8052
19999.98,0.58,20010.25;359.8052
19999.98,0.58,20010.25;359.8052
19999.98,0.58,20010.5;359.7938
19999.98,0.58,20010.5;359.7938
19999.98,0.58,20010.75;359.7823
19999.98,0.58,20010.75;359.7823
19999.98,0.58,20010.75;359.7823
19999.98,0.58,20011.01;359.788
19999.98,0.58,20011.01;359.788
19999.98,0.58,20011.26;359.7938
19999.98,0.58,20011.52;359.7938
19999.98,0.58,20011.52;359.7938
19999.98,0.58,20011.77;359.7823
19999.98,0.58,20011.77;359.7823
19999.98,0.58,20012.02;359.3239
19999.98,0.58,20012.02;359.3239
19999.98,0.58,20012.02;359.3239
19999.97,0.58,20012.28;358.963
19999.97,0.58,20012.28;358.963
19999.97,0.58,20012.28;358.963
19999.96,0.58,20012.53;358.5619
19999.96,0.58,20012.53;358.5619
19999.96,0.58,20012.79;358.1551
19999.96,0.58,20012.79;358.1551
19999.95,0.58,20013.04;357.7483
19999.94,0.58,20013.29;357.4102
19999.92,0.58,20013.55;357.0722
19999.91,0.58,20013.8;356.6654
19999.91,0.58,20013.8;356.6654
19999.89,0.58,20014.05;356.2586
19999.87,0.58,20014.31;355.8518
19999.85,0.58,20014.56;355.5137
19999.85,0.58,20014.56;355.5137
19999.83,0.58,20014.81;355.1757
19999.81,0.58,20015.07;354.7975
19999.81,0.58,20015.07;354.7975
19999.81,0.58,20015.07;354.7975
19999.79,0.58,20015.32;354.4767
19999.79,0.58,20015.32;354.4767
19999.79,0.58,20015.32;354.4767
19999.76,0.58,20015.57;354.11
19999.76,0.58,20015.57;354.11
19999.73,0.58,20015.82;353.7548
19999.73,0.58,20015.82;353.7548
19999.7,0.58,20016.08;353.3995
19999.67,0.58,20016.33;353.0615
19999.67,0.58,20016.33;353.0615
19999.64,0.58,20016.58;352.7234
19999.61,0.58,20016.83;352.3109
19999.61,0.58,20016.83;352.3109
19999.57,0.58,20017.08;351.8984
19999.53,0.58,20017.34;351.4687
19999.49,0.58,20017.59;351.0389
19999.45,0.58,20017.84;350.6722
19999.45,0.58,20017.84;350.6722
19999.41,0.58,20018.09;350.3055
19999.36,0.58,20018.34;349.8816
19999.36,0.58,20018.34;349.8816
19999.32,0.58,20018.59;349.4576
19999.27,0.58,20018.84;349.0278
19999.27,0.58,20018.84;349.0278
19999.22,0.58,20019.09;348.5981
19999.17,0.58,20019.33;348.3059
19999.11,0.58,20019.58;348.0538
19999.11,0.58,20019.58;348.0538
19999.11,0.58,20019.58;348.0538
19999.06,0.58,20019.83;347.8017
19999.01,0.58,20020.07;347.7158
19999.01,0.58,20020.07;347.7158
19998.95,0.58,20020.32;347.6298
19998.9,0.58,20020.57;347.6241
19998.9,0.58,20020.57;347.6241
19998.84,0.58,20020.82;347.6183
19998.79,0.58,20021.07;347.6126
19998.79,0.58,20021.07;347.6126
19998.79,0.58,20021.07;347.6126
19998.73,0.58,20021.32;347.6069
19998.73,0.58,20021.32;347.6069
19998.73,0.58,20021.32;347.6069
19998.68,0.58,20021.56;347.6012
19998.63,0.58,20021.81;347.6012
19998.63,0.58,20021.81;347.6012
19998.57,0.58,20022.06;347.6012
19998.52,0.58,20022.31;347.372
19998.46,0.58,20022.55;347.1428
19998.4,0.58,20022.8;346.8047
19998.4,0.58,20022.8;346.8047
19998.34,0.58,20023.05;346.4667
19998.28,0.58,20023.3;346.0599
19998.28,0.58,20023.3;346.0599
19998.22,0.58,20023.54;345.6531
19998.15,0.58,20023.79;345.2578
19998.15,0.58,20023.79;345.2578
19998.09,0.58,20024.03;344.9827
19998.02,0.58,20024.28;344.7077
19997.95,0.58,20024.52;344.4499
19997.95,0.58,20024.52;344.4499
19997.88,0.58,20024.77;344.192
19997.81,0.58,20025.01;343.8483
19997.81,0.58,20025.01;343.8483
19997.74,0.58,20025.25;343.5045
19997.67,0.58,20025.5;343.1837
19997.67,0.58,20025.5;343.1837
19997.67,0.58,20025.5;343.1837
19997.59,0.58,20025.74;342.7998
19997.52,0.58,20025.98;342.4159
19997.44,0.58,20026.22;342.0205
19997.44,0.58,20026.22;342.0205
19997.36,0.58,20026.46;341.6252
19997.28,0.58,20026.71;341.5565
19997.28,0.58,20026.71;341.5565
19997.21,0.58,20026.89;341.4877
19997.15,0.58,20027.07;341.4247
19997.15,0.58,20027.07;341.4247
19997.07,0.58,20027.31;341.2184
19996.99,0.58,20027.55;341.0122
19996.9,0.58,20027.79;340.9262
19996.9,0.58,20027.79;340.9262
19996.82,0.58,20028.04;340.8403
19996.74,0.58,20028.28;340.6913
19996.74,0.58,20028.28;340.6913
19996.65,0.58,20028.51;340.5423
19996.57,0.58,20028.75;340.3246
19996.48,0.58,20028.99;340.1126
19996.48,0.58,20028.99;340.1126
19996.39,0.58,20029.23;339.9006
19996.3,0.58,20029.47;339.6256
19996.3,0.58,20029.47;339.6256
19996.22,0.58,20029.71;339.3506
19996.13,0.58,20029.94;339.0698
19996.13,0.58,20029.94;339.0698
19996.13,0.58,20029.94;339.0698
19996.03,0.58,20030.18;338.8521
19995.94,0.58,20030.42;338.6344
19995.94,0.58,20030.42;338.6344
19995.94,0.58,20030.42;338.6344
19995.85,0.58,20030.65;338.3937
19995.85,0.58,20030.65;338.3937
19995.85,0.58,20030.65;338.3937
19995.75,0.58,20030.89;338.1818
19995.75,0.58,20030.89;338.1818
19995.75,0.58,20030.89;338.1818
19995.66,0.58,20031.13;337.9297
19995.66,0.58,20031.13;337.9297
19995.56,0.58,20031.36;337.6776
19995.56,0.58,20031.36;337.6776
19995.46,0.58,20031.59;337.4254
19995.37,0.58,20031.83;337.2249
19995.37,0.58,20031.83;337.2249
19995.27,0.58,20032.06;337.0244
19995.17,0.58,20032.29;336.7895
19995.17,0.58,20032.29;336.7895
19995.06,0.58,20032.53;336.5546
19994.96,0.58,20032.76;336.3139
19994.86,0.58,20032.99;336.1077
19994.86,0.58,20032.99;336.1077
19994.86,0.58,20032.99;336.1077
19994.76,0.58,20033.22;335.9014
19994.65,0.58,20033.46;335.6722
19994.65,0.58,20033.46;335.6722
19994.55,0.58,20033.69;335.4373
19994.55,0.58,20033.69;335.4373
19994.55,0.58,20033.69;335.4373
19994.44,0.58,20033.92;335.2368
19994.33,0.58,20034.15;335.0363
19994.22,0.58,20034.38;334.8013
19994.22,0.58,20034.38;334.8013
19994.12,0.58,20034.61;334.5664
19994.01,0.58,20034.84;334.3602
19994.01,0.58,20034.84;334.3602
19993.89,0.58,20035.06;334.1539
19993.78,0.58,20035.29;333.982
19993.78,0.58,20035.29;333.982
19993.67,0.58,20035.52;333.8102
19993.56,0.58,20035.75;333.5695
19993.44,0.58,20035.98;333.3346
19993.44,0.58,20035.98;333.3346
19993.44,0.58,20035.98;333.3346
19993.33,0.58,20036.2;333.1226
19993.33,0.58,20036.2;333.1226
19993.33,0.58,20036.2;333.1226
19993.21,0.58,20036.43;332.8762
19993.21,0.58,20036.43;332.8762
19993.21,0.58,20036.43;332.8762
19993.1,0.58,20036.65;332.6299
19992.98,0.58,20036.88;332.4064
19992.86,0.58,20037.1;332.2402
19992.86,0.58,20037.1;332.2402
19992.74,0.58,20037.33;332.0741
19992.62,0.58,20037.55;331.9423
19992.62,0.58,20037.55;331.9423
19992.5,0.58,20037.78;331.8105
19992.38,0.58,20038;331.6787
19992.38,0.58,20038;331.6787
19992.38,0.58,20038;331.6787
19992.26,0.58,20038.22;331.5298
19992.14,0.58,20038.45;331.3808
19992.02,0.58,20038.67;331.3178
19992.02,0.58,20038.67;331.3178
19991.89,0.58,20038.89;331.2548
19991.77,0.58,20039.11;331.1688
19991.77,0.58,20039.11;331.1688
19991.65,0.58,20039.34;331.0829
19991.65,0.58,20039.34;331.0829
19991.65,0.58,20039.34;331.0829
19991.53,0.58,20039.56;330.9969
19991.4,0.58,20039.78;330.911
19991.4,0.58,20039.78;330.911
19991.4,0.58,20039.78;330.911
19991.4,0.58,20039.78;330.911
19991.28,0.58,20040;330.8537
19991.28,0.58,20040;330.8537
19991.16,0.58,20040.22;330.7964
19991.03,0.58,20040.45;330.7792
19991.03,0.58,20040.45;330.7792
19990.91,0.58,20040.67;330.762
19990.78,0.58,20040.89;330.5558
19990.66,0.58,20041.11;330.3495
19990.53,0.58,20041.33;330.1146
19990.53,0.58,20041.33;330.1146
19990.4,0.58,20041.55;329.8797
19990.28,0.58,20041.77;329.639
19990.14,0.58,20041.99;329.3984
19990.02,0.58,20042.21;329.1921
19990.02,0.58,20042.21;329.1921
