20000,0.5,20000;0
20000,0.58,20000.21;359.8682
20000,0.58,20000.44;359.7365
20000,0.58,20000.44;359.7365
20000,0.58,20000.64;359.6046
20000,0.58,20000.85;359.4901
19999.99,0.58,20001.09;359.3755
19999.99,0.58,20001.33;359.2437
19999.99,0.58,20001.33;359.2437
19999.99,0.58,20001.57;359.1119
19999.98,0.58,20001.81;358.9744
19999.98,0.58,20001.81;358.9744
19999.98,0.58,20002.03;358.8369
19999.97,0.58,20002.24;358.7223
19999.97,0.58,20002.24;358.7223
19999.97,0.58,20002.48;358.6077
19999.96,0.58,20002.72;358.4644
19999.95,0.58,20002.97;358.3212
19999.95,0.58,20003.15;358.178
19999.94,0.58,20003.33;358.0576
19999.94,0.58,20003.33;358.0576
19999.93,0.58,20003.58;357.9373
19999.92,0.58,20003.82;357.7884
19999.92,0.58,20003.82;357.7884
19999.91,0.58,20004.07;357.6394
19999.9,0.58,20004.31;357.5133
19999.89,0.58,20004.52;357.3873
19999.88,0.58,20004.72;357.2555
19999.88,0.58,20004.72;357.2555
19999.87,0.58,20004.96;357.2039
19999.87,0.58,20004.96;357.2039
19999.87,0.58,20004.96;357.2039
19999.86,0.58,20005.21;357.1867
19999.86,0.58,20005.21;357.1867
19999.86,0.58,20005.21;357.1867
19999.85,0.58,20005.41;357.1237
19999.84,0.58,20005.65;357.0607
19999.82,0.58,20005.89;357.032
19999.82,0.58,20005.89;357.032
19999.81,0.58,20006.09;357.0034
19999.81,0.58,20006.09;357.0034
19999.81,0.58,20006.09;357.0034
19999.8,0.58,20006.33;356.9748
19999.8,0.58,20006.33;356.9748
19999.8,0.58,20006.33;356.9748
19999.79,0.58,20006.57;356.9461
19999.79,0.58,20006.57;356.9461
19999.78,0.58,20006.77;356.8372
19999.78,0.58,20006.77;356.8372
19999.78,0.58,20006.77;356.8372
19999.76,0.58,20007;356.7112
19999.76,0.58,20007;356.7112
19999.76,0.58,20007;356.7112
19999.75,0.58,20007.24;356.5794
19999.75,0.58,20007.24;356.5794
19999.75,0.58,20007.24;356.5794
19999.74,0.58,20007.44;356.4419
19999.72,0.58,20007.67;356.3044
19999.71,0.58,20007.91;356.1841
19999.71,0.58,20007.91;356.1841
19999.69,0.58,20008.14;356.0638
19999.67,0.58,20008.38;355.9262
19999.67,0.58,20008.38;355.9262
19999.66,0.58,20008.57;355.7887
19999.64,0.58,20008.77;355.6397
19999.64,0.58,20008.77;355.6397
19999.63,0.58,20009;355.4908
19999.61,0.58,20009.23;355.3762
19999.59,0.58,20009.45;355.2616
19999.59,0.58,20009.45;355.2616
19999.59,0.58,20009.45;355.2616
19999.57,0.58,20009.64;355.147
19999.57,0.58,20009.64;355.147
19999.57,0.58,20009.64;355.147
19999.55,0.58,20009.85;355.0324
19999.55,0.58,20009.85;355.0324
19999.54,0.58,20010.06;354.9178
19999.54,0.58,20010.06;354.9178
19999.52,0.58,20010.24;354.8032
19999.52,0.58,20010.24;354.8032
19999.52,0.58,20010.24;354.8032
19999.5,0.58,20010.45;354.6886
19999.48,0.58,20010.66;354.6371
19999.48,0.58,20010.66;354.6371
19999.46,0.58,20010.88;354.5855
19999.44,0.58,20011.1;354.4652
19999.44,0.58,20011.1;354.4652
19999.42,0.58,20011.28;354.3563
19999.4,0.58,20011.5;354.2474
19999.38,0.58,20011.72;354.1271
19999.38,0.58,20011.72;354.1271
19999.35,0.58,20011.94;354.0068
19999.35,0.58,20011.94;354.0068
19999.33,0.58,20012.16;353.9724
19999.31,0.58,20012.35;353.938
19999.29,0.58,20012.54;353.8521
19999.29,0.58,20012.54;353.8521
19999.27,0.58,20012.76;353.7375
19999.24,0.58,20012.98;353.6229
19999.21,0.58,20013.2;353.4796
19999.21,0.58,20013.2;353.4796
19999.19,0.58,20013.39;353.3364
19999.17,0.58,20013.58;353.2218
19999.17,0.58,20013.58;353.2218
19999.14,0.58,20013.8;353.1072
19999.12,0.58,20014.02;352.9697
19999.12,0.58,20014.02;352.9697
19999.09,0.58,20014.24;352.8265
19999.06,0.58,20014.43;352.6832
19999.04,0.58,20014.62;352.5629
19999.04,0.58,20014.62;352.5629
19999.01,0.58,20014.85;352.4426
19998.98,0.58,20015.07;352.2993
19998.98,0.58,20015.07;352.2993
19998.95,0.58,20015.26;352.1561
19998.93,0.58,20015.45;352.0186
19998.9,0.58,20015.66;351.904
19998.9,0.58,20015.66;351.904
19998.9,0.58,20015.66;351.904
19998.9,0.58,20015.66;351.904
19998.9,0.58,20015.66;351.904
19998.9,0.58,20015.66;351.904
19998.9,0.58,20015.66;351.904
19998.9,0.58,20015.66;351.904
19998.9,0.58,20015.66;351.904
19998.9,0.58,20015.66;351.904
19998.9,0.58,20015.66;351.904
19998.9,0.58,20015.66;351.904
19998.9,0.58,20015.66;351.904
19998.9,0.58,20015.66;351.904
19998.9,0.58,20015.66;351.904
19998.9,0.58,20015.66;351.904
19998.9,0.58,20015.66;351.904
19998.9,0.58,20015.66;351.904
19998.9,0.58,20015.66;351.904
19998.9,0.58,20015.66;351.904
19998.9,0.58,20015.66;351.904
19998.9,0.58,20015.66;351.904
19998.9,0.58,20015.66;351.904
19998.9,0.58,20015.66;351.904
19998.9,0.58,20015.66;351.904
19998.9,0.58,20015.66;351.904
19998.9,0.58,20015.66;351.904
19998.9,0.58,20015.66;351.904
19998.9,0.58,20015.66;351.904
19998.9,0.58,20015.66;351.904
19998.9,0.58,20015.66;351.904
19998.9,0.58,20015.66;351.904
19998.9,0.58,20015.66;351.904
19998.9,0.58,20015.66;351.904
19998.9,0.58,20015.66;351.904
19998.9,0.58,20015.66;351.904
19998.9,0.58,20015.66;351.904
19998.9,0.58,20015.66;351.904
19998.9,0.58,20015.66;351.904
19998.9,0.58,20015.66;351.904
19998.9,0.58,20015.66;351.904
19998.9,0.58,20015.66;351.904
19998.9,0.58,20015.66;351.904
19998.9,0.58,20015.66;351.904
19998.9,0.58,20015.66;351.904
19998.9,0.58,20015.66;351.904
19998.9,0.58,20015.66;351.904
19998.9,0.58,20015.66;351.904
19998.9,0.58,20015.66;351.904
19998.9,0.58,20015.66;351.904
19998.9,0.58,20015.66;351.904
19998.9,0.58,20015.66;351.904
19998.9,0.58,20015.66;351.904
19998.9,0.58,20015.66;351.904
19998.9,0.58,20015.66;351.904
19998.9,0.58,20015.66;351.904
19998.9,0.58,20015.66;351.904
19998.9,0.58,20015.66;351.904
19998.9,0.58,20015.66;351.904
19998.9,0.58,20015.66;351.904
19998.9,0.58,20015.66;351.904
19998.9,0.58,20015.66;351.904
19998.9,0.58,20015.66;351.904
19998.9,0.58,20015.66;351.904
19998.9,0.58,20015.66;351.904
19998.9,0.58,20015.66;351.904
19998.9,0.58,20015.66;351.904
19998.9,0.58,20015.66;351.904
19998.9,0.58,20015.66;351.904
19998.9,0.58,20015.66;351.904
19998.9,0.58,20015.66;351.904
19998.9,0.58,20015.66;351.904
19998.9,0.58,20015.66;351.904
19998.9,0.58,20015.66;351.904
19998.9,0.58,20015.66;351.904
19998.9,0.58,20015.66;351.904
19998.9,0.58,20015.66;351.904
19998.9,0.58,20015.66;351.904
19998.9,0.58,20015.66;351.904
19998.9,0.58,20015.66;351.904
19998.9,0.58,20015.66;351.904
19998.9,0.58,20015.66;351.904
19998.9,0.58,20015.66;351.904
19998.9,0.58,20015.66;351.904
19998.9,0.58,20015.66;351.904
19998.9,0.58,20015.66;351.904
19998.9,0.58,20015.66;351.904
19998.9,0.58,20015.66;351.904
19998.9,0.58,20015.66;351.904
19998.9,0.58,20015.66;351.904
19998.9,0.58,20015.66;351.904
19998.9,0.58,20015.66;351.904
19998.9,0.58,20015.66;351.904
19998.9,0.58,20015.66;351.904
19998.9,0.58,20015.66;351.904
19998.9,0.58,20015.66;351.904
19998.9,0.58,20015.66;351.904
19998.9,0.58,20015.66;351.904
19998.9,0.58,20015.66;351.904
19998.9,0.58,20015.66;351.904
19998.9,0.58,20015.66;351.904
19998.9,0.58,20015.66;351.904
19998.9,0.58,20015.66;351.904
19998.9,0.58,20015.66;351.904
19998.9,0.58,20015.66;351.904
19998.9,0.58,20015.66;351.904
19998.9,0.58,20015.66;351.904
19998.9,0.58,20015.66;351.904
19998.9,0.58,20015.66;351.904
19998.9,0.58,20015.66;351.904
19998.9,0.58,20015.66;351.904
19998.9,0.58,20015.66;351.904
19998.9,0.58,20015.66;351.904
19998.9,0.58,20015.66;351.904
19998.9,0.58,20015.66;351.904
19998.9,0.58,20015.66;351.904
19998.9,0.58,20015.66;351.904
19998.9,0.58,20015.66;351.904
19998.9,0.58,20015.66;351.904
19998.9,0.58,20015.66;351.904
19998.9,0.58,20015.66;351.904
19998.9,0.58,20015.66;351.904
19998.9,0.58,20015.66;351.904
19998.9,0.58,20015.66;351.904
19998.9,0.58,20015.66;351.904
19998.9,0.58,20015.66;351.904
19998.9,0.58,20015.66;351.904
19998.9,0.58,20015.66;351.904
19998.9,0.58,20015.66;351.904
19998.9,0.58,20015.66;351.904
19998.9,0.58,20015.66;351.904
19998.9,0.58,20015.66;351.904
19998.9,0.58,20015.66;351.904
19998.9,0.58,20015.66;351.904
19998.9,0.58,20015.66;351.904
19998.9,0.58,20015.66;351.904
19998.9,0.58,20015.66;351.904
19998.9,0.58,20015.66;351.904
19998.9,0.58,20015.66;351.904
19998.9,0.58,20015.66;351.904
19998.9,0.58,20015.66;351.904
19998.9,0.58,20015.66;351.904
19998.9,0.58,20015.66;351.904
19998.9,0.58,20015.66;351.904
19998.9,0.58,20015.66;351.904
19998.9,0.58,20015.66;351.904
19998.9,0.58,20015.66;351.904
19998.9,0.58,20015.66;351.904
19998.9,0.58,20015.66;351.904
19998.9,0.58,20015.66;351.904
19998.9,0.58,20015.66;351.904
19998.9,0.58,20015.66;351.904
19998.9,0.58,20015.66;351.904
19998.9,0.58,20015.66;351.904
19998.9,0.58,20015.66;351.904
19998.9,0.58,20015.66;351.904
19998.9,0.58,20015.66;351.904
19998.9,0.58,20015.66;351.904
19998.9,0.58,20015.66;351.904
19998.9,0.58,20015.66;351.904
19998.9,0.58,20015.66;351.904
19998.9,0.58,20015.66;351.904
19998.9,0.58,20015.66;351.904
19998.9,0.58,20015.66;351.904
19998.9,0.58,20015.66;351.904
19998.9,0.58,20015.66;351.904
19998.9,0.58,20015.66;351.904
19998.9,0.58,20015.66;351.904
19998.9,0.58,20015.66;351.904
19998.9,0.58,20015.66;351.904
19998.9,0.58,20015.66;351.904
19998.9,0.58,20015.66;351.904
19998.9,0.58,20015.66;351.904
19998.9,0.58,20015.66;351.904
19998.9,0.58,20015.66;351.904
19998.9,0.58,20015.66;351.904
19998.9,0.58,20015.66;351.904
19998.9,0.58,20015.66;351.904
19998.9,0.58,20015.66;351.904
19998.9,0.58,20015.66;351.904
19998.9,0.58,20015.66;351.904
19998.9,0.58,20015.66;351.904
19998.9,0.58,20015.66;351.904
19998.9,0.58,20015.66;351.904
19998.9,0.58,20015.66;351.904
19998.9,0.58,20015.66;351.904
19998.9,0.58,20015.66;351.904
19998.9,0.58,20015.66;351.904
19998.9,0.58,20015.66;351.904
19998.9,0.58,20015.66;351.904
19998.9,0.58,20015.66;351.904
19998.9,0.58,20015.66;351.904
19998.9,0.58,20015.66;351.904
19998.9,0.58,20015.66;351.904
19998.9,0.58,20015.66;351.904
19998.9,0.58,20015.66;351.904
19998.9,0.58,20015.66;351.904
19998.9,0.58,20015.66;351.904
19998.9,0.58,20015.66;351.904
19998.9,0.58,20015.66;351.904
19998.9,0.58,20015.66;351.904
19998.9,0.58,20015.66;351.904
19998.9,0.58,20015.66;351.904
19998.9,0.58,20015.66;351.904
19998.9,0.58,20015.66;351.904
19998.9,0.58,20015.66;351.904
19998.9,0.58,20015.66;351.904
19998.9,0.58,20015.66;351.904
19998.9,0.58,20015.66;351.904
19998.9,0.58,20015.66;351.904
19998.9,0.58,20015.66;351.904
19998.9,0.58,20015.66;351.904
19998.9,0.58,20015.66;351.904
19998.9,0.58,20015.66;351.904
19998.9,0.58,20015.66;351.904
19998.9,0.58,20015.66;351.904
19998.9,0.58,20015.66;351.904
19998.9,0.58,20015.66;351.904
19998.9,0.58,20015.66;351.904
19998.9,0.58,20015.66;351.904
19998.9,0.58,20015.66;351.904
19998.9,0.58,20015.66;351.904
19998.9,0.58,20015.66;351.904
19998.9,0.58,20015.66;351.904
19998.9,0.58,20015.66;351.904
19998.9,0.58,20015.66;351.904
19998.9,0.58,20015.66;351.904
19998.9,0.58,20015.66;351.904
19998.9,0.58,20015.66;351.904
19998.9,0.58,20015.66;351.904
19998.9,0.58,20015.66;351.904
19998.9,0.58,20015.66;351.904
19998.9,0.58,20015.66;351.904
19998.9,0.58,20015.66;351.904
19998.9,0.58,20015.66;351.904
19998.9,0.58,20015.66;351.904
19998.9,0.58,20015.66;351.904
19998.9,0.58,20015.66;351.904
19998.9,0.58,20015.66;351.904
19998.9,0.58,20015.66;351.904
19998.9,0.58,20015.66;351.904
19998.9,0.58,20015.66;351.904
19998.9,0.58,20015.66;351.904
19998.9,0.58,20015.66;351.904
19998.9,0.58,20015.66;351.904
19998.9,0.58,20015.66;351.904
19998.9,0.58,20015.66;351.904
19998.9,0.58,20015.66;351.904
19998.9,0.58,20015.66;351.904
19998.9,0.58,20015.66;351.904
19998.9,0.58,20015.66;351.904
19998.9,0.58,20015.66;351.904
19998.9,0.58,20015.66;351.904
19998.9,0.58,20015.66;351.904
19998.9,0.58,20015.66;351.904
19998.9,0.58,20015.66;351.904
19998.9,0.58,20015.66;351.904
19998.9,0.58,20015.66;351.904
19998.9,0.58,20015.66;351.904
19998.9,0.58,20015.66;351.904
19998.9,0.58,20015.66;351.904
19998.9,0.58,20015.66;351.904
19998.9,0.58,20015.66;351.904
19998.9,0.58,20015.66;351.904
19998.9,0.58,20015.66;351.904
19998.9,0.58,20015.66;351.904
19998.9,0.58,20015.66;351.904
19998.9,0.58,20015.66;351.904
19998.9,0.58,20015.66;351.904
19998.9,0.58,20015.66;351.904
19998.9,0.58,20015.66;351.904
19998.9,0.58,20015.66;351.904
19998.9,0.58,20015.66;351.904
19998.9,0.58,20015.66;351.904
19998.9,0.58,20015.66;351.