20000,0.5,20000;0
20000,0.58,20000.11;0
20000,0.58,20000.23;0
20000,0.58,20000.34;0
20000,0.58,20000.45;0
20000,0.58,20000.57;0
20000,0.58,20000.68;0
20000,0.58,20000.79;0
20000,0.58,20000.91;0
20000,0.58,20001.02;0
20000,0.58,20001.13;0
20000,0.58,20001.24;0
20000,0.58,20001.36;0
20000,0.58,20001.47;0
20000,0.58,20001.57;0
20000,0.58,20001.68;0
20000,0.58,20001.79;0
20000,0.58,20001.89;0
20000,0.58,20002.01;0
20000,0.58,20002.13;0
20000,0.58,20002.24;0
20000,0.58,20002.36;0
20000,0.58,20002.47;0
20000,0.58,20002.59;0
20000,0.58,20002.69;0
20000,0.58,20002.81;0
20000,0.58,20002.93;0
20000,0.58,20003.04;0
20000,0.58,20003.16;0
20000,0.58,20003.28;0
20000,0.58,20003.39;0
20000,0.58,20003.51;0
20000,0.58,20003.63;0
20000,0.58,20003.74;0
20000,0.58,20003.86;0
20000,0.58,20003.98;0
20000,0.58,20004.09;0
20000,0.58,20004.21;0
20000,0.58,20004.33;0
20000,0.58,20004.44;0
20000,0.58,20004.56;0
20000,0.58,20004.68;0
20000,0.58,20004.79;0
20000,0.58,20004.91;0
20000,0.58,20005.03;0
20000,0.58,20005.15;0
20000,0.58,20005.27;0
20000,0.58,20005.39;0
20000,0.58,20005.51;0
20000,0.58,20005.63;0
20000,0.58,20005.75;0
20000,0.58,20005.87;0
20000,0.58,20005.98;0
20000,0.58,20006.1;0
20000,0.58,20006.22;0
20000,0.58,20006.34;0
20000,0.58,20006.45;0
20000,0.58,20006.57;0
20000,0.58,20006.68;0
20000,0.58,20006.8;0
20000,0.58,20006.91;0
20000,0.58,20007.02;0
20000,0.58,20007.13;0
20000,0.58,20007.24;0
20000,0.58,20007.35;0
20000,0.58,20007.46;0
20000,0.58,20007.58;0
20000,0.58,20007.69;0
20000,0.58,20007.8;0
20000,0.58,20007.9;0
20000,0.58,20008.01;0
20000,0.58,20008.11;0
20000,0.58,20008.22;0
20000,0.58,20008.32;0
20000,0.58,20008.37;0
20000,0.58,20008.37;0
20000,0.58,20008.42;0
20000,0.58,20008.46;0
20000,0.58,20008.51;0
20000,0.58,20008.56;0
20000,0.58,20008.62;0
20000,0.58,20008.71;0
20000,0.58,20008.81;0
20000,0.58,20008.9;0
20000,0.58,20008.99;0
20000,0.58,20009.08;0
20000,0.58,20009.18;0
20000,0.58,20009.27;0
20000,0.58,20009.37;0
20000,0.58,20009.47;0
20000,0.58,20009.56;0
20000,0.58,20009.66;0
20000,0.58,20009.76;0
20000,0.58,20009.85;0
20000,0.58,20009.95;0
20000,0.58,20010.04;0
20000,0.58,20010.15;0
20000,0.58,20010.25;0
20000,0.58,20010.35;0
20000,0.58,20010.45;0
20000,0.58,20010.55;0
20000,0.58,20010.65;0
20000,0.58,20010.76;0
20000,0.58,20010.86;0
20000,0.58,20010.96;0
20000,0.58,20011.06;0
20000,0.58,20011.17;0
20000,0.58,20011.27;0
20000,0.58,20011.37;0
20000,0.58,20011.48;0
20000,0.58,20011.58;0
20000,0.58,20011.68;0
20000,0.58,20011.78;0
20000,0.58,20011.89;0
20000,0.58,20011.99;0
20000,0.58,20012.1;0
20000,0.58,20012.2;0
20000,0.58,20012.3;0
20000,0.58,20012.4;0
20000,0.58,20012.5;0
20000,0.58,20012.6;0
20000,0.58,20012.71;0
20000,0.58,20012.82;0
20000,0.58,20012.93;0
20000,0.58,20013.03;0
20000,0.58,20013.14;0
20000,0.58,20013.24;0
20000,0.58,20013.35;0
20000,0.58,20013.47;0
20000,0.58,20013.58;0
20000,0.58,20013.69;0
20000,0.58,20013.79;0
20000,0.58,20013.91;0
20000,0.58,20014.02;0
20000,0.58,20014.13;0
20000,0.58,20014.24;0
20000,0.58,20014.35;0
20000,0.58,20014.47;0
20000,0.58,20014.58;0
20000,0.58,20014.7;0
20000,0.58,20014.81;0
20000,0.58,20014.93;0
20000,0.58,20015.04;0
20000,0.58,20015.16;0
20000,0.58,20015.27;0
20000,0.58,20015.38;0
20000,0.58,20015.5;0
20000,0.58,20015.61;0
20000,0.58,20015.73;0
20000,0.58,20015.85;0
20000,0.58,20015.96;0
20000,0.58,20016.08;0
20000,0.58,20016.2;0
20000,0.58,20016.32;0
20000,0.58,20016.43;0
20000,0.58,20016.55;0
20000,0.58,20016.66;0
20000,0.58,20016.78;0
20000,0.58,20016.88;0
20000,0.58,20016.99;0
20000,0.58,20017.1;0
20000,0.58,20017.21;0
20000,0.58,20017.31;0
20000,0.58,20017.41;0
20000,0.58,20017.52;0
20000,0.58,20017.62;0
20000,0.58,20017.72;0
20000,0.58,20017.82;0
20000,0.58,20017.93;0
20000,0.58,20018.03;0
20000,0.58,20018.13;0
20000,0.58,20018.23;0
20000,0.58,20018.34;0
20000,0.58,20018.44;0
20000,0.58,20018.54;0
20000,0.58,20018.64;0
20000,0.58,20018.74;0
20000,0.58,20018.84;0
20000,0.58,20018.86;0
20000,0.58,20018.89;0
20000,0.58,20018.91;0
20000,0.58,20018.94;0
20000,0.58,20018.95;0
20000,0.58,20018.96;0
20000,0.58,20019.04;0
20000,0.58,20019.13;0
20000,0.58,20019.22;0
20000,0.58,20019.3;0
20000,0.58,20019.38;0
20000,0.58,20019.44;0
20000,0.58,20019.52;0
20000,0.58,20019.61;0
20000,0.58,20019.7;0
20000,0.58,20019.79;0
20000,0.58,20019.88;0
20000,0.58,20019.97;0
20000,0.58,20020.06;0
20000,0.58,20020.15;0
20000,0.58,20020.23;0
20000,0.58,20020.33;0
20000,0.58,20020.42;0
20000,0.58,20020.51;0
20000,0.58,20020.61;0
20000,0.58,20020.7;0
20000,0.58,20020.8;0
20000,0.58,20020.9;0
20000,0.58,20020.99;0
20000,0.58,20021.1;0
20000,0.58,20021.19;0
20000,0.58,20021.29;0
20000,0.58,20021.39;0
20000,0.58,20021.49;0
20000,0.58,20021.6;0
20000,0.58,20021.7;0
20000,0.58,20021.8;0
20000,0.58,20021.8;0
20000,0.58,20021.9;0
20000,0.58,20022;0
20000,0.58,20022.11;0
20000,0.58,20022.21;0
20000,0.58,20022.31;0
20000,0.58,20022.41;0
20000,0.58,20022.51;0
20000,0.58,20022.51;0
20000,0.58,20022.61;0
20000,0.58,20022.71;0
20000,0.58,20022.81;0
20000,0.58,20022.92;0
20000,0.58,20023.02;0
20000,0.58,20023.12;0
20000,0.58,20023.12;0
20000,0.58,20023.22;0
20000,0.58,20023.32;0
20000,0.58,20023.43;0
20000,0.58,20023.53;0
20000,0.58,20023.64;0
20000,0.58,20023.75;0
20000,0.58,20023.85;0
20000,0.58,20023.96;0
20000,0.58,20024.07;0
20000,0.58,20024.18;0
20000,0.58,20024.29;0
20000,0.58,20024.29;0
20000,0.58,20024.39;0
20000,0.58,20024.5;0
20000,0.58,20024.61;0
20000,0.58,20024.72;0
20000,0.58,20024.83;0
20000,0.58,20024.95;0
20000,0.58,20025.06;0
20000,0.58,20025.18;0
20000,0.58,20025.29;0
20000,0.58,20025.29;0
20000,0.58,20025.41;0
20000,0.58,20025.52;0
20000,0.58,20025.64;0
20000,0.58,20025.76;0
20000,0.58,20025.87;0
20000,0.58,20025.99;0
20000,0.58,20026.1;0
20000,0.58,20026.21;0
20000,0.58,20026.32;0
20000,0.58,20026.43;0
20000,0.58,20026.53;0
20000,0.58,20026.63;0
20000,0.58,20026.74;0
20000,0.58,20026.84;0
20000,0.58,20026.94;0
20000,0.58,20027.04;0
20000,0.58,20027.15;0
20000,0.58,20027.24;0
20000,0.58,20027.35;0
20000,0.58,20027.45;0
20000,0.58,20027.55;0
20000,0.58,20027.65;0
20000,0.58,20027.75;0
20000,0.58,20027.85;0
20000,0.58,20027.95;0
20000,0.58,20028.05;0
20000,0.58,20028.15;0
20000,0.58,20028.24;0
20000,0.58,20028.34;0
20000,0.58,20028.43;0
20000,0.58,20028.46;0
20000,0.58,20028.47;0
20000,0.58,20028.47;0
20000,0.58,20028.47;0
20000,0.58,20028.47;0
20000,0.58,20028.48;0
20000,0.58,20028.56;0
20000,0.58,20028.64;0
20000,0.58,20028.73;0
20000,0.58,20028.8;0
20000,0.58,20028.82;0
20000,0.58,20028.85;0
20000,0.58,20028.93;0
20000,0.58,20029.02;0
20000,0.58,20029.1;0
20000,0.58,20029.19;0
20000,0.58,20029.28;0
20000,0.58,20029.37;0
20000,0.58,20029.45;0
20000,0.58,20029.54;0
20000,0.58,20029.63;0
20000,0.58,20029.71;0
20000,0.58,20029.8;0
20000,0.58,20029.89;0
20000,0.58,20029.99;0
20000,0.58,20030.08;0
20000,0.58,20030.17;0
20000,0.58,20030.26;0
20000,0.58,20030.35;0
20000,0.58,20030.45;0
20000,0.58,20030.54;0
20000,0.58,20030.63;0
20000,0.58,20030.73;0
20000,0.58,20030.83;0
20000,0.58,20030.92;0
20000,0.58,20031.02;0
20000,0.58,20031.12;0
20000,0.58,20031.21;0
20000,0.58,20031.31;0
20000,0.58,20031.4;0
20000,0.58,20031.5;0
20000,0.58,20031.6;0
20000,0.58,20031.69;0
20000,0.58,20031.79;0
20000,0.58,20031.88;0
20000,0.58,20031.99;0
20000,0.58,20032.09;0
20000,0.58,20032.19;0
20000,0.58,20032.29;0
20000,0.58,20032.39;0
20000,0.58,20032.5;0
20000,0.58,20032.6;0
20000,0.58,20032.7;0
20000,0.58,20032.81;0
20000,0.58,20032.91;0
20000,0.58,20033.02;0
20000,0.58,20033.13;0
20000,0.58,20033.23;0
20000,0.58,20033.34;0
20000,0.58,20033.45;0
20000,0.58,20033.55;0
20000,0.58,20033.65;0
20000,0.58,20033.76;0
20000,0.58,20033.87;0
20000,0.58,20033.98;0
20000,0.58,20034.09;0
20000,0.58,20034.2;0
20000,0.58,20034.31;0
20000,0.58,20034.43;0
20000,0.58,20034.54;0
20000,0.58,20034.66;0
20000,0.58,20034.78;0
20000,0.58,20034.89;0
20000,0.58,20035.01;0
20000,0.58,20035.12;0
20000,0.58,20035.23;0
20000,0.58,20035.34;0
20000,0.58,20035.45;0
20000,0.58,20035.55;0
20000,0.58,20035.66;0
20000,0.58,20035.76;0
20000,0.58,20035.86;0
20000,0.58,20035.96;0
20000,0.58,20036.06;0
20000,0.58,20036.17;0
20000,0.58,20036.27;0
20000,0.58,20036.37;0
20000,0.58,20036.47;0
20000,0.58,20036.57;0
20000,0.58,20036.67;0
20000,0.58,20036.77;0
20000,0.58,20036.87;0
20000,0.58,20036.96;0
20000,0.58,20037.06;0
20000,0.58,20037.16;0
20000,0.58,20037.26;0
20000,0.58,20037.35;0
20000,0.58,20037.44;0
20000,0.58,20037.53;0
20000,0.58,20037.63;0
20000,0.58,20037.72;0
20000,0.58,20037.74;0
20000,0.58,20037.75;0
20000,0.58,20037.77;0
20000,0.58,20037.79;0
20000,0.58,20037.8;0
20000,0.58,20037.82;0
20000,0.58,20037.89;0
20000,0.58,20037.95;0
20000,0.58,20038.01;0
20000,0.58,20038.09;0
20000,0.58,20038.12;0
20000,0.58,20038.16;0
20000,0.58,20038.2;0
20000,0.58,20038.28;0
20000,0.58,20038.37;0
20000,0.58,20038.45;0
20000,0.58,20038.54;0
20000,0.58,20038.63;0
20000,0.58,20038.71;0
20000,0.58,20038.8;0
20000,0.58,20038.88;0
20000,0.58,20038.97;0
20000,0.58,20039.06;0
20000,0.58,20039.14;0
20000,0.58,20039.23;0
20000,0.58,20039.32;0
20000,0.58,20039.41;0
20000,0.58,20039.5;0
20000,0.58,20039.59;0
20000,0.58,20039.69;0
20000,0.58,20039.78;0
20000,0.58,20039.88;0
20000,0.58,20039.97;0
20000,0.58,20040.06;0
20000,0.58,20040.16;0
20000,0.58,20040.26;0
20000,0.58,20040.36;0
20000,0.58,20040.45;0
20000,0.58,20040.55;0
20000,0.58,20040.64;0
20000,0.58,20040.73;0
20000,0.58,20040.83;0
20000,0.58,20040.83;0
20000,0.58,20040.92;0
20000,0.58,20041.01;0
20000,0.58,20041.11;0
20000,0.58,20041.21;0
20000,0.58,20041.31;0
20000,0.58,20041.42;0
20000,0.58,20041.52;0
20000,0.58,20041.52;0
20000,0.58,20041.62;0
20000,0.58,20041.72;0
20000,0.58,20041.82;0
20000,0.58,20041.93;0
20000,0.58,20042.03;0
20000,0.58,20042.14;0
20000,0.58,20042.25;0
20000,0.58,20042.37;0
20000,0.58,20042.47;0
20000,0.58,20042.58;0
20000,0.58,20042.58;0
20000,0.58,20042.69;0
20000,0.58,20042.8;0
20000,0.58,20042.91;0
20000,0.58,20043.02;0
20000,0.58,20043.14;0
20000,0.58,20043.25;0
20000,0.58,20043.37;0
20000,0.58,20043.48;0
20000,0.58,20043.48;0
20000,0.58,20043.6;0
20000,0.58,20043.71;0
20000,0.58,20043.83;0
20000,0.58,20043.95;0
20000,0.58,20044.06;0
20000,0.58,20044.17;0
20000,0.58,20044.28;0
20000,0.58,20044.39;0
20000,0.58,20044.51;0
20000,0.58,20044.61;0
20000,0.58,20044.71;0
20000,0.58,20044.81;0
20000,0.58,20044.91;0
20000,0.58,20045.02;0
20000,0.58,20045.12;0
20000,0.58,20045.22;0
20000,0.58,20045.32;0
20000,0.58,20045.42;0
20000,0.58,20045.52;0
20000,0.58,20045.62;0
20000,0.58,20045.72;0
20000,0.58,20045.82;0
20000,0.58,20045.92;0
20000,0.58,20046.02;0
20000,0.58,20046.12;0
20000,0.58,20046.21;0
20000,0.58,20046.31;0
20000,0.58,20046.4;0
20000,0.58,20046.49;0
20000,0.58,20046.58;0
20000,0.58,20046.64;0
20000,0.58,20046.7;0
20000,0.58,20046.76;0
20000,0.58,20046.82;0
20000,0.58,20046.88;0
20000,0.58,20046.94;0
20000,0.58,20046.94;0
20000,0.58,20046.97;0
20000,0.58,20047.05;0
20000,0.58,20047.14;0
20000,0.58,20047.22;0
20000,0.58,20047.22;0
20000,0.58,20047.26;0
20000,0.58,20047.34;0
20000,0.58,20047.42;0
20000,0.58,20047.51;0
20000,0.58,20047.6;0
