20000,0.5,20000;0
20000,0.58,20000;-0.005729198
20000,0.58,20000;-0.005729198
20000,0.58,20000;-0.005729198
20000,0.58,20000;-0.005729198
20000,0.58,20000;-0.005729198
20000,0.58,20000;-0.005729198
20000,0.58,20000;-0.005729198
20000,0.58,20000;-0.005729198
20000,0.58,20000;-0.005729198
20000,0.58,20000;-0.005729198
20000,0.58,20000;-0.005729198
20000,0.58,20000;-0.005729198
20000,0.58,20000;-0.005729198
20000,0.58,20000;-0.005729198
20000,0.58,20000;-0.005729198
20000,0.58,20000;-0.005729198
20000,0.58,20000;-0.005729198
20000,0.58,20000;-0.005729198
20000,0.58,20000;-0.005729198
20000,0.58,20000;-0.005729198
20000,0.58,20000;-0.005729198
20000,0.58,20000;-0.005729198
20000,0.58,20000;-0.005729198
20000,0.58,20000;-0.005729198
20000,0.58,20000;-0.005729198
20000,0.58,20000;-0.005729198
20000,0.58,20000;-0.005729198
20000,0.58,20000;-0.005729198
20000,0.58,20000;-0.005729198
20000,0.58,20000;-0.005729198
20000,0.58,20000;-0.005729198
20000,0.58,20000;-0.005729198
20000,0.58,20000;-0.005729198
20000,0.58,20000;-0.005729198
20000,0.58,20000;-0.005729198
20000,0.58,20000;-0.005729198
20000,0.58,20000;-0.005729198
20000,0.58,20000;-0.005729198
20000,0.58,20000;-0.005729198
20000,0.58,20000;-0.005729198
20000,0.58,20000;-0.005729198
20000,0.58,20000;-0.005729198
20000,0.58,20000;-0.005729198
20000,0.58,20000;-0.005729198
20000,0.58,20000;-0.005729198
20000,0.58,20000;-0.005729198
20000,0.58,20000;-0.005729198
20000,0.58,20000;-0.005729198
20000,0.58,20000;-0.005729198
20000,0.58,20000;-0.005729198
20000,0.58,20000;-0.005729198
20000,0.58,20000;-0.005729198
20000,0.58,20000;-0.005729198
20000,0.58,20000;-0.005729198
20000,0.58,20000;-0.005729198
20000,0.58,20000;-0.005729198
20000,0.58,20000;-0.005729198
20000,0.58,20000;-0.005729198
20000,0.58,20000;-0.005729198
20000,0.58,20000;-0.005729198
20000,0.58,20000;-0.005729198
20000,0.58,20000;-0.005729198
20000,0.58,20000;-0.005729198
20000,0.58,20000;-0.005729198
20000,0.58,20000;-0.005729198
20000,0.58,20000;-0.005729198
20000,0.58,20000;-0.005729198
20000,0.58,20000;-0.005729198
20000,0.58,20000;-0.005729198
20000,0.58,20000;-0.005729198
20000,0.58,20000;-0.005729198
20000,0.58,20000;-0.005729198
20000,0.58,20000;-0.005729198
20000,0.58,20000;-0.005729198
20000,0.58,20000;-0.005729198
20000,0.58,20000;-0.005729198
20000,0.58,20000;-0.005729198
20000,0.58,20000;-0.005729198
20000,0.58,20000;-0.005729198
20000,0.58,20000;-0.005729198
20000,0.58,20000;-0.005729198
20000,0.58,20000;-0.005729198
20000,0.58,20000;-0.005729198
20000,0.58,20000;-0.005729198
20000,0.58,20000;-0.005729198
20000,0.58,20000;-0.005729198
20000,0.58,20000;-0.005729198
20000,0.58,20000;-0.005729198
20000,0.58,20000;-0.005729198
20000,0.58,20000;-0.005729198
20000,0.58,20000;-0.005729198
20000,0.58,20000;-0.005729198
20000,0.58,20000;-0.005729198
20000,0.58,20000;-0.005729198
20000,0.58,20000;-0.005729198
20000,0.58,20000;-0.005729198
20000,0.58,20000;-0.005729198
20000,0.58,20000;-0.005729198
20000,0.58,20000;-0.005729198
20000,0.58,20000;-0.005729198
20000,0.58,20000;-0.005729198
20000,0.58,20000;-0.005729198
20000,0.58,20000;-0.005729198
20000,0.58,20000;-0.005729198
20000,0.58,20000;-0.005729198
20000,0.58,20000;-0.005729198
20000,0.58,20000;-0.005729198
20000,0.58,20000;-0.005729198
20000,0.58,19999.99;359.9484
20000,0.58,19999.99;359.9484
20000,0.58,19999.99;359.9484
20000,0.58,19999.95;359.8797
20000,0.58,19999.93;359.8109
20000,0.58,19999.91;359.788
20000,0.58,19999.91;359.788
20000,0.58,19999.89;359.7651
20000,0.58,19999.88;359.7651
20000,0.58,19999.87;359.7651
20000,0.58,19999.87;359.7651
20000,0.58,19999.87;359.7651
20000,0.58,19999.87;359.7651
20000,0.58,19999.89;359.7651
20000,0.58,19999.89;359.7651
20000,0.58,19999.89;359.7651
20000,0.58,19999.89;359.7651
20000,0.58,19999.91;359.7651
20000,0.58,19999.93;359.7708
20000,0.58,19999.94;359.8224
20000,0.58,19999.94;359.8224
20000,0.58,19999.94;359.8224
20000,0.58,19999.94;359.8682
20000,0.58,19999.94;359.9141
20000,0.58,19999.94;359.9713
20000,0.58,19999.94;359.9713
20000,0.58,19999.94;359.9713
20000,0.58,19999.94;0.0114584
20000,0.58,19999.94;0.05156278
20000,0.58,19999.94;0.08593797
20000,0.58,19999.94;0.08593797
20000,0.58,19999.94;0.1203132
20000,0.58,19999.94;0.1604175
20000,0.58,19999.94;0.2005219
20000,0.58,19999.94;0.2463556
20000,0.58,19999.94;0.2463556
20000,0.58,19999.94;0.2463556
20000,0.58,19999.94;0.2750015
20000,0.58,19999.94;0.3036475
20000,0.58,19999.94;0.3494811
20000,0.58,19999.94;0.3494811
20000,0.58,19999.94;0.3494811
20000,0.58,19999.95;0.3838563
20000,0.58,19999.98;0.4182314
20000,0.58,20000.01;0.4296899
20000,0.58,20000.01;0.4296899
20000,0.58,20000.01;0.4296899
20000,0.58,20000.05;0.4010438
20000,0.58,20000.1;0.3723978
20000,0.58,20000.14;0.3036475
20000,0.58,20000.14;0.3036475
20000,0.58,20000.19;0.2234387
20000,0.58,20000.19;0.2234387
20000,0.58,20000.25;0.1432299
20000,0.58,20000.31;0.05155202
20000,0.58,20000.31;0.05155202
20000,0.58,20000.38;359.9484
20000,0.58,20000.38;359.9484
20000,0.58,20000.47;359.8453
20000,0.58,20000.57;359.7479
20000,0.58,20000.57;359.7479
20000,0.58,20000.68;359.6104
20000,0.58,20000.68;359.6104
20000,0.58,20000.82;359.4728
20000,0.58,20000.97;359.3067
20000,0.58,20000.97;359.3067
19999.99,0.58,20001.16;359.152
19999.99,0.58,20001.16;359.152
19999.99,0.58,20001.36;358.9973
19999.99,0.58,20001.57;358.8197
19999.99,0.58,20001.57;358.8197
19999.98,0.58,20001.82;358.6764
19999.98,0.58,20001.82;358.6764
19999.97,0.58,20002.08;358.5332
19999.97,0.58,20002.33;358.3613
19999.97,0.58,20002.33;358.3613
19999.96,0.58,20002.59;358.1493
19999.96,0.58,20002.59;358.1493
19999.95,0.58,20002.84;357.9373
19999.94,0.58,20003.09;357.6566
19999.93,0.58,20003.35;357.4102
19999.93,0.58,20003.35;357.4102
19999.93,0.58,20003.35;357.4102
19999.92,0.58,20003.6;357.1638
19999.9,0.58,20003.85;356.906
19999.89,0.58,20004.11;356.6653
19999.89,0.58,20004.11;356.6653
19999.89,0.58,20004.11;356.6653
19999.87,0.58,20004.36;356.4247
19999.85,0.58,20004.62;356.2299
19999.84,0.58,20004.87;355.995
19999.84,0.58,20004.87;355.995
19999.84,0.58,20004.87;355.995
19999.82,0.58,20005.12;355.7601
19999.8,0.58,20005.38;355.4851
19999.78,0.58,20005.63;355.233
19999.78,0.58,20005.63;355.233
19999.78,0.58,20005.63;355.233
19999.75,0.58,20005.88;354.9809
19999.73,0.58,20006.13;354.6714
19999.71,0.58,20006.39;354.3792
19999.71,0.58,20006.39;354.3792
19999.71,0.58,20006.39;354.3792
19999.68,0.58,20006.64;354.087
19999.65,0.58,20006.89;353.8407
19999.63,0.58,20007.14;353.5771
19999.63,0.58,20007.14;353.5771
19999.63,0.58,20007.14;353.5771
19999.59,0.58,20007.4;353.3135
19999.56,0.58,20007.65;353.0958
19999.56,0.58,20007.65;353.0958
19999.53,0.58,20007.9;352.8208
19999.53,0.58,20007.9;352.8208
19999.5,0.58,20008.15;352.5687
19999.46,0.58,20008.4;352.3166
19999.43,0.58,20008.66;352.0988
19999.43,0.58,20008.66;352.0988
19999.43,0.58,20008.66;352.0988
19999.39,0.58,20008.91;351.8009
19999.39,0.58,20008.91;351.8009
19999.36,0.58,20009.16;351.5316
19999.36,0.58,20009.16;351.5316
19999.36,0.58,20009.16;351.5316
19999.32,0.58,20009.41;351.2623
19999.28,0.58,20009.66;351.0389
19999.24,0.58,20009.91;350.7696
19999.24,0.58,20009.91;350.7696
19999.24,0.58,20009.91;350.7696
19999.2,0.58,20010.16;350.5003
19999.15,0.58,20010.41;350.2195
19999.11,0.58,20010.66;350.0476
19999.11,0.58,20010.66;350.0476
19999.11,0.58,20010.66;350.0476
19999.06,0.58,20010.91;349.8185
19999.02,0.58,20011.16;349.5893
19998.97,0.58,20011.41;349.3544
19998.97,0.58,20011.41;349.3544
19998.97,0.58,20011.41;349.3544
19998.92,0.58,20011.66;349.1481
19998.88,0.58,20011.91;348.9419
19998.82,0.58,20012.16;348.6955
19998.82,0.58,20012.16;348.6955
19998.82,0.58,20012.16;348.6955
19998.77,0.58,20012.41;348.4319
19998.72,0.58,20012.66;348.1684
19998.67,0.58,20012.9;347.9277
19998.67,0.58,20012.9;347.9277
19998.62,0.58,20013.15;347.647
19998.62,0.58,20013.15;347.647
19998.56,0.58,20013.4;347.3719
19998.56,0.58,20013.4;347.3719
19998.56,0.58,20013.4;347.3719
19998.5,0.58,20013.65;347.3376
19998.5,0.58,20013.65;347.3376
19998.45,0.58,20013.9;347.0912
19998.45,0.58,20013.9;347.0912
19998.39,0.58,20014.14;346.8047
19998.39,0.58,20014.14;346.8047
19998.33,0.58,20014.39;346.5182
19998.27,0.58,20014.64;346.2661
19998.27,0.58,20014.64;346.2661
19998.21,0.58,20014.88;345.9739
19998.21,0.58,20014.88;345.9739
19998.14,0.58,20015.13;345.6931
19998.14,0.58,20015.13;345.6931
19998.08,0.58,20015.38;345.4697
19998.08,0.58,20015.38;345.4697
19998.02,0.58,20015.62;345.2462
19997.95,0.58,20015.87;344.9941
19997.88,0.58,20016.11;344.7306
19997.88,0.58,20016.11;344.7306
19997.82,0.58,20016.36;344.467
19997.75,0.58,20016.6;344.2264
19997.68,0.58,20016.85;343.9514
19997.68,0.58,20016.85;343.9514
19997.61,0.58,20017.09;343.6763
19997.53,0.58,20017.33;343.4242
19997.53,0.58,20017.33;343.4242
19997.46,0.58,20017.58;343.2294
19997.46,0.58,20017.58;343.2294
19997.46,0.58,20017.58;343.2294
19997.38,0.58,20017.82;343.0002
19997.38,0.58,20017.82;343.0002
19997.31,0.58,20018.06;342.7653
19997.31,0.58,20018.06;342.7653
19997.31,0.58,20018.06;342.7653
19997.23,0.58,20018.3;342.5304
19997.16,0.58,20018.54;342.3012
19997.08,0.58,20018.79;342.0148
19997.08,0.58,20018.79;342.0148
19997,0.58,20019.03;341.7283
19996.92,0.58,20019.27;341.4418
19996.84,0.58,20019.51;341.1553
19996.75,0.58,20019.75;340.9204
19996.75,0.58,20019.75;340.9204
19996.75,0.58,20019.75;340.9204
19996.67,0.58,20019.99;340.6855
19996.58,0.58,20020.23;340.4277
19996.5,0.58,20020.47;340.1813
19996.5,0.58,20020.47;340.1813
19996.5,0.58,20020.47;340.1813
19996.41,0.58,20020.71;339.9636
19996.32,0.58,20020.94;339.7401
19996.32,0.58,20020.94;339.7401
19996.23,0.58,20021.18;339.5167
19996.14,0.58,20021.42;339.3391
19996.05,0.58,20021.66;339.1614
19995.96,0.58,20021.89;338.9036
19995.96,0.58,20021.89;338.9036
19995.87,0.58,20022.13;338.6458
19995.78,0.58,20022.37;338.3708
19995.68,0.58,20022.6;338.0957
19995.59,0.58,20022.84;337.8436
19995.59,0.58,20022.84;337.8436
19995.59,0.58,20022.84;337.8436
19995.49,0.58,20023.07;337.6259
19995.39,0.58,20023.31;337.4082
19995.29,0.58,20023.54;337.1389
19995.29,0.58,20023.54;337.1389
19995.29,0.58,20023.54;337.1389
19995.19,0.58,20023.78;336.8639
19995.09,0.58,20024.01;336.5888
19994.99,0.58,20024.24;336.3597
19994.99,0.58,20024.24;336.3597
19994.99,0.58,20024.24;336.3597
19994.89,0.58,20024.47;336.1305
19994.78,0.58,20024.71;335.9013
19994.68,0.58,20024.94;335.7065
19994.68,0.58,20024.94;335.7065
19994.68,0.58,20024.94;335.7065
19994.57,0.58,20025.17;335.4888
19994.47,0.58,20025.4;335.2711
19994.36,0.58,20025.63;335.0304
19994.36,0.58,20025.63;335.0304
19994.36,0.58,20025.63;335.0304
19994.25,0.58,20025.86;334.7726
19994.14,0.58,20026.09;334.5148
19994.03,0.58,20026.32;334.2798
19994.03,0.58,20026.32;334.2798
19994.03,0.58,20026.32;334.2798
19993.92,0.58,20026.54;334.022
19993.81,0.58,20026.77;333.7642
19993.7,0.58,20027;333.5121
19993.7,0.58,20027;333.5121
19993.58,0.58,20027.23;333.4433
19993.58,0.58,20027.23;333.4433
19993.47,0.58,20027.45;333.3746
19993.35,0.58,20027.68;333.1855
19993.35,0.58,20027.68;333.1855
19993.35,0.58,20027.91;332.9162
19993.35,0.58,20027.91;332.9162
19993.35,0.5800003,20028.13;332.6698
19993.35,0.5800003,20028.13;332.6698
19993.35,0.5800003,20028.13;332.6698
19993.35,0.5800003,20028.36;332.3891
19993.35,0.5800003,20028.36;332.3891
19993.35,0.5800006,20028.58;332.1083
19993.35,0.5800012,20028.81;331.8448
19993.35,0.5800012,20028.81;331.8448
19993.35,0.5800015,20029.03;331.6328
19993.35,0.5800015,20029.03;331.6328
19993.35,0.5800015,20029.25;331.4208
19993.35,0.5800018,20029.47;331.1859
19993.35,0.5800018,20029.47;331.1859
19993.35,0.5800027,20029.7;330.9452
19993.35,0.5800027,20029.7;330.9452
19993.35,0.5800024,20029.92;330.7046
19993.35,0.5800024,20030.14;330.4869
19993.35,0.5800024,20030.36;330.2176
19993.35,0.5800024,20030.36;330.2176
19993.35,0.5800024,20030.36;330.2176
19993.35,0.5800024,20030.58;329.954
19993.35,0.5800024,20030.58;329.954
19993.35,0.5800024,20030.8;329.7592
19993.35,0.5800024,20030.8;329.7592
19993.35,0.5800021,20031.02;329.5644
19993.35,0.5800011,20031.24;329.3467
19993.35,0.5800011,20031.24;329.3467
19993.35,0.5800021,20031.46;329.1691
19993.35,0.5800021,20031.46;329.1691
19993.35,0.5800024,20031.67;328.9915
19993.35,0.5800027,20031.89;328.7623
19993.35,0.5800027,20032.11;328.5102
19993.35,0.5800027,20032.11;328.5102
19993.35,0.5800027,20032.11;328.5102
19993.35,0.5800024,20032.32;328.2581
19993.35,0.5800027,20032.54;328.0232
19993.35,0.5800027,20032.75;327.7538
19993.35,0.5800027,20032.75;327.7538
19993.35,0.5800027,20032.75;327.7538
19993.35,0.5800027,20032.97;327.4846
19993.35,0.5800024,20033.18;327.2325
19993.35,0.5800024,20033.39;327.0262
19993.35,0.5800024,20033.39;327.0262
19993.35,0.580003,20033.6;326.8199
19993.35,0.5800037,20033.81;326.5908
19993.35,0.5800043,20034.01;326.3559
19993.35,0.5800043,20034.01;326.3559
19993.35,0.5800045,20034.11;326.1209
19993.35,0.5800049,20034.21;325.9147
19993.35,0.5800049,20034.42;325.7084
19993.35,0.5800049,20034.63;325.6339
19993.35,0.5800049,20034.63;325.6339
19993.35,0.5800042,20034.84;325.5594
19993.35,0.5800035,20035.05;325.3073
19993.35,0.5800042,20035.26;325.0552
19993.35,0.5800035,20035.46;324.8318
19993.35,0.5800035,20035.46;324.8318
19993.35,0.5800035,20035.67;324.6083
19993.35,0.5800035,20035.88;324.362
19993.35,0.5800021,20036.08;324.1385
19993.35,0.5800021,20036.08;324.1385
19993.35,0.5800021,20036.08;324.1385
19993.35,0.5800028,20036.29;323.9151
19993.35,0.5800028,20036.49;323.7088
19993.35,0.5800021,20036.7;323.4624
19993.35,0.5800021,20036.7;323.4624
19993.35,0.5800021,20036.7;323.4624
19993.35,0.5800021,20036.9;323.216
19993.35,0.5800014,20037.1;322.9582
19993.35,0.5800014,20037.31;322.7348
19993.35,0.5800014,20037.31;322.7348
19993.35,0.5800014,20037.31;322.7348
19993.35,0.5800014,20037.51;322.4998
19993.35,0.5800021,20037.71;322.265
19993.35,0.5800021,20037.91;322.0587
19993.35,0.5800021,20037.91;322.0587
19993.35,0.5800021,20037.91;322.0587
19993.35,0.5800036,20038.11;321.8868
19993.35,0.5800036,20038.31;321.7149
19993.35,0.5800021,20038.51;321.5029
19993.35,0.5800021,20038.51;321.5029
19993.35,0.5800021,20038.51;321.5029
19993.35,0.5800021,20038.71;321.268
19993.35,0.5800028,20038.9;321.0331
19993.35,0.5800028,20039.1;320.8154
19993.35,0.5800028,20039.1;320.8154
19993.35,0.5800028,20039.1;320.8154
19993.35,0.5800044,20039.29;320.5633
19993.35,0.5800036,20039.49;320.3112
19993.35,0.5800044,20039.69;320.0648
19993.35,0.5800044,20039.69;320.0648
19993.35,0.5800044,20039.69;320.0648
19993.35,0.5800036,20039.88;319.8643
19993.35,0.580002,20040.07;319.6637
19993.35,0.5800012,20040.27;319.595
19993.35,0.5800012,20040.27;319.595
19993.35,0.5800012,20040.46;319.4345
19993.35,0.5800012,20040.46;319.4345
19993.35,0.5800012,20040.65;319.2741
19993.35,0.580002,20040.84;319.0621
19993.35,0.580002,20040.84;319.0621
19993.35,0.5800012,20041.04;318.7928
19993.35,0.5800012,20041.04;318.7928
19993.35,0.5800021,20041.22;318.5235
19993.35,0.5800021,20041.41;318.2714
19993.35,0.5800021,20041.41;318.2714
19993.35,0.5800021,20041.6;318.0652
19993.35,0.5800021,20041.6;318.0652
19993.35,0.5800012,20041.79;317.8589
19993.35,0.5800012,20041.98;317.6355
19993.35,0.5800012,20041.98;317.6355
19993.35,0.5800012,20042.17;317.4178
19993.35,0.5800012,20042.17;317.4178
19993.35,0.5800012,20042.35;317.2401
19993.35,0.5800012,20042.35;317.2401
19993.35,0.5800021,20042.54;317.011
19993.35,0.5800021,20042.54;317.011
19993.35,0.5800029,20042.72;316.7818
19993.35,0.5800012,20042.91;316.501
19993.35,0.5800012,20043.09;316.2432
19993.35,0.5800012,20043.09;316.2432
19993.35,0.5800012,20043.09;316.2432
19993.35,0.5800021,20043.28;315.9854
19993.35,0.5800021,20043.46;315.7218
19993.35,0.5800021,20043.64;315.464
19993.35,0.5800021,20043.64;315.464
19993.35,0.5800021,20043.64;315.464
19993.35,0.5800021,20043.82;315.2061
19993.35,0.5800021,20044;314.9655
19993.35,0.5800012,20044.18;314.6504
19993.35,0.5800012,20044.18;314.6504
19993.35,0.5800012,20044.35;314.3352
19993.35,0.5800012,20044.53;313.9915
19993.35,0.5800021,20044.71;313.6477
19993.35,0.5800021,20044.88;313.344
19993.35,0.5800021,20044.88;313.344
19993.35,0.580003,20045.05;313.0403
19993.35,0.580003,20045.22;312.6794
19993.35,0.5800048,20045.4;312.3127
19993.35,0.5800048,20045.4;312.3127
19993.35,0.5800048,20045.57;311.946
19993.35,0.5800039,20045.73;311.6252
19993.35,0.580003,20045.9;311.3043
19993.35,0.5800039,20046.07;310.9204
19993.35,0.5800039,20046.07;310.9204
19993.35,0.5800039,20046.23;310.5365
19993.35,0.5800039,20046.4;310.1584
19993.35,0.5800039,20046.56;309.7802
19993.35,0.5800039,20046.72;309.4536
19993.35,0.5800039,20046.72;309.4536
19993.35,0.5800057,20046.88;309.1271
19993.15,0.5800057,20047.04;308.7432
19992.95,0.5800057,20047.2;308.3593
19992.75,0.5800057,20047.35;307.9754
19992.75,0.5800057,20047.35;307.9754
19992.55,0.5800057,20047.51;307.5916
19992.35,0.5800057,20047.66;307.265
19992.15,0.5800057,20047.81;306.9384
19991.94,0.5800057,20047.96;306.5659
19991.94,0.5800057,20047.96;306.5659
19991.78,0.5800057,20048.09;306.1935
19991.61,0.5800057,20048.21;305.8154
19991.44,0.5800057,20048.33;305.4373
19991.26,0.5800057,20048.45;305.1107
19991.26,0.5800057,20048.45;305.1107
19991.14,0.5800057,20048.54;304.7841
19991.01,0.5800057,20048.63;304.4117
19990.95,0.5800057,20048.67;304.0392
19990.88,0.5800057,20048.71;303.7413
19990.88,0.5800057,20048.71;303.7413
19990.84,0.5800057,20048.74;303.5522
19990.83,0.5800057,20048.74;303.3632
19990.83,0.5800057,20048.75;303.2543
19990.83,0.5800057,20048.75;303.2543
19990.82,0.5800057,20048.75;303.1454
19990.82,0.5800057,20048.75;303.1454
19990.82,0.5800057,20048.75;303.0366
19990.82,0.5800057,20048.76;303.0595
19990.82,0.5800057,20048.76;303.0595
19990.82,0.5800057,20048.76;303.0824
19990.82,0.5800057,20048.76;303.0881
19990.81,0.5800057,20048.76;303.0938
19990.81,0.5800057,20048.76;303.0881
19990.81,0.5800057,20048.76;303.0881
19990.81,0.5800057,20048.76;303.0824
19990.8,0.5800057,20048.76;303.0767
19990.8,0.5800057,20048.77;303.0767
19990.8,0.5800057,20048.77;303.0767
19990.79,0.5800057,20048.77;303.0767
19990.79,0.5800057,20048.77;303.0767
19990.78,0.5800057,20048.78;303.0767
19990.77,0.5800057,20048.79;303.0537
19990.77,0.5800057,20048.79;303.0537
19990.76,0.5800057,20048.79;303.0079
19990.74,0.5800057,20048.8;302.9621
19990.73,0.5800057,20048.81;302.9105
19990.73,0.5800057,20048.81;302.9105
19990.72,0.5800057,20048.82;302.8761
19990.72,0.5800057,20048.82;302.8761
19990.71,0.5800057,20048.83;302.8418
19990.7,0.5800057,20048.83;302.8074
19990.7,0.5800057,20048.83;302.8074
19990.69,0.5800057,20048.84;302.773
19990.68,0.5800057,20048.84;302.7386
19990.68,0.5800057,20048.84;302.7214
19990.68,0.5800057,20048.84;302.7214
19990.67,0.5800057,20048.85;302.71
19990.67,0.5800057,20048.85;302.71
19990.67,0.5800057,20048.85;302.6985
19990.67,0.5800057,20048.85;302.6871
19990.67,0.5800057,20048.85;302.6871
19990.66,0.5800057,20048.86;302.6756
19990.66,0.5800057,20048.86;302.6756
19990.65,0.5800057,20048.86;302.6642
19990.64,0.5800057,20048.87;302.6412
19990.63,0.5800057,20048.87;302.6183
19990.63,0.5800057,20048.87;302.6183
19990.63,0.5800057,20048.87;302.6183
19990.62,0.5800057,20048.88;302.5954
19990.61,0.5800057,20048.89;302.5782
19990.61,0.5800057,20048.89;302.5725
19990.6,0.5800057,20048.89;302.5667
19990.6,0.5800057,20048.89;302.5667
19990.6,0.5800057,20048.9;302.5667
19990.6,0.5800057,20048.9;302.5667
19990.59,0.5800057,20048.9;302.5667
19990.59,0.5800057,20048.9;302.561
19990.58,0.5800057,20048.91;302.5438
19990.58,0.5800057,20048.91;302.5438
19990.58,0.5800057,20048.91;302.5438
19990.57,0.5800057,20048.91;302.5324
19990.57,0.5800057,20048.91;302.5324
19990.56,0.5800057,20048.92;302.5152
19990.56,0.5800057,20048.92;302.5152
19990.56,0.5800057,20048.92;302.5152
19990.55,0.5800057,20048.93;302.498
19990.54,0.5800057,20048.94;302.4808
19990.52,0.5800057,20048.94;302.4694
19990.52,0.5800057,20048.94;302.4694
19990.52,0.5800057,20048.95;302.4579
19990.51,0.5800057,20048.96;302.4522
