20000,0.5,20000;0
20000,0.5,20000;0
20000,0.5,20000;0
20000,0.5799975,20000;359.9886
20000,0.5799975,20000;359.9771
20000,0.5799975,20000.01;359.9713
20000,0.5799975,20000.01;359.9656
20000,0.5799975,20000.01;359.9713
20000,0.5799975,20000.01;359.9886
20000,0.5799975,20000.01;-0.005729198
20000,0.5799975,20000.01;0
20000,0.5799975,20000.02;0.005729198
20000,0.58,20000.02;-0.005729198
20000,0.58,20000.02;359.9771
20000,0.58,20000.02;359.9828
20000,0.58,20000.03;0.0114584
20000,0.58,20000.03;0.04010438
20000,0.58,20000.03;0.06875037
20000,0.58,20000.04;0.07447957
20000,0.58,20000.04;0.06302118
20000,0.58,20000.04;0.04583358
20000,0.58,20000.04;0.02864599
20000,0.58,20000.04;0.04583359
20000,0.58,20000.05;0.07447957
20000,0.58,20000.05;0.09166717
20000,0.58,20000.05;0.1088548
20000,0.58,20000.06;0.114584
20000,0.58,20000.06;0.114584
20000,0.58,20000.06;0.1203132
20000,0.58,20000.06;0.14323
20000,0.58,20000.07;0.1661467
20000,0.58,20000.07;0.1890635
20000,0.58,20000.07;0.2005219
20000,0.58,20000.07;0.2119803
20000,0.58,20000.08;0.2234387
20000,0.58,20000.08;0.2348971
20000,0.58,20000.08;0.2463555
20000,0.58,20000.08;0.2578139
20000,0.58,20000.09;0.2750015
20000,0.58,20000.09;0.2864599
20000,0.58,20000.09;0.2921891
20000,0.58,20000.1;0.2979183
20000,0.58,20000.1;0.3036475
20000,0.58,20000.1;0.3208351
20000,0.58,20000.1;0.3322935
20000,0.58,20000.11;0.3380226
20000,0.58,20000.11;0.3380226
20000,0.58,20000.11;0.3380226
20000,0.58,20000.11;0.3322935
20000,0.58,20000.11;0.3380226
20000,0.58,20000.11;0.349481
20000,0.58,20000.11;0.3609394
20000,0.58,20000.12;0.3723978
20000,0.58,20000.12;0.3723978
20000,0.58,20000.12;0.3723978
20000,0.58,20000.12;0.3723978
20000,0.58,20000.12;0.3723978
20000,0.58,20000.13;0.3838561
20000,0.58,20000.13;0.3953146
20000,0.58,20000.13;0.406773
20000,0.58,20000.14;0.406773
20000,0.58,20000.14;0.406773
20000,0.58,20000.14;0.406773
20000,0.58,20000.14;0.406773
20000,0.58,20000.14;0.4182314
20000,0.58,20000.14;0.4296898
20000,0.58,20000.15;0.435419
20000,0.58,20000.15;0.4411482
20000,0.58,20000.15;0.4411482
20000,0.58,20000.15;0.435419
20000,0.58,20000.15;0.4296898
20000,0.58,20000.15;0.4411482
20000,0.58,20000.15;0.4468774
20000,0.58,20000.15;0.4526066
20000,0.58,20000.16;0.4583357
20000,0.58,20000.16;0.4583357
20000,0.58,20000.16;0.4640649
20000,0.58,20000.16;0.4697941
20000,0.58,20000.16;0.4755233
20000,0.58,20000.16;0.4812525
20000,0.58,20000.16;0.4869817
20000,0.58,20000.16;0.4869817
20000,0.58,20000.16;0.4869817
20000,0.58,20000.16;0.4927109
20000,0.58,20000.17;0.4984401
20000,0.58,20000.17;0.5041693
20000,0.58,20000.17;0.5098985
20000,0.58,20000.17;0.5156277
20000,0.58,20000.17;0.5156277
20000,0.58,20000.17;0.5156277
20000,0.58,20000.17;0.5098985
20000,0.58,20000.17;0.5041693
20000,0.58,20000.17;0.5098985
20000,0.58,20000.17;0.5098985
20000,0.58,20000.17;0.5098985
20000,0.58,20000.17;0.5098985
20000,0.58,20000.17;0.5098985
20000,0.58,20000.17;0.5098985
20000,0.58,20000.17;0.5098985
20000,0.58,20000.17;0.5098985
20000,0.58,20000.17;0.5098985
20000,0.58,20000.17;0.5098985
20000,0.58,20000.17;0.5098985
20000,0.58,20000.17;0.5156277
20000,0.58,20000.17;0.5098985
20000,0.58,20000.16;0.5041693
20000,0.58,20000.16;0.5041693
20000,0.58,20000.16;0.5041693
20000,0.58,20000.16;0.5041693
20000,0.58,20000.16;0.5041693
20000,0.58,20000.16;0.5041693
20000,0.58,20000.16;0.5041693
20000,0.58,20000.16;0.5041693
20000,0.58,20000.16;0.5041693
20000,0.58,20000.16;0.5041693
20000,0.58,20000.16;0.5041693
20000,0.58,20000.16;0.5041693
20000,0.58,20000.16;0.5041693
20000,0.58,20000.16;0.5041693
20000,0.58,20000.16;0.5098985
20000,0.58,20000.16;0.5098985
20000,0.58,20000.16;0.5156277
20000,0.58,20000.16;0.5156277
20000,0.58,20000.16;0.5156277
20000,0.58,20000.16;0.5156277
20000,0.58,20000.16;0.5156277
20000,0.58,20000.16;0.5156277
20000,0.58,20000.16;0.5213569
20000,0.58,20000.16;0.5270862
20000,0.58,20000.16;0.5270862
20000,0.58,20000.16;0.5270862
20000,0.58,20000.16;0.5270862
20000,0.58,20000.16;0.5270862
20000,0.58,20000.16;0.5270862
20000,0.58,20000.15;0.5270862
20000,0.58,20000.15;0.5270862
20000,0.58,20000.15;0.5328154
20000,0.58,20000.15;0.5328154
20000,0.58,20000.15;0.5328154
20000,0.58,20000.15;0.5328154
20000,0.58,20000.15;0.5328154
20000,0.58,20000.15;0.5328154
20000,0.58,20000.14;0.5328154
20000,0.58,20000.14;0.5328154
20000,0.58,20000.14;0.5328154
20000,0.58,20000.14;0.5385447
20000,0.58,20000.14;0.5385447
20000,0.58,20000.14;0.5385447
20000,0.58,20000.14;0.5442738
20000,0.58,20000.14;0.550003
20000,0.58,20000.14;0.550003
20000,0.58,20000.14;0.550003
20000,0.58,20000.14;0.5557322
20000,0.58,20000.14;0.5557322
20000,0.58,20000.14;0.5614614
20000,0.58,20000.14;0.5671906
20000,0.58,20000.14;0.5671906
20000,0.58,20000.14;0.5671906
20000,0.58,20000.14;0.5671906
20000,0.58,20000.14;0.5671906
20000,0.58,20000.14;0.5671906
20000,0.58,20000.14;0.5729198
20000,0.58,20000.14;0.578649
20000,0.58,20000.14;0.578649
20000,0.58,20000.14;0.578649
20000,0.58,20000.14;0.5843782
20000,0.58,20000.14;0.5901074
20000,0.58,20000.13;0.5958367
20000,0.58,20000.13;0.5958367
20000,0.58,20000.13;0.5958367
20000,0.58,20000.13;0.5958367
20000,0.58,20000.13;0.5958367
20000,0.58,20000.13;0.5958367
20000,0.58,20000.13;0.5958367
20000,0.58,20000.13;0.5958367
20000,0.58,20000.13;0.5958367
20000,0.58,20000.13;0.6015659
20000,0.58,20000.13;0.6072951
20000,0.58,20000.13;0.6072951
20000,0.58,20000.13;0.6072951
20000,0.58,20000.13;0.6072951
20000,0.58,20000.13;0.6072951
20000,0.58,20000.13;0.6072951
20000,0.58,20000.13;0.6130243
20000,0.58,20000.13;0.6187534
20000,0.58,20000.13;0.6187534
20000,0.58,20000.13;0.6244826
20000,0.58,20000.13;0.6244826
20000,0.58,20000.12;0.6302119
20000,0.58,20000.12;0.6302119
20000,0.58,20000.12;0.6359411
20000,0.58,20000.12;0.6416702
20000,0.58,20000.12;0.6416702
20000,0.58,20000.12;0.6416702
20000,0.58,20000.12;0.6416702
20000,0.58,20000.12;0.6416702
20000,0.58,20000.12;0.6473995
20000,0.58,20000.12;0.6473995
20000,0.58,20000.11;0.6531287
20000,0.58,20000.11;0.6588579
20000,0.58,20000.11;0.6588579
20000,0.58,20000.11;0.6588579
20000,0.58,20000.11;0.6645871
20000,0.58,20000.11;0.6703162
20000,0.58,20000.11;0.6703162
20000,0.58,20000.11;0.6760454
20000,0.58,20000.11;0.6760454
20000,0.58,20000.11;0.6760454
20000,0.58,20000.11;0.6817747
20000,0.58,20000.11;0.6875038
20000,0.58,20000.11;0.6875038
20000,0.58,20000.11;0.693233
20000,0.58,20000.11;0.693233
20000,0.58,20000.11;0.6989622
20000,0.58,20000.11;0.6989622
20000,0.58,20000.11;0.6989622
20000,0.58,20000.1;0.7046914
20000,0.58,20000.1;0.7046914
20000,0.58,20000.1;0.7046914
20000,0.58,20000.1;0.7104205
20000,0.58,20000.1;0.7104205
20000,0.58,20000.1;0.7161497
20000,0.58,20000.1;0.7161497
20000,0.58,20000.1;0.7218789
20000,0.58,20000.1;0.7218789
20000,0.58,20000.1;0.7218789
20000,0.58,20000.1;0.7218789
20000,0.58,20000.1;0.7218789
20000,0.58,20000.1;0.7276081
20000,0.58,20000.1;0.7276081
20000,0.58,20000.09;0.7276081
20000,0.58,20000.09;0.7276081
20000,0.58,20000.09;0.7333373
20000,0.58,20000.09;0.7333373
20000,0.58,20000.09;0.7333373
20000,0.58,20000.09;0.7390665
20000,0.58,20000.09;0.7390665
20000,0.58,20000.09;0.7390665
20000,0.58,20000.09;0.7447957
20000,0.58,20000.09;0.7447957
20000,0.58,20000.09;0.7447957
20000,0.58,20000.09;0.7505249
20000,0.58,20000.09;0.7505249
20000,0.58,20000.09;0.7505249
20000,0.58,20000.09;0.7505249
20000,0.58,20000.09;0.7505249
20000,0.58,20000.09;0.7562541
20000,0.58,20000.09;0.7562541
20000,0.58,20000.09;0.7562541
20000,0.58,20000.09;0.7562541
20000,0.58,20000.09;0.7562541
20000,0.58,20000.09;0.7562541
20000,0.58,20000.09;0.7619833
20000,0.58,20000.09;0.7619833
20000,0.58,20000.08;0.7677126
20000,0.58,20000.08;0.7677126
20000,0.58,20000.08;0.7677126
20000,0.58,20000.08;0.7677126
20000,0.58,20000.08;0.7677126
20000,0.58,20000.08;0.7677126
20000,0.58,20000.08;0.7677126
20000,0.58,20000.08;0.7677126
20000,0.58,20000.08;0.7677126
20000,0.58,20000.08;0.7677126
20000,0.58,20000.08;0.7677126
20000,0.58,20000.08;0.7677126
20000,0.58,20000.08;0.7677126
20000,0.58,20000.08;0.7734418
20000,0.58,20000.08;0.7734418
20000,0.58,20000.08;0.7734418
20000,0.58,20000.08;0.7734418
20000,0.58,20000.08;0.7734418
20000,0.58,20000.08;0.7734418
20000,0.58,20000.08;0.7734418
20000,0.58,20000.08;0.7734418
20000,0.58,20000.08;0.779171
20000,0.58,20000.08;0.7849002
20000,0.58,20000.08;0.7849002
20000,0.58,20000.08;0.7849002
20000,0.58,20000.08;0.7849002
20000,0.58,20000.08;0.7849002
20000,0.58,20000.08;0.7849002
20000,0.58,20000.08;0.7849002
20000,0.58,20000.08;0.7849002
20000,0.58,20000.08;0.7849002
20000,0.58,20000.08;0.7849002
20000,0.58,20000.08;0.7849002
20000,0.58,20000.08;0.7849002
20000,0.58,20000.08;0.7849002
20000,0.58,20000.08;0.7849002
20000,0.58,20000.08;0.7849002
20000,0.58,20000.08;0.7849002
20000,0.58,20000.08;0.7849002
20000,0.58,20000.08;0.7849002
20000,0.58,20000.08;0.7849002
20000,0.58,20000.08;0.7849002
20000,0.58,20000.08;0.7849002
20000,0.58,20000.08;0.7849002
20000,0.58,20000.08;0.7849002
20000,0.58,20000.08;0.7849002
20000,0.58,20000.08;0.7849002
20000,0.58,20000.08;0.7849002
20000,0.58,20000.08;0.7849002
20000,0.58,20000.08;0.7849002
20000,0.58,20000.08;0.7849002
20000,0.58,20000.08;0.7849002
20000,0.58,20000.08;0.7849002
20000,0.58,20000.08;0.7849002
20000,0.58,20000.08;0.7849002
20000,0.58,20000.08;0.7849002
20000,0.58,20000.08;0.7849002
20000,0.58,20000.08;0.779171
20000,0.58,20000.08;0.779171
20000,0.58,20000.08;0.779171
20000,0.58,20000.08;0.779171
20000,0.58,20000.08;0.7734418
20000,0.58,20000.08;0.7734418
20000,0.58,20000.08;0.7734418
20000,0.58,20000.09;0.7677126
20000,0.58,20000.09;0.7677126
20000,0.58,20000.09;0.7677126
20000,0.58,20000.09;0.7677126
20000,0.58,20000.09;0.7677126
20000,0.58,20000.09;0.7677126
20000,0.58,20000.09;0.7677126
20000,0.58,20000.09;0.7677126
20000,0.58,20000.09;0.7677126
20000,0.58,20000.09;0.7619833
20000,0.58,20000.09;0.7619833
20000,0.58,20000.09;0.7619833
20000,0.58,20000.09;0.7619833
20000,0.58,20000.09;0.7619833
20000,0.58,20000.09;0.7562541
20000,0.58,20000.09;0.7562541
20000,0.58,20000.09;0.7562541
20000,0.58,20000.09;0.7505248
20000,0.58,20000.09;0.7447956
20000,0.58,20000.09;0.7447956
20000,0.58,20000.09;0.7447956
20000,0.58,20000.09;0.7447956
20000,0.58,20000.09;0.7390664
20000,0.58,20000.09;0.7390664
20000,0.58,20000.09;0.7390664
20000,0.58,20000.1;0.7333372
20000,0.58,20000.1;0.7333372
20000,0.58,20000.1;0.7333372
20000,0.58,20000.1;0.7333372
20000,0.58,20000.1;0.727608
20000,0.58,20000.1;0.727608
20000,0.58,20000.1;0.727608
20000,0.58,20000.1;0.727608
20000,0.58,20000.1;0.727608
20000,0.58,20000.1;0.7218789
20000,0.58,20000.1;0.7218789
20000,0.58,20000.1;0.7161497
20000,0.58,20000.1;0.7161497
20000,0.58,20000.1;0.7161497
20000,0.58,20000.1;0.7161497
20000,0.58,20000.1;0.7161497
20000,0.58,20000.1;0.7161497
20000,0.58,20000.1;0.7161497
20000,0.58,20000.1;0.7161497
20000,0.58,20000.1;0.7161497
20000,0.58,20000.1;0.7161497
20000,0.58,20000.1;0.7104205
20000,0.58,20000.1;0.7104205
20000,0.58,20000.1;0.7046913
20000,0.58,20000.1;0.7046913
20000,0.58,20000.1;0.7046913
20000,0.58,20000.1;0.7046913
20000,0.58,20000.1;0.7046913
20000,0.58,20000.1;0.7046913
20000,0.58,20000.1;0.7046913
20000,0.58,20000.1;0.7046913
20000,0.58,20000.1;0.7046913
20000,0.58,20000.1;0.6989622
20000,0.58,20000.1;0.693233
20000,0.58,20000.1;0.693233
20000,0.58,20000.1;0.693233
20000,0.58,20000.1;0.6875038
20000,0.58,20000.1;0.6875038
20000,0.58,20000.1;0.6875038
20000,0.58,20000.1;0.6875038
20000,0.58,20000.1;0.6817746
20000,0.58,20000.1;0.6817746
20000,0.58,20000.11;0.6760454
20000,0.58,20000.11;0.6760454
20000,0.58,20000.11;0.6760454
20000,0.58,20000.11;0.6760454
20000,0.58,20000.11;0.6760454
20000,0.58,20000.11;0.6760454
20000,0.58,20000.11;0.6760454
20000,0.58,20000.11;0.6760454
20000,0.58,20000.11;0.6703162
20000,0.58,20000.11;0.6703162
20000,0.58,20000.11;0.664587
20000,0.58,20000.11;0.664587
20000,0.58,20000.11;0.664587
20000,0.58,20000.11;0.664587
20000,0.58,20000.11;0.664587
20000,0.58,20000.11;0.664587
20000,0.58,20000.11;0.6588578
20000,0.58,20000.11;0.6588578
20000,0.58,20000.11;0.6588578
20000,0.58,20000.11;0.6588578
20000,0.58,20000.11;0.6588578
20000,0.58,20000.11;0.6588578
20000,0.58,20000.11;0.6588578
20000,0.58,20000.11;0.6588578
20000,0.58,20000.11;0.6588578
20000,0.58,20000.11;0.6588578
20000,0.58,20000.11;0.6588578
20000,0.58,20000.11;0.6588578
20000,0.58,20000.11;0.6588578
20000,0.58,20000.11;0.6588578
20000,0.58,20000.11;0.6588578
20000,0.58,20000.11;0.6588578
20000,0.58,20000.11;0.6588578
20000,0.58,20000.11;0.6588578
20000,0.58,20000.11;0.6588578
20000,0.58,20000.11;0.6588578
20000,0.58,20000.11;0.6588578
20000,0.58,20000.11;0.6588578
20000,0.58,20000.11;0.6531286
20000,0.58,20000.11;0.6531286
20000,0.58,20000.11;0.6531286
20000,0.58,20000.11;0.6531286
20000,0.58,20000.11;0.6531286
20000,0.58,20000.11;0.6531286
20000,0.58,20000.11;0.6531286
20000,0.58,20000.11;0.6531286
20000,0.58,20000.11;0.6531286
20000,0.58,20000.11;0.6531286
20000,0.58,20000.11;0.6531286
20000,0.58,20000.11;0.6531286
20000,0.58,20000.11;0.6473994
20000,0.58,20000.11;0.6473994
20000,0.58,20000.11;0.6473994
20000,0.58,20000.11;0.6473994
20000,0.58,20000.11;0.6473994
20000,0.58,20000.11;0.6473994
20000,0.58,20000.11;0.6473994
20000,0.58,20000.11;0.6473994
20000,0.58,20000.11;0.6473994
20000,0.58,20000.11;0.6473994
20000,0.58,20000.11;0.6473994
20000,0.58,20000.11;0.6473994
20000,0.58,20000.11;0.6473994
20000,0.58,20000.11;0.6473994
20000,0.58,20000.11;0.6473994
20000,0.58,20000.11;0.6473994
20000,0.58,20000.11;0.6473994
20000,0.58,20000.11;0.6473994
20000,0.58,20000.11;0.6473994
20000,0.58,20000.11;0.6473994
20000,0.58,20000.11;0.6473994
20000,0.58,20000.11;0.6473994
20000,0.58,20000.12;0.6531286
20000,0.58,20000.12;0.6531286
20000,0.58,20000.12;0.6588578
20000,0.58,20000.12;0.6588578
20000,0.58,20000.12;0.6588578
20000,0.58,20000.12;0.6588578
20000,0.58,20000.12;0.6588578
20000,0.58,20000.12;0.6588578
20000,0.58,20000.12;0.6588578
20000,0.58,20000.12;0.6588578
20000,0.58,20000.12;0.6588578
20000,0.58,20000.12;0.6588578
20000,0.58,20000.12;0.6588578
20000,0.58,20000.12;0.6588578
20000,0.58,20000.12;0.6588578
20000,0.58,20000.12;0.6588578
20000,0.58,20000.12;0.6588578
20000,0.58,20000.12;0.6588578
20000,0.58,20000.12;0.6588578
20000,0.58,20000.12;0.6588578
20000,0.58,20000.12;0.6588578
20000,0.58,20000.12;0.6588578
20000,0.58,20000.12;0.6588578
20000,0.58,20000.12;0.6588578
20000,0.58,20000.12;0.6588578
20000,0.58,20000.12;0.6588578
20000,0.58,20000.12;0.6588578
20000,0.58,20000.12;0.6588578
20000,0.58,20000.12;0.6588578
20000,0.58,20000.12;0.6588578
20000,0.58,20000.12;0.6588578
20000,0.58,20000.12;0.6588578
20000,0.58,20000.12;0.6588578
20000,0.58,20000.12;0.6588578
20000,0.58,20000.12;0.6588578
20000,0.58,20000.12;0.664587
20000,0.58,20000.12;0.664587
20000,0.58,20000.12;0.664587
20000,0.58,20000.12;0.6703162
20000,0.58,20000.12;0.6703162
20000,0.58,20000.12;0.6703162
20000,0.58,20000.12;0.6703162
20000,0.58,20000.12;0.6703162
20000,0.58,20000.12;0.6703162
20000,0.58,20000.12;0.6703162
20000,0.58,20000.12;0.6703162
20000,0.58,20000.12;0.6760454
20000,0.58,20000.12;0.6760454
20000,0.58,20000.12;0.6817746
20000,0.58,20000.12;0.6817746
20000,0.58,20000.12;0.6817746
20000,0.58,20000.12;0.6817746
20000,0.58,20000.12;0.6875038
20000,0.58,20000.12;0.6875038
20000,0.58,20000.12;0.693233
20000,0.58,20000.12;0.6989622
20000,0.58,20000.12;0.6989622
20000,0.58,20000.12;0.6989622
20000,0.58,20000.12;0.6989622
20000,0.58,20000.12;0.7046913
20000,0.58,20000.12;0.7046913
20000,0.58,20000.11;0.7046913
20000,0.58,20000.11;0.7046913
20000,0.58,20000.11;0.7046913
20000,0.58,20000.11;0.7104205
20000,0.58,20000.11;0.7104205
20000,0.58,20000.11;0.7104205
20000,0.58,20000.11;0.7104205
20000,0.58,20000.11;0.7104205
20000,0.58,20000.11;0.7104205
20000,0.58,20000.11;0.7104205
20000,0.58,20000.11;0.7104205
20000,0.58,20000.11;0.7104205
20000,0.58,20000.1;0.7104205
20000,0.58,20000.1;0.71