20000,0.5,20000;0
20000,0.58,20000.63;359.9141
20000,0.58,20001.27;359.8281
19999.99,0.58,20001.9;359.7422
19999.99,0.58,20002.54;359.6562
19999.99,0.58,20003.18;359.5703
19999.98,0.58,20003.81;359.4843
19999.97,0.58,20004.45;359.3983
19999.96,0.58,20005.08;359.3124
19999.96,0.58,20005.71;359.2265
19999.95,0.58,20006.35;359.1405
19999.94,0.58,20006.98;359.0546
19999.93,0.58,20007.62;358.9686
19999.91,0.58,20008.25;358.8827
19999.9,0.58,20008.89;358.7967
19999.88,0.58,20009.52;358.7108
19999.87,0.58,20010.16;358.6248
19999.85,0.58,20010.79;358.5389
19999.84,0.58,20011.43;358.4529
19999.82,0.58,20012.06;358.367
19999.8,0.58,20012.7;358.281
19999.78,0.58,20013.33;358.1951
19999.76,0.58,20013.97;358.1091
19999.74,0.58,20014.6;358.0232
19999.71,0.58,20015.24;357.9372
19999.69,0.58,20015.87;357.8513
19999.67,0.58,20016.51;357.7653
19999.64,0.58,20017.14;357.6794
19999.61,0.58,20017.78;357.5934
19999.59,0.58,20018.41;357.5075
19999.56,0.58,20019.04;357.4215
19999.53,0.58,20019.68;357.3356
19999.5,0.58,20020.31;357.2496
19999.46,0.58,20020.95;357.1637
19999.43,0.58,20021.58;357.0778
19999.4,0.58,20022.21;356.9918
19999.37,0.58,20022.85;356.9059
19999.33,0.58,20023.48;356.8199
19999.29,0.58,20024.12;356.7339
19999.26,0.58,20024.75;356.648
19999.22,0.58,20025.38;356.562
19999.18,0.58,20026.02;356.4761
19999.14,0.58,20026.65;356.3902
19999.1,0.58,20027.29;356.3042
19999.06,0.58,20027.92;356.2183
19999.01,0.58,20028.55;356.1323
19998.97,0.58,20029.19;356.0464
19998.93,0.58,20029.82;355.9604
19998.88,0.58,20030.45;355.8745
19998.83,0.58,20031.09;355.7885
19998.79,0.58,20031.72;355.7026
19998.74,0.58,20032.35;355.6166
19998.69,0.58,20032.99;355.5307
19998.64,0.58,20033.62;355.4447
19998.59,0.58,20034.25;355.3588
19998.53,0.58,20034.88;355.2728
19998.48,0.58,20035.52;355.1869
19998.43,0.58,20036.15;355.1009
19998.37,0.58,20036.78;355.015
19998.31,0.58,20037.41;354.929
19998.26,0.58,20038.05;354.8431
19998.2,0.58,20038.68;354.7571
19998.14,0.58,20039.31;354.6712
19998.08,0.58,20039.94;354.5852
19998.02,0.58,20040.58;354.4993
19997.96,0.58,20041.21;354.4133
19997.9,0.58,20041.84;354.3274
19997.83,0.58,20042.47;354.2414
19997.77,0.58,20043.1;354.1555
