20000,0.5,20000;0
20000,0.58,20000.25;359.8969
20000,0.58,20000.51;359.7995
20000,0.58,20000.76;359.7021
20000,0.58,20001.02;359.6218
20000,0.58,20001.02;359.6218
19999.99,0.58,20001.27;359.5244
19999.99,0.58,20001.27;359.5244
19999.99,0.58,20001.52;359.427
19999.99,0.58,20001.78;359.3468
19999.99,0.58,20001.78;359.3468
19999.98,0.58,20002.03;359.2437
19999.98,0.58,20002.03;359.2437
19999.98,0.58,20002.29;359.1405
19999.98,0.58,20002.29;359.1405
19999.98,0.58,20002.29;359.1405
19999.98,0.58,20002.54;359.0603
19999.98,0.58,20002.54;359.0603
19999.98,0.58,20002.54;359.0603
19999.97,0.58,20002.79;358.9572
19999.97,0.58,20002.79;358.9572
19999.97,0.58,20003.05;358.8598
19999.97,0.58,20003.05;358.8598
19999.96,0.58,20003.3;358.7624
19999.96,0.58,20003.55;358.6764
19999.96,0.58,20003.55;358.6764
19999.95,0.58,20003.81;358.5905
19999.94,0.58,20004.06;358.4874
19999.94,0.58,20004.06;358.4874
19999.94,0.58,20004.32;358.3842
19999.93,0.58,20004.57;358.2868
19999.92,0.58,20004.82;358.1894
19999.91,0.58,20005.08;358.1035
19999.91,0.58,20005.08;358.1035
19999.9,0.58,20005.33;358.0175
19999.89,0.58,20005.59;357.9144
19999.89,0.58,20005.59;357.9144
19999.88,0.58,20005.84;357.8112
19999.87,0.58,20006.09;357.7138
19999.87,0.58,20006.09;357.7138
19999.86,0.58,20006.35;357.6279
19999.85,0.58,20006.6;357.5419
19999.84,0.58,20006.86;357.4445
19999.84,0.58,20006.86;357.4445
19999.83,0.58,20007.11;357.3471
19999.83,0.58,20007.11;357.3471
19999.82,0.58,20007.36;357.2554
19999.82,0.58,20007.36;357.2554
19999.8,0.58,20007.62;357.1638
19999.79,0.58,20007.87;357.0836
19999.78,0.58,20008.13;356.9861
19999.78,0.58,20008.13;356.9861
19999.77,0.58,20008.37;356.8887
19999.75,0.58,20008.62;356.8257
19999.75,0.58,20008.62;356.8257
19999.74,0.58,20008.87;356.7627
19999.72,0.58,20009.13;356.6595
19999.72,0.58,20009.13;356.6595
19999.71,0.58,20009.38;356.5679
19999.69,0.58,20009.62;356.4762
19999.68,0.58,20009.86;356.4017
19999.68,0.58,20009.86;356.4017
19999.66,0.58,20010.11;356.3043
19999.66,0.58,20010.11;356.3043
19999.64,0.58,20010.36;356.2069
19999.63,0.58,20010.62;356.1152
19999.63,0.58,20010.62;356.1152
19999.61,0.58,20010.85;356.0236
19999.59,0.58,20011.08;355.9433
19999.58,0.58,20011.33;355.8631
19999.58,0.58,20011.33;355.8631
19999.56,0.58,20011.58;355.7829
19999.54,0.58,20011.84;355.7084
19999.54,0.58,20011.84;355.7084
19999.52,0.58,20012.06;355.6282
19999.52,0.58,20012.06;355.6282
19999.52,0.58,20012.06;355.6282
19999.5,0.58,20012.31;355.548
19999.48,0.58,20012.57;355.4564
19999.46,0.58,20012.82;355.3647
19999.44,0.58,20013.06;355.273
19999.42,0.58,20013.29;355.1928
19999.42,0.58,20013.29;355.1928
19999.4,0.58,20013.55;355.1126
19999.38,0.58,20013.8;355.0152
19999.38,0.58,20013.8;355.0152
19999.36,0.58,20014.05;354.9178
19999.33,0.58,20014.3;354.8203
19999.31,0.58,20014.56;354.723
19999.29,0.58,20014.81;354.6427
19999.29,0.58,20014.81;354.6427
19999.26,0.58,20015.06;354.5625
19999.24,0.58,20015.31;354.4651
19999.24,0.58,20015.31;354.4651
19999.21,0.58,20015.57;354.3677
19999.19,0.58,20015.82;354.2932
19999.19,0.58,20015.82;354.2932
19999.16,0.58,20016.07;354.2016
19999.16,0.58,20016.07;354.2016
19999.13,0.58,20016.32;354.1099
19999.13,0.58,20016.32;354.1099
19999.13,0.58,20016.32;354.1099
19999.11,0.58,20016.58;354.0125
19999.11,0.58,20016.58;354.0125
19999.11,0.58,20016.58;354.0125
19999.08,0.58,20016.83;353.9323
19999.08,0.58,20016.83;353.9323
19999.05,0.58,20017.08;353.8234
19999.05,0.58,20017.08;353.8234
19999.03,0.58,20017.33;353.7145
19999,0.58,20017.59;353.6114
19999,0.58,20017.59;353.6114
19998.97,0.58,20017.84;353.5083
19998.94,0.58,20018.09;353.428
19998.94,0.58,20018.09;353.428
19998.94,0.58,20018.09;353.428
19998.91,0.58,20018.34;353.3765
19998.91,0.58,20018.34;353.3765
19998.88,0.58,20018.6;353.2733
19998.88,0.58,20018.6;353.2733
19998.85,0.58,20018.85;353.1702
19998.82,0.58,20019.1;353.0843
19998.82,0.58,20019.1;353.0843
19998.79,0.58,20019.35;352.9983
19998.76,0.58,20019.6;352.9296
19998.76,0.58,20019.6;352.9296
19998.73,0.58,20019.86;352.8608
19998.7,0.58,20020.11;352.7462
19998.66,0.58,20020.36;352.6832
19998.66,0.58,20020.36;352.6832
19998.66,0.58,20020.36;352.6832
19998.63,0.58,20020.61;352.5629
19998.63,0.58,20020.61;352.5629
19998.6,0.58,20020.86;352.4426
19998.56,0.58,20021.12;352.3795
19998.56,0.58,20021.12;352.3795
19998.53,0.58,20021.36;352.3165
19998.5,0.58,20021.61;352.2191
19998.5,0.58,20021.61;352.2191
19998.46,0.58,20021.86;352.1331
19998.46,0.58,20021.86;352.1331
19998.43,0.58,20022.12;352.0472
19998.39,0.58,20022.37;351.9383
19998.39,0.58,20022.37;351.9383
19998.36,0.58,20022.6;351.8295
19998.32,0.58,20022.84;351.7321
19998.32,0.58,20022.84;351.7321
19998.28,0.58,20023.09;351.6346
19998.25,0.58,20023.34;351.5258
19998.21,0.58,20023.58;351.4227
19998.21,0.58,20023.58;351.4227
19998.21,0.58,20023.83;351.3195
19998.21,0.58,20024.08;351.2278
19998.21,0.58,20024.08;351.2278
19998.21,0.58,20024.33;351.1362
19998.21,0.58,20024.58;351.0273
19998.21,0.58,20024.58;351.0273
19998.21,0.5800002,20024.81;350.9184
19998.21,0.5800003,20025.04;350.8153
19998.21,0.5800002,20025.29;350.7293
19998.21,0.5800002,20025.29;350.7293
19998.21,0.5800003,20025.54;350.6434
19998.21,0.5800003,20025.79;350.546
19998.21,0.5800003,20025.79;350.546
19998.21,0.5800002,20026.02;350.4486
19998.21,0.5800002,20026.25;350.3626
19998.21,0.5800002,20026.25;350.3626
19998.21,0.5800002,20026.25;350.3626
19998.21,0.58,20026.5;350.2652
19998.21,0.58,20026.75;350.1678
19998.21,0.5800001,20027;350.0761
19998.21,0.5800001,20027;350.0761
19998.21,0.5800002,20027.24;349.9845
19998.21,0.5800001,20027.47;349.8985
19998.21,0.5800001,20027.47;349.8985
19998.21,0.5800001,20027.72;349.7954
19998.21,0.5800001,20027.72;349.7954
19998.21,0.5800001,20027.97;349.698
19998.21,0.5800001,20028.21;349.6006
19998.21,0.5800001,20028.46;349.5146
19998.21,0.5800001,20028.46;349.5146
19998.21,0.5800002,20028.71;349.4172
19998.21,0.5800002,20028.71;349.4172
19998.21,0.5800002,20028.71;349.4172
19998.21,0.58,20028.96;349.3198
19998.21,0.58,20028.96;349.3198
19998.21,0.58,20028.96;349.3198
19998.21,0.58,20029.21;349.2339
19998.21,0.5800001,20029.46;349.1479
19998.21,0.5800005,20029.71;349.0505
19998.21,0.5800005,20029.71;349.0505
19998.21,0.5800005,20029.96;348.9531
19998.21,0.5800005,20030.2;348.8557
19998.21,0.5800005,20030.2;348.8557
19998.21,0.5800008,20030.45;348.7583
19998.21,0.5800011,20030.69;348.6723
19998.21,0.5800011,20030.69;348.6723
19998.21,0.5800011,20030.94;348.5864
19998.21,0.5800013,20031.19;348.489
19998.21,0.5800017,20031.44;348.3916
19998.21,0.5800017,20031.44;348.3916
19998.21,0.5800017,20031.44;348.3916
19998.21,0.5800023,20031.69;348.3113
19998.21,0.5800023,20031.69;348.3113
19998.21,0.5800023,20031.69;348.3113
19998.21,0.5800025,20031.94;348.214
19998.21,0.5800025,20031.94;348.214
19998.21,0.5800025,20031.94;348.214
19998.21,0.580003,20032.18;348.1165
19998.21,0.5800034,20032.43;348.0191
19998.21,0.5800037,20032.68;347.9389
19998.21,0.5800037,20032.68;347.9389
19998.21,0.580004,20032.93;347.8358
19998.21,0.580004,20032.93;347.8358
19998.21,0.580004,20032.93;347.8358
19998.21,0.5800039,20033.18;347.7441
19998.21,0.5800039,20033.18;347.7441
19998.21,0.580004,20033.42;347.6582
19998.21,0.580004,20033.42;347.6582
19998.21,0.5800045,20033.67;347.5722
19998.21,0.5800046,20033.92;347.4748
19998.21,0.5800046,20033.92;347.4748
19998.21,0.5800051,20034.16;347.3774
19998.21,0.5800051,20034.41;347.2857
19998.21,0.5800051,20034.41;347.2857
19998.21,0.5800053,20034.65;347.194
19998.21,0.5800055,20034.89;347.1081
19998.21,0.5800056,20035.13;347.0107
19998.21,0.5800056,20035.13;347.0107
19998.21,0.5800056,20035.37;346.9133
19998.21,0.5800055,20035.61;346.8159
19998.21,0.5800055,20035.61;346.8159
19998.21,0.5800051,20035.85;346.7184
19998.21,0.5800055,20036.1;346.6382
19998.21,0.5800055,20036.1;346.6382
19998.21,0.5800058,20036.35;346.558
19998.21,0.5800053,20036.59;346.4606
19998.21,0.5800054,20036.82;346.369
19998.21,0.5800054,20036.82;346.369
19998.21,0.5800054,20037.07;346.2773
19998.21,0.5800052,20037.31;346.1913
19998.21,0.5800052,20037.31;346.1913
19998.21,0.5800058,20037.56;346.1054
19998.21,0.5800056,20037.81;346.0194
19998.21,0.5800056,20037.81;346.0194
19998.21,0.5800059,20038.03;345.9335
19998.21,0.5800064,20038.26;345.8475
19998.21,0.5800065,20038.5;345.7673
19998.21,0.5800065,20038.5;345.7673
