20000,0.5,20000;0
20000,0.5,20000;0.005729198
20000,0.5,20000;0.005729198
20000,0.5,20000;0.005729198
20000,0.5,20000;0.005729198
20000,0.5,20000;0.005729198
20000,0.5,20000;0.005729198
20000,0.5,20000;0.005729198
20000,0.5,20000;0.005729198
20000,0.5,20000;0.005729198
20000,0.5,20000;0.005729198
20000,0.5,20000;0.005729198
20000,0.5,20000;0.005729198
20000,0.5,20000;0.005729198
20000,0.5,20000;0.005729198
20000,0.5,20000;0.005729198
20000,0.5,20000;0.005729198
20000,0.5,20000;0.005729198
20000,0.5,20000;0.005729198
20000,0.5,20000;0.005729198
20000,0.5,20000;0.005729198
20000,0.5,20000;0.005729198
20000,0.5,20000;0.005729198
20000,0.5,20000;0.005729198
20000,0.5,20000;0.005729198
20000,0.5,20000;0.005729198
20000,0.5,20000;0.005729198
20000,0.5,20000;0.005729198
20000,0.5,20000;0.005729198
20000,0.5,20000;0.005729198
20000,0.5,20000;0.005729198
20000,0.5,20000;0.005729198
20000,0.5,20000;0.005729198
20000,0.5,20000;0
20000,0.5,20000;0
20000,0.5,20000;0
20000,0.5,20000;0
20000,0.5,20000;0
20000,0.5,20000;0
20000,0.5,20000;0
20000,0.5,20000;0
20000,0.5,20000;0
20000,0.5,20000;-0.005729198
20000,0.5,20000;-0.005729198
20000,0.5,20000;-0.005729198
20000,0.5,20000;-0.005729198
20000,0.5,20000;-0.005729198
20000,0.5,20000;-0.005729198
20000,0.5,20000;-0.005729198
20000,0.5,20000;-0.005729198
20000,0.5,20000;-0.005729198
20000,0.5,20000;-0.005729198
20000,0.5,20000;-0.005729198
20000,0.5,20000;-0.005729198
20000,0.5,20000;-0.005729198
20000,0.5,20000;-0.005729198
20000,0.5,20000;-0.005729198
20000,0.5,20000;-0.005729198
20000,0.5,20000;-0.005729198
20000,0.5,20000;-0.005729198
20000,0.5,20000;-0.005729198
20000,0.5,20000;-0.005729198
20000,0.5,20000;-0.005729198
20000,0.5,20000;-0.005729198
20000,0.5,20000;-0.005729198
20000,0.5,20000;-0.005729198
20000,0.5,20000;-0.005729198
20000,0.5,20000;-0.005729198
20000,0.5,20000;-0.005729198
20000,0.5,20000;-0.005729198
20000,0.5,20000;-0.005729198
20000,0.5,20000;-0.005729198
20000,0.5,20000;-0.005729198
20000,0.5,20000;-0.005729198
20000,0.5,20000;-0.005729198
20000,0.5,20000;-0.005729198
20000,0.5,20000;-0.005729198
20000,0.5,20000;-0.005729198
20000,0.5,20000;-0.005729198
20000,0.5,20000;-0.005729198
20000,0.5,20000;-0.005729198
20000,0.5,20000;-0.005729198
20000,0.5,20000;-0.005729198
20000,0.5,20000;-0.005729198
20000,0.5,20000;-0.005729198
20000,0.5,20000;-0.005729198
20000,0.5,20000;-0.005729198
20000,0.5,20000;-0.005729198
20000,0.5,20000;-0.005729198
20000,0.5,20000;-0.005729198
20000,0.5,20000;-0.005729198
20000,0.58,20000;359.9656
20000,0.58,20000;359.9656
20000,0.58,20000.01;359.937
20000,0.58,20000.03;359.9312
20000,0.58,20000.03;359.9312
20000,0.58,20000.11;359.9312
20000,0.58,20000.11;359.9312
20000,0.58,20000.11;359.9312
20000,0.58,20000.25;359.8682
20000,0.58,20000.25;359.8682
20000,0.58,20000.25;359.8682
20000,0.58,20000.5;359.7536
20000,0.58,20000.76;359.639
19999.99,0.58,20001.01;359.5302
19999.99,0.58,20001.01;359.5302
19999.99,0.58,20001.26;359.4213
19999.99,0.58,20001.52;359.3411
19999.99,0.58,20001.52;359.3411
19999.99,0.58,20001.77;359.2609
19999.98,0.58,20002.03;359.1979
19999.98,0.58,20002.03;359.1979
19999.98,0.58,20002.28;359.0947
19999.97,0.58,20002.53;358.9916
19999.97,0.58,20002.79;358.8598
19999.97,0.58,20002.79;358.8598
19999.96,0.58,20003.04;358.728
19999.96,0.58,20003.29;358.5905
19999.96,0.58,20003.29;358.5905
19999.95,0.58,20003.55;358.453
19999.94,0.58,20003.8;358.3327
19999.94,0.58,20003.8;358.3327
19999.94,0.58,20004.06;358.2181
19999.94,0.58,20004.06;358.2181
19999.93,0.58,20004.31;358.0806
19999.93,0.58,20004.31;358.0806
19999.92,0.58,20004.56;357.9431
19999.91,0.58,20004.82;357.8399
19999.91,0.58,20004.82;357.8399
19999.9,0.58,20005.07;357.7368
19999.89,0.58,20005.33;357.6222
19999.89,0.58,20005.33;357.6222
19999.88,0.58,20005.58;357.5133
19999.88,0.58,20005.58;357.5133
19999.87,0.58,20005.83;357.4045
19999.85,0.58,20006.09;357.3128
19999.85,0.58,20006.09;357.3128
19999.84,0.58,20006.34;357.2097
19999.84,0.58,20006.34;357.2097
19999.84,0.58,20006.34;357.2097
19999.83,0.58,20006.6;357.1065
19999.81,0.58,20006.85;357.0091
19999.8,0.58,20007.1;356.9002
19999.8,0.58,20007.1;356.9002
19999.79,0.58,20007.36;356.7914
19999.77,0.58,20007.61;356.6596
19999.77,0.58,20007.61;356.6596
19999.76,0.58,20007.86;356.5278
19999.74,0.58,20008.12;356.3903
19999.74,0.58,20008.12;356.3903
19999.72,0.58,20008.37;356.2528
19999.71,0.58,20008.62;356.1726
19999.69,0.58,20008.88;356.0465
19999.69,0.58,20008.88;356.0465
19999.67,0.58,20009.13;355.9205
19999.65,0.58,20009.38;355.7944
19999.65,0.58,20009.38;355.7944
19999.63,0.58,20009.64;355.6684
19999.61,0.58,20009.89;355.5538
19999.61,0.58,20009.89;355.5538
19999.59,0.58,20010.14;355.4392
19999.57,0.58,20010.4;355.2959
19999.55,0.58,20010.65;355.1813
19999.55,0.58,20010.65;355.1813
19999.53,0.58,20010.9;355.0667
19999.51,0.58,20011.16;354.9636
19999.51,0.58,20011.16;354.9636
19999.51,0.58,20011.16;354.9636
19999.48,0.58,20011.41;354.8605
19999.48,0.58,20011.41;354.8605
19999.46,0.58,20011.66;354.7574
19999.46,0.58,20011.66;354.7574
19999.44,0.58,20011.91;354.6542
19999.44,0.58,20011.91;354.6542
19999.44,0.58,20011.91;354.6542
19999.41,0.58,20012.17;354.5511
19999.41,0.58,20012.17;354.5511
19999.39,0.58,20012.42;354.4479
19999.39,0.58,20012.42;354.4479
19999.39,0.58,20012.42;354.4479
19999.37,0.58,20012.65;354.3448
19999.34,0.58,20012.91;354.2417
19999.31,0.58,20013.16;354.2417
19999.31,0.58,20013.16;354.2417
19999.29,0.58,20013.41;354.2417
19999.26,0.58,20013.66;354.1614
19999.26,0.58,20013.66;354.1614
19999.24,0.58,20013.92;354.0812
19999.21,0.58,20014.17;353.9724
19999.21,0.58,20014.17;353.9724
19999.18,0.58,20014.42;353.8635
19999.16,0.58,20014.67;353.726
19999.13,0.58,20014.93;353.5885
19999.1,0.58,20015.18;353.4567
19999.07,0.58,20015.43;353.3249
19999.04,0.58,20015.68;353.2103
19999.04,0.58,20015.68;353.2103
19999.01,0.58,20015.94;353.0957
19998.98,0.58,20016.19;352.9582
19998.98,0.58,20016.19;352.9582
19998.95,0.58,20016.44;352.8207
19998.91,0.58,20016.69;352.6889
19998.88,0.58,20016.94;352.5572
19998.85,0.58,20017.2;352.4368
19998.81,0.58,20017.45;352.3165
19998.78,0.58,20017.7;352.179
19998.78,0.58,20017.7;352.179
19998.74,0.58,20017.95;352.0415
19998.71,0.58,20018.2;351.9097
19998.71,0.58,20018.2;351.9097
19998.67,0.58,20018.45;351.7779
19998.63,0.58,20018.71;351.669
19998.6,0.58,20018.96;351.543
19998.6,0.58,20018.96;351.543
19998.6,0.58,20018.96;351.543
19998.56,0.58,20019.21;351.4169
19998.56,0.58,20019.21;351.4169
19998.52,0.58,20019.46;351.2909
19998.48,0.58,20019.71;351.1648
19998.48,0.58,20019.71;351.1648
19998.44,0.58,20019.96;351.0159
19998.44,0.58,20019.96;351.0159
19998.4,0.58,20020.21;350.8669
19998.4,0.58,20020.21;350.8669
19998.4,0.58,20020.21;350.8669
19998.36,0.58,20020.46;350.7466
19998.36,0.58,20020.46;350.7466
19998.36,0.58,20020.46;350.7466
19998.32,0.58,20020.71;350.6263
19998.28,0.58,20020.96;350.4887
19998.28,0.58,20020.96;350.4887
19998.23,0.58,20021.21;350.3455
19998.21,0.58,20021.46;350.2022
19998.21,0.58,20021.71;350.0819
19998.21,0.58,20021.71;350.0819
19998.21,0.58,20021.96;349.9501
19998.21,0.58,20021.96;349.9501
19998.21,0.58,20021.96;349.9501
19998.21,0.5800001,20022.21;349.8184
19998.21,0.5800002,20022.46;349.6866
19998.21,0.5800003,20022.67;349.5892
19998.21,0.5800003,20022.67;349.5892
19998.21,0.5800005,20022.92;349.4918
19998.21,0.5800006,20023.17;349.3714
19998.21,0.5800006,20023.17;349.3714
19998.21,0.580001,20023.42;349.2511
19998.21,0.5800015,20023.67;349.1365
19998.21,0.5800015,20023.67;349.1365
19998.21,0.5800018,20023.92;349.0219
19998.21,0.5800024,20024.17;348.9245
19998.21,0.5800023,20024.42;348.8042
19998.21,0.5800023,20024.42;348.8042
19998.21,0.5800022,20024.67;348.6839
19998.21,0.5800021,20024.92;348.5693
19998.21,0.5800021,20024.92;348.5693
19998.21,0.5800024,20025.17;348.4547
19998.21,0.5800026,20025.42;348.363
19998.21,0.5800026,20025.42;348.363
19998.21,0.5800027,20025.66;348.2713
19998.21,0.5800031,20025.91;348.1739
19998.21,0.5800035,20026.16;348.0708
19998.21,0.5800035,20026.16;348.0708
19998.21,0.5800036,20026.41;347.9677
19998.21,0.580004,20026.66;347.8702
19998.21,0.580004,20026.66;347.8702
19998.21,0.5800037,20026.91;347.7728
19998.21,0.5800038,20027.15;347.664
19998.21,0.5800038,20027.15;347.664
19998.21,0.580004,20027.4;347.5551
19998.21,0.5800037,20027.65;347.4405
19998.21,0.5800039,20027.9;347.3145
19998.21,0.5800039,20027.9;347.3145
19998.21,0.5800036,20028.15;347.1884
19998.21,0.5800036,20028.15;347.1884
19998.21,0.580004,20028.39;347.0623
19998.21,0.5800039,20028.64;346.9879
19998.21,0.5800039,20028.64;346.9879
19998.21,0.5800042,20028.89;346.9134
19998.21,0.580004,20029.13;346.7873
19998.21,0.5800042,20029.38;346.6727
19998.21,0.5800042,20029.38;346.6727
19998.21,0.5800042,20029.38;346.6727
19998.21,0.5800043,20029.63;346.5467
19998.21,0.5800038,20029.88;346.4206
19998.21,0.5800037,20030.12;346.3404
19998.21,0.5800037,20030.12;346.3404
19998.21,0.580004,20030.37;346.2602
19998.21,0.5800035,20030.62;346.2487
19998.21,0.580004,20030.86;346.2373
19998.21,0.580004,20030.86;346.2373
19998.21,0.5800038,20031.11;346.2258
19998.21,0.5800038,20031.11;346.2258
19998.21,0.5800038,20031.11;346.2258
19998.21,0.5800042,20031.36;346.2144
19998.21,0.5800042,20031.36;346.2144
19998.21,0.5800042,20031.36;346.2144
19998.21,0.5800042,20031.36;346.2144
