20000,0.5,20000;0
20000,0.58,20000;0
20000,0.58,20000;0
20000,0.58,20000;0
20000,0.58,20000;0
20000,0.58,20000;0
20000,0.58,20000;0
20000,0.58,20000;0
20000,0.58,20000;0
20000,0.58,20000;0
20000,0.58,20000;0
20000,0.58,20000;0
20000,0.58,20000;0
20000,0.58,20000;0
20000,0.58,20000;0
20000,0.58,20000;0
20000,0.58,20000;0
20000,0.58,20000;0
20000,0.58,20000;0
20000,0.58,20000;0
20000,0.58,20000;0
20000,0.58,20000;0
20000,0.58,20000;0
20000,0.58,20000;0
20000,0.58,20000;0
20000,0.58,20000;0
20000,0.58,20000;0
20000,0.58,20000;0
20000,0.58,20000;0
20000,0.58,20000;0
20000,0.58,20000;0
20000,0.58,20000;0
20000,0.58,20000;0
20000,0.58,20000;0
20000,0.58,20000;0
20000,0.58,20000;0
20000,0.58,20000;0
20000,0.58,20000;0
20000,0.58,20000;0
20000,0.58,20000;0
20000,0.58,20000;0
20000,0.58,20000;0
20000,0.58,20000;0
20000,0.58,20000;0
20000,0.58,20000;0
20000,0.58,20000;0
20000,0.58,20000;0
20000,0.58,20000;0
20000,0.58,20000;0
20000,0.58,20000;0
20000,0.58,20000;0
20000,0.58,20000;0
20000,0.58,20000;0
20000,0.58,20000;0
20000,0.58,20000;0
20000,0.58,20000;0
20000,0.58,20000;0
20000,0.58,20000;0
20000,0.58,20000;0
20000,0.58,20000;0
20000,0.58,20000;0
20000,0.58,20000;0
20000,0.58,20000;0
20000,0.58,20000;0
20000,0.58,20000;0
20000,0.58,20000;0
20000,0.58,20000;0
20000,0.58,20000;0
20000,0.58,20000;0
20000,0.58,20000;0
20000,0.58,20000;0
20000,0.58,20000;0
20000,0.58,20000;0
20000,0.58,20000;0
20000,0.58,20000;0
20000,0.58,20000;0
20000,0.58,20000;0
20000,0.58,20000;0
20000,0.58,20000;0
20000,0.58,20000;0
20000,0.58,20000;0
20000,0.58,20000;0
20000,0.58,20000;0
20000,0.58,20000;0
20000,0.58,20000;0
20000,0.58,20000;0
20000,0.58,20000;0
20000,0.58,20000;0
20000,0.58,20000;0
20000,0.58,20000;0
20000,0.58,20000;0
20000,0.58,20000;0
20000,0.58,20000;0
20000,0.58,20000;0
20000,0.58,20000;0
20000,0.58,20000;0
20000,0.58,20000;0
20000,0.58,20000;0
20000,0.58,20000;0
20000,0.58,20000;0
20000,0.58,20000;0
20000,0.58,20000;0
20000,0.58,20000;0
20000,0.58,20000;0
20000,0.58,20000;0
20000,0.58,20000;0
20000,0.58,20000;0
20000,0.58,20000;0
20000,0.58,20000;0
20000,0.58,20000;0
20000,0.58,20000;0
20000,0.58,20000;0
20000,0.58,20000;0
20000,0.58,20000;0
20000,0.58,20000;0
20000,0.58,20000;0
20000,0.58,20000;0
20000,0.58,20000;0
20000,0.58,20000;0
20000,0.58,20000;0
20000,0.58,20000;0
20000,0.58,20000;0
20000,0.58,20000;0
20000,0.58,20000;0
20000,0.58,20000;0
20000,0.58,20000;0
20000,0.58,20000;0
20000,0.58,20000;0
20000,0.58,20000;0
20000,0.58,20000;0
20000,0.58,20000;0
20000,0.58,20000;0
20000,0.58,20000;0
20000,0.58,20000;0
20000,0.58,20000;0
20000,0.58,20000;0
20000,0.58,20000;0
20000,0.58,20000;0
20000,0.58,20000;0
20000,0.58,20000;0
20000,0.58,20000;0
20000,0.58,20000;0
20000,0.58,20000;0
20000,0.58,20000;0
20000,0.58,20000;0
20000,0.58,20000;0
20000,0.58,20000;0
20000,0.58,20000;0
20000,0.58,20000;0
20000,0.58,20000;0
20000,0.58,20000;0
20000,0.58,20000;0
20000,0.58,20000;0
20000,0.58,20000;0
20000,0.58,20000;0
20000,0.58,20000;0
20000,0.58,20000;0
20000,0.58,20000;0
20000,0.58,20000;0
20000,0.58,20000;0
20000,0.58,20000;0
20000,0.58,20000;0
20000,0.58,20000;0
20000,0.58,20000;0
20000,0.58,20000;0
20000,0.58,20000;0
20000,0.58,20000;0
20000,0.58,20000;0
20000,0.58,20000;0
20000,0.58,20000;0
20000,0.58,20000;0
20000,0.58,20000;0
20000,0.58,20000;0
20000,0.58,20000;0
20000,0.58,20000;0
20000,0.58,20000;0
20000,0.58,20000;0
20000,0.58,20000;0
20000,0.58,20000;0
20000,0.58,20000;0
20000,0.58,20000;0
20000,0.58,20000;0
20000,0.58,20000;0
20000,0.58,20000;0
20000,0.58,20000;0
20000,0.58,20000;0
20000,0.58,20000;0
20000,0.58,20000;0
20000,0.58,20000;0
20000,0.58,20000;0
20000,0.58,20000;0
20000,0.58,20000;0
20000,0.58,20000;0
20000,0.58,20000;0
20000,0.58,20000;0
20000,0.58,20000;0
20000,0.58,20000;0
20000,0.58,20000;0
20000,0.58,20000;0
20000,0.58,20000;0
20000,0.58,20000;0
20000,0.58,20000;0
20000,0.58,20000;0
20000,0.58,20000;0
20000,0.58,20000;0
20000,0.58,20000;0
20000,0.58,20000;0
20000,0.58,20000;0
20000,0.58,20000;0
20000,0.58,20000;0
20000,0.58,20000;0
20000,0.58,20000;0
20000,0.58,20000;0
20000,0.58,20000;0
20000,0.58,20000;0
20000,0.58,20000;0
20000,0.58,20000;0
20000,0.58,20000;0
20000,0.58,20000;0
20000,0.58,20000;0
20000,0.58,20000;0
20000,0.58,20000;0
20000,0.58,20000;0
20000,0.58,20000;0
20000,0.58,20000;0
20000,0.58,20000;0
20000,0.58,20000;0
20000,0.58,20000;0
20000,0.58,20000;0
20000,0.58,20000;0
20000,0.58,20000;0
20000,0.58,20000;0
20000,0.58,20000;0
20000,0.58,20000;0
20000,0.58,20000;0
20000,0.58,20000;0
20000,0.58,20000;0
20000,0.58,20000;0
20000,0.58,20000;0
20000,0.58,20000;0
20000,0.58,20000;0
20000,0.58,20000;0
20000,0.58,20000;0
20000,0.58,20000;0
20000,0.58,20000;0
20000,0.58,20000;0
20000,0.58,20000;0
20000,0.58,20000;0
20000,0.58,20000;0
20000,0.58,20000;0
20000,0.58,20000;0
20000,0.58,20000;0
20000,0.58,20000;0
20000,0.58,20000;0
20000,0.58,20000;0
20000,0.58,20000;0
20000,0.58,20000;0
20000,0.58,20000;0
20000,0.58,20000;0
20000,0.58,20000;0
20000,0.58,20000;0
20000,0.58,20000;0
20000,0.58,20000;0
20000,0.58,20000;0
20000,0.58,20000;0
20000,0.58,20000;0
20000,0.58,20000;0
20000,0.58,20000;0
20000,0.58,20000;0
20000,0.58,20000;0
20000,0.58,20000;0
20000,0.58,20000;0
20000,0.58,20000;0
20000,0.58,20000;0
20000,0.58,20000;0
20000,0.58,20000;0
20000,0.58,20000;0
20000,0.58,20000;0
20000,0.58,20000;0
20000,0.58,20000;0
20000,0.58,20000.03;0
20000,0.58,20000.09;0
20000,0.58,20000.15;0
20000,0.58,20000.21;0
20000,0.58,20000.29;0
20000,0.58,20000.29;0
20000,0.58,20000.37;0
20000,0.58,20000.47;0
20000,0.58,20000.57;0
20000,0.58,20000.68;0
20000,0.58,20000.78;0
20000,0.58,20000.78;0
20000,0.58,20000.88;0
20000,0.58,20000.98;0
20000,0.58,20001.09;0
20000,0.58,20001.19;0
20000,0.58,20001.29;0
20000,0.58,20001.29;0
20000,0.58,20001.29;0
20000,0.58,20001.29;0
20000,0.58,20001.29;0
20000,0.58,20001.29;0
20000,0.58,20001.29;0
20000,0.58,20001.39;0
20000,0.58,20001.5;0
20000,0.58,20001.6;0
20000,0.58,20001.71;0
20000,0.58,20001.81;0
20000,0.58,20001.81;0
20000,0.58,20001.91;0
20000,0.58,20002.02;0
20000,0.58,20002.12;0
20000,0.58,20002.12;0
20000,0.58,20002.12;0
20000,0.58,20002.12;0
20000,0.58,20002.12;0
20000,0.58,20002.12;0
20000,0.58,20002.12;0
20000,0.58,20002.12;0
20000,0.58,20002.22;0
20000,0.58,20002.22;0
20000,0.58,20002.33;0
20000,0.58,20002.43;0
20000,0.58,20002.53;0
20000,0.58,20002.63;0
20000,0.58,20002.63;0
20000,0.58,20002.73;0
20000,0.58,20002.83;0
20000,0.58,20002.94;0
20000,0.58,20003.03;0
20000,0.58,20003.13;0
20000,0.58,20003.13;0
20000,0.58,20003.23;0
20000,0.58,20003.32;0
20000,0.58,20003.42;0
20000,0.58,20003.51;0
20000,0.58,20003.51;0
20000,0.58,20003.61;0
20000,0.58,20003.7;0
20000,0.58,20003.79;0
20000,0.58,20003.88;0
20000,0.58,20003.97;0
20000,0.58,20003.97;0
20000,0.58,20004.06;0
20000,0.58,20004.14;0
20000,0.58,20004.23;0
20000,0.58,20004.32;0
20000,0.58,20004.32;0
20000,0.58,20004.4;0
20000,0.58,20004.49;0
20000,0.58,20004.57;0
20000,0.58,20004.62;0
20000,0.58,20004.7;0
20000,0.58,20004.7;0
20000,0.58,20004.7;0
20000,0.58,20004.7;0
20000,0.58,20004.7;0
20000,0.58,20004.7;0
20000,0.58,20004.7;0
20000,0.58,20004.7;0
20000,0.58,20004.7;0
20000,0.58,20004.7;0
20000,0.58,20004.7;0
20000,0.58,20004.7;0
20000,0.58,20004.7;0
20000,0.58,20004.7;0
20000,0.58,20004.7;0
20000,0.58,20004.7;0
20000,0.58,20004.7;0
20000,0.58,20004.7;0
20000,0.58,20004.7;0
20000,0.58,20004.7;0
20000,0.58,20004.72;0
20000,0.58,20004.75;0
20000,0.58,20004.75;0
20000,0.58,20004.76;0
20000,0.58,20004.76;0
20000,0.58,20004.8;0
20000,0.58,20004.82;0
20000,0.58,20004.82;0
20000,0.58,20004.84;0
20000,0.58,20004.86;0
20000,0.58,20004.86;0
20000,0.58,20004.86;0
20000,0.58,20004.86;0
20000,0.58,20004.91;0
20000,0.58,20004.97;0
20000,0.58,20005.02;0
20000,0.58,20005.09;0
20000,0.58,20005.09;0
20000,0.58,20005.12;0
20000,0.58,20005.19;0
20000,0.58,20005.26;0
20000,0.58,20005.32;0
20000,0.58,20005.39;0
20000,0.58,20005.39;0
20000,0.58,20005.46;0
20000,0.58,20005.53;0
20000,0.58,20005.6;0
20000,0.58,20005.66;0
20000,0.58,20005.66;0
20000,0.58,20005.73;0
20000,0.58,20005.81;0
20000,0.58,20005.89;0
20000,0.58,20005.97;0
20000,0.58,20006.05;0
20000,0.58,20006.13;0
20000,0.58,20006.21;0
20000,0.58,20006.29;0
20000,0.58,20006.29;0
20000,0.58,20006.38;0
20000,0.58,20006.46;0
20000,0.58,20006.54;0
20000,0.58,20006.63;0
20000,0.58,20006.72;0
20000,0.58,20006.8;0
20000,0.58,20006.8;0
20000,0.58,20006.89;0
20000,0.58,20006.98;0
20000,0.58,20007.06;0
20000,0.58,20007.15;0
20000,0.58,20007.15;0
20000,0.58,20007.24;0
20000,0.58,20007.33;0
20000,0.58,20007.42;0
20000,0.58,20007.51;0
20000,0.58,20007.6;0
20000,0.58,20007.6;0
20000,0.58,20007.69;0
20000,0.58,20007.78;0
20000,0.58,20007.87;0
20000,0.58,20007.97;0
20000,0.58,20008.06;0
20000,0.58,20008.06;0
20000,0.58,20008.15;0
20000,0.58,20008.25;0
20000,0.58,20008.34;0
20000,0.58,20008.43;0
20000,0.58,20008.53;0
20000,0.58,20008.53;0
20000,0.58,20008.62;0
20000,0.58,20008.72;0
20000,0.58,20008.81;0
20000,0.58,20008.91;0
20000,0.58,20009;0
20000,0.58,20009;0
20000,0.58,20009.1;0
20000,0.58,20009.19;0
20000,0.58,20009.28;0
20000,0.58,20009.38;0
20000,0.58,20009.38;0
20000,0.58,20009.47;0
20000,0.58,20009.56;0
20000,0.58,20009.56;0
20000,0.58,20009.56;0
20000,0.58,20009.56;0
20000,0.58,20009.56;0
20000,0.58,20009.56;0
20000,0.58,20009.56;0
20000,0.58,20009.65;0
20000,0.58,20009.74;0
20000,0.58,20009.74;0
20000,0.58,20009.74;0
20000,0.58,20009.74;0
20000,0.58,20009.82;0
20000,0.58,20009.82;0
20000,0.58,20009.82;0
20000,0.58,20009.82;0
20000,0.58,20009.82;0
20000,0.58,20009.82;0
20000,0.58,20009.91;0
20000,0.58,20010;0
20000,0.58,20010;0
20000,0.58,20010.09;0
20000,0.58,20010.09;0
20000,0.58,20010.09;0
20000,0.58,20010.17;0
20000,0.58,20010.17;0
20000,0.58,20010.17;0
20000,0.58,20010.25;0
20000,0.58,20010.25;0
20000,0.58,20010.33;0
20000,0.58,20010.33;0
20000,0.58,20010.33;0
20000,0.58,20010.41;0
20000,0.58,20010.49;0
20000,0.58,20010.49;0
20000,0.58,20010.49;0
20000,0.58,20010.49;0
20000,0.58,20010.49;0
20000,0.58,20010.51;0
20000,0.58,20010.51;0
20000,0.58,20010.51;0
20000,0.58,20010.51;0
20000,0.58,20010.51;0
20000,0.58,20010.51;0
20000,0.58,20010.51;0
20000,0.58,20010.51;0
20000,0.58,20010.51;0
20000,0.58,20010.51;0
20000,0.58,20010.51;0
20000,0.58,20010.51;0
20000,0.58,20010.51;0
20000,0.58,20010.51;0
20000,0.58,20010.51;0
20000,0.58,20010.51;0
20000,0.58,20010.53;0
20000,0.58,20010.53;0
20000,0.58,20010.53;0
20000,0.58,20010.53;0
20000,0.58,20010.53;0
20000,0.58,20010.53;0
20000,0.58,20010.53;0
20000,0.58,20010.53;0
20000,0.58,20010.53;0
20000,0.58,20010.53;0
20000,0.58,20010.53;0
20000,0.58,20010.53;0
20000,0.58,20010.53;0
20000,0.58,20010.53;0
20000,0.58,20010.53;0
20000,0.58,20010.53;0
20000,0.58,20010.53;0
20000,0.58,20010.53;0
20000,0.58,20010.53;0
20000,0.58,20010.53;0
20000,0.58,20010.53;0
20000,0.58,20010.53;0
20000,0.58,20010.53;0
20000,0.58,20010.54;0
20000,0.58,20010.54;0
20000,0.58,20010.54;0
20000,0.58,20010.54;0
20000,0.58,20010.54;0
20000,0.58,20010.54;0
20000,0.58,20010.55;0
20000,0.58,20010.55;0
20000,0.58,20010.55;0
20000,0.58,20010.55;0
20000,0.58,20010.55;0
20000,0.58,20010.55;0
20000,0.58,20010.55;0
20000,0.58,20010.55;0
20000,0.58,20010.55;0
20000,0.58,20010.55;0
20000,0.58,20010.55;0
20000,0.58,20010.6;0
20000,0.58,20010.65;0
20000,0.58,20010.7;0
20000,0.58,20010.7;0
20000,0.58,20010.75;0
20000,0.58,20010.81;0
20000,0.58,20010.86;0
20000,0.58,20010.86;0
20000,0.58,20010.91;0
20000,0.58,20010.91;0
20000,0.58,20010.96;0
20000,0.58,20011.02;0
20000,0.58,20011.02;0
20000,0.58,20011.02;0
20000,0.58,20011.07;0
20000,0.58,20011.13;0
20000,0.58,20011.18;0
20000,0.58,20011.24;0
20000,0.58,20011.3;0
20000,0.58,20011.3;0
20000,0.58,20011.35;0
20000,0.58,20011.4;0
20000,0.58,20011.46;0
20000,0.58,20011.51;0
20000,0.58,20011.57;0
20000,0.58,20011.57;0
20000,0.58,20011.63;0
20000,0.58,20011.68;0
20000,0.58,20011.74;0
20000,0.58,20011.8;0
20000,0.58,20011.85;0
20000,0.58,20011.85;0
20000,0.58,20011.9;0
20000,0.58,20011.95;0
20000,0.58,20012;0
20000,0.58,20012.05;0
20000,0.58,20012.05;0
20000,0.58,20012.1;0
20000,0.58,20012.15;0
20000,0.58,20012.2;0
20000,0.58,20012.24;0
20000,0.58,20012.29;0
20000,0.58,20012.29;0
20000,0.58,20012.33;0
20000,0.58,20012.38;0
20000,0.58,20012.42;0
20000,0.58,20012.46;0
20000,0.58,20012.51;0
20000,0.58,20012.51;0
20000,0.58,20012.55;0
20000,0.58,20012.59;0
20000,0.58,20012.64;0
20000,0.58,20012.68;0
20000,0.58,20012.71;0
20000,0.58,20012.71;0
20000,0.58,20012.76;0
20000,0.58,20012.79;0
20000,0.58,20012.84;0
20000,0.58,20012.85;0
20000,0.58,20012.85;0
20000,0.58,20012.85;0
20000,0.58,20012.85;0
20000,0.58,20012.85;0
20000,0.58,20012.85;0
20000,0.58,20012.85;0
20000,0.58,20012.85;0
20000,0.58,20012.85;0
20000,0.58,20012.85;0
20000,0.58,20012.85;0
20000,0.58,20012.85;0
20000,0.58,20012.85;0
20000,0.58,20012.86;0
20000,0.58,20012.87;0
20000,0.58,20012.88;0
20000,0.58,20012.91;0
20000,0.58,20012.96;0
20000,0.58,20012.96;0
20000,0.58,20013.02;0
20000,0.58,20013.07;0
20000,0.58,20013.12;0
20000,0.58,20013.17;0
20000,0.58,20013.22;0
20000,0.58,20013.22;0
20000,0.58,20013.27;0
20000,0.58,20013.32;0
20000,0.58,20013.37;0
20000,0.58,20013.43;0
20000,0.58,20013.43;0
20000,0.58,20013.48;0
20000,0.58,20013.53;0
20000,0.58,20013.58;0
20000,0.58,20013.63;0
20000,0.58,20013.68;0
20000,0.58,20013.68;0
20000,0.58,20013.74;0
20000,0.58,20013.79;0
20000,0.58,20013.84;0
20000,0.58,20013.9;0
20000,0.58,20013.95;0
20000,0.58,20014.01;0
20000,0.58,20014.01;0
20000,0.58,20014.06;0
20000,0.58,20014.11;0
20000,0.58,20014.16;0
20000,0.58,20014.21;0
20000,0.58,20014.21;0
20000,0.58,20014.27;0
20000,0.58,20014.32;0
20000,0.58,20014.37;0
20000,0.58,20014.42;0
20000,0.58,20014.47;0
20000,0.58,20014.47;0
20000,0.58,20014.52;0
20000,0.58,20014.57;0
20000,0.58,20014.63;0
20000,0.58,20014.68;0
20000,0.58,20014.73;0
20000,0.58,20014.73;0
20000,0.58,20014.78;0
20000,0.58,20014.83;0
20000,0.58,20014.88;0
20000,0.58,20014.94;0
20000,0.58,20014.98;0
20000,0.58,20014.98;0
20000,0.58,20015.03;0
20000,0.58,20015.08;0
20000,0.58,20015.13;0
20000,0.58,20015.17;0
20000,0.58,20015.17;0
20000,0.58,20015.22;0
20000,0.58,20015.26;0
20000,0.58,20015.31;0
20000,0.58,20015.36;0
20000,0.58,20015.4;0
20000,0.58,20015.4;0
20000,0.58,20015.44;0
20000,0.58,20015.49;0
20000,0.58,20015.53;0
20000,0.58,20015.57;0
20000,0.58,20015.62;0
20000,0.58,20015.62;0
20000,0.58,20015.66;0
20000,0.58,20015.7;0
20000,0.58,20015.74;0
20000,0.58,20015.78;0
20000,0.58,20015.82;0
20000,0.58,20015.82;0
20000,0.58,20015.86;0
20000,0.58,20015.9;0
20000,0.58,20015.93;0
20000,0.58,20015.97;0
20000,0.58,20016.01;0
20000,0.58,20016.01;0
20000,0.58,20016.04;0
20000,0.58,20016.07;0
20000,0.58,20016.11;0
20000,0.58,20016.14;0
20000,0.58,20016.14;0
20000,0.58,20016.17;0
20000,0.58,20016.2;0
20000,0.58,20016.23;0
20000,0.58,20016.26;0
20000,0.58,20016.29;0
20000,0.58,20016.29;0
20000,0.58,20016.32;0
20000,0.58,20016.34;0
20000,0.58,20016.37;0
20000,0.58,20016.39;0
20000,0.58,20016.42;0
20000,0.58,20016.42;0
20000,0.58,20016.45;0
20000,0.58,20016.47;0
20000,0.58,20016.49;0
20000,0.58,20016.52;0
20000,0.58,20016.52;0
20000,0.58,20016.54;0
20000,0.58,20016.56;0
20000,0.58,20016.58;0
20000,0.58,20016.6;0
20000,0.58,20016.62;0
20000,0.58,20016.62;0
20000,0.58,20016.63;0
20000,0.58,20016.63;0
20000,0.58,20016.63;0
20000,0.58,20016.63;0
20000,0.58,20016.62;0
20000,0.58,20016.62;0
20000,0.58,20016.62;0
20000,0.58,20016.62;0
20000,0.58,20016.62;0
20000,0.58,20016.62;0
20000,0.58,20016.62;0
20000,0.58,20016.62;0
20000,0.58,20016.62;0
20000,0.58,20016.62;0
20000,0.58,20016.62;0
20000,0.58,20016.62;0
20000,0.58,20016.62;0
20000,0.58,20016.62;0
20000,0.58,20016.62;0
20000,0.58,20016.62;0
20000,0.58,20016.62;0
20000,0.58,20016.62;0
20000,0.58,20016.62;0
20000,0.58,20016.62;0
20000,0.58,20016.61;0
20000,0.58,20016.61;0
20000,0.58,20016.58;0
20000,0.58,20016.58;0
20000,0.58,20016.58;0
20000,0.58,20016.56;0
20000,0.58,20016.53;0
20000,0.58,20016.53;0
20000,0.58,20016.5;0
20000,0.58,20016.48;0
20000,0.58,20016.45;0
20000,0.58,20016.42;0
20000,0.58,20016.39;0
20000,0.58,20016.39;0
20000,0.58,20016.36;0
20000,0.58,20016.35;0
20000,0.58,20016.37;0
20000,0.58,20016.4;0
20000,0.58,20016.41;0
20000,0.58,20016.41;0
20000,0.58,20016.41;0
20000,0.58,20016.41;0
20000,0.58,20016.42;0
20000,0.58,20016.43;0
20000,0.58,20016.43;0
20000,0.58,20016.43;0
20000,0.58,20016.44;0
20000,0.58,20016.46;0
20000,0.58,20016.48;0
20000,0.58,20016.51;0
20000,0.58,20016.51;0
20000,0.58,20016.51;0
20000,0.58,20016.51;0
20000,0.58,20016.51;0
20000,0.58,20016.51;0
20000,0.58,20016.51;0
20000,0.58,20016.51;0
20000,0.58,20016.51;0
20000,0.58,20016.5;0
20000,0.58,20016.48;0
20000,0.58,20016.47;0
20000,0.58,20016.47;0
20000,0.58,20016.45;0
20000,0.58,20016.44;0
20000,0.58,20016.42;0
20000,0.58,20016.4;0
20000,0.58,20016.38;0
20000,0.58,20016.38;0
20000,0.58,20016.36;0
20000,0.58,20016.34;0
20000,0.58,20016.32;0
20000,0.58,20016.29;0
20000,0.58,20016.29;0
20000,0.58,20016.27;0
20000,0.58,20016.25;0
20000,0.58,20016.23;0
20000,0.58,20016.21;0
20000,0.58,20016.18;0
20000,0.58,20016.18;0
20000,0.58,20016.16;0
20000,0.58,20016.13;0
20000,0.58,20016.11;0
20000,0.58,20016.08;0
20000,0.58,20016.06;0
20000,0.58,20016.06;0
20000,0.58,20016.03;0
20000,0.58,20016;0
20000,0.58,20015.98;0
20000,0.58,20015.95;0
20000,0.58,20015.92;0
20000,0.58,20015.92;0
20000,0.58,20015.89;0
20000,0.58,20015.86;0
20000,0.58,20015.83;0
20000,0.58,20015.79;0
20000,0.58,20015.76;0
20000,0.58,20015.76;0
20000,0.58,20015.73;0
20000,0.58,20015.71;0
20000,0.58,20015.69;0
20000,0.58,20015.68;0
20000,0.58,20015.66;0
20000,0.58,20015.66;0
20000,0.58,20015.66;0
20000,0.58,20015.66;0
20000,0.58,20015.66;0
20000,0.58,20015.65;0
20000,0.58,20015.63;0
20000,0.58,20015.63;0
20000,0.58,20015.61;0
20000,0.58,20015.59;0
20000,0.58,20015.57;0
20000,0.58,20015.55;0
20000,0.58,20015.53;0
20000,0.58,20015.53;0
20000,0.58,20015.52;0
20000,0.58,20015.5;0
20000,0.58,20015.48;0
20000,0.58,20015.47;0
20000,0.58,20015.46;0
20000,0.58,20015.46;0
20000,0.58,20015.45;0
20000,0.58,20015.44;0
20000,0.58,20015.43;0
20000,0.58,20015.42;0
20000,0.58,20015.41;0
20000,0.58,20015.41;0
20000,0.58,20015.4;0
20000,0.58,20015.39;0
20000,0.58,20015.38;0
20000,0.58,20015.37;0
20000,0.58,20015.36;0
20000,0.58,20015.36;0
20000,0.58,20015.36;0
20000,0.58,20015.35;0
20000,0.58,20015.35;0
20000,0.58,20015.35;0
20000,0.58,20015.35;0
20000,0.58,20015.34;0
20000,0.58,20015.34;0
20000,0.58,20015.34;0
20000,0.58,20015.34;0
20000,0.58,20015.34;0
20000,0.58,20015.34;0
20000,0.58,20015.34;0
20000,0.58,20015.34;0
20000,0.58,20015.34;0
20000,0.58,20015.34;0
20000,0.58,20015.45;0
20000,0.58,20015.45;0
20000,0.58,20015.57;0
20000,0.58,20015.7;0
20000,0.58,20015.83;0
20000,0.58,20015.96;0
20000,0.58,20016.08;0
20000,0.58,20016.08;0
20000,0.58,20016.21;0
20000,0.58,20016.34;0
20000,0.58,20016.46;0
20000,0.58,20016.59;0
20000,0.58,20016.72;0
20000,0.58,20016.72;0
20000,0.58,20016.84;0
20000,0.58,20016.97;0
20000,0.58,20017.1;0
20000,0.58,20017.1;0
20000,0.58,20017.1;0
20000,0.58,20017.1;0
20000,0.58,20017.1;0
20000,0.58,20017.1;0
20000,0.58,20017.1;0
20000,0.58,20017.22;0
20000,0.58,20017.35;0
20000,0.58,20017.35;0
20000,0.58,20017.35;0
20000,0.58,20017.35;0
20000,0.58,20017.35;0
20000,0.58,20017.35;0
20000,0.58,20017.35;0
20000,0.58,20017.35;0
20000,0.58,20017.35;0
20000,0.58,20017.35;0
20000,0.58,20017.35;0
20000,0.58,20017.35;0
20000,0.58,20017.35;0
20000,0.58,20017.35;0
20000,0.58,20017.35;0
20000,0.58,20017.35;0
20000,0.58,20017.35;0
20000,0.58,20017.35;0
20000,0.58,20017.35;0
20000,0.58,20017.35;0
20000,0.58,20017.35;0
20000,0.58,20017.35;0
20000,0.58,20017.35;0
20000,0.58,20017.35;0
20000,0.58,20017.35;0
20000,0.58,20017.35;0
20000,0.58,20017.35;0
20000,0.58,20017.35;0
20000,0.58,20017.35;0
20000,0.58,20017.35;0
20000,0.58,20017.35;0
20000,0.58,20017.35;0
20000,0.58,20017.35;0
20000,0.58,20017.35;0
20000,0.58,20017.35;0
20000,0.58,20017.35;0
20000,0.58,20017.35;0
20000,0.58,20017.35;0
20000,0.58,20017.35;0
20000,0.58,20017.35;0
20000,0.58,20017.35;0
20000,0.58,20017.34;0
20000,0.58,20017.34;0
20000,0.58,20017.33;0
20000,0.58,20017.33;0
20000,0.58,20017.34;0
20000,0.58,20017.34;0
20000,0.58,20017.34;0
20000,0.58,20017.34;0
20000,0.58,20017.34;0
20000,0.58,20017.34;0
20000,0.58,20017.34;0
20000,0.58,20017.31;0
20000,0.58,20017.31;0
20000,0.58,20017.31;0
20000,0.58,20017.31;0
20000,0.58,20017.3;0
20000,0.58,20017.3;0
20000,0.58,20017.3;0
20000,0.58,20017.3;0
20000,0.58,20017.3;0
20000,0.58,20017.3;0
20000,0.58,20017.3;0
20000,0.58,20017.3;0
20000,0.58,20017.31;0
20000,0.58,20017.31;0
20000,0.58,20017.33;0
20000,0.58,20017.35;0
20000,0.58,20017.35;0
20000,0.58,20017.34;0
20000,0.58,20017.34;0
20000,0.58,20017.35;0
20000,0.58,20017.35;0
20000,0.58,20017.36;0
20000,0.58,20017.35;0
20000,0.58,20017.35;0
20000,0.58,20017.35;0
20000,0.58,20017.35;0
20000,0.58,20017.35;0
20000,0.58,20017.35;0
20000,0.58,20017.35;0
20000,0.58,20017.35;0
20000,0.58,20017.35;0
20000,0.58,20017.35;0
20000,0.58,20017.35;0
20000,0.58,20017.34;0
20000,0.58,20017.33;0
20000,0.58,20017.33;0
20000,0.58,20017.33;0
20000,0.58,20017.33;0
20000,0.58,20017.33;0
20000,0.58,20017.33;0
20000,0.58,20017.33;0
20000,0.58,20017.33;0
20000,0.58,20017.33;0
20000,0.58,20017.33;0
20000,0.58,20017.33;0
20000,0.58,20017.33;0
20000,0.58,20017.33;0
20000,0.58,20017.33;0
20000,0.58,20017.33;0
20000,0.58,20017.33;0
20000,0.58,20017.33;0
20000,0.58,20017.33;0
20000,0.58,20017.33;0
20000,0.58,20017.33;0
20000,0.58,20017.33;0
20000,0.58,20017.33;0
20000,0.58,20017.33;0
20000,0.58,20017.33;0
20000,0.58,20017.33;0
20000,0.58,20017.33;0
20000,0.58,20017.33;0
20000,0.58,20017.33;0
20000,0.58,20017.33;0
20000,0.58,20017.33;0
20000,0.58,20017.33;0
20000,0.58,20017.33;0
20000,0.58,20017.33;0
20000,0.58,20017.33;0
20000,0.58,20017.33;0
20000,0.58,20017.33;0
20000,0.58,20017.33;0
20000,0.58,20017.33;0
20000,0.58,20017.33;0
20000,0.58,20017.33;0
20000,0.58,20017.33;0
20000,0.58,20017.33;0
20000,0.58,20017.34;0
20000,0.58,20017.34;0
20000,0.58,20017.34;0
20000,0.58,20017.45;0
20000,0.58,20017.58;0
20000,0.58,20017.71;0
20000,0.58,20017.84;0
20000,0.58,20017.84;0
20000,0.58,20017.96;0
20000,0.58,20018.09;0
20000,0.58,20018.22;0
20000,0.58,20018.34;0
20000,0.58,20018.47;0
20000,0.58,20018.47;0
20000,0.58,20018.6;0
20000,0.58,20018.72;0
20000,0.58,20018.85;0
20000,0.58,20018.98;0
20000,0.58,20019.11;0
20000,0.58,20019.11;0
20000,0.58,20019.23;0
20000,0.58,20019.36;0
20000,0.58,20019.49;0
20000,0.58,20019.61;0
20000,0.58,20019.68;0
20000,0.58,20019.68;0
20000,0.58,20019.68;0
20000,0.58,20019.67;0
20000,0.58,20019.66;0
20000,0.58,20019.66;0
20000,0.58,20019.68;0
20000,0.58,20019.69;0
20000,0.58,20019.69;0
20000,0.58,20019.68;0
20000,0.58,20019.69;0
20000,0.58,20019.7;0
20000,0.58,20019.71;0
20000,0.58,20019.71;0
20000,0.58,20019.72;0
20000,0.58,20019.72;0
20000,0.58,20019.72;0
20000,0.58,20019.72;0
20000,0.58,20019.72;0
20000,0.58,20019.72;0
20000,0.58,20019.72;0
20000,0.58,20019.72;0
20000,0.58,20019.72;0
20000,0.58,20019.71;0
20000,0.58,20019.71;0
20000,0.58,20019.69;0
20000,0.58,20019.71;0
20000,0.58,20019.78;0
20000,0.58,20019.78;0
20000,0.58,20019.78;0
20000,0.58,20019.78;0
20000,0.58,20019.78;0
20000,0.58,20019.78;0
20000,0.58,20019.78;0
20000,0.58,20019.78;0
20000,0.58,20019.78;0
20000,0.58,20019.78;0
20000,0.58,20019.78;0
20000,0.58,20019.78;0
20000,0.58,20019.78;0
20000,0.58,20019.78;0
20000,0.58,20019.78;0
20000,0.58,20019.78;0
20000,0.58,20019.78;0
20000,0.58,20019.78;0
20000,0.58,20019.78;0
20000,0.58,20019.78;0
20000,0.58,20019.78;0
20000,0.58,20019.78;0
20000,0.58,20019.78;0
20000,0.58,20019.78;0
20000,0.58,20019.78;0
20000,0.58,20019.78;0
20000,0.58,20019.78;0
20000,0.58,20019.78;0
20000,0.58,20019.78;0
20000,0.58,20019.78;0
20000,0.58,20019.78;0
20000,0.58,20019.78;0
20000,0.58,20019.78;0
20000,0.58,20019.78;0
20000,0.58,20019.78;0
20000,0.58,20019.78;0
20000,0.58,20019.78;0
20000,0.58,20019.78;0
20000,0.58,20019.78;0
20000,0.58,20019.78;0
20000,0.58,20019.78;0
20000,0.58,20019.78;0
20000,0.58,20019.78;0
20000,0.58,20019.78;0
20000,0.58,20019.78;0
20000,0.58,20019.78;0
20000,0.58,20019.78;0
20000,0.58,20019.78;0
20000,0.58,20019.78;0
20000,0.58,20019.78;0
20000,0.58,20019.91;0
20000,0.58,20020.03;0
20000,0.58,20020.03;0
20000,0.58,20020.16;0
20000,0.58,20020.29;0
20000,0.58,20020.41;0
20000,0.58,20020.54;0
20000,0.58,20020.67;0
20000,0.58,20020.67;0
20000,0.58,20020.8;0
20000,0.58,20020.92;0
20000,0.58,20021.05;0
20000,0.58,20021.18;0
20000,0.58,20021.3;0
20000,0.58,20021.3;0
20000,0.58,20021.43;0
20000,0.58,20021.56;0
20000,0.58,20021.69;0
20000,0.58,20021.81;0
20000,0.58,20021.94;0
20000,0.58,20021.94;0
20000,0.58,20022.07;0
20000,0.58,20022.19;0
20000,0.58,20022.24;0
20000,0.58,20022.24;0
20000,0.58,20022.24;0
20000,0.58,20022.24;0
20000,0.58,20022.25;0
20000,0.58,20022.23;0
20000,0.58,20022.23;0
20000,0.58,20022.22;0
20000,0.58,20022.22;0
20000,0.58,20022.26;0
20000,0.58,20022.3;0
20000,0.58,20022.43;0
20000,0.58,20022.56;0
20000,0.58,20022.69;0
20000,0.58,20022.69;0
20000,0.58,20022.81;0
20000,0.58,20022.94;0
20000,0.58,20023.07;0
20000,0.58,20023.19;0
20000,0.58,20023.32;0
20000,0.58,20023.32;0
20000,0.58,20023.32;0
20000,0.58,20023.32;0
20000,0.58,20023.32;0
20000,0.58,20023.32;0
20000,0.58,20023.32;0
20000,0.58,20023.32;0
20000,0.58,20023.32;0
20000,0.58,20023.32;0
20000,0.58,20023.32;0
20000,0.58,20023.32;0
20000,0.58,20023.32;0
20000,0.58,20023.32;0
20000,0.58,20023.32;0
20000,0.58,20023.32;0
20000,0.58,20023.32;0
20000,0.58,20023.32;0
20000,0.58,20023.32;0
20000,0.58,20023.32;0
20000,0.58,20023.32;0
20000,0.58,20023.32;0
20000,0.58,20023.32;0
20000,0.58,20023.32;0
20000,0.58,20023.32;0
20000,0.58,20023.32;0
20000,0.58,20023.32;0
20000,0.58,20023.32;0
20000,0.58,20023.32;0
20000,0.58,20023.32;0
20000,0.58,20023.32;0
20000,0.58,20023.32;0
20000,0.58,20023.32;0
20000,0.58,20023.32;0
20000,0.58,20023.32;0
20000,0.58,20023.32;0
20000,0.58,20023.32;0
20000,0.58,20023.32;0
20000,0.58,20023.32;0
20000,0.58,20023.32;0
20000,0.58,20023.32;0
20000,0.58,20023.32;0
20000,0.58,20023.32;0
20000,0.58,20023.32;0
20000,0.58,20023.32;0
20000,0.58,20023.32;0
20000,0.58,20023.32;0
20000,0.58,20023.32;0
20000,0.58,20023.32;0
20000,0.58,20023.32;0
20000,0.58,20023.32;0
20000,0.58,20023.32;0
20000,0.58,20023.32;0
20000,0.58,20023.32;0
20000,0.58,20023.32;0
20000,0.58,20023.32;0
20000,0.58,20023.32;0
20000,0.58,20023.32;0
20000,0.58,20023.32;0
20000,0.58,20023.32;0
20000,0.58,20023.32;0
20000,0.58,20023.32;0
20000,0.58,20023.32;0
20000,0.58,20023.45;0
20000,0.58,20023.45;0
20000,0.58,20023.58;0
20000,0.58,20023.58;0
20000,0.58,20023.71;0
20000,0.58,20023.83;0
20000,0.58,20023.96;0
20000,0.58,20024.09;0
20000,0.58,20024.21;0
20000,0.58,20024.34;0
20000,0.58,20024.47;0
20000,0.58,20024.47;0
20000,0.58,20024.59;0
20000,0.58,20024.72;0
20000,0.58,20024.85;0
20000,0.58,20024.97;0
20000,0.58,20025.1;0
20000,0.58,20025.1;0
20000,0.58,20025.23;0
20000,0.58,20025.36;0
20000,0.58,20025.48;0
20000,0.58,20025.61;0
20000,0.58,20025.61;0
20000,0.58,20025.74;0
20000,0.58,20025.86;0
20000,0.58,20025.99;0
20000,0.58,20026.12;0
20000,0.58,20026.24;0
20000,0.58,20026.24;0
20000,0.58,20026.37;0
20000,0.58,20026.5;0
20000,0.58,20026.63;0
20000,0.58,20026.75;0
20000,0.58,20026.88;0
20000,0.58,20026.88;0
20000,0.58,20027.01;0
20000,0.58,20027.13;0
20000,0.58,20027.26;0
20000,0.58,20027.39;0
20000,0.58,20027.39;0
20000,0.58,20027.52;0
20000,0.58,20027.52;0
20000,0.58,20027.52;0
20000,0.58,20027.52;0
20000,0.58,20027.52;0
20000,0.58,20027.52;0
20000,0.58,20027.52;0
20000,0.58,20027.52;0
20000,0.58,20027.52;0
20000,0.58,20027.64;0
20000,0.58,20027.77;0
20000,0.58,20027.77;0
20000,0.58,20027.77;0
20000,0.58,20027.77;0
20000,0.58,20027.77;0
20000,0.58,20027.77;0
20000,0.58,20027.77;0
20000,0.58,20027.9;0
20000,0.58,20027.9;0
20000,0.58,20028.02;0
20000,0.58,20028.02;0
20000,0.58,20028.02;0
20000,0.58,20028.15;0
20000,0.58,20028.28;0
20000,0.58,20028.28;0
20000,0.58,20028.28;0
20000,0.58,20028.4;0
20000,0.58,20028.53;0
20000,0.58,20028.66;0
20000,0.58,20028.79;0
20000,0.58,20028.79;0
20000,0.58,20028.91;0
20000,0.58,20028.91;0
20000,0.58,20028.91;0
20000,0.58,20028.91;0
20000,0.58,20028.91;0
20000,0.58,20028.91;0
20000,0.58,20028.91;0
20000,0.58,20029.04;0
20000,0.58,20029.04;0
20000,0.58,20029.04;0
20000,0.58,20029.04;0
20000,0.58,20029.04;0
20000,0.58,20029.04;0
20000,0.58,20029.04;0
20000,0.58,20029.04;0
20000,0.58,20029.04;0
20000,0.58,20029.04;0
20000,0.58,20029.04;0
20000,0.58,20029.17;0
20000,0.58,20029.17;0
20000,0.58,20029.17;0
20000,0.58,20029.17;0
20000,0.58,20029.17;0
20000,0.58,20029.17;0
20000,0.58,20029.17;0
20000,0.58,20029.17;0
20000,0.58,20029.17;0
20000,0.58,20029.17;0
20000,0.58,20029.17;0
20000,0.58,20029.17;0
20000,0.58,20029.17;0
20000,0.58,20029.17;0
20000,0.58,20029.17;0
20000,0.58,20029.17;0
20000,0.58,20029.17;0
20000,0.58,20029.17;0
20000,0.58,20029.17;0
20000,0.58,20029.29;0
20000,0.58,20029.42;0
20000,0.58,20029.42;0
20000,0.58,20029.55;0
20000,0.58,20029.67;0
20000,0.58,20029.8;0
20000,0.58,20029.93;0
20000,0.58,20030.05;0
20000,0.58,20030.05;0
20000,0.58,20030.18;0
20000,0.58,20030.31;0
20000,0.58,20030.44;0
20000,0.58,20030.56;0
20000,0.58,20030.69;0
20000,0.58,20030.69;0
20000,0.58,20030.82;0
20000,0.58,20030.94;0
20000,0.58,20031.07;0
20000,0.58,20031.2;0
20000,0.58,20031.32;0
20000,0.58,20031.32;0
20000,0.58,20031.45;0
20000,0.58,20031.58;0
20000,0.58,20031.71;0
20000,0.58,20031.83;0
20000,0.58,20031.83;0
20000,0.58,20031.96;0
20000,0.58,20032.09;0
20000,0.58,20032.21;0
20000,0.58,20032.34;0
20000,0.58,20032.47;0
20000,0.58,20032.47;0
20000,0.58,20032.6;0
20000,0.58,20032.72;0
20000,0.58,20032.85;0
20000,0.58,20032.98;0
20000,0.58,20033.1;0
20000,0.58,20033.1;0
20000,0.58,20033.23;0
20000,0.58,20033.36;0
20000,0.58,20033.36;0
20000,0.58,20033.36;0
20000,0.58,20033.36;0
20000,0.58,20033.36;0
20000,0.58,20033.36;0
20000,0.58,20033.36;0
20000,0.58,20033.36;0
20000,0.58,20033.48;0
20000,0.58,20033.61;0
20000,0.58,20033.61;0
20000,0.58,20033.61;0
20000,0.58,20033.74;0
20000,0.58,20033.74;0
20000,0.58,20033.74;0
20000,0.58,20033.74;0
20000,0.58,20033.74;0
20000,0.58,20033.74;0
20000,0.58,20033.87;0
20000,0.58,20033.99;0
20000,0.58,20034.12;0
20000,0.58,20034.25;0
20000,0.58,20034.37;0
20000,0.58,20034.5;0
20000,0.58,20034.5;0
20000,0.58,20034.63;0
20000,0.58,20034.75;0
20000,0.58,20034.88;0
20000,0.58,20035.01;0
20000,0.58,20035.13;0
20000,0.58,20035.13;0
20000,0.58,20035.26;0
20000,0.58,20035.39;0
20000,0.58,20035.52;0
20000,0.58,20035.64;0
20000,0.58,20035.64;0
20000,0.58,20035.77;0
20000,0.58,20035.9;0
20000,0.58,20035.9;0
20000,0.58,20035.9;0
20000,0.58,20035.9;0
20000,0.58,20035.9;0
20000,0.58,20035.9;0
20000,0.58,20035.9;0
20000,0.58,20035.9;0
20000,0.58,20035.9;0
20000,0.58,20035.9;0
20000,0.58,20035.9;0
20000,0.58,20035.9;0
20000,0.58,20035.9;0
20000,0.58,20035.9;0
20000,0.58,20035.9;0
20000,0.58,20035.9;0
20000,0.58,20035.9;0
20000,0.58,20035.9;0
20000,0.58,20035.9;0
20000,0.58,20035.9;0
20000,0.58,20035.9;0
20000,0.58,20035.9;0
20000,0.58,20035.9;0
20000,0.58,20035.9;0
20000,0.58,20035.9;0
20000,0.58,20035.9;0
20000,0.58,20035.9;0
20000,0.58,20035.9;0
20000,0.58,20035.9;0
20000,0.58,20035.9;0
20000,0.58,20035.9;0
20000,0.58,20035.9;0
20000,0.58,20035.9;0
20000,0.58,20035.9;0
20000,0.58,20035.9;0
20000,0.58,20035.9;0
20000,0.58,20035.9;0
20000,0.58,20035.9;0
20000,0.58,20035.9;0
20000,0.58,20036.02;0
20000,0.58,20036.15;0
20000,0.58,20036.15;0
20000,0.58,20036.28;0
20000,0.58,20036.4;0
20000,0.58,20036.53;0
20000,0.58,20036.53;0
20000,0.58,20036.66;0
20000,0.58,20036.79;0
20000,0.58,20036.91;0
20000,0.58,20037.04;0
20000,0.58,20037.17;0
20000,0.58,20037.17;0
20000,0.58,20037.29;0
20000,0.58,20037.42;0
20000,0.58,20037.55;0
20000,0.58,20037.68;0
20000,0.58,20037.8;0
20000,0.58,20037.8;0
20000,0.58,20037.93;0
20000,0.58,20038.06;0
20000,0.58,20038.18;0
20000,0.58,20038.31;0
20000,0.58,20038.44;0
20000,0.58,20038.44;0
20000,0.58,20038.56;0
20000,0.58,20038.69;0
20000,0.58,20038.82;0
20000,0.58,20038.95;0
20000,0.58,20038.95;0
20000,0.58,20039.07;0
20000,0.58,20039.2;0
20000,0.58,20039.33;0
20000,0.58,20039.45;0
20000,0.58,20039.58;0
20000,0.58,20039.58;0
20000,0.58,20039.71;0
20000,0.58,20039.83;0
20000,0.58,20039.96;0
20000,0.58,20040.09;0
20000,0.58,20040.21;0
20000,0.58,20040.21;0
20000,0.58,20040.21;0
20000,0.58,20040.34;0
20000,0.58,20040.34;0
20000,0.58,20040.34;0
20000,0.58,20040.34;0
20000,0.58,20040.34;0
20000,0.58,20040.34;0
20000,0.58,20040.34;0
20000,0.58,20040.34;0
20000,0.58,20040.34;0
20000,0.58,20040.34;0
20000,0.58,20040.34;0
20000,0.58,20040.47;0
20000,0.58,20040.6;0
20000,0.58,20040.72;0
20000,0.58,20040.85;0
20000,0.58,20040.98;0
20000,0.58,20040.98;0
20000,0.58,20041.1;0
20000,0.58,20041.23;0
20000,0.58,20041.36;0
20000,0.58,20041.48;0
20000,0.58,20041.48;0
20000,0.58,20041.61;0
20000,0.58,20041.74;0
20000,0.58,20041.87;0
20000,0.58,20041.99;0
20000,0.58,20042.12;0
20000,0.58,20042.12;0
20000,0.58,20042.25;0
20000,0.58,20042.37;0
20000,0.58,20042.5;0
20000,0.58,20042.63;0
20000,0.58,20042.76;0
20000,0.58,20042.76;0
20000,0.58,20042.88;0
20000,0.58,20043.01;0
20000,0.58,20043.14;0
20000,0.58,20043.14;0
20000,0.58,20043.14;0
20000,0.58,20043.14;0
20000,0.58,20043.14;0
20000,0.58,20043.14;0
20000,0.58,20043.14;0
20000,0.58,20043.26;0
20000,0.58,20043.26;0
20000,0.58,20043.26;0
20000,0.58,20043.26;0
20000,0.58,20043.26;0
20000,0.58,20043.26;0
20000,0.58,20043.26;0
20000,0.58,20043.26;0
20000,0.58,20043.26;0
20000,0.58,20043.26;0
20000,0.58,20043.26;0
20000,0.58,20043.26;0
20000,0.58,20043.26;0
20000,0.58,20043.26;0
20000,0.58,20043.26;0
20000,0.58,20043.26;0
20000,0.58,20043.26;0
20000,0.58,20043.26;0
20000,0.58,20043.26;0
20000,0.58,20043.26;0
20000,0.58,20043.26;0
20000,0.58,20043.26;0
20000,0.58,20043.26;0
20000,0.58,20043.26;0
20000,0.58,20043.26;0
20000,0.58,20043.26;0
20000,0.58,20043.26;0
20000,0.58,20043.26;0
20000,0.58,20043.26;0
20000,0.58,20043.39;0
20000,0.58,20043.39;0
20000,0.58,20043.52;0
20000,0.58,20043.64;0
20000,0.58,20043.77;0
20000,0.58,20043.9;0
20000,0.58,20044.03;0
20000,0.58,20044.03;0
20000,0.58,20044.15;0
20000,0.58,20044.28;0
20000,0.58,20044.41;0
20000,0.58,20044.53;0
20000,0.58,20044.66;0
20000,0.58,20044.66;0
20000,0.58,20044.79;0
20000,0.58,20044.91;0
20000,0.58,20045.04;0
20000,0.58,20045.17;0
20000,0.58,20045.17;0
20000,0.58,20045.29;0
20000,0.58,20045.42;0
20000,0.58,20045.55;0
20000,0.58,20045.68;0
20000,0.58,20045.8;0
20000,0.58,20045.8;0
20000,0.58,20045.93;0
20000,0.58,20046.06;0
20000,0.58,20046.18;0
20000,0.58,20046.31;0
20000,0.58,20046.44;0
20000,0.58,20046.44;0
20000,0.58,20046.56;0
20000,0.58,20046.69;0
20000,0.58,20046.82;0
20000,0.58,20046.95;0
20000,0.58,20047.07;0
20000,0.58,20047.07;0
20000,0.58,20047.2;0
20000,0.58,20047.33;0
20000,0.58,20047.45;0
