20000,0.5,20000;0
20000,0.5799595,20000.01;359.9857
20000,0.5799595,20000.01;359.9857
20000,0.5799595,20000.01;359.9857
20000,0.5799595,20000.01;359.9713
20000,0.5799595,20000.01;359.9713
20000,0.5799595,20000.01;359.9713
20000,0.5799595,20000.01;359.9713
20000,0.5799595,20000.02;359.957
20000,0.5799595,20000.02;359.957
20000,0.5799595,20000.02;359.957
20000,0.5799595,20000.02;359.957
20000,0.5799595,20000.02;359.9427
20000,0.5799595,20000.02;359.9427
20000,0.5799595,20000.02;359.9427
20000,0.5799595,20000.02;359.9427
20000,0.5799595,20000.02;359.9427
20000,0.5799999,20000.03;359.9284
20000,0.5799999,20000.03;359.9284
20000,0.5799999,20000.03;359.9284
20000,0.5799999,20000.03;359.9284
20000,0.5799999,20000.03;359.9284
20000,0.5799999,20000.03;359.9284
20000,0.5799999,20000.03;359.9284
20000,0.5799999,20000.03;359.9284
20000,0.5799999,20000.03;359.9141
20000,0.5799999,20000.03;359.9141
20000,0.5799999,20000.03;359.9141
20000,0.5799999,20000.03;359.9141
20000,0.5799999,20000.03;359.9141
20000,0.5799999,20000.03;359.9141
20000,0.58,19999.94;359.7708
20000,0.58,19999.95;359.8281
20000,0.58,19999.93;359.9284
20000,0.58,19999.87;0.02865668
20000,0.58,19999.81;0.1002717
20000,0.58,19999.74;0.1432406
20000,0.58,19999.7;0.1862096
20000,0.58,19999.71;0.2005326
20000,0.58,19999.72;0.1862096
20000,0.58,19999.74;0.1862096
20000,0.58,19999.82;0.04296892
20000,0.58,19999.97;359.7708
20000,0.58,20000.18;359.427
19999.99,0.58,20000.44;358.94
19999.99,0.58,20000.7;358.41
19999.98,0.58,20000.99;358.2811
19999.97,0.58,20001.3;358.1522
19999.96,0.58,20001.52;358.0233
19999.95,0.58,20001.81;357.8944
19999.94,0.58,20002.11;357.8371
19999.93,0.58,20002.36;357.7798
19999.92,0.58,20002.61;357.7225
19999.91,0.58,20002.9;357.6652
19999.89,0.58,20003.19;357.6079
19999.88,0.58,20003.48;357.5506
19999.87,0.58,20003.77;357.522
19999.86,0.58,20004.05;357.4074
19999.84,0.58,20004.3;357.2928
19999.83,0.58,20004.55;357.1782
19999.82,0.58,20004.84;357.0636
19999.8,0.58,20005.09;356.9776
19999.79,0.58,20005.37;356.8917
19999.78,0.58,20005.62;356.8058
19999.76,0.58,20005.87;356.7198
19999.75,0.58,20006.12;356.6339
19999.73,0.58,20006.4;356.5479
19999.71,0.58,20006.65;356.4763
19999.7,0.58,20006.88;355.889
19999.68,0.58,20007.05;355.3017
19999.68,0.58,20007.12;354.829
19999.67,0.58,20007.16;354.7288
19999.66,0.58,20007.26;354.3993
19999.65,0.58,20007.38;353.855
19999.63,0.58,20007.54;353.1388
19999.6,0.58,20007.73;351.864
19999.54,0.58,20008.12;350.4745
19999.46,0.58,20008.51;349.214
19999.39,0.58,20008.89;349.1854
19999.32,0.58,20009.25;348.8273
19999.26,0.58,20009.54;347.4092
19999.18,0.58,20009.84;346.0055
19999.1,0.58,20010.13;344.6447
19999.02,0.58,20010.41;343.2409
19998.94,0.58,20010.64;342.0378
19998.84,0.58,20010.94;340.634
19998.73,0.58,20011.22;339.2302
19998.62,0.58,20011.5;338.2562
19998.52,0.58,20011.74;336.8381
19998.42,0.58,20011.96;335.6206
19998.3,0.58,20012.2;334.2025
19998.15,0.58,20012.49;332.7988
19997.98,0.58,20012.8;331.395
19997.82,0.58,20013.09;330.0342
19997.64,0.58,20013.38;329.3467
19997.48,0.58,20013.63;327.9
19997.33,0.58,20013.88;327.8857
19997.15,0.58,20014.17;327.8713
19996.97,0.58,20014.45;327.857
19996.8,0.58,20014.72;327.8427
19996.63,0.58,20014.99;327.8284
19996.49,0.58,20015.22;327.814
19996.34,0.58,20015.45;327.7997
19996.21,0.58,20015.66;327.7567
19996.05,0.58,20015.91;327.7424
19995.99,0.58,20016.01;327.4559
19995.82,0.58,20016.27;326.5822
19995.64,0.58,20016.53;325.866
19995.44,0.58,20016.82;324.9636
19995.25,0.58,20017.07;323.9896
19995.18,0.58,20017.17;323.4166
19995.11,0.58,20017.26;322.8436
19994.99,0.58,20017.42;321.9698
19994.81,0.58,20017.64;320.9385
19994.58,0.58,20017.91;319.9932
19994.42,0.58,20018.1;318.9332
19994.22,0.58,20018.32;317.9592
19993.98,0.58,20018.57;316.8849
19993.74,0.58,20018.82;315.739
19993.49,0.58,20019.06;314.636
19993.24,0.58,20019.31;313.705
19992.99,0.58,20019.54;312.6736
19992.74,0.58,20019.76;311.6423
19992.46,0.58,20020;310.5966
19992.16,0.58,20020.24;309.3934
19991.9,0.58,20020.45;308.1759
19991.58,0.58,20020.69;306.9584
19991.36,0.58,20020.85;305.7408
19991.15,0.58,20021;304.7238
19990.83,0.58,20021.21;303.7068
19990.54,0.58,20021.4;302.8904
19990.22,0.58,20021.6;302.0596
19989.94,0.58,20021.76;300.8134
19989.62,0.58,20021.95;300.0685
19989.34,0.58,20022.11;299.8394
19989.27,0.58,20022.26;299.4813
19989.27,0.5800008,20022.44;299.467
19989.27,0.5800004,20022.61;298.407
19989.27,0.5800004,20022.75;298.2065
19989.27,0.5800008,20022.91;297.2611
19989.27,0.5800008,20023.05;296.0292
19989.27,0.5800011,20023.16;294.8403
19989.27,0.580001,20023.21;294.1957
19989.27,0.5800011,20023.21;294.1671
19989.27,0.5800011,20023.22;294.0811
19989.27,0.5800011,20023.25;293.7803
19989.27,0.5800013,20023.29;293.3793
19989.27,0.5800015,20023.34;292.8063
19989.27,0.5800017,20023.41;292.3766
19989.27,0.5800017,20023.42;292.0471
19989.27,0.5800017,20023.43;291.8323
19989.27,0.5800016,20023.46;291.6747
19989.27,0.5800021,20023.49;291.5888
19989.27,0.5800022,20023.52;291.4742
19989.27,0.5800022,20023.55;291.288
19989.27,0.580002,20023.59;291.0588
19989.27,0.5800022,20023.61;290.9442
19989.27,0.5800024,20023.63;290.9442
19989.27,0.5800022,20023.66;290.9012
19989.27,0.5800022,20023.75;290.8009
19989.27,0.5800024,20023.83;290.6291
19989.27,0.5800018,20023.91;290.4572
19989.27,0.5800021,20024;290.4142
19989.27,0.5800025,20024.08;290.3856
19989.27,0.5800022,20024.17;290.3712
19989.27,0.5800031,20024.24;290.3426
19989.27,0.5800033,20024.32;290.3426
19989.27,0.5800022,20024.4;290.3139
19989.27,0.5800014,20024.48;290.2996
19989.27,0.5800014,20024.57;290.2853
19989.27,0.580001,20024.62;290.2709
19989.28,0.580001,20024.62;290.1564
19989.29,0.580001,20024.61;290.1277
19989.3,0.580001,20024.61;290.0847
19989.31,0.580001,20024.6;290.0418
19989.31,0.580001,20024.6;290.0704
19989.3,0.580001,20024.61;289.8412
19989.28,0.5800011,20024.62;289.8126
19989.27,0.5800011,20024.63;289.8126
19989.3,0.5800011,20024.62;289.7696
19989.34,0.5800011,20024.61;289.7696
19989.37,0.5800011,20024.59;289.7696
19989.41,0.5800011,20024.58;289.655
19989.44,0.5800011,20024.57;289.6264
19989.47,0.5800011,20024.56;289.5404
19989.52,0.5800011,20024.54;289.5118
19989.65,0.5800011,20024.49;289.7123
19989.81,0.5800011,20024.44;289.9128
19990.04,0.5800011,20024.35;290.2709
19990.36,0.5800011,20024.23;290.6863
19990.57,0.5800011,20024.15;291.1017
19990.84,0.5800011,20024.04;291.4885
19991.15,0.5800011,20023.92;291.8752
19991.46,0.5800011,20023.79;292.2906
19991.77,0.5800011,20023.66;292.6917
19992.07,0.5800011,20023.53;293.0641
19992.33,0.5800011,20023.42;293.3936
19992.59,0.5800011,20023.31;293.7803
19992.88,0.5800011,20023.18;294.1527
19993.18,0.5800011,20023.04;294.5395
19993.48,0.5800011,20022.9;294.9262
19993.78,0.5800011,20022.76;295.3273
19994.07,0.5800011,20022.62;295.6567
19994.37,0.5800011,20022.47;296.0148
19994.63,0.5800011,20022.35;296.4159
19994.88,0.5800011,20022.22;296.8169
19995.18,0.5800011,20022.06;297.2037
19995.41,0.5800011,20021.94;297.5331
19995.51,0.5800011,20021.89;297.8053
19995.54,0.5800011,20021.88;297.9485
19995.55,0.5800011,20021.87;298.0917
19995.54,0.5800011,20021.88;298.235
19995.51,0.5800011,20021.89;298.3782
19995.47,0.5800011,20021.91;298.5215
19995.44,0.5800011,20021.93;298.6647
19995.39,0.5800011,20021.96;298.8079
19995.31,0.5800011,20022;298.9512
19995.24,0.5800011,20022.04;299.0944
19995.17,0.5800011,20022.08;299.2376
19995.13,0.5800011,20022.1;299.3809
19995.12,0.5800011,20022.11;299.5241
19995.14,0.5800011,20022.09;299.4812
19995.2,0.5800011,20022.06;299.4382
19995.23,0.5800011,20022.04;299.3952
19995.24,0.5800011,20022.04;299.3523
19995.24,0.5800011,20022.04;299.3093
19995.27,0.5800011,20022.02;299.3093
19995.29,0.5800011,20022.01;299.3093
19995.29,0.5800011,20022.01;299.3093
19995.27,0.5800011,20022.02;299.3093
19995.23,0.5800011,20022.04;299.3093
19995.09,0.5800011,20022.12;299.3093
19994.93,0.5800011,20022.21;299.1804
19994.77,0.5800011,20022.3;299.0658
19994.59,0.5800011,20022.4;298.9512
19994.3