20000,0.5,20000;0
20000,0.58,20000.25;0
20000,0.58,20000.51;0
20000,0.58,20000.76;359.957
20000,0.58,20000.8;359.957
20000,0.58,20001.03;359.957
20000,0.58,20001.24;359.957
20000,0.58,20001.46;359.957
20000,0.58,20001.69;359.957
20000,0.58,20001.93;359.9857
20000,0.58,20002.16;359.957
20000,0.58,20002.39;359.957
20000,0.58,20002.63;359.9427
20000,0.58,20002.85;359.8997
20000,0.58,20003.08;359.8424
20000,0.58,20003.28;359.8424
20000,0.58,20003.29;359.8424
20000,0.58,20003.29;359.8424
20000,0.58,20003.31;359.8424
20000,0.58,20003.55;359.8424
20000,0.58,20003.8;359.8711
19999.99,0.58,20004.06;359.8711
19999.99,0.58,20004.31;359.8711
19999.99,0.58,20004.57;359.8711
19999.99,0.58,20004.82;359.8568
19999.99,0.58,20005.07;359.8424
19999.99,0.58,20005.33;359.8854
19999.99,0.58,20005.58;359.9141
19999.99,0.58,20005.84;1.072553E-05
19999.99,0.58,20006.09;0.04297971
19999.99,0.58,20006.34;0.04297971
19999.99,0.58,20006.6;0.1002717
19999.99,0.58,20006.85;0.1002717
19999.99,0.58,20007.11;0.1289177
19999.99,0.58,20007.36;0.1145947
19999.99,0.58,20007.61;0.1145947
19999.99,0.58,20007.87;0.1289177
20000,0.58,20008.12;0.1289177
20000,0.58,20008.38;0.1289177
20000,0.58,20008.63;0.1289177
20000,0.58,20008.88;0.1289177
20000,0.58,20009.14;0.1289177
20000,0.58,20009.39;0.1002717
20000,0.58,20009.65;0.1002717
20000,0.58,20009.9;0.1289177
20000,0.58,20010.15;0.1289177
20000,0.58,20010.41;0.1289177
20000,0.58,20010.54;0.1432407
20000,0.58,20010.54;0.1432407
20000,0.58,20010.54;0.1432407
20000,0.58,20010.65;0.1575637
20000,0.58,20010.79;0.1718867
20000,0.58,20010.89;0.1862097
20000,0.58,20010.96;0.2005327
20000,0.58,20011.09;0.2148557
20000,0.58,20011.27;0.2291787
20000,0.58,20011.48;0.2435017
20000.01,0.58,20011.66;0.2578246
20000.01,0.58,20011.74;0.2721476
20000.01,0.58,20011.75;0.2864706
20000.01,0.58,20011.81;0.2864706
20000.01,0.58,20011.92;0.08593796
20000.01,0.58,20012.04;0.05729197
20000.01,0.58,20012.16;0.02864598
20000.01,0.58,20012.28;359.8997
20000.01,0.58,20012.39;359.7565
20000,0.58,20012.53;359.6849
20000,0.58,20012.63;359.6849
20000,0.58,20012.64;359.6992
20000,0.58,20012.65;359.7135
20000,0.58,20012.68;359.7278
20000,0.58,20012.7;359.7422
20000,0.58,20012.69;359.7565
20000,0.58,20012.7;359.7708
20000,0.58,20012.71;359.7851
20000,0.58,20012.72;359.7995
20000,0.58,20012.73;359.8138
20000,0.58,20012.74;359.8281
20000,0.58,20012.75;359.6992
20000,0.58,20012.77;359.5559
20000,0.58,20012.78;359.4127
20000,0.58,20012.8;359.2981
20000,0.58,20012.82;359.1549
20000,0.58,20012.85;358.9973
20000,0.58,20012.87;358.9257
20000,0.58,20012.89;358.8541
20000,0.58,20012.92;358.7825
20000,0.58,20012.93;358.7108
20000,0.58,20012.93;358.6679
20000,0.58,20012.93;358.5963
20000,0.58,20012.93;358.5676
20000,0.58,20012.93;358.496
20000,0.58,20012.93;358.4817
20000,0.58,20012.93;358.453
20000,0.58,20012.93;358.453
20000,0.58,20012.94;358.4387
20000,0.58,20012.94;358.4387
20000,0.58,20012.95;358.4387
20000,0.58,20012.96;358.4387
20000,0.58,20012.96;358.4387
20000,0.58,20012.96;358.4387
20000,0.58,20012.96;358.4817
20000,0.58,20012.96;358.5247
20000,0.58,20012.96;358.539
20000,0.58,20012.96;358.539
20000,0.58,20012.97;358.539
20000,0.58,20012.98;358.539
20000,0.58,20012.99;358.539
20000,0.58,20013;358.539
20000,0.58,20013.01;358.539
20000,0.58,20013.02;358.539
20000,0.58,20013.04;358.539
20000,0.58,20013.05;358.5819
20000,0.58,20013.07;358.5819
20000,0.58,20013.09;358.5819
20000,0.58,20013.1;358.5819
20000,0.58,20013.13;358.5819
19999.99,0.58,20013.15;358.5819
19999.99,0.58,20013.17;358.5819
19999.99,0.58,20013.2;358.5819
19999.99,0.58,20013.23;358.5963
19999.99,0.58,20013.26;358.6106
19999.99,0.58,20013.29;358.6249
19999.99,0.58,20013.32;358.6392
19999.99,0.58,20013.35;358.6536
19999.99,0.58,20013.38;358.6679
19999.99,0.58,20013.42;358.6965
19999.99,0.58,20013.45;358.7252
19999.99,0.58,20013.49;358.7968
19999.99,0.58,20013.54;358.8684
19999.99,0.58,20013.58;358.94
19999.98,0.58,20013.63;359.0116
19999.98,0.58,20013.64;359.0546
19999.98,0.58,20013.64;359.0546
19999.98,0.58,20013.64;359.0546
19999.98,0.58,20013.64;359.0546
19999.98,0.58,20013.64;359.0546
19999.98,0.58,20013.67;359.0976
19999.98,0.58,20013.67;359.1405
19999.98,0.58,20013.68;359.1835
19999.98,0.58,20013.69;359.2265
19999.98,0.58,20013.71;359.2694
19999.98,0.58,20013.74;359.3124
19999.98,0.58,20013.77;359.3554
19999.98,0.58,20013.79;359.3983
19999.98,0.58,20013.81;359.4413
19999.98,0.58,20013.82;359.4843
19999.98,0.58,20013.84;359.5273
19999.98,0.58,20013.85;359.5702
19999.98,0.58,20013.87;359.6132
19999.98,0.58,20013.88;359.6562
19999.98,0.58,20013.91;359.6991
19999.98,0.58,20013.94;359.7421
19999.98,0.58,20013.96;359.7851
19999.98,0.58,20013.98;359.828
19999.98,0.58,20014;359.871
19999.98,0.58,20014.02;359.914
19999.98,0.58,20014.04;359.9569
19999.98,0.58,20014.06;-8.620778E-05
19999.98,0.58,20014.09;0.04288278
19999.98,0.58,20014.11;0.08585176
19999.98,0.58,20014.13;0.1288207
19999.98,0.58,20014.17;0.1717897
19999.98,0.58,20014.2;0.2147587
19999.98,0.58,20014.22;0.2577277
19999.98,0.58,20014.26;0.3006967
19999.98,0.58,20014.29;0.3436657
19999.98,0.58,20014.33;0.3866346
19999.98,0.58,20014.37;0.4296036
19999.98,0.58,20014.41;0.4725727
19999.98,0.58,20014.46;0.5012187
19999.98,0.58,20014.5;0.5298646
19999.98,0.58,20014.53;0.5585106
19999.98,0.58,20014.56;0.5871567
19999.98,0.58,20014.58;0.6158025
19999.98,0.58,20014.61;0.6444486
19999.99,0.58,20014.65;0.6730946
19999.99,0.58,20014.68;0.7303866
19999.99,0.58,20014.71;0.7876785
19999.99,0.58,20014.73;0.8020015
19999.99,0.58,20014.74;0.9452422
19999.99,0.58,20014.76;1.217401
19999.99,0.58,20014.77;1.231723
19999.99,0.58,20014.79;1.432256
19999.99,0.58,20014.81;1.661435
19999.99,0.58,20014.83;1.890613
19999.99,0.58,20014.85;2.148449
19999.99,0.58,20014.87;2.434931
19999.99,0.58,20014.9;2.563848
19999.99,0.58,20014.93;2.821683
19999.99,0.58,20014.95;3.122488
20000,0.58,20014.98;3.408969
20000,0.58,20015.01;3.681128
20000,0.58,20015.04;3.695451
20000,0.58,20015.08;3.96761
20000.01,0.58,20015.11;4.239768
20000.01,0.58,20015.14;4.511926
20000.01,0.58,20015.18;4.798408
20000.01,0.58,20015.22;5.070567
20000.02,0.58,20015.26;5.342725
20000.02,0.58,20015.3;5.60056
20000.03,0.58,20015.34;5.858396
20000.03,0.58,20015.39;6.144876
20000.04,0.58,20015.43;6.431357
20000.04,0.58,20015.48;6.717839
20000.05,0.58,20015.52;6.989997
20000.05,0.58,20015.57;7.290802
20000.06,0.58,20015.62;7.591606
20000.07,0.58,20015.68;7.878087
20000.07,0.58,20015.72;8.164568
20000.08,0.58,20015.76;8.422403
20000.09,0.58,20015.79;8.479696
20000.09,0.58,20015.82;8.737531
20000.09,0.58,20015.86;8.995368
20000.1,0.58,20015.89;9.1959
20000.1,0.58,20015.91;9.511028
20000.11,0.58,20015.92;9.840478
20000.11,0.58,20015.93;10.11264
20000.11,0.58,20015.95;10.41344
20000.11,0.58,20015.96;10.72857
20000.11,0.58,20015.96;11.00073
20000.12,0.58,20015.97;11.27289
20000.12,0.58,20015.98;11.50206
20000.12,0.58,20015.98;11.77422
20000.12,0.58,20015.99;12.04638
20000.12,0.58,20016;12.27556
20000.12,0.58,20016;12.49042
20000.12,0.58,20016.01;12.73393
20000.12,0.58,20016.01;12.99176
20000.13,0.58,20016.01;13.26392
20000.13,0.58,20016.02;13.47878
20000.13,0.58,20016.02;13.67931
20000.13,0.58,20016.03;13.90849
20000.13,0.58,20016.04;14.18065
20000.13,0.58,20016.04;14.43848
20000.13,0.58,20016.05;14.71064
20000.14,0.58,20016.06;14.9828
20000.14,0.58,20016.07;15.25496
20000.14,0.58,20016.08;15.52711
20000.15,0.58,20016.09;15.82792
20000.15,0.58,20016.11;16.02845
20000.15,0.58,20016.12;16.24331
20000.16,0.58,20016.13;16.51547
20000.16,0.58,20016.15;16.74464
20000.17,0.58,20016.16;17.00248
20000.17,0.58,20016.18;17.24599
20000.18,0.58,20016.2;17.50383
20000.18,0.58,20016.22;17.77599
20000.19,0.58,20016.23;18.06247
20000.2,0.58,20016.25;18.34895
20000.2,0.58,20016.27;18.62111
20000.21,0.58,20016.29;18.87894
20000.21,0.58,20016.3;19.13678
20000.22,0.58,20016.32;19.40894
20000.22,0.58,20016.34;19.66677
20000.23,0.58,20016.36;19.95325
20000.24,0.58,20016.37;20.21109
20000.24,0.58,20016.38;20.49757
20000.25,0.58,20016.4;20.78405
20000.25,0.58,20016.41;21.02757
20000.25,0.58,20016.42;21.2854
20000.26,0.58,20016.43;21.52891
20000.26,0.58,20016.44;21.78675
20000.27,0.58,20016.45;22.01592
20000.27,0.58,20016.45;22.2451
20000.27,0.58,20016.46;22.48862
20000.28,0.58,20016.47;22.70347
20000.28,0.58,20016.47;22.94699
20000.28,0.58,20016.48;23.0759
20000.28,0.58,20016.48;23.1332
20000.29,0.58,20016.51;23.19049
20000.3,0.58,20016.53;23.17616
20000.32,0.58,20016.57;23.1332
20000.33,0.58,20016.59;23.11887
20000.33,0.58,20016.61;23.06158
20000.34,0.58,20016.63;22.94698
20000.35,0.58,20016.64;22.94698
20000.36,0.58,20016.66;22.91834
20000.36,0.58,20016.67;22.87537
20000.37,0.58,20016.69;22.8324
20000.37,0.58,20016.7;22.80375
20000.38,0.58,20016.71;22.76078
20000.38,0.58,20016.72;22.64619
20000.38,0.58,20016.71;22.63186
20000.37,0.58,20016.7;22.61754
20000.38,0.58,20016.7;22.51727
20000.37,0.58,20016.7;22.28809
20000.37,0.58,20016.7;21.90135
20000.37,0.58,20016.69;21.60054
20000.37,0.58,20016.69;21.37136
20000.37,0.58,20016.69;21.14219
20000.37,0.58,20016.69;20.84138
20000.37,0.58,20016.69;20.62652
20000.37,0.58,20016.68;20.41167
20000.37,0.58,20016.68;20.15384
20000.37,0.58,20016.68;19.88168
20000.37,0.58,20016.68;19.68114
20000.37,0.58,20016.68;19.52358
20000.37,0.58,20016.68;19.32305
20000.37,0.58,20016.68;19.13684
20000.37,0.58,20016.68;18.97927
20000.37,0.58,20016.68;18.82171
20000.37,0.58,20016.68;18.67847
20000.37,0.58,20016.68;18.53523
20000.37,0.58,20016.68;18.39199
20000.37,0.58,20016.68;18.2774
20000.37,0.58,20016.68;18.17713
20000.37,0.58,20016.68;18.04821
20000.37,0.58,20016.68;17.93362
20000.36,0.58,20016.67;17.84767
20000.36,0.58,20016.67;17.76172
20000.36,0.58,20016.67;17.67577
20000.36,0.58,20016.66;17.5755
20000.36,0.58,20016.66;17.47523
20000.36,0.58,20016.65;17.37496
20000.35,0.58,20016.64;17.26036
20000.35,0.58,20016.64;17.18875
20000.35,0.58,20016.63;17.13146
20000.35,0.58,20016.62;17.05985
20000.34,0.58,20016.61;16.98824
20000.34,0.58,20016.6;16.93094
20000.34,0.58,20016.59;16.85933
20000.34,0.58,20016.58;16.77338
20000.33,0.58,20016.57;16.70177
20000.33,0.58,20016.56;16.6588
20000.33,0.58,20016.55;16.60151
20000.32,0.58,20016.54;16.51556
20000.32,0.58,20016.52;16.45827
20000.31,0.58,20016.5;16.40098
20000.31,0.58,20016.49;16.32936
20000.3,0.58,20016.47;16.30072
20000.3,0.58,20016.45;16.24343
20000.29,0.58,20016.43;16.20046
20000.29,0.58,20016.41;16.14317
20000.28,0.58,20016.39;16.08587
20000.27,0.58,20016.37;16.04291
20000.27,0.58,20016.35;15.99994
20000.26,0.58,20016.33;15.95697
20000.25,0.58,20016.3;15.89967
20000.25,0.58,20016.28;15.84238
20000.24,0.58,20016.25;15.77077
20000.23,0.58,20016.23;15.71348
20000.23,0.58,20016.2;15.65619
20000.22,0.58,20016.18;15.61322
20000.21,0.58,20016.15;15.57025
20000.2,0.58,20016.12;15.49863
20000.19,0.58,20016.09;15.44134
20000.19,0.58,20016.05;15.36973
20000.18,0.58,20016.02;15.31244
20000.17,0.58,20015.99;15.28379
20000.16,0.58,20015.96;15.22649
20000.15,0.58,20015.92;15.18353
20000.14,0.58,20015.88;15.12624
20000.13,0.58,20015.85;15.09759
20000.12,0.58,20015.82;15.0403
20000.11,0.58,20015.78;14.99733
20000.1,0.58,20015.74;14.94004
20000.09,0.58,20015.7;14.88275
20000.08,0.58,20015.67;14.8541
20000.07,0.58,20015.63;14.78249
20000.06,0.58,20015.59;14.73952
20000.05,0.58,20015.55;14.68223
20000.04,0.58,20015.51;14.61061
20000.03,0.58,20015.47;14.55332
20000.02,0.58,20015.43;14.51035
20000.01,0.58,20015.39;14.46738
20000,0.58,20015.35;14.39577
19999.99,0.58,20015.31;14.36712
19999.98,0.58,20015.27;14.32415
19999.96,0.58,20015.22;14.29551
19999.96,0.58,20015.18;14.2239
19999.94,0.58,20015.14;14.18093
19999.94,0.58,20015.1;14.12363
19999.92,0.58,20015.06;14.09499
19999.91,0.58,20015.02;14.06634
19999.9,0.58,20014.97;14.00905
19999.89,0.58,20014.93;13.96608
19999.88,0.58,20014.88;13.90879
19999.87,0.58,20014.84;13.85149
19999.86,0.58,20014.79;13.7942
19999.85,0.58,20014.75;13.76556
19999.84,0.58,20014.7;13.70827
19999.82,0.58,20014.65;13.65097
19999.81,0.58,20014.61;13.59368
19999.8,0.58,20014.56;13.53639
19999.79,0.58,20014.52;13.53639
19999.78,0.58,20014.47;13.4791
19999.77,0.58,20014.43;13.43613
19999.76,0.58,20014.38;13.37883
19999.75,0.58,20014.34;13.35019
19999.74,0.58,20014.3;13.32154
19999.73,0.58,20014.25;13.26425
19999.72,0.58,20014.21;13.20696
19999.71,0.58,20014.16;13.17831
19999.7,0.58,20014.12;13.12102
19999.69,0.58,20014.07;13.07805
19999.68,0.58,20014.03;13.0494
19999.67,0.58,20013.99;13.02076
19999.66,0.58,20013.95;12.96346
19999.65,0.58,20013.9;12.93482
19999.64,0.58,20013.86;12.90617
19999.63,0.58,20013.82;12.89185
19999.62,0.58,20013.77;12.82023
19999.61,0.58,20013.73;12.76294
19999.6,0.58,20013.69;12.76294
19999.59,0.58,20013.65;12.70565
19999.58,0.58,20013.62;12.66268
19999.57,0.58,20013.58;12.64836
19999.56,0.58,20013.54;12.63404
19999.56,0.58,20013.5;12.61971
19999.55,0.58,20013.46;12.59107
19999.54,0.58,20013.43;12.57674
19999.53,0.58,20013.39;12.57674
19999.53,0.58,20013.36;12.57674
19999.52,0.58,20013.33;12.56242
19999.51,0.58,20013.29;12.51945
19999.5,0.58,20013.26;12.50513
19999.5,0.58,20013.23;12.46216
19999.49,0.58,20013.21;12.43351
19999.48,0.58,20013.18;12.41919
19999.48,0.58,20013.15;12.37622
19999.47,0.58,20013.13;12.34758
19999.47,0.58,20013.11;12.33325
19999.47,0.58,20013.1;12.31893
19999.46,0.58,20013.08;12.29028
19999.46,0.58,20013.06;12.26164
19999.46,0.58,20013.04;12.24731
19999.45,0.58,20013.03;12.21867
19999.45,0.58,20013.01;12.21867
19999.45,0.58,20013;12.1757
19999.44,0.58,20012.99;12.16138
19999.44,0.58,20012.98;12.16138
19999.44,0.58,20012.97;12.13273
19999.44,0.58,20012.97;12.13273
19999.44,0.58,20012.96;12.11841
19999.44,0.58,20012.96;12.08976
19999.44,0.58,20012.96;12.08976
19999.44,0.58,20012.96;12.07544
19999.44,0.58,20012.96;12.06111
19999.44,0.58,20012.96;12.04679
19999.44,0.58,20012.96;12.01815
19999.44,0.58,20012.97;12.00382
19999.44,0.58,20012.98;11.97518
19999.44,0.58,20012.99;11.96085
19999.45,0.58,20013;11.91788
19999.45,0.58,20013.01;11.91788
19999.45,0.58,20013.02;11.86059
19999.45,0.58,20013.03;11.84627
19999.46,0.58,20013.05;11.83195
19999.46,0.58,20013.06;11.81762
19999.46,0.58,20013.08;11.8033
19999.47,0.58,20013.1;11.76033
19999.47,0.58,20013.12;11.71736
19999.47,0.58,20013.14;11.68871
19999.48,0.58,20013.16;11.64574
19999.48,0.58,20013.18;11.57413
19999.49,0.58,20013.2;11.54548
19999.49,0.58,20013.22;11.53116
19999.49,0.58,20013.24;11.50251
19999.5,0.58,20013.26;11.4309
19999.5,0.58,20013.28;11.35929
19999.51,0.58,20013.31;11.34496
19999.51,0.58,20013.33;11.28767
19999.52,0.58,20013.36;11.25902
19999.53,0.58,20013.39;11.23038
19999.53,0.58,20013.42;11.18741
19999.54,0.58,20013.45;11.14444
19999.54,0.58,20013.47;11.11579
19999.55,0.58,20013.51;11.08715
19999.55,0.58,20013.54;11.04418
19999.56,0.58,20013.57;11.01553
19999.57,0.58,20013.6;11.00121
19999.57,0.58,20013.63;10.94392
19999.58,0.58,20013.66;10.91527
19999.59,0.58,20013.7;10.90095
19999.59,0.58,20013.73;10.88663
19999.6,0.58,20013.77;10.8723
19999.61,0.58,20013.81;10.85798
19999.61,0.58,20013.84;10.84366
19999.62,0.58,20013.88;10.82933
19999.63,0.58,20013.92;10.82933
19999.63,0.58,20013.95;10.80069
19999.64,0.58,20013.99;10.78636
19999.65,0.58,20014.03;10.77204
19999.66,0.58,20014.06;10.75772
19999.66,0.58,20014.1;10.71475
19999.67,0.58,20014.14;10.6861
19999.68,0.58,20014.18;10.67178
19999.68,0.58,20014.22;10.64313
19999.69,0.58,20014.26;10.62881
19999.7,0.58,20014.29;10.61449
19999.71,0.58,20014.33;10.60016
19999.71,0.58,20014.38;10.58584
19999.72,0.58,20014.42;10.57152
19999.73,0.58,20014.46;10.5572
19999.74,0.58,20014.5;10.54287
19999.74,0.58,20014.54;10.52855
19999.75,0.58,20014.58;10.51423
19999.76,0.58,20014.62;10.4999
19999.77,0.58,20014.66;10.4999
19999.77,0.58,20014.7;10.4999
19999.78,0.58,20014.73;10.4999
19999.79,0.58,20014.77;10.4999
19999.79,0.58,20014.81;10.48558
19999.8,0.58,20014.85;10.48558
19999.81,0.58,20014.88;10.45693
19999.81,0.58,20014.92;10.42829
19999.82,0.58,20014.95;10.39964
19999.83,0.58,20014.99;10.38532
19999.83,0.58,20015.03;10.38532
19999.84,0.58,20015.06;10.371
19999.85,0.58,20015.1;10.371
19999.85,0.58,20015.13;10.34235
19999.86,0.58,20015.16;10.32803
19999.87,0.58,20015.2;10.31371
19999.87,0.58,20015.23;10.28506
19999.88,0.58,20015.26;10.27074
19999.88,0.58,20015.29;10.27074
19999.89,0.58,20015.32;10.22777
19999.89,0.58,20015.35;10.22777
19999.9,0.58,20015.38;10.21345
19999.9,0.58,20015.4;10.19912
19999.91,0.58,20015.43;10.1848
19999.91,0.58,20015.46;10.17048
19999.92,0.58,20015.48;10.17048
19999.92,0.58,20015.51;10.17048
19999.93,0.58,20015.54;10.12751
19999.93,0.58,20015.56;10.12751
19999.94,0.58,20015.59;10.12751
19999.94,0.58,20015.61;10.12751
19999.94,0.58,20015.63;10.11319
19999.95,0.58,20015.65;10.09886
19999.95,0.58,20015.67;10.09886
19999.96,0.58,20015.69;10.09886
19999.96,0.58,20015.71;10.08454
19999.96,0.58,20015.73;10.08454
19999.96,0.58,20015.75;10.08454
19999.97,0.58,20015.76;10.08454
19999.97,0.58,20015.78;10.08454
19999.97,0.58,20015.79;10.08454
19999.97,0.58,20015.8;10.07022
19999.98,0.58,20015.81;10.07022
19999.98,0.58,20015.82;10.04157
19999.98,0.58,20015.83;10.04157
19999.98,0.58,20015.84;10.04157
19999.98,0.58,20015.85;10.04157
19999.98,0.58,20015.86;10.04157
19999.98,0.58,20015.87;10.04157
19999.99,0.58,20015.87;10.04157
19999.99,0.58,20015.88;10.04157
19999.99,0.58,20015.88;10.04157
19999.99,0.58,20015.89;10.04157
19999.99,0.58,20015.89;10.04157
19999.99,0.58,20015.89;10.04157
19999.99,0.58,20015.89;10.04157
19999.99,0.58,20015.9;10.04157
19999.99,0.58,20015.89;10.02725
19999.99,0.58,20015.89;9.998601
19999.99,0.58,20015.89;9.998601
19999.99,0.58,20015.89;9.969955
19999.99,0.58,20015.88;9.969955
19999.99,0.58,20015.88;9.969955
19999.99,0.58,20015.87;9.912663
19999.98,0.58,20015.87;9.884017
19999.98,0.58,20015.86;9.884017
19999.98,0.58,20015.85;9.884017
19999.98,0.58,20015.84;9.884017
19999.98,0.58,20015.83;9.841048
19999.98,0.58,20015.82;9.841048
19999.97,0.58,20015.81;9.841048
19999.97,0.58,20015.79;9.841048
19999.97,0.58,20015.79;9.841048
19999.97,0.58,20015.77;9.841048
19999.97,0.58,20015.76;9.826726
19999.96,0.58,20015.75;9.798079
19999.96,0.58,20015.73;9.798079
19999.96,0.58,20015.72;9.783757
19999.96,0.58,20015.71;9.783757
19999.96,0.58,20015.69;9.783757
19999.95,0.58,20015.68;9.783757
19999.95,0.58,20015.67;9.769434
19999.95,0.58,20015.66;9.755111
19999.95,0.58,20015.64;9.740788
19999.95,0.58,20015.63;9.726465
19999.94,0.58,20015.62;9.712142
19999.94,0.58,20015.61;9.69782
19999.94,0.58,20015.59;9.683496
19999.94,0.58,20015.58;9.683496
19999.93,0.58,20015.57;9.69782
19999.93,0.58,20015.55;9.712142
19999.93,0.58,20015.54;9.726465
19999.93,0.58,20015.52;9.755111
19999.92,0.58,20015.51;9.755111
19999.92,0.58,20015.5;9.769434
19999.92,0.58,20015.49;9.798079
19999.92,0.58,20015.48;9.841048
19999.92,0.58,20015.47;9.869695
19999.91,0.58,20015.46;9.926988
19999.91,0.58,20015.44;9.969958
19999.91,0.58,20015.43;9.998603
19999.91,0.58,20015.42;10.01293
19999.91,0.58,20015.41;10.0559
19999.9,0.58,20015.4;10.11319
19999.9,0.58,20015.39;10.14183
19999.9,0.58,20015.38;10.1848
19999.9,0.58,20015.37;10.25642
19999.9,0.58,20015.36;10.31371
19999.89,0.58,20015.34;10.38532
19999.89,0.58,20015.33;10.47127
19999.89,0.58,20015.32;10.52857
19999.89,0.58,20015.31;10.60018
19999.88,0.58,20015.3;10.65747
19999.88,0.58,20015.29;10.71477
19999.88,0.58,20015.28;10.77206
19999.88,0.58,20015.26;10.85801
19999.88,0.58,20015.25;10.90098
19999.88,0.58,20015.24;10.98692
19999.87,0.58,20015.23;11.05854
19999.87,0.58,20015.22;11.13015
19999.87,0.58,20015.21;11.2161
19999.87,0.58,20015.2;11.28772
19999.86,0.58,20015.18;11.35933
19999.86,0.58,20015.17;11.44528
19999.86,0.58,20015.16;11.48825
19999.86,0.58,20015.15;11.5742
19999.85,0.58,20015.13;11.66015
19999.85,0.58,20015.12;11.73176
19999.85,0.58,20015.11;11.81771
19999.85,0.58,20015.1;11.91798
19999.84,0.58,20015.09;12.00393
19999.84,0.58,20015.08;12.07555
19999.84,0.58,20015.06;12.1615
19999.84,0.58,20015.05;12.24745
19999.83,0.58,20015.04;12.33339
19999.83,0.58,20015.03;12.40501
19999.83,0.58,20015.02;12.49096
19999.82,0.58,20015;12.56257
19999.82,0.58,20014.99;12.63419
19999.82,0.58,20014.97;12.7058
19999.82,0.58,20014.96;12.77742
19999.81,0.58,20014.95;12.86337
19999.81,0.58,20014.94;12.94932
19999.81,0.58,20014.92;13.02093
19999.8,0.58,20014.91;13.10688
19999.8,0.58,20014.9;13.1785
19999.8,0.58,20014.89;13.25011
19999.79,0.58,20014.87;13.33606
19999.79,0.58,20014.86;13.40767
19999.79,0.58,20014.85;13.50794
19999.79,0.58,20014.84;13.57956
19999.78,0.58,20014.82;13.62253
19999.78,0.58,20014.81;13.70848
19999.78,0.58,20014.79;13.79442
19999.77,0.58,20014.78;13.86604
19999.77,0.58,20014.77;13.95199
19999.77,0.58,20014.76;14.03794
19999.76,0.58,20014.74;14.12388
19999.76,0.58,20014.73;14.20983
19999.76,0.58,20014.71;14.29578
19999.75,0.58,20014.7;14.32443
19999.75,0.58,20014.68;14.35307
19999.75,0.58,20014.67;14.42469
19999.74,0.58,20014.66;14.4963
19999.74,0.58,20014.65;14.58225
19999.74,0.58,20014.64;14.65387
19999.73,0.58,20014.63;14.72548
19999.73,0.58,20014.62;14.76845
19999.73,0.58,20014.61;14.84007
19999.72,0.58,20014.59;14.94034
19999.72,0.58,20014.58;15.04061
19999.72,0.58,20014.57;15.11223
19999.72,0.58,20014.57;15.18384
19999.71,0.58,20014.56;15.22681
19999.71,0.58,20014.55;15.29843
19999.71,0.58,20014.54;15.37004
19999.71,0.58,20014.53;15.44166
19999.71,0.58,20014.53;15.49895
19999.71,0.58,20014.52;15.57057
19999.7,0.58,20014.51;15.64219
19999.7,0.58,20014.5;15.7138
19999.7,0.58,20014.5;15.78541
19999.7,0.58,20014.49;15.87136
19999.7,0.58,20014.48;15.95731
19999.69,0.58,20014.48;16.00028
19999.69,0.58,20014.47;16.0719
19999.69,0.58,20014.47;16.14351
19999.69,0.58,20014.46;16.21513
19999.69,0.58,20014.46;16.27242
19999.69,0.58,20014.45;16.32971
19999.68,0.58,20014.45;16.40133
19999.68,0.58,20014.44;16.47294
19999.68,0.58,20014.44;16.53024
19999.68,0.58,20014.44;16.61618
19999.68,0.58,20014.43;16.67348
19999.68,0.58,20014.43;16.73077
19999.68,0.58,20014.43;16.78806
19999.68,0.58,20014.43;16.84536
19999.68,0.58,20014.43;16.9313
19999.68,0.58,20014.43;16.98859
19999.68,0.58,20014.43;17.04589
19999.68,0.58,20014.43;17.1175
19999.68,0.58,20014.43;17.16047
19999.68,0.58,20014.43;17.23209
19999.68,0.58,20014.43;17.28938
19999.68,0.58,20014.43;17.34668
19999.68,0.58,20014.43;17.40397
19999.68,0.58,20014.43;17.46126
19999.68,0.58,20014.43;17.51855
19999.68,0.58,20014.43;17.57584
19999.68,0.58,20014.43;17.59017
19999.68,0.58,20014.43;17.60449
19999.68,0.58,20014.44;17.66178
19999.68,0.58,20014.44;17.70475
19999.68,0.58,20014.45;17.76204
19999.69,0.58,20014.45;17.83366
19999.69,0.58,20014.46;17.90528
19999.69,0.58,20014.46;17.96257
19999.69,0.58,20014.47;18.00554
19999.69,0.58,20014.47;18.06283
19999.7,0.58,20014.48;18.09148
19999.7,0.58,20014.49;18.1058
19999.7,0.58,20014.5;18.14877
19999.7,0.58,20014.5;18.20606
19999.71,0.58,20014.51;18.24903
19999.71,0.58,20014.52;18.30633
19999.71,0.58,20014.52;18.3493
19999.71,0.58,20014.53;18.39227
19999.71,0.58,20014.54;18.43523
19999.71,0.58,20014.54;18.46388
19999.72,0.58,20014.55;18.49253
19999.72,0.58,20014.56;18.52117
19999.72,0.58,20014.57;18.54982
19999.72,0.58,20014.57;18.59279
19999.73,0.58,20014.58;18.63576
19999.73,0.58,20014.59;18.6644
19999.73,0.58,20014.6;18.67873
19999.74,0.58,20014.61;18.70737
19999.74,0.58,20014.61;18.73602
19999.74,0.58,20014.62;18.75034
19999.75,0.58,20014.63;18.76467
19999.75,0.58,20014.64;18.79331
19999.75,0.58,20014.65;18.85061
19999.75,0.58,20014.66;18.89358
19999.76,0.58,20014.67;18.95087
19999.76,0.58,20014.68;18.97951
19999.76,0.58,20014.69;19.03681
19999.77,0.58,20014.69;19.06545
19999.77,0.58,20014.7;19.12275
19999.77,0.58,20014.71;19.18004
19999.78,0.58,20014.72;19.25165
19999.78,0.58,20014.72;19.30895
19999.78,0.58,20014.73;19.35192
19999.78,0.58,20014.74;19.39489
19999.79,0.58,20014.75;19.43786
19999.79,0.58,20014.77;19.48083
19999.79,0.58,20014.78;19.52379
19999.8,0.58,20014.79;19.56676
19999.8,0.58,20014.8;19.60973
19999.81,0.58,20014.8;19.62406
19999.81,0.58,20014.81;19.68135
19999.81,0.58,20014.82;19.72432
19999.82,0.58,20014.83;19.75296
19999.82,0.58,20014.84;19.81026
19999.82,0.58,20014.85;19.86755
19999.83,0.58,20014.87;19.8962
19999.84,0.58,20014.89;19.91052
19999.84,0.58,20014.91;19.95349
19999.85,0.58,20014.92;19.98213
19999.86,0.58,20014.94;20.03943
19999.86,0.58,20014.96;20.06807
19999.87,0.58,20014.97;20.13969
19999.87,0.58,20014.99;20.16833
19999.88,0.58,20015.01;20.21131
19999.89,0.58,20015.03;20.23995
19999.89,0.58,20015.04;20.28292
19999.9,0.58,20015.06;20.31157
19999.91,0.58,20015.08;20.35454
19999.91,0.58,20015.09;20.3975
19999.92,0.58,20015.11;20.44048
19999.92,0.58,20015.13;20.46912
19999.93,0.58,20015.14;20.49777
19999.94,0.58,20015.16;20.52641
19999.94,0.58,20015.17;20.54074
19999.95,0.58,20015.19;20.55506
19999.95,0.58,20015.2;20.59803
19999.96,0.58,20015.22;20.62668
19999.96,0.58,20015.23;20.65532
19999.97,0.58,20015.25;20.72694
19999.97,0.58,20015.26;20.74126
19999.98,0.58,20015.28;20.76991
19999.99,0.58,20015.29;20.79855
19999.99,0.58,20015.31;20.84152
20000,0.58,20015.32;20.87017
20000,0.58,20015.34;20.88449
20000.01,0.58,20015.35;20.92746
20000.02,0.58,20015.37;20.94178
20000.02,0.58,20015.38;21.0134
20000.03,0.58,20015.39;21.04205
20000.03,0.58,20015.4;21.0707
20000.03,0.58,20015.42;21.08502
20000.04,0.58,20015.43;21.09934
20000.04,0.58,20015.44;21.12799
20000.05,0.58,20015.45;21.17096
20000.05,0.58,20015.47;21.24257
20000.06,0.58,20015.48;21.28554
20000.06,0.58,20015.49;21.32851
20000.06,0.58,20015.5;21.35716
20000.07,0.58,20015.51;21.40013
20000.07,0.58,20015.52;21.4431
20000.08,0.58,20015.53;21.47174
20000.08,0.58,20015.54;21.55769
20000.08,0.58,20015.54;21.58634
20000.09,0.58,20015.55;21.6293
20000.09,0.58,20015.56;21.65795
20000.09,0.58,20015.57;21.70092
20000.1,0.58,20015.58;21.75821
20000.1,0.58,20015.59;21.8155
20000.1,0.58,20015.59;21.85847
20000.11,0.58,20015.6;21.93008
20000.11,0.58,20015.61;21.98738
20000.11,0.58,20015.61;22.03035
20000.11,0.58,20015.62;22.07331
20000.12,0.58,20015.62;22.11628
20000.12,0.58,20015.63;22.15925
20000.12,0.58,20015.63;22.20222
20000.12,0.58,20015.64;22.24519
20000.12,0.58,20015.64;22.28816
20000.13,0.58,20015.64;22.33113
20000.13,0.58,20015.65;22.35977
20000.13,0.58,20015.65;22.41706
20000.13,0.58,20015.65;22.46003
20000.13,0.58,20015.65;22.51732
20000.13,0.58,20015.65;22.56029
20000.13,0.58,20015.65;22.57461
20000.13,0.58,20015.65;22.58894
20000.13,0.58,20015.65;22.61758
20000.13,0.58,20015.65;22.64623
20000.13,0.58,20015.65;22.68919
20000.13,0.58,20015.65;22.71784
20000.13,0.58,20015.65;22.73216
20000.13,0.58,20015.65;22.77513
20000.13,0.58,20015.65;22.8181
20000.13,0.58,20015.65;22.84675
20000.13,0.58,20015.65;22.88972
20000.12,0.58,20015.64;22.91836
20000.12,0.58,20015.64;22.96133
20000.12,0.58,20015.64;22.98998
20000.12,0.58,20015.63;23.0043
20000.12,0.58,20015.63;23.03295
20000.11,0.58,20015.62;23.06159
20000.11,0.58,20015.62;23.06159
20000.11,0.58,20015.62;23.07591
20000.11,0.58,20015.61;23.10456
20000.11,0.58,20015.61;23.13321
20000.11,0.58,20015.6;23.14753
20000.11,0.58,20015.6;23.17617
20000.1,0.58,20015.59;23.20482
20000.1,0.58,20015.59;23.21914
20000.1,0.58,20015.59;23.23346
20000.1,0.58,20015.58;23.26211
20000.09,0.58,20015.57;23.30508
20000.09,0.58,20015.57;23.34805
20000.09,0.58,20015.56;23.36237
20000.09,0.58,20015.56;23.41966
20000.08,0.58,20015.55;23.47695
20000.08,0.58,20015.55;23.49127
20000.08,0.58,20015.54;23.54857
20000.08,0.58,20015.53;23.57721
20000.07,0.58,20015.52;23.62018
20000.07,0.58,20015.52;23.66315
20000.07,0.58,20015.51;23.70612
20000.06,0.58,20015.51;23.72044
20000.06,0.58,20015.5;23.77773
20000.06,0.58,20015.49;23.79206
20000.05,0.58,20015.49;23.80638
20000.05,0.58,20015.48;23.83503
20000.05,0.58,20015.47;23.86367
20000.04,0.58,20015.46;23.89232
20000.04,0.58,20015.46;23.90664
20000.04,0.58,20015.45;23.93529
20000.04,0.58,20015.44;23.94961
20000.03,0.58,20015.43;23.97826
20000.03,0.58,20015.43;23.99258
20000.03,0.58,20015.42;24.03555
20000.02,0.58,20015.41;24.04987
20000.02,0.58,20015.41;24.09284
20000.02,0.58,20015.4;24.10716
20000.01,0.58,20015.39;24.12149
20000.01,0.58,20015.38;24.13581
20000.01,0.58,20015.38;24.16446
20000,0.58,20015.37;24.1931
20000,0.58,20015.36;24.20742
20000,0.58,20015.35;24.22175
19999.99,0.58,20015.35;24.25039
19999.99,0.58,20015.34;24.27904
19999.99,0.58,20015.33;24.29336
19999.98,0.58,20015.33;24.32201
19999.98,0.58,20015.32;24.33633
19999.98,0.58,20015.31;24.35066
19999.97,0.58,20015.3;24.40795
19999.97,0.58,20015.3;24.42227
19999.97,0.58,20015.29;24.4366
19999.96,0.58,20015.28;24.47956
19999.96,0.58,20015.28;24.50821
19999.96,0.58,20015.27;24.52253
19999.96,0.58,20015.27;24.53685
19999.95,0.58,20015.26;24.55118
19999.95,0.58,20015.25;24.5655
19999.95,0.58,20015.25;24.57982
19999.95,0.58,20015.24;24.60847
19999.94,0.58,20015.24;24.62279
19999.94,0.58,20015.23;24.63711
19999.94,0.58,20015.22;24.66576
19999.94,0.58,20015.22;24.68008
19999.93,0.58,20015.21;24.70873
19999.93,0.58,20015.21;24.72305
19999.93,0.58,20015.21;24.73738
19999.93,0.58,20015.21;24.76602
19999.93,0.58,20015.2;24.79467
19999.93,0.58,20015.2;24.82331
19999.93,0.58,20015.2;24.83764
19999.92,0.58,20015.2;24.86628
19999.92,0.58,20015.19;24.8806
19999.92,0.58,20015.19;24.89493
19999.92,0.58,20015.19;24.90925
19999.92,0.58,20015.19;24.90925
19999.92,0.58,20015.18;24.92357
19999.92,0.58,20015.18;24.9379
19999.92,0.58,20015.18;24.95222
19999.91,0.58,20015.17;24.96654
19999.91,0.58,20015.17;24.98087
19999.91,0.58,20015.17;24.99519
19999.91,0.58,20015.17;25.00951
19999.91,0.58,20015.17;25.00951
19999.91,0.58,20015.17;25.02384
19999.91,0.58,20015.16;25.03816
19999.91,0.58,20015.16;25.03816
19999.91,0.58,20015.16;25.05248
19999.91,0.58,20015.16;25.0668
19999.91,0.58,20015.16;25.08113
19999.91,0.58,20015.16;25.08113
19999.91,0.58,20015.16;25.08113
19999.91,0.58,20015.16;25.08113
19999.91,0.58,20015.17;25.09545
19999.91,0.58,20015.17;25.09545
19999.91,0.58,20015.17;25.09545
19999.91,0.58,20015.17;25.10978
19999.91,0.58,20015.17;25.10978
19999.91,0.58,20015.17;25.10978
19999.91,0.58,20015.17;25.1241
19999.91,0.58,20015.17;25.13842
19999.91,0.58,20015.17;25.13842
19999.91,0.58,20015.17;25.13842
19999.91,0.58,20015.17;25.15274
19999.91,0.58,20015.17;25.15274
19999.91,0.58,20015.17;25.15274
19999.91,0.58,20015.17;25.15274
19999.91,0.58,20015.17;25.15274
19999.92,0.58,20015.18;25.18139
19999.92,0.58,20015.18;25.18139
19999.92,0.58,20015.18;25.19571
19999.92,0.58,20015.18;25.21003
19999.92,0.58,20015.18;25.22436
19999.94,0.58,20015.22;25.22436
19999.94,0.58,20015.22;25.21003
19999.97,0.58,20015.3;25.02382
20000.03,0.58,20015.42;24.83761
20000.09,0.58,20015.55;24.62275
20000.14,0.58,20015.68;24.37924
20000.23,0.58,20015.86;24.09276
20000.32,0.58,20016.06;23.76331
20000.41,0.58,20016.28;23.53413
20000.49,0.58,20016.46;23.29062
20000.56,0.58,20016.64;23.09008
20000.64,0.58,20016.81;22.84657
20000.71,0.58,20016.99;22.58874
20000.78,0.58,20017.15;22.35956
20000.85,0.58,20017.33;22.10172
20000.92,0.58,20017.49;21.85821
20000.98,0.58,20017.66;21.58605
20001.05,0.58,20017.82;21.44281
20001.11,0.58,20017.98;21.22796
20001.17,0.58,20018.15;20.98445
20001.23,0.58,20018.31;20.72661
20001.29,0.58,20018.47;20.49743
20001.35,0.58,20018.63;20.25392
20001.41,0.58,20018.78;20.09636
20001.46,0.58,20018.94;19.85284
20001.52,0.58,20019.1;19.68095
20001.58,0.58,20019.25;19.4088
20001.63,0.58,20019.41;19.15096
20001.68,0.58,20019.55;18.89312
20001.73,0.58,20019.71;18.60664
20001.78,0.58,20019.85;18.34881
20001.82,0.58,20019.99;18.07665
20001.87,0.58,20020.13;17.79017
20001.89,0.58,20020.19;17.54666
20001.91,0.58,20020.27;17.26018
20001.94,0.58,20020.36;17.01666
20001.96,0.58,20020.42;16.8591
20001.96,0.58,20020.43;16.60127
20001.96,0.58,20020.43;16.47235
20001.97,0.58,20020.46;16.28614
20001.98,0.58,20020.5;16.12857
20001.99,0.58,20020.51;15.92804
20001.99,0.58,20020.51;15.87075
20001.99,0.58,20020.54;15.69886
20002,0.58,20020.57;15.4267
20002.01,0.58,20020.6;15.19753
20002.02,0.58,20020.63;15.16888
20002.05,0.58,20020.75;15.05429
20002.07,0.58,20020.82;14.82511
20002.1,0.58,20020.94;14.56728
20002.13,0.58,20021.04;14.467
20002.16,0.58,20021.17;14.36673
20002.19,0.58,20021.29;14.1662
20002.22,0.58,20021.4;14.02296
20002.25,0.58,20021.52;13.8081
20002.28,0.58,20021.65;13.53595
20002.3,0.58,20021.74;13.39271
20002.33,0.58,20021.86;13.30676
20002.36,0.58,20021.99;13.0919
20002.39,0.58,20022.12;12.90569
20002.42,0.58,20022.26;12.89137
20002.45,0.58,20022.39;12.7911
20002.48,0.58,20022.53;12.59057
20002.51,0.58,20022.66;12.5476
20002.54,0.58,20022.79;12.433
20002.57,0.58,20022.93;12.26112
20002.6,0.58,20023.06;12.21815
20002.63,0.58,20023.19;12.10355
20002.65,0.58,20023.33;11.98896
20002.68,0.58,20023.46;11.78842
20002.71,0.58,20023.6;11.7741
20002.74,0.58,20023.73;11.63086
20002.76,0.58,20023.86;11.41601
20002.79,0.58,20024;11.35872
20002.82,0.58,20024.13;11.33007
20002.84,0.58,20024.26;11.2871
20002.87,0.58,20024.39;11.05792
20002.87,0.58,20024.41;10.87171
20002.88,0.58,20024.43;10.78576
20002.88,0.58,20024.45;10.61387
20002.91,0.58,20024.6;10.39902
20002.93,0.58,20024.74;10.14118
20002.96,0.58,20024.89;9.940652
20002.99,0.58,20025.05;9.768764
20003.01,0.58,20025.2;9.539586
20003.04,0.58,20025.35;9.324732
20003.06,0.58,20025.5;9.1242
20003.09,0.58,20025.66;8.909344
20003.11,0.58,20025.8;8.680165
20003.13,0.58,20025.95;8.450986
20003.15,0.58,20026.1;8.193151
20003.17,0.58,20026.24;7.978296
20003.19,0.58,20026.38;7.749118
20003.21,0.58,20026.52;7.51994
20003.23,0.58,20026.66;7.305085
20003.24,0.58,20026.79;7.061573
20003.26,0.58,20026.93;6.832394
20003.28,0.58,20027.07;6.631862
20003.29,0.58,20027.18;6.417006
20003.29,0.58,20027.18;6.173493
20003.29,0.58,20027.18;5.958637
20003.29,0.58,20027.19;5.772428
20003.3,0.58,20027.3;5.543249
20003.3,0.58,20027.33;5.31407
20003.3,0.58,20027.35;5.142183
20003.3,0.58,20027.36;4.913005
20003.31,0.58,20027.38;4.712473
20003.31,0.58,20027.39;4.497617
20003.31,0.58,20027.39;4.311407
20003.31,0.58,20027.43;4.110875
20003.31,0.58,20027.47;3.924665
20003.31,0.58,20027.5;3.695486
20003.32,0.58,20027.55;3.494954
20003.32,0.58,20027.58;3.294421
20003.32,0.58,20027.61;3.093889
20003.32,0.58,20027.63;2.879033
20003.32,0.58,20027.65;2.692823
20003.32,0.58,20027.67;2.520936
20003.32,0.58,20027.69;2.34905
20003.33,0.58,20027.71;2.234455
20003.33,0.58,20027.73;2.148506
20003.33,0.58,20027.75;2.019589
20003.33,0.58,20027.77;1.876348
20003.33,0.58,20027.79;1.74743
20003.33,0.58,20027.81;1.604189
20003.33,0.58,20027.83;1.432303
20003.33,0.58,20027.86;1.260416
20003.33,0.58,20027.89;1.102852
20003.33,0.58,20027.92;0.9309657
20003.33,0.58,20027.95;0.7590791
20003.33,0.58,20027.96;0.5728694
20003.33,0.58,20027.97;0.4439517
20003.33,0.58,20027.98;0.272065
20003.33,0.58,20027.99;0.07153235
20003.33,0.58,20028;359.8997
20003.33,0.58,20028.01;359.7278
20003.33,0.58,20028.02;359.5415
20003.33,0.58,20028.03;359.341
20003.33,0.58,20028.04;359.1691
20003.33,0.58,20028.05;358.9829
20003.33,0.58,20028.07;358.7824
20003.33,0.58,20028.08;358.5818
20003.33,0.58,20028.08;358.3956
20003.33,0.58,20028.09;358.1951
20003.33,0.58,20028.09;358.1235
20003.33,0.58,20028.1;357.9086
20003.33,0.58,20028.11;357.7224
20003.33,0.58,20028.15;357.5362
20003.33,0.58,20028.17;357.2784
20003.32,0.58,20028.26;357.0062
20003.32,0.58,20028.34;356.7341
20003.31,0.58,20028.42;356.4762
20003.31,0.58,20028.5;356.2327
20003.3,0.58,20028.58;355.9462
20003.29,0.58,20028.66;355.6741
20003.29,0.58,20028.75;355.4019
20003.28,0.58,20028.84;355.1154
20003.27,0.58,20028.92;354.8289
20003.27,0.58,20029.01;354.6857
20003.26,0.58,20029.09;354.4565
20003.25,0.58,20029.18;354.256
20003.24,0.58,20029.27;353.9982
20003.23,0.58,20029.36;353.726
20003.22,0.58,20029.45;353.4395
20003.21,0.58,20029.54;353.2533
20003.2,0.58,20029.63;353.0385
20003.19,0.58,20029.72;352.7663
20003.17,0.58,20029.81;352.5371
20003.16,0.58,20029.91;352.2793
20003.15,0.58,20030;352.0215
20003.13,0.58,20030.09;351.778
20003.12,0.58,20030.19;351.5201
20003.11,0.58,20030.28;351.2336
20003.09,0.58,20030.38;350.9328
20003.07,0.58,20030.48;350.7036
20003.06,0.58,20030.58;350.5747
20003.04,0.58,20030.68;350.3169
20003.02,0.58,20030.79;350.0447
20003,0.58,20030.88;349.7726
20002.98,0.58,20030.98;349.5434
20002.97,0.58,20031.08;349.4145
20002.95,0.58,20031.18;349.171
20002.93,0.58,20031.28;349.0994
20002.91,0.58,20031.38;348.9847
20002.89,0.58,20031.48;348.7842
20002.87,0.58,20031.58;348.598
20002.85,0.58,20031.68;348.4834
20002.83,0.58,20031.77;348.2686
20002.81,0.58,20031.87;348.2399
20002.79,0.58,20031.97;348.1683
20002.77,0.58,20032.07;348.1396
20002.75,0.58,20032.17;348.0824
20002.72,0.58,20032.27;348.0251
20002.71,0.58,20032.36;347.9678
20002.68,0.58,20032.46;347.9105
20002.66,0.58,20032.55;347.8532
20002.64,0.58,20032.64;347.7959
20002.63,0.58,20032.73;347.6526
20002.61,0.58,20032.82;347.4235
20002.59,0.58,20032.91;347.223
20002.57,0.58,20032.99;347.0654
20002.54,0.58,20033.08;346.9508
20002.53,0.58,20033.17;346.7073
20002.51,0.58,20033.24;346.4638
20002.49,0.58,20033.32;346.2632
20002.47,0.58,20033.4;346.0197
20002.45,0.58,20033.47;345.8478
20002.43,0.58,20033.54;345.633
20002.42,0.58,20033.6;345.3608
20002.4,0.58,20033.67;345.1603
20002.38,0.58,20033.73;344.9597
20002.37,0.58,20033.79;344.7162
20002.35,0.58,20033.84;344.4297
20002.34,0.58,20033.9;344.1576
20002.32,0.58,20033.96;343.9714
20002.3,0.58,20034;343.6849
20002.29,0.58,20034.05;343.4414
20002.28,0.58,20034.1;343.1549
20002.26,0.58,20034.14;342.9401
20002.25,0.58,20034.18;342.6679
20002.24,0.58,20034.21;342.453
20002.23,0.58,20034.24;342.1809
20002.22,0.58,20034.27;341.9374
20002.21,0.58,20034.3;341.7225
20002.21,0.58,20034.32;341.4503
20002.2,0.58,20034.34;341.2212
20002.2,0.58,20034.35;340.9777
20002.19,0.58,20034.37;340.7055
20002.19,0.58,20034.37;340.419
20002.19,0.58,20034.38;340.2758
20002.19,0.58,20034.38;340.1469
20002.19,0.58,20034.38;339.8747
20002.19,0.58,20034.37;339.6885
20002.19,0.58,20034.37;339.4307
20002.19,0.58,20034.36;339.2444
20002.2,0.58,20034.35;339.1585
20002.2,0.58,20034.34;339.1155
20002.21,0.58,20034.32;339.0296
20002.21,0.58,20034.3;339.0153
20002.22,0.58,20034.29;339.0009
20002.23,0.58,20034.26;339.0296
20002.24,0.58,20034.24;339.0582
20002.25,0.58,20034.21;339.0869
20002.26,0.58,20034.18;339.0869
20002.27,0.58,20034.15;339.0869
20002.29,0.58,20034.12;339.0869
20002.3,0.58,20034.07;339.0726
20002.32,0.58,20034.03;339.0009
20002.34,0.58,20033.98;338.9293
20002.35,0.58,20033.94;338.8577
20002.38,0.58,20033.88;338.8434
20002.39,0.58,20033.83;338.6429
20002.42,0.58,20033.78;338.471
20002.44,0.58,20033.72;338.2991
20002.46,0.58,20033.66;338.2561
20002.49,0.58,20033.6;338.0556
20002.51,0.58,20033.54;337.8694
20002.54,0.58,20033.49;337.6259
20002.56,0.58,20033.42;337.4253
20002.59,0.58,20033.36;337.2248
20002.61,0.58,20033.3;337.0386
20002.64,0.58,20033.23;336.8524
20002.67,0.58,20033.17;336.6375
20002.69,0.58,20033.11;336.4083
20002.72,0.58,20033.05;336.1648
20002.75,0.58,20032.99;335.95
20002.78,0.58,20032.93;335.7208
20002.8,0.58,20032.87;335.506
20002.83,0.58,20032.81;335.3197
20002.86,0.58,20032.75;335.1335
20002.88,0.58,20032.7;334.9473
20002.91,0.58,20032.64;334.7898
20002.94,0.58,20032.59;334.5462
20002.96,0.58,20032.53;334.3027
20002.99,0.58,20032.47;334.1022
20003.01,0.58,20032.42;333.9446
20003.04,0.58,20032.38;333.7155
20003.06,0.58,20032.33;333.4863
20003.08,0.58,20032.29;333.2428
20003.1,0.58,20032.25;333.0422
20003.12,0.58,20032.21;332.8417
20003.14,0.58,20032.18;332.6412
20003.15,0.58,20032.15;332.4836
20003.17,0.58,20032.12;332.3547
20003.18,0.58,20032.1;332.1971
20003.19,0.58,20032.07;332.0539
20003.2,0.58,20032.05;331.9106
20003.21,0.58,20032.04;331.7387
20003.22,0.58,20032.02;331.6098
20003.23,0.58,20032.01;331.6098
20003.23,0.58,20032;331.438
20003.24,0.58,20031.99;331.2374
20003.24,0.58,20031.98;331.0369
20003.24,0.58,20031.98;330.8793
20003.24,0.58,20031.98;330.6931
20003.24,0.58,20031.98;330.5356
20003.24,0.58,20031.98;330.335
20003.24,0.58,20031.98;330.1775
20003.24,0.58,20031.99;330.0342
20003.23,0.58,20032;329.9053
20003.22,0.58,20032.01;329.7334
20003.21,0.58,20032.03;329.6331
20003.2,0.58,20032.05;329.4469
20003.19,0.58,20032.07;329.2607
20003.18,0.58,20032.09;329.1031
20003.16,0.58,20032.11;328.9026
20003.15,0.58,20032.14;328.7451
20003.13,0.58,20032.17;328.5732
20003.11,0.58,20032.21;328.387
20003.08,0.58,20032.24;328.2437
20003.06,0.58,20032.29;328.0575
20003.03,0.58,20032.33;327.9143
20003,0.58,20032.38;327.7424
20002.97,0.58,20032.42;327.6135
20002.94,0.58,20032.47;327.4846
20002.91,0.58,20032.53;327.3413
20002.87,0.58,20032.59;327.2267
20002.83,0.58,20032.65;327.0835
20002.79,0.58,20032.71;326.9259
20002.75,0.58,20032.77;326.7827
20002.71,0.58,20032.83;326.6537
20002.66,0.58,20032.89;326.5535
20002.62,0.58,20032.96;326.4102
20002.58,0.58,20033.02;326.267
20002.53,0.58,20033.09;326.1381
20002.49,0.58,20033.16;325.9805
20002.44,0.58,20033.22;325.8946
20002.4,0.58,20033.29;325.9089
20002.36,0.58,20033.36;325.9232
20002.31,0.58,20033.43;325.9375
20002.26,0.58,20033.49;325.9232
20002.22,0.58,20033.56;325.8372
20002.17,0.58,20033.63;325.8229
20002.13,0.58,20033.69;325.8086
20002.08,0.58,20033.76;325.7943
20002.04,0.58,20033.82;325.78
20002,0.58,20033.88;325.7656
20001.96,0.58,20033.94;325.7513
20001.92,0.58,20034;325.737
20001.88,0.58,20034.05;325.7227
20001.84,0.58,20034.11;325.7083
20001.81,0.58,20034.16;325.694
20001.77,0.58,20034.21;325.6797
20001.74,0.58,20034.26;325.6654
20001.71,0.58,20034.31;325.6511
20001.68,0.58,20034.35;325.6367
20001.65,0.58,20034.4;325.6224
20001.62,0.58,20034.44;325.6081
20001.59,0.58,20034.47;325.5938
20001.57,0.58,20034.51;325.5794
20001.55,0.58,20034.54;325.5651
20001.53,0.58,20034.57;325.5508
20001.51,0.58,20034.6;325.5365
20001.5,0.58,20034.62;325.5222
20001.48,0.58,20034.63;325.5078
20001.48,0.58,20034.65;325.4935
20001.47,0.58,20034.66;325.4792
20001.46,0.58,20034.67;325.4648
20001.46,0.58,20034.67;325.4505
20001.45,0.58,20034.68;325.4362
20001.45,0.58,20034.68;325.4219
20001.45,0.58,20034.68;325.4076
20001.45,0.58,20034.68;325.3932
20001.45,0.58,20034.68;325.3789
20001.45,0.58,20034.68;325.3646
20001.46,0.58,20034.67;325.3503
20001.46,0.58,20034.67;325.3359
20001.47,0.58,20034.66;325.3216
20001.47,0.58,20034.65;325.3073
20001.48,0.58,20034.63;325.293
20001.5,0.58,20034.62;325.2787
20001.51,0.58,20034.6;325.2643
20001.52,0.58,20034.58;325.25
20001.54,0.58,20034.56;325.2357
20001.55,0.58,20034.53;325.2214
20001.57,0.58,20034.51;325.207
20001.59,0.58,20034.48;325.1927
20001.61,0.58,20034.45;325.1784
20001.63,0.58,20034.42;325.1641
20001.65,0.58,20034.39;325.1497
20001.67,0.58,20034.36;325.1354
20001.7,0.58,20034.32;325.1211
20001.73,0.58,20034.29;325.1068
20001.75,0.58,20034.25;325.0925
20001.78,0.58,20034.21;325.0781
20001.81,0.58,20034.16;325.0638
20001.85,0.58,20034.12;325.0495
20001.88,0.58,20034.06;325.0352
20001.92,0.58,20034.01;325.0208
20001.96,0.58,20033.96;325.0065
20002,0.58,20033.9;324.9922
20002.04,0.58,20033.84;324.9779
20002.07,0.58,20033.79;324.9635
20002.11,0.58,20033.73;324.9492
20002.15,0.58,20033.67;324.9349
20002.2,0.58,20033.61;324.9206
20002.24,0.58,20033.55;324.9063
20002.28,0.58,20033.49;324.8919
20002.33,0.58,20033.43;324.8776
20002.37,0.58,20033.37;324.8633
20002.41,0.58,20033.31;324.849
20002.46,0.58,20033.25;324.8346
20002.5,0.58,20033.19;324.8203
20002.54,0.58,20033.13;324.806
20002.58,0.58,20033.07;324.7917
20002.63,0.58,20033;324.7773
20002.67,0.58,20032.94;324.763
20002.71,0.58,20032.88;324.7487
20002.76,0.58,20032.82;324.7344
20002.8,0.58,20032.76;324.72
20002.84,0.58,20032.7;324.7057
20002.88,0.58,20032.65;324.6914
20002.91,0.58,20032.6;324.6771
20002.95,0.58,20032.55;324.6628
20002.98,0.58,20032.5;324.6484
20003.01,0.58,20032.46;324.6341
20003.05,0.58,20032.41;324.6198
20003.08,0.58,20032.37;324.5768
20003.1,0.58,20032.33;324.5195
20003.13,0.58,20032.29;324.5195
20003.16,0.58,20032.26;324.5195
20003.18,0.58,20032.22;324.5195
20003.21,0.58,20032.19;324.5195
20003.23,0.58,20032.16;324.5195
20003.25,0.58,20032.13;324.5195
20003.27,0.58,20032.1;324.5195
20003.29,0.58,20032.08;324.5195
20003.3,0.58,20032.05;324.5482
20003.31,0.58,20032.04;324.5625
20003.33,0.58,20032.02;324.5625
20003.34,0.58,20032;324.5768
20003.35,0.58,20031.98;324.5625
20003.36,0.58,20031.97;324.5911
20003.37,0.58,20031.96;324.6055
20003.38,0.58,20031.95;324.6055
20003.38,0.58,20031.94;324.6055
20003.39,0.58,20031.93;324.6055
20003.39,0.58,20031.93;324.6055
20003.39,0.58,20031.93;324.6198
20003.39,0.58,20031.93;324.6198
20003.39,0.58,20031.93;324.6055
20003.38,0.58,20031.94;324.6055
20003.38,0.58,20031.94;324.6055
20003.37,0.58,20031.95;324.6055
20003.37,0.58,20031.96;324.6055
20003.35,0.58,20031.98;324.6055
20003.34,0.58,20031.99;324.6055
20003.33,0.58,20032.01;324.6055
20003.32,0.58,20032.03;324.6055
20003.3,0.58,20032.05;324.6055
20003.29,0.58,20032.08;324.5911
20003.27,0.58,20032.1;324.6054
20003.25,0.58,20032.13;324.6054
20003.23,0.58,20032.16;324.6054
20003.21,0.58,20032.18;324.6198
20003.19,0.58,20032.21;324.6054
20003.16,0.58,20032.25;324.6198
20003.14,0.58,20032.28;324.6341
20003.12,0.58,20032.31;324.6341
20003.09,0.58,20032.35;324.6341
20003.07,0.58,20032.38;324.6341
20003.04,0.58,20032.42;324.6341
20003.02,0.58,20032.46;324.6341
20002.99,0.58,20032.49;324.6341
20002.96,0.58,20032.53;324.6341
20002.94,0.58,20032.56;324.6341
20002.91,0.58,20032.6;324.6198
20002.89,0.58,20032.64;324.6198
20002.86,0.58,20032.68;324.6198
20002.84,0.58,20032.71;324.6054
20002.81,0.58,20032.74;324.6054
20002.79,0.58,20032.78;324.6054
20002.76,0.58,20032.81;324.6054
20002.74,0.58,20032.85;324.6054
20002.71,0.58,20032.88;324.6054
20002.69,0.58,20032.91;324.6054
20002.67,0.58,20032.94;324.6054
20002.65,0.58,20032.97;324.6054
20002.63,0.58,20033.01;324.6054
20002.61,0.58,20033.03;324.6054
20002.58,0.58,20033.06;324.6054
20002.57,0.58,20033.09;324.6054
20002.55,0.58,20033.11;324.6054
20002.53,0.58,20033.14;324.6054
20002.51,0.58,20033.16;324.6054
20002.5,0.58,20033.18;324.6054
20002.49,0.58,20033.2;324.6198
20002.47,0.58,20033.22;324.6198
20002.46,0.58,20033.24;324.6341
20002.45,0.58,20033.26;324.6628
20002.44,0.58,20033.27;324.6628
20002.42,0.58,20033.29;324.6628
20002.42,0.58,20033.3;324.6628
20002.41,0.58,20033.31;324.6628
20002.4,0.58,20033.32;324.6628
20002.4,0.58,20033.32;324.6628
20002.39,0.58,20033.33;324.6628
20002.39,0.58,20033.34;324.6628
20002.39,0.58,20033.34;324.6914
20002.39,0.58,20033.34;324.7343
20002.39,0.58,20033.34;324.7487
20002.39,0.58,20033.34;324.7917
20002.39,0.58,20033.34;324.8346
20002.39,0.58,20033.34;324.8633
20002.39,0.58,20033.33;324.8919
20002.39,0.58,20033.33;324.9206
20002.4,0.58,20033.32;324.9492
20002.41,0.58,20033.31;325.0065
20002.41,0.58,20033.3;325.0351
20002.42,0.58,20033.3;325.0781
20002.42,0.58,20033.29;325.1354
20002.43,0.58,20033.28;325.207
20002.44,0.58,20033.27;325.25
20002.45,0.58,20033.26;325.2929
20002.45,0.58,20033.25;325.3359
20002.46,0.58,20033.23;325.3646
20002.47,0.58,20033.21;325.4218
20002.48,0.58,20033.2;325.4505
20002.5,0.58,20033.18;325.4935
20002.51,0.58,20033.16;325.5364
20002.52,0.58,20033.14;325.5794
20002.54,0.58,20033.12;325.608
20002.55,0.58,20033.1;325.651
20002.57,0.58,20033.08;325.694
20002.59,0.58,20033.05;325.7369
20002.61,0.58,20033.02;325.7656
20002.63,0.58,20033;325.7656
20002.64,0.58,20032.97;325.7799
20002.66,0.58,20032.94;325.8372
20002.68,0.58,20032.91;325.8802
20002.7,0.58,20032.88;325.9232
20002.72,0.58,20032.85;325.9375
20002.74,0.58,20032.82;325.9804
20002.77,0.58,20032.79;326.0091
20002.79,0.58,20032.76;326.0377
20002.81,0.58,20032.72;326.095
20002.83,0.58,20032.69;326.138
20002.85,0.58,20032.66;326.1523
20002.88,0.58,20032.62;326.1523
20002.9,0.58,20032.59;326.1666
20002.92,0.58,20032.55;326.2239
20002.95,0.58,20032.52;326.2526
20002.97,0.58,20032.48;326.2955
20002.99,0.58,20032.45;326.3385
20003.01,0.58,20032.42;326.3958
20003.04,0.58,20032.38;326.4101
20003.06,0.58,20032.35;326.4674
20003.08,0.58,20032.31;326.496
20003.1,0.58,20032.28;326.496
20003.13,0.58,20032.25;326.496
20003.15,0.58,20032.21;326.496
20003.17,0.58,20032.19;326.496
20003.19,0.58,20032.16;326.496
20003.21,0.58,20032.13;326.539
20003.22,0.58,20032.1;326.5963
20003.24,0.58,20032.08;326.6679
20003.25,0.58,20032.05;326.7109
20003.27,0.58,20032.03;326.7682
20003.28,0.58,20032.01;326.7968
20003.29,0.58,20031.99;326.8398
20003.3,0.58,20031.98;326.8971
20003.31,0.58,20031.97;326.9544
20003.32,0.58,20031.96;327.0117
20003.32,0.58,20031.95;327.0833
20003.32,0.58,20031.95;327.0833
20003.32,0.58,20031.95;327.1406
20003.32,0.58,20031.95;327.2265
20003.32,0.58,20031.95;327.3125
20003.32,0.58,20031.96;327.4127
20003.31,0.58,20031.97;327.4557
20003.3,0.58,20031.98;327.5703
20003.29,0.58,20031.99;327.6706
20003.28,0.58,20032.01;327.8138
20003.27,0.58,20032.03;327.9427
20003.26,0.58,20032.05;328.0717
20003.24,0.58,20032.08;328.2292
20003.22,0.58,20032.11;328.3724
20003.21,0.58,20032.13;328.573
20003.19,0.58,20032.16;328.7592
20003.17,0.58,20032.19;328.9167
20003.16,0.58,20032.22;329.0887
20003.14,0.58,20032.25;329.2462
20003.12,0.58,20032.28;329.3894
20003.1,0.58,20032.31;329.59
20003.08,0.58,20032.35;329.6759
20003.06,0.58,20032.38;329.8478
20003.04,0.58,20032.41;330.034
20003.02,0.58,20032.45;330.1916
20003,0.58,20032.48;330.3348
20002.98,0.58,20032.52;330.5067
20002.96,0.58,20032.56;330.6499
20002.94,0.58,20032.6;330.6929
20002.91,0.58,20032.64;330.7359
20002.89,0.58,20032.68;330.7645
20002.87,0.58,20032.72;330.9221
20002.84,0.58,20032.77;331.0797
20002.82,0.58,20032.81;331.2659
20002.8,0.58,20032.85;331.3805
20002.78,0.58,20032.89;331.4951
20002.75,0.58,20032.93;331.6096
20002.73,0.58,20032.97;331.6383
20002.71,0.58,20033.02;331.6669
20002.69,0.58,20033.06;331.6956
20002.66,0.58,20033.1;331.7242
20002.64,0.58,20033.14;331.7529
20002.62,0.58,20033.18;331.7815
20002.6,0.58,20033.21;331.8102
20002.58,0.58,20033.25;331.8388
20002.56,0.58,20033.29;331.8675
20002.54,0.58,20033.33;331.8961
20002.52,0.58,20033.37;331.9247
20002.5,0.58,20033.4;331.9534
20002.48,0.58,20033.44;331.982
20002.46,0.58,20033.47;332.0107
20002.45,0.58,20033.5;332.0393
20002.43,0.58,20033.53;332.068
20002.42,0.58,20033.56;332.0966
20002.4,0.58,20033.59;332.1253
20002.39,0.58,20033.62;332.1539
20002.38,0.58,20033.64;332.1826
20002.36,0.58,20033.66;332.2112
20002.35,0.58,20033.69;332.2398
20002.34,0.58,20033.71;332.2685
20002.33,0.58,20033.73;332.2971
20002.32,0.58,20033.75;332.4117
20002.31,0.58,20033.77;332.4404
20002.3,0.58,20033.79;332.469
20002.29,0.58,20033.8;332.4977
20002.28,0.58,20033.81;332.5263
20002.28,0.58,20033.83;332.555
20002.27,0.58,20033.84;332.5836
20002.26,0.58,20033.85;332.6122
20002.26,0.58,20033.86;332.6409
20002.25,0.58,20033.87;332.6696
20002.25,0.58,20033.87;332.6982
20002.25,0.58,20033.88;332.7268
20002.25,0.58,20033.88;332.7555
20002.25,0.58,20033.88;332.7841
20002.25,0.58,20033.88;332.8128
20002.25,0.58,20033.88;332.8414
20002.25,0.58,20033.88;332.8701
20002.25,0.58,20033.88;332.8987
20002.25,0.58,20033.87;332.9274
20002.26,0.58,20033.87;332.9274
20002.26,0.58,20033.86;332.9274
20002.27,0.58,20033.85;332.9274
20002.27,0.58,20033.84;333.0849
20002.28,0.58,20033.82;333.0992
20002.28,0.58,20033.81;333.2425
20002.29,0.58,20033.8;333.3427
20002.3,0.58,20033.78;333.5003
20002.31,0.58,20033.77;333.6292
20002.32,0.58,20033.75;333.7152
20002.32,0.58,20033.73;333.8727
20002.33,0.58,20033.71;334.0446
20002.34,0.58,20033.69;334.2452
20002.35,0.58,20033.67;334.4314
20002.36,0.58,20033.65;334.5889
20002.37,0.58,20033.63;334.6319
20002.38,0.58,20033.61;334.8181
20002.39,0.58,20033.59;334.9327
20002.4,0.58,20033.57;334.9757
20002.41,0.58,20033.54;335.1332
20002.42,0.58,20033.52;335.3195
20002.44,0.58,20033.49;335.52
20002.45,0.58,20033.47;335.6489
20002.46,0.58,20033.45;335.8495
20002.47,0.58,20033.42;336.0356
20002.48,0.58,20033.39;336.2219
20002.49,0.58,20033.37;336.4224
20002.5,0.58,20033.34;336.5656
20002.51,0.58,20033.32;336.7805
20002.52,0.58,20033.3;336.9524
20002.53,0.58,20033.28;337.1243
20002.54,0.58,20033.25;337.3105
20002.55,0.58,20033.23;337.5253
20002.56,0.58,20033.21;337.6972
20002.57,0.58,20033.19;337.8405
20002.58,0.58,20033.16;337.998
20002.59,0.58,20033.14;338.1699
20002.59,0.58,20033.12;338.3418
20002.6,0.58,20033.11;338.5137
20002.61,0.58,20033.09;338.6426
20002.61,0.58,20033.07;338.7142
20002.62,0.58,20033.06;338.8718
20002.62,0.58,20033.04;339.058
20002.63,0.58,20033.03;339.2155
20002.63,0.58,20033.02;339.4161
20002.63,0.58,20033.01;339.545
20002.64,0.58,20033.01;339.7169
20002.64,0.58,20033;339.8171
20002.64,0.58,20032.99;339.946
20002.65,0.58,20032.98;340.118
20002.65,0.58,20032.98;340.2612
20002.65,0.58,20032.98;340.4044
20002.65,0.58,20032.98;340.562
20002.65,0.58,20032.98;340.6909
20002.65,0.58,20032.98;340.8341
20002.65,0.58,20032.98;340.9201
20002.65,0.58,20032.98;341.0204
20002.64,0.58,20032.99;341.1779
20002.64,0.58,20032.99;341.2352
20002.64,0.58,20033;341.3784
20002.64,0.58,20033.01;341.493
20002.64,0.58,20033.01;341.622
20002.63,0.58,20033.03;341.7079
20002.63,0.58,20033.04;341.8368
20002.63,0.58,20033.05;341.9658
20002.62,0.58,20033.06;342.066
20002.62,0.58,20033.08;342.1806
20002.61,0.58,20033.09;342.3095
20002.61,0.58,20033.1;342.4241
20002.6,0.58,20033.12;342.5101
20002.6,0.58,20033.14;342.6104
20002.59,0.58,20033.15;342.7106
20002.59,0.58,20033.17;342.8109
20002.58,0.58,20033.19;342.9255
20002.57,0.58,20033.21;343.0258
20002.57,0.58,20033.23;343.126
20002.56,0.58,20033.25;343.212
20002.56,0.58,20033.27;343.3266
20002.55,0.58,20033.29;343.3266
20002.54,0.58,20033.31;343.3982
20002.54,0.58,20033.33;343.4841
20002.53,0.58,20033.35;343.5701
20002.53,0.58,20033.37;343.656
20002.52,0.58,20033.4;343.7563
20002.51,0.58,20033.42;343.8279
20002.51,0.58,20033.44;343.9425
20002.5,0.58,20033.47;344.0141
20002.49,0.58,20033.49;344.1287
20002.49,0.58,20033.51;344.2147
20002.48,0.58,20033.54;344.3149
20002.47,0.58,20033.56;344.3866
20002.46,0.58,20033.58;344.4868
20002.46,0.58,20033.61;344.5584
20002.45,0.58,20033.63;344.6301
20002.45,0.58,20033.65;344.673
20002.44,0.58,20033.67;344.759
20002.44,0.58,20033.7;344.7733
20002.43,0.58,20033.72;344.8449
20002.42,0.58,20033.74;344.8736
20002.42,0.58,20033.76;344.9452
20002.41,0.58,20033.79;345.0168
20002.4,0.58,20033.81;345.1171
20002.4,0.58,20033.83;345.2173
20002.39,0.58,20033.85;345.3033
20002.39,0.58,20033.86;345.3606
20002.39,0.58,20033.88;345.4465
20002.38,0.58,20033.9;345.5181
20002.38,0.58,20033.91;345.6041
20002.37,0.58,20033.93;345.69
20002.37,0.58,20033.95;345.7617
20002.36,0.58,20033.96;345.7903
20002.36,0.58,20033.98;345.8189
20002.36,0.58,20033.99;345.8762
20002.35,0.58,20034;345.9765
20002.35,0.58,20034.01;346.0768
20002.35,0.58,20034.03;346.1484
20002.35,0.58,20034.03;346.2487
20002.35,0.58,20034.04;346.3203
20002.34,0.58,20034.05;346.4062
20002.34,0.58,20034.06;346.5065
20002.34,0.58,20034.06;346.5924
20002.34,0.58,20034.07;346.6784
20002.34,0.58,20034.08;346.7787
20002.34,0.58,20034.08;346.8646
20002.34,0.58,20034.08;346.9649
20002.34,0.58,20034.08;347.0652
20002.33,0.58,20034.09;347.1511
20002.33,0.58,20034.09;347.2084
20002.33,0.58,20034.09;347.2943
20002.33,0.58,20034.09;347.3946
20002.33,0.58,20034.09;347.4376
20002.33,0.58,20034.09;347.5092
20002.33,0.58,20034.09;347.5522
20002.33,0.58,20034.09;347.6095
20002.33,0.58,20034.09;347.6954
20002.33,0.58,20034.09;347.7957
20002.33,0.58,20034.09;347.8816
20002.34,0.58,20034.08;347.9676
20002.34,0.58,20034.08;348.0535
20002.34,0.58,20034.07;348.1395
20002.34,0.58,20034.06;348.1968
20002.34,0.58,20034.06;348.2684
20002.34,0.58,20034.05;348.34
20002.34,0.58,20034.04;348.4403
20002.35,0.58,20034.03;348.5262
20002.35,0.58,20034.02;348.6265
20002.35,0.58,20034.01;348.6981
20002.35,0.58,20034;348.7841
20002.35,0.58,20033.99;348.7984
20002.36,0.58,20033.98;348.87
20002.36,0.58,20033.97;348.9416
20002.36,0.58,20033.96;348.9559
20002.36,0.58,20033.94;349.0132
20002.37,0.58,20033.93;349.0848
20002.37,0.58,20033.92;349.1565
20002.37,0.58,20033.9;349.2281
20002.37,0.58,20033.89;349.2281
20002.38,0.58,20033.88;349.271
20002.38,0.58,20033.86;349.3427
20002.38,0.58,20033.85;349.3856
20002.38,0.58,20033.83;349.4286
20002.39,0.58,20033.81;349.5002
20002.39,0.58,20033.8;349.5862
20002.39,0.58,20033.78;349.6291
20002.4,0.58,20033.77;349.7151
20002.4,0.58,20033.76;349.7867
20002.4,0.58,20033.74;349.887
20002.4,0.58,20033.73;349.9586
20002.41,0.58,20033.71;350.0302
20002.41,0.58,20033.7;350.1018
20002.41,0.58,20033.68;350.1734
20002.41,0.58,20033.67;350.2164
20002.42,0.58,20033.66;350.2737
20002.42,0.58,20033.64;350.3453
20002.42,0.58,20033.63;350.4169
20002.42,0.58,20033.61;350.4456
20002.43,0.58,20033.6;350.5172
20002.43,0.58,20033.59;350.6031
20002.43,0.58,20033.58;350.6747
20002.43,0.58,20033.57;350.7463
20002.43,0.58,20033.56;350.818
20002.43,0.58,20033.55;350.8752
20002.44,0.58,20033.54;350.9469
20002.44,0.58,20033.52;351.0042
20002.44,0.58,20033.51;351.0758
20002.44,0.58,20033.5;351.1474
20002.44,0.58,20033.5;351.1617
20002.44,0.58,20033.49;351.2047
20002.44,0.58,20033.48;351.262
20002.45,0.58,20033.48;351.3049
20002.45,0.58,20033.47;351.3766
20002.45,0.58,20033.47;351.4338
20002.45,0.58,20033.46;351.4911
20002.45,0.58,20033.46;351.5484
20002.45,0.58,20033.46;351.6201
20002.45,0.58,20033.46;351.6487
20002.45,0.58,20033.46;351.6917
20002.45,0.58,20033.45;351.7346
20002.45,0.58,20033.45;351.7633
20002.45,0.58,20033.45;351.7919
20002.45,0.58,20033.45;351.8349
20002.45,0.58,20033.45;351.8779
20002.45,0.58,20033.45;351.9208
20002.45,0.58,20033.45;351.9638
20002.45,0.58,20033.45;352.0211
20002.45,0.58,20033.45;352.0641
20002.45,0.58,20033.45;352.107
20002.45,0.58,20033.45;352.1213
20002.45,0.58,20033.45;352.1643
20002.45,0.58,20033.45;352.193
20002.45,0.58,20033.45;352.2502
20002.45,0.58,20033.45;352.3076
20002.45,0.58,20033.45;352.3648
20002.45,0.58,20033.46;352.4078
20002.45,0.58,20033.46;352.4508
20002.45,0.58,20033.46;352.4937
20002.45,0.58,20033.47;352.5654
20002.45,0.58,20033.48;352.594
20002.45,0.58,20033.48;352.6227
20002.44,0.58,20033.49;352.6799
20002.44,0.58,20033.49;352.7229
20002.44,0.58,20033.5;352.7659
20002.44,0.58,20033.51;352.8088
20002.44,0.58,20033.51;352.8232
20002.44,0.58,20033.52;352.8805
20002.44,0.58,20033.53;352.9234
20002.44,0.58,20033.54;352.9807
20002.44,0.58,20033.54;353.0237
20002.44,0.58,20033.55;353.081
20002.44,0.58,20033.56;353.124
20002.43,0.58,20033.57;353.1669
20002.43,0.58,20033.58;353.2099
20002.43,0.58,20033.59;353.2672
20002.43,0.58,20033.6;353.2815
20002.43,0.58,20033.61;353.3102
20002.43,0.58,20033.62;353.3675
20002.43,0.58,20033.63;353.4247
20002.43,0.58,20033.64;353.4677
20002.42,0.58,20033.65;353.5107
20002.42,0.58,20033.66;353.568
20002.42,0.58,20033.67;353.6396
20002.42,0.58,20033.68;353.6826
20002.42,0.58,20033.69;353.7398
20002.42,0.58,20033.7;353.7971
20002.42,0.58,20033.71;353.8687
20002.42,0.58,20033.72;353.9261
20002.42,0.58,20033.73;353.969
20002.42,0.58,20033.73;354.0263
20002.41,0.58,20033.74;354.0836
20002.41,0.58,20033.75;354.1409
20002.41,0.58,20033.76;354.1982
20002.41,0.58,20033.77;354.2125
20002.41,0.58,20033.78;354.2555
20002.41,0.58,20033.79;354.3128
20002.41,0.58,20033.8;354.3987
20002.41,0.58,20033.8;354.4417
20002.41,0.58,20033.81;354.499
20002.41,0.58,20033.82;354.5563
20002.41,0.58,20033.83;354.6136
20002.4,0.58,20033.84;354.6422
20002.4,0.58,20033.85;354.6995
20002.4,0.58,20033.86;354.7711
20002.4,0.58,20033.86;354.8427
20002.4,0.58,20033.87;354.9143
20002.4,0.58,20033.88;354.9573
20002.4,0.58,20033.89;355.0289
20002.4,0.58,20033.89;355.0719
20002.4,0.58,20033.9;355.1435
20002.4,0.58,20033.91;355.2151
20002.4,0.58,20033.92;355.2724
20002.4,0.58,20033.92;355.344
20002.4,0.58,20033.93;355.3727
20002.4,0.58,20033.94;355.4443
20002.4,0.58,20033.94;355.5016
20002.4,0.58,20033.95;355.5732
20002.39,0.58,20033.96;355.6305
20002.39,0.58,20033.96;355.7021
20002.39,0.58,20033.97;355.7737
20002.39,0.58,20033.97;355.8167
20002.39,0.58,20033.98;355.8883
20002.39,0.58,20033.98;355.9599
20002.39,0.58,20033.99;356.0172
20002.39,0.58,20033.99;356.0459
20002.39,0.58,20034;356.1318
20002.39,0.58,20034;356.1748
20002.39,0.58,20034;356.2177
20002.39,0.58,20034;356.275
20002.39,0.58,20034.01;356.318
20002.39,0.58,20034.01;356.3753
20002.39,0.58,20034.01;356.4469
20002.39,0.58,20034.02;356.5185
20002.39,0.58,20034.02;356.5758
20002.39,0.58,20034.02;356.6331
20002.39,0.58,20034.02;356.7047
20002.39,0.58,20034.03;356.7477
20002.39,0.58,20034.03;356.805
20002.39,0.58,20034.03;356.8336
20002.39,0.58,20034.04;356.9052
20002.39,0.58,20034.04;356.9626
20002.39,0.58,20034.04;357.0198
20002.39,0.58,20034.04;357.0628
20002.39,0.58,20034.04;357.1344
20002.39,0.58,20034.04;357.1774
20002.39,0.58,20034.04;357.2347
20002.39,0.58,20034.04;357.292
20002.39,0.58,20034.05;357.3349
20002.39,0.58,20034.05;357.3922
20002.39,0.58,20034.05;357.4495
20002.39,0.58,20034.05;357.5068
20002.39,0.58,20034.05;357.5641
20002.39,0.58,20034.05;357.5784
20002.39,0.58,20034.05;357.6357
20002.39,0.58,20034.06;357.693
20002.39,0.58,20034.06;357.736
20002.39,0.58,20034.06;357.8076
20002.39,0.58,20034.06;357.8506
20002.39,0.58,20034.06;357.9079
20002.39,0.58,20034.06;357.9651
20002.39,0.58,20034.06;358.0081
20002.39,0.58,20034.06;358.0797
20002.39,0.58,20034.06;358.1227
20002.39,0.58,20034.06;358.1657
20002.39,0.58,20034.06;358.223
20002.39,0.58,20034.06;358.2802
20002.39,0.58,20034.06;358.3232
20002.39,0.58,20034.06;358.3662
20002.39,0.58,20034.06;358.4521
20002.39,0.58,20034.07;358.4951
20002.39,0.58,20034.07;358.5667
20002.39,0.58,20034.07;358.6097
20002.39,0.58,20034.07;358.667
20002.39,0.58,20034.07;358.6956
20002.39,0.58,20034.07;358.7529
20002.39,0.58,20034.07;358.8102
20002.39,0.58,20034.07;358.8389
20002.39,0.58,20034.07;358.8961
20002.39,0.58,20034.07;358.9535
20002.39,0.58,20034.07;358.9964
20002.39,0.58,20034.07;359.0394
20002.39,0.58,20034.07;359.0537
20002.39,0.58,20034.07;359.0824
20002.39,0.58,20034.07;359.1396
20002.39,0.58,20034.07;359.154
20002.39,0.58,20034.08;359.1826
20002.39,0.58,20034.08;359.2256
20002.39,0.58,20034.08;359.2542
20002.39,0.58,20034.08;359.2972
20002.39,0.58,20034.09;359.3545
20002.39,0.58,20034.09;359.3831
20002.39,0.58,20034.09;359.4404
20002.39,0.58,20034.09;359.4547
20002.39,0.58,20034.09;359.5121
20002.39,0.58,20034.09;359.5264
20002.39,0.58,20034.09;359.5407
20002.39,0.58,20034.09;359.5836
20002.39,0.58,20034.09;359.6266
20002.39,0.58,20034.09;359.6553
20002.39,0.58,20034.09;359.6839
20002.39,0.58,20034.09;359.7412
20002.39,0.58,20034.09;359.7985
20002.39,0.58,20034.09;359.8415
20002.39,0.58,20034.09;359.8844
20002.39,0.58,20034.1;359.9417
20002.39,0.58,20034.1;359.9847
20002.39,0.58,20034.1;-0.0009730518
20002.39,0.58,20034.1;0.02767294
20002.39,0.58,20034.1;0.07064193
20002.39,0.58,20034.1;0.09928793
20002.39,0.58,20034.1;0.1136109
20002.39,0.58,20034.1;0.1565799
20002.39,0.58,20034.11;0.1852259
20002.39,0.58,20034.11;0.1995489
20002.39,0.58,20034.11;0.2425178
20002.39,0.58,20034.11;0.2854869
20002.39,0.58,20034.11;0.3284558
20002.39,0.58,20034.11;0.3714248
20002.39,0.58,20034.11;0.4287168
20002.39,0.58,20034.11;0.4716858
20002.39,0.58,20034.11;0.5289778
20002.39,0.58,20034.11;0.5576239
20002.39,0.58,20034.11;0.6005929
20002.39,0.58,20034.11;0.6435619
20002.39,0.58,20034.11;0.6722079
20002.39,0.58,20034.11;0.7294999
20002.39,0.58,20034.11;0.7724688
20002.39,0.58,20034.11;0.8154379
20002.39,0.58,20034.11;0.8584068
20002.39,0.58,20034.11;0.9013758
20002.39,0.58,20034.11;0.9443448
20002.39,0.58,20034.11;0.972991
20002.39,0.58,20034.11;1.01596
20002.39,0.58,20034.11;1.073252
20002.39,0.58,20034.11;1.116221
20002.39,0.58,20034.11;1.15919
20002.39,0.58,20034.11;1.216482
20002.39,0.58,20034.11;1.259451
20002.39,0.58,20034.11;1.30242
20002.39,0.58,20034.11;1.345389
20002.39,0.58,20034.11;1.388358
20002.39,0.58,20034.11;1.431327
20002.39,0.58,20034.11;1.502942
20002.39,0.58,20034.11;1.517265
20002.39,0.58,20034.11;1.560234
20002.39,0.58,20034.11;1.603203
2000