20000,0.5,20000;0
20000,0.58,20000;0
20000,0.58,20000;0
20000,0.58,20000;0
20000,0.58,20000;0
20000,0.58,20000;0
20000,0.58,20000;0
20000,0.58,20000;0
20000,0.58,20000;0
20000,0.58,20000;0
20000,0.58,20000;0
20000,0.58,20000;0
20000,0.58,20000;0
20000,0.58,20000;0
20000,0.58,20000;0
20000,0.58,20000;0
20000,0.58,20000;0
20000,0.58,20000;0
20000,0.58,20000;0
20000,0.58,20000;0
20000,0.58,20000;0
20000,0.58,20000;0
20000,0.58,20000;0
20000,0.58,20000;0
20000,0.58,20000;0
20000,0.58,20000;0
20000,0.58,20000;0
20000,0.58,20000;0
20000,0.58,20000;0
20000,0.58,20000;0
20000,0.58,20000;0
20000,0.58,20000;0
20000,0.58,20000;0
20000,0.58,20000;0
20000,0.58,20000;0
20000,0.58,20000;0
20000,0.58,20000;0
20000,0.58,20000;0
20000,0.58,20000;0
20000,0.58,20000;0
20000,0.58,20000;0
20000,0.58,20000;0
20000,0.58,20000;0
20000,0.58,20000;0
20000,0.58,20000;0
20000,0.58,20000;0
20000,0.58,20000;0
20000,0.58,20000;0
20000,0.58,20000;0
20000,0.58,20000;0
20000,0.58,20000;0
20000,0.58,20000;0
20000,0.58,20000;0
20000,0.58,20000;0
20000,0.58,20000;0
20000,0.58,20000;0
20000,0.58,20000;0
20000,0.58,20000;0
20000,0.58,20000;0
20000,0.58,20000;0
20000,0.58,20000;0
20000,0.58,20000;0
20000,0.58,20000;0
20000,0.58,20000;0
20000,0.58,20000;0
20000,0.58,20000;0
20000,0.58,19999.98;0
20000,0.58,19999.98;0
20000,0.58,19999.95;0
20000,0.58,19999.93;0
20000,0.58,19999.93;0
20000,0.58,19999.93;0
20000,0.58,19999.93;0
20000,0.58,19999.94;0
20000,0.58,19999.95;0
20000,0.58,19999.96;0
20000,0.58,19999.97;0
20000,0.58,19999.97;0
20000,0.58,19999.97;0
20000,0.58,19999.97;0
20000,0.58,19999.97;0
20000,0.58,19999.97;0
20000,0.58,19999.97;0
20000,0.58,19999.97;0
20000,0.58,19999.97;0
20000,0.58,19999.97;0
20000,0.58,19999.97;0
20000,0.58,19999.97;0
20000,0.58,19999.97;0
20000,0.58,19999.97;0
20000,0.58,19999.96;0
20000,0.58,19999.96;0
20000,0.58,19999.96;0
20000,0.58,19999.96;0
20000,0.58,19999.95;0
20000,0.58,19999.95;0
20000,0.58,19999.95;0
20000,0.58,19999.94;0
20000,0.58,19999.94;0
20000,0.58,19999.94;0
20000,0.58,19999.95;0
20000,0.58,19999.95;0
20000,0.58,19999.95;0
20000,0.58,19999.95;0
20000,0.58,19999.95;0
20000,0.58,19999.95;0
20000,0.58,19999.95;0
20000,0.58,19999.95;0
20000,0.58,19999.96;0
20000,0.58,19999.96;0
20000,0.58,19999.96;0
20000,0.58,19999.96;0
20000,0.58,19999.96;0
20000,0.58,19999.96;0
20000,0.58,19999.96;0
20000,0.58,19999.96;0
20000,0.58,19999.96;0
20000,0.58,19999.96;0
20000,0.58,19999.96;0
20000,0.58,19999.96;0
20000,0.58,19999.97;0
20000,0.58,19999.97;0
20000,0.58,19999.97;0
20000,0.58,19999.98;0
20000,0.58,19999.98;0
20000,0.58,19999.98;0
20000,0.58,19999.98;0
20000,0.58,19999.98;0
20000,0.58,19999.98;0
20000,0.58,19999.98;0
20000,0.58,19999.98;0
20000,0.58,19999.99;0
20000,0.58,19999.99;0
20000,0.58,20000;0
20000,0.58,20000.01;0
20000,0.58,20000.02;0
20000,0.58,20000.02;0
20000,0.58,20000.02;0
20000,0.58,20000.02;0
20000,0.58,20000.02;0
20000,0.58,20000.02;0
20000,0.58,20000.02;0
20000,0.58,20000.02;0
20000,0.58,20000.02;0
20000,0.58,20000.02;0
20000,0.58,20000.02;0
20000,0.58,20000.02;0
20000,0.58,20000.02;0
20000,0.58,20000.02;0
20000,0.58,20000.01;0
20000,0.58,20000.01;0
20000,0.58,20000.01;0
20000,0.58,20000.01;0
20000,0.58,20000.01;0
20000,0.58,20000.01;0
20000,0.58,20000.01;0
20000,0.58,20000.01;0
20000,0.58,20000.01;0
20000,0.58,20000.01;0
20000,0.58,20000.01;0
20000,0.58,20000.01;0
20000,0.58,20000.01;0
20000,0.58,20000.01;0
20000,0.58,20000.01;0
20000,0.58,20000.01;0
20000,0.58,20000.01;0
20000,0.58,20000.01;0
20000,0.58,20000.01;0
20000,0.58,20000.01;0
20000,0.58,20000.01;0
20000,0.58,20000.01;0
20000,0.58,20000.01;0
20000,0.58,20000.01;0
20000,0.58,20000.01;0
20000,0.58,20000.01;0
20000,0.58,20000.01;0
20000,0.58,20000.01;0
20000,0.58,20000.01;0
20000,0.58,20000.01;0
20000,0.58,20000.01;0
20000,0.58,20000.01;0
20000,0.58,20000.01;0
20000,0.58,20000.01;0
20000,0.58,20000.01;0
20000,0.58,20000.01;0
20000,0.58,20000.01;0
20000,0.58,20000.01;0
20000,0.58,20000.01;0
20000,0.58,20000.01;0
20000,0.58,20000.01;0
20000,0.58,20000.01;0
20000,0.58,20000.01;0
20000,0.58,20000.01;0
20000,0.58,20000.01;0
20000,0.58,20000.01;0
20000,0.58,20000.01;0
20000,0.58,20000.01;0
20000,0.58,20000.01;0
20000,0.58,20000.01;0
20000,0.58,20000.01;0
20000,0.58,20000.01;0
20000,0.58,20000.01;0
20000,0.58,20000.01;0
20000,0.58,20000.01;0
20000,0.58,20000.01;0
20000,0.58,20000.01;0
20000,0.58,20000.01;0
20000,0.58,20000.01;0
20000,0.58,20000.01;0
20000,0.58,20000.01;0
20000,0.58,20000.01;0
20000,0.58,20000.01;0
20000,0.58,20000.01;0
20000,0.58,20000.01;0
20000,0.58,20000.01;0
20000,0.58,20000.01;0
20000,0.58,20000.01;0
20000,0.58,20000.01;0
20000,0.58,20000.01;0
20000,0.58,20000.01;0
20000,0.58,20000.01;0
20000,0.58,20000.01;0
20000,0.58,20000.01;0
20000,0.58,20000.01;0
20000,0.58,20000.01;0
20000,0.58,20000.01;0
20000,0.58,20000.01;0
20000,0.58,20000.01;0
20000,0.58,20000.01;0
20000,0.58,20000.01;0
20000,0.58,20000.01;0
20000,0.58,20000.01;0
20000,0.58,20000.01;0
20000,0.58,20000.01;0
20000,0.58,20000.01;0
20000,0.58,20000.01;0
20000,0.58,20000.01;0
20000,0.58,20000.01;0
20000,0.58,20000.01;0
20000,0.58,20000.01;0
20000,0.58,20000.01;0
20000,0.58,20000.01;0
20000,0.58,20000.01;0
20000,0.58,20000.01;0
20000,0.58,20000.01;0
20000,0.58,20000.01;0
20000,0.58,20000.01;0
20000,0.58,20000.01;0
20000,0.58,20000.01;0
20000,0.58,20000.01;0
20000,0.58,20000.01;0
20000,0.58,20000.01;0
20000,0.58,20000.01;0
20000,0.58,20000.01;0
20000,0.58,20000.01;0
20000,0.58,20000.01;0
20000,0.58,20000.01;0
20000,0.58,20000.01;0
20000,0.58,19999.98;0
20000,0.58,19999.95;0
20000,0.58,19999.92;0
20000,0.58,19999.89;0
20000,0.58,19999.89;0
20000,0.58,19999.85;0
20000,0.58,19999.82;0
20000,0.58,19999.78;0
20000,0.58,19999.74;0
20000,0.58,19999.7;0
20000,0.58,19999.7;0
20000,0.58,19999.67;0
20000,0.58,19999.63;0
20000,0.58,19999.63;0
20000,0.58,19999.59;0
20000,0.58,19999.56;0
20000,0.58,19999.54;0
20000,0.58,19999.53;0
20000,0.58,19999.53;0
20000,0.58,19999.53;0
20000,0.58,19999.53;0
20000,0.58,19999.54;0
20000,0.58,19999.54;0
20000,0.58,19999.54;0
20000,0.58,19999.54;0
20000,0.58,19999.54;0
20000,0.58,19999.55;0
20000,0.58,19999.55;0
20000,0.58,19999.56;0
20000,0.58,19999.57;0
20000,0.58,19999.57;0
20000,0.58,19999.57;0
20000,0.58,19999.57;0
20000,0.58,19999.57;0
20000,0.58,19999.57;0
20000,0.58,19999.57;0
20000,0.58,19999.57;0
20000,0.58,19999.57;0
20000,0.58,19999.57;0
20000,0.58,19999.57;0
20000,0.58,19999.57;0
20000,0.58,19999.57;0
20000,0.58,19999.57;0
20000,0.58,19999.57;0
20000,0.58,19999.57;0
20000,0.58,19999.57;0
20000,0.58,19999.57;0
20000,0.58,19999.57;0
20000,0.58,19999.57;0
20000,0.58,19999.57;0
20000,0.58,19999.59;0
20000,0.58,19999.61;0
20000,0.58,19999.61;0
20000,0.58,19999.63;0
20000,0.58,19999.63;0
20000,0.58,19999.63;0
20000,0.58,19999.63;0
20000,0.58,19999.63;0
20000,0.58,19999.63;0
20000,0.58,19999.63;0
20000,0.58,19999.63;0
20000,0.58,19999.63;0
20000,0.58,19999.63;0
20000,0.58,19999.63;0
20000,0.58,19999.63;0
20000,0.58,19999.63;0
20000,0.58,19999.63;0
20000,0.58,19999.63;0
20000,0.58,19999.63;0
20000,0.58,19999.63;0
20000,0.58,19999.63;0
20000,0.58,19999.63;0
20000,0.58,19999.63;0
20000,0.58,19999.62;0
20000,0.58,19999.61;0
20000,0.58,19999.61;0
20000,0.58,19999.61;0
20000,0.58,19999.61;0
20000,0.58,19999.61;0
20000,0.58,19999.61;0
20000,0.58,19999.61;0
20000,0.58,19999.61;0
20000,0.58,19999.61;0
20000,0.58,19999.61;0
20000,0.58,19999.61;0
20000,0.58,19999.61;0
20000,0.58,19999.61;0
20000,0.58,19999.61;0
20000,0.58,19999.61;0
20000,0.58,19999.61;0
20000,0.58,19999.61;0
20000,0.58,19999.61;0
20000,0.58,19999.61;0
20000,0.58,19999.61;0
20000,0.58,19999.61;0
20000,0.58,19999.61;0
20000,0.58,19999.61;0
20000,0.58,19999.61;0
20000,0.58,19999.61;0
20000,0.58,19999.61;0
20000,0.58,19999.61;0
20000,0.58,19999.61;0
20000,0.58,19999.61;0
20000,0.58,19999.61;0
20000,0.58,19999.61;0
20000,0.58,19999.61;0
20000,0.58,19999.61;0
20000,0.58,19999.61;0
20000,0.58,19999.61;0
20000,0.58,19999.61;0
20000,0.58,19999.61;0
20000,0.58,19999.61;0
20000,0.58,19999.61;0
20000,0.58,19999.61;0
20000,0.58,19999.61;0
20000,0.58,19999.61;0
20000,0.58,19999.61;0
20000,0.58,19999.61;0
20000,0.58,19999.61;0
20000,0.58,19999.61;0
20000,0.58,19999.61;0
20000,0.58,19999.61;0
20000,0.58,19999.61;0
20000,0.58,19999.61;0
20000,0.58,19999.61;0
20000,0.58,19999.61;0
20000,0.58,19999.61;0
20000,0.58,19999.61;0
20000,0.58,19999.61;0
20000,0.58,19999.61;0
20000,0.58,19999.61;0
20000,0.58,19999.61;0
20000,0.58,19999.61;0
20000,0.58,19999.61;0
20000,0.58,19999.61;0
20000,0.58,19999.61;0
20000,0.58,19999.61;0
20000,0.58,19999.61;0
20000,0.58,19999.61;0
20000,0.58,19999.61;0
20000,0.58,19999.61;0
20000,0.58,19999.61;0
20000,0.58,19999.61;0
20000,0.58,19999.61;0
20000,0.58,19999.61;0
20000,0.58,19999.61;0
20000,0.58,19999.61;0
20000,0.58,19999.61;0
20000,0.58,19999.61;0
20000,0.58,19999.61;0
20000,0.58,19999.61;0
20000,0.58,19999.61;0
20000,0.58,19999.61;0
20000,0.58,19999.61;0
20000,0.58,19999.61;0
20000,0.58,19999.61;0
20000,0.58,19999.61;0
20000,0.58,19999.61;0
20000,0.58,19999.61;0
20000,0.58,19999.61;0
20000,0.58,19999.61;0
20000,0.58,19999.61;0
20000,0.58,19999.61;0
20000,0.58,19999.61;0
20000,0.58,19999.61;0
20000,0.58,19999.61;0
20000,0.58,19999.61;0
20000,0.58,19999.61;0
20000,0.58,19999.61;0
20000,0.58,19999.61;0
20000,0.58,19999.61;0
20000,0.58,19999.61;0
20000,0.58,19999.61;0
20000,0.58,19999.61;0
20000,0.58,19999.61;0
20000,0.58,19999.61;0
20000,0.58,19999.61;0
20000,0.58,19999.61;0
20000,0.58,19999.61;0
20000,0.58,19999.61;0
20000,0.58,19999.61;0
20000,0.58,19999.61;0
20000,0.58,19999.61;0
20000,0.58,19999.61;0
20000,0.58,19999.61;0
20000,0.58,19999.61;0
20000,0.58,19999.61;0
20000,0.58,19999.61;0
20000,0.58,19999.73;0
20000,0.58,19999.73;0
20000,0.58,19999.73;0
20000,0.58,19999.73;0
20000,0.58,19999.73;0
20000,0.58,19999.73;0
20000,0.58,19999.73;0
20000,0.58,19999.73;0
20000,0.58,19999.73;0
20000,0.58,19999.73;0
20000,0.58,19999.73;0
20000,0.58,19999.73;0
20000,0.58,19999.73;0
20000,0.58,19999.73;0
20000,0.58,19999.73;0
20000,0.58,19999.73;0
20000,0.58,19999.73;0
20000,0.58,19999.73;0
20000,0.58,19999.73;0
20000,0.58,19999.73;0
20000,0.58,19999.73;0
20000,0.58,19999.73;0
20000,0.58,19999.73;0
20000,0.58,19999.73;0
20000,0.58,19999.73;0
20000,0.58,19999.73;0
20000,0.58,19999.73;0
20000,0.58,19999.73;0
20000,0.58,19999.73;0
20000,0.58,19999.86;0
20000,0.58,19999.99;0
20000,0.58,19999.99;0
20000,0.58,19999.99;0
20000,0.58,19999.99;0
20000,0.58,19999.99;0
20000,0.58,20000.12;0
20000,0.58,20000.24;0
20000,0.58,20000.24;0
20000,0.58,20000.37;0
20000,0.58,20000.5;0
20000,0.58,20000.62;0
20000,0.58,20000.75;0
20000,0.58,20000.88;0
20000,0.58,20000.88;0
20000,0.58,20001.01;0
20000,0.58,20001.13;0
20000,0.58,20001.26;0
20000,0.58,20001.39;0
20000,0.58,20001.51;0
20000,0.58,20001.64;0
20000,0.58,20001.77;0
20000,0.58,20001.89;0
20000,0.58,20002.02;0
20000,0.58,20002.02;0
20000,0.58,20002.15;0
20000,0.58,20002.28;0
20000,0.58,20002.4;0
20000,0.58,20002.53;0
20000,0.58,20002.66;0
20000,0.58,20002.66;0
20000,0.58,20002.78;0
20000,0.58,20002.91;0
20000,0.58,20003.04;0
20000,0.58,20003.16;0
20000,0.58,20003.16;0
20000,0.58,20003.29;0
20000,0.58,20003.42;0
20000,0.58,20003.54;0
20000,0.58,20003.67;0
20000,0.58,20003.8;0
20000,0.58,20003.8;0
20000,0.58,20003.93;0
20000,0.58,20004.05;0
20000,0.58,20004.18;0
20000,0.58,20004.31;0
20000,0.58,20004.43;0
20000,0.58,20004.43;0
20000,0.58,20004.56;0
20000,0.58,20004.69;0
20000,0.58,20004.81;0
20000,0.58,20004.94;0
20000,0.58,20005.07;0
20000,0.58,20005.07;0
20000,0.58,20005.2;0
20000,0.58,20005.32;0
20000,0.58,20005.32;0
20000,0.58,20005.32;0
20000,0.58,20005.45;0
20000,0.58,20005.45;0
20000,0.58,20005.58;0
20000,0.58,20005.7;0
20000,0.58,20005.83;0
20000,0.58,20005.83;0
20000,0.58,20005.96;0
20000,0.58,20006.09;0
20000,0.58,20006.09;0
20000,0.58,20006.09;0
20000,0.58,20006.09;0
20000,0.58,20006.21;0
20000,0.58,20006.21;0
20000,0.58,20006.34;0
20000,0.58,20006.34;0
20000,0.58,20006.47;0
20000,0.58,20006.59;0
20000,0.58,20006.59;0
20000,0.58,20006.72;0
20000,0.58,20006.85;0
20000,0.58,20006.85;0
20000,0.58,20006.85;0
20000,0.58,20006.85;0
20000,0.58,20006.97;0
20000,0.58,20007.1;0
20000,0.58,20007.1;0
20000,0.58,20007.1;0
20000,0.58,20007.1;0
20000,0.58,20007.1;0
20000,0.58,20007.1;0
20000,0.58,20007.23;0
20000,0.58,20007.23;0
20000,0.58,20007.23;0
20000,0.58,20007.23;0
20000,0.58,20007.23;0
20000,0.58,20007.23;0
20000,0.58,20007.23;0
20000,0.58,20007.23;0
20000,0.58,20007.23;0
20000,0.58,20007.23;0
20000,0.58,20007.23;0
20000,0.58,20007.23;0
20000,0.58,20007.23;0
20000,0.58,20007.23;0
20000,0.58,20007.23;0
20000,0.58,20007.23;0
20000,0.58,20007.23;0
20000,0.58,20007.23;0
20000,0.58,20007.23;0
20000,0.58,20007.23;0
20000,0.58,20007.23;0
20000,0.58,20007.23;0
20000,0.58,20007.23;0
20000,0.58,20007.23;0
20000,0.58,20007.23;0
20000,0.58,20007.23;0
20000,0.58,20007.23;0
20000,0.58,20007.23;0
20000,0.58,20007.23;0
20000,0.58,20007.23;0
20000,0.58,20007.23;0
20000,0.58,20007.23;0
20000,0.58,20007.23;0
20000,0.58,20007.23;0
20000,0.58,20007.23;0
20000,0.58,20007.23;0
20000,0.58,20007.23;0
20000,0.58,20007.23;0
20000,0.58,20007.23;0
20000,0.58,20007.23;0
20000,0.58,20007.23;0
20000,0.58,20007.23;0
20000,0.58,20007.23;0
20000,0.58,20007.23;0
20000,0.58,20007.23;0
20000,0.58,20007.23;0
20000,0.58,20007.23;0
20000,0.58,20007.23;0
20000,0.58,20007.23;0
20000,0.58,20007.23;0
20000,0.58,20007.23;0
20000,0.58,20007.23;0
20000,0.58,20007.23;0
20000,0.58,20007.23;0
20000,0.58,20007.23;0
20000,0.58,20007.23;0
20000,0.58,20007.23;0
20000,0.58,20007.23;0
20000,0.58,20007.23;0
20000,0.58,20007.23;0
20000,0.58,20007.23;0
20000,0.58,20007.23;0
20000,0.58,20007.23;0
20000,0.58,20007.23;0
20000,0.58,20007.23;0
20000,0.58,20007.23;0
20000,0.58,20007.23;0
20000,0.58,20007.23;0
20000,0.58,20007.36;0
20000,0.58,20007.48;0
20000,0.58,20007.48;0
20000,0.58,20007.48;0
20000,0.58,20007.48;0
20000,0.58,20007.61;0
20000,0.58,20007.61;0
20000,0.58,20007.74;0
20000,0.58,20007.86;0
20000,0.58,20007.99;0
20000,0.58,20007.99;0
20000,0.58,20007.99;0
20000,0.58,20007.99;0
20000,0.58,20008.12;0
20000,0.58,20008.24;0
20000,0.58,20008.24;0
20000,0.58,20008.24;0
20000,0.58,20008.24;0
20000,0.58,20008.37;0
20000,0.58,20008.5;0
20000,0.58,20008.63;0
20000,0.58,20008.75;0
20000,0.58,20008.88;0
20000,0.58,20008.88;0
20000,0.58,20009.01;0
20000,0.58,20009.13;0
20000,0.58,20009.26;0
20000,0.58,20009.39;0
20000,0.58,20009.51;0
20000,0.58,20009.64;0
20000,0.58,20009.77;0
20000,0.58,20009.89;0
20000,0.58,20009.89;0
20000,0.58,20010.02;0
20000,0.58,20010.15;0
20000,0.58,20010.28;0
20000,0.58,20010.4;0
20000,0.58,20010.53;0
20000,0.58,20010.53;0
20000,0.58,20010.66;0
20000,0.58,20010.78;0
20000,0.58,20010.91;0
20000,0.58,20011.04;0
20000,0.58,20011.16;0
20000,0.58,20011.16;0
20000,0.58,20011.29;0
20000,0.58,20011.42;0
20000,0.58,20011.55;0
20000,0.58,20011.67;0
20000,0.58,20011.67;0
20000,0.58,20011.67;0
20000,0.58,20011.8;0
20000,0.58,20011.93;0
20000,0.58,20012.05;0
20000,0.58,20012.18;0
20000,0.58,20012.31;0
20000,0.58,20012.31;0
20000,0.58,20012.44;0
20000,0.58,20012.56;0
20000,0.58,20012.69;0
20000,0.58,20012.82;0
20000,0.58,20012.82;0
20000,0.58,20012.94;0
20000,0.58,20012.94;0
20000,0.58,20013.07;0
20000,0.58,20013.2;0
20000,0.58,20013.32;0
20000,0.58,20013.32;0
20000,0.58,20013.32;0
20000,0.58,20013.45;0
20000,0.58,20013.58;0
20000,0.58,20013.71;0
20000,0.58,20013.83;0
20000,0.58,20013.96;0
20000,0.58,20013.96;0
20000,0.58,20013.96;0
20000,0.58,20013.96;0
20000,0.58,20014.09;0
20000,0.58,20014.21;0
20000,0.58,20014.21;0
20000,0.58,20014.21;0
20000,0.58,20014.21;0
20000,0.58,20014.21;0
20000,0.58,20014.21;0
20000,0.58,20014.21;0
20000,0.58,20014.21;0
20000,0.58,20014.21;0
20000,0.58,20014.21;0
20000,0.58,20014.34;0
20000,0.58,20014.47;0
20000,0.58,20014.47;0