20000,0.5,20000;0
20000,0.5800976,20000;0
20000,0.5800976,20000;0
20000,0.5800976,20000;0
20000,0.5800976,20000;0
20000,0.5800976,20000;0
20000,0.5800976,20000;0
20000,0.5800976,20000;0
20000,0.5800976,20000;0
20000,0.5800976,20000;0
20000,0.5800976,20000;0
20000,0.5800976,20000;0
20000,0.5800976,20000;0
20000,0.5800976,20000;0
20000,0.5800976,20000;0
20000,0.5800976,20000;0
20000,0.5800976,20000;0
20000,0.5800976,20000;0
20000,0.5800976,20000;0
20000,0.5800976,20000;0
20000,0.5800976,20000;0
20000,0.5800976,20000;0
20000,0.5800976,20000;0
20000,0.5800976,20000;0
20000,0.5800976,20000;0
20000,0.5800976,20000;0
20000,0.5800976,20000;0
20000,0.5800976,20000;0
20000,0.5800976,20000;0
20000,0.5800976,20000;0
20000,0.5800976,20000;0
20000,0.5800976,20000;0
20000,0.5800976,20000;0
20000,0.5800976,20000;0
20000,0.5800976,20000;0
20000,0.5800976,20000;0
20000,0.5800976,20000;0
20000,0.5800976,20000;0
20000,0.5800976,20000;0
20000,0.5800976,20000;0
20000,0.5800976,20000;0
20000,0.5800976,20000;0
20000,0.5800976,20000;0
20000,0.5800976,20000;0
20000,0.5800976,20000;0
20000,0.5800976,20000;0
20000,0.5800976,20000;0
20000,0.5800976,20000;0
20000,0.5800976,20000;0
20000,0.5800976,20000;0
20000,0.5800976,20000;0
20000,0.5800976,20000;0
20000,0.5800976,20000;0
20000,0.5800976,20000;0
20000,0.5800976,20000;0
20000,0.5800976,20000;0
20000,0.5800976,20000;0
20000,0.5800976,20000;0
20000,0.5800976,20000;0
20000,0.5800976,20000;0
20000,0.5800976,20000;0
20000,0.5800976,20000;0
20000,0.5800976,20000;0
20000,0.5800976,20000;0
20000,0.5800976,20000;0
20000,0.5800976,20000;0
20000,0.5800976,20000;0
20000,0.5800976,20000;0
20000,0.5800976,20000;0
20000,0.5800976,20000;0
20000,0.5800976,20000;0
20000,0.5800976,20000;0
20000,0.5800976,20000;0
20000,0.5800976,20000;0
20000,0.5800976,20000;0
20000,0.5800976,20000;0
20000,0.5800976,20000;0
20000,0.5800976,20000;0
20000,0.5800976,20000;0
20000,0.5800976,20000;0
20000,0.5800976,20000;0
20000,0.5800976,20000;0
20000,0.5800976,20000;0
20000,0.5800976,20000;0
20000,0.5800976,20000;0
20000,0.5800976,20000;0
20000,0.5800976,20000;0
20000,0.5800976,20000;0
20000,0.5800976,20000;0
20000,0.5800976,20000;0
20000,0.5800976,20000;0
20000,0.5800976,20000;0
20000,0.5800976,20000;0
20000,0.5800976,20000;0
20000,0.5800976,20000;0
20000,0.5800976,20000;0
20000,0.5800976,20000;0
20000,0.5800976,20000;0
20000,0.5800976,20000.02;0
20000,0.5800976,20000.04;0
20000,0.5800976,20000.06;0
20000,0.5800976,20000.06;0
20000,0.5800976,20000.06;0
20000,0.5800976,20000.06;0
20000,0.5800976,20000.07;0
20000,0.5800976,20000.07;0
20000,0.5800976,20000.07;0
20000,0.5800976,20000.07;0
20000,0.5800976,20000.2;0
20000,0.5800976,20000.2;0
20000,0.5800976,20000.33;0
20000,0.5800976,20000.45;0
20000,0.5800976,20000.45;0
20000,0.5800976,20000.58;0
20000,0.5800976,20000.71;0
20000,0.5800976,20000.83;0
20000,0.5800976,20000.96;0
20000,0.5800976,20001.09;0
20000,0.5800976,20001.09;0
20000,0.5800976,20001.21;0
20000,0.5800976,20001.21;0
20000,0.5800976,20001.34;0
20000,0.5800976,20001.47;0
20000,0.5800976,20001.6;0
20000,0.5800976,20001.72;0
20000,0.5800976,20001.72;0
20000,0.5800976,20001.85;0
20000,0.5800976,20001.98;0
20000,0.5800976,20002.1;0
20000,0.5800976,20002.23;0
20000,0.5800976,20002.36;0
20000,0.5800976,20002.48;0
20000,0.5800976,20002.61;0
20000,0.5800976,20002.74;0
20000,0.5800976,20002.74;0
20000,0.5800976,20002.87;0
20000,0.5800976,20002.99;0
20000,0.5800976,20003.12;0
20000,0.5800976,20003.25;0
20000,0.5800976,20003.37;0
20000,0.5800976,20003.5;0
20000,0.5800976,20003.63;0
20000,0.5800976,20003.75;0
20000,0.5800976,20003.75;0
20000,0.5800976,20003.75;0
20000,0.5800976,20003.75;0
20000,0.5800976,20003.75;0
20000,0.5800976,20003.75;0
20000,0.5800976,20003.88;0
20000,0.5800976,20004.01;0
20000,0.5800976,20004.13;0
20000,0.5800976,20004.13;0
20000,0.5800976,20004.26;0
20000,0.5800976,20004.39;0
20000,0.5800976,20004.51;0
20000,0.5800976,20004.64;0
20000,0.5800976,20004.77;0
20000,0.5800976,20004.89;0
20000,0.5800976,20005.02;0
20000,0.5800976,20005.15;0
20000,0.5800976,20005.28;0
20000,0.5800976,20005.4;0
20000,0.5800976,20005.53;0
20000,0.5800976,20005.66;0
20000,0.5800976,20005.78;0
20000,0.5800976,20005.78;0
20000,0.5800976,20005.91;0
20000,0.5800976,20006.04;0
20000,0.5800976,20006.16;0
20000,0.5800976,20006.29;0
20000,0.5800976,20006.42;0
20000,0.5800976,20006.55;0
20000,0.5800976,20006.67;0
20000,0.5800976,20006.8;0
20000,0.5800976,20006.93;0
20000,0.5800976,20007.05;0
20000,0.5800976,20007.18;0
20000,0.5800976,20007.31;0
20000,0.5800976,20007.44;0
20000,0.5800976,20007.56;0
20000,0.5800976,20007.69;0
20000,0.5800976,20007.82;0
20000,0.5800976,20007.94;0
20000,0.5800976,20008.07;0
20000,0.5800976,20008.2;0
20000,0.5800976,20008.2;0
20000,0.5800976,20008.32;0
20000,0.5800976,20008.45;0
20000,0.5800976,20008.58;0
20000,0.5800976,20008.71;0
20000,0.5800976,20008.83;0
20000,0.5800976,20008.96;0
20000,0.5800976,20009.09;0
20000,0.5800976,20009.21;0
20000,0.5800976,20009.34;0
20000,0.5800976,20009.47;0
20000,0.5800976,20009.47;0
20000,0.5800976,20009.59;0
20000,0.5800976,20009.72;0
20000,0.5800976,20009.85;0
20000,0.5800976,20009.97;0
20000,0.5800976,20010.1;0
20000,0.5800976,20010.23;0
20000,0.5800976,20010.36;0
20000,0.5800976,20010.48;0
20000,0.5800976,20010.61;0
20000,0.5800976,20010.74;0
20000,0.5800976,20010.86;0
20000,0.5800976,20010.86;0
20000,0.5800976,20010.99;0
20000,0.5800976,20011.12;0
20000,0.5800976,20011.24;0
20000,0.5800976,20011.37;0
20000,0.5800976,20011.5;0
20000,0.5800976,20011.63;0
20000,0.5800976,20011.63;0
20000,0.5800976,20011.75;0
20000,0.5800976,20011.88;0
20000,0.5800976,20012.01;0
20000,0.5800976,20012.13;0
20000,0.5800976,20012.26;0
20000,0.5800976,20012.26;0
20000,0.5800976,20012.39;0
20000,0.5800976,20012.52;0
20000,0.5800976,20012.64;0
20000,0.5800976,20012.77;0
20000,0.5800976,20012.9;0
20000,0.5800976,20013.02;0
20000,0.5800976,20013.15;0
20000,0.5800976,20013.28;0
20000,0.5800976,20013.4;0
20000,0.5800976,20013.53;0
20000,0.5800976,20013.66;0
20000,0.5800976,20013.66;0
20000,0.5800976,20013.79;0
20000,0.5800976,20013.91;0
20000,0.5800976,20014.04;0
20000,0.5800976,20014.17;0
20000,0.5800976,20014.17;0
20000,0.5800976,20014.29;0
20000,0.5800976,20014.42;0
20000,0.5800976,20014.55;0
20000,0.5800976,20014.67;0
20000,0.5800976,20014.8;0
20000,0.5800976,20014.93;0
20000,0.5800976,20015.05;0
20000,0.5800976,20015.18;0
20000,0.5800976,20015.31;0
20000,0.5800976,20015.31;0
20000,0.5800976,20015.44;0
20000,0.5800976,20015.56;0
20000,0.5800976,20015.69;0
20000,0.5800976,20015.82;0
20000,0.5800976,20015.94;0
20000,0.5800976,20015.94;0
20000,0.5800976,20016.07;0
20000,0.5800976,20016.2;0
20000,0.5800976,20016.32;0
20000,0.5800976,20016.45;0
20000,0.5800976,20016.58;0
20000,0.5800976,20016.71;0
20000,0.5800976,20016.83;0
20000,0.5800976,20016.96;0
20000,0.5800976,20017.09;0
20000,0.5800976,20017.09;0
20000,0.5800976,20017.21;0
20000,0.5800976,20017.34;0
20000,0.5800976,20017.47;0
20000,0.5800976,20017.6;0
20000,0.5800976,20017.72;0
20000,0.5800976,20017.85;0
20000,0.5800976,20017.98;0
20000,0.5800976,20018.1;0
20000,0.5800976,20018.23;0
20000,0.5800976,20018.36;0
20000,0.5800976,20018.36;0
20000,0.5800976,20018.48;0
20000,0.5800976,20018.61;0
20000,0.5800976,20018.74;0
20000,0.5800976,20018.87;0
20000,0.5800976,20018.99;0
20000,0.5800976,20018.99;0
20000,0.5800976,20019.12;0
20000,0.5800976,20019.25;0
20000,0.5800976,20019.37;0
20000,0.5800976,20019.5;0
20000,0.5800976,20019.5;0
20000,0.5800976,20019.63;0
20000,0.5800976,20019.75;0
20000,0.5800976,20019.88;0
20000,0.5800976,20020.01;0
20000,0.5800976,20020.13;0
20000,0.5800976,20020.26;0
20000,0.5800976,20020.39;0
20000,0.5800976,20020.52;0
20000,0.5800976,20020.64;0
20000,0.5800976,20020.77;0
20000,0.5800976,20020.77;0
20000,0.5800976,20020.77;0
20000,0.5800976,20020.9;0
20000,0.5800976,20021.02;0
20000,0.5800976,20021.15;0
20000,0.5800976,20021.28;0
20000,0.5800976,20021.4;0
20000,0.5800976,20021.53;0
20000,0.5800976,20021.66;0
20000,0.5800976,20021.66;0
20000,0.5800976,20021.79;0
20000,0.5800976,20021.91;0
20000,0.5800976,20022.04;0
20000,0.5800976,20022.17;0
20000,0.5800976,20022.29;0
20000,0.5800976,20022.42;0
20000,0.5800976,20022.42;0
20000,0.5800976,20022.55;0
20000,0.5800976,20022.68;0
20000,0.5800976,20022.8;0
20000,0.5800976,20022.93;0
20000,0.5800976,20023.06;0
20000,0.5800976,20023.18;0
20000,0.5800976,20023.31;0
20000,0.5800976,20023.31;0
20000,0.5800976,20023.44;0
20000,0.5800976,20023.56;0
20000,0.5800976,20023.69;0
20000,0.5800976,20023.82;0
20000,0.5800976,20023.95;0
20000,0.5800976,20024.07;0
20000,0.5800976,20024.2;0
20000,0.5800976,20024.33;0
20000,0.5800976,20024.45;0
20000,0.5800976,20024.58;0
20000,0.5800976,20024.71;0
20000,0.5800976,20024.71;0
20000,0.5800976,20024.83;0
20000,0.5800976,20024.96;0
20000,0.5800976,20025.09;0
20000,0.5800976,20025.21;0
20000,0.5800976,20025.34;0
20000,0.5800976,20025.47;0
20000,0.5800976,20025.6;0
20000,0.5800976,20025.72;0
20000,0.5800976,20025.85;0
20000,0.5800976,20025.98;0
20000,0.5800976,20026.1;0
20000,0.5800976,20026.23;0
20000,0.5800976,20026.23;0
20000,0.5800976,20026.36;0
20000,0.5800976,20026.48;0
20000,0.5800976,20026.61;0
20000,0.5800976,20026.74;0
20000,0.5800976,20026.87;0
20000,0.5800976,20026.99;0
20000,0.5800976,20027.12;0
20000,0.5800976,20027.25;0
20000,0.5800976,20027.37;0
20000,0.5800976,20027.5;0
20000,0.5800976,20027.63;0
20000,0.5800976,20027.76;0
20000,0.5800976,20027.88;0
20000,0.5800976,20028.01;0
20000,0.5800976,20028.14;0
20000,0.5800976,20028.26;0
20000,0.5800976,20028.39;0
20000,0.5800976,20028.39;0
20000,0.5800976,20028.52;0
20000,0.5800976,20028.64;0
20000,0.5800976,20028.77;0
20000,0.5800976,20028.9;0
20000,0.5800976,20029.03;0
20000,0.5800976,20029.15;0
20000,0.5800976,20029.28;0
20000,0.5800976,20029.41;0
20000,0.5800976,20029.53;0
20000,0.5800976,20029.66;0
20000,0.5800976,20029.79;0
20000,0.5800976,20029.91;0
20000,0.5800976,20029.91;0
20000,0.5800976,20030.04;0
20000,0.5800976,20030.17;0
20000,0.5800976,20030.17;0
20000,0.5800976,20030.29;0
20000,0.5800976,20030.42;0
20000,0.5800976,20030.55;0
20000,0.5800976,20030.68;0
20000,0.5800976,20030.8;0
20000,0.5800976,20030.93;0
20000,0.5800976,20031.06;0
20000,0.5800976,20031.06;0
20000,0.5800976,20031.18;0
20000,0.5800976,20031.31;0
20000,0.5800976,20031.44;0
20000,0.5800976,20031.56;0
20000,0.5800976,20031.69;0
20000,0.5800976,20031.82;0
20000,0.5800976,20031.82;0
20000,0.5800976,20031.95;0
20000,0.5800976,20032.07;0
20000,0.5800976,20032.2;0
20000,0.5800976,20032.33;0
20000,0.5800976,20032.45;0
20000,0.5800976,20032.58;0
20000,0.5800976,20032.58;0
20000,0.5800976,20032.71;0
20000,0.5800976,20032.84;0
20000,0.5800976,20032.96;0
20000,0.5800976,20033.09;0
20000,0.5800976,20033.22;0
20000,0.5800976,20033.34;0
20000,0.5800976,20033.47;0
20000,0.5800976,20033.47;0
20000,0.5800976,20033.6;0
20000,0.5800976,20033.72;0
20000,0.5800976,20033.85;0
20000,0.5800976,20033.85;0
20000,0.5800976,20033.98;0
20000,0.5800976,20033.98;0
20000,0.5800976,20034.11;0
20000,0.5800976,20034.11;0
20000,0.5800976,20034.11;0
20000,0.5800976,20034.11;0
20000,0.5800976,20034.23;0
20000,0.5800976,20034.36;0
20000,0.5800976,20034.49;0
20000,0.5800976,20034.61;0
20000,0.5800976,20034.74;0
20000,0.5800976,20034.74;0
20000,0.5800976,20034.74;0
20000,0.5800976,20034.87;0
20000,0.5800976,20034.87;0
20000,0.5800976,20034.99;0
20000,0.5800976,20035.12;0
20000,0.5800976,20035.12;0
20000,0.5800976,20035.12;0
20000,0.5800976,20035.25;0
20000,0.5800976,20035.25;0
20000,0.5800976,20035.38;0
20000,0.5800976,20035.38;0
20000,0.5800976,20035.5;0
20000,0.5800976,20035.5;0
20000,0.5800976,20035.63;0
20000,0.5800976,20035.63;0
20000,0.5800976,20035.63;0
20000,0.5800976,20035.63;0
20000,0.5800976,20035.76;0
20000,0.5800976,20035.76;0
20000,0.5800976,20035.76;0
20000,0.5800976,20035.76;0
20000,0.5800976,20035.76;0
20000,0.5800976,20035.76;0
20000,0.5800976,20035.88;0
20000,0.5800976,20036.01;0
20000,0.5800976,20036.14;0
20000,0.5800976,20036.26;0
20000,0.5800976,20036.39;0
20000,0.5800976,20036.52;0
20000,0.5800976,20036.64;0
20000,0.5800976,20036.77;0
20000,0.5800976,20036.9;0
20000,0.5800976,20037.03;0
20000,0.5800976,20037.15;0
20000,0.5800976,20037.28;0
20000,0.5800976,20037.41;0
20000,0.5800976,20037.53;0
20000,0.5800976,20037.66;0
20000,0.5800976,20037.79;0
20000,0.5800976,20037.91;0
20000,0.5800976,20037.91;0
20000,0.5800976,20038.04;0
20000,0.5800976,20038.17;0
20000,0.5800976,20038.3;0
20000,0.5800976,20038.42;0
20000,0.5800976,20038.55;0
20000,0.5800976,20038.68;0
20000,0.5800976,20038.8;0
20000,0.5800976,20038.8;0
20000,0.5800976,20038.93;0
20000,0.5800976,20039.06;0
20000,0.5800976,20039.19;0
20000,0.5800976,20039.31;0
20000,0.5800976,20039.44;0
20000,0.5800976,20039.57;0
20000,0.5800976,20039.57;0
20000,0.5800976,20039.69;0
20000,0.5800976,20039.82;0
20000,0.5800976,20039.95;0
20000,0.5800976,20040.07;0
20000,0.5800976,20040.2;0
20000,0.5800976,20040.33;0
20000,0.5800976,20040.46;0
20000,0.5800976,20040.46;0
20000,0.5800976,20040.58;0
20000,0.5800976,20040.71;0
20000,0.5800976,20040.84;0
20000,0.5800976,20040.96;0
20000,0.5800976,20041.09;0
20000,0.5800976,20041.22;0
20000,0.5800976,20041.34;0
20000,0.5800976,20041.47;0
20000,0.5800976,20041.6;0
20000,0.5800976,20041.6;0
20000,0.5800976,20041.72;0
20000,0.5800976,20041.85;0
20000,0.5800976,20041.98;0
20000,0.5800976,20042.11;0
20000,0.5800976,20042.23;0
20000,0.5800976,20042.36;0
20000,0.5800976,20042.49;0
20000,0.5800976,20042.61;0
20000,0.5800976,20042.74;0
20000,0.5800976,20042.87;0
20000,0.5800976,20042.99;0
20000,0.5800976,20043.12;0
20000,0.5800976,20043.25;0
20000,0.5800976,20043.38;0
20000,0.5800976,20043.5;0
20000,0.5800976,20043.63;0
20000,0.5800976,20043.63;0
20000,0.5800976,20043.76;0
20000,0.5800976,20043.88;0
20000,0.5800976,20044.01;0
20000,0.5800976,20044.14;0
20000,0.5800976,20044.27;0
20000,0.5800976,20044.39;0
20000,0.5800976,20044.52;0
20000,0.5800976,20044.65;0
20000,0.5800976,20044.65;0
20000,0.5800976,20044.77;0
20000,0.5800976,20044.9;0
20000,0.5800976,20045.03;0
20000,0.5800976,20045.15;0
20000,0.5800976,20045.28;0
20000,0.5800976,20045.41;0
20000,0.5800976,20045.54;0
20000,0.5800976,20045.66;0
20000,0.5800976,20045.79;0
20000,0.5800976,20045.92;0
20000,0.5800976,20046.04;0
20000,0.5800976,20046.17;0
20000,0.5800976,20046.3;0
20000,0.5800976,20046.42;0
20000,0.5800976,20046.55;0
20000,0.5800976,20046.68;0
20000,0.5800976,20046.8;0
20000,0.5800976,20046.93;0
20000,0.5800976,20047.06;0
20000,0.5800976,20047.06;0
20000,0.5800976,20047.19;0
20000,0.5800976,20047.31;0
20000,0.5800976,20047.44;0
20000,0.5800976,20047.57;0
20000,0.5800976,20047.69;0
