20000,0.5,20000;0
20000,0.5,20000;0
20000,0.5,20000;0
20000,0.5,20000;0
20000,0.5,20000;0
20000,0.5,20000;359.9713
20000,0.5,20000;359.9427
20000,0.58,20000;359.9284
20000,0.58,20000;359.9284
20000,0.58,20000;359.9141
20000,0.58,20000;359.9141
20000,0.58,20000;359.9141
20000,0.58,20000;359.9141
20000,0.58,20000;359.9141
20000,0.58,19999.99;359.9141
20000,0.58,19999.99;359.9141
20000,0.58,19999.99;359.9141
20000,0.58,19999.99;359.9141
20000,0.58,19999.99;359.9141
20000,0.58,19999.99;359.8997
20000,0.58,19999.99;359.8854
20000,0.58,19999.98;359.8711
20000,0.58,19999.98;359.8711
20000,0.58,19999.98;359.8568
20000,0.58,19999.98;359.8424
20000,0.58,19999.98;359.8281
20000,0.58,19999.98;359.8138
20000,0.58,19999.98;359.8138
20000,0.58,19999.98;359.8138
20000,0.58,19999.98;359.7995
20000,0.58,19999.98;359.7995
20000,0.58,19999.98;359.7852
20000,0.58,19999.97;359.7708
20000,0.58,19999.97;359.7565
20000,0.58,19999.97;359.7422
20000,0.58,19999.97;359.7422
20000,0.58,19999.97;359.7422
20000,0.58,19999.97;359.7279
20000,0.58,19999.97;359.7279
20000,0.58,19999.97;359.7279
20000,0.58,19999.97;359.7279
20000,0.58,19999.97;359.7279
20000,0.58,19999.97;359.7279
20000,0.58,19999.97;359.7135
20000,0.58,19999.97;359.6992
20000,0.58,19999.97;359.6992
20000,0.58,19999.97;359.6992
20000,0.58,19999.96;359.6849
20000,0.58,19999.96;359.6706
20000,0.58,19999.96;359.6563
20000,0.58,19999.96;359.6563
20000,0.58,19999.96;359.6563
20000,0.58,19999.96;359.6563
20000,0.58,19999.96;359.6563
20000,0.58,19999.96;359.6563
20000,0.58,19999.96;359.6419
20000,0.58,19999.96;359.6419
20000,0.58,19999.96;359.6419
20000,0.58,19999.96;359.6419
20000,0.58,19999.96;359.6419
20000,0.58,19999.96;359.6419
20000,0.58,19999.96;359.6419
20000,0.58,19999.96;359.6276
20000,0.58,19999.96;359.6133
20000,0.58,19999.94;359.513
20000,0.58,19999.93;359.2265
20000,0.58,19999.92;358.8971
20000,0.58,19999.92;358.5533
20000,0.58,19999.91;358.2955
20000,0.58,19999.91;358.2382
20000,0.58,19999.91;358.4244
20000,0.58,19999.9;358.6106
20000,0.58,19999.87;358.6822
20000,0.58,19999.84;358.8111
20000,0.58,19999.82;358.9257
20000,0.58,19999.79;358.9973
20000,0.58,19999.76;358.9973
20000.01,0.58,19999.67;358.8111
20000.01,0.58,19999.57;358.7968
20000.01,0.58,19999.51;359.1835
20000.01,0.58,19999.45;359.6706
20000.01,0.58,19999.4;359.8997
20000.01,0.58,19999.34;0.1145945
20000.01,0.58,19999.29;0.3294502
20000.01,0.58,19999.28;0.5299828
20000.01,0.58,19999.29;0.7018695
20000.01,0.58,19999.29;0.9453819
20000.01,0.58,19999.28;1.21754
20000.01,0.5800002,19999.28;1.475376
20000.01,0.5800002,19999.28;1.632939
20000,0.5800003,19999.28;1.833472
20000,0.5800003,19999.28;2.076984
20000,0.5800003,19999.28;2.320497
20000,0.5800003,19999.28;2.621301
20000,0.5800003,19999.28;2.922106
20000,0.5800003,19999.28;3.22291
19999.99,0.5800003,19999.28;3.581006
19999.99,0.5800002,19999.28;3.896133
19999.99,0.5800002,19999.28;4.153969
19999.99,0.5800002,19999.28;4.469097
19999.99,0.5800002,19999.28;4.784224
19999.99,0.5800002,19999.29;5.285561
19999.99,0.5800002,19999.32;5.686626
20000,0.5800002,19999.36;6.130671
20000,0.5800002,19999.39;6.460122
20000,0.5800002,19999.39;6.488768
20000,0.5800002,19999.39;6.517414
20000,0.5800002,19999.35;6.546059
19999.99,0.5800002,19999.31;6.574705
19999.99,0.5800002,19999.28;6.603352
19999.98,0.5800002,19999.28;6.631997
19999.98,0.5800002,19999.28;6.660644
19999.98,0.5800002,19999.28;6.689289
19999.98,0.5800002,19999.28;6.717936
19999.98,0.5800002,19999.28;6.746582
19999.98,0.5800003,19999.28;6.775228
19999.98,0.5800003,19999.28;6.803874
19999.97,0.5800003,19999.28;6.803874
19999.97,0.5800003,19999.28;6.803874
19999.97,0.5800003,19999.28;6.803874
19999.97,0.5800003,19999.28;6.803874
19999.98,0.5800003,19999.28;6.803874
19999.98,0.5800003,19999.29;6.803874
19999.98,0.5800003,19999.29;6.803874
19999.98,0.5800003,19999.3;6.803874
19999.98,0.5800003,19999.31;6.803874
19999.98,0.5800003,19999.31;6.803874
19999.98,0.5800003,19999.31;6.803874
19999.98,0.5800003,19999.31;6.803874
19999.98,0.5800003,19999.32;6.803874
19999.98,0.5800003,19999.34;6.803874
19999.98,0.5800003,19999.35;6.803874
19999.99,0.5800003,19999.36;6.803874
19999.99,0.5800003,19999.38;6.803874
19999.99,0.5800003,19999.4;6.803874
19999.99,0.5800003,19999.41;6.803874
19999.99,0.5800003,19999.44;6.803874
20000,0.5800003,19999.45;6.803874
20000,0.5800003,19999.47;6.803874
20000,0.5800003,19999.49;6.803874
20000,0.5800003,19999.51;6.803874
20000.01,0.5800003,19999.53;6.803874
20000.01,0.5800003,19999.55;6.803874
20000.01,0.5800003,19999.57;6.803874
20000.01,0.5800003,19999.6;6.803874
20000.02,0.5800003,19999.62;6.803874
20000.02,0.5800003,19999.65;6.803874
20000.02,0.5800003,19999.67;6.803874
20000.03,0.5800003,19999.7;6.803874
20000.03,0.5800003,19999.72;6.83252
20000.03,0.5800003,19999.75;6.861166
20000.04,0.5800003,19999.78;6.961437
20000.04,0.5800003,19999.82;7.061709
20000.04,0.5800003,19999.84;7.190625
20000.05,0.5800003,19999.88;7.247918
20000.05,0.5800003,19999.91;7.362513
20000.06,0.5800003,19999.94;7.49143
20000.06,0.5800003,19999.98;7.577379
20000.06,0.5800003,20000.01;7.691973
20000.07,0.5800003,20000.04;7.82089
20000.07,0.5800003,20000.07;7.949809
20000.08,0.5800003,20000.11;8.078726
20000.08,0.5800003,20000.15;8.178997
20000.09,0.5800003,20000.19;8.307916
20000.1,0.5800003,20000.22;8.379532
20000.09,0.5800003,20000.17;8.293584
20000.08,0.5800003,20000.13;8.494116
20000.07,0.5800003,20000.04;8.65168
20000.05,0.5800003,19999.96;8.866537
20000.05,0.5800003,19999.91;9.367874
20000.04,0.5800003,19999.86;9.668678
20000.03,0.5800003,19999.78;9.883534
20000,0.5800003,19999.64;9.998128
19999.98,0.5800003,19999.5;10.15569
19999.95,0.5800003,19999.38;10.24164
19999.94,0.5800003,19999.28;10.28461
19999.92,0.5800005,19999.28;10.25596
19999.91,0.5800006,19999.28;10.25596
19999.89,0.5800008,19999.28;10.25596
19999.88,0.5800008,19999.28;10.25596
19999.86,0.5800006,19999.28;10.25596
19999.85,0.5800005,19999.28;10.25596
19999.84,0.5800005,19999.28;10.25596
19999.84,0.5800005,19999.28;10.25596
19999.84,0.5800005,19999.28;10.25596
19999.84,0.5800005,19999.28;10.25596
19999.84,0.5800005,19999.28;10.25596
19999.84,0.5800005,19999.28;10.25596
19999.84,0.5800005,19999.28;10.25596
19999.84,0.5800005,19999.28;10.25596
19999.84,0.5800005,19999.28;10.25596
19999.84,0.5800005,19999.28;10.25596
19999.84,0.5800005,19999.28;10.25596
19999.84,0.5800005,19999.28;10.25596
19999.83,0.5800005,19999.28;10.25596
19999.83,0.5800005,19999.28;10.25596
19999.83,0.5800005,19999.28;10.25596
19999.83,0.5800005,19999.28;10.25596
19999.84,0.5800005,19999.3;10.17002
19999.84,0.5800005,19999.3;10.12705
19999.84,0.5800005,19999.3;10.08408
19999.84,0.5800005,19999.3;10.04111
19999.84,0.5800005,19999.3;9.99814
19999.84,0.5800005,19999.3;9.955171
19999.84,0.5800005,19999.3;9.912201
19999.84,0.5800005,19999.32;9.869233
19999.85,0.5800005,19999.35;9.826264
19999.85,0.5800005,19999.37;9.783296
19999.85,0.5800005,19999.39;9.740327
19999.86,0.5800005,19999.42;9.697358
19999.86,0.5800005,19999.45;9.654388
19999.87,0.5800005,19999.48;9.61142
19999.88,0.5800005,19999.52;9.568452
19999.88,0.5800005,19999.53;9.55413
19999.88,0.5800005,19999.53;9.339272
19999.88,0.5800005,19999.56;9.024145
19999.89,0.5800005,19999.6;8.938196
19999.89,0.5800005,19999.62;8.766311
19999.9,0.5800005,19999.66;8.264973
19999.9,0.5800005,19999.69;8.150378
19999.91,0.5800005,19999.72;8.035785
19999.91,0.5800005,19999.75;7.921189
19999.91,0.5800005,19999.75;7.892543
19999.91,0.5800005,19999.75;7.863897
19999.91,0.5800005,19999.75;7.849574
19999.91,0.5800005,19999.75;7.820927
19999.91,0.5800005,19999.72;7.792281
19999.9,0.5800005,19999.69;7.720667
19999.9,0.5800005,19999.67;7.649053
19999.89,0.5800005,19999.64;7.577439
19999.89,0.5800005,19999.63;7.505824
19999.89,0.5800005,19999.63;7.434209
19999.89,0.5800005,19999.63;7.362595
19999.89,0.5800005,19999.6;7.29098
19999.88,0.5800005,19999.56;7.219366
19999.88,0.5800005,19999.53;7.14775
19999.88,0.5800005,19999.5;7.076135
19999.88,0.5800005,19999.48;7.00452
19999.87,0.5800005,19999.46;6.932905
19999.87,0.5800005,19999.43;6.86129
19999.87,0.5800005,19999.4;6.789676
19999.86,0.5800005,19999.37;6.71806
19999.86,0.5800005,19999.34;6.646445
19999.85,0.5800005,19999.31;6.57483
19999.85,0.5800005,19999.28;6.503215
19999.85,0.5800006,19999.28;6.4316
19999.84,0.5800006,19999.28;6.359984
19999.84,0.5800006,19999.28;6.288369
19999.84,0.5800006,19999.28;6.216754
19999.84,0.5800006,19999.28;6.145139
19999.84,0.5800006,19999.28;6.145139
19999.84,0.5800006,19999.28;6.073524
19999.84,0.5800006,19999.28;6.00191
19999.84,0.5800006,19999.28;6.00191
19999.84,0.5800006,19999.28;6.00191
19999.84,0.5800006,19999.28;6.00191
19999.84,0.5800006,19999.28;6.00191
19999.84,0.5800006,19999.28;6.00191
19999.85,0.5800006,19999.29;5.930295
19999.85,0.5800006,19999.32;5.858681
19999.85,0.5800006,19999.34;5.787066
19999.85,0.5800006,19999.33;5.715452
19999.85,0.5800006,19999.33;5.643836
19999.85,0.5800006,19999.33;5.572222
19999.85,0.5800006,19999.33;5.500607
19999.85,0.5800006,19999.33;5.500607
19999.85,0.5800006,19999.33;5.500607
19999.85,0.5800006,19999.33;5.428991
19999.85,0.5800006,19999.33;5.428991
19999.85,0.5800006,19999.33;5.428991
19999.85,0.5800006,19999.33;5.357376
19999.85,0.5800006,19999.34;5.285761
19999.85,0.5800006,19999.34;5.214147
19999.85,0.5800006,19999.34;5.214147
19999.85,0.5800006,19999.34;5.142532
19999.85,0.5800006,19999.34;5.142532
19999.85,0.5800006,19999.34;5.142532
19999.85,0.5800006,19999.34;5.070917
19999.85,0.5800006,19999.34;4.999302
19999.85,0.5800006,19999.34;4.927688
19999.85,0.5800006,19999.35;4.856071
19999.85,0.5800006,19999.36;4.784457
19999.85,0.5800006,19999.37;4.712842
19999.85,0.5800006,19999.37;4.712842
19999.85,0.5800006,19999.37;4.712842
19999.85,0.5800006,19999.37;4.712842
19999.85,0.5800006,19999.37;4.712842
19999.85,0.5800006,19999.37;4.712842
19999.85,0.5800006,19999.37;4.641227
19999.85,0.5800006,19999.37;3.638553
19999.85,0.5800006,19999.38;1.819414
19999.85,0.5800006,19999.38;0.0002759823
19999.85,0.5800006,19999.38;358.1812
19999.85,0.5800006,19999.39;356.362
19999.85,0.5800006,19999.39;354.5428
19999.85,0.5800006,19999.4;352.7237
19999.85,0.5800006,19999.4;350.9046
19999.85,0.5800006,19999.4;349.0854
19999.85,0.5800006,19999.41;347.2663
19999.85,0.5800006,19999.41;345.4472
19999.85,0.5800006,19999.42;343.628
19999.85,0.5800006,19999.42;341.8089
19999.84,0.5800006,19999.42;339.9897
19999.84,0.5800006,19999.43;338.1706
19999.84,0.5800006,19999.43;336.3515
19999.84,0.5800006,19999.44;334.5323
19999.84,0.5800006,19999.44;332.7132
19999.84,0.5800006,19999.44;330.8941
19999.84,0.5800006,19999.44;329.0749
19999.83,0.5800006,19999.44;327.2558
19999.83,0.5800006,19999.45;325.4366
19999.82,0.5800006,19999.46;323.6175
19999.81,0.5800006,19999.47;321.7984
19999.81,0.5800006,19999.47;319.9792
19999.8,0.5800006,19999.48;318.1601
19999.8,0.5800006,19999.49;316.3409
19999.79,0.5800006,19999.49;314.5218
19999.79,0.5800006,19999.5;312.7027
19999.78,0.5800006,19999.51;310.8835
19999.76,0.5800006,19999.52;309.0644
19999.74,0.5800006,19999.53;307.2453
19999.74,0.5800006,19999.53;305.4261
19999.74,0.5800006,19999.54;303.607
19999.74,0.5800006,19999.54;301.7878
19999.72,0.5800006,19999.54;299.9687
19999.72,0.5800006,19999.55;298.1496
19999.72,0.5800006,19999.55;296.3304
19999.71,0.5800006,19999.55;294.5113
19999.69,0.5800006,19999.56;292.6921
19999.67,0.5800006,19999.57;290.873
19999.65,0.5800006,19999.57;289.0539
19999.64,0.5800006,19999.58;287.2347
19999.63,0.5800006,19999.58;285.4156
19999.62,0.5800006,19999.59;283.5965
19999.61,0.5800006,19999.59;281.7773
19999.6,0.5800006,19999.59;279.9582
19999.6,0.5800006,19999.59;278.139
19999.59,0.5800006,19999.59;276.3199
19999.59,0.5800006,19999.59;274.5008
19999.58,0.5800006,19999.59;272.6959
19999.57,0.5800006,19999.59;271.7362
19999.56,0.5800006,19999.59;271.3925
19999.56,0.5800006,19999.59;271.0487
19999.54,0.5800006,19999.59;270.7049
19999.52,0.5800006,19999.59;270.3611
19999.52,0.5800006,19999.59;270.3182
19999.52,0.5800006,19999.59;270.2752
19999.51,0.5800006,19999.59;270.2322
19999.51,0.5800006,19999.59;270.2322
19999.51,0.5800006,19999.59;270.2322
19999.49,0.5800006,19999.59;270.1893
19999.49,0.5800006,19999.59;270.1463
19999.49,0.5800006,19999.59;270.1463
19999.49,0.5800006,19999.59;270.1463
19999.49,0.5800006,19999.59;270.1033
19999.49,0.5800006,19999.59;270.0604
19999.49,0.5800006,19999.59;270.0174
19999.49,0.5800006,19999.59;269.9744
19999.49,0.5800006,19999.59;269.9315
19999.48,0.5800006,19999.59;269.8885
19999.46,0.5800006,19999.59;269.8455
19999.44,0.5800006,19999.59;269.8026
19999.43,0.5800006,19999.59;269.7596
19999.38,0.5800006,19999.59;269.7166
19999.33,0.5800006,19999.59;269.6736
19999.33,0.5800006,19999.59;269.6307
19999.33,0.5800006,19999.59;269.6307
19999.33,0.5800006,19999.59;269.6307
19999.33,0.5800006,19999.59;269.6307
19999.33,0.5800006,19999.59;269.6307
19999.33,0.5800006,19999.59;269.6307
19999.33,0.5800006,19999.59;269.5877
19999.36,0.5800006,19999.59;269.5447
19999.34,0.5800006,19999.59;269.5018
19999.3,0.5800006,19999.59;269.4588
19999.3,0.5800006,19999.59;269.4158
19999.3,0.5800006,19999.59;269.4158
19999.3,0.5800006,19999.59;269.4158
19999.3,0.5800006,19999.59;269.4158
19999.3,0.5800006,19999.59;269.4158
19999.3,0.5800006,19999.59;269.4158
19999.3,0.5800006,19999.59;269.4158
19999.3,0.5800006,19999.59;269.4158
19999.3,0.5800006,19999.59;269.4158
19999.3,0.5800006,19999.59;269.4158
19999.3,0.5800006,19999.59;267.9835
19999.3,0.5800006,19999.59;266.1643
19999.3,0.5800006,19999.59;264.3452
19999.3,0.5800006,19999.59;262.526
19999.3,0.5800006,19999.59;260.7069
19999.3,0.5800006,19999.59;258.8878
19999.3,0.5800006,19999.59;257.0686
19999.3,0.5800006,19999.59;255.2495
19999.3,0.5800006,19999.59;253.4304
19999.3,0.5800006,19999.59;251.6112
19999.3,0.5800006,19999.59;249.7921
19999.3,0.5800006,19999.59;247.9729
19999.3,0.5800006,19999.59;246.1538
19999.3,0.5800006,19999.59;244.3347
19999.3,0.5800006,19999.59;242.5155
19999.3,0.5800006,19999.59;240.6964
19999.3,0.5800006,19999.59;238.8772
19999.3,0.5800006,19999.59;237.0581
19999.3,0.5800006,19999.59;235.239
19999.3,0.5800006,19999.59;235.239
19999.3,0.5800006,19999.59;233.4198
19999.3,0.5800006,19999.59;231.6007
19999.3,0.5800006,19999.59;229.7816
19999.3,0.5800006,19999.59;227.9624
19999.3,0.5800006,19999.59;227.9624
19999.3,0.5800006,19999.59;226.1433
19999.3,0.5800006,19999.59;224.3241
19999.3,0.5800006,19999.59;222.505
19999.3,0.5800006,19999.59;220.6859
19999.3,0.5800006,19999.59;218.8667
19999.3,0.5800006,19999.59;217.0476
19999.3,0.5800006,19999.59;215.2284
19999.3,0.5800006,19999.59;213.4093
19999.3,0.5800006,19999.59;213.4093
19999.3,0.5800006,19999.59;211.5902
19999.3,0.5800006,19999.59;209.771
19999.3,0.5800006,19999.59;207.9519
19999.3,0.5800006,19999.59;206.1328
19999.3,0.5800006,19999.59;204.3136
19999.3,0.5800006,19999.58;202.4945
19999.29,0.5800006,19999.55;200.6753
19999.28,0.5800006,19999.52;198.8562
19999.27,0.5800006,19999.49;197.037
19999.26,0.5800006,19999.46;195.2179
19999.25,0.5800006,19999.42;193.3988
19999.25,0.5800006,19999.39;191.5796
19999.24,0.5800006,19999.37;189.7605
19999.24,0.5800006,19999.34;187.9414
19999.23,0.5800006,19999.31;186.1222
19999.23,0.5800006,19999.28;184.3031
19999.23,0.5800006,19999.28;182.4839
19999.23,0.5800006,19999.28;180.6648
19999.23,0.5800006,19999.28;178.8457
19999.23,0.5800006,19999.28;177.0265
19999.23,0.5800006,19999.28;175.2074
19999.23,0.5800006,19999.28;173.3883
19999.24,0.5800006,19999.28;171.5691
19999.24,0.5800006,19999.28;169.75
19999.25,0.5800006,19999.28;168.7903
19999.25,0.5800006,19999.28;167.8306
19999.26,0.5800006,19999.28;167.6014
19999.26,0.5800006,19999.28;166.9855
19999.27,0.5800006,19999.28;166.1976
19999.27,0.5800006,19999.28;165.4098
19999.28,0.5800006,19999.28;164.3785
19999.28,0.5800006,19999.28;163.4618
19999.29,0.5800006,19999.28;162.5307
19999.29,0.5800006,19999.28;161.7429
19999.3,0.5800006,19999.28;161.4278
19999.31,0.5800006,19999.28;161.1126
19999.31,0.5800007,19999.28;160.4394
19999.32,0.5800007,19999.28;159.7662
19999.32,0.5800008,19999.28;159.1216
19999.33,0.5800007,19999.28;158.4341
19999.33,0.5800008,19999.28;158.1906
19999.34,0.5800008,19999.28;157.46
19999.35,0.5800007,19999.27;157.0017
19999.35,0.5800007,19999.27;156.6436
19999.36,0.5800008,19999.27;156.4287
19999.36,0.5800008,19999.27;156.0706
19999.37,0.5800008,19999.27;155.6266
19999.37,0.5800008,19999.27;155.1825
19999.37,0.5800008,19999.27;154.7528
19999.38,0.5800008,19999.27;154.3231
19999.38,0.5800008,19999.27;154.0509
19999.39,0.5800008,19999.27;153.8074
19999.4,0.5800008,19999.27;153.5639
19999.4,0.5800008,19999.27;153.392
19999.41,0.5800008,19999.27;153.3634
19999.41,0.5800008,19999.27;153.0482
19999.41,0.5800008,19999.27;152.8191
19999.42,0.5800008,19999.27;152.5899
19999.42,0.5800008,19999.27;152.4037
19999.42,0.5800008,19999.27;152.2175
19999.43,0.5800008,19999.27;152.1602
19999.43,0.5800008,19999.27;152.1029
19999.43,0.5800008,19999.27;151.974
19999.43,0.5800008,19999.27;151.845
19999.43,0.5800008,19999.27;151.7161
19999.43,0.5800008,19999.27;151.5872
19999.44,0.5800007,19999.27;151.4583
19999.45,0.5800008,19999.27;151.3294
19999.46,0.5800007,19999.27;151.2005
19999.48,0.5800007,19999.27;151.0715
19999.5,0.5800008,19999.27;150.9426
19999.52,0.5800006,19999.27;150.8137
19999.54,0.5800007,19999.27;150.6848
19999.56,0.5800005,19999.27;150.5559
19999.58,0.5800006,19999.27;150.4269
19999.58,0.5800006,19999.27;150.4269
19999.6,0.5800006,19999.27;150.298
19999.61,0.5800006,19999.27;150.1691
19999.63,0.5800006,19999.27;150.0402
19999.64,0.5800006,19999.27;149.9113
19999.64,0.5800006,19999.27;149.7824
19999.64,0.5800006,19999.27;149.6534
19999.65,0.5800006,19999.27;149.5245
19999.65,0.5800006,19999.27;149.4672
19999.65,0.5800006,19999.27;149.4672
19999.66,0.5800006,19999.27;149.4099
19999.67,0.5800006,19999.27;149.3526
19999.68,0.5800006,19999.27;149.2953
19999.69,0.5800006,19999.27;149.2381
19999.7,0.5800007,19999.27;149.1808
19999.7,0.5800007,19999.27;149.1808
19999.71,0.5800007,19999.27;149.1235
19999.72,0.5800008,19999.27;149.0662
19999.73,0.5800008,19999.27;149.0089
19999.75,0.5800007,19999.27;148.9516
19999.75,0.5800007,19999.27;148.8943
19999.75,0.5800007,19999.27;148.837
19999.75,0.5800007,19999.27;148.837
19999.75,0.5800007,19999.27;148.7797
19999.75,0.5800007,19999.27;148.7224
19999.75,0.5800007,19999.27;148.6651
19999.75,0.5800007,19999.27;148.6651
19999.75,0.5800007,19999.27;148.6078
19999.75,0.5800007,19999.27;148.5506
19999.75,0.5800007,19999.27;148.4933
19999.75,0.5800007,19999.27;148.436
19999.75,0.5800007,19999.27;148.3787
19999.75,0.5800007,19999.27;148.3214
19999.76,0.5800007,19999.27;148.2641
19999.78,0.5800007,19999.27;148.2068
19999.8,0.5800008,19999.27;148.1495
19999.8,0.5800008,19999.27;148.1495
19999.82,0.5800008,19999.27;148.0922
19999.84,0.5800009,19999.27;148.0349
19999.87,0.5800009,19999.27;147.9776
19999.89,0.5800009,19999.27;147.9203
19999.92,0.5800009,19999.27;147.863
19999.94,0.5800009,19999.27;147.8057
19999.94,0.5800009,19999.27;147.8057
19999.96,0.5800009,19999.27;147.7485
19999.98,0.5800009,19999.27;147.6911
20000,0.5800009,19999.27;147.6339
20000,0.5800009,19999.27;147.5766
20000,0.5800009,19999.27;147.5193
20000,0.5800009,19999.27;147.462
20000,0.5800009,19999.27;147.4047
20000,0.5800009,19999.27;147.3474
20000,0.5800009,19999.27;147.2901
20000,0.5800009,19999.27;147.2328
20000,0.5800009,19999.27;147.2328
20000,0.5800009,19999.27;147.2328
20000,0.5800009,19999.27;147.2328
20000,0.5800009,19999.27;147.2328
20000,0.5800009,19999.27;147.2328
20000,0.5800009,19999.27;147.2328
20000,0.5800009,19999.27;147.2328
20000,0.5800009,19999.27;147.2328
20000,0.5800009,19999.27;147.2328
20000,0.5800009,19999.27;147.2328
20000,0.5800009,19999.27;147.2328
20000,0.5800009,19999.27;147.2328
20000,0.5800009,19999.27;147.2328
20000,0.5800009,19999.27;147.2328
20000,0.5800009,19999.27;147.2328
20000,0.5800009,19999.27;147.2185
20000,0.5800009,19999.27;146.4164
20000,0.5800009,19999.27;145.4996
20000,0.5800009,19999.27;144.4253
20000,0.5800009,19999.27;143.2794
20000,0.5800009,19999.27;142.1908
20000,0.5800009,19999.27;141.2024
20000,0.5800009,19999.27;140.1997
20000,0.5800009,19999.27;139.2114
20000,0.5800009,19999.27;138.2947
20000,0.5800009,19999.27;137.3493
20000,0.5800009,19999.27;136.4325
20000,0.5800009,19999.27;135.6161
20000,0.5800009,19999.27;134.771
20000,0.5800009,19999.27;134.1694
20000,0.5800009,19999.27;133.4245
20000,0.5800009,19999.27;132.694
20000,0.5800009,19999.27;132.694
20000,0.5800009,19999.27;131.9635
20000,0.5800009,19999.27;131.2616
20000,0.5800009,19999.27;130.6027
20000,0.5800009,19999.27;129.9868
20000,0.5800009,19999.27;129.9868
20000,0.5800009,19999.27;129.4281
20000,0.5800009,19999.27;129.4281
20000,0.5800009,19999.27;128.8981
20000,0.5800009,19999.27;128.3682
20000,0.5800009,19999.27;127.9241
20000,0.5800009,19999.27;127.4944
19999.99,0.5800009,19999.27;127.0647
19999.99,0.5800009,19999.27;126.7209
19999.99,0.5800009,19999.27;126.3628
19999.99,0.5800009,19999.27;126.1766
19999.99,0.5800009,19999.27;126.1766
19999.99,0.5800009,19999.27;125.9904
19999.99,0.5800009,19999.27;125.6896
19999.98,0.5800009,19999.28;125.4317
19999.98,0.5800009,19999.28;125.2455
19999.98,0.5800009,19999.28;125.1023
19999.98,0.5800009,19999.28;124.9304
19999.98,0.5800009,19999.28;124.8015
19999.98,0.5800009,19999.28;124.7012
19999.98,0.5800009,19999.28;124.7012
19999.98,0.5800009,19999.28;124.6009
19999.98,0.5800009,19999.28;124.5436
19999.98,0.5800009,19999.28;124.515
19999.98,0.5800009,19999.28;124.5007
19999.98,0.5800009,19999.28;124.5007
19999.98,0.5800009,19999.28;124.5007
19999.98,0.5800009,19999.28;124.4863
19999.98,0.5800009,19999.28;124.4863
19999.98,0.5800009,19999.28;124.5436
19999.98,0.5800009,19999.28;124.6153
19999.98,0.5800009,19999.28;124.7155
19999.98,0.5800009,19999.28;124.7585
19999.98,0.5800009,19999.28;124.8301
19999.98,0.5800009,19999.28;124.959
19999.98,0.5800009,19999.28;125.0879
19999.98,0.5800009,19999.28;125.2169
19999.98,0.5800009,19999.28;125.2169
19999.98,0.5800009,19999.28;125.3314
19999.98,0.5800009,19999.28;125.4747
19999.98,0.5800009,19999.28;125.6036
19999.98,0.5800009,19999.28;125.7039
19999.98,0.5800009,19999.28;125.7039
19999.98,0.5800009,19999.28;125.8328
19999.98,0.5800009,19999.28;125.9331
19999.98,0.5800009,19999.28;126.062
19999.98,0.5800009,19999.28;126.2052
19999.98,0.5800009,19999.28;126.3342
19999.98,0.5800009,19999.28;126.3914
19999.98,0.5800009,19999.28;126.549
19999.98,0.5800009,19999.28;126.6636
19999.98,0.5800009,19999.28;126.6636
19999.98,0.5800009,19999.28;126.7639
19999.98,0.5800009,19999.28;126.8928
19999.98,0.5800009,19999.28;127.0217
19999.98,0.5800009,19999.28;127.1936
19999.98,0.5800009,19999.28;127.3655
19999.98,0.5800009,19999.28;127.4801
19999.98,0.5800009,19999.28;127.6233
19999.98,0.5800009,19999.28;127.7379
19999.98,0.5800009,19999.28;127.8095
19999.98,0.5800009,19999.28;127.8811
19999.98,0.5800009,19999.28;127.9528
19999.98,0.5800009,19999.28;128.0244
19999.98,0.5800009,19999.28;128.1103
19999.98,0.5800009,19999.28;128.1819
19999.98,0.5800009,19999.28;128.2249
19999.98,0.5800009,19999.28;128.2679
19999.98,0.5800009,19999.28;128.2965
19999.98,0.5800009,19999.28;128.3108
19999.98,0.5800009,19999.28;128.3108
19999.98,0.5800009,19999.28;128.3108
19999.98,0.5800009,19999.28;128.3252
19999.98,0.5800009,19999.28;128.3252
19999.98,0.5800009,19999.28;128.3108
19999.98,0.5800009,19999.28;128.3108
19999.98,0.5800009,19999.28;128.1676
19999.98,0.5800009,19999.28;128.1676
19999.98,0.5800009,19999.28;128.0244
19999.98,0.5800009,19999.28;128.0244
19999.98,0.5800009,19999.28;128.0244
19999.98,0.5800009,19999.28;128.0244
19999.98,0.5800009,19999.28;128.0244
19999.98,0.5800009,19999.28;128.0244
19999.98,0.5800009,19999.28;128.0244
19999.98,0.5800009,19999.28;128.0244
20000,0.5800009,19999.27;127.8811
20000,0.5800009,19999.27;127.8811
20000.08,0.5800008,19999.25;127.7379
20000.1,0.5800009,19999.25;127.5946
20000.09,0.5800009,19999.26;127.4514
20000.08,0.5800009,19999.26;127.4084
20000.07,0.5800009,19999.27;127.4944
20000.06,0.5800009,19999.28;127.5087
20000.06,0.5800009,19999.28;127.5087
20000.06,0.5800009,19999.28;127.5087
20000.06,0.5800009,19999.28;127.5087
20000.05,0.5800009,19999.29;127.523
20000.05,0.5800009,19999.28;127.5374
20000.02,0.5800009,19999.31;127.5517
20000.01,0.5800009,19999.32;127.566
20000.01,0.5800009,19999.32;127.566
19999.95,0.5800009,19999.36;127.5803
19999.92,0.5800009,19999.38;127.5946
19999.87,0.5800009,19999.42;127.609
19999.85,0.5800009,19999.44;127.6233
19999.82,0.5800009,19999.46;127.6376
19999.82,0.5800009,19999.46;127.6376
19999.81,0.5800009,19999.47;127.6519
19999.79,0.5800009,19999.48;127.6663
19999.79,0.5800009,19999.49;127.6806
19999.79,0.5800009,19999.48;127.6949
19999.78,0.5800009,19999.49;127.7092
19999.76,0.5800009,19999.51;127.7236
19999.76,0.5800009,19999.51;127.7379
19999.76,0.5800009,19999.51;127.7379
19999.76,0.5800009,19999.51;127.7379
19999.76,0.5800009,19999.51;127.7379
19999.76,0.5800009,19999.51;127.7379
19999.76,0.5800009,19999.51;127.7379
19999.76,0.5800009,19999.51;127.7379
19999.76,0.5800009,19999.51;127.7379
19999.76,0.5800009,19999.51;127.7379
19999.76,0.5800009,19999.51;127.7379
19999.76,0.5800009,19999.51;127.7379
19999.76,0.5800009,19999.51;127.7379
19999.76,0.5800009,19999.51;127.7379
19999.74,0.5800009,19999.52;127.7522
19999.74,0.5800009,19999.53;127.7665
19999.75,0.5800009,19999.52;127.7808
19999.75,0.5800009,19999.52;127.7808
19999.75,0.5800009,19999.52;127.7808
19999.75,0.5800009,19999.52;127.7808
19999.75,0.5800009,19999.52;127.7808
19999.75,0.5800009,19999.52;127.7808
19999.75,0.5800009,19999.52;127.7808
19999.75,0.5800009,19999.52;127.7808
19999.75,0.5800009,19999.52;127.7808
19999.75,0.5800009,19999.52;127.7808
19999.75,0.5800009,19999.52;127.7808
19999.75,0.5800009,19999.52;127.7808
19999.75,0.5800009,19999.52;127.7808
19999.76,0.5800009,19999.5;127.7952
19999.78,0.5800009,19999.49;127.7952
19999.78,0.5800009,19999.49;127.7952
19999.79,0.5800009,19999.48;127.6806
19999.81,0.5800009,19999.47;127.6949
19999.82,0.5800009,19999.46;127.7379
19999.84,0.5800009,19999.45;127.8238
19999.85,0.5800009,19999.44;127.8381
19999.86,0.5800009,19999.43;127.9097
19999.88,0.5800009,19999.42;127.9527
19999.88,0.5800009,19999.42;127.9527
19999.89,0.5800009,19999.4;127.9527
19999.89,0.5800009,19999.4;127.9527
19999.89,0.5800009,19999.4;127.9527
19999.89,0.5800009,19999.4;127.9527
19999.91,0.5800009,19999.39;127.967
19999.91,0.5800009,19999.39;127.967
19999.9,0.5800009,19999.4;127.9814
19999.91,0.5800009,19999.39;127.9957
19999.91,0.5800009,19999.39;127.9957
19999.87,0.5800009,19999.42;128.01
19999.75,0.5800009,19999.52;128.0243
19999.68,0.5800009,19999.57;128.0387
19999.68,0.5800009,19999.57;128.053
19999.67,0.5800009,19999.58;128.0673
19999.63,0.5800009,19999.61;128.0816
19999.63,0.5800009,19999.61;128.0959
19999.61,0.5800009,19999.63;128.1103
19999.58,0.5800009,19999.65;128.1246
19999.55,0.5800009,19999.67;128.1389
19999.54,0.5800009,19999.68;128.1532
19999.53,0.5800009,19999.69;128.1676
19999.53,0.5800009,19999.69;128.1676
19999.53,0.5800009,19999.69;128.1676
19999.53,0.5800009,19999.69;128.1819
19999.53,0.5800009,19999.69;128.1962
19999.52,0.5800009,19999.69;128.2105
19999.52,0.5800009,19999.7;128.2249
19999.5,0.5800009,19999.71;128.2392
19999.49,0.5800009,19999.72;128.2535
19999.5,0.5800009,19999.71;128.2678
19999.5,0.5800009,19999.71;128.2822
19999.5,0.5800009,19999.71;128.2822
19999.5,0.5800009,19999.71;128.2822
19999.5,0.5800009,19999.71;128.2822
19999.5,0.5800009,19999.71;128.2822
19999.5,0.5800009,19999.71;128.2822
19999.5,0.5800009,19999.71;128.2822
19999.5,0.5800009,19999.71;128.2822
19999.5,0.5800009,19999.71;128.2822
19999.5,0.5800009,19999.71;128.2822
19999.5,0.5800009,19999.71;128.2822
19999.5,0.5800009,19999.71;128.2822
19999.5,0.5800009,19999.71;128.2822
19999.5,0.5800009,19999.71;128.2822
19999.5,0.5800009,19999.71;128.2822
19999.5,0.5800009,19999.71;128.3394
19999.5,0.5800009,19999.71;128.3394
19999.5,0.5800009,19999.71;128.3538
19999.5,0.5800009,19999.71;128.3394
19999.5,0.5800009,19999.71;128.3538
19999.5,0.5800009,19999.71;128.2965
19999.5,0.5800009,19999.71;128.3251
19999.5,0.5800009,19999.71;127.7092
19999.5,0.5800009,19999.71;127.7092
19999.5,0.5800009,19999.71;125.89
19999.5,0.5800009,19999.71;124.0709
19999.5,0.5800009,19999.71;122.2518
19999.5,0.5800009,19999.71;120.4326
19999.5,0.5800009,19999.71;118.6135
19999.5,0.5800009,19999.71;116.7943
19999.5,0.5800009,19999.71;114.9752
19999.5,0.5800009,19999.71;113.1561
19999.5,0.5800009,19999.71;113.1561
19999.5,0.5800009,19999.71;111.3369
19999.5,0.5800009,19999.71;109.5178
19999.5,0.5800009,19999.71;107.6987
19999.5,0.5800009,19999.71;105.8795
19999.5,0.5800009,19999.71;104.0604
19999.5,0.5800009,19999.71;102.2412
19999.5,0.5800009,19999.71;100.4221
19999.5,0.5800009,19999.71;98.60297
19999.5,0.5800009,19999.71;96.78383
19999.5,0.5800009,19999.71;94.96469
19999.51,0.5800009,19999.71;93.14556
19999.53,0.5800009,19999.71;91.32642
19999.55,0.5800009,19999.71;89.50728
19999.56,0.5800009,19999.71;87.68814
19999.57,0.5800009,19999.71;85.86901
19999.59,0.5800009,19999.72;84.04987
19999.61,0.5800009,19999.72;82.23073
19999.62,0.5800009,19999.72;80.41159
19999.63,0.5800009,19999.72;78.59245
19999.68,0.5800009,19999.73;76.77332
19999.71,0.5800009,19999.74;74.95418
19999.75,0.5800009,19999.75;73.13504
19999.79,0.5800009,19999.77;71.3159
19999.82,0.5800009,19999.78;69.49677
19999.83,0.5800009,19999.78;67.67763
19999.85,0.5800009,19999.79;65.8585
19999.85,0.5800009,19999.79;64.03936
19999.86,0.5800009,19999.8;62.22022
19999.88,0.5800009,19999.81;60.40108
19999.89,0.5800009,19999.81;58.58195
19999.89,0.5800009,19999.82;56.76281
19999.9,0.5800009,19999.82;54.94367
19999.9,0.5800009,19999.82;53.12454
19999.92,0.5800009,19999.84;51.3054
19999.92,0.5800009,19999.84;49.48626
19999.92,0.5800009,19999.84;47.66713
19999.92,0.5800009,19999.84;45.84799
19999.92,0.5800009,19999.84;44.02885
19999.92,0.5800009,19999.84;42.20971
19999.92,0.5800009,19999.84;40.39057
19999.92,0.5800009,19999.84;39.94653
19999.92,0.5800009,19999.84;39.50248
19999.92,0.5800009,19999.84;39.05844
19999.92,0.5800009,19999.84;39.05844
19999.92,0.5800009,19999.84;38.6144
19999.92,0.5800009,19999.84;38.17036
19999.92,0.5800009,19999.84;37.72631
19999.94,0.5800009,19999.86;37.28227
19999.95,0.5800009,19999.87;36.83822
19999.96,0.5800009,19999.89;36.39418
19999.97,0.5800009,19999.91;35.95013
19999.98,0.5800009,19999.93;35.50608
20000,0.5800009,19999.94;35.06204
20000,0.5800009,19999.95;34.618
20000.01,0.5800009,19999.97;34.17394
20000.03,0.5800009,19999.98;33.7299
20000.03,0.5800009,19999.99;33.28585
20000.03,0.5800009,19999.99;32.84181
20000.03,0.5800009,19999.99;32.39777
20000.03,0.5800009,19999.99;31.95372
20000.04,0.5800009,20000.01;31.50968
20000.04,0.5800009,20000.01;31.06564
20000.04,0.5800009,20000.02;30.62159
20000.05,0.5800009,20000.02;30.17755
20000.05,0.5800009,20000.02;29.7335
20000.05,0.5800009,20000.03;29.28945
20000.05,0.5800009,20000.03;28.84541
20000.05,0.5800009,20000.04;28.40136
20000.06,0.5800009,20000.04;27.95732
20000.06,0.5800009,20000.04;27.95732
20000.06,0.5800009,20000.04;27.95732
20000.06,0.5800009,20000.04;27.95732
20000.06,0.5800009,20000.04;27.95732
20000.06,0.5800009,20000.04;27.51327
20000.06,0.5800009,20000.04;27.06923
20000.06,0.5800009,20000.04;26.62518
20000.06,0.5800009,20000.04;26.18114
20000.06,0.5800009,20000.04;25.73709
20000.06,0.5800009,20000.04;25.73709
20000.06,0.5800009,20000.04;25.73709
20000.06,0.5800009,20000.04;25.73709
20000.06,0.5800009,20000.04;23.91795
20000.06,0.5800009,20000.04;22.09882
20000.06,0.5800009,20000.04;20.27968
20000.06,0.5800009,20000.04;18.46054
20000.06,0.5800009,20000.04;16.6414
20000.06,0.5800009,20000.04;14.82226
20000.06,0.5800009,20000.04;13.00312
20000.06,0.5800009,20000.04;11.18398
20000.06,0.5800009,20000.04;9.364844
20000.06,0.5800009,20000.04;7.545706
20000.06,0.5800009,20000.04;5.726567
20000.06,0.5800009,20000.02;3.907428
20000.06,0.5800009,20000.01;2.088289
20000.05,0.5800009,20000;0.2691509
20000.06,0.5800009,19999.98;358.45
20000.05,0.5800009,20000.01;356.6309
20000.05,0.5800009,20000.06;354.8117
20000.04,0.5800009,20000.11;352.9926
20000.04,0.5800009,20000.15;351.1735
20000.03,0.5800009,20000.19;349.3543
20000.02,0.5800009,20000.23;347.5352
20000.01,0.5800009,20000.28;345.716
20000,0.5800009,20000.32;343.8969
19999.98,0.5800009,20000.36;342.0778
19999.97,0.5800009,20000.41;340.2586
19999.95,0.5800009,20000.44;338.4395
19999.94,0.5800009,20000.48;336.6204
19999.92,0.5800009,20000.52;334.8012
19999.9,0.5800009,20000.56;332.9821
19999.88,0.5800009,20000.6;331.1629
19999.86,0.5800009,20000.63;329.3438
19999.85,0.5800009,20000.65;327.5247
19999.83,0.5800009,20000.68;325.7055
19999.81,0.5800009,20000.71;323.8864
19999.78,0.5800009,20000.73;322.0672
19999.76,0.5800009,20000.76;320.2481
19999.73,0.5800009,20000.79;318.429
19999.71,0.5800009,20000.81;316.6098
19999.69,0.5800009,20000.84;314.7907
19999.67,0.5800009,20000.86;312.9716
19999.66,0.5800009,20000.87;311.7827
19999.65,0.5800009,20000.88;311.6108
19999.65,0.5800009,20000.88;311.4389
19999.64,0.5800009,20000.88;311.267
19999.64,0.5800009,20000.88;311.0951
19999.64,0.5800009,20000.88;311.0951
19999.64,0.5800009,20000.88;311.0951
19999.64,0.5800009,20000.88;311.0951
19999.64,0.5800009,20000.88;310.9232
19999.64,0.5800009,20000.88;310.9232
19999.64,0.5800009,20000.88;310.9232
19999.64,0.5800009,20000.88;310.9232
19999.64,0.5800009,20000.88;310.9232
19999.64,0.5800009,20000.88;310.9232
19999.64,0.5800009,20000.88;310.9232
19999.64,0.5800009,20000.88;310.9232
19999.64,0.5800009,20000.88;310.9232
19999.64,0.5800009,20000.88;310.9232
19999.64,0.5800009,20000.88;310.9232
19999.64,0.5800009,20000.88;310.7513
19999.64,0.5800009,20000.88;310.7513
19999.64,0.5800009,20000.88;310.7513
19999.64,0.5800009,20000.88;310.7513
19999.64,0.5800009,20000.88;310.7513
19999.64,0.5800009,20000.88;310.5795
19999.64,0.5800009,20000.88;310.4076
19999.64,0.5800009,20000.88;310.2357
19999.64,0.5800009,20000.88;310.0638
19999.63,0.5800009,20000.89;309.8919
19999.61,0.5800009,20000.91;309.72
19999.61,0.5800009,20000.91;309.5482
19999.61,0.5800009,20000.91;309.3763
19999.61,0.5800009,20000.91;309.2044
19999.61,0.5800009,20000.91;309.0325
19999.61,0.5800009,20000.91;308.8606
19999.61,0.5800009,20000.91;308.8606
19999.61,0.5800009,20000.91;308.8749
19999.61,0.5800009,20000.91;308.7603
19999.61,0.5800009,20000.91;308.8319
19999.61,0.5800009,20000.91;308.7603
19999.61,0.5800009,20000.91;308.6457
19999.61,0.5800009,20000.91;308.7603
19999.61,0.5800009,20000.91;308.703
19999.61,0.5800009,20000.91;308.4022
19999.61,0.5800009,20000.91;308.3736
19999.61,0.5800009,20000.91;308.3306
19999.61,0.5800009,20000.91;308.2017
19999.61,0.5800009,20000.91;308.1587
19999.61,0.5800009,20000.91;308.1587
19999.61,0.5800009,20000.91;308.0728
19999.61,0.5800009,20000.91;306.2536
19999.67,0.5800009,20000.87;304.4345
19999.67,0.5800009,20000.87;302.6154
19999.66,0.5800009,20000.87;300.7962
19999.66,0.5800009,20000.87;298.9771
19999.66,0.5800009,20000.87;297.158
19999.66,0.5800009,20000.87;295.3388
19999.65,0.5800009,20000.88;293.5197
19999.65,0.5800009,20000.88;291.7005
19999.63,0.5800009,20000.88;289.8814
19999.61,0.5800009,20000.89;288.0623
19999.55,0.5800009,20000.91;286.2431
19999.5,0.5800009,20000.92;284.424
19999.46,0.5800009,20000.93;282.6049
19999.41,0.5800009,20000.94;280.7857
19999.39,0.5800009,20000.94;278.9666
19999.36,0.5800009,20000.95;277.1474
19999.33,0.5800009,20000.95;275.3283
19999.31,0.5800009,20000.95;273.5092
19999.29,0.5800009,20000.95;271.69
19999.29,0.5800009,20000.95;269.8709
19999.27,0.5800009,20000.95;268.0518
19999.26,0.5800009,20000.95;266.2326
19999.26,0.5800009,20000.95;264.4135
19999.26,0.5800009,20000.95;262.5943
19999.26,0.5800009,20000.95;260.7752
19999.26,0.5800009,20000.95;258.9561
19999.26,0.5800009,20000.95;257.1369
19999.26,0.5800009,20000.95;255.3178
19999.26,0.5800009,20000.95;253.4986
19999.26,0.5800009,20000.95;251.6795
19999.26,0.5800009,20000.95;249.8604
19999.26,0.5800009,20000.95;249.8604
19999.26,0.5800009,20000.95;249.3447
19999.26,0.5800009,20000.95;248.8291
19999.26,0.5800009,20000.95;248.8291
19999.26,0.5800009,20000.95;248.3134
19999.26,0.5800009,20000.95;247.7977
19999.26,0.5800009,20000.95;247.2821
19999.26,0.5800009,20000.95;246.7664
19999.26,0.5800009,20000.95;246.2508
19999.26,0.5800009,20000.95;246.2508
19999.26,0.5800009,20000.95;246.2508
19999.26,0.5800009,20000.95;245.7351
19999.26,0.5800009,20000.95;245.2194
19999.22,0.5800009,20000.93;244.7038
19999.18,0.5800009,20000.91;244.1881
19999.15,0.5800009,20000.89;243.6725
19999.12,0.5800009,20000.88;243.1568
19999.09,0.5800009,20000.87;242.6411
19999.05,0.5800009,20000.85;242.1255
19999.02,0.5800009,20000.83;241.6098
19998.98,0.5800009,20000.81;241.0941
19998.95,0.5800009,20000.79;240.5785
19998.92,0.5800009,20000.77;240.0628
19998.92,0.5800009,20000.77;240.0628
19998.91,0.5800009,20000.76;239.5471
19998.89,0.5800009,20000.75;239.0315
19998.86,0.5800009,20000.73;238.5158
19998.83,0.5800009,20000.72;238.0002
19998.81,0.5800009,20000.71;237.4845
19998.8,0.5800009,20000.7;236.9688
19998.78,0.5800009,20000.69;236.4532
19998.77,0.5800009,20000.68;235.9375
19998.76,0.5800009,20000.67;235.4219
19998.76,0.5800009,20000.67;235.4219
19998.75,0.5800009,20000.66;234.9062
19998.75,0.5800009,20000.66;234.3905
19998.74,0.5800009,20000.66;233.8749
19998.74,0.5800009,20000.66;233.8749
19998.74,0.5800009,20000.66;233.3592
19998.74,0.5800009,20000.66;233.3592
19998.74,0.5800009,20000.66;233.3592
19998.74,0.5800009,20000.66;233.3592
19998.74,0.5800009,20000.66;233.3592
19998.74,0.5800009,20000.66;233.3592
19998.74,0.5800009,20000.66;233.3592
19998.74,0.5800009,20000.66;232.8436
19998.74,0.5800009,20000.66;232.3279
19998.74,0.5800009,20000.66;231.8123
19998.74,0.5800009,20000.66;231.8123
19998.74,0.5800009,20000.66;231.2966
19998.74,0.5800009,20000.66;231.2966
19998.74,0.5800009,20000.66;231.2966
19998.74,0.5800009,20000.66;231.2966
19998.74,0.5800009,20000.66;231.2966
19998.74,0.5800009,20000.66;231.2966
19998.74,0.5800009,20000.66;231.2966
19998.74,0.5800009,20000.66;231.2966
19998.74,0.5800009,20000.66;231.2966
19998.74,0.5800009,20000.66;231.225
19998.74,0.5800009,20000.66;231.225
19998.74,0.5800009,20000.66;231.225
19998.74,0.5800009,20000.66;231.225
19998.74,0.5800009,20000.66;231.225
19998.74,0.5800009,20000.66;231.225
19998.74,0.5800009,20000.66;231.225
19998.74,0.5800009,20000.66;231.225
19998.74,0.5800009,20000.66;231.182
19998.74,0.5800009,20000.66;231.182
19998.74,0.5800009,20000.66;231.0674
19998.74,0.5800009,20000.66;231.0674
19998.74,0.5800009,20000.66;231.0244
19998.74,0.5800009,20000.66;231.0244
19998.74,0.5800009,20000.66;231.0244
19998.74,0.5800009,20000.66;230.9815
19998.74,0.5800009,20000.66;230.9815
19998.74,0.5800009,20000.66;230.9815
19998.74,0.5800009,20000.66;230.9815
19998.74,0.5800009,20000.65;230.9385
19998.74,0.5800009,20000.65;230.9385
19998.73,0.5800009,20000.65;230.9242
19998.73,0.5800009,20000.65;230.9242
19998.73,0.5800009,20000.65;230.9242
19998.73,0.5800009,20000.65;230.9242
19998.73,0.5800009,20000.65;230.9242
19998.73,0.5800009,20000.65;230.9242
19998.73,0.5800009,20000.65;230.9242
19998.73,0.5800009,20000.65;230.9242
19998.73,0.5800009,20000.65;230.9242
19998.73,0.5800009,20000.65;230.9242
19998.73,0.5800009,20000.65;230.9242
19998.73,0.5800009,20000.65;230.9242
19998.73,0.5800009,20000.65;230.9242
19998.73,0.5800009,20000.65;230.9242
19998.73,0.5800009,20000.65;230.9242
19998.73,0.5800009,20000.65;230.9242
19998.72,0.5800009,20000.64;230.8812
19998.72,0.5800009,20000.64;230.8669
19998.72,0.5800009,20000.64;230.8669
19998.71,0.5800009,20000.63;230.8096
19998.71,0.5800009,20000.63;230.8096
19998.71,0.5800009,20000.63;230.8096
19998.71,0.5800009,20000.63;230.8096
19998.71,0.5800009,20000.63;230.8096
19998.71,0.5800009,20000.63;230.8096
19998.71,0.5800009,20000.63;230.8096
19998.71,0.5800009,20000.63;230.738
19998.7,0.5800009,20000.63;230.7237
19998.7,0.5800009,20000.62;230.6807
19998.7,0.5800009,20000.62;230.6807
19998.7,0.5800009,20000.62;230.6807
19998.7,0.5800009,20000.62;230.6807
19998.7,0.5800009,20000.62;230.6807
19998.7,0.5800009,20000.62;230.6807
19998.7,0.5800009,20000.62;230.6807
19998.7,0.5800009,20000.62;230.6807
19998.7,0.5800009,20000.62;230.6521
19998.69,0.5800009,20000.62;230.6377
19998.69,0.5800009,20000.62;230.6377
19998.69,0.5800009,20000.62;230.6377
19998.69,0.5800009,20000.62;230.6377
19998.69,0.5800009,20000.62;230.6377
19998.69,0.5800009,20000.62;230.6377
19998.69,0.5800009,20000.61;230.5375
19998.68,0.5800009,20000.61;230.4372
19998.68,0.5800009,20000.6;230.3512
19998.68,0.5800009,20000.6;230.3512
19998.67,0.5800009,20000.6;230.2939
19998.67,0.5800009,20000.6;230.2796
19998.67,0.5800009,20000.6;230.2796
19998.67,0.5800009,20000.6;230.2796
19998.67,0.5800009,20000.6;230.2796
19998.67,0.5800009,20000.6;230.2796
19998.67,0.5800009,20000.6;230.2796
19998.66,0.5800009,20000.59;230.165
19998.66,0.5800009,20000.59;230.0791
19998.65,0.5800009,20000.58;229.9502
19998.65,0.5800009,20000.58;229.8785
19998.64,0.5800009,20000.58;229.8785
19998.64,0.5800009,20000.57;229.7926
19998.65,0.5800009,20000.58;229.678
19998.65,0.5800009,20000.59;229.5777
19998.66,0.5800009,20000.59;229.4345
19998.67,0.5800009,20000.6;229.3772
19998.68,0.5800009,20000.61;229.2339
19998.68,0.5800009,20000.61;229.2339
19998.68,0.5800009,20000.61;229.2339
19998.7,0.5800009,20000.62;229.0907
19998.72,0.5800009,20000.64;229.0191
19998.74,0.5800009,20000.66;228.8759
19998.78,0.5800009,20000.69;228.8472
19998.82,0.5800009,20000.73;228.7326
19998.87,0.5800009,20000.77;228.6037
19998.92,0.5800009,20000.82;228.4891
19998.97,0.5800009,20000.86;228.3459
19999.02,0.5800009,20000.91;228.2026
19999.07,0.5800009,20000.95;228.1024
19999.13,0.5800009,20001.01;227.9878
19999.18,0.5800009,20001.05;227.8445
19999.24,0.5800009,20001.11;227.7013
19999.29,0.5800009,20001.15;227.6297
19999.34,0.5800009,20001.2;227.558
19999.39,0.5800009,20001.24;227.4864
19999.39,0.5800009,20001.24;227.4864
19999.42,0.5800009,20001.27;227.4148
19999.44,0.5800009,20001.29;227.2716
19999.44,0.5800009,20001.29;227.0424
19999.42,0.5800009,20001.27;226.9135
19999.4,0.5800009,20001.26;226.7846
19999.4,0.5800009,20001.26;226.6556
19999.4,0.5800009,20001.26;226.6556
19999.4,0.5800009,20001.26;226.584
19999.4,0.5800009,20001.26;226.584
19999.39,0.5800009,20001.25;226.5124
19999.39,0.5800009,20001.24;226.3262
19999.38,0.5800009,20001.23;226.1113
19999.37,0.5800009,20001.23;225.9538
19999.37,0.5800009,20001.22;225.7819
19999.37,0.5800009,20001.22;225.6673
19999.36,0.5800009,20001.22;225.567
19999.36,0.5800009,20001.22;225.3092
19999.36,0.5800009,20001.22;225.037
19999.36,0.5800009,20001.22;224.7792
19999.36,0.5800009,20001.22;224.5214
19999.36,0.5800009,20001.22;224.3351
19999.37,0.5800009,20001.23;224.2492
19999.38,0.5800009,20001.24;224.1919
19999.39,0.5800009,20001.24;224.1346
19999.41,0.5800009,20001.26;224.0343
19999.42,0.5800009,20001.28;223.8195
19999.44,0.5800009,20001.29;223.6333
19999.45,0.5800009,20001.31;223.4757
19999.47,0.5800009,20001.33;223.3038
19999.49,0.5800009,20001.35;223.1606
19999.51,0.5800009,20001.37;222.9171
19999.53,0.5800009,20001.39;222.6879
19999.55,0.5800009,20001.41;222.4587
19999.57,0.5800009,20001.44;222.2868
19999.59,0.5800009,20001.46;222.1436
19999.62,0.5800009,20001.49;221.986
19999.64,0.5800009,20001.52;221.8285
19999.67,0.5800009,20001.55;221.6709
19999.69,0.5800009,20001.57;221.5134
19999.72,0.5800009,20001.61;221.3558
19999.75,0.5800009,20001.64;221.1696
19999.78,0.5800009,20001.67;220.9691
19999.8,0.5800009,20001.7;220.7542
19999.83,0.5800009,20001.73;220.525
19999.85,0.5800009,20001.75;220.3674
19999.88,0.5800009,20001.79;220.1956
19999.91,0.5800009,20001.82;219.9807
19999.94,0.5800009,20001.86;219.7515
19999.97,0.5800009,20001.9;219.5367
20000.01,0.5800009,20001.94;219.3218
20000.04,0.5800009,20001.98;219.1643
20000.08,0.5800009,20002.03;218.9351
20000.11,0.5800009,20002.07;218.8062
20000.15,0.5800009,20002.12;218.6772
20000.19,0.5800009,20002.17;218.5483
20000.22,0.5800009,20002.21;218.4194
20000.26,0.5800009,20002.26;218.2475
20000.3,0.5800009,20002.31;218.0613
20000.34,0.5800009,20002.36;217.8751
20000.38,0.5800009,20002.41;217.6889
20000.42,0.5800009,20002.47;217.474
20000.46,0.5800009,20002.53;217.4024
20000.5,0.5800009,20002.57;217.3022
20000.52,0.5800009,20002.6;217.0443
20000.53,0.5800009,20002.61;216.987
20000.53,0.5800009,20002.61;216.9297
20000.53,0.5800009,20002.61;216.9297
20000.52,0.5800009,20002.59;216.8725
20000.51,0.5800009,20002.58;216.8152
20000.51,0.5800009,20002.58;216.8152
20000.5,0.5800009,20002.58;216.6719
20000.5,0.5800009,20002.58;216.3998
20000.51,0.5800009,20002.58;216.1133
20000.51,0.5800009,20002.59;215.8698
20000.51,0.5800009,20002.59;215.6119
20000.52,0.5800009,20002.6;215.3541
20000.53,0.5800009,20002.61;215.1249
20000.53,0.5800009,20002.62;215.0533
20000.54,0.5800009,20002.63;214.8241
20000.55,0.5800009,20002.64;214.595
20000.55,0.5800009,20002.65;214.3514
20000.56,0.5800009,20002.66;214.2655
20000.56,0.5800009,20002.66;214.1509
20000.56,0.5800009,20002.66;213.9647
20000.56,0.5800009,20002.66;213.8501
20000.56,0.5800009,20002.66;213.7355
20000.57,0.5800009,20002.67;213.6209
20000.57,0.5800009,20002.67;213.6209
20000.57,0.5800009,20002.67;213.5923
20000.57,0.5800009,20002.67;213.5636
20000.57,0.5800009,20002.67;213.5206
20000.56,0.5800009,20002.66;213.5063
20000.56,0.5800009,20002.65;213.3631
20000.55,0.5800009,20002.65;213.2198
20000.56,0.5800009,20002.65;213.0336
20000.56,0.5800009,20002.66;212.9334
20000.57,0.5800009,20002.68;212.8904
20000.58,0.5800009,20002.69;212.8761
20000.59,0.5800009,20002.7;212.8904
20000.59,0.5800009,20002.7;212.8904
20000.59,0.5800009,20002.7;212.9047
20000.59,0.5800009,20002.71;212.9191
20000.59,0.5800009,20002.71;212.9334
20000.6,0.5800009,20002.71;212.9477
20000.61,0.5800009,20002.73;212.962
20000.61,0.5800009,20002.73;212.962
20000.62,0.5800009,20002.75;212.9477
20000.63,0.5800009,20002.77;212.9334
20000.64,0.5800009,20002.78;212.9191
20000.65,0.5800009,20002.79;212.9047
20000.65,0.5800009,20002.8;212.8904
20000.66,0.5800009,20002.81;212.8331
20000.66,0.5800009,20002.81;212.7758
20000.66,0.5800009,20002.81;212.7615
20000.66,0.5800009,20002.8;212.7042
20000.66,0.5800009,20002.8;212.6469
20000.66,0.5800009,20002.81;212.5753
20000.67,0.5800009,20002.82;212.3604
20000.69,0.5800009,20002.86;212.0453
20000.71,0.5800009,20002.89;211.8304
20000.73,0.5800009,20002.92;211.4007
20000.74,0.5800009,20002.94;211.2575
20000.74,0.5800009,20002.95;211.2002
20000.74,0.5800009,20002.95;211.3005
20000.74,0.5800009,20002.94;211.6299
20000.73,0.5800009,20002.93;212.2458
20000.72,0.5800009,20002.91;212.9621
20000.72,0.5800009,20002.91;213.9074
20000.72,0.5800009,20002.91;214.8528
20000.72,0.5800009,20002.91;215.8268
20000.72,0.5800009,20002.91;216.6576
20000.72,0.5800009,20002.91;217.3309
20000.73,0.5800009,20002.92;217.8752
20000.73,0.5800009,20002.92;218.2189
20000.73,0.5800009,20002.93;218.4052
20000.73,0.5800009,20002.93;218.5054
20000.73,0.5800009,20002.92;218.6057
20000.73,0.5800009,20002.92;218.5627
20000.72,0.5800009,20002.91;218.1617
20000.73,0.5800009,20002.92;217.4598
20000.73,0.5800009,20002.92;216.5287
20000.73,0.5800009,20002.92;215.4974
20000.71,0.5800009,20002.9;214.3801
20000.68,0.5800009,20002.85;213.1626
20000.65,0.5800009,20002.79;211.6872
20000.62,0.5800009,20002.75;210.2119
20000.59,0.5800009,20002.7;208.6935
20000.59,0.5800009,20002.7;207.2611
20000.59,0.5800009,20002.7;205.929
20000.59,0.5800009,20002.7;204.2818
20000.59,0.5800009,20002.68;202.6059
20000.57,0.5800009,20002.64;200.801
20000.56,0.5800009,20002.61;198.9819
20000.54,0.5800009,20002.56;197.1628
20000.53,0.5800009,20002.52;195.3436
20000.52,0.5800009,20002.47;193.5245
20000.51,0.5800009,20002.43;191.7054
20000.5,0.5800009,20002.37;190.5594
20000.5,0.5800009,20002.37;190.5594
20000.49,0.5800009,20002.3;189.4135
20000.48,0.5800009,20002.23;189.0984
20000.47,0.5800009,20002.14;188.7833
20000.45,0.5800009,20002.05;188.6543
20000.44,0.5800009,20001.98;188.6114
20000.43,0.5800009,20001.91;188.5684
20000.42,0.5800009,20001.84;188.3822
20000.41,0.5800009,20001.77;186.5631
20000.41,0.5800009,20001.71;184.7439
20000.4,0.5800009,20001.65;182.9248
20000.4,0.5800009,20001.59;181.1057
20000.4,0.5800009,20001.54;179.2865
20000.41,0.5800009,20001.47;177.4674
20000.41,0.5800009,20001.42;175.6482
20000.42,0.5800009,20001.35;173.8291
20000.43,0.5800009,20001.27;172.0099
20000.44,0.5800009,20001.2;170.1908
20000.46,0.5800009,20001.12;168.3717
20000.48,0.5800009,20001.04;166.5526
20000.5,0.5800009,20000.96;164.7334
20000.52,0.5800009,20000.88;162.9143
20000.55,0.5800009,20000.8;161.0951
20000.58,0.5800009,20000.72;159.276
20000.61,0.5800009,20000.64;157.4568
20000.65,0.5800009,20000.57;155.6377
20000.68,0.5800009,20000.51;153.8186
20000.69,0.5800009,20000.48;151.9994
20000.69,0.5800009,20000.48;150.1803
20000.7,0.5800009,20000.46;148.3612
20000.7,0.5800009,20000.46;146.542
20000.72,0.5800009,20000.43;144.7229
20000.72,0.5800009,20000.43;142.9037
20000.72,0.5800009,20000.43;141.0846
20000.74,0.5800009,20000.41;139.2655
20000.78,0.5800009,20000.37;137.4463
20000.84,0.5800009,20000.31;135.6272
20000.92,0.5800009,20000.23;133.808
20001.01,0.5800009,20000.15;131.9889
20001.09,0.5800009,20000.08;130.1698
20001.18,0.5800009,20000.01;128.3506
20001.27,0.5800009,19999.94;126.5315
20001.37,0.5800009,19999.88;124.7124
20001.47,0.5800009,19999.81;122.8932
20001.57,0.5800009,19999.75;121.0741
20001.67,0.5800009,19999.7;119.2549
20001.77,0.5800009,19999.64;117.4358
20001.87,0.5800009,19999.59;115.6167
20001.97,0.5800009,19999.55;113.7975
20002.08,0.5800009,19999.51;111.9784
20002.19,0.5800009,19999.47;110.1592
20002.29,0.5800009,19999.43;108.3401
20002.4,0.5800009,19999.4;106.521
20002.52,0.5800009,19999.37;104.7018
20002.63,0.5800009,19999.35;102.8827
20002.74,0.5800009,19999.32;101.0635
20002.86,0.5800009,19999.3;99.24439
20002.97,0.5800009,19999.29;97.42525
20003.09,0.5800009,19999.28;95.60612
20003.21,0.5800009,19999.27;93.78698
20003.32,0.5800009,19999.27;91.96785
20003.44,0.5800009,19999.27;90.1487
20003.55,0.5800009,19999.27;88.32957
20003.66,0.5800009,19999.28;86.51043
20003.78,0.5800009,19999.29;84.69128
20003.89,0.5800009,19999.3;82.87214
20004.01,0.5800009,19999.32;81.05301
20004.13,0.5800009,19999.34;79.23387
20004.24,0.5800009,19999.37;77.41473
20004.3,0.5800009,19999.38;75.59559
20004.3,0.5800009,19999.38;73.77644
20004.32,0.5800009,19999.39;71.95731
20004.41,0.5800009,19999.42;70.13817
20004.5,0.5800009,19999.46;68.31903
20004.58,0.5800009,19999.49;66.49989
20004.65,0.5800009,19999.53;64.68075
20004.72,0.5800009,19999.56;62.86161
20004.78,0.5800009,19999.59;61.04247
20004.84,0.5800009,19999.63;59.22334
20004.9,0.5800009,19999.66;57.40419
20004.94,0.5800009,19999.7;55.58505
20004.99,0.5800009,19999.73;53.76592
20005.04,0.5800009,19999.77;51.94678
20005.08,0.5800009,19999.81;50.12764
20005.13,0.5800009,19999.85;48.30849
20005.17,0.5800009,19999.89;46.48936
20005.21,0.5800009,19999.93;44.67022
20005.26,0.5800009,19999.98;42.85108
20005.3,0.5800009,20000.03;41.03195
20005.34,0.5800009,20000.08;39.21281
20005.38,0.5800009,20000.13;37.39367
20005.41,0.5800009,20000.17;35.57453
20005.44,0.5800009,20000.22;33.75539
20005.47,0.5800009,20000.26;31.93625
20005.49,0.5800009,20000.3;30.11712
20005.51,0.5800009,20000.34;28.29798
20005.54,0.5800009,20000.38;26.47884
20005.55,0.5800009,20000.43;24.6597
20005.57,0.5800009,20000.48;22.84056
20005.59,0.5800009,20000.53;21.02143
20005.61,0.5800009,20000.58;19.20229
20005.63,0.5800009,20000.63;17.38315
20005.64,0.5800009,20000.68;15.56401
20005.65,0.5800009,20000.73;13.74487
20005.66,0.5800009,20000.78;11.92573
20005.67,0.5800009,20000.82;10.1066
20005.68,0.5800009,20000.86;8.287457
20005.68,0.5800009,20000.91;6.468318
20005.69,0.5800009,20000.95;4.64918
20005.69,0.5800009,20000.99;2.830042
20005.69,0.5800009,20001.03;1.010904
20005.69,0.5800009,20001.07;359.1918
20005.69,0.5800009,20001.1;357.3726
20005.68,0.5800009,20001.14;355.5535
20005.68,0.5800009,20001.18;353.7343
20005.68,0.5800009,20001.21;351.9152
20005.67,0.5800009,20001.24;350.0961
20005.67,0.5800009,20001.26;348.2769
20005.66,0.5800009,20001.29;346.4578
20005.66,0.5800009,20001.29;344.6387
20005.66,0.5800009,20001.29;342.8195
20005.66,0.5800009,20001.29;341.0004
20005.66,0.5800009,20001.29;339.1812
20005.65,0.5800009,20001.31;337.3621
20005.64,0.5800009,20001.34;335.543
20005.6,0.5800009,20001.41;333.7238
20005.57,0.5800009,20001.47;331.9047
20005.52,0.5800009,20001.56;330.0855
20005.47,0.5800009,20001.64;328.2664
20005.41,0.5800009,20001.73;326.4473
20005.35,0.5800009,20001.82;324.6281
20005.29,0.5800009,20001.9;322.809
20005.22,0.5800009,20001.98;320.9898
20005.15,0.5800009,20002.06;319.1707
20005.08,0.5800009,20002.14;317.3516
20005.01,0.5800009,20002.21;315.5324
20004.93,0.5800009,20002.29;313.7133
20004.86,0.5800009,20002.35;311.8942
20004.78,0.5800009,20002.42;310.075
20004.69,0.5800009,20002.49;308.2559
20004.6,0.5800009,20002.55;306.4367
20004.52,0.5800009,20002.61;304.6176
20004.44,0.5800009,20002.66;302.7985
20004.35,0.5800009,20002.71;300.9793
20004.29,0.5800009,20002.75;299.1602
20004.23,0.5800009,20002.78;297.341
20004.18,0.5800009,20002.8;295.5219
20004.12,0.5800009,20002.83;293.7028
20004.05,0.5800009,20002.86;291.8836
20003.99,0.5800009,20002.88;290.0645
20003.93,0.5800009,20002.9;288.2454
20003.87,0.5800009,20002.92;286.4262
20003.87,0.5800009,20002.92;284.6071
20003.87,0.5800009,20002.92;282.7879
20003.82,0.5800009,20002.93;280.9688
20003.77,0.5800009,20002.94;279.1497
20003.71,0.5800009,20002.94;277.3305
20003.64,0.5800009,20002.95;275.5114
20003.59,0.5800009,20002.95;273.6922
20003.54,0.5800009,20002.95;271.8731
20003.47,0.5800009,20002.95;270.054
20003.42,0.5800009,20002.95;268.2348
20003.36,0.5800009,20002.95;266.4157
20003.3,0.5800009,20002.94;264.5966
20003.25,0.5800009,20002.94;262.7774
20003.19,0.5800009,20002.93;260.9583
20003.13,0.5800009,20002.91;259.1391
20003.06,0.5800009,20002.9;257.32
20003,0.5800009,20002.88;255.5009
20002.95,0.5800009,20002.87;253.6817
20002.9,0.5800009,20002.85;251.8626
20002.85,0.5800009,20002.83;250.0435
20002.79,0.5800009,20002.81;248.2243
20002.75,0.5800009,20002.79;246.4052
20002.7,0.5800009,20002.77;244.586
20002.64,0.5800009,20002.74;242.7669
20002.6,0.5800009,20002.72;240.9478
20002.55,0.5800009,20002.69;239.1286
20002.51,0.5800009,20002.66;237.3095
20002.47,0.5800009,20002.63;235.4904
20002.44,0.5800009,20002.61;233.6712
20002.41,0.5800009,20002.59;231.8521
20002.38,0.5800009,20002.56;230.0329
20002.35,0.5800009,20002.53;228.2138
20002.32,0.5800009,20002.51;226.3947
20002.29,0.5800009,20002.48;224.5755
20002.26,0.5800009,20002.45;222.7564
20002.24,0.5800009,20002.42;220.9372
20002.21,0.5800009,20002.39;219.1181
20002.19,0.5800009,20002.36;217.299
20002.18,0.5800009,20002.34;215.4798
20002.16,0.5800009,20002.31;213.6607
20002.14,0.5800009,20002.29;211.8415
20002.13,0.5800009,20002.27;210.0224
20002.12,0.5800009,20002.24;208.2033
20002.09,0.5800009,20002.19;206.3841
20002.05,0.5800009,20002.09;204.565
20002,0.5800009,20001.97;202.7458
20001.93,0.5800009,20001.8;200.9267
20001.87,0.5800009,20001.62;199.1076
20001.83,0.5800009,20001.5;197.2884
20001.83,0.5800009,20001.5;195.4693
20001.83,0.5800009,20001.5;193.6502
20001.84,0.5800009,20001.52;191.831
20001.84,0.5800009,20001.53;190.0119
20001.84,0.5800009,20001.53;188.1927
20001.84,0.5800009,20001.53;186.3736
20001.84,0.5800009,20001.53;184.5545
20001.84,0.5800009,20001.56;182.7353
20001.84,0.5800009,20001.59;180.9162
20001.84,0.5800009,20001.61;179.0971
20001.84,0.5800009,20001.58;177.2779
20001.84,0.5800009,20001.58;175.4588
20001.84,0.5800009,20001.63;173.6396
20001.84,0.5800009,20001.63;171.8205
20001.84,0.5800009,20001.61;170.0014
20001.83,0.5800009,20001.65;168.1822
20001.82,0.5800009,20001.69;166.3631
20001.81,0.5800009,20001.72;164.5439
20001.79,0.5800009,20001.79;162.7248
20001.76,0.5800009,20001.89;162.7248
20001.76,0.5800009,20001.9;162.7248
20001.76,0.5800009,20001.9;162.7248
20001.72,0.5800009,20002.01;162.7248
20001.69,0.5800009,20002.13;162.7678
20001.65,0.5800009,20002.25;162.7391
20001.57,0.5800009,20002.49;162.7248
20001.5,0.5800009,20002.73;162.7248
20001.42,0.5800009,20002.97;162.7248
20001.35,0.5800009,20003.22;162.7248
20001.27,0.5800009,20003.46;162.7248
20001.2,0.5800009,20003.7;162.7535
20001.12,0.5800009,20003.94;162.7391
20001.1,0.5800009,20004.01;162.7248
20001.09,0.5800009,20004.06;162.7105
20001.03,0.5800009,20004.25;162.6962
20000.95,0.5800009,20004.49;162.6818
20000.88,0.5800009,20004.73;162.6675
20000.8,0.5800009,20004.98;162.6532
20000.8,0.5800009,20004.98;162.6532
20000.72,0.5800009,20005.22;162.6389
20000.65,0.5800009,20005.46;162.6246
20000.57,0.5800009,20005.71;162.6102
20000.5,0.5800009,20005.95;162.5959
20000.42,0.5800009,20006.19;162.5816
20000.42,0.5800009,20006.19;162.5816
20000.38,0.5800009,20006.3;162.5673
20000.38,0.5800009,20006.32;162.5529
20000.38,0.5800009,20006.33;162.5386
20000.37,0.5800009,20006.34;162.5243
20000.34,0.5800009,20006.43;162.51
20000.32,0.5800009,20006.5;162.4956
20000.31,0.5800009,20006.52;162.4813
20000.31,0.5800009,20006.54;162.467
20000.3,0.5800009,20006.57;162.424
20000.26,0.5800009,20006.7;162.5816
20000.23,0.5800009,20006.79;162.6246
20000.22,0.5800009,20006.82;162.6675
20000.22,0.5800009,20006.82;162.6246
20000.23,0.5800009,20006.8;162.5243
20000.22,0.5800009,20006.83;162.424
20000.21,0.5800009,20006.86;162.4813
20000.19,0.5800009,20006.9;162.4097
20000.17,0.5800009,20006.99;162.5243
20000.14,0.5800009,20007.08;162.4813
20000.11,0.5800009,20007.17;162.5959
20000.11,0.5800009,20007.19;162.7105
20000.1,0.5800009,20007.21;162.8537
20000.09,0.5800009,20007.24;162.8537
20000.08,0.5800009,20007.27;162.954
20000.06,0.5800009,20007.34;162.8394
20000.06,0.5800009,20007.35;162.6246
20000.05,0.5800009,20007.37;162.1519
20000.04,0.5800009,20007.38;162.1948
20000.02,0.5800009,20007.46;162.3238
20000,0.5800009,20007.53;162.4527
20000,0.5800009,20007.53;162.4527
20000,0.5800009,20007.53;162.5816
20000,0.5800009,20007.53;162.7105
19999.97,0.5800009,20007.63;162.8394
19999.96,0.5800009,20007.66;162.9683
19999.94,0.5800009,20007.71;163.0256
19999.93,0.5800009,20007.75;163.0113
19999.92,0.5800009,20007.77;162.8394
19999.89,0.5800009,20007.88;162.8967
19999.87,0.5800009,20007.96;162.954
19999.86,0.5800009,20007.99;163.0113
19999.85,0.5800009,20008.02;163.0686
19999.82,0.5800009,20008.09;163.1259
19999.75,0.5800009,20008.34;163.1116
19999.75,0.5800009,20008.34;163.1116
19999.68,0.5800009,20008.58;163.0972
19999.6,0.5800009,20008.82;163.0829
19999.53,0.5800009,20009.07;163.0686
19999.46,0.5800009,20009.31;163.0543
19999.38,0.5800009,20009.55;163.0399
19999.31,0.5800009,20009.79;163.0256
19999.26,0.5800009,20009.95;163.0113
19999.26,0.5800009,20009.95;163.0113
19999.26,0.5800009,20009.95;163.0113
19999.25,0.5800009,20009.99;162.997
19999.2,0.5800009,20010.16;162.9827
19999.16,0.5800009,20010.27;162.9683
19999.15,0.5800009,20010.3;162.954
19999.15,0.5800009,20010.3;162.954
19999.13,0.5800009,20010.36;162.9397
19999.09,0.5800009,20010.49;162.9254
19999.02,0.5800009,20010.74;162.911
19998.94,0.5800009,20010.98;162.8967
19998.87,0.5800009,20011.22;162.8824
19998.79,0.5800009,20011.46;162.8681
19998.73,0.5800009,20011.67;162.8537
19998.69,0.5800009,20011.81;162.8394
19998.72,0.5800009,20011.7;162.8251
19998.76,0.5800009,20011.59;162.8108
19998.76,0.5800009,20011.59;162.8108
19998.79,0.5800009,20011.48;162.7821
19998.82,0.5800009,20011.37;162.6819
19998.86,0.5800009,20011.26;162.5816
19998.89,0.5800009,20011.14;162.4813
19998.93,0.5800009,20011.04;162.381
19998.96,0.5800009,20010.92;162.2808
19999,0.5800009,20010.81;162.2808
19999,0.5800009,20010.81;162.2808
19999.04,0.5800009,20010.7;162.2808
19999.07,0.5800009,20010.59;162.5099
19999.11,0.5800009,20010.48;162.6675
19999.14,0.5800009,20010.37;162.6389
19999.18,0.5800009,20010.26;162.5959
19999.21,0.5800009,20010.15;162.7105
19999.24,0.5800009,20010.04;162.7105
19999.28,0.5800009,20009.92;162.6102
19999.31,0.5800009,20009.81;162.5099
19999.34,0.5800009,20009.72;162.6389
19999.37,0.5800009,20009.63;162.8394
19999.37,0.5800009,20009.63;162.8967
19999.37,0.5800009,20009.63;162.9397
19999.37,0.5800009,20009.64;162.9683
19999.37,0.5800009,20009.64;162.9683
19999.35,0.5800009,20009.71;162.8967
19999.36,0.5800009,20009.68;162.7248
19999.37,0.5800009,20009.65;162.8537
19999.36,0.5800009,20009.67;162.4383
19999.35,0.5800009,20009.7;162.2664
19999.35,0.5800009,20009.7;161.7508
19999.35,0.5800009,20009.7;161.6505
19999.34,0.5800009,20009.72;161.6075
19999.33,0.5800009,20009.76;161.4356
19999.26,0.5800009,20009.96;161.4356
19999.22,0.5800009,20010.08;161.4356
19999.22,0.5800009,20010.08;161.4356
19999.19,0.5800009,20010.18;161.4356
19999.19,0.5800009,20010.19;161.4356
19999.17,0.5800009,20010.24;161.2781
19999.13,0.5800009,20010.36;160.3757
19999.09,0.5800009,20010.47;159.86
19999.07,0.5800009,20010.51;159.3443
19999.06,0.5800009,20010.54;158.757
19999.03,0.5800009,20010.62;157.826
19998.97,0.5800009,20010.75;156.0069
19998.91,0.5800009,20010.87;154.1877
19998.84,0.5800009,20011.01;152.3686
19998.79,0.5800009,20011.09;150.5494
19998.76,0.5800009,20011.14;148.7303
19998.66,0.5800009,20011.29;146.9111
19998.52,0.5800009,20011.5;145.092
19998.37,0.5800009,20011.7;143.2729
19998.21,0.5800009,20011.9;141.4537
19998.04,0.5800009,20012.09;139.6346
19997.88,0.5800009,20012.28;137.8155
19997.7,0.5800009,20012.46;135.9963
19997.52,0.5800009,20012.64;134.1772
19997.33,0.5800009,20012.81;132.3581
19997.24,0.5800009,20012.89;130.5389
19997.23,0.5800009,20012.89;128.7198
19997.23,0.5800009,20012.9;126.9006
19997.17,0.5800009,20012.94;125.0815
19997.2,0.5800009,20012.92;123.2624
19997.3,0.5800009,20012.86;121.4432
19997.4,0.5800009,20012.8;119.6241
19997.5,0.5800009,20012.74;117.805
19997.61,0.5800009,20012.69;115.9858
19997.72,0.5800009,20012.64;114.1667
19997.82,0.5800009,20012.6;112.3475
19997.93,0.5800009,20012.56;110.5284
19998.04,0.5800009,20012.52;108.7093
19998.15,0.5800009,20012.49;106.8901
19998.26,0.5800009,20012.46;105.071
19998.37,0.5800009,20012.43;103.2518
19998.48,0.5800009,20012.41;101.4327
19998.6,0.5800009,20012.39;99.61357
19998.71,0.5800009,20012.38;97.79443
19998.82,0.5800009,20012.37;95.97529
19998.93,0.5800009,20012.36;94.15615
19999.04,0.5800009,20012.35;92.33701
19999.16,0.5800009,20012.35;90.51788
19999.26,0.5800009,20012.35;88.69874
19999.37,0.5800009,20012.36;86.87959
19999.47,0.5800009,20012.37;85.06046
19999.58,0.5800009,20012.38;83.24132
19999.69,0.5800009,20012.4;81.42218
19999.79,0.5800009,20012.42;79.60304
19999.89,0.5800009,20012.44;77.78391
20000,0.5800009,20012.46;75.96477
20000.11,0.5800009,20012.49;74.14563
20000.2,0.5800009,20012.53;72.3265
20000.29,0.5800009,20012.56;70.50737
20000.38,0.5800009,20012.59;68.68822
20000.38,0.5800009,20012.59;68.18688
20000.38,0.5800009,20012.59;67.48502
20000.38,0.5800009,20012.59;65.66589
20000.4,0.5800009,20012.6;63.84675
20000.49,0.5800009,20012.65;62.02762
20000.58,0.5800009,20012.7;60.20848
20000.67,0.5800009,20012.76;58.38934
20000.74,0.5800009,20012.8;56.57021
20000.82,0.5800009,20012.86;54.75107
20000.89,0.5800009,20012.91;52.93193
20000.97,0.5800009,20012.98;51.11279
20001.03,0.5800009,20013.02;49.29365
20001.09,0.5800009,20013.08;47.47451
20001.15,0.5800009,20013.14;45.65537
20001.2,0.5800009,20013.19;43.83624
20001.24,0.5800009,20013.23;42.01709
20001.28,0.5800009,20013.29;40.19796
20001.32,0.5800009,20013.33;38.37882
20001.36,0.5800009,20013.38;36.55968
20001.41,0.5800009,20013.46;34.74054
20001.45,0.5800009,20013.52;32.9214
20001.49,0.5800009,20013.59;31.10226
20001.53,0.5800009,20013.65;29.28312
20001.56,0.5800009,20013.71;27.46398
20001.59,0.5800009,20013.78;25.64485
20001.61,0.5800009,20013.83;23.82571
20001.63,0.5800009,20013.87;22.00657
20001.64,0.5800009,20013.91;20.18743
20001.66,0.5800009,20013.96;18.36829
20001.67,0.5800009,20014.02;16.54915
20001.69,0.5800009,20014.07;14.73001
20001.7,0.5800009,20014.12;12.91087
20001.71,0.5800009,20014.18;11.09174
20001.72,0.5800009,20014.24;9.272596
20001.73,0.5800009,20014.29;7.453458
20001.73,0.5800009,20014.35;5.63432
20001.74,0.5800009,20014.41;3.815181
20001.74,0.5800009,20014.47;1.996043
20001.74,0.5800009,20014.53;0.1769045
20001.74,0.5800009,20014.53;358.3578
20001.74,0.5800009,20014.53;356.5386
20001.73,0.5800009,20014.58;354.7195
20001.73,0.5800009,20014.64;352.9004
20001.72,0.5800009,20014.69;351.0812
20001.71,0.5800009,20014.73;349.2621
20001.7,0.5800009,20014.77;347.4429
20001.69,0.5800009,20014.81;345.6238
20001.68,0.5800009,20014.85;343.8047
20001.67,0.5800009,20014.89;341.9855
20001.66,0.5800009,20014.92;340.1664
20001.64,0.5800009,20014.96;338.3473
20001.63,0.5800009,20014.99;336.5281
20001.62,0.5800009,20015.02;334.709
20001.6,0.5800009,20015.05;332.8898
20001.59,0.5800009,20015.07;331.0707
20001.57,0.5800009,20015.1;329.2516
20001.56,0.5800009,20015.12;327.4324
20001.54,0.5800009,20015.14;325.6133
20001.53,0.5800009,20015.16;323.7941
20001.51,0.5800009,20015.19;321.975
20001.49,0.5800009,20015.21;320.1559
20001.46,0.5800009,20015.24;318.3367
20001.44,0.5800009,20015.26;316.5176
20001.43,0.5800009,20015.28;314.6985
20001.41,0.5800009,20015.29;312.8793
20001.4,0.5800009,20015.3;311.0602
20001.38,0.5800009,20015.32;309.241
20001.36,0.5800009,20015.33;307.4219
20001.35,0.5800009,20015.34;305.6028
20001.33,0.5800009,20015.35;303.7836
20001.32,0.5800009,20015.36;301.9645
20001.3,0.5800009,20015.37;300.1453
20001.28,0.5800009,20015.38;298.3262
20001.26,0.5800009,20015.39;296.507
20001.24,0.5800009,20015.4;294.6879
20001.22,0.5800009,20015.41;292.8688
20001.21,0.5800009,20015.42;291.0497
20001.19,0.5800009,20015.42;289.2305
20001.18,0.5800009,20015.42;287.4114
20001.17,0.5800009,20015.43;285.5922
20001.16,0.5800009,20015.43;283.7731
20001.15,0.5800009,20015.43;281.9539
20001.14,0.5800009,20015.43;280.1348
20001.13,0.5800009,20015.44;278.3157
20001.12,0.5800009,20015.44;276.8403
20001.11,0.5800009,20015.44;276.7401
20001.1,0.5800009,20015.44;276.6398
20001.1,0.5800009,20015.44;276.5395
20001.1,0.5800009,20015.44;276.4392
20001.1,0.5800009,20015.44;276.3963
20001.08,0.5800009,20015.44;276.339
20001.08,0.5800009,20015.44;276.2817
20001.07,0.5800009,20015.44;276.2244
20001.06,0.5800009,20015.44;276.1671
20001.05,0.5800009,20015.44;276.1098
20001.04,0.5800009,20015.45;276.0812
20001.02,0.5800009,20015.45;276.0526
20001.01,0.5800009,20015.45;275.9809
20001.01,0.5800009,20015.45;275.9666
20001,0.5800009,20015.45;275.9523
20000.99,0.5800009,20015.45;275.938
20000.98,0.5800009,20015.45;275.9236
20000.98,0.5800009,20015.45;275.9093
20000.98,0.5800009,20015.45;275.9093
20000.98,0.5800009,20015.45;275.9093
20000.98,0.5800009,20015.45;275.9093
20000.98,0.5800009,20015.45;275.9093
20000.98,0.5800009,20015.45;275.9952
20000.99,0.5800009,20015.45;276.0096
20001,0.5800009,20015.45;276.0239
20001.01,0.5800009,20015.45;276.0382
20001.02,0.5800009,20015.45;276.0812
20001.04,0.5800009,20015.45;276.1242
20001.06,0.5800009,20015.44;276.1671
20001.09,0.5800009,20015.44;276.2101
20001.11,0.5800009,20015.44;276.2531
20001.14,0.5800009,20015.43;276.3247
20001.17,0.5800009,20015.43;276.3963
20001.2,0.5800009,20015.43;276.3963
20001.24,0.5800009,20015.42;276.425
20001.28,0.5800009,20015.42;276.5109
20001.32,0.5800009,20015.41;276.5825
20001.36,0.5800009,20015.41;276.6685
20001.41,0.5800009,20015.4;276.7401
20001.46,0.5800009,20015.4;276.7974
20001.51,0.5800009,20015.39;276.8976
20001.57,0.5800009,20015.38;276.9693
20001.62,0.5800009,20015.38;277.0552
20001.68,0.5800009,20015.37;277.1268
20001.73,0.5800009,20015.36;277.2128
20001.79,0.5800009,20015.36;277.2701
20001.86,0.5800009,20015.35;277.3417
20001.93,0.5800009,20015.34;277.4133
20002,0.5800009,20015.33;277.4993
20002.08,0.5800009,20015.32;277.5709
20002.15,0.5800009,20015.31;277.6568
20002.23,0.5800009,20015.3;277.7141
20002.31,0.5800009,20015.29;277.7714
20002.4,0.5800009,20015.27;277.8143
20002.46,0.5800009,20015.27;277.8716
20002.55,0.5800009,20015.25;277.9289
20002.64,0.5800009,20015.24;277.9576
20002.73,0.5800009,20015.23;278.0292
20002.83,0.5800009,20015.21;278.1008
20002.93,0.5800009,20015.2;278.1438
20003.03,0.5800009,20015.19;278.1867
20003.13,0.5800009,20015.17;278.244
20003.23,0.5800009,20015.16;278.3156
20003.34,0.5800009,20015.14;278.3873
20003.44,0.5800009,20015.13;278.4589
20003.54,0.5800009,20015.11;278.5162
20003.64,0.5800009,20015.09;278.5448
20003.74,0.5800009,20015.08;278.6165
20003.84,0.5800009,20015.06;278.6165
20003.94,0.5800009,20015.05;278.688
20004.04,0.5800009,20015.03;278.7453
20004.14,0.5800009,20015.02;278.8599
20004.24,0.5800009,20015;278.9315
20004.34,0.5800009,20014.99;279.0318
20004.44,0.5800009,20014.97;279.1035
20004.54,0.5800009,20014.96;279.1321
20004.63,0.5800009,20014.94;279.1894
20004.72,0.5800009,20014.93;279.1894
20004.8,0.5800009,20014.91;279.1894
20004.88,0.5800009,20014.9;279.2037
20004.96,0.5800009,20014.89;279.218
20005.03,0.5800009,20014.88;279.2753
20005.1,0.5800009,20014.86;279.3469
20005.17,0.5800009,20014.85;279.4185
20005.24,0.5800009,20014.84;279.5188
20005.3,0.5800009,20014.83;279.6191
20005.36,0.5800009,20014.82;279.7337
20005.42,0.5800009,20014.81;279.8196
20005.47,0.5800009,20014.8;279.8769
20005.52,0.5800009,20014.79;279.9915
20005.56,0.5800009,20014.79;280.0631
20005.6,0.5800009,20014.78;280.1061
20005.63,0.5800009,20014.77;280.1204
20005.67,0.5800009,20014.77;280.2064
20005.7,0.5800009,20014.76;280.2923
20005.73,0.5800009,20014.75;280.3783
20005.76,0.5800009,20014.75;280.4499
20005.79,0.5800009,20014.74;280.4499
20005.81,0.5800009,20014.74;280.4499
20005.84,0.5800009,20014.73;280.4499
20005.86,0.5800009,20014.73;280.4499
20005.88,0.5800009,20014.73;280.4499
20005.89,0.5800009,20014.72;280.4499
20005.91,0.5800009,20014.72;280.4499
20005.93,0.5800009,20014.72;280.4785
20005.94,0.5800009,20014.71;280.5071
20005.95,0.5800009,20014.71;280.5358
20005.96,0.5800009,20014.71;280.5645
20005.97,0.5800009,20014.71;280.5931
20005.99,0.5800009,20014.71;280.6217
20005.99,0.5800009,20014.71;280.6504
20006,0.5800009,20014.7;280.679
20006.01,0.5800009,20014.7;280.7077
20006.02,0.5800009,20014.7;280.7363
20006.02,0.5800009,20014.7;280.765
20006.03,0.5800009,20014.7;280.7936
20006.03,0.5800009,20014.7;280.8223
20006.03,0.5800009,20014.7;280.8509
20006.04,0.5800009,20014.7;280.8939
20006.04,0.5800009,20014.7;280.9225
20006.04,0.5800009,20014.7;280.9511
20006.04,0.5800009,20014.7;280.9798
20006.04,0.5800009,20014.7;281.0084
20006.04,0.5800009,20014.7;281.037
20006.03,0.5800009,20014.7;281.0657
20006.03,0.5800009,20014.7;281.0944
20006.03,0.5800009,20014.7;281.123
20006.02,0.5800009,20014.7;281.1516
20006.01,0.5800009,20014.7;281.1803
20006,0.5800009,20014.71;281.2089
20005.99,0.5800009,20014.71;281.2376
20005.98,0.5800009,20014.71;281.2662
20005.97,0.5800009,20014.71;281.2949
20005.95,0.5800009,20014.71;281.3235
20005.94,0.5800009,20014.72;281.3521
20005.92,0.5800009,20014.72;281.3808
20005.92,0.5800009,20014.72;281.4094
20005.9,0.5800009,20014.72;281.4381
20005.89,0.5800009,20014.73;281.4667
20005.88,0.5800009,20014.73;281.4954
20005.86,0.5800009,20014.73;281.524
20005.84,0.5800009,20014.74;281.5526
20005.81,0.5800009,20014.74;281.5813
20005.79,0.5800009,20014.75;281.61
20005.76,0.5800009,20014.75;281.6386
20005.73,0.5800009,20014.76;281.6672
20005.71,0.5800009,20014.76;281.6959
20005.68,0.5800009,20014.77;281.7245
20005.64,0.5800009,20014.78;281.7532
20005.61,0.5800009,20014.79;281.7818
20005.57,0.5800009,20014.79;281.8105
20005.53,0.5800009,20014.8;281.8391
20005.49,0.5800009,20014.81;281.8677
20005.45,0.5800009,20014.82;281.8964
20005.41,0.5800009,20014.83;281.925
20005.36,0.5800009,20014.84;281.9537
20005.31,0.5800009,20014.85;281.9823
20005.26,0.5800009,20014.86;282.011
20005.21,0.5800009,20014.87;282.0396
20005.15,0.5800009,20014.88;282.0682
20005.1,0.5800009,20014.89;282.0969
20005.04,0.5800009,20014.91;282.1255
20005.01,0.5800009,20014.91;282.1828
20004.99,0.5800009,20014.92;282.1972
20004.92,0.5800009,20014.93;282.2688
20004.84,0.5800009,20014.95;282.326
20004.77,0.5800009,20014.96;282.326
20004.69,0.5800009,20014.98;282.369
20004.62,0.5800009,20015;282.4836
20004.54,0.5800009,20015.02;282.5696
20004.46,0.5800009,20015.03;282.5839
20004.38,0.5800009,20015.05;282.6269
20004.29,0.5800009,20015.07;282.6841
20004.21,0.5800009,20015.09;282.7414
20004.12,0.5800009,20015.11;282.856
20004.03,0.5800009,20015.13;282.985
20003.94,0.5800009,20015.15;283.0852
20003.85,0.5800009,20015.17;283.1712
20003.76,0.5800009,20015.19;283.2715
20003.67,0.5800009,20015.21;283.3287
20003.58,0.5800009,20015.24;283.4147
20003.49,0.5800009,20015.26;283.515
20003.39,0.5800009,20015.28;283.6009
20003.29,0.5800009,20015.31;283.6725
20003.19,0.5800009,20015.33;283.7155
20003.09,0.5800009,20015.36;283.8014
20002.99,0.5800009,20015.38;283.8587
20002.9,0.5800009,20015.4;283.916
20002.8,0.5800009,20015.43;283.9733
20002.71,0.5800009,20015.45;284.0449
20002.62,0.5800009,20015.47;284.1165
20002.53,0.5800009,20015.5;284.2311
20002.43,0.5800009,20015.52;284.3314
20002.35,0.5800009,20015.54;284.403
20002.26,0.5800009,20015.56;284.5176
20002.17,0.5800009,20015.59;284.6035
20002.09,0.5800009,20015.61;284.6895
20002.01,0.5800009,20015.63;284.7611
20001.93,0.5800009,20015.65;284.847
20001.86,0.5800009,20015.67;284.933
20001.79,0.5800009,20015.69;285.0046
20001.71,0.5800009,20015.71;285.1192
20001.65,0.5800009,20015.73;285.2195
20001.59,0.5800009,20015.74;285.3197
20001.53,0.5800009,20015.76;285.42
20001.47,0.5800009,20015.78;285.4773
20001.41,0.5800009,20015.79;285.5489
20001.36,0.5800009,20015.81;285.5919
20001.31,0.5800009,20015.82;285.6921
20001.27,0.5800009,20015.83;285.8354
20001.23,0.5800009,20015.84;286.0789
20001.2,0.5800009,20015.85;286.3367
20001.18,0.5800009,20015.86;286.7951
20001.15,0.5800009,20015.87;287.0243
20001.12,0.5800009,20015.88;287.454
20001.11,0.5800009,20015.88;287.984
20001.11,0.5800009,20015.88;288.5426
20001.11,0.5800009,20015.88;288.7145
20001.09,0.5800009,20015.89;288.8004
20001.09,0.5800009,20015.89;289.7601
20001.09,0.5800009,20015.89;290.6912
20001.09,0.5800009,20015.89;290.7198
20001.09,0.5800009,20015.89;290.7485
20001.07,0.5800009,20015.9;290.8201
20001.05,0.5800009,20015.9;291.2498
20001.03,0.5800009,20015.91;291.8371
20001.01,0.5800009,20015.92;292.6393
20001,0.5800009,20015.92;292.9258
20000.99,0.5800009,20015.93;293.1693
20000.98,0.5800009,20015.93;293.4128
20000.98,0.5800009,20015.93;293.6563
20000.96,0.5800009,20015.94;293.8998
20000.95,0.5800009,20015.95;294.1433
20000.91,0.5800009,20015.96;294.3868
20000.88,0.5800009,20015.97;294.6303
20000.88,0.5800009,20015.97;294.6303
20000.91,0.5800009,20015.96;294.8738
20000.94,0.5800009,20015.95;295.1174
20000.94,0.5800009,20015.95;296.206
20000.94,0.5800009,20015.95;297.9105
20000.95,0.5800009,20015.95;299.4002
20000.95,0.5800009,20015.95;300.8326
20000.95,0.5800009,20015.95;302.4799
20000.93,0.5800009,20015.96;304.299
20000.87,0.5800009,20016;306.1181
20000.77,0.5800009,20016.08;307.9373
20000.68,0.5800009,20016.15;309.7564
20000.59,0.5800009,20016.23;311.5756
20000.57,0.5800009,20016.25;313.3947
20000.52,0.5800009,20016.31;315.2138
20000.46,0.5800009,20016.37;317.033
20000.39,0.5800009,20016.45;318.8521
20000.33,0.5800009,20016.52;320.6712
20000.29,0.5800009,20016.57;322.4904
20000.22,0.5800009,20016.67;324.3095
20000.19,0.5800009,20016.71;326.1287
20000.21,0.5800009,20016.69;327.6183
20000.23,0.5800009,20016.65;328.3918
20000.22,0.5800009,20016.67;329.2369
20000.2,0.5800009,20016.71;330.3829
20000.17,0.5800009,20016.75;331.2853
20000.15,0.5800009,20016.8;332.3309
20000.14,0.5800009,20016.81;333.4768
20000.14,0.5800009,20016.81;334.4652
20000.14,0.5800009,20016.82;335.4822
20000.13,0.5800009,20016.84;336.5851
20000.13,0.5800009,20016.85;336.7713
20000.12,0.5800009,20016.87;336.8716
20000.12,0.5800009,20016.87;336.9719
20000.1,0.5800009,20016.91;337.0721
20000.07,0.5800009,20016.99;337.1724
20000.03,0.5800009,20017.08;337.2727
20000.01,0.5800009,20017.13;337.8743
19999.98,0.5800009,20017.2;339.6075
19999.96,0.5800009,20017.27;341.3837
19999.94,0.5800009,20017.34;343.2028
19999.92,0.5800009,20017.4;345.0219
19999.9,0.5800009,20017.47;346.8411
19999.89,0.5800009,20017.55;348.6602
19999.88,0.5800009,20017.62;350.4794
19999.87,0.5800009,20017.65;352.2985
19999.87,0.5800009,20017.66;354.1176
19999.88,0.5800009,20017.63;355.9368
19999.87,0.5800009,20017.66;356.5241
19999.87,0.5800009,20017.71;357.054
19999.87,0.5800009,20017.72;357.2116
19999.87,0.5800009,20017.7;357.2546
19999.87,0.5800009,20017.69;357.2116
19999.87,0.5800009,20017.68;357.1543
19999.87,0.5800009,20017.67;357.1257
19999.87,0.5800009,20017.67;357.1257
19999.87,0.5800009,20017.66;357.2546
19999.87,0.5800009,20017.65;357.4122
19999.87,0.5800009,20017.63;357.4408
19999.88,0.5800009,20017.62;357.4695
19999.88,0.5800009,20017.61;357.4981
19999.88,0.5800009,20017.6;357.5267
19999.88,0.5800009,20017.58;357.5554
19999.88,0.5800009,20017.56;357.5984
19999.88,0.5800009,20017.56;357.6843
19999.88,0.5800009,20017.56;357.8132
19999.88,0.5800009,20017.58;358.0138
19999.88,0.5800009,20017.6;358.114
19999.88,0.5800009,20017.63;358.2143
19999.87,0.5800009,20017.65;358.3146
19999.87,0.5800009,20017.68;358.4149
19999.87,0.5800009,20017.72;358.5151
19999.87,0.5800009,20017.77;358.5151
19999.87,0.5800009,20017.82;358.7729
19999.87,0.5800009,20017.85;359.9189
19999.87,0.5800009,20017.88;0.9501894
19999.87,0.5800009,20017.91;2.454201
19999.87,0.5800009,20017.94;3.800648
19999.87,0.5800009,20017.89;4.617113
19999.87,0.5800009,20017.83;5.318984
19999.86,0.5800009,20017.8;6.164093
19999.86,0.5800009,20017.78;7.138122
19999.86,0.5800009,20017.78;8.097826
19999.86,0.5800009,20017.76;8.985908
19999.85,0.5800009,20017.74;9.745079
19999.85,0.5800009,20017.73;10.50425
19999.85,0.5800009,20017.73;11.54989
19999.85,0.5800009,20017.73;12.59554
19999.85,0.5800009,20017.72;13.84172
19999.85,0.5800009,20017.72;15.03061
19999.85,0.5800009,20017.72;16.1049
19999.85,0.5800009,20017.72;17.07893
19999.85,0.5800009,20017.72;17.86675
19999.85,0.5800009,20017.71;18.76917
19999.84,0.5800009,20017.71;19.6286
19999.84,0.5800009,20017.71;20.45939
19999.84,0.5800009,20017.71;21.17558
19999.84,0.5800009,20017.71;22.36446
19999.84,0.5800009,20017.71;23.75389
19999.84,0.5800009,20017.71;24.599
19999.85,0.5800009,20017.72;25.2579
19999.86,0.5800009,20017.74;25.40114
19999.87,0.5800009,20017.76;25.98843
19999.88,0.5800009,20017.78;26.57572
19999.89,0.5800009,20017.8;27.20597
19999.9,0.5800009,20017.82;27.95082
19999.9,0.5800009,20017.82;28.18
19999.89,0.5800009,20017.81;28.40918
19999.89,0.5800009,20017.81;28.40918
19999.89,0.5800009,20017.81;28.63836
19999.9,0.5800009,20017.82;28.59539
19999.9,0.5800009,20017.82;28.50944
19999.9,0.5800009,20017.82;28.50944
19999.9,0.5800009,20017.81;28.46647
19999.89,0.5800009,20017.8;28.39486
19999.88,0.5800009,20017.79;28.20864
19999.88,0.5800009,20017.78;28.00811
19999.88,0.5800009,20017.78;27.43515
19999.88,0.5800009,20017.78;26.0887
19999.88,0.5800009,20017.78;25.17197
19999.88,0.5800009,20017.79;24.42711
19999.88,0.5800009,20017.79;23.61065
19999.88,0.5800009,20017.79;22.53635
19999.88,0.5800009,20017.79;21.57664
19999.88,0.5800009,20017.79;20.98936
19999.88,0.5800009,20017.79;20.43073
19999.88,0.5800009,20017.79;20.12993
19999.88,0.5800009,20017.79;19.74319
19999.88,0.5800009,20017.79;19.54265
19999.88,0.5800009,20017.79;19.41374
19999.88,0.5800009,20017.79;19.24185
19999.88,0.5800009,20017.79;19.04132
19999.88,0.5800009,20017.8;18.74052
19999.89,0.5800009,20017.81;18.46836
19999.89,0.5800009,20017.81;18.25351
19999.89,0.5800009,20017.81;17.39407
19999.89,0.5800009,20017.8;16.37708
19999.89,0.5800009,20017.8;16.37708
19999.89,0.5800009,20017.8;16.00466
19999.89,0.5800009,20017.8;15.7325
19999.89,0.5800009,20017.8;15.70385
19999.88,0.5800009,20017.79;15.67521
19999.88,0.5800009,20017.79;15.64657
19999.88,0.5800009,20017.79;15.63224
19999.88,0.5800009,20017.79;15.53197
19999.88,0.5800009,20017.79;15.51765
19999.88,0.5800009,20017.79;15.50333
19999.88,0.5800009,20017.8;15.489
19999.89,0.5800009,20017.8;15.46036
19999.89,0.5800009,20017.81;15.33144
19999.89,0.5800009,20017.81;15.21685
19999.89,0.5800009,20017.82;14.98767
19999.89,0.5800009,20017.83;14.8301
19999.91,0.5800009,20017.89;14.57227
19999.91,0.5800009,20017.9;14.28579
19999.91,0.5800009,20017.9;13.82742
19999.91,0.5800009,20017.91;13.44068
19999.92,0.5800009,20017.92;13.02528
19999.92,0.5800009,20017.93;12.66718
19999.95,0.5800009,20018.05;12.30908
19999.99,0.5800009,20018.28;11.76478
20000.04,0.5800009,20018.53;11.36371
20000.09,0.5800009,20018.78;11.19182
20000.14,0.5800009,20019.03;11.07723
20000.19,0.5800009,20019.28;11.03426
20000.24,0.5800009,20019.53;10.96265
20000.29,0.5800009,20019.78;10.61887
20000.33,0.5800009,20020.03;10.14618
20000.37,0.5800009,20020.28;9.487283
20000.41,0.5800009,20020.53;8.785412
20000.45,0.5800009,20020.78;8.312722
20000.48,0.5800009,20021.03;8.011917
20000.52,0.5800009,20021.28;7.768404
20000.55,0.5800009,20021.53;7.209776
20000.58,0.5800009,20021.79;6.622491
20000.6,0.5800009,20022.04;6.035206
20000.63,0.5800009,20022.29;5.548192
20000.65,0.5800009,20022.54;4.960906
20000.67,0.5800009,20022.8;4.302006
20000.69,0.5800009,20023.05;3.657429
20000.7,0.5800009,20023.3;3.370947
20000.7,0.5800009,20023.32;3.600125
20000.71,0.5800009,20023.37;4.115786
20000.71,0.5800009,20023.47;4.717394
20000.72,0.5800009,20023.58;5.30468
20000.73,0.5800009,20023.67;5.591161
20000.74,0.5800009,20023.78;5.720079
20000.75,0.5800009,20023.87;5.806028
20000.76,0.5800009,20023.96;5.891977
20000.78,0.5800009,20024.08;5.977926
20000.79,0.5800009,20024.2;6.063874
20000.8,0.5800009,20024.31;6.149824
20000.81,0.5800009,20024.4;6.235773
20000.82,0.5800009,20024.47;6.321721
20000.82,0.5800009,20024.51;6.40767
20000.83,0.5800009,20024.57;6.493618
20000.83,0.5800009,20024.61;6.579567
20000.84,0.5800009,20024.69;6.665516
20000.86,0.5800009,20024.85;6.751464
20000.88,0.5800009,20025.03;6.837413
20000.9,0.5800009,20025.2;6.923362
20000.93,0.5800009,20025.39;7.009311
20000.96,0.5800009,20025.62;7.095259
20000.98,0.5800009,20025.84;7.181208
20001.01,0.5800009,20026.08;7.267157
20001.04,0.5800009,20026.31;7.353105
20001.07,0.5800009,20026.49;7.224187
20001.09,0.5800009,20026.65;7.209864
20001.12,0.5800009,20026.88;7.42472
20001.13,0.5800009,20026.97;7.61093
20001.14,0.5800009,20027.03;7.567961
20001.17,0.5800009,20027.28;7.754169
20001.19,0.5800009,20027.41;7.911735
20001.21,0.5800009,20027.55;7.668222
20001.23,0.5800009,20027.69;7.582273
20001.23,0.5800009,20027.71;7.582273
20001.23,0.5800009,20027.73;7.725514
20001.23,0.5800009,20027.75;7.854432
20001.24,0.5800009,20027.77;8.02632
20001.24,0.5800009,20027.82;8.126592
20001.25,0.5800009,20027.85;8.49901
20001.25,0.5800009,20027.88;8.928733
20001.26,0.5800009,20027.91;9.358457
20001.26,0.5800009,20027.94;9.831146
20001.27,0.5800009,20027.97;10.046
20001.28,0.5800009,20028.01;10.046
20001.28,0.5800009,20028.05;10.046
20001.28,0.5800009,20028.05;10.24654
20001.31,0.5800009,20028.18;10.4041
20001.34,0.5800009,20028.36;10.51869
20001.38,0.5800009,20028.55;10.63329
20001.42,0.5800009,20028.77;10.67626
20001.46,0.5800009,20029.02;10.71923
20001.51,0.5800009,20029.27;10.7622
20001.56,0.5800009,20029.52;10.81949
20001.61,0.5800009,20029.77;10.87678
20001.66,0.5800009,20030.02;10.93407
20001.7,0.5800009,20030.26;10.99136
20001.75,0.5800009,20030.51;11.00569
20001.8,0.5800009,20030.76;11.00569
20001.85,0.5800009,20031.01;11.00569
20001.9,0.5800009,20031.26;10.94839
20001.95,0.5800009,20031.51;10.8911
20001.99,0.5800009,20031.76;10.5903
20002.04,0.5800009,20032.01;10.54733
20002.09,0.5800009,20032.26;10.50436
20002.13,0.5800009,20032.51;10.24652
20002.17,0.5800009,20032.76;9.988689
20002.22,0.5800009,20033.01;9.71653
20002.26,0.5800009,20033.26;9.401402
20002.3,0.5800009,20033.51;9.15789
20002.34,0.5800009,20033.76;8.857086
20002.38,0.5800009,20034.01;8.570605
20002.41,0.5800009,20034.27;8.35575
20002.45,0.5800009,20034.52;8.255478
20002.48,0.5800009,20034.77;7.424692
20002.51,0.5800009,20035.02;6.751467
20002.54,0.5800009,20035.27;6.550935
20002.57,0.5800009,20035.53;6.422017
20002.59,0.5800009,20035.68;5.977972
20002.6,0.5800009,20035.82;5.490958
20002.61,0.5800009,20035.97;5.347717
20002.63,0.5800009,20036.12;5.333394
20002.63,0.5800009,20036.13;5.462312
20002.63,0.5800009,20036.13;5.648521
20002.64,0.5800009,20036.23;5.648521
20002.66,0.5800009,20036.49;5.849054
20002.69,0.5800009,20036.74;5.992295
20002.72,0.5800009,20036.99;6.035264
20002.74,0.5800009,20037.24;6.149858
20002.77,0.5800009,20037.5;6.293099
20002.8,0.5800009,20037.75;6.522278
20002.83,0.5800009,20038;6.72281
20002.86,0.5800009,20038.25;6.751456
20002.89,0.5800009,20038.51;7.123876
20002.93,0.5800009,20038.76;7.840069
20002.96,0.5800009,20039.01;7.926017
20003,0.5800009,20039.26;8.112226
20003.04,0.5800009,20039.51;8.241145
20003.07,0.5800009,20039.76;8.312759
20003.11,0.5800009,20040.02;8.269791
20003.14,0.5800009,20040.27;8.241145
20003.18,0.5800009,20040.52;8.2125
20003.22,0.5800009,20040.77;8.169531
20003.25,0.5800009,20041.02;8.169531
20003.29,0.5800009,20041.27;8.183854
20003.32,0.5800009,20041.52;8.183854
20003.36,0.5800009,20041.78;8.183854
20003.4,0.5800009,20042.03;8.126562
20003.43,0.5800009,20042.28;8.11224
20003.47,0.5800009,20042.53;8.083594
20003.5,0.5800009,20042.78;8.040626
20003.54,0.5800009,20043.03;7.969011
