20000,-0.1,20000;0
20000,-0.1,20000;0
20000,-0.1,20000;0
20000,-0.1,20000;0
20000,-0.1,20000;0
20000,-0.1,20000;0
20000,-0.1,20000;0
20000,-0.1,20000;0
20000,-0.1,20000;0
20000,-0.1,20000;0
20000,-0.1,20000;0
20000,-0.1,20000;0
20000,-0.1,20000;0
20000,-0.1,20000;0
20000,-0.1,20000;0
20000,-0.1,20000;0
20000,-0.1,20000;0
20000,-0.1,20000;0
20000,-0.1,20000;0
20000,-0.1,20000;0
20000,-0.1,20000;0
20000,-0.1,20000;0
20000,-0.1,20000;0
20000,-0.1,20000;0
20000,-0.1,20000;0
20000,-0.1,20000;0
20000,-0.1,20000;0
20000,-0.1,20000;0
20000,-0.1,20000;0
20000,-0.1,20000;0
20000,-0.1,20000;0
20000,-0.1,20000;0
20000,-0.1,20000;0
20000,-0.1,20000;0
20000,-0.1,20000;0
20000,-0.1,20000;0
20000,-0.1,20000;0
20000,-0.1,20000;0
20000,-0.1,20000;0
20000,-0.1,20000;0
20000,-0.1,20000;0
20000,-0.1,20000;0
20000,-0.1,20000;0
20000,-0.1,20000;0
20000,-0.1,20000;0
20000,-0.1,20000;0
20000,-0.1,20000;0
20000,-0.1,20000;0
20000,-0.1,20000;0
20000,-0.1,20000;0
20000,-0.1,20000;0
20000,-0.1,20000;0
20000,-0.1,20000;0
20000,-0.1,20000;0
20000,-0.1,20000;0
20000,-0.1,20000;0
20000,-0.1,20000;0
20000,-0.1,20000;0
20000,-0.1,20000;0
20000,-0.1,20000;0
20000,-0.1,20000;0
20000,-0.1,20000;0
20000,-0.1,20000;0
20000,-0.1,20000;0
20000,-0.1,20000;0
20000,-0.1,20000;0
20000,-0.1,20000;0
20000,-0.1,20000;0
20000,-0.1,20000;0
20000,-0.1,20000;0
20000,-0.1,20000;0
20000,-0.1,20000;0
20000,-0.1,20000;0
20000,-0.1,20000;0
20000,-0.1,20000;0
20000,-0.1,20000;0
20000,-0.1,20000;0
20000,-0.1,20000;0
20000,-0.1,20000;0
20000,-0.1,20000;0
20000,-0.1,20000;0
20000,-0.1,20000;0
20000,-0.1,20000;0
20000,-0.1,20000;0
20000,-0.1,20000;0
20000,-0.1,20000;0
20000,-0.1,20000;0
20000,-0.1,20000;0
20000,-0.1,20000;0
20000,-0.1,20000;0
20000,-0.1,20000;0
20000,-0.1,20000;0
20000,-0.1,20000;0
20000,-0.1,20000;0
20000,-0.1,20000;0
20000,-0.1,20000;0
20000,-0.1,20000;0
20000,-0.1,20000;0
20000,-0.1,20000;0
20000,-0.1,20000;0
20000,-0.1,20000;0
20000,-0.1,20000;0
20000,-0.1,20000;0
20000,-0.1,19998.28;0
20000,-0.1,19998.28;0
20000,-0.1,19998.28;0
20000,-0.1,19998.28;0
20000,-0.1,19998.28;0
20000,-0.1,19998.28;0
20000,-0.1,19998.28;0
20000,-0.1,19998.28;0
20000,-0.1,19998.28;0
20000,-0.1,19998.28;0
20000,-0.1,19998.28;0
20000,-0.1,19998.28;0
20000,-0.1,19998.28;0
20000,-0.1,19998.28;0
20000,-0.1,19998.28;0
20000,-0.1,19998.28;0
20000,-0.1,19998.28;0
20000,-0.1,19998.28;0
20000,-0.1,19998.28;0
20000,-0.1,19998.28;0
20000,-0.1,19998.28;0
20000,-0.1,19998.28;0
20000,-0.1,19998.28;0
20000,-0.1,19998.28;0
20000,-0.1,19998.28;0
20000,-0.1,19998.28;0
20000,-0.1,19998.28;0
20000,-0.1,19998.28;0
20000,-0.1,19998.28;0
20000,-0.1,19998.28;0
20000,-0.1,19998.28;0
20000,-0.1,19998.28;0
20000,-0.1,19998.28;0
20000,-0.1,19998.28;0
20000,-0.1,19998.28;0
20000,-0.1,19998.28;0
20000,-0.1,19998.28;0
20000,-0.1,19998.28;0
20000,-0.1,19998.28;0
20000,-0.1,19998.28;0
20000,-0.1,19998.28;0
20000,-0.1,19998.28;0
20000,-0.1,19998.28;0
20000,-0.1,19998.28;0
20000,-0.1,19998.28;0
20000,-0.1,19998.28;0
20000,-0.1,19998.28;0
20000,-0.1,19998.28;0
20000,-0.1,19998.28;0
20000,-0.1,19998.28;0
20000,-0.1,19998.28;0
20000,-0.1,19998.28;0
20000,-0.1,19998.28;0
20000,-0.1,19998.28;0
20000,-0.1,19998.28;0
20000,-0.1,19998.28;0
20000,-0.1,19998.28;0
20000,-0.1,19998.28;0
20000,-0.1,19998.28;0
20000,-0.1,19998.28;0
20000,-0.1,19998.28;0
20000,-0.1,20000.28;0
20000,-0.1,20002.28;0
20000,-0.1,20004.28;0
20000,-0.1,20006.28;0
20000,-0.1,20008.28;0
20000,-0.1,20010.28;0
20000,-0.1,20012.28;0
20000,-0.1,20014.28;0
20000,-0.1,20016.28;0
20000,-0.1,20018.28;0
20000,-0.1,20020.28;0
20000,-0.1,20022.28;0
20000,-0.1,20024.28;0
20000,-0.1,20026.28;0
20000,-0.1,20028.28;0
20000,-0.1,20030.28;0
20000,-0.1,20032.28;0
20000,-0.1,20034.28;0
20000,-0.1,20036.28;0
20000,-0.1,20038.28;0
20000,-0.1,20040.28;0
20000,-0.1,20042.28;0
20000,-0.1,20044.28;0
20000,-0.1,20045.72;0
20000,-0.1,20045.72;0
20000,-0.1,20045.72;0
20000,-0.1,20045.72;0
20000,-0.1,20045.72;0
20000,-0.1,20045.72;0
20000,-0.1,20045.72;0
20000,-0.1,20045.72;0
20000,-0.1,20045.72;0
20000,-0.1,20045.72;0
20000,-0.1,20045.72;0
20000,-0.1,20045.72;0
20000,-0.1,20045.72;0
20000,-0.1,20045.72;0
20000,-0.1,20045.72;0
20000,-0.1,20045.72;0
20000,-0.1,20045.72;0
20000,-0.1,20045.72;0
20000,-0.1,20045.72;0
20000,-0.1,20045.72;0
20000,-0.1,20045.72;0
20000,-0.1,20045.72;0
20000,-0.1,20045.72;0
20000,-0.1,20045.72;0
20000,-0.1,20045.72;0
20000,-0.1,20045.72;0
20000,-0.1,20045.72;0
20000,-0.1,20045.72;0
20000,-0.1,20045.72;0
20000,-0.1,20045.72;0
20000,-0.1,20045.72;0
20000,-0.1,20045.72;0
20000,-0.1,20045.72;0
20000,-0.1,20045.72;0
20000,-0.1,20045.72;0
20000,-0.1,20045.72;0
20000,-0.1,20045.72;0
20000,-0.1,20045.72;0
20000,-0.1,20045.72;0
20000,-0.1,20045.72;0
20000,-0.1,20045.72;0
20000,-0.1,20045.72;0
20000,-0.1,20045.72;0
20000,-0.1,20045.72;0
20000,-0.1,20045.72;0
20000,-0.1,20045.72;0
20000,-0.1,20045.72;0
20000,-0.1,20045.72;0
20000,-0.1,20045.72;0
20000,-0.1,20045.72;0
20000,-0.1,20045.72;0
20000,-0.1,20045.72;0
20000,-0.1,20045.72;0
20000,-0.1,20045.72;0
20000,-0.1,20045.72;0
20000,-0.1,20045.72;0
20000,-0.1,20045.72;0
20000,-0.1,20045.72;0
20000,-0.1,20045.72;0
20000,-0.1,20045.72;0
20000,-0.1,20045.72;0
20000,-0.1,20045.72;0
20000,-0.1,20045.72;0
20000,-0.1,20045.72;0
20000,-0.1,20045.72;0
20000,-0.1,20045.72;0
20000,-0.1,20045.72;0
20000,-0.1,20045.72;0
20000,-0.1,20045.72;0
20000,-0.1,20045.72;0
20000,-0.1,20045.72;0
20000,-0.1,20045.72;0
20000,-0.1,20045.72;0
20000,-0.1,20045.72;0
20000,-0.1,20045.72;0
20000,-0.1,20045.72;0
20000,-0.1,20045.72;0
20000,-0.1,20045.72;0
20000,-0.1,20045.72;0
20000,-0.1,20045.72;0
20000,-0.1,20045.72;0
20000,-0.1,20045.72;0
20000,-0.1,20045.72;0
20000,-0.1,20045.72;0
20000,-0.1,20045.72;0
20000,-0.1,20045.72;0
20000,-0.1,20045.72;0
20000,-0.1,20045.72;0
20000,-0.1,20045.72;0
20000,-0.1,20045.72;0
20000,-0.1,20045.72;0
20000,-0.1,20045.72;0
20000,-0.1,20045.72;0
20000,-0.1,20045.72;0
20000,-0.1,20045.72;0
20000,-0.1,20045.72;0
20000,-0.1,20045.72;0
20000,-0.1,20045.72;0
20000,-0.1,20045.72;0
20000,-0.1,20045.72;0
20000,-0.1,20045.72;0
20000,-0.1,20045.72;0
20000,-0.1,20045.72;0
20000,-0.1,20045.72;0
20000,-0.1,20045.72;0
20000,-0.1,20045.72;0
20000,-0.1,20045.72;0
20000,-0.1,20045.72;0
20000,-0.1,20045.72;0
20000,-0.1,20045.72;0
20000,-0.1,20045.72;0
20000,-0.1,20045.72;0
20000,-0.1,20045.72;0
20000,-0.1,20045.72;0
20000,-0.1,20045.72;0
20000,-0.1,20045.72;0
20000,-0.1,20045.72;0
20000,-0.1,20045.72;0
20000,-0.1,20045.72;0
20000,-0.1,20045.72;0
20000,-0.1,20045.72;0
20000,-0.1,20045.72;0
20000,-0.1,20045.72;0
20000,-0.1,20045.72;0
20000,-0.1,20045.72;0
20000,-0.1,20045.72;0
20000,-0.1,20045.72;0
20000,-0.1,20045.72;0
20000,-0.1,20045.72;0
20000,-0.1,20043.72;0
20000,-0.1,20041.72;0
20000,-0.1,20039.72;0
20000,-0.1,20037.72;0
20000,-0.1,20035.72;0
20000,-0.1,20033.72;0
20000,-0.1,20031.72;0
20000,-0.1,20029.72;0
20000,-0.1,20027.72;0
20000,-0.1,20025.72;0
20000,-0.1,20023.72;0
20000,-0.1,20021.72;0
20000,-0.1,20019.72;0
20000,-0.1,20019.72;0
20000,-0.1,20019.72;0
20000,-0.1,20019.72;0
20000,-0.1,20019.72;0
20000,-0.1,20019.72;0
20000,-0.1,20019.72;0
20000,-0.1,20019.72;0
20000,-0.1,20019.72;0
20000,-0.1,20019.72;0
20000,-0.1,20019.72;0
20000,-0.1,20019.72;0
20000,-0.1,20019.72;0
20000,-0.1,20019.72;0
20000,-0.1,20019.72;0
20000,-0.1,20019.72;0
20000,-0.1,20019.72;0
20000,-0.1,20019.72;0
20000,-0.1,20019.72;0
20000,-0.1,20019.72;0
20000,-0.1,20019.72;0
20000,-0.1,20019.72;0
20000,-0.1,20019.72;0
20000,-0.1,20019.72;0
20000,-0.1,20019.72;0
20000,-0.1,20019.72;0
20000,-0.1,20019.72;0
20000,-0.1,20019.72;0
20000,-0.1,20019.72;0
20000,-0.1,20019.72;0
20000,-0.1,20019.72;0
20000,-0.1,20019.72;0
20000,-0.1,20019.72;0
20000,-0.1,20019.72;0
20000,-0.1,20019.72;0
20000,-0.1,20019.72;0
20000,-0.1,20019.72;0
20000,-0.1,20019.72;0
20000,-0.1,20019.72;0
20000,-0.1,20019.72;0
20000,-0.1,20019.72;0
20000,-0.1,20019.72;0
20000,-0.1,20019.72;0
20000,-0.1,20019.72;0
20000,-0.1,20019.72;0
20000,-0.1,20019.72;0
20000,-0.1,20019.72;0
20000,-0.1,20019.72;0
20000,-0.1,20019.72;0
20000,-0.1,20019.72;0
20000,-0.1,20019.72;0
20000,-0.1,20019.72;0
20000,-0.1,20019.72;0
20000,-0.1,20019.72;0
20000,-0.1,20019.72;0
20000,-0.1,20019.72;0
20000,-0.1,20019.72;0
20000,-0.1,20019.72;0
20000,-0.1,20019.72;0
20000,-0.1,20019.72;0
20000,-0.1,20019.72;0
20000,-0.1,20019.72;0
20000,-0.1,20019.72;0
20000,-0.1,20019.72;0
20000,-0.1,20019.72;0
20000,-0.1,20019.72;0
20000,-0.1,20019.72;0
20000,-0.1,20019.72;0
20000,-0.1,20019.72;0
20000,-0.1,20019.72;0
20000,-0.1,20019.72;0
20000,-0.1,20019.72;0
20000,-0.1,20019.72;0
20000,-0.1,20019.72;0
20000,-0.1,20019.72;0
20000,-0.1,20019.72;0
20000,-0.1,20019.72;0
20000,-0.1,20019.72;0
20000,-0.1,20019.72;0
20000,-0.1,20019.72;0
20000,-0.1,20019.72;0
20000,-0.1,20019.72;0
20000,-0.1,20019.72;0
20000,-0.1,20019.72;0
20000,-0.1,20019.72;0
20000,-0.1,20019.72;0
20000,-0.1,20019.72;0
20000,-0.1,20019.72;0
20000,-0.1,20019.72;0
20000,-0.1,20019.72;0
20000,-0.1,20019.72;0
20000,-0.1,20019.72;0
20000,-0.1,20019.72;0
20000,-0.1,20019.72;0
20000,-0.1,20019.72;0
20000,-0.1,20019.72;0
20000,-0.1,20019.72;0
20000,-0.1,20019.72;0
20000,-0.1,20019.72;0
20000,-0.1,20019.72;0
20000,-0.1,20019.72;0
20000,-0.1,20019.72;0
20000,-0.1,20019.72;0
20000,-0.1,20019.72;0
20000,-0.1,20019.72;0
20000,-0.1,20019.72;0
20000,-0.1,20019.72;0
20000,-0.1,20019.72;0
20000,-0.1,20019.72;0
20000,-0.1,20019.72;0
20000,-0.1,20019.72;0
20000,-0.1,20019.72;0
20000,-0.1,20019.72;0
20000,-0.1,20019.72;0
20000,-0.1,20019.72;0
20000,-0.1,20019.72;0
20000,-0.1,20019.72;0
20000,-0.1,20019.72;0
20000,-0.1,20019.72;0
20000,-0.1,20019.72;0
20000,-0.1,20019.72;0
20000,-0.1,20019.72;0
20000,-0.1,20019.72;0
20000,-0.1,20019.72;0
20000,-0.1,20019.72;0
20000,-0.1,20019.72;0
20000,-0.1,20019.72;0
20000,-0.1,20019.72;0
20000,-0.1,20019.72;0
20000,-0.1,20019.72;0
20000,-0.1,20019.72;0
20000,-0.1,20019.72;0
20000,-0.1,20019.72;0
20000,-0.1,20019.72;0
20000,-0.1,20019.72;0
20000,-0.1,20019.72;0
20000,-0.1,20019.72;0
20000,-0.1,20019.72;0
20000,-0.1,20019.72;0
20000,-0.1,20019.72;0
20000,-0.1,20019.72;0
20000,-0.1,20019.72;0
20000,-0.1,20019.72;0
20000,-0.1,20019.72;0
20000,-0.1,20019.72;0
20000,-0.1,20019.72;0
20000,-0.1,20019.72;0
20000,-0.1,20019.72;0
20000,-0.1,20019.72;0
20000,-0.1,20019.72;0
20000,-0.1,20019.72;0
20000,-0.1,20019.72;0
20000,-0.1,20019.72;0
20000,-0.1,20019.72;0
20000,-0.1,20019.72;0
20000,-0.1,20019.72;0
20000,-0.1,20019.72;0
20000,-0.1,20019.72;0
20000,-0.1,20019.72;0
20000,-0.1,20019.72;0
20000,-0.1,20019.72;0
20000,-0.1,20019.72;0
20000,-0.1,20019.72;0
20000,-0.1,20019.72;0
20000,-0.1,20019.72;0
20000,-0.1,20019.72;0
20000,-0.1,20019.72;0
20000,-0.1,20019.72;0
20000,-0.1,20019.72;0
20000,-0.1,20019.72;0
20000,-0.1,20019.72;0
20000,-0.1,20019.72;0
20000,-0.1,20019.72;0
20000,-0.1,20019.72;0
20000,-0.1,20019.72;0
20000,-0.1,20019.72;0
20000,-0.1,20019.72;0
20000,-0.1,20019.72;0
20000,-0.1,20019.72;0
20000,-0.1,20019.72;0
20000,-0.1,20019.72;0
20000,-0.1,20019.72;0
20000,-0.1,20019.72;0
20000,-0.1,20019.72;0
20000,-0.1,20019.72;0
20000,-0.1,20019.72;0
20000,-0.1,20019.72;0
20000,-0.1,20019.72;0
20000,-0.1,20019.72;0
20000,-0.1,20019.72;0
20000,-0.1,20019.72;0
20000,-0.1,20019.72;0
20000,-0.1,20019.72;0
20000,-0.1,20019.72;0
20000,-0.1,20019.72;0
20000,-0.1,20019.72;0
20000,-0.1,20019.72;0
20000,-0.1,20019.72;0
20000,-0.1,20019.72;0
20000,-0.1,20019.72;0
20000,-0.1,20019.72;0
20000,-0.1,20019.72;0
20000,-0.1,20019.72;0
20000,-0.1,20019.72;0
20000,-0.1,20019.72;0
20000,-0.1,20019.72;0
20000,-0.1,20019.72;0
20000,-0.1,20019.72;0
20000,-0.1,20019.72;0
20000,-0.1,20019.72;0
20000,-0.1,20019.72;0
20000,-0.1,20019.72;0
20000,-0.1,20019.72;0
20000,-0.1,20019.72;0
20000,-0.1,20019.72;0
20000,-0.1,20019.72;0
20000,-0.1,20019.72;0
20000,-0.1,20019.72;0
20000,-0.1,20019.72;0
20000,-0.1,20019.72;0
20000,-0.1,20019.72;0
20000,-0.1,20019.72;0
20000,-0.1,20019.72;0
20000,-0.1,20019.72;0
20000,-0.1,20019.72;0
20000,-0.1,20019.72;0
20000,-0.1,20019.72;0
20000,-0.1,20019.72;0
20000,-0.1,20019.72;0
20000,-0.1,20019.72;0
20000,-0.1,20019.72;0
20000,-0.1,20019.72;0
20000,-0.1,20019.72;0
20000,-0.1,20019.72;0
20000,-0.1,20019.72;0
20000,-0.1,20019.72;0
20000,-0.1,20019.72;0
20000,-0.1,20019.72;0
20000,-0.1,20019.72;0
20000,-0.1,20019.72;0
20000,-0.1,20019.72;0
20000,-0.1,20019.72;0
20000,-0.1,20019.72;0
20000,-0.1,20019.72;0
20000,-0.1,20019.72;0
20000,-0.1,20019.72;0
20000,-0.1,20019.72;0
20000,-0.1,20019.72;0
20000,-0.1,20019.72;0
20000,-0.1,20019.72;0
20000,-0.1,20019.72;0
20000,-0.1,20019.72;0
20000,-0.1,20019.72;0
20000,-0.1,20019.72;0
20000,-0.1,20019.72;0
20000,-0.1,20019.72;0
20000,-0.1,20019.72;0
20000,-0.1,20019.72;0
20000,-0.1,20019.72;0
20000,-0.1,20019.72;0
20000,-0.1,20019.72;0
20000,-0.1,20019.72;0
20000,-0.1,20019.72;0
20000,-0.1,20019.72;0
20000,-0.1,20019.72;0
20000,-0.1,20019.72;0
20000,-0.1,20019.72;0
20000,-0.1,20019.72;0
20000,-0.1,20019.72;0
20000,-0.1,20021.72;0
20000,-0.1,20023.72;0
20000,-0.1,20025.72;0
20000,-0.1,20027.72;0
20000,-0.1,20029.72;0
20000,-0.1,20031.72;0
20000,-0.1,20033.72;0
20000,-0.1,20035.72;0
20000,-0.1,20037.72;0
20000,-0.1,20039.72;0
20000,-0.1,20041.72;0
20000,-0.1,20043.72;0
20000,-0.1,20045.72;0
20000,-0.1,20045.72;0
20000,-0.1,20045.72;0
20000,-0.1,20045.72;0
20000,-0.1,20045.72;0
20000,-0.1,20045.72;0
20000,-0.1,20045.72;0
20000,-0.1,20045.72;0
20000,-0.1,20045.72;0
20000,-0.1,20045.72;0
20000,-0.1,20045.72;0
20000,-0.1,20045.72;0
20000,-0.1,20045.72;0
20000,-0.1,20045.72;0
20000,-0.1,20045.72;0
20000,-0.1,20045.72;0
20000,-0.1,20045.72;0
20000,-0.1,20045.72;0
20000,-0.1,20045.72;0
20000,-0.1,20045.72;0
20000,-0.1,20045.72;0
20000,-0.1,20045.72;0
20000,-0.1,20045.72;0
20000,-0.1,20045.72;0
20000,-0.1,20045.72;0
20000,-0.1,20045.72;0
20000,-0.1,20045.72;0
20000,-0.1,20045.72;0
20000,-0.1,20045.72;0
20000,-0.1,20045.72;0
20000,-0.1,20045.72;0
20000,-0.1,20045.72;0
20000,-0.1,20045.72;0
20000,-0.1,20045.72;0
20000,-0.1,20045.72;0
20000,-0.1,20045.72;0
20000,-0.1,20045.72;0
20000,-0.1,20045.72;0
20000,-0.1,20045.72;0
20000,-0.1,20045.72;0
20000,-0.1,20045.72;0
20000,-0.1,20045.72;0
20000,-0.1,20045.72;0
20000,-0.1,20045.72;0
20000,-0.1,20045.72;0
20000,-0.1,20045.72;0
20000,-0.1,20045.72;0
20002,-0.1,20045.72;0
20004,-0.1,20045.72;0
20006,-0.1,20045.72;0
20008,-0.1,20045.72;0
20000,-0.1,20000;0
20000,-0.1,20000;0
20000,-0.1,20000;0
