20000,0.5,20000;0
20000,0.58,20000.25;0
20000,0.58,20000.49;0
20000,0.58,20000.49;0
20000,0.58,20000.49;0
20000,0.58,20000.64;0
20000,0.58,20000.8;0
20000,0.58,20001.05;0
20000,0.58,20001.05;0
20000,0.58,20001.3;0
20000,0.58,20001.56;359.9713
20000,0.58,20001.56;359.9713
20000,0.58,20001.81;359.9427
20000,0.58,20002.07;359.9141
20000,0.58,20002.07;359.9141
20000,0.58,20002.32;359.8854
20000,0.58,20002.57;359.8453
20000,0.58,20002.57;359.8453
20000,0.58,20002.83;359.8167
20000,0.58,20003.02;359.788
20000,0.58,20003.2;359.7479
20000,0.58,20003.2;359.7479
19999.99,0.58,20003.39;359.7078
19999.99,0.58,20003.57;359.6391
19999.99,0.58,20003.57;359.6391
19999.99,0.58,20003.57;359.6391
19999.99,0.58,20003.75;359.5588
19999.99,0.58,20003.75;359.5016
19999.99,0.58,20003.75;359.5016
19999.99,0.58,20003.77;359.4443
19999.99,0.58,20003.79;359.3698
19999.99,0.58,20003.79;359.3698
19999.99,0.58,20003.98;359.2953
19999.99,0.58,20004.18;359.238
19999.99,0.58,20004.18;359.238
19999.99,0.58,20004.19;359.1807
19999.99,0.58,20004.2;359.1292
19999.99,0.58,20004.25;359.0719
19999.99,0.58,20004.25;359.0719
19999.99,0.58,20004.25;359.0719
19999.98,0.58,20004.39;359.0146
19999.98,0.58,20004.52;358.9688
19999.98,0.58,20004.52;358.9688
19999.98,0.58,20004.52;358.9688
19999.98,0.58,20004.66;358.9344
19999.98,0.58,20004.66;358.9344
19999.98,0.58,20004.66;358.9344
19999.98,0.58,20004.79;358.8943
19999.97,0.58,20004.99;358.8771
19999.97,0.58,20004.99;358.8771
19999.97,0.58,20004.99;358.8771
19999.97,0.58,20004.99;358.8771
19999.97,0.58,20005.19;358.8771
19999.97,0.58,20005.19;358.8771
19999.96,0.58,20005.39;358.8484
19999.96,0.58,20005.39;358.8484
19999.96,0.58,20005.39;358.8484
19999.96,0.58,20005.53;358.8198
19999.96,0.58,20005.67;358.7911
19999.96,0.58,20005.81;358.7854
19999.96,0.58,20005.81;358.7854
19999.96,0.58,20005.81;358.7854
19999.95,0.58,20005.96;358.7797
19999.95,0.58,20005.96;358.7797
19999.95,0.58,20006.21;358.774
19999.94,0.58,20006.46;358.7625
19999.94,0.58,20006.46;358.7625
19999.94,0.58,20006.69;358.751
19999.93,0.58,20006.91;358.7453
19999.93,0.58,20007.15;358.7224
19999.93,0.58,20007.15;358.7224
19999.93,0.58,20007.15;358.7224
19999.92,0.58,20007.39;358.6995
19999.92,0.58,20007.39;358.6995
19999.92,0.58,20007.39;358.6995
19999.92,0.58,20007.39;358.6995
19999.92,0.58,20007.63;358.688
19999.92,0.58,20007.63;358.688
19999.91,0.58,20007.86;358.6536
19999.91,0.58,20007.86;358.6536
19999.9,0.58,20008.1;358.6364
19999.9,0.58,20008.1;358.6364
19999.9,0.58,20008.23;358.6193
19999.9,0.58,20008.36;358.5906
19999.9,0.58,20008.36;358.5906
19999.89,0.58,20008.61;358.562
19999.88,0.58,20008.86;358.5448
19999.88,0.58,20008.86;358.5448
19999.88,0.58,20009.11;358.5276
19999.87,0.58,20009.31;358.5104
19999.87,0.58,20009.52;358.4932
19999.87,0.58,20009.52;358.4932
19999.86,0.58,20009.76;358.476
19999.86,0.58,20010.01;358.4531
19999.86,0.58,20010.01;358.4531
19999.85,0.58,20010.25;358.4302
19999.84,0.58,20010.49;358.4187
19999.84,0.58,20010.49;358.4187
19999.84,0.58,20010.69;358.4073
19999.84,0.58,20010.69;358.4073
19999.83,0.58,20010.93;358.3958
19999.82,0.58,20011.17;358.3901
19999.82,0.58,20011.17;358.3901
19999.82,0.58,20011.41;358.3844
19999.81,0.58,20011.65;358.3786
19999.81,0.58,20011.65;358.3786
19999.8,0.58,20011.86;358.3729
19999.8,0.58,20012.06;358.3729
19999.8,0.58,20012.06;358.3729
19999.79,0.58,20012.3;358.3615
19999.79,0.58,20012.49;358.35
19999.78,0.58,20012.69;358.3443
19999.78,0.58,20012.69;358.3443
19999.77,0.58,20012.86;358.3385
19999.77,0.58,20013.03;358.3214
19999.77,0.58,20013.03;358.3214
19999.77,0.58,20013.18;358.3042
19999.76,0.58,20013.34;358.3042
19999.76,0.58,20013.34;358.3042
19999.75,0.58,20013.53;358.2984
19999.75,0.58,20013.76;358.2984
19999.75,0.58,20013.76;358.2984
19999.75,0.58,20013.76;358.2984
19999.74,0.58,20013.99;358.2984
19999.73,0.58,20014.23;358.2927
19999.73,0.58,20014.23;358.2927
19999.73,0.58,20014.43;358.287
19999.72,0.58,20014.63;358.287
19999.71,0.58,20014.87;358.287
19999.71,0.58,20014.87;358.287
19999.71,0.58,20015.12;358.287
19999.7,0.58,20015.36;358.2755
19999.7,0.58,20015.36;358.2755
19999.69,0.58,20015.56;358.264
19999.69,0.58,20015.77;358.264
19999.69,0.58,20015.77;358.264
19999.69,0.58,20015.79;358.264
19999.69,0.58,20015.81;358.264
19999.69,0.58,20015.85;358.264
19999.68,0.58,20015.89;358.2526
19999.68,0.58,20015.89;358.2526
19999.68,0.58,20015.98;358.2411
19999.68,0.58,20016.07;358.2239
19999.68,0.58,20016.07;358.2239
19999.68,0.58,20016.15;358.2068
19999.67,0.58,20016.23;358.1896
19999.67,0.58,20016.23;358.1896
19999.67,0.58,20016.23;358.1896
19999.67,0.58,20016.3;358.1838
19999.67,0.58,20016.38;358.1781
19999.67,0.58,20016.38;358.1781
19999.67,0.58,20016.38;358.1781
19999.67,0.58,20016.43;358.1724
19999.67,0.58,20016.47;358.1724
19999.67,0.58,20016.47;358.1724
19999.67,0.58,20016.47;358.1724
19999.66,0.58,20016.51;358.1724
19999.66,0.58,20016.51;358.1724
19999.66,0.58,20016.68;358.1724
19999.65,0.58,20016.85;358.1724
19999.65,0.58,20017.03;358.1724
19999.65,0.58,20017.03;358.1724
19999.65,0.58,20017.03;358.1724
19999.64,0.58,20017.2;358.1724
19999.64,0.58,20017.2;358.1724
19999.64,0.58,20017.23;358.1724
19999.64,0.58,20017.27;358.1724
19999.64,0.58,20017.27;358.1724
19999.64,0.58,20017.3;358.1724
19999.64,0.58,20017.33;358.1724
19999.64,0.58,20017.36;358.1724
19999.64,0.58,20017.36;358.1724
19999.64,0.58,20017.36;358.1724
19999.64,0.58,20017.39;358.1724
19999.64,0.58,20017.39;358.1724
19999.64,0.58,20017.39;358.1724
19999.63,0.58,20017.42;358.1724
19999.63,0.58,20017.42;358.1724
19999.63,0.58,20017.42;358.1724
19999.63,0.58,20017.45;358.1724
19999.63,0.58,20017.45;358.1724
19999.63,0.58,20017.48;358.1724
19999.63,0.58,20017.48;358.1724
19999.63,0.58,20017.48;358.1724
19999.63,0.58,20017.51;358.1724
19999.63,0.58,20017.51;358.1724
19999.63,0.58,20017.51;358.1724
19999.63,0.58,20017.54;358.1724
19999.63,0.58,20017.54;358.1724
19999.63,0.58,20017.54;358.1724
19999.63,0.58,20017.57;358.1724
19999.63,0.58,20017.6;358.1724
19999.63,0.58,20017.6;358.1724
19999.63,0.58,20017.6;358.1724
19999.62,0.58,20017.77;358.1724
19999.62,0.58,20017.77;358.1724
19999.62,0.58,20017.77;358.1724
19999.62,0.58,20017.97;358.1724
19999.62,0.58,20017.97;358.1724
19999.62,0.58,20017.97;358.1724
19999.61,0.58,20018.2;358.1724
19999.6,0.58,20018.41;358.1724
19999.6,0.58,20018.63;358.1724
19999.6,0.58,20018.63;358.1724
19999.59,0.58,20018.82;358.1724
19999.58,0.58,20019.01;358.1724
19999.58,0.58,20019.01;358.1724
19999.58,0.58,20019.24;358.1724
19999.57,0.58,20019.46;358.1724
19999.57,0.58,20019.46;358.1724
19999.56,0.58,20019.68;358.1724
19999.56,0.58,20019.68;358.1724
19999.56,0.58,20019.86;358.1724
19999.55,0.58,20020.04;358.1724
19999.55,0.58,20020.04;358.1724
19999.54,0.58,20020.26;358.1724
19999.54,0.58,20020.26;358.1724
19999.54,0.58,20020.26;358.1724
19999.54,0.58,20020.45;358.1724
19999.54,0.58,20020.45;358.1724
19999.54,0.58,20020.45;358.1724
19999.53,0.58,20020.66;358.1724
19999.53,0.58,20020.66;358.1724
19999.53,0.58,20020.87;358.1724
19999.53,0.58,20020.87;358.1724
19999.53,0.58,20020.87;358.1724
19999.52,0.58,20021.04;358.1724
19999.52,0.58,20021.04;358.1724
19999.52,0.58,20021.04;358.1724
19999.51,0.58,20021.22;358.1724
19999.51,0.58,20021.36;358.1724
19999.51,0.58,20021.36;358.1724
19999.5,0.58,20021.54;358.1724
19999.5,0.58,20021.54;358.1724
19999.5,0.58,20021.54;358.1724
19999.5,0.58,20021.79;358.1724
19999.5,0.58,20021.79;358.1724
19999.5,0.58,20021.79;358.1724
19999.49,0.58,20022.05;358.1724
19999.49,0.58,20022.05;358.1724
19999.48,0.58,20022.3;358.1724
19999.48,0.58,20022.3;358.1724
19999.48,0.58,20022.3;358.1724
19999.47,0.58,20022.55;358.1724
19999.47,0.58,20022.55;358.1724
19999.47,0.58,20022.55;358.1724
19999.46,0.58,20022.81;358.1724
19999.46,0.58,20022.81;358.1724
19999.46,0.58,20022.81;358.1724
19999.46,0.58,20023.06;358.1724
19999.46,0.58,20023.06;358.1724
19999.45,0.58,20023.32;358.1724
19999.45,0.58,20023.32;358.1724
19999.44,0.58,20023.57;358.1724
19999.43,0.58,20023.82;358.1724
19999.43,0.58,20023.82;358.1724
19999.42,0.58,20024.08;358.1724
19999.41,0.58,20024.33;358.1495
19999.41,0.58,20024.33;358.1495
19999.41,0.58,20024.33;358.1495
19999.41,0.58,20024.59;358.0062
19999.4,0.58,20024.84;357.9489
19999.4,0.58,20024.84;357.9489
19999.39,0.58,20025.09;357.8916
19999.38,0.58,20025.35;357.8172
19999.38,0.58,20025.35;357.8172
19999.37,0.58,20025.6;357.7427
19999.36,0.58,20025.86;357.6625
19999.36,0.58,20025.86;357.6625
19999.35,0.58,20026.11;357.5823
19999.34,0.58,20026.36;357.5536
19999.32,0.58,20026.62;357.525
19999.31,0.58,20026.87;357.5135
19999.31,0.58,20026.87;357.5135
19999.3,0.58,20027.12;357.502
19999.29,0.58,20027.38;357.4218
19999.29,0.58,20027.38;357.4218
19999.28,0.58,20027.63;357.3416
19999.27,0.58,20027.88;357.2901
19999.27,0.58,20027.88;357.2901
19999.26,0.58,20028.14;357.2385
19999.24,0.58,20028.39;357.187
19999.23,0.58,20028.65;357.1182
19999.23,0.58,20028.65;357.1182
19999.23,0.58,20028.65;357.1182
19999.22,0.58,20028.9;357.0036
19999.22,0.58,20028.9;357.0036
19999.22,0.58,20028.9;357.0036
19999.2,0.58,20029.15;356.889
19999.2,0.58,20029.15;356.889
19999.2,0.58,20029.15;356.889
19999.19,0.58,20029.41;356.7859
19999.17,0.58,20029.66;356.6827
19999.16,0.58,20029.91;356.6255
19999.16,0.58,20029.91;356.6255
19999.16,0.58,20029.91;356.6255
19999.14,0.58,20030.17;356.5968
19999.14,0.58,20030.17;356.5968
19999.14,0.58,20030.17;356.5968
19999.13,0.58,20030.42;356.5796
19999.13,0.58,20030.42;356.5796
19999.13,0.58,20030.42;356.5796
19999.11,0.58,20030.67;356.5452
19999.1,0.58,20030.84;356.5109
19999.09,0.58,20031.01;356.4765
19999.09,0.58,20031.01;356.4765
19999.08,0.58,20031.27;356.4421
19999.06,0.58,20031.52;356.3906
19999.06,0.58,20031.52;356.3906
19999.04,0.58,20031.77;356.339
19999.03,0.58,20032.03;356.2588
19999.03,0.58,20032.03;356.2588
19999.01,0.58,20032.28;356.213
19999.01,0.58,20032.28;356.213
19999.01,0.58,20032.28;356.213
19998.99,0.58,20032.54;356.1671
19998.99,0.58,20032.54;356.1671
19998.98,0.58,20032.68;356.1213
19998.97,0.58,20032.82;356.064
19998.97,0.58,20032.82;356.064
19998.97,0.58,20032.82;356.064
19998.96,0.58,20032.96;356.0296
19998.96,0.58,20032.96;356.0296
19998.96,0.58,20033.11;355.9781
19998.96,0.58,20033.11;355.9781
19998.95,0.58,20033.25;355.9322
19998.95,0.58,20033.25;355.9322
19998.95,0.58,20033.25;355.9322
19998.95,0.58,20033.25;355.9322
19998.95,0.58,20033.25;355.9322
19998.95,0.58,20033.25;355.9322
19998.93,0.58,20033.4;355.915
19998.93,0.58,20033.4;355.915
19998.92,0.58,20033.54;355.8806
19998.92,0.58,20033.54;355.8806
19998.92,0.58,20033.54;355.8806
19998.91,0.58,20033.68;355.852
19998.91,0.58,20033.68;355.852
19998.89,0.58,20033.93;355.8234
19998.89,0.58,20033.93;355.8234
19998.88,0.58,20034.18;355.7947
19998.88,0.58,20034.18;355.7947
19998.86,0.58,20034.44;355.7661
19998.86,0.58,20034.44;355.7661
19998.84,0.58,20034.69;355.7374
19998.84,0.58,20034.69;355.7374
19998.84,0.58,20034.69;355.7374
19998.82,0.58,20034.94;355.7088
19998.82,0.58,20034.94;355.7088
19998.82,0.58,20034.94;355.7088
19998.8,0.58,20035.2;355.6801
19998.8,0.58,20035.2;355.6801
19998.78,0.58,20035.45;355.6515
19998.76,0.58,20035.7;355.6515
19998.76,0.58,20035.7;355.6515
19998.74,0.58,20035.96;355.6515
19998.72,0.58,20036.21;355.6515
19998.72,0.58,20036.21;355.6515
19998.71,0.58,20036.46;355.6515
19998.69,0.58,20036.71;355.6171
19998.69,0.58,20036.71;355.6171
19998.67,0.58,20036.97;355.5827
19998.65,0.58,20037.22;355.5369
19998.63,0.58,20037.47;355.5255
19998.63,0.58,20037.47;355.5255
19998.62,0.58,20037.51;355.514
19998.62,0.58,20037.54;355.3994
19998.62,0.58,20037.54;355.3994
19998.61,0.58,20037.67;355.2848
19998.6,0.58,20037.81;355.1989
19998.6,0.58,20037.81;355.1989
19998.58,0.58,20038.06;355.1129
19998.55,0.58,20038.32;355.0098
19998.53,0.58,20038.57;354.9066
19998.51,0.58,20038.82;354.8379
19998.51,0.58,20038.82;354.8379
19998.49,0.58,20039.07;354.7691
19998.49,0.58,20039.07;354.7691
19998.49,0.58,20039.07;354.7691
19998.46,0.58,20039.33;354.7176
19998.46,0.58,20039.33;354.7176
19998.46,0.58,20039.33;354.7176
19998.44,0.58,20039.58;354.7004
19998.42,0.58,20039.83;354.6832
19998.39,0.58,20040.09;354.666
19998.39,0.58,20040.09;354.666
19998.37,0.58,20040.34;354.6144
19998.37,0.58,20040.34;354.6144
19998.35,0.58,20040.51;354.5629
19998.34,0.58,20040.68;354.5285
19998.34,0.58,20040.68;354.5285
19998.32,0.58,20040.85;354.4998
19998.31,0.58,20040.95;354.4712
19998.3,0.58,20041.05;354.4025
19998.3,0.58,20041.05;354.4025
19998.28,0.58,20041.3;354.3337
19998.25,0.58,20041.55;354.2936
19998.25,0.58,20041.55;354.2936
19998.22,0.58,20041.8;354.2535
19998.2,0.58,20042.06;354.2306
19998.2,0.58,20042.06;354.2306
19998.17,0.58,20042.31;354.2077
19998.15,0.58,20042.56;354.1848
19998.12,0.58,20042.81;354.1676
19998.12,0.58,20042.81;354.1676
19998.1,0.58,20043.07;354.1504
19998.07,0.58,20043.32;354.1389
19998.07,0.58,20043.32;354.1389
19998.04,0.58,20043.57;354.1274
