20000,0.5,20000;0
20000,0.5800976,20000.01;0.2979398
20000,0.5800976,20000.02;0.4469097
20000,0.5800976,20000.02;0.4469097
20000,0.5800976,20000.02;0.4354513
20000,0.5800976,20000.03;0.275023
20000,0.5800976,20000.03;359.9427
20000,0.5800976,20000.03;359.5989
20000,0.5800976,20000.03;359.5989
20000,0.5800976,20000.03;359.5989
20000,0.5800976,20000.02;359.2552
20000,0.5800976,20000.02;358.9229
20000,0.5800976,20000.02;358.5562
20000,0.5800976,20000.02;358.178
20000,0.5800976,20000.02;358.178
20000,0.5800976,20000.02;357.7999
20000,0.5800976,20000.01;357.3988
20000,0.5800976,20000.01;356.9633
20000,0.5800976,20000.01;356.5508
20000,0.5803159,20000;356.1497
20000,0.5803159,20000;356.1497
20000,0.5803159,20000;355.7143
20000,0.5803159,19999.99;355.2788
20000,0.5803159,19999.99;354.8549
20000,0.5803159,19999.99;354.4079
20000,0.5803159,19999.98;353.9496
20000,0.5803159,19999.98;353.9496
20000,0.5803159,19999.98;353.4797
20000,0.5803159,19999.97;353.0099
20000,0.5803159,19999.97;352.5057
20000.01,0.5803159,19999.96;352.013
20000.01,0.5803159,19999.96;351.4973
20000.01,0.5803159,19999.96;351.4973
20000.01,0.5803159,19999.95;350.9931
20000.01,0.5803159,19999.95;350.4774
20000.01,0.5803159,19999.94;349.9618
20000.01,0.5803159,19999.93;349.4232
20000.01,0.5803159,19999.93;348.8846
20000.01,0.5803159,19999.93;348.8846
20000.01,0.5803159,19999.92;348.3575
20000.01,0.5803159,19999.91;347.8304
20000.02,0.5803159,19999.91;347.2918
20000.02,0.5803159,19999.9;346.7532
20000.02,0.5803159,19999.9;346.7532
20000.02,0.5803159,19999.89;346.2147
20000.02,0.5803159,19999.89;345.6646
20000.02,0.5803159,19999.88;345.0917
20000.03,0.5803159,19999.87;344.5416
20000.03,0.5803159,19999.87;343.9801
20000.03,0.5803159,19999.87;343.9801
20000.03,0.5803159,19999.86;343.4301
20000.03,0.5803159,19999.85;342.8915
20000.03,0.5803159,19999.84;342.3415
20000.04,0.5803159,19999.84;341.8029
20000.04,0.5803159,19999.83;341.2758
20000.04,0.5803159,19999.83;341.2758
20000.04,0.5803159,19999.82;340.7372
20000.04,0.5803159,19999.81;340.1872
20000.05,0.5803159,19999.8;339.6715
20000.05,0.5803159,19999.8;339.1215
20000.05,0.5803159,19999.79;338.56
20000.05,0.5803159,19999.79;338.56
20000.06,0.5803159,19999.78;338.01
20000.06,0.5803159,19999.77;337.4714
20000.06,0.5803159,19999.76;336.9214
20000.07,0.5803159,19999.76;336.4057
20000.07,0.5803159,19999.75;335.89
20000.07,0.5803159,19999.75;335.89
20000.07,0.5803159,19999.74;335.3744
20000.08,0.5803159,19999.73;334.8473
20000.08,0.5803159,19999.72;334.3316
20000.09,0.5803159,19999.71;333.8045
20000.09,0.5803159,19999.71;333.2888
20000.09,0.5803159,19999.71;333.2888
20000.1,0.5803159,19999.7;332.7732
20000.1,0.5803159,19999.69;332.2575
20000.1,0.5803159,19999.68;331.7418
20000.11,0.5803159,19999.67;331.2262
20000.11,0.5803159,19999.66;330.7105
20000.11,0.5803159,19999.66;330.7105
20000.12,0.5803159,19999.66;330.1949
20000.12,0.5803159,19999.65;329.6677
20000.13,0.5803159,19999.64;329.1635
20000.13,0.5803159,19999.63;328.6708
20000.14,0.5803159,19999.62;328.1895
20000.14,0.5803159,19999.62;328.1895
20000.14,0.5803159,19999.62;327.7311
20000.15,0.5803159,19999.61;327.2957
20000.15,0.5803159,19999.6;326.8602
20000.16,0.5803159,19999.59;326.4248
20000.16,0.5803159,19999.59;326.4248
20000.16,0.5803159,19999.58;326.0237
20000.17,0.5803159,19999.58;325.6227
20000.18,0.5803159,19999.57;325.2216
20000.18,0.5803159,19999.56;324.8434
20000.19,0.5803159,19999.55;324.4767
20000.19,0.5803159,19999.55;324.4767
20000.19,0.5803159,19999.54;324.0986
20000.2,0.5803159,19999.54;323.7204
20000.2,0.5803159,19999.53;323.3652
20000.21,0.5803159,19999.52;322.9871
20000.21,0.5803159,19999.51;322.6433
20000.21,0.5803159,19999.51;322.6433
20000.22,0.5803159,19999.51;322.311
20000.23,0.5803159,19999.5;322.0016
20000.23,0.5803159,19999.49;321.6807
20000.24,0.5803159,19999.48;321.4057
20000.24,0.5803159,19999.48;321.1078
20000.24,0.5803159,19999.48;321.1078
20000.25,0.5803159,19999.47;320.8098
20000.26,0.5803159,19999.46;320.5233
20000.26,0.5803159,19999.46;320.2598
20000.27,0.5803159,19999.45;319.9962
20000.27,0.5803159,19999.45;319.9962
20000.27,0.5803159,19999.44;319.7441
20000.28,0.5803159,19999.43;319.5149
20000.29,0.5803159,19999.43;319.2857
20000.29,0.5803159,19999.42;319.0795
20000.3,0.5803159,19999.41;318.8847
20000.3,0.5803159,19999.41;318.8847
20000.3,0.5803159,19999.41;318.7242
20000.31,0.5803159,19999.4;318.5638
20000.32,0.5803159,19999.39;318.4377
20000.32,0.5803159,19999.39;318.3232
20000.33,0.5803159,19999.38;318.2086
20000.33,0.5803159,19999.38;318.2086
20000.33,0.5803159,19999.38;318.2086
20000.33,0.5803159,19999.37;318.094
20000.33,0.5803159,19999.37;318.094
20000.33,0.5803159,19999.37;318.094
20000.34,0.5803159,19999.37;318.0023
20000.34,0.5803159,19999.37;318.0023
20000.34,0.5803159,19999.37;318.0023
20000.34,0.5803159,19999.37;318.0023
20000.34,0.5803159,19999.37;318.0023
20000.34,0.5803159,19999.36;317.9221
20000.34,0.5803159,19999.36;317.9221
20000.34,0.5803159,19999.36;317.9221
20000.34,0.5803159,19999.36;317.9221
20000.35,0.5803159,19999.35;317.8648
20000.35,0.5803159,19999.35;317.8648
20000.35,0.5803159,19999.35;317.8648
20000.36,0.5803159,19999.35;317.8304
20000.36,0.5803159,19999.35;317.8304
20000.36,0.5803159,19999.35;317.8304
20000.36,0.5803159,19999.35;317.8304
20000.36,0.5803159,19999.35;317.8304
20000.36,0.5803159,19999.34;317.8419
20000.37,0.5803159,19999.34;317.8877
20000.37,0.5803159,19999.34;317.8877
20000.37,0.5803159,19999.33;317.9565
20000.37,0.5803159,19999.33;318.0481
20000.38,0.5803159,19999.32;318.1856
20000.38,0.5803159,19999.32;318.3232
20000.38,0.5803159,19999.32;318.4836
20000.38,0.5803159,19999.32;318.4836
20000.39,0.5803159,19999.31;318.6555
20000.39,0.5803159,19999.31;318.8503
20000.39,0.5803159,19999.3;319.0336
20000.4,0.5803159,19999.3;319.2399
20000.4,0.5803159,19999.3;319.4461
20000.4,0.5803159,19999.3;319.4461
20000.4,0.5803159,19999.29;319.6524
20000.41,0.5803159,19999.29;319.8701
20000.41,0.5803159,19999.29;320.1107
20000.41,0.5803159,19999.28;320.3514
20000.41,0.5803159,19999.28;320.3514
20000.42,0.5803159,19999.28;320.6035
20000.42,0.5803159,19999.28;320.8785
20000.42,0.5803159,19999.27;321.1535
20000.42,0.5803159,19999.27;321.4286
20000.43,0.5803159,19999.27;321.7494
20000.43,0.5803159,19999.27;321.7494
20000.43,0.5803159,19999.26;322.0703
20000.43,0.5803159,19999.26;322.4026
20000.43,0.5803159,19999.26;322.7464
20000.43,0.5803159,19999.26;323.1016
20000.44,0.5803159,19999.25;323.4339
20000.44,0.5803159,19999.25;323.4339
20000.44,0.5803159,19999.25;323.7777
20000.44,0.5803159,19999.25;324.1329
20000.44,0.5803159,19999.25;324.4767
20000.44,0.5803159,19999.25;324.8205
20000.44,0.5803159,19999.24;325.1528
20000.44,0.5803159,19999.24;325.1528
20000.44,0.5803159,19999.24;325.5195
20000.45,0.5803159,19999.24;325.8747
20000.45,0.5803159,19999.24;326.2643
20000.45,0.5803159,19999.24;326.6653
20000.45,0.5803159,19999.24;327.1008
20000.45,0.5803159,19999.24;327.1008
20000.45,0.5803159,19999.23;327.5133
20000.45,0.5803159,19999.23;327.9488
20000.45,0.5803159,19999.23;328.3728
20000.45,0.5803159,19999.23;328.3728
20002.45,0.5803159,19999.23;328.8197
20004.45,0.5803159,19999.23;329.2552
20006.45,0.5803159,19999.23;329.7021
20008.45,0.5803159,19999.23;329.7021
20010.45,0.5803159,19999.23;330.149
20012.45,0.5803159,19999.23;330.149
20014.45,0.5803159,19999.23;330.149
20016.45,0.5803159,19999.23;330.149
20017.72,0.5803159,19999.23;330.149
20017.72,0.5803159,19999.23;330.149
20017.72,0.5803159,19999.23;330.149
20017.72,0.5803159,19999.23;330.149
20017.72,0.5803159,19999.23;330.149
20017.72,0.5803159,19999.23;330.149
20017.72,0.5803159,19999.23;330.149
20017.72,0.5803159,19999.23;330.6302
20017.72,0.5803159,19999.23;330.6302
20017.72,0.5803159,19999.23;330.6302
20017.72,0.5803159,19999.23;331.123
20017.72,0.5803159,19999.23;331.123
20017.72,0.5803159,19999.22;331.6501
20017.72,0.5803159,19999.23;332.1887
20017.72,0.5803159,19999.23;332.1887
20017.72,0.5803159,19999.23;332.1887
20017.72,0.5803159,19999.23;332.7273
20017.72,0.5803159,19999.23;333.2658
20017.72,0.5803159,19999.23;333.8044
20017.72,0.5803159,19999.23;334.3086
20017.72,0.5803159,19999.23;334.3086
20017.72,0.5803159,19999.23;334.8128
20017.72,0.5803159,19999.23;335.34
20017.72,0.5803159,19999.23;335.8441
20017.72,0.5803159,19999.23;336.3254
20017.72,0.5803159,19999.24;336.8297
20017.72,0.5803159,19999.24;336.8297
20017.72,0.5803159,19999.24;337.3338
20017.71,0.5803159,19999.24;337.8266
20017.71,0.5803159,19999.24;338.3193
20017.71,0.5803159,19999.24;338.8121
20017.71,0.5803159,19999.24;339.3048
20017.71,0.5803159,19999.24;339.3048
20017.71,0.5803159,19999.25;339.7975
20017.71,0.5803159,19999.25;340.2788
20017.71,0.5803159,19999.25;340.7716
20017.71,0.5803159,19999.25;341.2872
20017.71,0.5803159,19999.26;341.78
20017.71,0.5803159,19999.26;341.78
20017.71,0.5803159,19999.26;342.2727
20017.71,0.5803159,19999.26;342.7655
20017.71,0.5803159,19999.26;343.2468
20017.71,0.5803159,19999.27;343.7166
20017.71,0.5803159,19999.27;343.7166
20017.71,0.5803159,19999.27;344.2093
20017.71,0.5803159,19999.27;344.7135
20017.71,0.5803159,19999.27;345.2063
20017.71,0.5803159,19999.28;345.7105
20017.7,0.5803159,19999.28;346.2032
20017.7,0.5803159,19999.28;346.2032
20017.7,0.5803159,19999.28;346.7074
20017.7,0.5803159,19999.28;347.1887
20017.7,0.5803159,19999.28;347.6815
20015.7,0.5803159,19999.29;348.1742
20013.7,0.5803159,19999.29;348.6669
20011.7,0.5803159,19999.29;348.6669
20009.7,0.5803159,19999.29;349.0909
20007.7,0.5803159,19999.3;349.5149
20005.7,0.5803159,19999.3;349.916
20003.7,0.5803159,19999.3;350.2827
20001.7,0.5803159,19999.3;350.6379
20001.7,0.5803159,19999.3;350.6379
20001.7,0.5803159,19999.31;351.0275
20001.7,0.5803159,19999.31;351.4057
20001.7,0.5803159,19999.31;351.8067
20001.7,0.5803159,19999.32;352.2078
20001.7,0.5803159,19999.32;352.2078
20001.7,0.5803159,19999.32;352.6089
20001.7,0.5803159,19999.32;353.0099
20001.7,0.5803159,19999.33;353.3881
20001.7,0.5803159,19999.33;353.7548
20001.7,0.5803159,19999.33;354.11
20001.7,0.5803159,19999.33;354.11
20001.69,0.5803159,19999.34;354.4767
20001.69,0.5803159,19999.34;354.8205
20001.69,0.5803159,19999.34;355.1642
20001.69,0.5803159,19999.34;355.4851
20001.69,0.5803159,19999.35;355.8174
20001.69,0.5803159,19999.35;355.8174
20001.69,0.5803159,19999.35;356.1382
20001.69,0.5803159,19999.35;356.4591
20001.69,0.5803159,19999.35;356.8029
20001.69,0.5803159,19999.36;357.1467
20001.69,0.5803159,19999.36;357.1467
20001.69,0.5803159,19999.36;357.4904
20001.69,0.5803159,19999.36;357.7998
20001.69,0.5803159,19999.37;358.1092
20001.69,0.5803159,19999.37;358.3957
20001.69,0.5803159,19999.37;358.6707
20001.69,0.5803159,19999.37;358.6707
20001.69,0.5803159,19999.38;358.9343
20001.69,0.5803159,19999.38;359.1979
20001.69,0.5803159,19999.38;359.4614
20001.69,0.5803159,19999.38;359.7021
20001.69,0.5803159,19999.38;359.9312
20001.69,0.5803159,19999.38;359.9312
20001.69,0.5803159,19999.39;0.1604218
20001.69,0.5803159,19999.39;0.3896004
20001.69,0.5803159,19999.39;0.5958623
20001.69,0.5803159,19999.39;0.5958623
20001.69,0.5803159,19999.39;0.7906657
20001.69,0.5803159,19999.4;0.9969276
20001.69,0.5803159,19999.4;0.9969276
20001.69,0.5803159,19999.4;1.191731
20001.69,0.5803159,19999.4;1.352159
20001.69,0.5803159,19999.4;1.489671
20001.69,0.5803159,19999.4;1.489671
20001.69,0.5803159,19999.4;1.489671
20001.69,0.5803159,19999.4;1.489671
20001.69,0.5803159,19999.41;1.604265
20001.69,0.5803159,19999.41;1.707402
20001.69,0.5803159,19999.41;1.78761
20001.69,0.5803159,19999.41;1.78761
20001.69,0.5803159,19999.41;1.879288
20001.69,0.5803159,19999.41;1.970966
20001.69,0.5803159,19999.41;1.970966
20001.69,0.5803159,19999.42;2.062644
20001.69,0.5803159,19999.42;2.131394
20001.69,0.5803159,20001.42;2.177228
20001.69,0.5803159,20003.42;2.177228
20001.69,0.5803159,20005.42;2.211603
20001.69,0.5803159,20007.42;2.257437
20001.69,0.5803159,20009.43;2.30327
20001.69,0.5803159,20011.43;2.337645
20001.69,0.5803159,20013.43;2.372021
20001.69,0.5803159,20015.43;2.372021
20001.69,0.5803159,20017.43;2.394937
20001.69,0.5803159,20019.43;2.394937
20001.69,0.5803159,20021.43;2.394937
20001.69,0.5803159,20023.43;2.394937
20001.69,0.5803159,20025.43;2.394937
20001.69,0.5803159,20027.43;2.394937
20001.69,0.5803159,20029.44;2.394937
20001.69,0.5803159,20031.44;2.383479
20001.69,0.5803159,20033.44;2.37202
20001.69,0.5803159,20035.44;2.349104
20001.69,0.5803159,20037.44;2.349104
20001.69,0.5803159,20039.44;2.314728
20001.69,0.5803159,20041.44;2.257437
20001.69,0.5803159,20043.44;2.257437
20001.69,0.5803159,20045.44;2.188686
20001.69,0.5803159,20047.44;2.108477
20001.69,0.5803159,20049.44;2.108477
20001.69,0.5803159,20051.44;2.016799
20000,0.5,20000;0
20000,0.5,20000;0
20000,0.5,20000;0
20000,0.5,20000;0
20000,0.5,20000;0
20000,0.5,20000;0
20000,0.5,20000;0
20000,0.5,20000;0
20000,0.5,20000;0
20000,0.5,20000;0
20000,0.5,20000;0
20000,0.5,20000;0
20000,0.5,20000;0
20000,0.5,20000;0
20000,0.5,20000;0
20000,0.5,20000;0
20000,0.5,20000;0
20000,0.5,20000;0
20000,0.5,20000;0
20000,0.5,20000;0
20000,0.5,20000;0
20000,0.5,20000;0
20000,0.5,20000;0
20000,0.5,20000;0
20000,0.5,20000;0
20000,0.5,20000;0
20000,0.5,20000;0
20000,0.5,20000;0
20000,0.5,20000;0
20000,0.5,20000;0
20000,0.5,20000;0
20000,0.5,20000;0
20000,0.5,20000;0
20000,0.5,20000;0
20000,0.5,20000;0
20000,0.5,20000;0
20000,0.5,20000;0
20000,0.5,20000;0
20000,0.5,20000;0
20000,0.5,20000;0
20000,0.5,20000;0
20000,0.5,20000;0
20000,0.5,20000;0
20000,0.5,20000;0
20000,0.5,20000;0
20000,0.5,20000;0
20000,0.5,20000;0
20000,0.5,20000;0
20000,0.5,20000;0
20000,0.5,20000;0
20000,0.5,20000;0
20000,0.5,20000;0
20000,0.5,20000;0
