20000,0.5,20000;0
20000,0.58,20000.04;0
20000,0.58,20000.04;0
20000,0.58,20000.19;0.014323
20000,0.58,20000.3;0.014323
20000,0.58,20000.31;0.014323
20000,0.58,20000.48;0.014323
20000,0.58,20000.62;0.014323
20000,0.58,20000.79;0.014323
20000,0.58,20000.96;0.014323
20000,0.58,20001.1;0.014323
20000,0.58,20001.27;0.014323
20000,0.58,20001.41;0.014323
20000,0.58,20001.58;0.014323
20000,0.58,20001.66;0.014323
20000,0.58,20001.72;0.014323
20000,0.58,20001.86;0.014323
20000,0.58,20001.98;0.014323
20000,0.58,20002.12;0.014323
20000,0.58,20002.27;0.014323
20000,0.58,20002.46;0.014323
20000,0.58,20002.62;0.014323
20000,0.58,20002.81;0.014323
20000,0.58,20002.98;0.014323
20000,0.58,20003.19;0.014323
20000,0.58,20003.4;0.014323
20000,0.58,20003.62;0.014323
20000,0.58,20003.79;0.014323
20000,0.58,20004.02;0.014323
20000,0.58,20004.21;0.014323
20000,0.58,20004.41;0.014323
20000,0.58,20004.64;0.014323
20000,0.58,20004.84;0.014323
20000,0.58,20005.05;0.014323
20000,0.58,20005.27;0.014323
20000,0.58,20005.46;0.014323
20000,0.58,20005.69;0.014323
20000,0.58,20005.88;0.014323
20000,0.58,20006.11;0.014323
20000,0.58,20006.3;0.014323
20000,0.58,20006.53;0.014323
20000,0.58,20006.76;0.014323
20000,0.58,20006.98;0.014323
20000,0.58,20007.21;0.014323
20000,0.58,20007.4;0.014323
20000,0.58,20007.63;0.014323
20000,0.58,20007.84;0.014323
20000,0.58,20008.03;0.014323
20000,0.58,20008.24;0.014323
20000,0.58,20008.46;0.014323
20000,0.58,20008.68;0.014323
20000,0.58,20008.85;0.014323
20000,0.58,20009.05;0.014323
20000,0.58,20009.26;0.014323
20000,0.58,20009.46;0.014323
20000,0.58,20009.66;0.014323
20000,0.58,20009.84;0.014323
20000,0.58,20010.04;0.014323
20000,0.58,20010.21;0.014323
20000,0.58,20010.4;0.014323
20000,0.58,20010.58;0.014323
20000,0.58,20010.78;0.014323
20000,0.58,20010.97;0.014323
20000,0.58,20011.04;0.014323
20000,0.58,20011.24;0.014323
20000,0.58,20011.41;0.014323
20000,0.58,20011.61;0.014323
20000,0.58,20011.81;0.014323
20000,0.58,20012.02;0.014323
20000,0.58,20012.2;0.014323
20000,0.58,20012.4;0.014323
20000,0.58,20012.57;0.014323
20000,0.58,20012.79;0.014323
20000,0.58,20012.99;0.014323
20000,0.58,20013.16;0.014323
20000,0.58,20013.38;0.014323
20000,0.58,20013.55;0.014323
20000,0.58,20013.76;0.014323
20000,0.58,20013.94;0.014323
20000,0.58,20014.14;0.014323
20000,0.58,20014.32;0.014323
20000,0.58,20014.52;0.014323
20000,0.58,20014.7;0.014323
20000,0.58,20014.9;0.014323
20000,0.58,20015.09;0.014323
20000,0.58,20015.3;0.014323
20000,0.58,20015.52;0.014323
20000,0.58,20015.72;0.014323
20000,0.58,20015.89;0.014323
20000,0.58,20016.1;0.014323
20000,0.58,20016.29;0.014323
20000,0.58,20016.48;0.014323
20000,0.58,20016.64;0.014323
20000,0.58,20016.82;0.014323
20000,0.58,20016.98;0.014323
20000,0.58,20017.16;0.014323
20000,0.58,20017.34;0.014323
20000,0.58,20017.51;0.014323
20000,0.58,20017.65;0.014323
20000,0.58,20017.83;0.014323
20000,0.58,20017.97;0.014323
20000,0.58,20018.13;0.014323
20000,0.58,20018.29;0.014323
20000,0.58,20018.45;0.014323
20000,0.58,20018.57;0.014323
20000,0.58,20018.72;0.014323
20000,0.58,20018.87;0.014323
20000,0.58,20019.01;0.014323
20000,0.58,20019.14;0.014323
20000,0.58,20019.28;0.014323
20000,0.58,20019.3;0.014323
20000,0.58,20019.33;0.014323
20000,0.58,20019.4;0.014323
20000,0.58,20019.5;0.014323
20000.01,0.58,20019.62;0.014323
20000.01,0.58,20019.71;0.014323
20000.01,0.58,20019.82;0.014323
20000.01,0.58,20019.95;0.014323
20000.01,0.58,20020.04;0.014323
20000.01,0.58,20020.16;0.014323
20000.01,0.58,20020.29;0.014323
20000.01,0.58,20020.4;0.014323
20000.01,0.58,20020.53;0.014323
20000.01,0.58,20020.64;0.014323
20000.01,0.58,20020.77;0.014323
20000.01,0.58,20020.89;0.014323
20000.01,0.58,20021.02;0.014323
20000.01,0.58,20021.14;0.014323
20000.01,0.58,20021.27;0.014323
20000.01,0.58,20021.38;0.014323
20000.01,0.58,20021.49;0.014323
20000.01,0.58,20021.62;0.014323
20000.01,0.58,20021.73;0.014323
20000.01,0.58,20021.87;0.014323
20000.01,0.58,20022;0.014323
20000.01,0.58,20022.13;0.014323
20000.01,0.58,20022.23;0.014323
20000.01,0.58,20022.35;0.014323
20000.01,0.58,20022.47;0.014323
20000.01,0.58,20022.48;0.014323
20000.01,0.58,20022.54;0.014323
20000.01,0.58,20022.64;0.014323
20000.01,0.58,20022.79;0.014323
20000.01,0.58,20022.93;0.014323
20000.01,0.58,20023.07;0.014323
20000.01,0.58,20023.2;0.014323
20000.01,0.58,20023.35;0.014323
20000.01,0.58,20023.48;0.014323
20000.01,0.58,20023.63;0.014323
20000.01,0.58,20023.75;0.014323
20000.01,0.58,20023.9;0.014323
20000.01,0.58,20024.04;0.014323
20000.01,0.58,20024.19;0.014323
20000.01,0.58,20024.31;0.014323
20000.01,0.58,20024.46;0.014323
20000.01,0.58,20024.53;0.014323
20000.01,0.58,20024.65;0.014323
20000.01,0.58,20024.78;0.014323
20000.01,0.58,20024.93;0.014323
20000.01,0.58,20025.05;0.014323
20000.01,0.58,20025.2;0.014323
20000.01,0.58,20025.33;0.014323
20000.01,0.58,20025.48;0.014323
20000.01,0.58,20025.63;0.014323
20000.01,0.58,20025.76;0.014323
20000.01,0.58,20025.91;0.014323
20000.01,0.58,20026.06;0.014323
20000.01,0.58,20026.2;0.014323
20000.01,0.58,20026.35;0.014323
20000.01,0.58,20026.47;0.014323
20000.01,0.58,20026.63;0.014323
20000.01,0.58,20026.77;0.014323
20000.01,0.58,20026.92;0.014323
20000.01,0.58,20027.06;0.014323
20000.01,0.58,20027.22;0.014323
20000.01,0.58,20027.38;0.014323
20000.01,0.58,20027.54;0.014323
20000.01,0.58,20027.68;0.014323
20000.01,0.58,20027.84;0.014323
20000.01,0.58,20027.97;0.014323
20000.01,0.58,20028.13;0.014323
20000.01,0.58,20028.27;0.014323
20000.01,0.58,20028.44;0.014323
20000.01,0.58,20028.57;0.014323
20000.01,0.58,20028.74;0.014323
20000.01,0.58,20028.9;0.014323
20000.01,0.58,20029.05;0.014323
20000.01,0.58,20029.21;0.014323
20000.01,0.58,20029.38;0.014323
20000.01,0.58,20029.54;0.014323
20000.01,0.58,20029.71;0.014323
20000.01,0.58,20029.87;0.014323
20000.01,0.58,20030.01;0.014323
20000.01,0.58,20030.16;0.014323
20000.01,0.58,20030.31;0.014323
20000.01,0.58,20030.46;0.014323
20000.01,0.58,20030.59;0.014323
20000.01,0.58,20030.73;0.014323
20000.01,0.58,20030.87;0.014323
20000.01,0.58,20031.01;0.014323
20000.01,0.58,20031.14;0.014323
20000.01,0.58,20031.27;0.014323
20000.01,0.58,20031.39;0.014323
20000.01,0.58,20031.49;0.014323
20000.01,0.58,20031.62;0.014323
20000.01,0.58,20031.71;0.014323
20000.01,0.58,20031.83;0.014323
20000.01,0.58,20031.94;0.014323
20000.01,0.58,20032.05;0.014323
20000.01,0.58,20032.15;0.014323
20000.01,0.58,20032.24;0.014323
20000.01,0.58,20032.35;0.014323
20000.01,0.58,20032.42;0.014323
20000.01,0.58,20032.46;0.014323
20000.01,0.58,20032.52;0.014323
20000.01,0.58,20032.61;0.014323
20000.01,0.58,20032.69;0.014323
20000.01,0.58,20032.75;0.014323
20000.01,0.58,20032.76;0.014323
20000.01,0.58,20032.76;0.014323
20000.01,0.58,20032.82;0.014323
20000.01,0.58,20032.88;0.014323
20000.01,0.58,20032.93;0.014323
20000.01,0.58,20032.99;0.014323
20000.01,0.58,20033.05;0.014323
20000.01,0.58,20033.12;0.014323
20000.01,0.58,20033.18;0.014323
20000.01,0.58,20033.24;0.014323
20000.01,0.58,20033.29;0.014323
20000.01,0.58,20033.36;0.014323
20000.01,0.58,20033.41;0.014323
20000.01,0.58,20033.47;0.014323
20000.01,0.58,20033.53;0.014323
20000.01,0.58,20033.6;0.014323
20000.01,0.58,20033.65;0.014323
20000.01,0.58,20033.71;0.014323
20000.01,0.58,20033.78;0.014323
20000.01,0.58,20033.84;0.02864599
20000.01,0.58,20033.9;0.02864599
20000.01,0.58,20033.96;0.02864599
20000.01,0.58,20034.02;0.02864599
20000.01,0.58,20034.08;0.02864599
20000.01,0.58,20034.14;0.02864599
20000.01,0.58,20034.2;0.02864599
20000.01,0.58,20034.27;0.02864599
20000.01,0.58,20034.34;0.02864599
20000.01,0.58,20034.41;0.02864599
20000.01,0.58,20034.47;0.02864599
20000.01,0.58,20034.55;0.02864599
20000.01,0.58,20034.62;0.02864599
20000.01,0.58,20034.7;0.02864599
20000.01,0.58,20034.76;0.02864599
20000.01,0.58,20034.84;0.02864599
20000.01,0.58,20034.89;0.02864599
20000.01,0.58,20034.96;0.02864599
20000.01,0.58,20035.03;0.02864599
20000.01,0.58,20035.09;0.02864599
20000.01,0.58,20035.16;0.02864599
20000.01,0.58,20035.22;0.02864599
20000.01,0.58,20035.3;0.02864599
20000.01,0.58,20035.38;0.02864599
20000.01,0.58,20035.41;0.05729197
20000.01,0.58,20035.45;0.1432407
20000.01,0.58,20035.46;0.1289177
20000.01,0.58,20035.46;0.08594869
20000.01,0.58,20035.45;0.04297971
20000.01,0.58,20035.45;1.072887E-05
20000.01,0.58,20035.46;1.072887E-05
20000.01,0.58,20035.47;0.04297971
20000.01,0.58,20035.49;0.1002717
20000.01,0.58,20035.51;0.1862204
20000.01,0.58,20035.53;0.3008151
20000.01,0.58,20035.54;0.4297328
20000.01,0.58,20035.56;0.5300045
20000.01,0.58,20035.59;0.6302762
20000.01,0.58,20035.61;0.7305479
20000.01,0.58,20035.63;0.8308196
20000.01,0.58,20035.65;0.9310913
20000.01,0.58,20035.69;1.031363
20000.01,0.58,20035.71;1.117312
20000.01,0.58,20035.75;1.217583
20000.01,0.58,20035.81;1.274876
20000.02,0.58,20035.89;1.346491
20000.02,0.58,20036.01;1.518377
20000.02,0.58,20036.13;1.804859
20000.03,0.58,20036.31;2.148632
20000.04,0.58,20036.5;2.420791
20000.05,0.58,20036.68;2.678626
20000.05,0.58,20036.85;2.850513
20000.06,0.58,20036.97;2.936462
20000.07,0.58,20037.11;2.97943
20000.07,0.58,20037.22;3.036722
20000.08,0.58,20037.36;3.094014
20000.09,0.58,20037.47;3.151306
20000.09,0.58,20037.57;3.237255
20000.1,0.58,20037.64;3.366173
20000.1,0.58,20037.71;3.538059
20000.11,0.58,20037.78;3.709946
20000.11,0.58,20037.84;3.853187
20000.12,0.58,20037.92;3.967782
20000.12,0.58,20037.98;4.096699
20000.13,0.58,20038.06;4.254263
20000.13,0.58,20038.12;4.411828
20000.13,0.58,20038.05;4.397504
20000.12,0.58,20038;4.46912
20000.12,0.58,20037.97;4.497766
20000.12,0.58,20037.95;4.583714
20000.12,0.58,20037.94;4.784247
20000.12,0.58,20037.93;5.213969
20000.13,0.58,20038.02;5.615035
20000.14,0.58,20038.14;6.044757
20000.15,0.58,20038.23;6.316915
20000.16,0.58,20038.31;6.632043
20000.16,0.58,20038.37;6.875556
20000.17,0.58,20038.41;7.219329
20000.18,0.58,20038.45;7.606071
20000.18,0.58,20038.49;7.935521
20000.19,0.58,20038.54;8.322263
20000.2,0.58,20038.59;8.709006
20000.2,0.58,20038.64;9.081427
20000.21,0.58,20038.69;9.453846
20000.21,0.58,20038.71;9.783297
20000.21,0.58,20038.7;10.06978
20000.21,0.58,20038.7;10.48518
20000.22,0.58,20038.76;11.28732
20000.25,0.58,20038.87;12.18973
20000.28,0.58,20039;13.19241
20000.31,0.58,20039.11;13.92293
20000.33,0.58,20039.19;14.71075
20000.34,0.58,20039.25;15.4556
20000.37,0.58,20039.35;16.31504
20000.38,0.58,20039.37;17.04556
20000.38,0.58,20039.38;17.87635
20000.39,0.58,20039.39;18.72146
20000.39,0.58,20039.4;19.45199
20000.39,0.58,20039.41;20.2971
20000.42,0.58,20039.47;20.956
20000.46,0.58,20039.58;21.54328
20000.46,0.58,20039.59;21.88706
20000.48,0.58,20039.64;22.2738
20000.51,0.58,20039.69;22.74649
20000.53,0.58,20039.74;23.03297
20000.55,0.58,20039.79;23.27648
20000.57,0.58,20039.84;23.4054
20000.59,0.58,20039.89;23.43404
20000.61,0.58,20039.94;23.47701
20000.64,0.58,20039.99;23.63458
20000.64,0.58,20039.99;23.7635
20000.64,0.58,20039.99;23.82079
20000.64,0.58,20039.99;23.87808
20000.64,0.58,20039.99;24.10726
20000.64,0.58,20040;24.46535
20000.71,0.58,20040.14;24.86642
20000.78,0.58,20040.3;25.21019
20000.86,0.58,20040.46;25.16722
20000.93,0.58,20040.62;25.06695
20001.08,0.58,20040.95;25.16722
20001.1,0.58,20040.98;25.25317
20001.11,0.58,20041.01;25.25317
20001.19,0.58,20041.18;25.21021
20001.33,0.58,20041.48;25.23885
20001.34,0.58,20041.5;25.25317
20001.47,0.58,20041.77;25.22452
20001.61,0.58,20042.07;25.19588
20001.77,0.58,20042.4;25.19588
20001.9,0.58,20042.69;25.2102
