20000,0.5,20000;0
20000,0.58,20000.17;0
20000,0.58,20000.34;0
20000,0.58,20000.51;0
20000,0.58,20000.51;0
20000,0.58,20000.65;0
20000,0.58,20000.65;0
20000,0.58,20000.65;0
20000,0.58,20000.82;0
20000,0.58,20000.82;0
20000,0.58,20000.82;0
20000,0.58,20000.96;0
20000,0.58,20001.1;0
20000,0.58,20001.23;0
20000,0.58,20001.23;0
20000,0.58,20001.39;0
20000,0.58,20001.56;0
20000,0.58,20001.56;0
20000,0.58,20001.7;0
20000,0.58,20001.84;0
20000,0.58,20002;0
20000,0.58,20002.16;0
20000,0.58,20002.31;0
20000,0.58,20002.31;0
20000,0.58,20002.31;0
20000,0.58,20002.45;0
20000,0.58,20002.45;0
20000,0.58,20002.6;0
20000,0.58,20002.75;0
20000,0.58,20002.75;0
20000,0.58,20002.75;0
20000,0.58,20002.9;0
20000,0.58,20003.03;0
20000,0.58,20003.15;0
20000,0.58,20003.15;0
20000,0.58,20003.3;0
20000,0.58,20003.45;0
20000,0.58,20003.45;0
20000,0.58,20003.6;0
20000,0.58,20003.74;0
20000,0.58,20003.74;0
20000,0.58,20003.87;0
20000,0.58,20004;0
20000,0.58,20004.14;0
20000,0.58,20004.29;0
20000,0.58,20004.29;0
20000,0.58,20004.41;0
20000,0.58,20004.53;0
20000,0.58,20004.53;0
20000,0.58,20004.67;0
20000,0.58,20004.81;0
20000,0.58,20004.81;0
20000,0.58,20004.96;0
20000,0.58,20005.08;0
20000,0.58,20005.2;0
20000,0.58,20005.2;0
20000,0.58,20005.2;0
20000,0.58,20005.35;0
20000,0.58,20005.35;0
20000,0.58,20005.35;0
20000,0.58,20005.49;0
20000,0.58,20005.49;0
20000,0.58,20005.49;0
20000,0.58,20005.62;0
20000,0.58,20005.76;0
20000,0.58,20005.9;0
20000,0.58,20005.9;0
20000,0.58,20006.04;0
20000,0.58,20006.19;0
20000,0.58,20006.19;0
20000,0.58,20006.31;0
20000,0.58,20006.43;0
20000,0.58,20006.43;0
20000,0.58,20006.58;0
20000,0.58,20006.58;0
20000,0.58,20006.72;0
20000,0.58,20006.87;0
20000,0.58,20006.87;0
20000,0.58,20006.99;0
20000,0.58,20007.12;0
20000,0.58,20007.12;0
20000,0.58,20007.26;0
20000,0.58,20007.4;0
20000,0.58,20007.4;0
20000,0.58,20007.54;0
20000,0.58,20007.66;0
20000,0.58,20007.78;0
20000,0.58,20007.78;0
20000,0.58,20007.93;0
20000,0.58,20008.07;0
20000,0.58,20008.07;0
20000,0.58,20008.21;0
20000,0.58,20008.36;0
20000,0.58,20008.36;0
20000,0.58,20008.48;0
20000,0.58,20008.48;0
20000,0.58,20008.61;0
20000,0.58,20008.61;0
20000,0.58,20008.61;0
20000,0.58,20008.75;0
20000,0.58,20008.89;0
20000,0.58,20008.89;0
20000,0.58,20009.01;0
20000,0.58,20009.13;0
20000,0.58,20009.24;0
20000,0.58,20009.24;0
20000,0.58,20009.38;0
20000,0.58,20009.38;0
20000,0.58,20009.38;0
20000,0.58,20009.38;0
20000,0.58,20009.47;0
20000,0.58,20009.47;0
20000,0.58,20009.61;0
20000,0.58,20009.75;0
20000,0.58,20009.78;0
20000,0.58,20009.82;0
20000,0.58,20009.82;0
20000,0.58,20009.85;0
20000,0.58,20009.85;0
20000,0.58,20009.85;0
20000,0.58,20009.89;0
20000,0.58,20009.89;0
20000,0.58,20009.89;0
20000,0.58,20009.92;0
20000,0.58,20009.95;0
20000,0.58,20009.95;0
20000,0.58,20009.95;0
20000,0.58,20009.99;0
20000,0.58,20009.99;0
20000,0.58,20009.99;0
20000,0.58,20010.02;0
20000,0.58,20010.02;0
20000,0.58,20010.02;0
20000,0.58,20010.06;0
20000,0.58,20010.06;0
20000,0.58,20010.09;0
20000,0.58,20010.09;0
20000,0.58,20010.09;0
20000,0.58,20010.12;0
20000,0.58,20010.12;0
20000,0.58,20010.12;0
20000,0.58,20010.16;0
20000,0.58,20010.16;0
20000,0.58,20010.16;0
20000,0.58,20010.2;0
20000,0.58,20010.25;0
20000,0.58,20010.25;0
20000,0.58,20010.25;0
20000,0.58,20010.29;0
20000,0.58,20010.29;0
20000,0.58,20010.29;0
20000,0.58,20010.29;0
20000,0.58,20010.33;0
20000,0.58,20010.33;0
20000,0.58,20010.33;0
20000,0.58,20010.38;0
20000,0.58,20010.42;0
20000,0.58,20010.42;0
20000,0.58,20010.44;0
20000,0.58,20010.46;0
20000,0.58,20010.46;0
20000,0.58,20010.46;0
20000,0.58,20010.46;0
20000,0.58,20010.46;0
20000,0.58,20010.46;0
20000,0.58,20010.46;0
20000,0.58,20010.46;0
20000,0.58,20010.47;0
20000,0.58,20010.47;0
20000,0.58,20010.49;0
20000,0.58,20010.52;0
20000,0.58,20010.52;0
20000,0.58,20010.5;0
20000,0.58,20010.5;0
20000,0.58,20010.5;0
20000,0.58,20010.49;0
20000,0.58,20010.5;0
20000,0.58,20010.5;0
20000,0.58,20010.5;0
20000,0.58,20010.52;0
20000,0.58,20010.52;0
20000,0.58,20010.52;0
20000,0.58,20010.54;0
20000,0.58,20010.54;0
20000,0.58,20010.54;0
20000,0.58,20010.57;0
20000,0.58,20010.57;0
20000,0.58,20010.61;0
20000,0.58,20010.61;0
20000,0.58,20010.61;0
20000,0.58,20010.63;0
20000,0.58,20010.63;0
20000,0.58,20010.63;0
20000,0.58,20010.64;0
20000,0.58,20010.64;0
20000,0.58,20010.64;0
20000,0.58,20010.65;0
20000,0.58,20010.65;0
20000,0.58,20010.66;0
20000,0.58,20010.66;0
20000,0.58,20010.66;0
20000,0.58,20010.65;0
20000,0.58,20010.65;0
20000,0.58,20010.65;0
20000,0.58,20010.65;0
20000,0.58,20010.65;0
20000,0.58,20010.64;0.06302118
20000,0.58,20010.64;0.06302118
20000,0.58,20010.63;0.1260424
20000,0.58,20010.63;0.171876
20000,0.58,20010.63;0.171876
20000,0.58,20010.62;0.2177096
20000,0.58,20010.61;0.257814
20000,0.58,20010.61;0.257814
20000,0.58,20010.61;0.2979183
20000,0.58,20010.6;0.3322935
20000,0.58,20010.6;0.3666687
20000,0.58,20010.59;0.4010438
20000,0.58,20010.59;0.4010438
20000,0.58,20010.58;0.4354191
20000,0.58,20010.58;0.4755234
20000,0.58,20010.58;0.4755234
20000,0.58,20010.57;0.5156278
20000,0.58,20010.57;0.5671905
20000,0.58,20010.57;0.5671905
20000,0.58,20010.57;0.6072949
20000,0.58,20010.57;0.6072949
20000,0.58,20010.56;0.6531284
20000,0.58,20010.56;0.6531284
20000,0.58,20010.56;0.6531284
20000,0.58,20010.55;0.6932328
20000,0.58,20010.55;0.6932328
20000,0.58,20010.55;0.6932328
20000,0.58,20010.54;0.7333372
20000,0.58,20010.54;0.7333372
20000,0.58,20010.54;0.7333372
20000,0.58,20010.54;0.7734416
20000,0.58,20010.53;0.8192752
20000,0.58,20010.53;0.8192752
20000,0.58,20010.53;0.8192752
20000,0.58,20010.52;0.8536504
20000,0.58,20010.52;0.8536504
20000,0.58,20010.52;0.8536504
20000,0.58,20010.52;0.8536504
20000,0.58,20010.51;0.899484
20000,0.58,20010.51;0.899484
20000,0.58,20010.51;0.899484
20000,0.58,20010.5;0.9395884
20000,0.58,20010.5;0.9739634
20000,0.58,20010.5;0.9739634
20000,0.58,20010.5;0.9739634
20000,0.58,20010.49;1.019797
20000,0.58,20010.49;1.019797
20000,0.58,20010.49;1.019797
20000,0.58,20010.48;1.059901
20000,0.58,20010.48;1.059901
20000,0.58,20010.48;1.059901
20000,0.58,20010.47;1.094276
20000,0.58,20010.47;1.128652
20000,0.58,20010.47;1.168756
20000,0.58,20010.47;1.168756
20000,0.58,20010.47;1.20886
20000,0.58,20010.47;1.248965
20000,0.58,20010.47;1.248965
20000,0.58,20010.47;1.289069
20000,0.58,20010.47;1.329173
20000,0.58,20010.47;1.329173
20000,0.58,20010.47;1.369278
20000,0.58,20010.47;1.409382
20000,0.58,20010.47;1.449486
20000,0.58,20010.47;1.449486
20000,0.58,20010.47;1.449486
20000,0.58,20010.47;1.483861
20000,0.58,20010.47;1.483861
20000,0.58,20010.47;1.483861
20000,0.58,20010.47;1.518237
20000,0.58,20010.47;1.518237
20000,0.58,20010.47;1.518237
20000,0.58,20010.47;1.558341
20000,0.58,20010.47;1.598445
20000,0.58,20010.47;1.632821
20000,0.58,20010.47;1.632821
20000,0.58,20010.47;1.667196
20000,0.58,20010.47;1.701571
20000,0.58,20010.47;1.701571
20000,0.58,20010.47;1.735946
20000,0.58,20010.47;1.776051
20000,0.58,20010.47;1.776051
20000,0.58,20010.47;1.810426
20000,0.58,20010.47;1.810426
20000,0.58,20010.47;1.844801
20000,0.58,20010.47;1.879176
20000,0.58,20010.47;1.879176
20000,0.58,20010.47;1.913552
20000,0.58,20010.47;1.947927
20000,0.58,20010.47;1.947927
20000,0.58,20010.47;1.982302
20000,0.58,20010.47;2.016677
20000,0.58,20010.47;2.016677
20000,0.58,20010.47;2.056781
20000,0.58,20010.47;2.056781
20000,0.58,20010.47;2.091156
20000,0.58,20010.47;2.091156
20000,0.58,20010.47;2.091156
20000,0.58,20010.47;2.125531
20000,0.58,20010.47;2.125531
20000,0.58,20010.47;2.125531
20000,0.58,20010.47;2.159906
20000,0.58,20010.47;2.159906
20000,0.58,20010.47;2.20574
20000,0.58,20010.47;2.20574
20000,0.58,20010.47;2.251573
20000,0.58,20010.47;2.280219
20000,0.58,20010.47;2.280219
20000,0.58,20010.47;2.308866
20000,0.58,20010.47;2.34897
20000,0.58,20010.47;2.34897
20000,0.58,20010.47;2.389074
20000,0.58,20010.47;2.423449
20000,0.58,20010.47;2.423449
20000,0.58,20010.47;2.452095
20000,0.58,20010.47;2.452095
20000,0.58,20010.47;2.480742
20000,0.58,20010.47;2.520846
20000,0.58,20010.47;2.520846
20000,0.58,20010.47;2.56095
20000,0.58,20010.47;2.595325
20000,0.58,20010.47;2.595325
20000,0.58,20010.47;2.6297
20000,0.58,20010.47;2.658346
20000,0.58,20010.47;2.692721
20000,0.58,20010.47;2.692721
20000,0.58,20010.47;2.727096
20000,0.58,20010.47;2.761471
20000,0.58,20010.47;2.761471
20000,0.58,20010.47;2.795846
20000,0.58,20010.47;2.824492
20000,0.58,20010.47;2.824492
20000,0.58,20010.47;2.858867
20000,0.58,20010.47;2.898972
20000,0.58,20010.47;2.898972
20000,0.58,20010.47;2.898972
20000,0.58,20010.47;2.927618
20000,0.58,20010.47;2.927618
20000,0.58,20010.47;2.927618
20000,0.58,20010.48;2.956264
20000,0.58,20010.48;2.956264
20000,0.58,20010.48;2.98491
20000,0.58,20010.48;3.019285
20000,0.58,20010.48;3.05366
20000,0.58,20010.48;3.05366
20000,0.58,20010.48;3.088035
20000,0.58,20010.48;3.116681
20000,0.58,20010.48;3.116681
20000,0.58,20010.48;3.145327
20000,0.58,20010.48;3.173973
20000,0.58,20010.48;3.173973
20000,0.58,20010.48;3.202619
20000,0.58,20010.48;3.236994
20000,0.58,20010.48;3.271369
20000,0.58,20010.48;3.305744
20000,0.58,20010.48;3.305744
20000,0.58,20010.48;3.34012
20000,0.58,20010.48;3.368766
20000,0.58,20010.48;3.368766
20000,0.58,20010.48;3.397412
20000,0.58,20010.48;3.431787
20000,0.58,20010.48;3.431787
20000,0.58,20010.48;3.466162
20000,0.58,20010.48;3.500537
20000,0.58,20010.48;3.529183
20000,0.58,20010.48;3.529183
20000,0.58,20010.48;3.529183
20000,0.58,20010.48;3.5521
20000,0.58,20010.48;3.5521
20000,0.58,20010.48;3.575016
20000,0.58,20010.48;3.609392
20000,0.58,20010.48;3.609392
20000,0.58,20010.48;3.638038
20000,0.58,20010.48;3.666684
20000,0.58,20010.48;3.701059
20000,0.58,20010.48;3.701059
20000,0.58,20010.48;3.701059
20000,0.58,20010.48;3.735434
20000,0.58,20010.48;3.735434
20000,0.58,20010.48;3.735434
20000,0.58,20010.49;3.76408
20000,0.58,20010.49;3.76408
20000,0.58,20010.49;3.76408
20000,0.58,20010.49;3.786997
20000,0.58,20010.49;3.809914
20000,0.58,20010.49;3.83856
20000,0.58,20010.49;3.867206
20000,0.58,20010.49;3.895852
20000,0.58,20010.49;3.895852
20000,0.58,20010.49;3.924498
20000,0.58,20010.49;3.953144
20000,0.58,20010.49;3.953144
20000,0.58,20010.49;3.987519
20000,0.58,20010.49;3.987519
20000,0.58,20010.49;4.027623
20000,0.58,20010.49;4.027623
20000,0.58,20010.49;4.027623
20000,0.58,20010.49;4.050539
20000,0.58,20010.49;4.050539
20000,0.58,20010.49;4.050539
20000,0.58,20010.49;4.073457
20000,0.58,20010.49;4.073457
20000,0.58,20010.49;4.102102
20000,0.58,20010.49;4.102102
20000,0.58,20010.49;4.130748
20000,0.58,20010.49;4.159394
20000,0.58,20010.49;4.159394
20000,0.58,20010.49;4.18804
20000,0.58,20010.49;4.193769
20000,0.58,20010.49;4.193769
20000,0.58,20010.49;4.199499
20000,0.58,20010.49;4.228145
20000,0.58,20010.49;4.228145
20000,0.58,20010.49;4.26252
20000,0.58,20010.49;4.296895
20000,0.58,20010.49;4.314083
20000,0.58,20010.49;4.314083
20000,0.58,20010.49;4.33127
20000,0.58,20010.49;4.336999
20000,0.58,20010.49;4.336999
20000,0.58,20010.49;4.342729
20000,0.58,20010.49;4.342729
20000,0.58,20010.49;4.365645
20000,0.58,20010.49;4.365645
20000,0.58,20010.49;4.365645
20000,0.58,20010.49;4.400021
20000,0.58,20010.49;4.434395
20000,0.58,20010.49;4.457312
20000,0.58,20010.49;4.457312
20000,0.58,20010.49;4.480229
20000,0.58,20010.49;4.503146
20000,0.58,20010.49;4.526063
20000,0.58,20010.49;4.526063
20000,0.58,20010.49;4.548979
20000,0.58,20010.49;4.577626
20000,0.58,20010.49;4.577626
20000,0.58,20010.49;4.606272
20000,0.58,20010.49;4.623459
20000,0.58,20010.49;4.623459
20000,0.58,20010.49;4.623459
20000,0.58,20010.49;4.634918
20000,0.58,20010.49;4.646376
20000,0.58,20010.49;4.680751
20000,0.58,20010.49;4.680751
20000,0.58,20010.49;4.715127
20000,0.58,20010.49;4.743773
20000,0.58,20010.49;4.743773
20000,0.58,20010.49;4.772418
20000,0.58,20010.49;4.801064
20000,0.58,20010.49;4.801064
20000,0.58,20010.49;4.829711
20000,0.58,20010.49;4.852628
20000,0.58,20010.49;4.875545
20000,0.58,20010.49;4.881274
20000,0.58,20010.49;4.881274
20000,0.58,20010.49;4.887004
20000,0.58,20010.49;4.887004
20000,0.58,20010.49;4.887004
20000,0.58,20010.48;4.892733
20000,0.58,20010.48;4.892733
20000,0.58,20010.48;4.892733
20000,0.58,20010.48;4.898462
20000,0.58,20010.48;4.904191
20000,0.58,20010.48;4.904191
20000,0.58,20010.48;4.904191
20000,0.58,20010.48;4.904191
20000,0.58,20010.48;4.91565
20000,0.58,20010.48;4.91565
20000,0.58,20010.48;4.91565
20000,0.58,20010.48;4.927109
20000,0.58,20010.48;4.927109
20000,0.58,20010.48;4.927109
20000,0.58,20010.48;4.927109
20000,0.58,20010.48;4.927109
20000,0.58,20010.47;4.955754
20000,0.58,20010.47;4.955754
20000,0.58,20010.47;4.984401
20000,0.58,20010.47;5.007318
20000,0.58,20010.47;5.007318
20000,0.58,20010.47;5.030234
20000,0.58,20010.47;5.030234
20000,0.58,20010.47;5.030234
20000,0.58,20010.47;5.053151
20000,0.58,20010.47;5.081797
20000,0.58,20010.46;5.110443
20000,0.58,20010.46;5.121902
20000,0.58,20010.46;5.121902
20000,0.58,20010.45;5.13336
20000,0.58,20010.45;5.13336
20000,0.58,20010.45;5.13336
20000,0.58,20010.45;5.144819
20000,0.58,20010.44;5.156277
20000,0.58,20010.44;5.156277
19999.99,0.58,20010.44;5.184923
19999.99,0.58,20010.44;5.213569
19999.99,0.58,20010.43;5.230757
19999.99,0.58,20010.43;5.230757
19999.99,0.58,20010.43;5.247944
19999.99,0.58,20010.43;5.253674
19999.99,0.58,20010.43;5.253674
19999.99,0.58,20010.42;5.259403
19999.99,0.58,20010.41;5.293779
19999.99,0.58,20010.41;5.293779
19999.99,0.58,20010.41;5.310966
19999.99,0.58,20010.41;5.310966
19999.99,0.58,20010.41;5.328154
19999.99,0.58,20010.4;5.345341
19999.99,0.58,20010.4;5.345341
19999.99,0.58,20010.4;5.362528
19999.99,0.58,20010.39;5.368258
19999.99,0.58,20010.39;5.368258
19999.99,0.58,20010.39;5.373987
19999.99,0.58,20010.38;5.402633
19999.99,0.58,20010.38;5.402633
19999.99,0.58,20010.38;5.41982
19999.99,0.58,20010.38;5.41982
19999.99,0.58,20010.37;5.437009
19999.99,0.58,20010.37;5.471384
19999.99,0.58,20010.37;5.471384
19999.99,0.58,20010.36;5.505759
19999.99,0.58,20010.36;5.528676
19999.99,0.58,20010.36;5.528676
19999.99,0.58,20010.35;5.551593
19999.99,0.58,20010.35;5.580238
19999.99,0.58,20010.34;5.608884
19999.98,0.58,20010.33;5.63753
19999.98,0.58,20010.33;5.660448
19999.98,0.58,20010.33;5.660448
19999.98,0.58,20010.32;5.683364
19999.98,0.58,20010.32;5.71201
19999.98,0.58,20010.32;5.71201
19999.98,0.58,20010.31;5.740656
19999.98,0.58,20010.3;5.769302
19999.98,0.58,20010.3;5.797948
19999.98,0.58,20010.3;5.797948
19999.98,0.58,20010.29;5.826594
19999.98,0.58,20010.29;5.85524
19999.98,0.58,20010.29;5.85524
19999.98,0.58,20010.28;5.883886
19999.98,0.58,20010.28;5.918261
19999.98,0.58,20010.28;5.918261
19999.98,0.58,20010.27;5.952636
19999.98,0.58,20010.26;5.975553
19999.98,0.58,20010.25;5.99847
19999.98,0.58,20010.25;6.027116
19999.98,0.58,20010.25;6.027116
19999.97,0.58,20010.24;6.055761
19999.97,0.58,20010.23;6.084408
19999.97,0.58,20010.23;6.084408
19999.97,0.58,20010.22;6.113054
19999.97,0.58,20010.21;6.135971
19999.97,0.58,20010.21;6.158888
19999.97,0.58,20010.2;6.187534
19999.97,0.58,20010.19;6.221909
19999.97,0.58,20010.19;6.221909
19999.97,0.58,20010.18;6.256284
19999.97,0.58,20010.17;6.279202
19999.97,0.58,20010.17;6.279202
19999.97,0.58,20010.17;6.302119
19999.97,0.58,20010.16;6.325035
19999.97,0.58,20010.16;6.325035
19999.96,0.58,20010.15;6.347952
19999.96,0.58,20010.14;6.382327
19999.96,0.58,20010.13;6.416702
19999.96,0.58,20010.12;6.43389
19999.96,0.58,20010.12;6.43389
19999.96,0.58,20010.11;6.451077
19999.96,0.58,20010.11;6.479723
19999.96,0.58,20010.11;6.479723
19999.96,0.58,20010.1;6.508368
19999.96,0.58,20010.09;6.542744
19999.96,0.58,20010.09;6.542744
19999.96,0.58,20010.08;6.577119
19999.96,0.58,20010.07;6.600036
19999.96,0.58,20010.06;6.628681
19999.96,0.58,20010.06;6.628681
19999.96,0.58,20010.05;6.657327
19999.95,0.58,20010.04;6.685973
19999.95,0.58,20010.04;6.685973
19999.95,0.58,20010.03;6.71462
19999.95,0.58,20010.02;6.743265
19999.95,0.58,20010.02;6.743265
19999.95,0.58,20010.01;6.771912
19999.95,0.58,20010;6.794828
19999.95,0.58,20009.99;6.817745
19999.95,0.58,20009.98;6.846391
19999.95,0.58,20009.98;6.846391
19999.95,0.58,20009.97;6.875037
19999.94,0.58,20009.96;6.903683
19999.94,0.58,20009.96;6.903683
19999.94,0.58,20009.95;6.932329
19999.94,0.58,20009.94;6.960976
19999.94,0.58,20009.94;6.960976
19999.94,0.58,20009.93;6.989622
19999.94,0.58,20009.92;7.018268
19999.94,0.58,20009.91;7.046914
19999.94,0.58,20009.9;7.052644
19999.94,0.58,20009.9;7.052644
19999.93,0.58,20009.89;7.058373
19999.93,0.58,20009.88;7.087019
19999.93,0.58,20009.88;7.087019
19999.93,0.58,20009.87;7.115664
19999.93,0.58,20009.85;7.15004
19999.93,0.58,20009.85;7.15004
19999.93,0.58,20009.84;7.172956
19999.93,0.58,20009.83;7.195873
19999.93,0.58,20009.82;7.224519
19999.93,0.58,20009.82;7.224519
19999.92,0.58,20009.81;7.253166
19999.92,0.58,20009.8;7.281811
19999.92,0.58,20009.8;7.281811
19999.92,0.58,20009.79;7.310457
19999.92,0.58,20009.77;7.333374
19999.92,0.58,20009.77;7.333374
19999.92,0.58,20009.76;7.36202
19999.92,0.58,20009.75;7.390665
19999.91,0.58,20009.74;7.419311
19999.91,0.58,20009.72;7.447958
19999.91,0.58,20009.72;7.447958
19999.91,0.58,20009.72;7.447958
19999.91,0.58,20009.71;7.476604
19999.91,0.58,20009.71;7.476604
19999.91,0.58,20009.7;7.482332
19999.91,0.58,20009.7;7.482332
19999.91,0.58,20009.69;7.488062
19999.91,0.58,20009.67;7.510978
19999.91,0.58,20009.67;7.510978
19999.9,0.58,20009.66;7.533895
19999.9,0.58,20009.65;7.562541
19999.9,0.58,20009.64;7.591187
19999.9,0.58,20009.62;7.619833
19999.9,0.58,20009.62;7.619833
19999.9,0.58,20009.61;7.642749
19999.9,0.58,20009.61;7.642749
19999.9,0.58,20009.6;7.671397
19999.9,0.58,20009.6;7.671397
19999.9,0.58,20009.6;7.671397
19999.89,0.58,20009.58;7.700043
19999.89,0.58,20009.58;7.700043
19999.89,0.58,20009.58;7.700043
19999.89,0.58,20009.57;7.728689
19999.89,0.58,20009.56;7.751606
19999.89,0.58,20009.56;7.751606
19999.89,0.58,20009.56;7.751606
19999.89,0.58,20009.54;7.78598
19999.89,0.58,20009.54;7.78598
19999.89,0.58,20009.53;7.820356
19999.88,0.58,20009.51;7.843273
19999.88,0.58,20009.51;7.843273
19999.88,0.58,20009.5;7.866189
19999.88,0.58,20009.49;7.894835
19999.88,0.58,20009.47;7.923482
19999.88,0.58,20009.46;7.952128
19999.88,0.58,20009.44;7.980773
19999.87,0.58,20009.42;8.00369
19999.87,0.58,20009.42;8.00369
19999.87,0.58,20009.42;8.00369
19999.87,0.58,20009.41;8.032336
19999.87,0.58,20009.41;8.032336
19999.87,0.58,20009.4;8.060983
19999.87,0.58,20009.39;8.089629
19999.87,0.58,20009.37;8.118275
19999.86,0.58,20009.35;8.146921
19999.86,0.58,20009.35;8.146921
19999.86,0.58,20009.34;8.175567
19999.86,0.58,20009.33;8.204213
19999.86,0.58,20009.33;8.204213
19999.86,0.58,20009.31;8.232859
19999.86,0.58,20009.3;8.255776
19999.86,0.58,20009.3;8.255776
19999.85,0.58,20009.28;8.278693
19999.85,0.58,20009.27;8.301611
19999.85,0.58,20009.26;8.330256
19999.85,0.58,20009.26;8.330256
19999.85,0.58,20009.24;8.358903
19999.84,0.58,20009.23;8.387549
19999.84,0.58,20009.23;8.387549
19999.84,0.58,20009.21;8.416195
19999.84,0.58,20009.2;8.444841
19999.84,0.58,20009.2;8.444841
19999.84,0.58,20009.18;8.473488
19999.84,0.58,20009.17;8.502134
19999.83,0.58,20009.15;8.513593
19999.83,0.58,20009.15;8.513593
19999.83,0.58,20009.14;8.525051
19999.83,0.58,20009.13;8.559425
19999.83,0.58,20009.13;8.559425
19999.83,0.58,20009.11;8.593801
19999.82,0.58,20009.1;8.622446
19999.82,0.58,20009.1;8.622446
19999.82,0.58,20009.08;8.645363
19999.82,0.58,20009.07;8.66828
19999.82,0.58,20009.05;8.691195
19999.82,0.58,20009.05;8.691195
19999.81,0.58,20009.03;8.714113
19999.81,0.58,20009.02;8.731301
19999.81,0.58,20009.02;8.731301
19999.81,0.58,20009;8.748489
19999.81,0.58,20008.99;8.777135
19999.81,0.58,20008.99;8.777135
19999.81,0.58,20008.98;8.800052
19999.8,0.58,20008.96;8.828698
19999.8,0.58,20008.95;8.857345
19999.8,0.58,20008.93;8.880262
19999.8,0.58,20008.93;8.880262
19999.8,0.58,20008.93;8.880262
19999.8,0.58,20008.92;8.908908
19999.8,0.58,20008.92;8.908908
19999.79,0.58,20008.91;8.937554
19999.79,0.58,20008.91;8.937554
19999.79,0.58,20008.89;8.943284
19999.79,0.58,20008.89;8.943284
19999.79,0.58,20008.89;8.943284
19999.79,0.58,20008.88;8.949013
19999.79,0.58,20008.88;8.949013
19999.79,0.58,20008.88;8.949013
19999.79,0.58,20008.86;8.954741
19999.79,0.58,20008.86;8.954741
19999.79,0.58,20008.85;8.96047
19999.79,0.58,20008.85;8.96047
19999.79,0.58,20008.84;8.966201
19999.79,0.58,20008.84;8.966201
19999.79,0.58,20008.84;8.966201
19999.78,0.58,20008.82;8.971931
19999.78,0.58,20008.8;8.97766
19999.78,0.58,20008.8;8.97766
19999.78,0.58,20008.79;9.006306
19999.78,0.58,20008.79;9.006306
19999.78,0.58,20008.78;9.034952
19999.78,0.58,20008.78;9.034952
19999.77,0.58,20008.76;9.063598
19999.77,0.58,20008.75;9.092244
19999.77,0.58,20008.75;9.092244
19999.77,0.58,20008.74;9.120891
19999.77,0.58,20008.73;9.138078
19999.77,0.58,20008.73;9.138078
19999.77,0.58,20008.72;9.155265
19999.76,0.58,20008.71;9.183911
19999.76,0.58,20008.69;9.212558
19999.76,0.58,20008.69;9.212558
19999.76,0.58,20008.68;9.241204
19999.76,0.58,20008.67;9.264121
19999.76,0.58,20008.67;9.264121
19999.76,0.58,20008.67;9.264121
19999.76,0.58,20008.66;9.287037
19999.76,0.58,20008.66;9.287037
19999.75,0.58,20008.64;9.309956
19999.75,0.58,20008.63;9.344331
19999.75,0.58,20008.62;9.378705
19999.75,0.58,20008.6;9.401623
19999.75,0.58,20008.6;9.401623
19999.74,0.58,20008.59;9.430268
19999.74,0.58,20008.59;9.430268
19999.74,0.58,20008.59;9.430268
19999.74,0.58,20008.58;9.453185
19999.74,0.58,20008.58;9.453185
19999.74,0.58,20008.57;9.476101
19999.74,0.58,20008.56;9.493289
19999.74,0.58,20008.55;9.510476
19999.74,0.58,20008.54;9.539123
19999.74,0.58,20008.54;9.539123
19999.73,0.58,20008.52;9.567769
19999.73,0.58,20008.52;9.567769
19999.73,0.58,20008.52;9.567769
19999.73,0.58,20008.51;9.596415
19999.73,0.58,20008.5;9.607874
19999.73,0.58,20008.5;9.607874
19999.73,0.58,20008.49;9.619332
19999.73,0.58,20008.48;9.647979
19999.72,0.58,20008.47;9.676624
19999.72,0.58,20008.47;9.676624
19999.72,0.58,20008.46;9.705271
19999.72,0.58,20008.44;9.722459
19999.72,0.58,20008.44;9.722459
19999.72,0.58,20008.43;9.739646
19999.72,0.58,20008.42;9.768293
19999.71,0.58,20008.41;9.796937
19999.71,0.58,20008.4;9.819856
19999.71,0.58,20008.39;9.842772
19999.71,0.58,20008.39;9.842772
19999.71,0.58,20008.39;9.842772
19999.71,0.58,20008.38;9.877146
19999.71,0.58,20008.38;9.877146
19999.71,0.58,20008.38;9.877146
19999.71,0.58,20008.38;9.911522
19999.71,0.58,20008.38;9.940166
19999.71,0.58,20008.38;9.940166
19999.71,0.58,20008.37;9.957355
19999.71,0.58,20008.37;9.957355
19999.71,0.58,20008.37;9.980271
19999.71,0.58,20008.37;9.980271
19999.71,0.58,20008.36;10.00319
19999.71,0.58,20008.36;10.00319
19999.71,0.58,20008.36;10.00319
19999.71,0.58,20008.36;10.03183
19999.71,0.58,20008.36;10.03183
19999.71,0.58,20008.36;10.06048
19999.71,0.58,20008.36;10.06048
19999.7,0.58,20008.35;10.0834
19999.7,0.58,20008.35;10.0834
19999.7,0.58,20008.35;10.10631
19999.7,0.58,20008.34;10.12923
19999.7,0.58,20008.34;10.12923
19999.7,0.58,20008.33;10.15215
19999.7,0.58,20008.32;10.18079
19999.7,0.58,20008.32;10.18079
19999.7,0.58,20008.31;10.20371
19999.7,0.58,20008.31;10.20371
19999.7,0.58,20008.3;10.22663
19999.7,0.58,20008.3;10.22663
19999.7,0.58,20008.3;10.22663
19999.69,0.58,20008.29;10.25527
19999.69,0.58,20008.29;10.25527
19999.69,0.58,20008.29;10.25527
19999.69,0.58,20008.29;10.27819
19999.69,0.58,20008.29;10.27819
19999.69,0.58,20008.28;10.30111
19999.69,0.58,20008.28;10.30111
19999.69,0.58,20008.28;10.32402
19999.69,0.58,20008.28;10.32402
19999.69,0.58,20008.28;10.32402
19999.69,0.58,20008.27;10.34694
19999.69,0.58,20008.27;10.34694
19999.69,0.58,20008.27;10.34694
19999.69,0.58,20008.26;10.36986
19999.69,0.58,20008.25;10.39277
19999.69,0.58,20008.25;10.42142
19999.69,0.58,20008.25;10.42142
19999.68,0.58,20008.24;10.45007
19999.68,0.58,20008.23;10.47298
19999.68,0.58,20008.23;10.47298
19999.68,0.58,20008.23;10.4959
19999.68,0.58,20008.22;10.51882
19999.68,0.58,20008.22;10.51882
19999.68,0.58,20008.22;10.51882
19999.68,0.58,20008.22;10.54173
19999.68,0.58,20008.22;10.54173
19999.68,0.58,20008.21;10.56465
19999.68,0.58,20008.21;10.56465
19999.68,0.58,20008.21;10.58757
19999.68,0.58,20008.2;10.61049
19999.68,0.58,20008.2;10.61049
19999.67,0.58,20008.19;10.6334
19999.67,0.58,20008.19;10.65632
19999.67,0.58,20008.19;10.65632
19999.67,0.58,20008.18;10.67924
19999.67,0.58,20008.17;10.70215
19999.67,0.58,20008.17;10.72507
19999.67,0.58,20008.17;10.72507
19999.67,0.58,20008.16;10.74799
19999.67,0.58,20008.16;10.75945
19999.67,0.58,20008.16;10.75945
19999.67,0.58,20008.15;10.7709
19999.67,0.58,20008.15;10.79382
19999.67,0.58,20008.15;10.79382
19999.67,0.58,20008.14;10.81674
19999.66,0.58,20008.13;10.83965
19999.66,0.58,20008.13;10.86257
19999.66,0.58,20008.13;10.88549
19999.66,0.58,20008.13;10.88549
19999.66,0.58,20008.12;10.9084
19999.66,0.58,20008.12;10.93132
19999.66,0.58,20008.12;10.93132
19999.66,0.58,20008.12;10.95424
19999.66,0.58,20008.11;10.97715
19999.66,0.58,20008.11;10.97715
19999.66,0.58,20008.11;11.00007
19999.66,0.58,20008.1;11.02299
19999.66,0.58,20008.1;11.04591
19999.66,0.58,20008.1;11.04591
19999.66,0.58,20008.1;11.04591
19999.66,0.58,20008.1;11.06882
19999.66,0.58,20008.1;11.06882
19999.66,0.58,20008.1;11.06882
19999.65,0.58,20008.09;11.09174
19999.65,0.58,20008.09;11.09174
19999.65,0.58,20008.09;11.09174
19999.65,0.58,20008.09;11.11466
19999.65,0.58,20008.09;11.13184
19999.65,0.58,20008.08;11.15476
19999.65,0.58,20008.08;11.15476
19999.65,0.58,20008.08;11.17768
19999.65,0.58,20008.08;11.20059
19999.65,0.58,20008.08;11.20059
19999.65,0.58,20008.08;11.22351
19999.65,0.58,20008.08;11.2407
19999.65,0.58,20008.08;11.2407
19999.65,0.58,20008.07;11.25789
19999.65,0.58,20008.07;11.2808
19999.65,0.58,20008.07;11.30372
19999.65,0.58,20008.07;11.32664
19999.65,0.58,20008.07;11.32664
19999.65,0.58,20008.07;11.34955
19999.65,0.58,20008.07;11.37247
19999.65,0.58,20008.07;11.37247
19999.65,0.58,20008.07;11.39539
19999.65,0.58,20008.07;11.4183
19999.65,0.58,20008.07;11.4183
19999.65,0.58,20008.06;11.44122
19999.65,0.58,20008.06;11.46414
19999.65,0.58,20008.06;11.48132
19999.65,0.58,20008.06;11.48132
19999.65,0.58,20008.06;11.49851
19999.65,0.58,20008.06;11.5157
19999.65,0.58,20008.06;11.5157
19999.65,0.58,20008.06;11.53289
19999.65,0.58,20008.06;11.55007
19999.65,0.58,20008.06;11.55007
19999.65,0.58,20008.06;11.56726
19999.65,0.58,20008.06;11.57872
19999.65,0.58,20008.06;11.59018
19999.65,0.58,20008.06;11.61309
19999.65,0.58,20008.06;11.61309
19999.65,0.58,20008.06;11.63601
19999.65,0.58,20008.06;11.65893
19999.65,0.58,20008.06;11.65893
19999.65,0.58,20008.06;11.68184
19999.65,0.58,20008.06;11.69903
19999.65,0.58,20008.06;11.69903
19999.65,0.58,20008.06;11.72195
19999.65,0.58,20008.06;11.72195
19999.65,0.58,20008.06;11.74487
19999.65,0.58,20008.06;11.76778
19999.65,0.58,20008.06;11.76778
19999.65,0.58,20008.06;11.7907
19999.65,0.58,20008.06;11.80789
19999.65,0.58,20008.06;11.80789
19999.65,0.58,20008.06;11.82508
19999.65,0.58,20008.06;11.84799
19999.65,0.58,20008.06;11.84799
19999.65,0.58,20008.06;11.86518
19999.65,0.58,20008.06;11.86518
19999.65,0.58,20008.06;11.88237
19999.65,0.58,20008.06;11.88237
19999.65,0.58,20008.06;11.88237
19999.65,0.58,20008.06;11.90528
19999.65,0.58,20008.06;11.90528
19999.65,0.58,20008.06;11.90528
19999.65,0.58,20008.06;11.92247
19999.65,0.58,20008.06;11.92247
19999.65,0.58,20008.07;11.93966
19999.65,0.58,20008.07;11.93966
19999.65,0.58,20008.07;11.95685
19999.65,0.58,20008.07;11.97976
19999.65,0.58,20008.07;11.97976
19999.65,0.58,20008.07;12.00268
19999.65,0.58,20008.07;12.01987
19999.65,0.58,20008.07;12.01987
19999.65,0.58,20008.07;12.03705
19999.65,0.58,20008.07;12.05424
19999.65,0.58,20008.07;12.07716
19999.65,0.58,20008.07;12.07716
19999.65,0.58,20008.07;12.07716
19999.65,0.58,20008.08;12.10007
19999.65,0.58,20008.08;12.11726
19999.65,0.58,20008.08;12.11726
19999.65,0.58,20008.08;12.13445
19999.65,0.58,20008.08;12.15164
19999.65,0.58,20008.08;12.15164
19999.65,0.58,20008.08;12.16883
19999.65,0.58,20008.09;12.19174
19999.65,0.58,20008.09;12.20893
19999.65,0.58,20008.09;12.20893
19999.66,0.58,20008.09;12.22612
19999.66,0.58,20008.1;12.2433
19999.66,0.58,20008.1;12.2433
19999.66,0.58,20008.1;12.2433
19999.66,0.58,20008.1;12.26049
19999.66,0.58,20008.1;12.26049
19999.66,0.58,20008.1;12.26049
19999.66,0.58,20008.11;12.28341
19999.66,0.58,20008.12;12.30633
19999.66,0.58,20008.12;12.32351
19999.66,0.58,20008.12;12.32351
19999.66,0.58,20008.12;12.3407
19999.66,0.58,20008.13;12.35789
19999.66,0.58,20008.13;12.35789
19999.66,0.58,20008.13;12.37508
19999.67,0.58,20008.14;12.39226
19999.67,0.58,20008.14;12.39226
19999.67,0.58,20008.15;12.40945
19999.67,0.58,20008.15;12.42664
19999.67,0.58,20008.16;12.44383
19999.67,0.58,20008.17;12.46101
19999.67,0.58,20008.17;12.48393
19999.67,0.58,20008.17;12.48393
19999.67,0.58,20008.17;12.48393
19999.68,0.58,20008.18;12.50112
19999.68,0.58,20008.18;12.50112
19999.68,0.58,20008.18;12.50112
19999.68,0.58,20008.18;12.51831
19999.68,0.58,20008.18;12.51831
19999.68,0.58,20008.19;12.53549
19999.68,0.58,20008.19;12.53549
19999.68,0.58,20008.19;12.53549
19999.68,0.58,20008.19;12.55268
19999.68,0.58,20008.19;12.55268
19999.68,0.58,20008.19;12.55268
19999.68,0.58,20008.2;12.56987
19999.68,0.58,20008.2;12.56987
19999.68,0.58,20008.2;12.56987
19999.68,0.58,20008.2;12.58706
19999.68,0.58,20008.2;12.58706
19999.68,0.58,20008.2;12.60424
19999.68,0.58,20008.2;12.60424
19999.68,0.58,20008.2;12.60424
19999.68,0.58,20008.21;12.62143
19999.68,0.58,20008.21;12.62143
19999.68,0.58,20008.21;12.62143
19999.68,0.58,20008.21;12.63862
19999.68,0.58,20008.21;12.63862
19999.68,0.58,20008.21;12.65581
19999.68,0.58,20008.2;12.67299
19999.68,0.58,20008.21;12.69018
19999.68,0.58,20008.21;12.69018
19999.68,0.58,20008.21;12.69018
19999.68,0.58,20008.21;12.70737
19999.68,0.58,20008.21;12.70737
19999.68,0.58,20008.21;12.70737
19999.68,0.58,20008.21;12.71883
19999.68,0.58,20008.21;12.71883
19999.68,0.58,20008.21;12.71883
19999.68,0.58,20008.21;12.73601
19999.68,0.58,20008.21;12.73601
19999.68,0.58,20008.21;12.7532
19999.68,0.58,20008.21;12.7532
19999.68,0.58,20008.21;12.7532
19999.68,0.58,20008.21;12.77039
19999.68,0.58,20008.21;12.77039
19999.68,0.58,20008.21;12.77039
19999.68,0.58,20008.22;12.78758
19999.68,0.58,20008.22;12.78758
19999.68,0.58,20008.22;12.79903
19999.68,0.58,20008.22;12.79903
19999.68,0.58,20008.22;12.79903
19999.68,0.58,20008.22;12.81622
19999.68,0.58,20008.22;12.81622
19999.68,0.58,20008.22;12.81622
19999.69,0.58,20008.22;12.83341
19999.69,0.58,20008.22;12.83341
19999.69,0.58,20008.23;12.8506
19999.69,0.58,20008.24;12.86779
19999.69,0.58,20008.25;12.88497
19999.69,0.58,20008.25;12.88497
19999.69,0.58,20008.25;12.88497
19999.69,0.58,20008.26;12.90216
19999.69,0.58,20008.26;12.90216
19999.7,0.58,20008.27;12.91935
19999.7,0.58,20008.27;12.93081
19999.7,0.58,20008.27;12.93081
19999.7,0.58,20008.27;12.93081
19999.7,0.58,20008.27;12.948
19999.7,0.58,20008.27;12.948
19999.7,0.58,20008.28;12.96518
19999.7,0.58,20008.28;12.96518
19999.7,0.58,20008.28;12.96518
19999.7,0.58,20008.28;12.98237
19999.7,0.58,20008.28;12.98237
19999.7,0.58,20008.28;12.98237
19999.7,0.58,20008.29;12.99956
19999.7,0.58,20008.29;12.99956
19999.7,0.58,20008.29;12.99956
19999.7,0.58,20008.29;13.01674
19999.7,0.58,20008.29;13.03393
19999.7,0.58,20008.29;13.03393
19999.7,0.58,20008.29;13.03393
19999.7,0.58,20008.29;13.04539
19999.7,0.58,20008.29;13.04539
19999.7,0.58,20008.29;13.04539
19999.7,0.58,20008.31;13.05685
19999.71,0.58,20008.32;13.07404
19999.71,0.58,20008.32;13.07404
19999.71,0.58,20008.32;13.09122
19999.71,0.58,20008.33;13.10841
19999.71,0.58,20008.33;13.11987
19999.71,0.58,20008.33;13.11987
19999.71,0.58,20008.33;13.11987
19999.71,0.58,20008.33;13.13706
19999.71,0.58,20008.33;13.13706
19999.71,0.58,20008.34;13.15424
19999.71,0.58,20008.34;13.17143
19999.71,0.58,20008.34;13.17143
19999.71,0.58,20008.34;13.17143
19999.71,0.58,20008.35;13.18862
19999.71,0.58,20008.35;13.20581
19999.71,0.58,20008.35;13.21727
19999.71,0.58,20008.35;13.21727
19999.71,0.58,20008.35;13.21727
19999.71,0.58,20008.35;13.23445
19999.71,0.58,20008.35;13.23445
19999.71,0.58,20008.35;13.25164
19999.71,0.58,20008.36;13.26883
19999.71,0.58,20008.36;13.26883
19999.72,0.58,20008.37;13.28602
19999.72,0.58,20008.38;13.3032
19999.72,0.58,20008.38;13.3032
19999.72,0.58,20008.39;13.32039
19999.73,0.58,20008.41;13.33758
19999.73,0.58,20008.41;13.33758
19999.73,0.58,20008.42;13.35476
19999.74,0.58,20008.44;13.37195
19999.74,0.58,20008.44;13.37195
19999.74,0.58,20008.44;13.37195
19999.74,0.58,20008.45;13.38341
19999.74,0.58,20008.45;13.39487
19999.74,0.58,20008.45;13.39487
19999.74,0.58,20008.45;13.39487
19999.74,0.58,20008.45;13.39487
19999.74,0.58,20008.45;13.41206
19999.74,0.58,20008.45;13.41206
19999.74,0.58,20008.46;13.42352
19999.74,0.58,20008.46;13.42352
19999.74,0.58,20008.46;13.42352
19999.75,0.58,20008.48;13.4407
19999.75,0.58,20008.5;13.45789
19999.75,0.58,20008.51;13.46935
19999.75,0.58,20008.51;13.46935
19999.76,0.58,20008.52;13.48081
19999.76,0.58,20008.54;13.49799
19999.76,0.58,20008.54;13.49799
19999.76,0.58,20008.55;13.51518
19999.77,0.58,20008.57;13.52664
19999.77,0.58,20008.57;13.52664
19999.77,0.58,20008.58;13.5381
19999.77,0.58,20008.6;13.55529
19999.78,0.58,20008.61;13.57247
19999.78,0.58,20008.63;13.58393
19999.78,0.58,20008.63;13.58393
19999.78,0.58,20008.64;13.59539
19999.78,0.58,20008.64;13.59539
19999.78,0.58,20008.64;13.59539
19999.79,0.58,20008.66;13.61258
19999.79,0.58,20008.66;13.61258
19999.79,0.58,20008.66;13.61258
19999.79,0.58,20008.67;13.62404
19999.79,0.58,20008.68;13.6355
19999.8,0.58,20008.7;13.65268
19999.8,0.58,20008.7;13.65268
19999.8,0.58,20008.71;13.66987
19999.8,0.58,20008.73;13.68133
19999.8,0.58,20008.73;13.68133
19999.81,0.58,20008.74;13.69279
19999.81,0.58,20008.75;13.70998
19999.81,0.58,20008.75;13.70998
19999.81,0.58,20008.77;13.72143
19999.81,0.58,20008.77;13.72143
19999.82,0.58,20008.79;13.73289
19999.82,0.58,20008.8;13.75008
19999.82,0.58,20008.8;13.75008
19999.83,0.58,20008.81;13.76727
19999.83,0.58,20008.82;13.77873
19999.83,0.58,20008.82;13.77873
19999.83,0.58,20008.83;13.79018
19999.83,0.58,20008.84;13.80737
19999.83,0.58,20008.85;13.81883
19999.83,0.58,20008.85;13.81883
19999.83,0.58,20008.85;13.81883
19999.84,0.58,20008.86;13.83602
19999.84,0.58,20008.86;13.83602
19999.84,0.58,20008.86;13.83602
19999.84,0.58,20008.87;13.84748
19999.84,0.58,20008.87;13.84748
19999.84,0.58,20008.87;13.84748
19999.84,0.58,20008.89;13.86466
19999.84,0.58,20008.89;13.86466
19999.85,0.58,20008.9;13.87612
19999.85,0.58,20008.9;13.87612
19999.85,0.58,20008.92;13.88758
19999.86,0.58,20008.94;13.90477
19999.86,0.58,20008.94;13.90477
19999.86,0.58,20008.95;13.92196
19999.86,0.58,20008.97;13.93342
19999.86,0.58,20008.97;13.93342
19999.87,0.58,20008.98;13.94487
19999.87,0.58,20008.99;13.96206
19999.87,0.58,20009.01;13.97352
19999.87,0.58,20009.01;13.97352
19999.87,0.58,20009.01;13.97352
19999.88,0.58,20009.02;13.98498
19999.88,0.58,20009.04;13.99644
19999.88,0.58,20009.04;13.99644
19999.88,0.58,20009.05;14.00789
19999.89,0.58,20009.07;14.01935
19999.89,0.58,20009.07;14.01935
19999.89,0.58,20009.08;14.03081
19999.9,0.58,20009.1;14.048
19999.9,0.58,20009.11;14.05946
19999.9,0.58,20009.11;14.05946
19999.9,0.58,20009.13;14.07092
19999.91,0.58,20009.14;14.08237
19999.91,0.58,20009.15;14.09383
19999.91,0.58,20009.17;14.11102
19999.92,0.58,20009.18;14.12821
19999.92,0.58,20009.2;14.13967
19999.92,0.58,20009.21;14.15112
19999.92,0.58,20009.21;14.15112
19999.92,0.58,20009.21;14.15112
19999.92,0.58,20009.21;14.16831
19999.92,0.58,20009.21;14.16831
19999.92,0.58,20009.21;14.16831
19999.93,0.58,20009.21;14.1855
19999.93,0.58,20009.21;14.1855
19999.93,0.58,20009.21;14.1855
19999.93,0.58,20009.22;14.20269
19999.93,0.58,20009.23;14.20842
19999.93,0.58,20009.23;14.21987
19999.93,0.58,20009.23;14.21987
19999.93,0.58,20009.24;14.23133
19999.94,0.58,20009.25;14.24279
19999.94,0.58,20009.25;14.24279
19999.94,0.58,20009.26;14.25425
19999.94,0.58,20009.27;14.25425
19999.94,0.58,20009.27;14.25425
19999.94,0.58,20009.29;14.25425
19999.95,0.58,20009.3;14.26571
19999.95,0.58,20009.31;14.2829
19999.95,0.58,20009.31;14.2829
19999.95,0.58,20009.31;14.2829
19999.95,0.58,20009.32;14.30008
19999.95,0.58,20009.32;14.30008
19999.95,0.58,20009.32;14.30008
19999.96,0.58,20009.33;14.31727
19999.96,0.58,20009.34;14.32873
19999.96,0.58,20009.34;14.32873
19999.96,0.58,20009.35;14.34592
19999.96,0.58,20009.36;14.3631
19999.97,0.58,20009.38;14.37456
19999.97,0.58,20009.38;14.37456
19999.97,0.58,20009.39;14.38602
19999.97,0.58,20009.41;14.39748
19999.97,0.58,20009.41;14.39748
19999.98,0.58,20009.42;14.40894
19999.98,0.58,20009.43;14.41467
19999.98,0.58,20009.43;14.41467
19999.98,0.58,20009.44;14.43186
19999.98,0.58,20009.44;14.43186
19999.99,0.58,20009.45;14.44904
19999.99,0.58,20009.47;14.4605
19999.99,0.58,20009.47;14.4605
19999.99,0.58,20009.48;14.47196
20000,0.58,20009.49;14.48915
20000,0.58,20009.49;14.48915
20000,0.58,20009.51;14.50634
20000,0.58,20009.52;14.51779
20000,0.58,20009.52;14.51779
20000.01,0.58,20009.54;14.52925
20000.01,0.58,20009.54;14.54071
20000.01,0.58,20009.55;14.55217
20000.01,0.58,20009.55;14.55217
20000.01,0.58,20009.55;14.55217
20000.02,0.58,20009.57;14.56363
20000.02,0.58,20009.57;14.56363
20000.02,0.58,20009.57;14.56363
20000.02,0.58,20009.58;14.57508
20000.02,0.58,20009.58;14.57508
20000.02,0.58,20009.59;14.58654
20000.02,0.58,20009.59;14.58654
20000.03,0.58,20009.6;14.598
20000.03,0.58,20009.61;14.60946
20000.03,0.58,20009.61;14.60946
20000.03,0.58,20009.62;14.62092
20000.03,0.58,20009.63;14.62092
20000.03,0.58,20009.63;14.62092
20000.04,0.58,20009.65;14.62092
20000.04,0.58,20009.65;14.62092
20000.04,0.58,20009.65;14.62092
20000.04,0.58,20009.66;14.62092
20000.04,0.58,20009.66;14.62092
20000.04,0.58,20009.67;14.62092
20000.04,0.58,20009.67;14.62092
20000.04,0.58,20009.67;14.62092
20000.04,0.58,20009.68;14.62092
20000.05,0.58,20009.69;14.62665
20000.05,0.58,20009.69;14.62665
20000.05,0.58,20009.7;14.63811
20000.05,0.58,20009.7;14.63811
20000.05,0.58,20009.71;14.6553
20000.05,0.58,20009.71;14.6553
20000.05,0.58,20009.72;14.67248
20000.06,0.58,20009.73;14.68394
20000.06,0.58,20009.73;14.68394
20000.06,0.58,20009.74;14.6954
20000.06,0.58,20009.75;14.70686
20000.06,0.58,20009.75;14.70686
20000.07,0.58,20009.76;14.71832
20000.07,0.58,20009.77;14.72977
20000.07,0.58,20009.78;14.74123
20000.07,0.58,20009.79;14.75269
20000.08,0.58,20009.8;14.76415
20000.08,0.58,20009.8;14.76415
20000.08,0.58,20009.8;14.77561
20000.08,0.58,20009.81;14.77561
20000.08,0.58,20009.81;14.77561
20000.08,0.58,20009.82;14.77561
20000.08,0.58,20009.83;14.78707
20000.09,0.58,20009.84;14.80425
20000.09,0.58,20009.84;14.80425
20000.09,0.58,20009.85;14.82144
20000.09,0.58,20009.85;14.8329
20000.09,0.58,20009.85;14.8329
20000.09,0.58,20009.86;14.84436
20000.1,0.58,20009.87;14.85582
20000.1,0.58,20009.87;14.85582
20000.1,0.58,20009.88;14.86727
20000.1,0.58,20009.89;14.87873
20000.1,0.58,20009.9;14.89019
20000.1,0.58,20009.9;14.89019
20000.11,0.58,20009.91;14.90165
20000.11,0.58,20009.91;14.91311
20000.11,0.58,20009.91;14.91311
20000.11,0.58,20009.92;14.92457
20000.11,0.58,20009.93;14.94175
20000.11,0.58,20009.93;14.94175
20000.11,0.58,20009.94;14.95894
20000.12,0.58,20009.94;14.9704
20000.12,0.58,20009.95;14.98186
20000.12,0.58,20009.96;14.99332
20000.12,0.58,20009.96;14.99332
20000.12,0.58,20009.96;15.00478
20000.12,0.58,20009.96;15.01623
20000.12,0.58,20009.96;15.01623
20000.12,0.58,20009.96;15.02769
20000.12,0.58,20009.96;15.03342
20000.12,0.58,20009.96;15.03342
20000.12,0.58,20009.96;15.03342
20000.12,0.58,20009.96;15.04488
20000.12,0.58,20009.96;15.06207
20000.12,0.58,20009.96;15.06207
20000.12,0.58,20009.96;15.07926
20000.12,0.58,20009.96;15.09071
20000.12,0.58,20009.96;15.09071
20000.12,0.58,20009.96;15.09071
20000.12,0.58,20009.97;15.10217
20000.12,0.58,20009.97;15.10217
20000.12,0.58,20009.97;15.11363
20000.13,0.58,20009.98;15.11936
20000.13,0.58,20009.98;15.13081
20000.13,0.58,20009.98;15.13081
20000.13,0.58,20009.98;15.13081
20000.13,0.58,20009.99;15.14227
20000.13,0.58,20009.99;15.148
20000.13,0.58,20009.99;15.148
20000.13,0.58,20010;15.15946
20000.13,0.58,20010;15.15946
20000.13,0.58,20010;15.15946
20000.13,0.58,20010;15.17092
20000.13,0.58,20010.01;15.18238
20000.13,0.58,20010.01;15.19384
20000.13,0.58,20010.01;15.19384
20000.13,0.58,20010.01;15.2053
20000.13,0.58,20010.02;15.21675
20000.13,0.58,20010.02;15.21675
20000.14,0.58,20010.02;15.22821
20000.14,0.58,20010.03;15.23967
20000.14,0.58,20010.03;15.23967
20000.14,0.58,20010.03;15.25113
20000.14,0.58,20010.03;15.25113
20000.14,0.58,20010.03;15.26259
20000.14,0.58,20010.04;15.27404
20000.14,0.58,20010.04;15.27404
20000.14,0.58,20010.04;15.2855
20000.14,0.58,20010.04;15.29696
20000.14,0.58,20010.04;15.29696
20000.14,0.58,20010.04;15.30842
20000.14,0.58,20010.04;15.31415
20000.14,0.58,20010.05;15.33134
20000.14,0.58,20010.05;15.33134
20000.14,0.58,20010.05;15.34853
20000.14,0.58,20010.05;15.35998
20000.14,0.58,20010.05;15.35998
20000.14,0.58,20010.05;15.37144
20000.15,0.58,20010.06;15.3829
20000.15,0.58,20010.06;15.3829
20000.15,0.58,20010.06;15.39436
20000.15,0.58,20010.06;15.40582
20000.15,0.58,20010.06;15.40582
20000.15,0.58,20010.06;15.41728
20000.15,0.58,20010.06;15.41728
20000.15,0.58,20010.06;15.42874
20000.15,0.58,20010.06;15.43447
20000.15,0.58,20010.06;15.43447
20000.15,0.58,20010.06;15.4402
20000.15,0.58,20010.06;15.45738
20000.15,0.58,20010.07;15.47457
20000.15,0.58,20010.07;15.48603
20000.15,0.58,20010.07;15.49176
20000.15,0.58,20010.07;15.49176
20000.15,0.58,20010.07;15.49749
20000.15,0.58,20010.07;15.51467
20000.15,0.58,20010.07;15.51467
20000.15,0.58,20010.07;15.53186
20000.15,0.58,20010.07;15.53759
20000.15,0.58,20010.07;15.53759
20000.15,0.58,20010.07;15.53759
20000.15,0.58,20010.07;15.54905
20000.15,0.58,20010.07;15.56051
20000.15,0.58,20010.07;15.57197
20000.15,0.58,20010.07;15.57197
20000.15,0.58,20010.07;15.58343
20000.15,0.58,20010.07;15.59489
20000.15,0.58,20010.07;15.59489
20000.15,0.58,20010.07;15.60635
20000.15,0.58,20010.07;15.62353
20000.15,0.58,20010.07;15.62353
20000.15,0.58,20010.07;15.64072
20000.15,0.58,20010.07;15.64645
20000.15,0.58,20010.07;15.6579
20000.15,0.58,20010.07;15.6579
20000.15,0.58,20010.07;15.6579
20000.15,0.58,20010.07;15.66936
20000.15,0.58,20010.07;15.68082
20000.15,0.58,20010.07;15.68082
20000.15,0.58,20010.07;15.69228
20000.15,0.58,20010.07;15.70374
20000.15,0.58,20010.07;15.70374
20000.15,0.58,20010.06;15.7152
20000.15,0.58,20010.06;15.72666
20000.15,0.58,20010.06;15.73812
20000.15,0.58,20010.06;15.73812
20000.15,0.58,20010.06;15.73812
20000.15,0.58,20010.06;15.74385
20000.15,0.58,20010.06;15.74385
20000.15,0.58,20010.06;15.74385
20000.15,0.58,20010.06;15.74958
20000.15,0.58,20010.06;15.76103
20000.15,0.58,20010.06;15.76103
20000.14,0.58,20010.05;15.77249
20000.14,0.58,20010.05;15.77822
20000.14,0.58,20010.05;15.78968
20000.14,0.58,20010.05;15.78968
20000.14,0.58,20010.05;15.80114
20000.14,0.58,20010.04;15.8126
20000.14,0.58,20010.04;15.8126
20000.14,0.58,20010.04;15.82406
20000.14,0.58,20010.04;15.83552
20000.14,0.58,20010.04;15.83552
20000.14,0.58,20010.03;15.84697
20000.14,0.58,20010.03;15.85843
20000.14,0.58,20010.02;15.86989
20000.13,0.58,20010.02;15.88135
20000.13,0.58,20010.02;15.88135
20000.13,0.58,20010.01;15.89281
20000.13,0.58,20010.01;15.90426
20000.13,0.58,20010.01;15.90426
20000.13,0.58,20010.01;15.91572
20000.13,0.58,20010;15.92718
20000.13,0.58,20010;15.92718
20000.13,0.58,20010;15.93291
20000.13,0.58,20009.99;15.93864
20000.13,0.58,20009.99;15.95583
20000.13,0.58,20009.99;15.95583
20000.13,0.58,20009.99;15.95583
20000.13,0.58,20009.98;15.96156
20000.13,0.58,20009.98;15.96156
20000.13,0.58,20009.98;15.96156
20000.12,0.58,20009.97;15.97301
20000.12,0.58,20009.97;15.97301
20000.12,0.58,20009.97;15.97301
20000.12,0.58,20009.97;15.98447
20000.12,0.58,20009.96;15.99593
20000.12,0.58,20009.96;16.00739
20000.12,0.58,20009.96;16.00739
20000.12,0.58,20009.95;16.01884
20000.11,0.58,20009.94;16.0303
20000.11,0.58,20009.94;16.0303
20000.11,0.58,20009.94;16.04176
20000.11,0.58,20009.93;16.04749
20000.11,0.58,20009.93;16.04749
20000.11,0.58,20009.92;16.05895
20000.11,0.58,20009.92;16.05895
20000.11,0.58,20009.91;16.07041
20000.1,0.58,20009.9;16.0876
20000.1,0.58,20009.9;16.0876
20000.1,0.58,20009.9;16.10478
20000.1,0.58,20009.89;16.11051
20000.1,0.58,20009.89;16.11051
20000.1,0.58,20009.89;16.11624
20000.1,0.58,20009.88;16.1277
20000.09,0.58,20009.87;16.13343
20000.09,0.58,20009.87;16.13343
20000.09,0.58,20009.87;16.13916
20000.09,0.58,20009.86;16.15062
20000.09,0.58,20009.86;16.15062
20000.09,0.58,20009.85;16.16208
20000.08,0.58,20009.84;16.17354
20000.08,0.58,20009.84;16.17354
20000.08,0.58,20009.84;16.17354
20000.08,0.58,20009.83;16.17927
20000.08,0.58,20009.82;16.18499
20000.08,0.58,20009.81;16.19646
20000.08,0.58,20009.81;16.19646
20000.07,0.58,20009.81;16.20791
20000.07,0.58,20009.8;16.21937
20000.07,0.58,20009.8;16.21937
20000.07,0.58,20009.79;16.23083
20000.07,0.58,20009.78;16.23656
20000.07,0.58,20009.78;16.23656
20000.06,0.58,20009.78;16.24229
20000.06,0.58,20009.77;16.24802
20000.06,0.58,20009.76;16.25375
20000.06,0.58,20009.76;16.25375
20000.06,0.58,20009.76;16.25375
20000.06,0.58,20009.75;16.25948
20000.05,0.58,20009.74;16.26521
20000.05,0.58,20009.74;16.26521
20000.05,0.58,20009.73;16.27094
20000.05,0.58,20009.73;16.27094
20000.05,0.58,20009.73;16.27094
20000.05,0.58,20009.72;16.27666
20000.05,0.58,20009.71;16.2824
20000.05,0.58,20009.71;16.2824
20000.05,0.58,20009.71;16.2824
20000.04,0.58,20009.7;16.28812
20000.04,0.58,20009.7;16.28812
20000.04,0.58,20009.7;16.28812
20000.04,0.58,20009.7;16.28812
20000.04,0.58,20009.69;16.29385
20000.04,0.58,20009.68;16.29958
20000.04,0.58,20009.68;16.29958
20000.04,0.58,20009.67;16.30531
20000.03,0.58,20009.66;16.31104
20000.03,0.58,20009.65;16.31677
20000.03,0.58,20009.65;16.31677
20000.03,0.58,20009.64;16.3225
20000.02,0.58,20009.63;16.33395
20000.02,0.58,20009.63;16.33395
20000.02,0.58,20009.62;16.34541
20000.01,0.58,20009.6;16.35114
20000.01,0.58,20009.6;16.35114
20000.01,0.58,20009.59;16.35687
20000.01,0.58,20009.58;16.36833
20000.01,0.58,20009.57;16.37406
20000.01,0.58,20009.57;16.37406
20000.01,0.58,20009.57;16.37406
20000,0.58,20009.56;16.37979
20000,0.58,20009.55;16.38552
20000,0.58,20009.55;16.38552
20000,0.58,20009.54;16.39124
19999.99,0.58,20009.53;16.39698
19999.99,0.58,20009.53;16.39698
19999.99,0.58,20009.52;16.4027
19999.99,0.58,20009.51;16.41416
19999.98,0.58,20009.5;16.42562
19999.98,0.58,20009.5;16.42562
19999.98,0.58,20009.5;16.42562
19999.98,0.58,20009.49;16.43135
19999.98,0.58,20009.49;16.43135
19999.98,0.58,20009.49;16.43135
19999.98,0.58,20009.47;16.44281
19999.98,0.58,20009.47;16.44281
19999.98,0.58,20009.47;16.44281
19999.97,0.58,20009.46;16.44854
19999.97,0.58,20009.45;16.45427
19999.97,0.58,20009.44;16.46
19999.97,0.58,20009.44;16.46
19999.96,0.58,20009.43;16.46573
19999.96,0.58,20009.41;16.47719
19999.96,0.58,20009.41;16.47719
19999.96,0.58,20009.4;16.48865
19999.95,0.58,20009.39;16.49438
19999.95,0.58,20009.39;16.49438
19999.95,0.58,20009.38;16.5001
19999.95,0.58,20009.38;16.5001
19999.94,0.58,20009.36;16.50583
19999.94,0.58,20009.35;16.51156
19999.94,0.58,20009.35;16.51156
19999.94,0.58,20009.34;16.51729
19999.93,0.58,20009.32;16.52302
19999.93,0.58,20009.32;16.52302
19999.93,0.58,20009.31;16.52875
19999.92,0.58,20009.3;16.54021
19999.92,0.58,20009.3;16.54021
19999.92,0.58,20009.29;16.55166
19999.92,0.58,20009.29;16.55166
19999.92,0.58,20009.27;16.55739
19999.92,0.58,20009.27;16.55739
19999.92,0.58,20009.27;16.55739
19999.91,0.58,20009.26;16.56312
19999.91,0.58,20009.26;16.56312
19999.91,0.58,20009.24;16.57458
19999.91,0.58,20009.24;16.57458
19999.9,0.58,20009.23;16.58031
19999.9,0.58,20009.23;16.58031
19999.9,0.58,20009.22;16.58604
19999.9,0.58,20009.21;16.59749
19999.9,0.58,20009.21;16.59749
19999.89,0.58,20009.19;16.60895
19999.89,0.58,20009.17;16.61468
19999.89,0.58,20009.17;16.61468
19999.88,0.58,20009.16;16.62041
19999.88,0.58,20009.15;16.63187
19999.88,0.58,20009.14;16.6376
19999.88,0.58,20009.14;16.6376
19999.88,0.58,20009.14;16.6376
19999.87,0.58,20009.12;16.64333
19999.87,0.58,20009.12;16.64333
19999.87,0.58,20009.12;16.64333
19999.87,0.58,20009.11;16.64906
19999.86,0.58,20009.1;16.65479
19999.86,0.58,20009.1;16.65479
19999.86,0.58,20009.08;16.66051
19999.86,0.58,20009.06;16.67197
19999.85,0.58,20009.05;16.67771
19999.85,0.58,20009.05;16.67771
19999.85,0.58,20009.04;16.68343
19999.84,0.58,20009.03;16.69489
19999.84,0.58,20009.03;16.69489
19999.84,0.58,20009.01;16.70635
19999.83,0.58,20009;16.71208
19999.83,0.58,20009;16.71208
19999.83,0.58,20008.98;16.71781
19999.83,0.58,20008.97;16.72927
19999.82,0.58,20008.95;16.74073
19999.82,0.58,20008.94;16.74073
19999.82,0.58,20008.94;16.74073
19999.81,0.58,20008.93;16.74073
19999.81,0.58,20008.91;16.75219
19999.81,0.58,20008.91;16.75219
19999.8,0.58,20008.9;16.76365
19999.8,0.58,20008.89;16.7751
19999.8,0.58,20008.89;16.7751
19999.8,0.58,20008.87;16.78656
19999.79,0.58,20008.86;16.79229
19999.79,0.58,20008.84;16.79802
19999.79,0.58,20008.84;16.79802
19999.78,0.58,20008.83;16.80375
19999.78,0.58,20008.81;16.8152
19999.78,0.58,20008.81;16.8152
19999.78,0.58,20008.8;16.82666
19999.77,0.58,20008.79;16.83239
19999.77,0.58,20008.79;16.83239
19999.77,0.58,20008.79;16.83239
19999.77,0.58,20008.77;16.84385
19999.76,0.58,20008.76;16.85531
19999.76,0.58,20008.74;16.86104
19999.76,0.58,20008.74;16.86104
19999.75,0.58,20008.73;16.86677
19999.75,0.58,20008.72;16.8725
19999.75,0.58,20008.72;16.8725
19999.74,0.58,20008.7;16.87823
19999.74,0.58,20008.69;16.88968
19999.74,0.58,20008.69;16.88968
19999.74,0.58,20008.67;16.90114
19999.73,0.58,20008.65;16.90114
19999.73,0.58,20008.64;16.90114
19999.72,0.58,20008.63;16.9126
19999.72,0.58,20008.63;16.9126
19999.72,0.58,20008.61;16.92406
19999.71,0.58,20008.6;16.93552
19999.71,0.58,20008.6;16.93552
19999.71,0.58,20008.58;16.94698
19999.71,0.58,20008.57;16.95271
19999.71,0.58,20008.57;16.95271
19999.7,0.58,20008.55;16.95844
19999.7,0.58,20008.54;16.96417
19999.69,0.58,20008.52;16.97563
19999.69,0.58,20008.52;16.97563
19999.69,0.58,20008.52;16.97563
19999.69,0.58,20008.51;16.98136
19999.69,0.58,20008.51;16.98136
19999.69,0.58,20008.51;16.98136
19999.68,0.58,20008.5;16.98709
19999.68,0.58,20008.5;16.98709
19999.68,0.58,20008.5;16.98709
19999.68,0.58,20008.48;16.99281
19999.67,0.58,20008.46;16.99854
19999.67,0.58,20008.45;17.01
19999.67,0.58,20008.45;17.01
19999.66,0.58,20008.44;17.02146
19999.66,0.58,20008.42;17.02719
19999.66,0.58,20008.42;17.02719
19999.65,0.58,20008.41;17.03292
19999.65,0.58,20008.39;17.03864
19999.65,0.58,20008.38;17.04437
19999.65,0.58,20008.38;17.04437
19999.64,0.58,20008.37;17.0501
19999.64,0.58,20008.37;17.0501
19999.64,0.58,20008.37;17.0501
19999.64,0.58,20008.35;17.06156
19999.64,0.58,20008.35;17.06156
19999.64,0.58,20008.35;17.06156
19999.63,0.58,20008.34;17.06729
19999.63,0.58,20008.34;17.06729
19999.63,0.58,20008.32;17.07302
19999.63,0.58,20008.32;17.07302
19999.62,0.58,20008.3;17.07875
19999.62,0.58,20008.29;17.08448
19999.62,0.58,20008.29;17.08448
19999.62,0.58,20008.28;17.09021
19999.61,0.58,20008.26;17.10167
19999.61,0.58,20008.26;17.10167
19999.61,0.58,20008.25;17.11312
19999.6,0.58,20008.24;17.11885
19999.6,0.58,20008.24;17.11885
19999.6,0.58,20008.22;17.12458
19999.6,0.58,20008.22;17.12458
19999.59,0.58,20008.21;17.13031
19999.59,0.58,20008.21;17.13031
19999.59,0.58,20008.21;17.13031
19999.59,0.58,20008.19;17.13604
19999.59,0.58,20008.18;17.14177
19999.59,0.58,20008.18;17.14177
19999.58,0.58,20008.17;17.1475
19999.58,0.58,20008.15;17.15896
19999.57,0.58,20008.14;17.16469
19999.57,0.58,20008.14;17.16469
19999.57,0.58,20008.13;17.17042
19999.56,0.58,20008.11;17.17615
19999.56,0.58,20008.11;17.17615
19999.56,0.58,20008.1;17.18188
19999.55,0.58,20008.08;17.18761
19999.55,0.58,20008.08;17.18761
19999.55,0.58,20008.07;17.19334
19999.55,0.58,20008.06;17.19907
19999.54,0.58,20008.04;17.2048
19999.54,0.58,20008.03;17.21053
19999.54,0.58,20008.03;17.21053
19999.54,0.58,20008.02;17.21626
19999.53,0.58,20008.01;17.22198
19999.53,0.58,20008.01;17.22198
19999.53,0.58,20007.99;17.22771
19999.52,0.58,20007.98;17.23917
19999.52,0.58,20007.98;17.23917
19999.52,0.58,20007.97;17.25063
19999.52,0.58,20007.96;17.25063
19999.51,0.58,20007.94;17.26209
19999.51,0.58,20007.94;17.26209
19999.51,0.58,20007.94;17.26209
19999.51,0.58,20007.93;17.27355
19999.51,0.58,20007.92;17.27928
19999.51,0.58,20007.92;17.27928
19999.5,0.58,20007.91;17.28501
19999.5,0.58,20007.9;17.29074
19999.5,0.58,20007.9;17.29074
19999.49,0.58,20007.88;17.29646
19999.49,0.58,20007.87;17.30219
19999.49,0.58,20007.86;17.30792
19999.49,0.58,20007.86;17.30792
19999.48,0.58,20007.85;17.31365
19999.48,0.58,20007.84;17.31938
19999.48,0.58,20007.84;17.31938
19999.47,0.58,20007.82;17.32511
19999.47,0.58,20007.81;17.33084
19999.47,0.58,20007.81;17.33084
19999.47,0.58,20007.8;17.33657
19999.46,0.58,20007.79;17.3423
19999.46,0.58,20007.78;17.34802
19999.46,0.58,20007.77;17.35376
19999.46,0.58,20007.77;17.35376
19999.45,0.58,20007.75;17.35948
19999.45,0.58,20007.74;17.36522
19999.45,0.58,20007.74;17.36522
19999.45,0.58,20007.73;17.37094
19999.44,0.58,20007.72;17.37668
19999.44,0.58,20007.72;17.37668
19999.44,0.58,20007.71;17.38241
19999.44,0.58,20007.7;17.38241
19999.43,0.58,20007.69;17.39386
19999.43,0.58,20007.69;17.39386
19999.43,0.58,20007.68;17.40532
19999.43,0.58,20007.67;17.40532
19999.43,0.58,20007.67;17.40532
19999.43,0.58,20007.67;17.40532
19999.42,0.58,20007.65;17.41105
19999.42,0.58,20007.65;17.41105
19999.42,0.58,20007.65;17.41105
19999.42,0.58,20007.64;17.42251
19999.42,0.58,20007.63;17.42251
19999.42,0.58,20007.63;17.42251
19999.41,0.58,20007.62;17.42251
19999.41,0.58,20007.61;17.42824
19999.41,0.58,20007.61;17.42824
19999.41,0.58,20007.6;17.43397
19999.4,0.58,20007.59;17.4397
19999.4,0.58,20007.59;17.4397
19999.4,0.58,20007.58;17.44543
19999.4,0.58,20007.57;17.45115
19999.39,0.58,20007.56;17.45688
19999.39,0.58,20007.56;17.45688
19999.39,0.58,20007.56;17.45688
19999.39,0.58,20007.55;17.46261
19999.39,0.58,20007.55;17.46261
19999.39,0.58,20007.55;17.46261
19999.39,0.58,20007.54;17.46834
19999.39,0.58,20007.54;17.46834
19999.39,0.58,20007.54;17.46834
19999.38,0.58,20007.53;17.47407
19999.38,0.58,20007.52;17.4798
19999.38,0.58,20007.51;17.4798
19999.38,0.58,20007.51;17.4798
19999.38,0.58,20007.5;17.4798
19999.37,0.58,20007.5;17.48553
19999.37,0.58,20007.5;17.48553
19999.37,0.58,20007.48;17.49125
19999.37,0.58,20007.48;17.49125
19999.37,0.58,20007.48;17.49698
19999.37,0.58,20007.48;17.49698
19999.36,0.58,20007.47;17.50272
19999.36,0.58,20007.46;17.50272
19999.36,0.58,20007.46;17.50272
19999.36,0.58,20007.45;17.50272
19999.35,0.58,20007.44;17.50844
19999.35,0.58,20007.44;17.50844
19999.35,0.58,20007.43;17.51417
19999.35,0.58,20007.42;17.52563
19999.35,0.58,20007.41;17.52563
19999.35,0.58,20007.41;17.52563
19999.35,0.58,20007.41;17.52563
19999.34,0.58,20007.41;17.53136
19999.34,0.58,20007.41;17.53136
19999.34,0.58,20007.41;17.53136
19999.34,0.58,20007.4;17.53709
19999.34,0.58,20007.4;17.53709
19999.34,0.58,20007.4;17.53709
19999.34,0.58,20007.39;17.54282
19999.34,0.58,20007.39;17.54282
19999.34,0.58,20007.38;17.54855
19999.34,0.58,20007.38;17.54855
19999.33,0.58,20007.37;17.55428
19999.33,0.58,20007.36;17.56001
19999.33,0.58,20007.36;17.56001
19999.33,0.58,20007.36;17.56573
19999.33,0.58,20007.35;17.57146
19999.33,0.58,20007.35;17.57146
19999.32,0.58,20007.34;17.57719
19999.32,0.58,20007.34;17.57719
19999.32,0.58,20007.33;17.58292
19999.32,0.58,20007.33;17.58292
19999.32,0.58,20007.33;17.58292
19999.32,0.58,20007.33;17.58865
19999.32,0.58,20007.33;17.58865
19999.32,0.58,20007.32;17.59438
19999.32,0.58,20007.32;17.59438
19999.32,0.58,20007.32;17.59438
19999.31,0.58,20007.31;17.60011
19999.31,0.58,20007.31;17.60584
19999.31,0.58,20007.3;17.61157
19999.31,0.58,20007.29;17.6173
19999.31,0.58,20007.29;17.6173
19999.3,0.58,20007.29;17.62303
19999.3,0.58,20007.29;17.62303
19999.3,0.58,20007.29;17.62303
19999.3,0.58,20007.28;17.62876
19999.3,0.58,20007.27;17.63449
19999.3,0.58,20007.26;17.64022
19999.3,0.58,20007.26;17.64595
19999.29,0.58,20007.25;17.65168
19999.29,0.58,20007.25;17.65168
19999.29,0.58,20007.25;17.65168
19999.29,0.58,20007.25;17.65741
19999.29,0.58,20007.24;17.66314
19999.29,0.58,20007.24;17.66314
19999.29,0.58,20007.23;17.66887
19999.29,0.58,20007.23;17.66887
19999.29,0.58,20007.23;17.66887
19999.29,0.58,20007.23;17.6746
19999.29,0.58,20007.22;17.68033
19999.28,0.58,20007.21;17.68033
19999.28,0.58,20007.21;17.68033
19999.28,0.58,20007.21;17.68033
19999.28,0.58,20007.2;17.68605
19999.28,0.58,20007.2;17.68605
19999.28,0.58,20007.2;17.69178
19999.28,0.58,20007.19;17.69178
19999.28,0.58,20007.19;17.69178
19999.28,0.58,20007.19;17.69178
19999.27,0.58,20007.19;17.69751
19999.27,0.58,20007.18;17.69751
19999.27,0.58,20007.18;17.69751
19999.27,0.58,20007.18;17.70324
19999.27,0.58,20007.18;17.70324
19999.27,0.58,20007.18;17.70324
19999.27,0.58,20007.17;17.70324
19999.27,0.58,20007.17;17.70324
19999.27,0.58,20007.17;17.70324
19999.27,0.58,20007.17;17.70897
19999.27,0.58,20007.16;17.7147
19999.27,0.58,20007.16;17.7147
19999.27,0.58,20007.16;17.7147
19999.26,0.58,20007.15;17.7147
19999.26,0.58,20007.15;17.7147
19999.26,0.58,20007.15;17.7147
19999.26,0.58,20007.14;17.7147
19999.26,0.58,20007.14;17.7147
19999.26,0.58,20007.14;17.7147
19999.26,0.58,20007.14;17.72043
19999.26,0.58,20007.14;17.72043
19999.26,0.58,20007.13;17.72616
19999.25,0.58,20007.13;17.72616
19999.25,0.58,20007.13;17.72616
19999.25,0.58,20007.12;17.72616
19999.25,0.58,20007.12;17.72616
19999.25,0.58,20007.12;17.72616
19999.25,0.58,20007.12;17.72616
19999.25,0.58,20007.11;17.73189
19999.25,0.58,20007.11;17.73189
19999.25,0.58,20007.11;17.73189
19999.25,0.58,20007.11;17.73189
19999.25,0.58,20007.11;17.73189
19999.25,0.58,20007.11;17.73189
19999.25,0.58,20007.11;17.73189
19999.25,0.58,20007.1;17.73189
19999.25,0.58,20007.1;17.73189
19999.25,0.58,20007.1;17.73189
19999.25,0.58,20007.1;17.73189
19999.25,0.58,20007.1;17.73189
19999.25,0.58,20007.1;17.73189
19999.25,0.58,20007.1;17.73189
19999.24,0.58,20007.1;17.73189
19999.24,0.58,20007.09;17.73761
19999.24,0.58,20007.09;17.73761
19999.24,0.58,20007.09;17.74334
19999.24,0.58,20007.09;17.74334
19999.24,0.58,20007.09;17.74334
19999.24,0.58,20007.08;17.74334
19999.24,0.58,20007.08;17.74334
19999.24,0.58,20007.08;17.74334
19999.24,0.58,20007.08;17.74334
19999.24,0.58,20007.08;17.74334
19999.24,0.58,20007.08;17.74334
19999.24,0.58,20007.08;17.74334
19999.24,0.58,20007.08;17.74334
19999.24,0.58,20007.07;17.74334
19999.24,0.58,20007.07;17.74334
19999.24,0.58,20007.07;17.74334
19999.24,0.58,20007.07;17.74334
19999.24,0.58,20007.07;17.74334
19999.24,0.58,20007.07;17.74334
19999.24,0.58,20007.07;17.74334
19999.23,0.58,20007.06;17.74334
19999.23,0.58,20007.06;17.74334
19999.23,0.58,20007.06;17.74334
19999.23,0.58,20007.06;17.74334
19999.23,0.58,20007.06;17.73761
19999.23,0.58,20007.06;17.73761
19999.23,0.58,20007.06;17.73189
19999.23,0.58,20007.06;17.73761
19999.23,0.58,20007.06;17.74334
19999.23,0.58,20007.06;17.74334
19999.23,0.58,20007.06;17.74334
19999.23,0.58,20007.05;17.74334
19999.23,0.58,20007.05;17.73761
19999.23,0.58,20007.05;17.73761
19999.23,0.58,20007.05;17.73761
19999.23,0.58,20007.05;17.73761
19999.23,0.58,20007.05;17.73761
19999.23,0.58,20007.05;17.73761
19999.23,0.58,20007.05;17.74334
19999.23,0.58,20007.04;17.74334
19999.23,0.58,20007.04;17.74334
19999.23,0.58,20007.04;17.74334
19999.23,0.58,20007.04;17.74334
19999.23,0.58,20007.04;17.74334
19999.23,0.58,20007.04;17.74334
19999.23,0.58,20007.04;17.73761
19999.23,0.58,20007.04;17.73761
19999.23,0.58,20007.04;17.73761
19999.23,0.58,20007.04;17.73761
19999.23,0.58,20007.04;17.73761
19999.23,0.58,20007.04;17.73761
19999.23,0.58,20007.04;17.73761
19999.23,0.58,20007.04;17.73761
19999.23,0.58,20007.04;17.73761
19999.23,0.58,20007.04;17.73761
19999.23,0.58,20007.04;17.73761
19999.23,0.58,20007.04;17.74334
19999.23,0.58,20007.04;17.74334
19999.23,0.58,20007.04;17.73761
19999.23,0.58,20007.04;17.73761
19999.23,0.58,20007.04;17.73761
19999.23,0.58,20007.05;17.73761
19999.23,0.58,20007.05;17.73761
19999.23,0.58,20007.05;17.73761
19999.23,0.58,20007.05;17.73761
19999.23,0.58,20007.05;17.73761
19999.23,0.58,20007.05;17.73761
19999.23,0.58,20007.06;17.73761
19999.23,0.58,20007.06;17.73761
19999.23,0.58,20007.06;17.73761
19999.23,0.58,20007.06;17.73761
19999.23,0.58,20007.06;17.73761
19999.23,0.58,20007.06;17.73761
19999.23,0.58,20007.06;17.73761
19999.24,0.58,20007.07;17.73761
19999.24,0.58,20007.07;17.73761
19999.24,0.58,20007.07;17.73761
19999.24,0.58,20007.07;17.73761
19999.24,0.58,20007.07;17.73761
19999.24,0.58,20007.07;17.73761
19999.24,0.58,20007.07;17.73761
19999.24,0.58,20007.07;17.73761
19999.24,0.58,20007.08;17.73761
19999.24,0.58,20007.08;17.73761
19999.24,0.58,20007.08;17.73761
19999.24,0.58,20007.08;17.73761
19999.24,0.58,20007.08;17.73761
19999.24,0.58,20007.08;17.73761
19999.24,0.58,20007.08;17.73761
19999.24,0.58,20007.08;17.73761
19999.24,0.58,20007.09;17.73761
19999.24,0.58,20007.09;17.73761
19999.24,0.58,20007.09;17.73761
19999.24,0.58,20007.09;17.73761
19999.24,0.58,20007.09;17.73761
19999.24,0.58,20007.09;17.73761
19999.24,0.58,20007.09;17.73761
19999.24,0.58,20007.09;17.73761
19999.24,0.58,20007.1;17.73761
19999.24,0.58,20007.1;17.73761
19999.25,0.58,20007.1;17.73189
19999.25,0.58,20007.1;17.73189
19999.25,0.58,20007.1;17.72616
19999.25,0.58,20007.1;17.72616
19999.25,0.58,20007.1;17.72616
19999.25,0.58,20007.11;17.72616
19999.25,0.58,20007.11;17.72616
19999.25,0.58,20007.11;17.72616
19999.25,0.58,20007.12;17.72616
19999.25,0.58,20007.12;17.72616
19999.25,0.58,20007.12;17.72616
19999.25,0.58,20007.12;17.72616
19999.25,0.58,20007.12;17.72616
19999.25,0.58,20007.13;17.72043
19999.25,0.58,20007.13;17.72043
19999.25,0.58,20007.13;17.72043
19999.26,0.58,20007.13;17.7147
19999.26,0.58,20007.13;17.7147
19999.26,0.58,20007.13;17.7147
19999.26,0.58,20007.14;17.7147
19999.26,0.58,20007.14;17.7147
19999.26,0.58,20007.15;17.7147
19999.26,0.58,20007.15;17.7147
19999.26,0.58,20007.15;17.7147
19999.26,0.58,20007.15;17.72043
19999.26,0.58,20007.15;17.72043
19999.26,0.58,20007.15;17.72043
19999.27,0.58,20007.16;17.7147
19999.27,0.58,20007.16;17.7147
19999.27,0.58,20007.16;17.70897
19999.27,0.58,20007.17;17.70897
19999.27,0.58,20007.17;17.70897
19999.27,0.58,20007.18;17.70897
19999.27,0.58,20007.18;17.70897
19999.27,0.58,20007.18;17.70897
19999.28,0.58,20007.19;17.70897
19999.28,0.58,20007.19;17.70897
19999.28,0.58,20007.19;17.70897
19999.28,0.58,20007.19;17.70897
19999.28,0.58,20007.19;17.70897
19999.28,0.58,20007.2;17.70897
19999.28,0.58,20007.2;17.70897
19999.28,0.58,20007.21;17.70897
19999.28,0.58,20007.21;17.70897
19999.28,0.58,20007.21;17.70897
19999.28,0.58,20007.21;17.70897
19999.28,0.58,20007.21;17.70897
19999.28,0.58,20007.21;17.70897
19999.28,0.58,20007.21;17.70897
19999.28,0.58,20007.21;17.70897
19999.28,0.58,20007.21;17.70897
19999.29,0.58,20007.22;17.70897
19999.29,0.58,20007.22;17.70897
19999.29,0.58,20007.23;17.70897
19999.29,0.58,20007.23;17.70897
19999.29,0.58,20007.23;17.70897
19999.29,0.58,20007.23;17.70897
19999.29,0.58,20007.24;17.70897
19999.29,0.58,20007.24;17.70897
19999.29,0.58,20007.24;17.70897
19999.29,0.58,20007.25;17.70897
19999.3,0.58,20007.26;17.70324
19999.3,0.58,20007.26;17.70324
19999.3,0.58,20007.26;17.69751
19999.3,0.58,20007.27;17.69751
19999.3,0.58,20007.27;17.69751
19999.3,0.58,20007.28;17.69751
19999.3,0.58,20007.28;17.69751
19999.3,0.58,20007.28;17.69751
19999.31,0.58,20007.29;17.69751
19999.31,0.58,20007.3;17.69178
19999.31,0.58,20007.3;17.69178
19999.31,0.58,20007.3;17.68605
19999.31,0.58,20007.31;17.68605
19999.32,0.58,20007.32;17.68605
19999.32,0.58,20007.32;17.68605
19999.32,0.58,20007.32;17.68605
19999.32,0.58,20007.33;17.68033
19999.32,0.58,20007.33;17.68033
19999.32,0.58,20007.33;17.68033
19999.32,0.58,20007.33;17.68033
19999.32,0.58,20007.33;17.68033
19999.32,0.58,20007.33;17.68033
19999.32,0.58,20007.34;17.68033
19999.33,0.58,20007.35;17.68033
19999.33,0.58,20007.36;17.68033
19999.33,0.58,20007.36;17.68033
19999.33,0.58,20007.36;17.68033
19999.33,0.58,20007.37;17.6746
19999.33,0.58,20007.37;17.6746
19999.33,0.58,20007.38;17.66887
19999.34,0.58,20007.39;17.66887
19999.34,0.58,20007.39;17.66887
19999.34,0.58,20007.39;17.66314
19999.34,0.58,20007.39;17.66314
19999.34,0.58,20007.4;17.65741
19999.34,0.58,20007.4;17.65741
19999.34,0.58,20007.4;17.65741
19999.35,0.58,20007.41;17.65168
19999.35,0.58,20007.41;17.65168
19999.35,0.58,20007.41;17.65168
19999.35,0.58,20007.42;17.64595
19999.35,0.58,20007.42;17.64595
19999.35,0.58,20007.42;17.64595
19999.35,0.58,20007.43;17.64023
19999.35,0.58,20007.43;17.63449
19999.36,0.58,20007.44;17.63449
19999.36,0.58,20007.44;17.63449
19999.36,0.58,20007.45;17.63449
19999.36,0.58,20007.46;17.62877
19999.36,0.58,20007.46;17.62877
19999.36,0.58,20007.46;17.62877
19999.36,0.58,20007.47;17.62303
19999.36,0.58,20007.47;17.62303
19999.37,0.58,20007.48;17.62303
19999.37,0.58,20007.48;17.62303
19999.37,0.58,20007.49;17.62303
19999.37,0.58,20007.5;17.62303
19999.37,0.58,20007.5;17.62303
19999.37,0.58,20007.5;17.62303
19999.38,0.58,20007.5;17.62303
19999.38,0.58,20007.5;17.62303
19999.38,0.58,20007.5;17.62303
19999.38,0.58,20007.51;17.62303
19999.38,0.58,20007.52;17.62303
19999.38,0.58,20007.53;17.61731
19999.38,0.58,20007.53;17.61731
19999.39,0.58,20007.54;17.61158
19999.39,0.58,20007.55;17.61158
19999.39,0.58,20007.55;17.61158
19999.39,0.58,20007.56;17.61158
19999.39,0.58,20007.57;17.61158
19999.39,0.58,20007.57;17.61158
19999.4,0.58,20007.58;17.61158
19999.4,0.58,20007.58;17.60585
19999.4,0.58,20007.59;17.60012
19999.4,0.58,20007.59;17.60012
19999.41,0.58,20007.6;17.59439
19999.41,0.58,20007.6;17.59439
19999.41,0.58,20007.6;17.59439
19999.41,0.58,20007.6;17.59439
19999.41,0.58,20007.61;17.58866
19999.41,0.58,20007.62;17.58293
19999.41,0.58,20007.62;17.58293
19999.42,0.58,20007.63;17.58293
19999.42,0.58,20007.64;17.58293
19999.42,0.58,20007.65;17.58293
19999.42,0.58,20007.65;17.58293
19999.42,0.58,20007.66;17.58293
19999.43,0.58,20007.67;17.5772
19999.43,0.58,20007.67;17.5772
19999.43,0.58,20007.68;17.57147
19999.43,0.58,20007.69;17.56574
19999.43,0.58,20007.69;17.56574
19999.44,0.58,20007.7;17.56001
19999.44,0.58,20007.71;17.55428
19999.44,0.58,20007.72;17.54855
19999.45,0.58,20007.73;17.54855
19999.45,0.58,20007.73;17.54855
19999.45,0.58,20007.74;17.54855
19999.45,0.58,20007.74;17.54283
19999.45,0.58,20007.74;17.54283
19999.46,0.58,20007.76;17.54283
19999.46,0.58,20007.76;17.54283
19999.46,0.58,20007.77;17.54283
19999.46,0.58,20007.78;17.54283
19999.46,0.58,20007.78;17.54283
19999.46,0.58,20007.78;17.54283
19999.46,0.58,20007.79;17.54283
19999.46,0.58,20007.79;17.54283
19999.46,0.58,20007.79;17.54283
19999.47,0.58,20007.79;17.54283
19999.47,0.58,20007.79;17.54283
19999.47,0.58,20007.79;17.54283
19999.47,0.58,20007.81;17.54283
19999.47,0.58,20007.81;17.54283
19999.47,0.58,20007.82;17.54283
19999.47,0.58,20007.82;17.54283
19999.47,0.58,20007.82;17.54283
19999.48,0.58,20007.82;17.54283
19999.48,0.58,20007.82;17.54283
19999.48,0.58,20007.82;17.54283
19999.48,0.58,20007.84;17.54283
19999.48,0.58,20007.84;17.54283
19999.48,0.58,20007.84;17.54283
19999.49,0.58,20007.88;17.53137
19999.51,0.58,20007.92;17.51991
19999.52,0.58,20007.96;17.50272
19999.52,0.58,20007.96;17.50272
19999.54,0.58,20008.02;17.48553
19999.56,0.58,20008.08;17.48553
19999.56,0.58,20008.08;17.48553
19999.58,0.58,20008.16;17.48553
19999.58,0.58,20008.16;17.48553
19999.58,0.58,20008.16;17.48553
19999.61,0.58,20008.26;17.48553
19999.61,0.58,20008.26;17.48553
19999.65,0.58,20008.39;17.48553
19999.65,0.58,20008.39;17.48553
19999.65,0.58,20008.39;17.48553
19999.7,0.58,20008.52;17.48553
19999.7,0.58,20008.52;17.48553
19999.7,0.58,20008.52;17.48553
19999.74,0.58,20008.66;17.48553
19999.74,0.58,20008.66;17.48553
19999.74,0.58,20008.66;17.48553
19999.8,0.58,20008.85;17.48553
19999.8,0.58,20008.85;17.48553
19999.88,0.58,20009.1;17.48553
19999.88,0.58,20009.1;17.48553
19999.88,0.58,20009.1;17.48553
19999.95,0.58,20009.34;17.48553
19999.95,0.58,20009.34;17.48553
19999.95,0.58,20009.34;17.48553
20000.03,0.58,20009.58;17.48553
20000.03,0.58,20009.58;17.48553
20000.11,0.58,20009.82;17.48553
20000.11,0.58,20009.82;17.48553
20000.18,0.58,20010.06;17.48553
20000.18,0.58,20010.06;17.48553
20000.18,0.58,20010.06;17.48553
20000.26,0.58,20010.31;17.48553
20000.34,0.58,20010.55;17.48553
20000.34,0.58,20010.55;17.48553
20000.41,0.58,20010.79;17.48553
20000.49,0.58,20011.03;17.48553
20000.49,0.58,20011.03;17.48553
20000.56,0.58,20011.28;17.41678
20000.56,0.58,20011.28;17.41678
20000.64,0.58,20011.52;17.34804
20000.71,0.58,20011.76;17.29647
20000.71,0.58,20011.76;17.29647
20000.79,0.58,20012;17.24491
20000.87,0.58,20012.25;17.1647
20000.87,0.58,20012.25;17.1647
20000.94,0.58,20012.49;17.08449
20001.01,0.58,20012.73;17.0272
20001.09,0.58,20012.97;16.95272
20001.09,0.58,20012.97;16.95272
20001.16,0.58,20013.22;16.87824
20001.24,0.58,20013.46;16.80949
20001.24,0.58,20013.46;16.80949
20001.31,0.58,20013.71;16.74074
20001.38,0.58,20013.95;16.66054
20001.38,0.58,20013.95;16.66054
20001.45,0.58,20014.19;16.58033
20001.53,0.58,20014.43;16.48865
20001.6,0.58,20014.68;16.40844
20001.6,0.58,20014.68;16.40844
20001.6,0.58,20014.68;16.40844
20001.67,0.58,20014.92;16.32823
20001.74,0.58,20015.17;16.25948
20001.74,0.58,20015.17;16.25948
20001.81,0.58,20015.41;16.19073
20001.88,0.58,20015.65;16.13917
20001.88,0.58,20015.65;16.13917
20001.95,0.58,20015.9;16.08761
20002.02,0.58,20016.14;15.99593
20002.09,0.58,20016.39;15.91572
20002.09,0.58,20016.39;15.91572
20002.16,0.58,20016.63;15.83551
20002.23,0.58,20016.88;15.7381
20002.23,0.58,20016.88;15.7381
20002.3,0.58,20017.12;15.6407
20002.37,0.58,20017.37;15.54329
20002.37,0.58,20017.37;15.54329
20002.43,0.58,20017.61;15.44589
20002.5,0.58,20017.85;15.36568
20002.57,0.58,20018.1;15.28547
20002.63,0.58,20018.34;15.18806
20002.63,0.58,20018.34;15.18806
20002.7,0.58,20018.59;15.09638
20002.7,0.58,20018.59;15.09638
20002.77,0.58,20018.83;15.0219
20002.77,0.58,20018.83;15.0219
20002.83,0.58,20019.08;14.94742
20002.9,0.58,20019.33;14.87294
20002.96,0.58,20019.57;14.80419
20002.96,0.58,20019.57;14.80419
20003.03,0.58,20019.82;14.73544
20003.09,0.58,20020.06;14.70107
20003.09,0.58,20020.06;14.70107
20003.16,0.58,20020.31;14.66669
20003.22,0.58,20020.55;14.6495
20003.22,0.58,20020.55;14.6495
20003.29,0.58,20020.8;14.63231
20003.35,0.58,20021.04;14.57502
20003.41,0.58,20021.29;14.51773
20003.47,0.58,20021.54;14.48909
20003.47,0.58,20021.54;14.48909
20003.54,0.58,20021.78;14.46044
20003.6,0.58,20022.03;14.45471
20003.6,0.58,20022.03;14.45471
20003.67,0.58,20022.28;14.44898
20003.67,0.58,20022.28;14.44898
20003.67,0.58,20022.28;14.44898
20003.73,0.58,20022.52;14.44325
20003.73,0.58,20022.52;14.44325
20003.79,0.58,20022.77;14.44325
20003.79,0.58,20022.77;14.44325
20003.79,0.58,20022.77;14.44325
20003.86,0.58,20023.01;14.42033
20003.86,0.58,20023.01;14.42033
20003.86,0.58,20023.01;14.42033
20003.92,0.58,20023.26;14.39742
20003.98,0.58,20023.51;14.36877
20003.98,0.58,20023.51;14.36877
20004.04,0.58,20023.75;14.32866
20004.11,0.58,20024;14.28856
20004.17,0.58,20024.24;14.2771
20004.17,0.58,20024.24;14.2771
20004.23,0.58,20024.49;14.26564
20004.29,0.58,20024.74;14.24846
20004.29,0.58,20024.74;14.24846
20004.36,0.58,20024.98;14.20835
20004.36,0.58,20024.98;14.20835
20004.36,0.58,20024.98;14.20835
20004.42,0.58,20025.23;14.14533
20004.48,0.58,20025.47;14.08231
20004.54,0.58,20025.72;14.02502
20004.54,0.58,20025.72;14.02502
20004.6,0.58,20025.97;13.96773
20004.67,0.58,20026.21;13.91043
20004.67,0.58,20026.21;13.91043
20004.73,0.58,20026.46;13.85314
20004.79,0.58,20026.71;13.81304
20004.79,0.58,20026.71;13.81304
20004.85,0.58,20026.96;13.73856
20004.85,0.58,20026.96;13.73856
20004.91,0.58,20027.2;13.66408
20004.97,0.58,20027.45;13.60106
20004.97,0.58,20027.45;13.60106
20005.03,0.58,20027.7;13.53803
20005.09,0.58,20027.94;13.45209
20005.09,0.58,20027.94;13.45209
20005.14,0.58,20028.19;13.36614
20005.2,0.58,20028.44;13.32603
20005.26,0.58,20028.68;13.27447
20005.26,0.58,20028.68;13.27447
20005.32,0.58,20028.93;13.22291
20005.38,0.58,20029.18;13.17707
20005.38,0.58,20029.18;13.17707
20005.44,0.58,20029.43;13.13124
20005.49,0.58,20029.67;13.09686
20005.49,0.58,20029.67;13.09686
20005.53,0.58,20029.84;13.06249
20005.57,0.58,20030;13.06249
20005.57,0.58,20030;13.06249
20005.63,0.58,20030.25;13.03957
20005.63,0.58,20030.25;13.03957
20005.68,0.58,20030.5;13.01665
20005.74,0.58,20030.74;12.99374
20005.74,0.58,20030.74;12.99374
20005.8,0.58,20030.99;12.97082
20005.85,0.58,20031.24;12.97082
20005.85,0.58,20031.24;12.97082
20005.91,0.58,20031.48;12.97082
20005.97,0.58,20031.73;12.95364
20006.03,0.58,20031.98;12.93645
20006.08,0.58,20032.23;12.92499
20006.08,0.58,20032.23;12.92499
20006.14,0.58,20032.47;12.91353
20006.14,0.58,20032.47;12.91353
20006.14,0.58,20032.47;12.91353
20006.2,0.58,20032.72;12.90207
20006.25,0.58,20032.97;12.90207
20006.25,0.58,20032.97;12.90207
20006.31,0.58,20033.22;12.90207
20006.37,0.58,20033.46;12.90207
20006.42,0.58,20033.71;12.89061
20006.42,0.58,20033.71;12.89061
20006.42,0.58,20033.71;12.89061
20006.48,0.58,20033.96;12.85624
20006.48,0.58,20033.96;12.85624
20006.48,0.58,20033.96;12.85624
20006.54,0.58,20034.21;12.82186
20006.59,0.58,20034.46;12.75884
20006.59,0.58,20034.46;12.75884
20006.65,0.58,20034.71;12.67289
20006.7,0.58,20034.95;12.58694
20006.76,0.58,20035.2;12.52392
20006.76,0.58,20035.2;12.52392
20006.81,0.58,20035.45;12.4609
20006.87,0.58,20035.7;12.36923
20006.87,0.58,20035.7;12.36923
20006.92,0.58,20035.95;12.27755
20006.97,0.58,20036.19;12.19734
20006.97,0.58,20036.19;12.19734
20007.03,0.58,20036.44;12.11713
20007.08,0.58,20036.69;12.04838
20007.13,0.58,20036.94;11.9739
20007.13,0.58,20036.94;11.9739
20007.19,0.58,20037.19;11.89942
20007.24,0.58,20037.44;11.82494
20007.24,0.58,20037.44;11.82494
20007.29,0.58,20037.68;11.75046
20007.34,0.58,20037.93;11.67598
20007.34,0.58,20037.93;11.67598
20007.39,0.58,20038.18;11.6015
20007.44,0.58,20038.43;11.50982
20007.49,0.58,20038.68;11.41815
20007.54,0.58,20038.93;11.3322
20007.54,0.58,20038.93;11.3322
20007.59,0.58,20039.18;11.24625
20007.64,0.58,20039.43;11.16604
20007.64,0.58,20039.43;11.16604
20007.69,0.58,20039.68;11.08583
20007.74,0.58,20039.93;10.99415
20007.74,0.58,20039.93;10.99415
20007.79,0.58,20040.17;10.89675
20007.83,0.58,20040.42;10.79934
20007.88,0.58,20040.67;10.73059
20007.88,0.58,20040.67;10.73059
20007.93,0.58,20040.92;10.66184
20007.97,0.58,20041.17;10.56443
20007.97,0.58,20041.17;10.56443
