20000,0.5,20000;0
20000,0.58,20000.23;359.7135
20000,0.58,20000.48;359.427
19999.99,0.58,20000.73;359.1807
19999.99,0.58,20000.95;358.9171
19999.99,0.58,20000.95;358.9171
19999.98,0.58,20001.21;358.6535
19999.97,0.58,20001.46;358.3842
19999.97,0.58,20001.46;358.3842
19999.97,0.58,20001.7;358.1149
19999.96,0.58,20001.95;357.8915
19999.96,0.58,20001.95;357.8915
19999.95,0.58,20002.16;357.668
19999.94,0.58,20002.37;357.5248
19999.93,0.58,20002.61;357.3128
19999.93,0.58,20002.61;357.3128
19999.92,0.58,20002.86;357.1008
19999.9,0.58,20003.1;357.0607
19999.9,0.58,20003.1;357.0607
19999.9,0.58,20003.1;357.0607
19999.89,0.58,20003.31;357.0435
19999.89,0.58,20003.31;357.0435
19999.88,0.58,20003.5;357.0263
19999.88,0.58,20003.5;357.0263
19999.87,0.58,20003.73;357.0092
19999.87,0.58,20003.73;357.0092
19999.87,0.58,20003.73;357.0092
19999.86,0.58,20003.93;356.992
19999.86,0.58,20003.93;356.992
19999.86,0.58,20003.93;356.992
19999.85,0.58,20004.16;356.9748
19999.85,0.58,20004.16;356.9748
19999.85,0.58,20004.16;356.9748
19999.84,0.58,20004.39;356.9576
19999.83,0.58,20004.53;356.9404
19999.83,0.58,20004.53;356.9404
19999.83,0.58,20004.53;356.9404
19999.82,0.58,20004.7;356.9232
19999.82,0.58,20004.7;356.9232
19999.82,0.58,20004.7;356.9232
19999.81,0.58,20004.92;356.906
19999.81,0.58,20004.92;356.906
19999.8,0.58,20005.12;356.8889
19999.8,0.58,20005.12;356.8889
19999.79,0.58,20005.34;356.8201
19999.79,0.58,20005.34;356.8201
19999.79,0.58,20005.34;356.8201
19999.77,0.58,20005.56;356.7513
19999.76,0.58,20005.79;356.6253
19999.76,0.58,20005.79;356.6253
19999.75,0.58,20005.99;356.4992
19999.73,0.58,20006.18;356.3102
19999.73,0.58,20006.18;356.3102
19999.72,0.58,20006.4;356.1211
19999.71,0.58,20006.62;355.932
19999.71,0.58,20006.62;355.932
19999.69,0.58,20006.84;355.7773
19999.69,0.58,20006.84;355.7773
19999.67,0.58,20007.02;355.6685
19999.67,0.58,20007.02;355.6685
19999.67,0.58,20007.02;355.6685
19999.66,0.58,20007.16;355.4851
19999.66,0.58,20007.16;355.4851
19999.66,0.58,20007.16;355.4851
19999.65,0.58,20007.37;355.3304
19999.63,0.58,20007.54;355.1757
19999.62,0.58,20007.72;354.9924
19999.62,0.58,20007.72;354.9924
19999.6,0.58,20007.92;354.809
19999.58,0.58,20008.12;354.6199
19999.58,0.58,20008.12;354.6199
19999.56,0.58,20008.33;354.4309
19999.54,0.58,20008.53;354.2762
19999.54,0.58,20008.53;354.2762
19999.52,0.58,20008.7;354.0928
19999.52,0.58,20008.7;354.0928
19999.5,0.58,20008.9;353.9152
19999.5,0.58,20008.9;353.9152
19999.5,0.58,20008.9;353.9152
19999.48,0.58,20009.09;353.7376
19999.46,0.58,20009.27;353.5829
19999.46,0.58,20009.27;353.5829
19999.44,0.58,20009.44;353.4282
19999.42,0.58,20009.61;353.2563
19999.42,0.58,20009.61;353.2563
19999.41,0.58,20009.7;353.0844
19999.4,0.58,20009.72;352.9125
19999.4,0.58,20009.74;352.7635
19999.4,0.58,20009.74;352.7635
19999.38,0.58,20009.87;352.6146
19999.37,0.58,20010;352.4542
19999.37,0.58,20010;352.4542
19999.35,0.58,20010.18;352.2937
19999.32,0.58,20010.35;352.1333
19999.32,0.58,20010.35;352.1333
19999.29,0.58,20010.53;352.0015
19999.29,0.58,20010.53;352.0015
19999.27,0.58,20010.69;351.8698
19999.25,0.58,20010.85;351.7208
19999.25,0.58,20010.85;351.7208
19999.23,0.58,20011;351.5718
19999.21,0.58,20011.15;351.4286
19999.21,0.58,20011.15;351.4286
19999.18,0.58,20011.3;351.2853
19999.16,0.58,20011.46;351.1707
19999.13,0.58,20011.6;351.0389
19999.13,0.58,20011.6;351.0389
19999.11,0.58,20011.76;350.9072
19999.08,0.58,20011.93;350.7868
19999.08,0.58,20011.93;350.7868
19999.08,0.58,20011.93;350.7868
19999.07,0.58,20011.97;350.678
19999.07,0.58,20011.97;350.678
19999.07,0.58,20011.97;350.678
19999.07,0.58,20012;350.5691
19999.07,0.58,20012;350.5691
19999.05,0.58,20012.11;350.466
19999.05,0.58,20012.11;350.466
19999.05,0.58,20012.11;350.466
19999.03,0.58,20012.21;350.38
19999.03,0.58,20012.21;350.38
19999.03,0.58,20012.26;350.2941
19999.02,0.58,20012.3;350.1967
19999.02,0.58,20012.3;350.1967
19999,0.58,20012.39;350.0992
19998.99,0.58,20012.49;350.0076
19998.99,0.58,20012.49;350.0076
19998.97,0.58,20012.58;349.9331
19998.97,0.58,20012.58;349.9331
19998.97,0.58,20012.58;349.9331
19998.95,0.58,20012.68;349.8471
19998.95,0.58,20012.68;349.8471
19998.95,0.58,20012.68;349.8471
19998.94,0.58,20012.77;349.7727
19998.94,0.58,20012.77;349.7727
19998.92,0.58,20012.86;349.6982
19998.9,0.58,20012.95;349.6352
19998.88,0.58,20013.06;349.555
19998.88,0.58,20013.06;349.555
19998.88,0.58,20013.06;349.555
19998.86,0.58,20013.18;349.4805
19998.86,0.58,20013.18;349.4805
19998.84,0.58,20013.3;349.4232
19998.84,0.58,20013.3;349.4232
19998.84,0.58,20013.3;349.4232
19998.81,0.58,20013.42;349.3487
19998.81,0.58,20013.42;349.3487
19998.79,0.58,20013.54;349.28
19998.79,0.58,20013.54;349.28
19998.78,0.58,20013.59;349.2112
19998.78,0.58,20013.63;349.1539
19998.78,0.58,20013.63;349.1539
19998.78,0.58,20013.63;349.1539
19998.77,0.58,20013.67;349.0909
19998.77,0.58,20013.67;349.0909
19998.76,0.58,20013.71;349.0279
19998.75,0.58,20013.74;348.9706
19998.75,0.58,20013.77;348.919
19998.75,0.58,20013.77;348.919
19998.75,0.58,20013.77;348.919
19998.74,0.58,20013.8;348.8675
19998.74,0.58,20013.8;348.8675
19998.74,0.58,20013.8;348.8675
19998.74,0.58,20013.8;348.8675
19998.74,0.58,20013.83;348.8159
19998.73,0.58,20013.86;348.7758
19998.73,0.58,20013.86;348.7758
19998.72,0.58,20013.89;348.7299
19998.72,0.58,20013.89;348.7299
19998.72,0.58,20013.89;348.7299
19998.72,0.58,20013.93;348.6841
19998.72,0.58,20013.93;348.6841
19998.72,0.58,20013.93;348.6841
19998.71,0.58,20013.96;348.6383
19998.71,0.58,20013.96;348.6383
19998.71,0.58,20013.96;348.6383
19998.71,0.58,20013.99;348.581
19998.69,0.58,20014.04;348.5237
19998.68,0.58,20014.1;348.4836
19998.68,0.58,20014.1;348.4836
19998.67,0.58,20014.18;348.4435
19998.65,0.58,20014.26;348.4034
19998.65,0.58,20014.26;348.4034
19998.64,0.58,20014.29;348.3633
19998.63,0.58,20014.33;348.3117
19998.63,0.58,20014.33;348.3117
19998.63,0.58,20014.37;348.2659
19998.63,0.58,20014.37;348.2659
19998.62,0.58,20014.41;348.2258
19998.62,0.58,20014.41;348.2258
19998.62,0.58,20014.41;348.2258
19998.61,0.58,20014.44;348.18
19998.61,0.58,20014.44;348.18
19998.61,0.58,20014.44;348.18
19998.6,0.58,20014.48;348.1456
19998.6,0.58,20014.48;348.1456
19998.6,0.58,20014.52;348.1112
19998.6,0.58,20014.52;348.1112
19998.6,0.58,20014.52;348.1112
19998.59,0.58,20014.56;348.0883
19998.59,0.58,20014.56;348.0883
19998.58,0.58,20014.61;348.0654
19998.56,0.58,20014.67;348.0482
19998.56,0.58,20014.67;348.0482
19998.55,0.58,20014.73;348.031
19998.54,0.58,20014.8;347.9966
19998.54,0.58,20014.8;347.9966
19998.52,0.58,20014.87;347.9737
19998.52,0.58,20014.87;347.9737
19998.52,0.58,20014.87;347.9737
19998.51,0.58,20014.93;347.9622
19998.51,0.58,20014.93;347.9622
19998.51,0.58,20014.93;347.9622
19998.49,0.58,20015;347.9451
19998.49,0.58,20015;347.9451
19998.49,0.58,20015;347.9451
19998.48,0.58,20015.06;347.9336
19998.48,0.58,20015.06;347.9336
19998.46,0.58,20015.13;347.9279
19998.46,0.58,20015.13;347.9279
19998.46,0.58,20015.13;347.9279
19998.45,0.58,20015.2;347.9221
19998.45,0.58,20015.2;347.9221
19998.45,0.58,20015.2;347.9221
19998.44,0.58,20015.26;347.9164
19998.44,0.58,20015.26;347.9164
19998.44,0.58,20015.26;347.9164
19998.42,0.58,20015.33;347.9107
19998.41,0.58,20015.4;347.9107
19998.41,0.58,20015.4;347.9107
19998.41,0.58,20015.4;347.9107
19998.39,0.58,20015.46;347.9107
19998.39,0.58,20015.46;347.9107
19998.39,0.58,20015.46;347.9107
19998.38,0.58,20015.53;347.9107
19998.38,0.58,20015.53;347.9107
19998.38,0.58,20015.53;347.9107
19998.37,0.58,20015.6;347.9107
19998.37,0.58,20015.6;347.9107
19998.35,0.58,20015.66;347.9107
19998.35,0.58,20015.66;347.9107
19998.35,0.58,20015.66;347.9107
19998.34,0.58,20015.73;347.9107
19998.34,0.58,20015.73;347.9107
19998.34,0.58,20015.73;347.9107
19998.32,0.58,20015.79;347.9107
19998.32,0.58,20015.79;347.9107
19998.32,0.58,20015.79;347.9107
19998.31,0.58,20015.86;347.9107
19998.29,0.58,20015.93;347.9107
19998.29,0.58,20015.93;347.9107
19998.29,0.58,20015.93;347.9107
19998.28,0.58,20016;347.9107
19998.28,0.58,20016;347.9107
19998.28,0.58,20016;347.9107
19998.27,0.58,20016.06;347.9107
19998.27,0.58,20016.06;347.9107
19998.27,0.58,20016.06;347.9107
19998.27,0.58,20016.06;347.9107
19998.25,0.58,20016.13;347.9107
19998.24,0.58,20016.2;347.9107
19998.24,0.58,20016.2;347.9107
19998.24,0.58,20016.2;347.9107
19998.22,0.58,20016.26;347.9107
19998.22,0.58,20016.26;347.9107
19998.22,0.58,20016.26;347.9107
19998.21,0.58,20016.33;347.9107
19998.21,0.58,20016.33;347.9107
19998.2,0.58,20016.39;347.9107
19998.2,0.58,20016.39;347.9107
19998.2,0.58,20016.39;347.9107
19998.2,0.58,20016.39;347.9107
19998.2,0.58,20016.39;347.9107
19998.2,0.58,20016.39;347.9107
19998.2,0.58,20016.39;347.9107
19998.18,0.58,20016.46;347.8763
19998.18,0.58,20016.46;347.8763
19998.18,0.58,20016.46;347.8763
19998.17,0.58,20016.53;347.7961
19998.15,0.58,20016.59;347.7331
19998.15,0.58,20016.59;347.7331
19998.15,0.58,20016.59;347.7331
19998.14,0.58,20016.66;347.5956
19998.14,0.58,20016.66;347.5956
19998.14,0.58,20016.66;347.5956
19998.12,0.58,20016.73;347.4753
19998.12,0.58,20016.73;347.4753
19998.11,0.58,20016.77;347.3607
19998.11,0.58,20016.77;347.3607
19998.06,0.58,20017.02;347.2346
19998.06,0.58,20017.02;347.2346
19998.06,0.58,20017.02;347.2346
19998,0.58,20017.26;347.0512
19998,0.58,20017.26;347.0512
19997.95,0.58,20017.48;346.8679
19997.9,0.58,20017.69;346.7018
19997.9,0.58,20017.69;346.7018
19997.88,0.58,20017.76;346.5127
19997.88,0.58,20017.76;346.5127
19997.83,0.58,20017.96;346.3293
19997.83,0.58,20017.96;346.3293
19997.77,0.58,20018.21;346.146
19997.71,0.58,20018.45;345.997
19997.71,0.58,20018.45;345.997
19997.71,0.58,20018.45;345.997
19997.65,0.58,20018.7;345.8251
19997.65,0.58,20018.7;345.8251
19997.59,0.58,20018.95;345.6647
19997.59,0.58,20018.95;345.6647
19997.52,0.58,20019.19;345.5272
19997.52,0.58,20019.19;345.5272
19997.46,0.58,20019.44;345.3897
19997.39,0.58,20019.68;345.2178
19997.39,0.58,20019.68;345.2178
19997.33,0.58,20019.93;345.0459
19997.26,0.58,20020.17;344.8625
19997.2,0.58,20020.42;344.7021
19997.2,0.58,20020.42;344.7021
19997.2,0.58,20020.42;344.7021
19997.13,0.58,20020.66;344.5131
19997.13,0.58,20020.66;344.5131
19997.13,0.58,20020.66;344.5131
19997.06,0.58,20020.91;344.3354
19997.06,0.58,20020.91;344.3354
19997.06,0.58,20020.91;344.3354
19996.99,0.58,20021.15;344.1865
19996.99,0.58,20021.15;344.1865
19996.95,0.58,20021.28;344.0031
19996.95,0.58,20021.28;344.0031
19996.94,0.58,20021.34;343.8198
19996.92,0.58,20021.41;343.6307
19996.92,0.58,20021.41;343.6307
19996.84,0.58,20021.65;343.4416
19996.77,0.58,20021.89;343.2927
19996.77,0.58,20021.89;343.2927
19996.7,0.58,20022.14;343.1437
19996.62,0.58,20022.38;342.9832
19996.55,0.58,20022.62;342.8286
19996.55,0.58,20022.62;342.8286
19996.5,0.58,20022.77;342.6739
19996.46,0.58,20022.91;342.5535
19996.46,0.58,20022.91;342.5535
19996.39,0.58,20023.12;342.4332
19996.32,0.58,20023.34;342.2957
19996.32,0.58,20023.34;342.2957
19996.26,0.58,20023.53;342.1582
19996.2,0.58,20023.73;342.0436
19996.15,0.58,20023.86;341.929
19996.11,0.58,20023.99;341.8259
19996.11,0.58,20023.99;341.8259
19996.11,0.58,20023.99;341.8259
19996.07,0.58,20024.12;341.6998
19996.07,0.58,20024.12;341.6998
19996.07,0.58,20024.12;341.6998
19996.02,0.58,20024.25;341.6024
19996.02,0.58,20024.25;341.6024
19996.02,0.58,20024.25;341.6024
19995.98,0.58,20024.38;341.4935
19995.94,0.58,20024.51;341.3789
19995.94,0.58,20024.51;341.3789
19995.94,0.58,20024.51;341.3789
19995.91,0.58,20024.6;341.2873
19995.91,0.58,20024.6;341.2873
19995.91,0.58,20024.6;341.2873
19995.88,0.58,20024.68;341.1841
19995.88,0.58,20024.68;341.1841
19995.88,0.58,20024.68;341.1841
19995.85,0.58,20024.77;341.0753
19995.85,0.58,20024.77;341.0753
19995.82,0.58,20024.85;340.9893
19995.82,0.58,20024.85;340.9893
19995.78,0.58,20024.96;340.9034
19995.78,0.58,20024.96;340.9034
19995.7,0.58,20025.2;340.8174
19995.61,0.58,20025.44;340.7601
19995.61,0.58,20025.44;340.7601
19995.53,0.58,20025.68;340.7086
19995.45,0.58,20025.92;340.657
19995.36,0.58,20026.16;340.5596
19995.36,0.58,20026.16;340.5596
19995.36,0.58,20026.16;340.5596
19995.28,0.58,20026.4;340.4507
19995.28,0.58,20026.4;340.4507
19995.28,0.58,20026.4;340.4507
19995.19,0.58,20026.64;340.3419
19995.11,0.58,20026.88;340.2502
19995.11,0.58,20026.88;340.2502
19995.02,0.58,20027.12;340.1528
19994.93,0.58,20027.36;340.0554
19994.85,0.58,20027.6;339.9694
19994.85,0.58,20027.6;339.9694
19994.76,0.58,20027.83;339.8835
19994.67,0.58,20028.07;339.809
19994.67,0.58,20028.07;339.809
19994.61,0.58,20028.22;339.7345
19994.56,0.58,20028.38;339.6371
19994.56,0.58,20028.38;339.6371
19994.47,0.58,20028.62;339.5454
19994.47,0.58,20028.62;339.5454
19994.4,0.58,20028.79;339.4537
19994.33,0.58,20028.97;339.3735
19994.33,0.58,20028.97;339.3735
19994.24,0.58,20029.21;339.2933
19994.15,0.58,20029.45;339.2016
19994.15,0.58,20029.45;339.2016
19994.06,0.58,20029.69;339.11
19993.97,0.58,20029.92;339.0183
19993.97,0.58,20029.92;339.0183
19993.88,0.58,20030.16;338.9438
19993.8,0.58,20030.36;338.8693
19993.72,0.58,20030.56;338.7834
19993.72,0.58,20030.56;338.7834
19993.63,0.58,20030.8;338.6974
19993.54,0.58,20031.03;338.6115
19993.54,0.58,20031.03;338.6115
19993.45,0.58,20031.27;338.5255
19993.36,0.58,20031.5;338.4453
19993.36,0.58,20031.5;338.4453
19993.29,0.58,20031.66;338.3536
19993.29,0.58,20031.66;338.3536
19993.2,0.58,20031.89;338.262
19993.11,0.58,20032.13;338.1989
19993.11,0.58,20032.13;338.1989
19993.01,0.58,20032.36;338.1359
19992.92,0.58,20032.6;338.1302
19992.92,0.58,20032.6;338.1302
19992.82,0.58,20032.84;338.1245
19992.73,0.58,20033.07;338.0557
19992.63,0.58,20033.31;337.987
19992.63,0.58,20033.31;337.987
19992.62,0.58,20033.34;337.9182
19992.61,0.58,20033.37;337.8666
19992.61,0.58,20033.37;337.8666
19992.61,0.58,20033.37;337.8666
19992.53,0.58,20033.57;337.8094
19992.53,0.58,20033.57;337.8094
19992.53,0.58,20033.57;337.8094
19992.43,0.58,20033.8;337.7693
19992.38,0.58,20033.92;337.7292
19992.33,0.58,20034.04;337.6891
19992.33,0.58,20034.04;337.6891
19992.28,0.58,20034.16;337.6489
19992.23,0.58,20034.29;337.6317
19992.23,0.58,20034.29;337.6317
19992.16,0.58,20034.45;337.6146
19992.1,0.58,20034.62;337.6088
19992.1,0.58,20034.62;337.6088
19992.06,0.58,20034.71;337.6031
19992.02,0.58,20034.81;337.5859
19992.01,0.58,20034.83;337.5687
19992,0.58,20034.85;337.563
19992,0.58,20034.85;337.563
19991.94,0.58,20034.99;337.5573
19991.88,0.58,20035.13;337.5515
19991.88,0.58,20035.13;337.5515
19991.81,0.58,20035.3;337.5458
19991.74,0.58,20035.47;337.5344
19991.74,0.58,20035.47;337.5344
19991.67,0.58,20035.65;337.5229
19991.59,0.58,20035.83;337.5172
19991.51,0.58,20036.03;337.5114
19991.51,0.58,20036.03;337.5114
19991.51,0.58,20036.03;337.5114
19991.44,0.58,20036.19;337.5114
19991.44,0.58,20036.19;337.5114
19991.44,0.58,20036.19;337.5114
19991.37,0.58,20036.37;337.5114
19991.37,0.58,20036.37;337.5114
19991.31,0.58,20036.52;337.5114
19991.31,0.58,20036.52;337.5114
19991.25,0.58,20036.66;337.5114
19991.19,0.58,20036.8;337.5057
19991.19,0.58,20036.8;337.5057
19991.12,0.58,20036.97;337.5
19991.05,0.58,20037.15;337.4943
19991.05,0.58,20037.15;337.4943
19991.02,0.58,20037.23;337.4885
19990.98,0.58,20037.31;337.4828
19990.98,0.58,20037.31;337.4828
19990.96,0.58,20037.35;337.4771
19990.89,0.58,20037.53;337.4771
19990.82,0.58,20037.7;337.4713
19990.82,0.58,20037.7;337.4713
19990.82,0.58,20037.7;337.4713
19990.78,0.58,20037.8;337.4713
19990.78,0.58,20037.8;337.4713
19990.78,0.58,20037.8;337.4713
19990.72,0.58,20037.94;337.4713
19990.72,0.58,20037.94;337.4713
19990.72,0.58,20037.94;337.4713
19990.68,0.58,20038.05;337.4656
19990.68,0.58,20038.05;337.4656
19990.63,0.58,20038.15;337.4541
19990.63,0.58,20038.15;337.4541
19990.63,0.58,20038.15;337.4427
19990.63,0.58,20038.16;337.437
19990.63,0.58,20038.16;337.437
19990.59,0.58,20038.26;337.4312
19990.54,0.58,20038.36;337.4312
19990.54,0.58,20038.36;337.4312
19990.48,0.58,20038.53;337.4312
19990.41,0.58,20038.69;337.4312
19990.35,0.58,20038.82;337.4312
19990.35,0.58,20038.82;337.4312
19990.35,0.58,20038.82;337.4312
19990.29,0.58,20038.98;337.4312
19990.22,0.58,20039.14;337.4312
19990.22,0.58,20039.14;337.4312
19990.16,0.58,20039.28;337.4312
19990.16,0.58,20039.28;337.4312
19990.16,0.58,20039.28;337.4312
19990.1,0.58,20039.44;337.4312
19990.03,0.58,20039.59;337.4312
19989.97,0.58,20039.75;337.4255
19989.97,0.58,20039.75;337.4255
19989.91,0.58,20039.89;337.4198
19989.85,0.58,20040.02;337.4198
19989.85,0.58,20040.02;337.4198
19989.79,0.58,20040.18;337.4198
19989.72,0.58,20040.34;337.4198
19989.72,0.58,20040.34;337.4198
19989.66,0.58,20040.5;337.4198
19989.66,0.58,20040.5;337.4198
19989.6,0.58,20040.63;337.4198
19989.54,0.58,20040.77;337.4198
19989.54,0.58,20040.77;337.4198
19989.48,0.58,20040.92;337.4198
19989.42,0.58,20041.08;337.4198
19989.42,0.58,20041.08;337.4198
19989.35,0.58,20041.23;337.4198
19989.29,0.58,20041.39;337.4198
19989.23,0.58,20041.52;337.4198
19989.23,0.58,20041.52;337.4198
19989.23,0.58,20041.52;337.4198
19989.23,0.58,20041.68;337.414
19989.23,0.58,20041.68;337.414
19989.23,0.58,20041.68;337.414
19989.23,0.5800001,20041.84;337.414
19989.23,0.5800001,20041.84;337.414
19989.23,0.5800001,20041.84;337.414
19989.23,0.5800001,20041.97;337.414
19989.23,0.5800001,20041.97;337.414
19989.23,0.5800001,20042.09;337.414
19989.23,0.5800001,20042.09;337.414
19989.23,0.58,20042.25;337.414
19989.23,0.58,20042.4;337.414
19989.23,0.58,20042.4;337.414
19989.23,0.5800001,20042.53;337.414
19989.23,0.5800001,20042.67;337.4083
19989.23,0.5800001,20042.67;337.4083
