20000,0.5,20000;0
20000,0.5795646,20000.01;359.9141
20000,0.5799997,20000.03;359.8338
20000,0.5799997,20000.03;359.8338
20000,0.5799997,20000.03;359.8338
20000,0.5799997,20000.04;359.7536
20000,0.5799997,20000.06;359.6792
20000,0.58,20000.07;359.5989
20000,0.58,20000.07;359.5989
20000,0.58,20000.07;359.5989
20000,0.58,20000.08;359.5187
20000,0.58,20000.1;359.4385
20000,0.58,20000.1;359.4385
20000,0.58,20000.11;359.364
20000,0.58,20000.11;359.364
20000,0.58,20000.12;359.2896
20000,0.58,20000.14;359.2094
20000,0.58,20000.15;359.1234
20000,0.58,20000.15;359.1234
20000,0.58,20000.15;359.1234
20000,0.58,20000.16;359.0375
20000,0.58,20000.17;358.963
20000,0.58,20000.18;358.8828
20000,0.58,20000.18;358.8828
20000,0.58,20000.18;358.8828
20000,0.58,20000.19;358.8026
20000,0.58,20000.2;358.7281
20000,0.58,20000.22;358.6422
20000,0.58,20000.22;358.6422
20000,0.58,20000.22;358.6422
20000,0.58,20000.23;358.5562
20000,0.58,20000.24;358.4702
20000,0.58,20000.25;358.4015
20000,0.58,20000.25;358.4015
20000,0.58,20000.25;358.4015
20000,0.58,20000.26;358.3327
20000,0.58,20000.27;358.2468
20000,0.58,20000.28;358.1608
20000,0.58,20000.28;358.1608
20000,0.58,20000.29;358.0749
19999.99,0.58,20000.3;358.0004
19999.99,0.58,20000.31;357.9259
19999.99,0.58,20000.32;357.8457
19999.99,0.58,20000.32;357.8457
19999.99,0.58,20000.32;357.8457
19999.99,0.58,20000.33;357.7655
19999.99,0.58,20000.34;357.6796
19999.99,0.58,20000.35;357.6051
19999.99,0.58,20000.35;357.6051
19999.99,0.58,20000.36;357.5306
19999.99,0.58,20000.37;357.4447
19999.99,0.58,20000.38;357.3587
19999.99,0.58,20000.39;357.2728
19999.99,0.58,20000.39;357.2728
19999.99,0.58,20000.39;357.2728
19999.99,0.58,20000.39;357.1868
19999.99,0.58,20000.4;357.1123
19999.99,0.58,20000.41;357.0207
19999.99,0.58,20000.41;357.0207
19999.99,0.58,20000.41;357.0207
19999.99,0.58,20000.41;356.929
19999.99,0.58,20000.42;356.843
19999.99,0.58,20000.43;356.7686
19999.99,0.58,20000.43;356.7686
19999.99,0.58,20000.43;356.7686
19999.99,0.58,20000.43;356.6941
19999.99,0.58,20000.44;356.6081
19999.99,0.58,20000.45;356.5164
19999.99,0.58,20000.45;356.5164
19999.99,0.58,20000.45;356.5164
19999.99,0.58,20000.45;356.4477
19999.99,0.58,20000.46;356.3789
19999.99,0.58,20000.46;356.293
19999.99,0.58,20000.46;356.293
19999.99,0.58,20000.46;356.293
19999.99,0.58,20000.47;356.207
19999.99,0.58,20000.47;356.1211
19999.99,0.58,20000.48;356.0409
19999.99,0.58,20000.48;356.0409
19999.99,0.58,20000.48;356.0409
19999.99,0.58,20000.48;355.9607
19999.99,0.58,20000.48;355.8805
19999.99,0.58,20000.48;355.8003
19999.99,0.58,20000.48;355.8003
19999.99,0.58,20000.48;355.8003
19999.99,0.58,20000.49;355.7258
19999.98,0.58,20000.49;355.6513
19999.98,0.58,20000.49;355.5654
19999.98,0.58,20000.49;355.5654
19999.98,0.58,20000.49;355.5654
19999.98,0.58,20000.49;355.4794
19999.98,0.58,20000.49;355.4794
19999.98,0.58,20000.49;355.4049
19999.98,0.58,20000.49;355.4049
19999.98,0.58,20000.49;355.4049
19999.98,0.58,20000.49;355.319
19999.98,0.58,20000.49;355.233
19999.98,0.58,20000.49;355.1414
19999.98,0.58,20000.49;355.1414
19999.98,0.58,20000.49;355.0669
19999.98,0.58,20000.49;355.0669
19999.98,0.58,20000.49;354.9924
19999.98,0.58,20000.49;354.9122
19999.98,0.58,20000.49;354.9122
19999.98,0.58,20000.49;354.8262
19999.98,0.58,20000.49;354.8262
19999.98,0.58,20000.49;354.7403
19999.98,0.58,20000.49;354.6601
19999.98,0.58,20000.49;354.5799
19999.98,0.58,20000.49;354.5799
19999.98,0.58,20000.49;354.5799
19999.98,0.58,20000.49;354.4997
19999.98,0.58,20000.49;354.408
19999.98,0.58,20000.49;354.3392
19999.98,0.58,20000.49;354.3392
19999.98,0.58,20000.49;354.3392
19999.98,0.58,20000.5;354.2476
19999.98,0.58,20000.5;354.2476
19999.98,0.58,20000.5;354.1559
19999.98,0.58,20000.5;354.1559
19999.98,0.58,20000.5;354.1559
19999.98,0.58,20000.51;354.0814
19999.98,0.58,20000.52;354.0069
19999.98,0.58,20000.52;353.921
19999.98,0.58,20000.52;353.921
19999.98,0.58,20000.53;353.835
19999.98,0.58,20000.54;353.7433
19999.98,0.58,20000.54;353.6746
19999.98,0.58,20000.54;353.6746
19999.98,0.58,20000.54;353.6746
19999.98,0.58,20000.55;353.6058
19999.98,0.58,20000.56;353.5657
19999.98,0.58,20000.56;353.4741
19999.98,0.58,20000.56;353.4741
19999.98,0.58,20000.57;353.3824
19999.98,0.58,20000.57;353.3079
19999.97,0.58,20000.58;353.2162
19999.97,0.58,20000.58;353.2162
19999.97,0.58,20000.58;353.2162
19999.97,0.58,20000.58;353.1245
19999.97,0.58,20000.59;353.0329
19999.97,0.58,20000.59;352.9527
19999.97,0.58,20000.59;352.9527
19999.97,0.58,20000.59;352.8724
19999.97,0.58,20000.6;352.7808
19999.97,0.58,20000.6;352.6891
19999.97,0.58,20000.6;352.6891
19999.97,0.58,20000.6;352.5974
19999.97,0.58,20000.6;352.5401
19999.97,0.58,20000.6;352.4485
19999.97,0.58,20000.6;352.4485
19999.97,0.58,20000.6;352.4485
19999.97,0.58,20000.6;352.3568
19999.97,0.58,20000.6;352.2651
19999.97,0.58,20000.6;352.1906
19999.97,0.58,20000.6;352.1906
19999.97,0.58,20000.6;352.1161
19999.97,0.58,20000.6;352.0244
19999.97,0.58,20000.6;351.9328
19999.97,0.58,20000.6;351.8411
19999.97,0.58,20000.6;351.8411
19999.97,0.58,20000.6;351.8411
19999.97,0.58,20000.6;351.7666
19999.97,0.58,20000.6;351.6749
19999.97,0.58,20000.6;351.6749
19999.97,0.58,20000.6;351.5833
19999.97,0.58,20000.6;351.4916
19999.97,0.58,20000.6;351.4171
19999.97,0.58,20000.6;351.4171
19999.97,0.58,20000.6;351.4171
19999.97,0.58,20000.6;351.3311
19999.97,0.58,20000.6;351.2452
19999.97,0.58,20000.6;351.1535
19999.97,0.58,20000.6;351.1535
19999.97,0.58,20000.6;351.0619
19999.97,0.58,20000.6;350.9874
19999.97,0.58,20000.6;350.9129
19999.97,0.58,20000.6;350.8212
19999.97,0.58,20000.6;350.8212
19999.97,0.58,20000.6;350.7353
19999.97,0.58,20000.6;350.7353
19999.97,0.58,20000.6;350.6493
19999.97,0.58,20000.6;350.5748
19999.97,0.58,20000.6;350.5748
19999.97,0.58,20000.6;350.4889
19999.97,0.58,20000.6;350.4889
19999.97,0.58,20000.6;350.403
19999.97,0.58,20000.6;350.3227
19999.97,0.58,20000.6;350.3227
19999.97,0.58,20000.6;350.2368
19999.97,0.58,20000.6;350.2368
19999.97,0.58,20000.6;350.1508
19999.97,0.58,20000.6;350.0649
19999.97,0.58,20000.6;350.0649
19999.97,0.58,20000.6;349.9961
19999.97,0.58,20000.6;349.9961
19999.97,0.58,20000.61;349.9274
19999.97,0.58,20000.62;349.8472
19999.97,0.58,20000.62;349.8472
19999.96,0.58,20000.64;349.7727
19999.96,0.58,20000.64;349.7727
19999.96,0.58,20000.66;349.6982
19999.96,0.58,20000.68;349.6295
19999.96,0.58,20000.68;349.6295
19999.95,0.58,20000.71;349.5607
19999.95,0.58,20000.71;349.5607
19999.95,0.58,20000.75;349.492
19999.94,0.58,20000.79;349.4175
19999.93,0.58,20000.85;349.3602
19999.93,0.58,20000.85;349.3602
19999.93,0.58,20000.85;349.3602
19999.92,0.58,20000.9;349.3029
19999.91,0.58,20000.95;349.2284
19999.9,0.58,20001.01;349.1539
19999.9,0.58,20001.01;349.1539
19999.88,0.58,20001.08;349.0795
19999.87,0.58,20001.15;349.0164
19999.87,0.58,20001.15;349.0164
19999.85,0.58,20001.23;348.9362
19999.85,0.58,20001.23;348.9362
19999.85,0.58,20001.23;348.9362
19999.83,0.58,20001.36;348.8331
19999.83,0.58,20001.36;348.8331
19999.79,0.58,20001.53;348.7586
19999.79,0.58,20001.53;348.7586
19999.79,0.58,20001.53;348.7586
19999.76,0.58,20001.72;348.6841
19999.72,0.58,20001.91;348.5409
19999.68,0.58,20002.12;348.369
19999.68,0.58,20002.12;348.369
19999.68,0.58,20002.12;348.369
19999.64,0.58,20002.29;348.1971
19999.6,0.58,20002.46;348.0482
19999.57,0.58,20002.62;347.882
19999.57,0.58,20002.62;347.882
19999.57,0.58,20002.62;347.882
19999.51,0.58,20002.87;347.7158
19999.46,0.58,20003.12;347.5325
19999.4,0.58,20003.37;347.3492
19999.4,0.58,20003.37;347.3492
19999.4,0.58,20003.37;347.3492
19999.35,0.58,20003.62;347.1658
19999.29,0.58,20003.86;346.9252
19999.23,0.58,20004.11;346.7074
19999.23,0.58,20004.11;346.7074
19999.23,0.58,20004.11;346.7074
19999.17,0.58,20004.34;346.4897
19999.12,0.58,20004.59;346.3178
19999.05,0.58,20004.84;346.1288
19999.05,0.58,20004.84;346.1288
19999.05,0.58,20004.84;346.1288
19998.99,0.58,20005.08;345.9397
19998.93,0.58,20005.33;345.7621
19998.87,0.58,20005.58;345.6074
19998.8,0.58,20005.82;345.4527
19998.74,0.58,20006.07;345.2521
19998.72,0.58,20006.15;345.0516
19998.7,0.58,20006.23;344.8282
19998.7,0.58,20006.23;344.8282
19998.63,0.58,20006.47;344.6047
19998.56,0.58,20006.71;344.4099
19998.49,0.58,20006.96;344.1807
19998.49,0.58,20006.96;344.1807
19998.42,0.58,20007.21;343.9515
19998.35,0.58,20007.45;343.7395
19998.28,0.58,20007.69;343.5276
19998.2,0.58,20007.94;343.3557
19998.2,0.58,20007.94;343.3557
19998.2,0.58,20007.94;343.3557
19998.13,0.58,20008.18;343.1494
19998.06,0.58,20008.42;342.9431
19997.98,0.58,20008.66;342.7311
19997.98,0.58,20008.66;342.7311
19997.9,0.58,20008.91;342.5192
19997.83,0.58,20009.15;342.3243
19997.77,0.58,20009.32;342.1295
19997.71,0.58,20009.49;341.9061
19997.71,0.58,20009.49;341.9061
19997.63,0.58,20009.73;341.6826
19997.55,0.58,20009.98;341.4649
19997.47,0.58,20010.22;341.2472
19997.39,0.58,20010.46;341.0811
19997.39,0.58,20010.46;341.0811
19997.39,0.58,20010.46;341.0811
19997.31,0.58,20010.7;340.9091
19997.22,0.58,20010.94;340.7373
19997.14,0.58,20011.18;340.6112
19997.14,0.58,20011.18;340.6112
19997.14,0.58,20011.18;340.6112
19997.05,0.58,20011.42;340.4852
19996.97,0.58,20011.64;340.3591
19996.89,0.58,20011.87;340.1586
19996.89,0.58,20011.87;340.1586
19996.88,0.58,20011.91;340.1529
19996.88,0.58,20011.91;340.1529
19996.88,0.58,20011.91;340.1529
19996.86,0.58,20011.96;340.0039
19996.86,0.58,20011.96;340.0039
19996.78,0.58,20012.19;339.832
19996.69,0.58,20012.42;339.6601
19996.6,0.58,20012.66;339.5341
19996.6,0.58,20012.66;339.5341
19996.51,0.58,20012.9;339.408
19996.51,0.58,20012.9;339.408
19996.42,0.58,20013.14;339.282
19996.33,0.58,20013.37;339.1559
19996.33,0.58,20013.37;339.1559
19996.24,0.58,20013.61;338.9382
19996.24,0.58,20013.61;338.9382
19996.15,0.58,20013.85;338.7892
19996.15,0.58,20013.85;338.7892
19996.05,0.58,20014.08;338.6803
19996.05,0.58,20014.08;338.6803
19995.96,0.58,20014.32;338.5715
19995.87,0.58,20014.56;338.3652
19995.77,0.58,20014.79;338.1819
19995.77,0.58,20014.79;338.1819
19995.68,0.58,20015.03;337.9985
19995.58,0.58,20015.26;337.798
19995.48,0.58,20015.5;337.5974
19995.39,0.58,20015.73;337.3912
19995.39,0.58,20015.73;337.3912
19995.29,0.58,20015.96;337.1849
19995.19,0.58,20016.2;337.0188
19995.09,0.58,20016.43;336.8011
19995.09,0.58,20016.43;336.8011
19995.09,0.58,20016.43;336.8011
19994.99,0.58,20016.66;336.5833
19994.89,0.58,20016.9;336.3656
19994.79,0.58,20017.11;336.188
19994.79,0.58,20017.11;336.188
19994.79,0.58,20017.11;336.188
19994.69,0.58,20017.35;336.0104
19994.58,0.58,20017.58;335.8156
19994.48,0.58,20017.81;335.6322
19994.48,0.58,20017.81;335.6322
19994.48,0.58,20017.81;335.6322
19994.38,0.58,20018.03;335.4489
19994.28,0.58,20018.25;335.2942
19994.17,0.58,20018.48;335.1166
19994.17,0.58,20018.48;335.1166
19994.17,0.58,20018.48;335.1166
19994.06,0.58,20018.71;334.9389
19993.96,0.58,20018.94;334.7499
19993.85,0.58,20019.16;334.578
19993.85,0.58,20019.16;334.578
19993.85,0.58,20019.16;334.578
19993.74,0.58,20019.39;334.4061
19993.63,0.58,20019.62;334.2056
19993.52,0.58,20019.85;334.005
19993.52,0.58,20019.85;334.005
19993.41,0.58,20020.07;333.8045
19993.35,0.58,20020.29;333.6326
19993.35,0.58,20020.51;333.4607
19993.35,0.5800008,20020.74;333.2602
19993.35,0.5800008,20020.74;333.2602
19993.35,0.5800015,20020.96;333.0597
19993.35,0.580002,20021.19;332.8935
19993.35,0.5800022,20021.42;332.693
19993.35,0.5800022,20021.42;332.693
19993.35,0.5800022,20021.42;332.693
19993.35,0.5800022,20021.64;332.4924
19993.35,0.5800025,20021.87;332.2919
19993.35,0.5800022,20022.09;332.0914
19993.35,0.5800021,20022.32;331.9195
19993.35,0.5800021,20022.32;331.9195
19993.35,0.580002,20022.53;331.7476
19993.35,0.5800026,20022.73;331.5471
19993.35,0.5800025,20022.88;331.3466
19993.35,0.5800025,20022.88;331.3466
19993.35,0.5800025,20022.88;331.3466
19993.35,0.5800029,20023.03;331.1747
19993.35,0.5800029,20023.03;331.1747
19993.35,0.580003,20023.09;330.9684
19993.35,0.580003,20023.09;330.9684
19993.35,0.5800022,20023.31;330.7621
19993.35,0.5800033,20023.53;330.533
19993.35,0.5800033,20023.55;330.3038
19993.35,0.5800033,20023.57;330.1032
19993.35,0.5800033,20023.57;330.1032
19993.35,0.5800038,20023.79;329.8741
19993.35,0.5800038,20023.79;329.8741
19993.35,0.5800036,20024.01;329.6449
19993.35,0.580003,20024.23;329.4272
19993.35,0.580003,20024.23;329.4272
19993.35,0.5800029,20024.45;329.2438
19993.35,0.5800029,20024.45;329.2438
19993.35,0.5800024,20024.67;329.0318
19993.35,0.5800024,20024.67;329.0318
19993.35,0.5800024,20024.67;329.0318
19993.35,0.5800025,20024.88;328.8256
19993.35,0.5800025,20024.88;328.8256
19993.35,0.580003,20025.1;328.6479
19993.35,0.580003,20025.1;328.6479
19993.35,0.580003,20025.1;328.6479
19993.35,0.580003,20025.32;328.4417
19993.35,0.580003,20025.32;328.4417
19993.35,0.5800032,20025.53;328.2354
19993.35,0.5800025,20025.75;328.0349
19993.35,0.5800025,20025.75;328.0349
19993.35,0.5800027,20025.96;327.863
19993.35,0.5800027,20025.96;327.863
19993.35,0.5800029,20026.18;327.6911
19993.35,0.5800032,20026.39;327.4906
19993.35,0.5800036,20026.61;327.2786
19993.35,0.5800036,20026.61;327.2786
19993.35,0.5800036,20026.61;327.2786
19993.35,0.5800036,20026.82;327.0666
19993.35,0.5800036,20027.03;326.8775
19993.35,0.5800036,20027.03;326.8775
19993.35,0.5800036,20027.24;326.6426
19993.35,0.5800036,20027.24;326.6426
19993.35,0.5800028,20027.45;326.4077
19993.35,0.5800032,20027.66;326.1785
19993.35,0.5800022,20027.86;325.9493
19993.35,0.5800032,20028.05;325.766
19993.35,0.5800032,20028.05;325.766
19993.35,0.5800032,20028.26;325.5826
19993.35,0.5800036,20028.47;325.3878
19993.35,0.5800025,20028.68;325.2045
19993.35,0.5800025,20028.68;325.2045
19993.35,0.5800025,20028.68;325.2045
19993.35,0.5800022,20028.87;325.0211
19993.35,0.5800028,20029.07;324.8779
19993.35,0.5800018,20029.28;324.6888
19993.35,0.5800018,20029.28;324.6888
19993.35,0.5800018,20029.28;324.6888
19993.35,0.5800011,20029.49;324.4998
19993.35,0.5800011,20029.69;324.305
19993.35,0.5800021,20029.9;324.1273
19993.35,0.5800021,20029.9;324.1273
19993.35,0.5800021,20029.9;324.1273
19993.35,0.5800025,20030.1;323.9497
19993.35,0.5800021,20030.31;323.7263
19993.35,0.5800033,20030.51;323.5487
19993.35,0.5800033,20030.51;323.5487
19993.35,0.5800033,20030.51;323.5487
19993.35,0.5800025,20030.71;323.3481
19993.35,0.5800029,20030.91;323.1476
19993.35,0.5800029,20031.12;322.9528
19993.35,0.5800029,20031.12;322.9528
19993.35,0.5800029,20031.12;322.9528
19993.35,0.5800033,20031.32;322.758
19993.35,0.5800036,20031.51;322.5632
19993.35,0.580004,20031.71;322.3856
19993.35,0.580004,20031.71;322.3856
19993.35,0.580004,20031.91;322.2079
19993.35,0.5800033,20032.11;321.996
19993.35,0.5800034,20032.23;321.784
19993.35,0.5800034,20032.34;321.572
19993.35,0.5800034,20032.34;321.572
19993.35,0.5800026,20032.54;321.36
19993.35,0.5800018,20032.74;321.1766
19993.35,0.5800022,20032.93;320.9933
19993.35,0.5800018,20033.13;320.7756
19993.35,0.5800018,20033.13;320.7756
19993.35,0.5800011,20033.33;320.5579
19993.35,0.5800018,20033.52;320.3688
19993.35,0.5800022,20033.72;320.1797
19993.35,0.5800026,20033.91;320.0422
19993.35,0.5800026,20033.91;320.0422
19993.35,0.5800027,20033.97;319.9047
19993.35,0.580003,20034.02;319.75
19993.35,0.580003,20034.02;319.75
19993.35,0.580003,20034.08;319.601
19993.35,0.580003,20034.08;319.601
19993.35,0.5800032,20034.13;319.452
19993.35,0.580003,20034.19;319.2973
19993.35,0.580003,20034.19;319.2973
19993.35,0.580003,20034.19;319.2973
19993.35,0.580003,20034.19;319.2973
19993.35,0.580003,20034.19;319.2973
19993.35,0.580003,20034.19;319.2973
19993.35,0.5800037,20034.32;319.1426
19993.35,0.5800042,20034.45;319.0166
19993.35,0.5800042,20034.45;319.0166
19993.35,0.5800034,20034.64;318.8905
19993.35,0.5800034,20034.83;318.6785
19993.35,0.5800042,20035.01;318.4666
19993.35,0.5800034,20035.2;318.2718
19993.35,0.5800034,20035.2;318.2718
19993.35,0.5800034,20035.39;318.1171
19993.35,0.5800034,20035.39;318.1171
19993.35,0.5800026,20035.58;317.9624
19993.35,0.5800034,20035.77;317.8248
19993.35,0.5800034,20035.77;317.8248
19993.35,0.5800026,20035.95;317.6816
19993.35,0.5800026,20035.95;317.6816
19993.35,0.5800026,20036.14;317.5384
19993.35,0.5800026,20036.32;317.3321
19993.35,0.5800026,20036.32;317.3321
19993.35,0.5800026,20036.51;317.1259
19993.35,0.5800018,20036.69;316.9196
19993.35,0.5800018,20036.87;316.7477
19993.35,0.5800018,20036.87;316.7477
19993.35,0.5800018,20036.87;316.7477
19993.35,0.5800018,20037.05;316.5471
19993.35,0.5800018,20037.05;316.5471
19993.35,0.5800018,20037.23;316.3524
19993.35,0.5800018,20037.23;316.3524
19993.35,0.5800034,20037.41;316.1747
19993.35,0.5800034,20037.41;316.1747
19993.35,0.5800034,20037.59;315.9971
19993.35,0.5800043,20037.77;315.7909
19993.35,0.5800043,20037.77;315.7909
19993.35,0.5800043,20037.96;315.5789
19993.35,0.5800043,20037.96;315.5789
19993.35,0.5800043,20038.12;315.3669
19993.35,0.5800035,20038.28;315.1835
19993.35,0.5800026,20038.46;314.9887
19993.35,0.5800026,20038.46;314.9887
19993.35,0.5800026,20038.46;314.9887
19993.35,0.5800026,20038.64;314.7939
19993.35,0.5800018,20038.82;314.6163
19993.35,0.5800025,20038.97;314.4444
19993.35,0.5800025,20038.97;314.4444
19993.35,0.5800034,20039.15;314.2725
19993.35,0.5800034,20039.32;314.1236
19993.35,0.5800034,20039.32;314.1236
19993.35,0.5800034,20039.5;313.9402
19993.35,0.5800034,20039.5;313.9402
19993.35,0.5800042,20039.66;313.7569
19993.35,0.5800042,20039.82;313.5964
19993.35,0.5800042,20040;313.436
19993.35,0.5800042,20040.17;313.2355
19993.35,0.5800042,20040.17;313.2355
19993.35,0.5800042,20040.34;313.035
19993.35,0.5800049,20040.5;312.8401
19993.35,0.5800049,20040.65;312.674
19993.35,0.5800049,20040.65;312.674
19993.35,0.5800049,20040.65;312.674
19993.35,0.5800049,20040.82;312.5078
19993.35,0.5800049,20041;312.3188
19993.35,0.580004,20041.17;312.1297
19993.35,0.580004,20041.17;312.1297
19993.35,0.580004,20041.17;312.1297
19993.35,0.580004,20041.32;311.9406
19993.35,0.5800031,20041.49;311.7745
19993.35,0.5800031,20041.49;311.7745
19993.35,0.5800031,20041.66;311.5797
19993.35,0.5800031,20041.66;311.5797
19993.35,0.580004,20041.83;311.3849
19993.35,0.580004,20041.99;311.19
19993.35,0.580005,20042.16;311.0182
19993.35,0.580005,20042.16;311.0182
19993.35,0.580005,20042.16;311.0182
19993.35,0.580005,20042.31;310.8463
19993.35,0.5800051,20042.37;310.6515
19993.35,0.5800052,20042.43;310.4624
19993.35,0.5800052,20042.43;310.4624
19993.35,0.5800052,20042.43;310.4624
19993.35,0.5800052,20042.43;310.4624
19993.35,0.580005,20042.49;310.302
19993.35,0.5800049,20042.55;310.1014
19993.35,0.5800049,20042.55;310.1014
19993.35,0.5800049,20042.55;310.1014
19993.35,0.5800049,20042.55;310.1014
19993.35,0.5800046,20042.61;309.8894
19993.35,0.5800045,20042.67;309.6946
19993.35,0.5800045,20042.67;309.6946
19993.35,0.5800045,20042.67;309.6946
19993.35,0.5800043,20042.71;309.4998
19993.35,0.5800046,20042.73;309.2764
19993.35,0.5800036,20042.89;309.0587
19993.35,0.5800036,20042.89;309.0587
19993.35,0.5800036,20042.89;309.0587
19993.35,0.5800046,20043.05;308.881
19993.35,0.5800036,20043.21;308.7034
19993.35,0.5800036,20043.37;308.4972
19993.35,0.5800036,20043.37;308.4972
19993.35,0.5800036,20043.37;308.4972
19993.35,0.5800036,20043.53;308.3195
19993.35,0.5800036,20043.68;308.1419
19993.35,0.5800046,20043.84;307.9471
19993.35,0.5800046,20043.84;307.9471
19993.35,0.5800055,20043.99;307.7409
19993.35,0.5800074,20044.14;307.5346
19993.35,0.5800074,20044.29;307.3398
19993.35,0.5800074,20044.29;307.3398
19993.35,0.5800083,20044.44;307.1679
19993.35,0.5800083,20044.44;307.1679
19993.35,0.5800083,20044.59;306.9789
19993.35,0.5800083,20044.59;306.9789
19993.35,0.5800083,20044.59;306.9789
19993.35,0.5800093,20044.74;306.7841
19993.35,0.5800093,20044.89;306.5892
19993.35,0.5800073,20045.04;306.4116
19993.35,0.5800073,20045.04;306.4116
19993.35,0.5800064,20045.19;306.1996
19993.35,0.5800081,20045.33;305.9876
19993.35,0.5800081,20045.47;305.7642
19993.35,0.5800081,20045.47;305.7642
19993.35,0.5800092,20045.61;305.5694
19993.35,0.5800092,20045.61;305.5694
19993.35,0.5800101,20045.76;305.3746
19993.35,0.5800101,20045.9;305.1626
19993.35,0.5800101,20046.03;304.9965
19993.35,0.5800101,20046.03;304.9965
19993.35,0.5800101,20046.03;304.9965
19993.35,0.5800101,20046.17;304.8188
19993.35,0.5800101,20046.17;304.8188
19993.35,0.5800111,20046.31;304.6527
19993.35,0.5800111,20046.31;304.6527
19993.35,0.580012,20046.44;304.4865
19993.35,0.5800129,20046.57;304.3433
19993.35,0.5800139,20046.71;304.1599
19993.35,0.5800139,20046.71;304.1599
19993.35,0.5800139,20046.71;304.1599
19993.35,0.580013,20046.84;303.9766
19993.22,0.580013,20047.02;303.7818
19993.01,0.580013,20047.16;303.6099
19993.01,0.580013,20047.16;303.6099
19993.01,0.580013,20047.16;303.6099
19992.8,0.580013,20047.3;303.4036
19992.8,0.580013,20047.3;303.4036
19992.6,0.580013,20047.43;303.2146
19992.6,0.580013,20047.43;303.2146
19992.39,0.580013,20047.57;303.0255
19992.18,0.580013,20047.71;302.8651
19991.96,0.580013,20047.84;302.7047
19991.75,0.580013,20047.98;302.5213
19991.75,0.580013,20047.98;302.5213
19991.55,0.580013,20048.11;302.338
19991.35,0.580013,20048.23;302.1431
19991.13,0.580013,20048.37;301.977
19991.13,0.580013,20048.37;301.977
19991.13,0.580013,20048.37;301.977
19990.92,0.580013,20048.5;301.765
19990.8,0.580013,20048.57;301.553
19990.68,0.580013,20048.64;301.3467
19990.68,0.580013,20048.64;301.3467
19990.56,0.580013,20048.71;301.1405
19990.44,0.580013,20048.79;300.9686
19990.22,0.580013,20048.92;300.7967
19990,0.580013,20049.05;300.5962
19990,0.580013,20049.05;300.5962
