20000,0.5,20000;0
20000,0.5800976,20000;0.005729198
20000,0.5800976,20000;0.005729198
20000,0.5800976,20000;0.005729198
20000,0.5800976,20000;0.005729198
20000,0.5800976,20000;0.005729198
20000,0.5800976,20000;0.005729198
20000,0.5800976,20000;0.005729198
20000,0.5800976,20000;0.005729198
20000,0.5800976,20000;0.005729198
20000,0.5800976,20000;0.005729198
20000,0.5800976,20000;0.005729198
20000,0.5800976,20000;0.005729198
20000,0.5800976,20000;0.0114584
20000,0.5800976,20000;0.0114584
20000,0.5800976,20000;0.0114584
20000,0.5800976,20000;0.0114584
20000,0.5800976,20000;0.0114584
20000,0.5800976,20000;0.0114584
20000,0.5800976,20000;0.0114584
20000,0.5800976,20000;0.0114584
20000,0.5800976,20000;0.0114584
20000,0.5800976,20000;0.0114584
20000,0.5800976,20000;0.0114584
20000,0.5800976,20000;0.0114584
20000,0.5800976,20000;0.0114584
20000,0.5800976,20000;0.0114584
20000,0.5800976,20000;0.01718759
20000,0.5800976,20000;0.01718759
20000,0.5800976,20000;0.01718759
20000,0.5800976,20000;0.01718759
20000,0.5800976,20000;0.01718759
20000,0.5800976,20000;0.01718759
20000,0.5800976,20000;0.01718759
20000,0.5800976,20000;0.01718759
20000,0.5800976,20000;0.01718759
20000,0.5800976,20000;0.01718759
20000,0.5800976,20000;0.01718759
20000,0.5800976,20000;0.01718759
20000,0.5800976,20000;0.01718759
20000,0.5800976,20000;0.01718759
20000,0.5800976,20000;0.02291679
20000,0.5800976,20000;0.02291679
20000,0.5800976,20000;0.02291679
20000,0.5800976,20000;0.02291679
20000,0.5800976,20000;0.02291679
20000,0.5800976,20000;0.02291679
20000,0.5800976,20000;0.02291679
20000,0.5800976,20000;0.02291679
20000,0.5800976,20000;0.02291679
20000,0.5800976,20000;0.02291679
20000,0.5800976,20000;0.02291679
20000,0.5800976,20000;0.02291679
20000,0.5800976,20000;0.02291679
20000,0.5800976,20000;0.02291679
20000,0.5800976,20000;0.02291679
20000,0.5800976,20000;0.02291679
20000,0.5800976,20000;0.02291679
20000,0.5800976,20000;0.02291679
20000,0.5800976,20000;0.02291679
20000,0.5800976,20000;0.02291679
20000,0.5800976,20000;0.02291679
20000,0.5800976,20000;0.02291679
20000,0.5800976,20000;0.02291679
20000,0.5800976,20000;0.02291679
20000,0.5800976,20000;0.02291679
20000,0.5800976,20000;0.02291679
20000,0.5800976,20000;0.02291679
20000,0.5800976,20000;0.02291679
20000,0.5800976,20000;0.02291679
20000,0.5800976,20000;0.02291679
20000,0.5800976,20000;0.02291679
20000,0.5800976,20000;0.02291679
20000,0.5800976,20000;0.02291679
20000,0.5800976,20000;0.02291679
20000,0.5800976,20000.01;0.02864599
20000,0.5800976,20000.01;0.02864599
20000,0.5800976,20000.01;0.02864599
20000,0.5800976,20000.01;0.02864599
20000,0.5800976,20000.01;0.02864599
20000,0.5800976,20000.01;0.02864599
20000,0.5800976,20000.01;0.02864599
20000,0.5800976,20000;0.03437519
20000,0.5800976,20000;0.03437519
20000,0.5800976,20000;0.03437519
20000,0.5800976,20000;0.03437519
20000,0.5800976,20000;0.03437519
20000,0.5800976,20000;0.03437519
20000,0.5800976,20000;0.03437519
20000,0.5800976,20000;0.03437519
20000,0.5800976,20000;0.03437519
20000,0.5800976,20000;0.03437519
20000,0.5800976,20000;0.03437519
20000,0.5800976,20000;0.03437519
20000,0.5800976,20000;0.03437519
20000,0.5800976,20000;0.03437519
20000,0.5800976,20000;0.03437519
20000,0.5800976,20000;0.03437519
20000,0.5800976,20000;0.03437519
20000,0.5800976,20000;0.03437519
20000,0.5800976,20000;0.03437519
20000,0.5800976,20000;0.03437519
20000,0.5800976,20000;0.03437519
20000,0.5800976,20000;0.03437519
20000,0.5800976,20000;0.03437519
20000,0.5800976,20000;0.03437519
20000,0.5800976,20000;0.03437519
20000,0.5800976,20000;0.03437519
20000,0.5800976,20000;0.03437519
20000,0.5800976,20000;0.03437519
20000,0.5800976,20000;0.03437519
20000,0.5800976,20000;0.03437519
20000,0.5800976,20000;0.03437519
20000,0.5800976,20000;0.03437519
20000,0.5800976,20000;0.03437519
20000,0.5800976,20000;0.03437519
20000,0.5800976,20000;0.03437519
20000,0.5800976,20000;0.03437519
20000,0.5800976,20000;0.03437519
20000,0.5800976,20000;0.04010438
20000,0.5800976,20000;0.04010438
20000,0.5800976,20000;0.04583358
20000,0.5800976,20000;0.04583358
20000,0.5800976,20000;0.04583358
20000,0.5800976,20000;0.04583358
20000,0.5800976,20000;0.04583358
20000,0.5800976,20000;0.04583358
20000,0.5800976,20000;0.04583358
20000,0.5800976,20000;0.04583358
20000,0.5800976,20000;0.04010438
20000,0.5800976,20000;0.04010438
20000,0.5800976,20000;0.04010438
20000,0.5800976,20000;0.04010438
20000,0.5800976,20000;0.04010438
20000,0.5800976,20000;0.04583358
20000,0.5800976,20000;0.04583358
20000,0.5800976,20000;0.04583358
20000,0.5800976,19999.99;0.05156277
20000,0.5800976,19999.99;0.05156277
20000,0.5800976,19999.99;0.05156277
20000,0.5800976,19999.99;0.05156277
20000,0.5800976,19999.99;0.05156277
20000,0.5800976,19999.99;0.05156277
20000,0.5800976,19999.99;0.04583358
20000,0.5800976,19999.99;0.04010438
20000,0.5800976,19999.99;0.04010438
20000,0.5800976,19999.99;0.04010438
20000,0.5800976,19999.99;0.04010438
20000,0.5800976,19999.99;0.04010438
20000,0.5800976,19999.99;0.04010438
20000,0.5800976,19999.99;0.04010438
20000,0.5800976,19999.99;0.04010438
20000,0.5800976,19999.99;0.04010438
20000,0.5800976,19999.99;0.04010438
20000,0.5800976,19999.99;0.04010438
20000,0.5800976,19999.99;0.03437519
20000,0.5800976,19999.99;0.03437519
20000,0.5800976,19999.99;0.03437519
20000,0.5800976,19999.99;0.03437519
20000,0.5800976,19999.99;0.03437519
20000,0.5800976,19999.99;0.03437519
20000,0.5800976,19999.99;0.02864599
20000,0.5800976,19999.99;0.02864599
20000,0.5800976,19999.99;0.02864599
20000,0.5800976,19999.99;0.02864599
20000,0.5800976,19999.99;0.02864599
20000,0.5800976,19999.99;0.02864599
20000,0.5800976,19999.99;0.02864599
20000,0.5800976,19999.99;0.02864599
20000,0.5800976,19999.99;0.02291679
20000,0.5800976,19999.99;0.02291679
20000,0.5800976,19999.99;0.02291679
20000,0.5800976,19999.99;0.01718759
20000,0.5800976,20000;0
20000,0.5800976,20000;0
20000,0.5800976,20000.03;359.9771
20000,0.5800976,20000.06;359.9542
20000,0.5800976,20000.09;359.9713
20000,0.5800976,20000.09;359.9713
20000,0.5800976,20000.12;359.9886
20000,0.5800976,20000.16;0.005729195
20000,0.5800976,20000.16;0.005729195
20000,0.5800976,20000.16;0.005729195
20000,0.5800976,20000.2;0.01145839
20000,0.5800976,20000.2;0.01145839
20000,0.5800976,20000.27;0.01718759
20000,0.5800976,20000.27;0.01718759
20000,0.5800976,20000.36;0.02291679
20000,0.5800976,20000.45;0.02864599
20000,0.5800976,20000.45;0.02864599
20000,0.5800976,20000.56;0.03437519
20000,0.5800976,20000.67;0.05156277
20000,0.5800976,20000.67;0.05156277
20000,0.5800976,20000.82;0.06875037
20000,0.5800976,20000.98;0.08593796
20000,0.5800976,20000.98;0.08593796
20000,0.5800976,20001.16;0.09166716
20000,0.5800976,20001.16;0.09166716
20000,0.5800976,20001.32;0.09166716
20000,0.5800976,20001.32;0.09166716
20000,0.5800976,20001.32;0.09166716
20000,0.5800976,20001.51;0.1031255
20000,0.5800976,20001.51;0.1031255
20000,0.5800976,20001.51;0.1031255
20000,0.5800976,20001.71;0.1031255
20000,0.5800976,20001.71;0.1031255
20000,0.5800976,20001.87;0.1031255
20000,0.5800976,20001.87;0.1031255
20000,0.5800976,20002.06;0.1031255
20000,0.5800976,20002.25;0.1031255
20000,0.5800976,20002.25;0.1031255
20000,0.5800976,20002.44;0.1031255
20000,0.5800976,20002.62;0.09739636
20000,0.5800976,20002.62;0.09739636
20000,0.5800976,20002.77;0.09166716
20000,0.5800976,20002.93;0.09166716
20000,0.5800976,20003.11;0.09166716
20000,0.5800976,20003.11;0.09166716
20000,0.5800976,20003.11;0.09166716
20000,0.5800976,20003.28;0.09166716
20000,0.5800976,20003.28;0.09166716
20000,0.5800976,20003.28;0.09166716
20000,0.5800976,20003.43;0.09166716
20000,0.5800976,20003.43;0.09166716
20000,0.5800976,20003.43;0.09166716
20000.01,0.5800976,20003.61;0.09166716
20000.01,0.5800976,20003.79;0.09166716
20000.01,0.5800976,20003.96;0.09166716
20000.01,0.5800976,20003.96;0.09166716
20000.01,0.5800976,20004.1;0.09166716
20000.01,0.5800976,20004.25;0.09166716
20000.01,0.5800976,20004.25;0.09166716
20000.01,0.5800976,20004.42;0.09166716
20000.01,0.5800976,20004.59;0.09166716
20000.01,0.5800976,20004.59;0.09166716
20000.01,0.5800976,20004.76;0.09166716
20000.01,0.5800976,20004.93;0.09166716
20000.01,0.5800976,20005.07;0.09166716
20000.01,0.5800976,20005.22;0.09166716
20000.01,0.5800976,20005.22;0.09166716
20000.01,0.5800976,20005.38;0.09166716
20000.01,0.5800976,20005.55;0.09166716
20000.01,0.5800976,20005.55;0.09166716
20000.01,0.5800976,20005.72;0.09166716
20000.01,0.5800976,20005.89;0.09166716
20000.01,0.5800976,20005.89;0.09166716
20000.01,0.5800976,20006.03;0.09166716
20000.01,0.5800976,20006.2;0.09166716
20000.01,0.5800976,20006.37;0.09166716
20000.01,0.5800976,20006.37;0.09166716
20000.01,0.5800976,20006.51;0.09166716
20000.01,0.5800976,20006.64;0.09166716
20000.01,0.5800976,20006.64;0.09166716
20000.01,0.5800976,20006.8;0.09166716
20000.01,0.5800976,20006.96;0.09166716
20000.01,0.5800976,20006.96;0.09166716
20000.01,0.5800976,20007.12;0.09166716
20000.01,0.5800976,20007.28;0.09166716
20000.01,0.5800976,20007.39;0.09166716
20000.01,0.5800976,20007.5;0.09166716
20000.01,0.5800976,20007.5;0.09166716
20000.01,0.5800976,20007.54;0.09166716
20000.01,0.5800976,20007.58;0.09166716
20000.01,0.5800976,20007.58;0.09166716
20000.01,0.5800976,20007.73;0.09166716
20000.01,0.5800976,20007.87;0.09166716
20000.01,0.5800976,20007.87;0.09166716
20000.01,0.5800976,20008.02;0.09166716
20000.01,0.5800976,20008.14;0.09166716
20000.01,0.5800976,20008.14;0.09166716
20000.01,0.5800976,20008.14;0.09166716
20000.01,0.5800976,20008.14;0.09166716
20000.01,0.5800976,20008.29;0.09166716
20000.01,0.5800976,20008.29;0.09166716
20000.01,0.5800976,20008.29;0.09166716
20000.01,0.5800976,20008.43;0.09166716
20000.01,0.5800976,20008.43;0.09166716
20000.01,0.5800976,20008.43;0.09166716
20000.01,0.5800976,20008.58;0.09166716
20000.01,0.5800976,20008.74;0.09166716
20000.01,0.5800976,20008.74;0.09166716
20000.01,0.5800976,20008.74;0.09166716
20000.01,0.5800976,20008.88;0.09166716
20000.01,0.5800976,20008.88;0.09166716
20000.01,0.5800976,20008.88;0.09166716
20000.01,0.5800976,20009.04;0.09166716
20000.01,0.5800976,20009.04;0.09166716
20000.01,0.5800976,20009.04;0.09166716
20000.01,0.5800976,20009.2;0.09166716
20000.01,0.5800976,20009.2;0.09166716
20000.01,0.5800976,20009.34;0.09166716
20000.01,0.5800976,20009.34;0.09166716
20000.01,0.5800976,20009.34;0.09166716
20000.01,0.5800976,20009.5;0.09166716
20000.01,0.5800976,20009.5;0.09166716
20000.01,0.5800976,20009.5;0.09166716
20000.02,0.5800976,20009.66;0.09166716
20000.02,0.5800976,20009.66;0.09166716
20000.02,0.5800976,20009.66;0.09166716
20000.02,0.5800976,20009.8;0.09166716
20000.02,0.5800976,20009.8;0.09166716
20000.02,0.5800976,20009.96;0.09166716
20000.02,0.5800976,20009.96;0.09166716
20000.02,0.5800976,20009.96;0.09166716
20000.02,0.5800976,20010.13;0.09166716
20000.02,0.5800976,20010.13;0.09166716
20000.02,0.5800976,20010.13;0.09166716
20000.02,0.5800976,20010.27;0.09166716
20000.02,0.5800976,20010.27;0.09166716
20000.02,0.5800976,20010.44;0.09166716
20000.02,0.5800976,20010.44;0.09166716
20000.02,0.5800976,20010.61;0.09166716
20000.02,0.5800976,20010.78;0.09166716
20000.02,0.5800976,20010.78;0.09166716
20000.02,0.5800976,20010.92;0.09166716
20000.02,0.5800976,20011.06;0.09166716
20000.02,0.5800976,20011.06;0.09166716
20000.02,0.5800976,20011.23;0.09166716
20000.02,0.5800976,20011.4;0.09166716
20000.02,0.5800976,20011.4;0.09166716
20000.02,0.5800976,20011.57;0.09166716
20000.02,0.5800976,20011.57;0.09166716
20000.02,0.5800976,20011.71;0.09166716
20000.02,0.5800976,20011.71;0.09166716
20000.02,0.5800976,20011.71;0.09166716
20000.02,0.5800976,20011.89;0.09166716
20000.02,0.5800976,20011.89;0.09166716
20000.02,0.5800976,20011.89;0.09166716
20000.02,0.5800976,20012.03;0.09166716
20000.02,0.5800976,20012.18;0.09166716
20000.02,0.5800976,20012.35;0.09166716
20000.02,0.5800976,20012.35;0.09166716
20000.02,0.5800976,20012.52;0.09166716
20000.02,0.5800976,20012.52;0.09166716
20000.02,0.5800976,20012.69;0.09166716
20000.02,0.5800976,20012.87;0.09166716
20000.02,0.5800976,20012.87;0.09166716
20000.02,0.5800976,20013.01;0.09166716
20000.02,0.5800976,20013.16;0.09166716
20000.02,0.5800976,20013.33;0.09166716
20000.02,0.5800976,20013.33;0.09166716
20000.02,0.5800976,20013.33;0.09166716
20000.02,0.5800976,20013.47;0.09166716
20000.02,0.5800976,20013.62;0.09166716
20000.02,0.5800976,20013.62;0.09166716
20000.02,0.5800976,20013.79;0.09166716
20000.02,0.5800976,20013.79;0.09166716
20000.02,0.5800976,20013.79;0.09166716
20000.02,0.5800976,20013.96;0.09166716
20000.02,0.5800976,20014.12;0.09166716
20000.02,0.5800976,20014.29;0.09166716
20000.02,0.5800976,20014.29;0.09166716
20000.02,0.5800976,20014.29;0.09166716
20000.02,0.5800976,20014.44;0.09166716
20000.02,0.5800976,20014.44;0.09166716
20000.02,0.5800976,20014.44;0.09166716
20000.02,0.5800976,20014.6;0.09166716
20000.02,0.5800976,20014.6;0.09166716
20000.02,0.5800976,20014.6;0.09166716
20000.02,0.5800976,20014.74;0.09166716
20000.02,0.5800976,20014.91;0.09166716
20000.02,0.5800976,20015.08;0.09166716
20000.02,0.5800976,20015.08;0.09166716
20000.02,0.5800976,20015.24;0.09166716
20000.02,0.5800976,20015.4;0.09166716
20000.02,0.5800976,20015.4;0.09166716
20000.02,0.5800976,20015.53;0.09166716
20000.02,0.5800976,20015.67;0.09166716
20000.02,0.5800976,20015.67;0.09166716
20000.03,0.5800976,20015.83;0.09166716
20000.03,0.5800976,20016;0.09166716
20000.03,0.5800976,20016.15;0.09166716
20000.03,0.5800976,20016.15;0.09166716
20000.03,0.5800976,20016.15;0.09166716
20000.03,0.5800976,20016.29;0.09166716
20000.03,0.5800976,20016.29;0.09166716
20000.03,0.5800976,20016.29;0.09166716
20000.03,0.5800976,20016.45;0.09166716
20000.03,0.5800976,20016.45;0.09166716
20000.03,0.5800976,20016.45;0.09166716
20000.03,0.5800976,20016.6;0.09166716
20000.03,0.5800976,20016.73;0.09166716
20000.03,0.5800976,20016.86;0.09166716
20000.03,0.5800976,20016.86;0.09166716
20000.03,0.5800976,20016.97;0.09166716
20000.03,0.5800976,20017.08;0.09166716
20000.03,0.5800976,20017.08;0.09166716
20000.03,0.5800976,20017.22;0.09166716
20000.03,0.5800976,20017.36;0.09166716
20000.03,0.5800976,20017.36;0.09166716
20000.03,0.5800976,20017.49;0.09166716
20000.03,0.5800976,20017.61;0.09166716
20000.03,0.5800976,20017.76;0.09166716
20000.03,0.5800976,20017.9;0.09166716
20000.03,0.5800976,20017.9;0.09166716
20000.03,0.5800976,20018.05;0.09166716
20000.03,0.5800976,20018.2;0.09166716
20000.03,0.5800976,20018.2;0.09166716
20000.03,0.5800976,20018.32;0.09166716
20000.03,0.5800976,20018.32;0.09166716
20000.03,0.5800976,20018.46;0.09166716
20000.03,0.5800976,20018.46;0.09166716
20000.03,0.5800976,20018.61;0.09166716
20000.03,0.5800976,20018.76;0.09166716
20000.03,0.5800976,20018.76;0.09166716
20000.03,0.5800976,20018.89;0.09166716
20000.03,0.5800976,20019.02;0.09166716
20000.03,0.5800976,20019.02;0.09166716
20000.03,0.5800976,20019.16;0.09166716
20000.03,0.5800976,20019.31;0.09166716
20000.03,0.5800976,20019.46;0.09166716
20000.03,0.5800976,20019.46;0.09166716
20000.03,0.5800976,20019.58;0.09166716
20000.03,0.5800976,20019.71;0.09166716
20000.03,0.5800976,20019.71;0.09166716
20000.03,0.5800976,20019.85;0.09166716
20000.03,0.5800976,20020;0.09739636
20000.03,0.5800976,20020;0.09739636
20000.03,0.5800976,20020.15;0.09739636
20000.03,0.5800976,20020.15;0.09739636
20000.03,0.5800976,20020.28;0.1031255
20000.03,0.5800976,20020.43;0.1088548
20000.03,0.5800976,20020.58;0.1145839
20000.03,0.5800976,20020.58;0.1145839
20000.03,0.5800976,20020.73;0.1203131
20000.03,0.5800976,20020.87;0.1203131
20000.03,0.5800976,20021;0.1260423
20000.03,0.5800976,20021.16;0.1317715
20000.03,0.5800976,20021.31;0.1317715
20000.03,0.5800976,20021.31;0.1317715
20000.04,0.5800976,20021.46;0.1317715
20000.04,0.5800976,20021.62;0.1375007
20000.04,0.5800976,20021.62;0.1375007
20000.04,0.5800976,20021.75;0.1432299
20000.04,0.5800976,20021.89;0.1489591
20000.04,0.5800976,20021.89;0.1489591
20000.04,0.5800976,20022.06;0.1546884
20000.04,0.5800976,20022.22;0.1604175
20000.04,0.5800976,20022.34;0.1604175
20000.04,0.5800976,20022.34;0.1604175
20000.04,0.5800976,20022.34;0.1604175
20000.04,0.5800976,20022.46;0.1661467
20000.04,0.5800976,20022.46;0.1661467
20000.04,0.5800976,20022.46;0.1661467
20000.04,0.5800976,20022.58;0.1661467
20000.04,0.5800976,20022.58;0.1661467
20000.04,0.5800976,20022.7;0.1661467
20000.04,0.5800976,20022.83;0.1661467
20000.04,0.5800976,20022.91;0.1661467
20000.04,0.5800976,20022.91;0.1661467
20000.04,0.5800976,20022.91;0.1661467
20000.04,0.5800976,20023.01;0.1661467
20000.04,0.5800976,20023.01;0.1661467
20000.04,0.5800976,20023.01;0.1661467
20000.04,0.5800976,20023.18;0.1661467
20000.04,0.5800976,20023.18;0.1661467
20000.04,0.5800976,20023.18;0.1661467
20000.04,0.5800976,20023.29;0.1661467
20000.04,0.5800976,20023.29;0.1661467
20000.04,0.5800976,20023.4;0.1661467
20000.04,0.5800976,20023.4;0.1661467
20000.04,0.5800976,20023.44;0.1661467
20000.04,0.5800976,20023.48;0.1661467
20000.04,0.5800976,20023.48;0.1661467
20000.04,0.5800976,20023.63;0.1661467
20000.04,0.5800976,20023.78;0.1661467
20000.04,0.5800976,20023.78;0.1661467
20000.04,0.5800976,20023.94;0.1661467
20000.04,0.5800976,20024.1;0.1661467
20000.04,0.5800976,20024.26;0.1661467
20000.04,0.5800976,20024.26;0.1661467
20000.04,0.5800976,20024.26;0.1661467
20000.04,0.5800976,20024.4;0.1661467
20000.04,0.5800976,20024.4;0.1661467
20000.04,0.5800976,20024.4;0.1661467
20000.04,0.5800976,20024.56;0.1661467
20000.04,0.5800976,20024.72;0.1661467
20000.04,0.5800976,20024.72;0.1661467
20000.04,0.5800976,20024.88;0.1661467
20000.04,0.5800976,20025.01;0.1661467
20000.04,0.5800976,20025.15;0.1661467
20000.04,0.5800976,20025.15;0.1661467
20000.04,0.5800976,20025.15;0.1661467
20000.04,0.5800976,20025.29;0.1661467
20000.04,0.5800976,20025.29;0.1661467
20000.04,0.5800976,20025.29;0.1661467
20000.04,0.5800976,20025.45;0.1661467
20000.04,0.5800976,20025.45;0.1661467
20000.04,0.5800976,20025.45;0.1661467
20000.05,0.5800976,20025.6;0.1661467
20000.05,0.5800976,20025.76;0.1661467
20000.05,0.5800976,20025.92;0.1661467
20000.05,0.5800976,20025.92;0.1661467
20000.05,0.5800976,20025.92;0.1661467
20000.05,0.5800976,20026.09;0.1661467
20000.05,0.5800976,20026.09;0.1661467
20000.05,0.5800976,20026.09;0.1661467
20000.05,0.5800976,20026.22;0.1661467
20000.05,0.5800976,20026.22;0.1661467
20000.05,0.5800976,20026.39;0.1661467
20000.05,0.5800976,20026.55;0.1661467
20000.05,0.5800976,20026.68;0.1661467
20000.05,0.5800976,20026.82;0.1661467
20000.05,0.5800976,20026.82;0.1661467
20000.05,0.5800976,20026.97;0.1661467
20000.05,0.5800976,20027.13;0.1661467
20000.05,0.5800976,20027.13;0.1661467
20000.05,0.5800976,20027.29;0.1661467
20000.05,0.5800976,20027.44;0.1661467
20000.05,0.5800976,20027.44;0.1661467
20000.05,0.5800976,20027.58;0.1661467
20000.05,0.5800976,20027.72;0.1661467
20000.05,0.5800976,20027.86;0.1661467
20000.05,0.5800976,20027.86;0.1661467
20000.05,0.5800976,20028.01;0.1661467
20000.05,0.5800976,20028.16;0.1661467
20000.05,0.5800976,20028.16;0.1661467
20000.05,0.5800976,20028.28;0.1661467
20000.05,0.5800976,20028.41;0.1661467
20000.05,0.5800976,20028.41;0.1661467
20000.05,0.5800976,20028.56;0.1661467
20000.05,0.5800976,20028.56;0.1661467
20000.05,0.5800976,20028.7;0.1661467
20000.05,0.5800976,20028.82;0.1661467
20000.06,0.5800976,20028.95;0.1661467
20000.06,0.5800976,20028.95;0.1661467
20000.06,0.5800976,20029.09;0.1661467
20000.06,0.5800976,20029.09;0.1661467
20000.06,0.5800976,20029.23;0.1661467
20000.06,0.5800976,20029.35;0.1661467
20000.06,0.5800976,20029.47;0.1661467
20000.06,0.5800976,20029.47;0.1661467
20000.06,0.5800976,20029.61;0.1661467
20000.06,0.5800976,20029.75;0.1661467
20000.06,0.5800976,20029.75;0.1661467
20000.06,0.5800976,20029.88;0.1661467
20000.06,0.5800976,20030.01;0.1661467
20000.06,0.5800976,20030.13;0.1661467
20000.06,0.5800976,20030.13;0.1661467
20000.06,0.5800976,20030.27;0.1661467
20000.06,0.5800976,20030.4;0.1661467
20000.06,0.5800976,20030.4;0.1661467
20000.06,0.5800976,20030.4;0.1661467
20000.06,0.5800976,20030.53;0.1661467
20000.06,0.5800976,20030.53;0.1661467
20000.06,0.5800976,20030.53;0.1661467
20000.06,0.5800976,20030.65;0.1661467
20000.06,0.5800976,20030.78;0.1661467
20000.06,0.5800976,20030.91;0.1661467
20000.06,0.5800976,20030.91;0.1661467
20000.06,0.5800976,20031.04;0.1661467
20000.06,0.5800976,20031.18;0.1661467
20000.06,0.5800976,20031.18;0.1661467
20000.06,0.5800976,20031.29;0.1661467
20000.06,0.5800976,20031.4;0.1661467
20000.06,0.5800976,20031.4;0.1661467
20000.06,0.5800976,20031.53;0.1661467
20000.06,0.5800976,20031.67;0.1661467
20000.06,0.5800976,20031.79;0.1661467
20000.06,0.5800976,20031.79;0.1661467
20000.06,0.5800976,20031.79;0.1661467
20000.06,0.5800976,20031.91;0.1661467
20000.06,0.5800976,20032.02;0.1718759
20000.06,0.5800976,20032.02;0.1718759
20000.06,0.5800976,20032.15;0.1718759
20000.06,0.5800976,20032.15;0.1718759
20000.06,0.5800976,20032.15;0.1718759
20000.07,0.5800976,20032.27;0.1718759
20000.07,0.5800976,20032.37;0.1718759
20000.07,0.5800976,20032.48;0.1718759
20000.07,0.5800976,20032.48;0.1718759
20000.07,0.5800976,20032.48;0.1718759
20000.07,0.5800976,20032.6;0.1718759
20000.07,0.5800976,20032.6;0.1718759
20000.07,0.5800976,20032.6;0.1718759
20000.07,0.5800976,20032.72;0.1718759
20000.07,0.5800976,20032.72;0.1718759
20000.07,0.5800976,20032.72;0.1718759
20000.07,0.5800976,20032.79;0.1833344
20000.07,0.5800976,20032.89;0.1947927
20000.07,0.5800976,20032.99;0.1947927
20000.07,0.5800976,20032.99;0.1947927
20000.07,0.5800976,20033.1;0.1947927
20000.07,0.5800976,20033.1;0.1947927
20000.07,0.5800976,20033.1;0.1947927
20000.07,0.5800976,20033.19;0.1947927
20000.07,0.5800976,20033.19;0.1947927
20000.07,0.5800976,20033.19;0.1947927
20000.07,0.5800976,20033.31;0.1947927
20000.07,0.5800976,20033.43;0.1947927
20000.07,0.5800976,20033.43;0.1947927
20000.07,0.5800976,20033.43;0.1947927
20000.07,0.5800976,20033.43;0.1947927
20000.07,0.5800976,20033.53;0.1947927
20000.07,0.5800976,20033.53;0.1947927
20000.07,0.5800976,20033.53;0.1947927
20000.07,0.5800976,20033.65;0.1947927
20000.07,0.5800976,20033.65;0.1947927
20000.07,0.5800976,20033.65;0.1947927
20000.07,0.5800976,20033.77;0.2005219
20000.07,0.5800976,20033.87;0.2062511
20000.07,0.5800976,20033.87;0.2062511
20000.07,0.5800976,20033.87;0.2062511
20000.07,0.5800976,20033.99;0.2119803
20000.07,0.5800976,20034.11;0.2119803
20000.07,0.5800976,20034.11;0.2119803
20000.07,0.5800976,20034.23;0.2119803
20000.07,0.5800976,20034.35;0.2119803
20000.07,0.5800976,20034.35;0.2119803
20000.07,0.5800976,20034.45;0.2119803
20000.07,0.5800976,20034.45;0.2119803
20000.07,0.5800976,20034.57;0.2119803
20000.07,0.5800976,20034.57;0.2119803
20000.07,0.5800976,20034.57;0.2119803
20000.07,0.5800976,20034.7;0.2119803
20000.07,0.5800976,20034.82;0.2119803
20000.07,0.5800976,20034.82;0.2119803
20000.07,0.5800976,20034.93;0.2119803
20000.07,0.5800976,20034.93;0.2119803
20000.07,0.5800976,20034.93;0.2119803
20000.07,0.5800976,20035.06;0.2119803
20000.08,0.5800976,20035.18;0.2119803
20000.08,0.5800976,20035.31;0.2119803
20000.08,0.5800976,20035.31;0.2119803
20000.08,0.5800976,20035.41;0.2119803
20000.08,0.5800976,20035.51;0.2119803
20000.08,0.5800976,20035.51;0.2119803
20000.08,0.5800976,20035.61;0.2119803
20000.08,0.5800976,20035.72;0.2119803
20000.08,0.5800976,20035.72;0.2119803
20000.08,0.5800976,20035.79;0.2406263
20000.08,0.5800976,20035.79;0.2406263
20000.08,0.5800976,20035.85;0.3036475
20000.08,0.5800976,20035.85;0.3036475
20000.08,0.5800976,20035.85;0.3036475
20000.08,0.5800976,20035.88;0.3723979
20000.08,0.5800976,20035.88;0.3723979
20000.08,0.5800976,20035.88;0.3723979
20000.08,0.5800976,20035.88;0.4411483
20000.08,0.5800976,20035.88;0.527097
20000.08,0.5800976,20035.88;0.6302333
20000.08,0.5800976,20035.88;0.6302333
20000.08,0.5800976,20035.88;0.7333696
20000.08,0.5800976,20035.88;0.8307768
20000.08,0.5800976,20035.88;0.8307768
20000.08,0.5800976,20035.89;0.9281837
20000.08,0.5800976,20035.89;1.048508
20000.08,0.5800976,20035.89;1.048508
20000.08,0.5800976,20035.9;1.168831
20000.08,0.5800976,20035.92;1.277697
20000.08,0.5800976,20035.94;1.386562
20000.08,0.5800976,20035.96;1.461042
20000.08,0.5800976,20035.96;1.461042
20000.08,0.5800976,20035.96;1.535522
20000.08,0.5800976,20035.97;1.581355
20000.08,0.5800976,20035.97;1.581355
20000.08,0.5800976,20035.97;1.627189
20000.08,0.5800976,20035.97;1.627189
20000.08,0.5800976,20035.97;1.627189
20000.08,0.5800976,20035.97;1.627189
20000.08,0.5800976,20035.96;1.627189
20000.08,0.5800976,20035.96;1.650106
20000.08,0.5800976,20035.96;1.650106
20000.08,0.5800976,20035.96;1.650106
20000.08,0.5800976,20035.96;1.673022
20000.08,0.5800976,20035.96;1.724585
20000.08,0.5800976,20035.96;1.724585
20000.08,0.5800976,20035.96;1.770419
20000.08,0.5800976,20035.96;1.770419
20000.08,0.5800976,20035.96;1.770419
20000.08,0.5800976,20035.95;1.816252
20000.08,0.5800976,20035.95;1.867815
20000.08,0.5800976,20035.94;1.907919
20000.08,0.5800976,20035.94;1.907919
20000.08,0.5800976,20035.93;1.948024
20000.08,0.5800976,20035.92;1.988128
20000.08,0.5800976,20035.92;1.988128
20000.08,0.5800976,20035.92;2.028232
20000.08,0.5800976,20035.92;2.068337
20000.08,0.5800976,20035.92;2.068337
20000.08,0.5800976,20035.91;2.108441
20000.08,0.5800976,20035.91;2.148545
20000.08,0.5800976,20035.9;2.188649
20000.08,0.5800976,20035.9;2.228754
20000.08,0.5800976,20035.9;2.228754
20000.08,0.5800976,20035.9;2.268858
20000.08,0.5800976,20035.9;2.268858
20000.08,0.5800976,20035.9;2.268858
20000.08,0.5800976,20035.9;2.314692
20000.08,0.5800976,20035.9;2.314692
20000.08,0.5800976,20035.9;2.314692
20000.08,0.5800976,20035.89;2.360525
20000.08,0.5800976,20035.89;2.394901
20000.08,0.5800976,20035.89;2.440734
20000.08,0.5800976,20035.89;2.440734
20000.08,0.5800976,20035.89;2.486567
20000.08,0.5800976,20035.89;2.526672
20000.08,0.5800976,20035.89;2.526672
20000.08,0.5800976,20035.89;2.566776
20000.08,0.5800976,20035.89;2.601151
20000.08,0.5800976,20035.89;2.601151
20000.08,0.5800976,20035.89;2.635526
20000.08,0.5800976,20035.89;2.675631
20000.08,0.5800976,20035.89;2.715735
20000.08,0.5800976,20035.89;2.715735
20000.08,0.5800976,20035.89;2.715735
20000.08,0.5800976,20035.89;2.755839
20000.08,0.5800976,20035.89;2.755839
20000.08,0.5800976,20035.89;2.755839
20000.08,0.5800976,20035.89;2.795944
20000.08,0.5800976,20035.89;2.795944
20000.08,0.5800976,20035.89;2.795944
20000.08,0.5800976,20035.89;2.807402
20000.08,0.5800976,20035.87;2.81886
20000.08,0.5800976,20035.86;2.830319
20000.08,0.5800976,20035.86;2.830319
20000.07,0.5800976,20035.84;2.853235
20000.07,0.5800976,20035.84;2.853235
20000.07,0.5800976,20035.81;2.876152
20000.07,0.5800976,20035.78;2.933444
20000.07,0.5800976,20035.78;2.933444
20000.07,0.5800976,20035.77;3.048039
20000.07,0.5800976,20035.77;3.048039
20000.07,0.5800976,20035.75;3.19128
20000.07,0.5800976,20035.75;3.19128
20000.07,0.5800976,20035.75;3.19128
20000.07,0.5800976,20035.74;3.323062
20000.07,0.5800976,20035.74;3.323062
20000.07,0.5800976,20035.74;3.323062
20000.07,0.5800976,20035.73;3.454844
20000.07,0.5800976,20035.73;3.626731
20000.07,0.5800976,20035.72;3.827264
20000.07,0.5800976,20035.72;3.827264
20000.07,0.5800976,20035.71;4.027797
20000.07,0.5800976,20035.71;4.239788
20000.07,0.5800976,20035.71;4.239788
20000.07,0.5800976,20035.71;4.451778
20000.07,0.5800976,20035.71;4.709615
20000.07,0.5800976,20035.71;4.709615
20000.07,0.5800976,20035.71;4.709615
20000.07,0.5800976,20035.71;4.961721
20000.07,0.5800976,20035.71;4.961721
20000.07,0.5800976,20035.71;5.185171
20000.07,0.5800976,20035.71;5.185171
20000.07,0.5800976,20035.71;5.40862
20000.07,0.5800976,20035.71;5.683643
20000.07,0.5800976,20035.71;5.683643
20000.07,0.5800976,20035.71;5.958666
20000.07,0.5800976,20035.71;6.22796
20000.07,0.5800976,20035.71;6.22796
20000.07,0.5800976,20035.71;6.497254
20000.07,0.5800976,20035.71;6.720704
20000.07,0.5800976,20035.72;6.96708
20000.07,0.5800976,20035.72;6.96708
20000.07,0.5800976,20035.72;6.96708
20000.07,0.5800976,20035.73;7.201989
20000.07,0.5800976,20035.73;7.201989
20000.07,0.5800976,20035.73;7.201989
20000.07,0.5800976,20035.75;7.436897
20000.08,0.5800976,20035.77;7.614513
20000.08,0.5800976,20035.77;7.614513
20000.08,0.5800976,20035.78;7.792129
20000.08,0.5800976,20035.79;7.981203
20000.08,0.5800976,20035.81;8.164548
20000.08,0.5800976,20035.81;8.164548
20000.09,0.5800976,20035.85;8.347894
20000.09,0.5800976,20035.88;8.514051
20000.09,0.5800976,20035.88;8.514051
20000.1,0.5800976,20035.91;8.680208
20000.1,0.5800976,20035.95;8.875012
20000.1,0.5800976,20035.95;8.875012
20000.11,0.5800976,20035.98;9.069817
20000.12,0.5800976,20036.03;9.25316
20000.12,0.5800976,20036.06;9.436505
20000.13,0.5800976,20036.1;9.596933
20000.13,0.5800976,20036.1;9.596933
20000.13,0.5800976,20036.13;9.757361
20000.14,0.5800976,20036.16;9.952166
20000.14,0.5800976,20036.16;9.952166
20000.14,0.5800976,20036.19;10.14697
20000.14,0.5800976,20036.19;10.14697
20000.14,0.5800976,20036.19;10.14697
20000.15,0.5800976,20036.23;10.34177
20000.16,0.5800976,20036.26;10.45637
20000.16,0.5800976,20036.29;10.64544
20000.16,0.5800976,20036.29;10.64544
20000.17,0.5800976,20036.31;10.83452
20000.17,0.5800976,20036.33;11.02359
20000.17,0.5800976,20036.33;11.02359
20000.18,0.5800976,20036.37;11.21267
20000.19,0.5800976,20036.41;11.36737
20000.19,0.5800976,20036.41;11.36737
20000.19,0.5800976,20036.41;11.36737
20000.19,0.5800976,20036.45;11.54498
20000.2,0.5800976,20036.49;11.7226
20000.21,0.5800976,20036.53;11.90021
20000.21,0.5800976,20036.53;11.90021
20000.22,0.5800976,20036.56;12.07783
20000.23,0.5800976,20036.6;12.22107
20000.23,0.5800976,20036.6;12.22107
20000.23,0.5800976,20036.63;12.36431
20000.24,0.5800976,20036.65;12.51901
20000.24,0.5800976,20036.65;12.51901
20000.24,0.5800976,20036.67;12.67371
20000.24,0.5800976,20036.68;12.81695
20000.24,0.5800976,20036.68;12.96019
20000.24,0.5800976,20036.68;13.08624
20000.24,0.5800976,20036.68;13.08624
20000.24,0.5800976,20036.67;13.2123
20000.24,0.5800976,20036.66;13.35554
20000.24,0.5800976,20036.66;13.35554
20000.24,0.5800976,20036.66;13.49878
20000.24,0.5800976,20036.65;13.63629
20000.24,0.5800976,20036.67;13.74515
20000.25,0.5800976,20036.7;13.85402
20000.26,0.5800976,20036.73;13.97434
20000.26,0.5800976,20036.73;13.97434
20000.27,0.5800976,20036.77;14.09467
20000.27,0.5800976,20036.8;14.1978
20000.27,0.5800976,20036.8;14.1978
20000.28,0.5800976,20036.84;14.30094
20000.29,0.5800976,20036.88;14.38115
20000.29,0.5800976,20036.88;14.38115
20000.3,0.5800976,20036.91;14.47283
20000.3,0.5800976,20036.91;14.47283
20000.31,0.5800976,20036.95;14.5645
20000.32,0.5800976,20036.98;14.63326
20000.32,0.5800976,20036.98;14.63326
20000.33,0.5800976,20037.02;14.702
20000.34,0.5800976,20037.06;14.75929
20000.34,0.5800976,20037.06;14.75929
20000.36,0.5800976,20037.11;14.81659
20000.37,0.5800976,20037.17;14.87961
20000.37,0.5800976,20037.17;14.87961
20000.39,0.5800976,20037.25;14.92544
20000.41,0.5800976,20037.33;14.97127
20000.44,0.5800976,20037.42;14.99419
20000.44,0.5800976,20037.42;14.99419
20000.47,0.5800976,20037.54;15.01711
20000.5,0.5800976,20037.65;15.0343
20000.5,0.5800976,20037.65;15.0343
20000.54,0.5800976,20037.8;15.05148
20000.58,0.5800976,20037.96;15.05721
20000.58,0.5800976,20037.96;15.05721
20000.63,0.5800976,20038.16;15.05721
20000.63,0.5800976,20038.16;15.05721
20000.69,0.5800976,20038.37;15.0343
20000.69,0.5800976,20038.37;15.0343
20000.69,0.5800976,20038.37;15.0343
20000.76,0.5800976,20038.62;14.94262
20000.76,0.5800976,20038.62;14.94262
20000.76,0.5800976,20038.62;14.94262
20000.82,0.5800976,20038.87;14.84521
20000.82,0.5800976,20038.87;14.84521
20000.89,0.5800976,20039.11;14.765
20000.89,0.5800976,20039.11;14.765
20000.95,0.5800976,20039.36;14.68479
20001.02,0.5800976,20039.6;14.6275
20001.02,0.5800976,20039.6;14.6275
20001.08,0.5800976,20039.85;14.57021
20001.14,0.5800976,20040.09;14.51865
20001.14,0.5800976,20040.09;14.51865
20001.21,0.5800976,20040.34;14.46708
20001.27,0.5800976,20040.59;14.39833
20001.33,0.5800976,20040.83;14.30093
20001.33,0.5800976,20040.83;14.30093
20001.33,0.5800976,20040.83;14.30093
20001.4,0.5800976,20041.08;14.20925
20001.4,0.5800976,20041.08;14.20925
20001.4,0.5800976,20041.08;14.20925
20001.46,0.5800976,20041.32;14.10611
20001.46,0.5800976,20041.32;14.10611
20001.46,0.5800976,20041.32;14.10611
20001.52,0.5800976,20041.57;14.00298
20001.58,0.5800976,20041.82;13.91703
20001.64,0.5800976,20042.06;13.85401
20001.64,0.5800976,20042.06;13.85401
20001.7,0.5800976,20042.31;13.79098
20001.76,0.5800976,20042.56;13.71651
20001.76,0.5800976,20042.56;13.71651
20001.82,0.5800976,20042.8;13.64203
20001.88,0.5800976,20043.05;13.56755
20001.88,0.5800976,20043.05;13.56755
