20000,0.5,20000;0
20000,0.58,20000.25;-0.005729198
20000,0.58,20000.51;359.9886
20000,0.58,20000.76;359.9713
20000,0.58,20001.02;359.9542
20000,0.58,20001.27;359.9312
20000,0.58,20001.27;359.9312
20000,0.58,20001.52;359.9083
20000,0.58,20001.78;359.9083
20000,0.58,20001.78;359.9083
20000,0.58,20002.03;359.9083
20000,0.58,20002.29;359.9083
20000,0.58,20002.54;359.8911
20000,0.58,20002.54;359.8911
20000,0.58,20002.79;359.874
20000,0.58,20003.05;359.851
20000,0.58,20003.05;359.851
20000,0.58,20003.3;359.8281
20000,0.58,20003.3;359.8281
20000,0.58,20003.3;359.8281
19999.99,0.58,20003.56;359.8052
19999.99,0.58,20003.56;359.8052
19999.99,0.58,20003.8;359.7766
19999.99,0.58,20003.8;359.7766
19999.99,0.58,20003.8;359.7766
19999.99,0.58,20004.06;359.7536
19999.99,0.58,20004.06;359.7536
19999.99,0.58,20004.06;359.7536
19999.99,0.58,20004.31;359.7307
19999.99,0.58,20004.31;359.7307
19999.99,0.58,20004.55;359.7021
19999.99,0.58,20004.55;359.7021
19999.99,0.58,20004.81;359.6734
19999.99,0.58,20005.06;359.6505
19999.99,0.58,20005.06;359.6505
19999.98,0.58,20005.32;359.6276
19999.98,0.58,20005.57;359.599
19999.98,0.58,20005.57;359.599
19999.98,0.58,20005.81;359.5703
19999.98,0.58,20006.04;359.5417
19999.98,0.58,20006.3;359.5073
19999.98,0.58,20006.3;359.5073
19999.98,0.58,20006.3;359.5073
19999.97,0.58,20006.55;359.4729
19999.97,0.58,20006.55;359.4729
19999.97,0.58,20006.55;359.4729
19999.97,0.58,20006.78;359.4385
19999.97,0.58,20006.78;359.4385
19999.97,0.58,20006.78;359.4385
19999.97,0.58,20007.04;359.4099
19999.97,0.58,20007.27;359.3813
19999.96,0.58,20007.5;359.3526
19999.96,0.58,20007.5;359.3526
19999.96,0.58,20007.76;359.3239
19999.96,0.58,20008.01;359.2953
19999.96,0.58,20008.01;359.2953
19999.96,0.58,20008.27;359.2667
19999.95,0.58,20008.52;359.2495
19999.95,0.58,20008.52;359.2495
19999.95,0.58,20008.76;359.2323
19999.95,0.58,20009;359.2094
19999.94,0.58,20009.26;359.1865
19999.94,0.58,20009.26;359.1865
19999.94,0.58,20009.26;359.1865
19999.94,0.58,20009.51;359.1635
19999.94,0.58,20009.51;359.1635
19999.94,0.58,20009.75;359.1406
19999.93,0.58,20009.98;359.1234
19999.93,0.58,20009.98;359.1234
19999.93,0.58,20010.24;359.1062
19999.92,0.58,20010.49;359.0776
19999.92,0.58,20010.75;359.049
19999.91,0.58,20011;359.0375
19999.91,0.58,20011;359.0375
19999.91,0.58,20011.24;359.026
19999.91,0.58,20011.48;358.9917
19999.91,0.58,20011.48;358.9917
19999.9,0.58,20011.73;358.9573
19999.9,0.58,20011.99;358.9344
19999.9,0.58,20011.99;358.9344
19999.89,0.58,20012.23;358.9114
19999.89,0.58,20012.47;358.8885
19999.88,0.58,20012.71;358.8771
19999.88,0.58,20012.71;358.8771
19999.88,0.58,20012.71;358.8771
19999.88,0.58,20012.97;358.8656
19999.88,0.58,20012.97;358.8656
19999.88,0.58,20012.97;358.8656
19999.87,0.58,20013.21;358.8542
19999.87,0.58,20013.46;358.8427
19999.87,0.58,20013.46;358.8427
19999.86,0.58,20013.7;358.8427
19999.86,0.58,20013.96;358.8427
19999.85,0.58,20014.21;358.8312
19999.85,0.58,20014.21;358.8312
19999.85,0.58,20014.44;358.8198
19999.84,0.58,20014.66;358.8198
19999.84,0.58,20014.66;358.8198
19999.84,0.58,20014.9;358.8198
19999.83,0.58,20015.14;358.8141
19999.83,0.58,20015.37;358.8083
19999.82,0.58,20015.63;358.8026
19999.82,0.58,20015.88;358.8026
19999.82,0.58,20015.88;358.8026
19999.81,0.58,20016.09;358.8026
19999.81,0.58,20016.31;358.7969
19999.81,0.58,20016.31;358.7969
19999.8,0.58,20016.56;358.7911
19999.8,0.58,20016.81;358.7797
19999.8,0.58,20016.81;358.7797
19999.79,0.58,20017.06;358.774
19999.79,0.58,20017.06;358.774
19999.79,0.58,20017.31;358.7682
19999.78,0.58,20017.56;358.7682
19999.78,0.58,20017.56;358.7682
19999.78,0.58,20017.81;358.7682
19999.77,0.58,20018.07;358.7568
19999.77,0.58,20018.07;358.7568
19999.77,0.58,20018.32;358.7453
19999.76,0.58,20018.57;358.7339
19999.76,0.58,20018.57;358.7339
19999.76,0.58,20018.82;358.7166
19999.76,0.58,20018.82;358.7166
19999.75,0.58,20019.04;358.7109
19999.75,0.58,20019.04;358.7109
19999.75,0.58,20019.04;358.7109
19999.74,0.58,20019.3;358.7052
19999.74,0.58,20019.3;358.7052
19999.74,0.58,20019.3;358.7052
19999.74,0.58,20019.53;358.6995
19999.73,0.58,20019.76;358.6995
19999.73,0.58,20020.02;358.6995
19999.73,0.58,20020.02;358.6995
19999.73,0.58,20020.02;358.6995
19999.72,0.58,20020.27;358.6938
19999.72,0.58,20020.27;358.6938
19999.72,0.58,20020.5;358.688
19999.71,0.58,20020.72;358.688
19999.71,0.58,20020.72;358.688
19999.71,0.58,20020.98;358.688
19999.7,0.58,20021.23;358.688
19999.7,0.58,20021.49;358.688
19999.69,0.58,20021.74;358.688
19999.69,0.58,20021.74;358.688
19999.68,0.58,20021.97;358.688
19999.68,0.58,20022.2;358.6823
19999.68,0.58,20022.2;358.6823
19999.67,0.58,20022.45;358.6765
19999.67,0.58,20022.71;358.6765
19999.67,0.58,20022.71;358.6765
19999.66,0.58,20022.96;358.6765
19999.65,0.58,20023.21;358.6765
19999.65,0.58,20023.44;358.6765
19999.65,0.58,20023.44;358.6765
19999.65,0.58,20023.44;358.6765
19999.64,0.58,20023.7;358.6765
19999.64,0.58,20023.7;358.6765
19999.64,0.58,20023.7;358.6765
19999.64,0.58,20023.91;358.6765
19999.63,0.58,20024.13;358.6708
19999.63,0.58,20024.13;358.6708
19999.63,0.58,20024.39;358.6708
19999.62,0.58,20024.64;358.6708
19999.62,0.58,20024.9;358.6594
19999.62,0.58,20024.9;358.6594
19999.61,0.58,20025.13;358.6479
19999.61,0.58,20025.35;358.6479
19999.61,0.58,20025.35;358.6479
19999.6,0.58,20025.58;358.6479
19999.59,0.58,20025.8;358.6422
19999.59,0.58,20025.8;358.6422
19999.59,0.58,20026.05;358.6364
19999.58,0.58,20026.31;358.6307
19999.58,0.58,20026.53;358.6193
19999.58,0.58,20026.53;358.6193
19999.58,0.58,20026.53;358.6193
19999.57,0.58,20026.78;358.6078
19999.56,0.58,20027.04;358.6078
19999.56,0.58,20027.04;358.6078
19999.56,0.58,20027.26;358.6021
19999.56,0.58,20027.26;358.6021
19999.56,0.58,20027.26;358.6021
19999.55,0.58,20027.49;358.5963
19999.55,0.58,20027.74;358.5906
19999.54,0.58,20027.99;358.5849
19999.54,0.58,20027.99;358.5849
19999.54,0.58,20028.25;358.5792
19999.53,0.58,20028.5;358.5792
19999.53,0.58,20028.5;358.5792
19999.52,0.58,20028.72;358.5792
19999.52,0.58,20028.95;358.5677
19999.52,0.58,20028.95;358.5677
19999.52,0.58,20028.95;358.5677
19999.51,0.58,20029.19;358.5562
19999.5,0.58,20029.45;358.5562
19999.5,0.58,20029.45;358.5562
19999.5,0.58,20029.68;358.5448
19999.5,0.58,20029.68;358.5448
19999.5,0.58,20029.68;358.5448
19999.49,0.58,20029.89;358.5333
19999.49,0.58,20029.89;358.5333
19999.49,0.58,20029.89;358.5333
19999.49,0.58,20030.15;358.5161
19999.48,0.58,20030.38;358.5104
19999.48,0.58,20030.38;358.5104
19999.48,0.58,20030.38;358.5104
19999.47,0.58,20030.63;358.5047
19999.47,0.58,20030.63;358.5047
19999.47,0.58,20030.63;358.5047
19999.47,0.58,20030.88;358.499
19999.47,0.58,20030.88;358.499
19999.47,0.58,20030.88;358.499
19999.46,0.58,20031.11;358.4932
19999.46,0.58,20031.37;358.4875
19999.45,0.58,20031.62;358.4875
19999.45,0.58,20031.62;358.4875
19999.44,0.58,20031.88;358.4875
19999.44,0.58,20032.13;358.4875
19999.44,0.58,20032.13;358.4875
19999.43,0.58,20032.34;358.4875
19999.42,0.58,20032.56;358.476
19999.42,0.58,20032.56;358.476
19999.42,0.58,20032.81;358.476
19999.42,0.58,20032.81;358.476
19999.41,0.58,20033.06;358.476
19999.4,0.58,20033.31;358.476
19999.4,0.58,20033.31;358.476
19999.4,0.58,20033.52;358.4703
19999.4,0.58,20033.52;358.4703
19999.4,0.58,20033.52;358.4703
19999.39,0.58,20033.77;358.4474
19999.39,0.58,20033.77;358.4474
19999.38,0.58,20034.02;358.4417
19999.38,0.58,20034.02;358.4417
19999.38,0.58,20034.23;358.4417
19999.38,0.58,20034.23;358.4417
19999.37,0.58,20034.48;358.4417
19999.37,0.58,20034.72;358.4417
19999.37,0.58,20034.72;358.4417
19999.36,0.58,20034.96;358.4417
19999.35,0.58,20035.21;358.4302
19999.35,0.58,20035.42;358.4073
19999.35,0.58,20035.42;358.4073
19999.34,0.58,20035.66;358.3844
19999.33,0.58,20035.91;358.3672
19999.33,0.58,20035.91;358.3672
19999.32,0.58,20036.14;358.35
19999.32,0.58,20036.38;358.3443
19999.32,0.58,20036.38;358.3443
19999.31,0.58,20036.59;358.3385
19999.31,0.58,20036.79;358.3214
19999.3,0.58,20037.03;358.3042
19999.3,0.58,20037.03;358.3042
19999.3,0.58,20037.03;358.3042
19999.29,0.58,20037.27;358.287
19999.29,0.58,20037.27;358.287
19999.29,0.58,20037.47;358.2698
19999.28,0.58,20037.67;358.2583
19999.28,0.58,20037.67;358.2583
19999.27,0.58,20037.91;358.2469
19999.27,0.58,20038.15;358.2354
19999.26,0.58,20038.39;358.2297
19999.26,0.58,20038.39;358.2297
19999.26,0.58,20038.39;358.2297
19999.25,0.58,20038.59;358.2239
19999.25,0.58,20038.59;358.2239
19999.25,0.58,20038.59;358.2239
19999.24,0.58,20038.83;358.2239
19999.24,0.58,20038.83;358.2239
19999.24,0.58,20038.83;358.2239
19999.24,0.58,20039.07;358.2239
19999.23,0.58,20039.28;358.2125
19999.22,0.58,20039.48;358.2068
19999.22,0.58,20039.48;358.2068
19999.22,0.58,20039.73;358.201
19999.21,0.58,20039.97;358.201
19999.21,0.58,20039.97;358.201
19999.2,0.58,20040.21;358.201
19999.19,0.58,20040.46;358.201
19999.19,0.58,20040.46;358.201
19999.19,0.58,20040.46;358.201
19999.19,0.58,20040.67;358.1953
19999.18,0.58,20040.91;358.1896
19999.17,0.58,20041.16;358.1896
19999.17,0.58,20041.16;358.1896
19999.17,0.58,20041.32;358.1896
19999.16,0.58,20041.49;358.1838
19999.16,0.58,20041.49;358.1838
19999.15,0.58,20041.7;358.1781
19999.15,0.58,20041.91;358.1609
19999.14,0.58,20042.15;358.1437
19999.13,0.58,20042.4;358.1323
19999.12,0.58,20042.65;358.1208
19999.12,0.58,20042.65;358.1208
19999.12,0.58,20042.65;358.1208
19999.12,0.58,20042.86;358.1094
19999.11,0.58,20043.07;358.1036
19999.11,0.58,20043.07;358.1036
19999.1,0.58,20043.32;358.0979
19999.09,0.58,20043.56;358.0922
