20000,0.5,20000;0
20000,0.58,20000.13;0
20000,0.58,20000.25;0
20000,0.58,20000.38;0
20000,0.58,20000.51;0
20000,0.58,20000.63;0
20000,0.58,20000.63;0
20000,0.58,20000.76;0
20000,0.58,20000.89;0
20000,0.58,20001.02;0
20000,0.58,20001.14;0
20000,0.58,20001.14;0
20000,0.58,20001.27;0
20000,0.58,20001.4;0
20000,0.58,20001.52;0
20000,0.58,20001.63;0
20000,0.58,20001.75;0
20000,0.58,20001.86;0
20000,0.58,20001.86;0
20000,0.58,20001.98;0
20000,0.58,20002.1;0
20000,0.58,20002.21;0
20000,0.58,20002.33;0
20000,0.58,20002.45;0
20000,0.58,20002.45;0
20000,0.58,20002.56;0
20000,0.58,20002.68;0
20000,0.58,20002.68;0
20000,0.58,20002.79;0
20000,0.58,20002.79;0
20000,0.58,20002.91;0
20000,0.58,20003.02;0
20000,0.58,20003.14;0
20000,0.58,20003.14;0
20000,0.58,20003.25;0
20000,0.58,20003.36;0
20000,0.58,20003.36;0
20000,0.58,20003.47;0
20000,0.58,20003.57;0
20000,0.58,20003.67;0
20000,0.58,20003.78;0
20000,0.58,20003.88;0
20000,0.58,20003.88;0
20000,0.58,20003.99;0
20000,0.58,20004.09;0
20000,0.58,20004.19;0
20000,0.58,20004.3;0
20000,0.58,20004.3;0
20000,0.58,20004.4;0
20000,0.58,20004.5;0
20000,0.58,20004.6;0
20000,0.58,20004.71;0
20000,0.58,20004.81;0
20000,0.58,20004.81;0
20000,0.58,20004.91;0
20000,0.58,20005.01;0
20000,0.58,20005.11;0
20000,0.58,20005.21;0
20000,0.58,20005.32;0
20000,0.58,20005.32;0
20000,0.58,20005.42;0
20000,0.58,20005.51;0
20000,0.58,20005.61;0
20000,0.58,20005.71;0
20000,0.58,20005.81;0
20000,0.58,20005.81;0
20000,0.58,20005.81;0
20000,0.58,20005.81;0
20000,0.58,20005.91;0
20000,0.58,20006.01;0
20000,0.58,20006.11;0
20000,0.58,20006.21;0
20000,0.58,20006.3;0
20000,0.58,20006.3;0
20000,0.58,20006.4;0
20000,0.58,20006.49;0
20000,0.58,20006.59;0
20000,0.58,20006.69;0
20000,0.58,20006.78;0
20000,0.58,20006.78;0
20000,0.58,20006.87;0
20000,0.58,20006.87;0
20000,0.58,20006.87;0
20000,0.58,20006.96;0
20000,0.58,20007.05;0
20000,0.58,20007.14;0
20000,0.58,20007.23;0
20000,0.58,20007.23;0
20000,0.58,20007.23;0
20000,0.58,20007.23;0
20000,0.58,20007.23;0
20000,0.58,20007.23;0
20000,0.58,20007.23;0
20000,0.58,20007.23;0
20000,0.58,20007.23;0
20000,0.58,20007.23;0
20000,0.58,20007.23;0
20000,0.58,20007.23;0
20000,0.58,20007.23;0
20000,0.58,20007.23;0
20000,0.58,20007.23;0
20000,0.58,20007.23;0
20000,0.58,20007.23;0
20000,0.58,20007.23;0
20000,0.58,20007.23;0
20000,0.58,20007.23;0
20000,0.58,20007.23;0
20000,0.58,20007.23;0
20000,0.58,20007.23;0
20000,0.58,20007.23;0
20000,0.58,20007.23;0
20000,0.58,20007.23;0
20000,0.58,20007.23;0
20000,0.58,20007.23;0
20000,0.58,20007.23;0
20000,0.58,20007.23;0
20000,0.58,20007.23;0
20000,0.58,20007.23;0
20000,0.58,20007.23;0
20000,0.58,20007.23;0
20000,0.58,20007.23;0
20000,0.58,20007.23;0
20000,0.58,20007.23;0
20000,0.58,20007.23;0
20000,0.58,20007.23;0
20000,0.58,20007.23;0
20000,0.58,20007.23;0
20000,0.58,20007.23;0
20000,0.58,20007.23;0
20000,0.58,20007.23;0
20000,0.58,20007.23;0
20000,0.58,20007.23;0
20000,0.58,20007.23;0
20000,0.58,20007.23;0
20000,0.58,20007.23;0
20000,0.58,20007.23;0
20000,0.58,20007.23;0
20000,0.58,20007.23;0
20000,0.58,20007.23;0
20000,0.58,20007.23;0
20000,0.58,20007.23;0
20000,0.58,20007.23;0
20000,0.58,20007.23;0
20000,0.58,20007.23;0
20000,0.58,20007.23;0
20000,0.58,20007.23;0
20000,0.58,20007.23;0
20000,0.58,20007.23;0
20000,0.58,20007.23;0
20000,0.58,20007.23;0
20000,0.58,20007.23;0
20000,0.58,20007.23;0
20000,0.58,20007.23;0
20000,0.58,20007.23;0
20000,0.58,20007.23;0
20000,0.58,20007.23;0
20000,0.58,20007.23;0
20000,0.58,20007.23;0
20000,0.58,20007.23;0
20000,0.58,20007.23;0
20000,0.58,20007.23;0
20000,0.58,20007.23;0
20000,0.58,20007.23;0
20000,0.58,20007.23;0
20000,0.58,20007.23;0
20000,0.58,20007.23;0
20000,0.58,20007.23;0
20000,0.58,20007.23;0
20000,0.58,20007.23;0
20000,0.58,20007.23;0
20000,0.58,20007.23;0
20000,0.58,20007.23;0
20000,0.58,20007.23;0
20000,0.58,20007.23;0
20000,0.58,20007.23;0
20000,0.58,20007.23;0
20000,0.58,20007.23;0
20000,0.58,20007.23;0
20000,0.58,20007.23;0
20000,0.58,20007.23;0
20000,0.58,20007.23;0
20000,0.58,20007.23;0
20000,0.58,20007.23;0
20000,0.58,20007.23;0
20000,0.58,20007.23;0
20000,0.58,20007.23;0
20000,0.58,20007.23;0
20000,0.58,20007.23;0
20000,0.58,20007.23;0
20000,0.58,20007.34;0
20000,0.58,20007.44;0
20000,0.58,20007.44;0
20000,0.58,20007.44;0
20000,0.58,20007.44;0
20000,0.58,20007.54;0
20000,0.58,20007.64;0
20000,0.58,20007.75;0
20000,0.58,20007.85;0
20000,0.58,20007.85;0
20000,0.58,20007.95;0
20000,0.58,20008.05;0
20000,0.58,20008.15;0
20000,0.58,20008.26;0
20000,0.58,20008.36;0
20000,0.58,20008.36;0
20000,0.58,20008.46;0
20000,0.58,20008.56;0
20000,0.58,20008.66;0
20000,0.58,20008.76;0
20000,0.58,20008.86;0
20000,0.58,20008.86;0
20000,0.58,20008.96;0
20000,0.58,20009.06;0
20000,0.58,20009.15;0
20000,0.58,20009.25;0
20000,0.58,20009.34;0
20000,0.58,20009.34;0
20000,0.58,20009.43;0
20000,0.58,20009.53;0
20000,0.58,20009.62;0
20000,0.58,20009.71;0
20000,0.58,20009.81;0
20000,0.58,20009.81;0
20000,0.58,20009.9;0
20000,0.58,20010;0
20000,0.58,20010.09;0
20000,0.58,20010.18;0
20000,0.58,20010.28;0
20000,0.58,20010.28;0
20000,0.58,20010.37;0
20000,0.58,20010.46;0
20000,0.58,20010.56;0
20000,0.58,20010.65;0
20000,0.58,20010.74;0
20000,0.58,20010.74;0
20000,0.58,20010.84;0
20000,0.58,20010.93;0
20000,0.58,20011.02;0
20000,0.58,20011.12;0
20000,0.58,20011.12;0
20000,0.58,20011.21;0
20000,0.58,20011.3;0
20000,0.58,20011.4;0
20000,0.58,20011.49;0
20000,0.58,20011.58;0
20000,0.58,20011.67;0
20000,0.58,20011.67;0
20000,0.58,20011.76;0
20000,0.58,20011.85;0
20000,0.58,20011.93;0
20000,0.58,20012.02;0
20000,0.58,20012.11;0
20000,0.58,20012.2;0
20000,0.58,20012.29;0
20000,0.58,20012.29;0
20000,0.58,20012.38;0
20000,0.58,20012.46;0
20000,0.58,20012.55;0
20000,0.58,20012.64;0
20000,0.58,20012.73;0
20000,0.58,20012.73;0
20000,0.58,20012.82;0
20000,0.58,20012.91;0
20000,0.58,20013;0
20000,0.58,20013.1;0
20000,0.58,20013.19;0
20000,0.58,20013.19;0
20000,0.58,20013.28;0
20000,0.58,20013.37;0
20000,0.58,20013.46;0
20000,0.58,20013.55;0
20000,0.58,20013.55;0
20000,0.58,20013.65;0
20000,0.58,20013.74;0
20000,0.58,20013.83;0
20000,0.58,20013.93;0
20000,0.58,20014.02;0
20000,0.58,20014.02;0
20000,0.58,20014.11;0
20000,0.58,20014.2;0
20000,0.58,20014.29;0
20000,0.58,20014.38;0
20000,0.58,20014.48;0
20000,0.58,20014.48;0
20000,0.58,20014.57;0
20000,0.58,20014.66;0
20000,0.58,20014.74;0
20000,0.58,20014.84;0
20000,0.58,20014.92;0
20000,0.58,20014.92;0
20000,0.58,20015;0
20000,0.58,20015;0
20000,0.58,20015;0
20000,0.58,20015.01;0
20000,0.58,20015.01;0
20000,0.58,20015.1;0
20000,0.58,20015.19;0
20000,0.58,20015.29;0
20000,0.58,20015.39;0
20000,0.58,20015.47;0
20000,0.58,20015.47;0
20000,0.58,20015.5;0
20000,0.58,20015.6;0
20000,0.58,20015.7;0
20000,0.58,20015.8;0
20000,0.58,20015.9;0
20000,0.58,20015.9;0
20000,0.58,20016;0
20000,0.58,20016.1;0
20000,0.58,20016.21;0
20000,0.58,20016.31;0
20000,0.58,20016.31;0
20000,0.58,20016.41;0
20000,0.58,20016.51;0
20000,0.58,20016.62;0
20000,0.58,20016.71;0
20000,0.58,20016.81;0
20000,0.58,20016.81;0
20000,0.58,20016.92;0
20000,0.58,20017.02;0
20000,0.58,20017.11;0
20000,0.58,20017.21;0
20000,0.58,20017.31;0
20000,0.58,20017.31;0
20000,0.58,20017.41;0
20000,0.58,20017.5;0
20000,0.58,20017.6;0
20000,0.58,20017.69;0
20000,0.58,20017.78;0
20000,0.58,20017.78;0
20000,0.58,20017.87;0
20000,0.58,20017.96;0
20000,0.58,20018.05;0
20000,0.58,20018.13;0
20000,0.58,20018.22;0
20000,0.58,20018.3;0
20000,0.58,20018.3;0
20000,0.58,20018.39;0
20000,0.58,20018.48;0
20000,0.58,20018.56;0
20000,0.58,20018.64;0
20000,0.58,20018.72;0
20000,0.58,20018.72;0
20000,0.58,20018.8;0
20000,0.58,20018.88;0
20000,0.58,20018.95;0
20000,0.58,20019.03;0
20000,0.58,20019.1;0
20000,0.58,20019.1;0
20000,0.58,20019.17;0
20000,0.58,20019.23;0
20000,0.58,20019.3;0
20000,0.58,20019.37;0
20000,0.58,20019.44;0
20000,0.58,20019.44;0
20000,0.58,20019.51;0
20000,0.58,20019.58;0
20000,0.58,20019.64;0
20000,0.58,20019.71;0
20000,0.58,20019.78;0
20000,0.58,20019.78;0
20000,0.58,20019.85;0
20000,0.58,20019.92;0
20000,0.58,20019.99;0
20000,0.58,20020.06;0
20000,0.58,20020.12;0
20000,0.58,20020.12;0
20000,0.58,20020.18;0
20000,0.58,20020.24;0
20000,0.58,20020.3;0
20000,0.58,20020.36;0
20000,0.58,20020.42;0
20000,0.58,20020.42;0
20000,0.58,20020.44;0
20000,0.58,20020.44;0
20000,0.58,20020.44;0
20000,0.58,20020.46;0
20000,0.58,20020.46;0
20000,0.58,20020.46;0
20000,0.58,20020.46;0
20000,0.58,20020.46;0
20000,0.58,20020.48;0
20000,0.58,20020.48;0
20000,0.58,20020.48;0
20000,0.58,20020.48;0
20000,0.58,20020.48;0
20000,0.58,20020.48;0
20000,0.58,20020.48;0
20000,0.58,20020.48;0
20000,0.58,20020.48;0
20000,0.58,20020.48;0
20000,0.58,20020.49;0
20000,0.58,20020.49;0
20000,0.58,20020.49;0
20000,0.58,20020.49;0
20000,0.58,20020.49;0
20000,0.58,20020.49;0
20000,0.58,20020.5;0
20000,0.58,20020.5;0
20000,0.58,20020.52;0
20000,0.58,20020.55;0
20000,0.58,20020.55;0
20000,0.58,20020.56;0
20000,0.58,20020.56;0
20000,0.58,20020.56;0
20000,0.58,20020.56;0
20000,0.58,20020.58;0
20000,0.58,20020.58;0
20000,0.58,20020.58;0
20000,0.58,20020.58;0
20000,0.58,20020.58;0
20000,0.58,20020.59;0
20000,0.58,20020.63;0
20000,0.58,20020.66;0
20000,0.58,20020.66;0
20000,0.58,20020.69;0
20000,0.58,20020.72;0
20000,0.58,20020.74;0
20000,0.58,20020.78;0
20000,0.58,20020.82;0
20000,0.58,20020.82;0
20000,0.58,20020.86;0
20000,0.58,20020.86;0
20000,0.58,20020.9;0
20000,0.58,20020.9;0
20000,0.58,20020.9;0
20000,0.58,20020.9;0
20000,0.58,20020.9;0
20000,0.58,20020.94;0
20000,0.58,20020.94;0
20000,0.58,20020.95;0
20000,0.58,20020.95;0
20000,0.58,20020.98;0
20000,0.58,20021.03;0
20000,0.58,20021.03;0
20000,0.58,20021.03;0
20000,0.58,20021.03;0
20000,0.58,20021.03;0
20000,0.58,20021.03;0
20000,0.58,20021.03;0
20000,0.58,20021.03;0
20000,0.58,20021.03;0
20000,0.58,20021.03;0
20000,0.58,20021.03;0
20000,0.58,20021.03;0
20000,0.58,20021.03;0
20000,0.58,20021.03;0
20000,0.58,20021.03;0
20000,0.58,20021.03;0
20000,0.58,20021.03;0
20000,0.58,20021.07;0
20000,0.58,20021.07;0
20000,0.58,20021.07;0
20000,0.58,20021.07;0
20000,0.58,20021.07;0
20000,0.58,20021.11;0
20000,0.58,20021.16;0
20000,0.58,20021.2;0
20000,0.58,20021.25;0
20000,0.58,20021.29;0
20000,0.58,20021.29;0
20000,0.58,20021.34;0
20000,0.58,20021.34;0
20000,0.58,20021.38;0
20000,0.58,20021.43;0
20000,0.58,20021.46;0
20000,0.58,20021.46;0
20000,0.58,20021.49;0
20000,0.58,20021.53;0
20000,0.58,20021.54;0
20000,0.58,20021.59;0
20000,0.58,20021.59;0
20000,0.58,20021.61;0
20000,0.58,20021.61;0
20000,0.58,20021.61;0
20000,0.58,20021.61;0
20000,0.58,20021.61;0
20000,0.58,20021.61;0
20000,0.58,20021.61;0
20000,0.58,20021.61;0
20000,0.58,20021.61;0
20000,0.58,20021.61;0
20000,0.58,20021.61;0
20000,0.58,20021.66;0
20000,0.58,20021.71;0
20000,0.58,20021.77;0
20000,0.58,20021.83;0
20000,0.58,20021.89;0
20000,0.58,20021.89;0
20000,0.58,20021.96;0
20000,0.58,20022.03;0
20000,0.58,20022.1;0
20000,0.58,20022.17;0
20000,0.58,20022.23;0
20000,0.58,20022.23;0
20000,0.58,20022.31;0
20000,0.58,20022.38;0
20000,0.58,20022.46;0
20000,0.58,20022.54;0
20000,0.58,20022.62;0
20000,0.58,20022.62;0
20000,0.58,20022.7;0
20000,0.58,20022.78;0
20000,0.58,20022.86;0
20000,0.58,20022.94;0
20000,0.58,20023.03;0
20000,0.58,20023.03;0
20000,0.58,20023.11;0
20000,0.58,20023.2;0
20000,0.58,20023.28;0
20000,0.58,20023.37;0
20000,0.58,20023.46;0
20000,0.58,20023.46;0
20000,0.58,20023.54;0
20000,0.58,20023.62;0
20000,0.58,20023.71;0
20000,0.58,20023.79;0
20000,0.58,20023.88;0
20000,0.58,20023.88;0
20000,0.58,20023.96;0
20000,0.58,20023.96;0
20000,0.58,20023.96;0
20000,0.58,20024.05;0
20000,0.58,20024.05;0
20000,0.58,20024.05;0
20000,0.58,20024.05;0
20000,0.58,20024.05;0
20000,0.58,20024.05;0
20000,0.58,20024.05;0
20000,0.58,20024.05;0
20000,0.58,20024.05;0
20000,0.58,20024.05;0
20000,0.58,20024.13;0
20000,0.58,20024.13;0
20000,0.58,20024.13;0
20000,0.58,20024.13;0
20000,0.58,20024.13;0
20000,0.58,20024.13;0
20000,0.58,20024.13;0
20000,0.58,20024.13;0
20000,0.58,20024.13;0
20000,0.58,20024.21;0
20000,0.58,20024.21;0
20000,0.58,20024.21;0
20000,0.58,20024.21;0
20000,0.58,20024.28;0
20000,0.58,20024.35;0
20000,0.58,20024.35;0
20000,0.58,20024.35;0
20000,0.58,20024.4;0
20000,0.58,20024.45;0
20000,0.58,20024.5;0
20000,0.58,20024.55;0
20000,0.58,20024.55;0
20000,0.58,20024.55;0
20000,0.58,20024.55;0
20000,0.58,20024.55;0
20000,0.58,20024.55;0
20000,0.58,20024.55;0
20000,0.58,20024.55;0
20000,0.58,20024.55;0
20000,0.58,20024.55;0
20000,0.58,20024.55;0
20000,0.58,20024.55;0
20000,0.58,20024.55;0
20000,0.58,20024.55;0
20000,0.58,20024.55;0
20000,0.58,20024.55;0
20000,0.58,20024.55;0
20000,0.58,20024.55;0
20000,0.58,20024.55;0
20000,0.58,20024.55;0
20000,0.58,20024.55;0
20000,0.58,20024.55;0
20000,0.58,20024.55;0
20000,0.58,20024.55;0
20000,0.58,20024.55;0
20000,0.58,20024.55;0
20000,0.58,20024.55;0
20000,0.58,20024.55;0
20000,0.58,20024.55;0
20000,0.58,20024.55;0
20000,0.58,20024.55;0
20000,0.58,20024.55;0
20000,0.58,20024.55;0
20000,0.58,20024.55;0
20000,0.58,20024.55;0
20000,0.58,20024.55;0
20000,0.58,20024.55;0
20000,0.58,20024.55;0
20000,0.58,20024.55;0
20000,0.58,20024.55;0
20000,0.58,20024.55;0
20000,0.58,20024.55;0
20000,0.58,20024.55;0
20000,0.58,20024.55;0
20000,0.58,20024.55;0
20000,0.58,20024.55;0
20000,0.58,20024.55;0
20000,0.58,20024.55;0
20000,0.58,20024.55;0
20000,0.58,20024.55;0
20000,0.58,20024.55;0
20000,0.58,20024.55;0
20000,0.58,20024.55;0
20000,0.58,20024.55;0
20000,0.58,20024.55;0
20000,0.58,20024.55;0
20000,0.58,20024.55;0
20000,0.58,20024.55;0
20000,0.58,20024.55;0
20000,0.58,20024.55;0
20000,0.58,20024.55;0
20000,0.58,20024.55;0
20000,0.58,20024.55;0
20000,0.58,20024.55;0
20000,0.58,20024.55;0
20000,0.58,20024.55;0
20000,0.58,20024.55;0
20000,0.58,20024.55;0
20000,0.58,20024.55;0
20000,0.58,20024.55;0
20000,0.58,20024.55;0
20000,0.58,20024.55;0
20000,0.58,20024.55;0
20000,0.58,20024.55;0
20000,0.58,20024.55;0
20000,0.58,20024.55;0
20000,0.58,20024.55;0
20000,0.58,20024.55;0
20000,0.58,20024.55;0
20000,0.58,20024.55;0
20000,0.58,20024.55;0
20000,0.58,20024.55;0
20000,0.58,20024.55;0
20000,0.58,20024.55;0
20000,0.58,20024.55;0
20000,0.58,20024.55;0
20000,0.58,20024.55;0
20000,0.58,20024.55;0
20000,0.58,20024.55;0
20000,0.58,20024.55;0
20000,0.58,20024.55;0
20000,0.58,20024.55;0
20000,0.58,20024.55;0
20000,0.58,20024.55;0
20000,0.58,20024.55;0
20000,0.58,20024.55;0
20000,0.58,20024.55;0
20000,0.58,20024.55;0
20000,0.58,20024.55;0
20000,0.58,20024.55;0
20000,0.58,20024.55;0
20000,0.58,20024.55;0
20000,0.58,20024.55;0
20000,0.58,20024.55;0
20000,0.58,20024.55;0
20000,0.58,20024.55;0
20000,0.58,20024.55;0
20000,0.58,20024.55;0
20000,0.58,20024.55;0
20000,0.58,20024.55;0
20000,0.58,20024.55;0
20000,0.58,20024.55;0
20000,0.58,20024.55;0
20000,0.58,20024.55;0
20000,0.58,20024.55;0
20000,0.58,20024.55;0
20000,0.58,20024.55;0
20000,0.58,20024.55;0
20000,0.58,20024.55;0
20000,0.58,20024.55;0
20000,0.58,20024.55;0
20000,0.58,20024.55;0
20000,0.58,20024.55;0
20000,0.58,20024.55;0
20000,0.58,20024.55;0
20000,0.58,20024.55;0
20000,0.58,20024.55;0
20000,0.58,20024.55;0
20000,0.58,20024.55;0
20000,0.58,20024.55;0
20000,0.58,20024.55;0
20000,0.58,20024.55;0
20000,0.58,20024.55;0
20000,0.58,20024.55;0
20000,0.58,20024.55;0
20000,0.58,20024.55;0
20000,0.58,20024.55;0
20000,0.58,20024.55;0
20000,0.58,20024.55;0
20000,0.58,20024.55;0
20000,0.58,20024.55;0
20000,0.58,20024.55;0
20000,0.58,20024.55;0
20000,0.58,20024.55;0
20000,0.58,20024.55;0
20000,0.58,20024.55;0
20000,0.58,20024.55;0
20000,0.58,20024.55;0
20000,0.58,20024.55;0
20000,0.58,20024.55;0
20000,0.58,20024.55;0
20000,0.58,20024.55;0
20000,0.58,20024.55;0
20000,0.58,20024.55;0
20000,0.58,20024.55;0
20000,0.58,20024.55;0
20000,0.58,20024.55;0
20000,0.58,20024.55;0
20000,0.58,20024.55;0
20000,0.58,20024.55;0
20000,0.58,20024.55;0
20000,0.58,20024.55;0
20000,0.58,20024.55;0
20000,0.58,20024.55;0
20000,0.58,20024.55;0
20000,0.58,20024.55;0
20000,0.58,20024.55;0
20000,0.58,20024.55;0
20000,0.58,20024.55;0
20000,0.58,20024.55;0
20000,0.58,20024.55;0
20000,0.58,20024.55;0
20000,0.58,20024.55;0
20000,0.58,20024.55;0
20000,0.58,20024.55;0
20000,0.58,20024.55;0
20000,0.58,20024.55;0
20000,0.58,20024.55;0
20000,0.58,20024.55;0
20000,0.58,20024.55;0
20000,0.58,20024.55;0
20000,0.58,20024.55;0
20000,0.58,20024.55;0
20000,0.58,20024.55;0
20000,0.58,20024.55;0
20000,0.58,20024.55;0
20000,0.58,20024.55;0
20000,0.58,20024.55;0
20000,0.58,20024.55;0
20000,0.58,20024.55;0
20000,0.58,20024.55;0
20000,0.58,20024.55;0
20000,0.58,20024.55;0
20000,0.58,20024.55;0
20000,0.58,20024.55;0
20000,0.58,20024.55;0
20000,0.58,20024.55;0
20000,0.58,20024.55;0
20000,0.58,20024.55;0
20000,0.58,20024.55;0
20000,0.58,20024.55;0
20000,0.58,20024.55;0
20000,0.58,20024.55;0
20000,0.58,20024.55;0
20000,0.58,20024.55;0
20000,0.58,20024.55;0
20000,0.58,20024.55;0
20000,0.58,20024.55;0
20000,0.58,20024.55;0
20000,0.58,20024.55;0
20000,0.58,20024.55;0
20000,0.58,20024.55;0
20000,0.58,20024.55;0
20000,0.58,20024.55;0
20000,0.58,20024.55;0
20000,0.58,20024.55;0
20000,0.58,20024.55;0
20000,0.58,20024.55;0
20000,0.58,20024.55;0
20000,0.58,20024.55;0
20000,0.58,20024.55;0
20000,0.58,20024.55;0
20000,0.58,20024.55;0
20000,0.58,20024.55;0
20000,0.58,20024.55;0
20000,0.58,20024.55;0
20000,0.58,20024.55;0
20000,0.58,20024.55;0
20000,0.58,20024.55;0
20000,0.58,20024.55;0
20000,0.58,20024.55;0
20000,0.58,20024.55;0
20000,0.58,20024.55;0
20000,0.58,20024.55;0
20000,0.58,20024.55;0
20000,0.58,20024.55;0
20000,0.58,20024.55;0
20000,0.58,20024.55;0
20000,0.58,20024.55;0
20000,0.58,20024.55;0
20000,0.58,20024.55;0
20000,0.58,20024.55;0
20000,0.58,20024.55;0
20000,0.58,20024.55;0
20000,0.58,20024.55;0
20000,0.58,20024.55;0
20000,0.58,20024.55;0
20000,0.58,20024.55;0
20000,0.58,20024.55;0
20000,0.58,20024.55;0
20000,0.58,20024.55;0
20000,0.58,20024.55;0
20000,0.58,20024.55;0
20000,0.58,20024.55;0
20000,0.58,20024.55;0
20000,0.58,20024.55;0
20000,0.58,20024.55;0
20000,0.58,20024.55;0
20000,0.58,20024.55;0
20000,0.58,20024.55;0
20000,0.58,20024.55;0
20000,0.58,20024.55;0
20000,0.58,20024.55;0
20000,0.58,20024.55;0
20000,0.58,20024.55;0
20000,0.58,20024.55;0
20000,0.58,20024.55;0
20000,0.58,20024.55;0
20000,0.58,20024.55;0
20000,0.58,20024.55;0
20000,0.58,20024.55;0
20000,0.58,20024.55;0
20000,0.58,20024.55;0
20000,0.58,20024.55;0
20000,0.58,20024.55;0
20000,0.58,20024.55;0
20000,0.58,20024.55;0
20000,0.58,20024.55;0
20000,0.58,20024.55;0
20000,0.58,20024.55;0
20000,0.58,20024.55;0
20000,0.58,20024.55;0
20000,0.58,20024.55;0
20000,0.58,20024.55;0
20000,0.58,20024.55;0
20000,0.58,20024.55;0
20000,0.58,20024.55;0
20000,0.58,20024.55;0
20000,0.58,20024.55;0
20000,0.58,20024.55;0
20000,0.58,20024.55;0
20000,0.58,20024.55;0
20000,0.58,20024.55;0
20000,0.58,20024.55;0
20000,0.58,20024.55;0
20000,0.58,20024.55;0
20000,0.58,20024.55;0
20000,0.58,20024.55;0
20000,0.58,20024.55;0
20000,0.58,20024.55;0
20000,0.58,20024.55;0
20000,0.58,20024.55;0
20000,0.58,20024.55;0
20000,0.58,20024.55;0
20000,0.58,20024.55;0
20000,0.58,20024.55;0
20000,0.58,20024.55;0
20000,0.58,20024.55;0
20000,0.58,20024.55;0
20000,0.58,20024.55;0
20000,0.58,20024.55;0
20000,0.58,20024.68;0
20000,0.58,20024.68;0
20000,0.58,20024.68;0
20000,0.58,20024.68;0
20000,0.58,20024.68;0
20000,0.58,20024.68;0
20000,0.58,20024.68;0
20000,0.58,20024.68;0
20000,0.58,20024.68;0
20000,0.58,20024.68;0
20000,0.58,20024.68;0
20000,0.58,20024.68;0
20000,0.58,20024.68;0
20000,0.58,20024.68;0
20000,0.58,20024.68;0
20000,0.58,20024.68;0
20000,0.58,20024.68;0
20000,0.58,20024.68;0
20000,0.58,20024.68;0
20000,0.58,20024.68;0
20000,0.58,20024.68;0
20000,0.58,20024.68;0
20000,0.58,20024.68;0
20000,0.58,20024.68;0
20000,0.58,20024.68;0
20000,0.58,20024.68;0
20000,0.58,20024.68;0
20000,0.58,20024.68;0
20000,0.58,20024.68;0
20000,0.58,20024.68;0
20000,0.58,20024.68;0
20000,0.58,20024.68;0
20000,0.58,20024.68;0
20000,0.58,20024.68;0
20000,0.58,20024.68;0
20000,0.58,20024.68;0
20000,0.58,20024.68;0
20000,0.58,20024.68;0
20000,0.58,20024.68;0
20000,0.58,20024.68;0
20000,0.58,20024.68;0
20000,0.58,20024.68;0
20000,0.58,20024.68;0
20000,0.58,20024.68;0
20000,0.58,20024.68;0
20000,0.58,20024.68;0
20000,0.58,20024.68;0
20000,0.58,20024.68;0
20000,0.58,20024.68;0
20000,0.58,20024.68;0
20000,0.58,20024.68;0
20000,0.58,20024.68;0
20000,0.58,20024.68;0
20000,0.58,20024.68;0
20000,0.58,20024.68;0
20000,0.58,20024.68;0
20000,0.58,20024.68;0
20000,0.58,20024.68;0
20000,0.58,20024.68;0
20000,0.58,20024.68;0
20000,0.58,20024.68;0
20000,0.58,20024.68;0
20000,0.58,20024.68;0
20000,0.58,20024.68;0
20000,0.58,20024.68;0
20000,0.58,20024.68;0
20000,0.58,20024.68;0
20000,0.58,20024.68;0
20000,0.58,20024.68;0
20000,0.58,20024.68;0
20000,0.58,20024.68;0
20000,0.58,20024.68;0
20000,0.58,20024.68;0
20000,0.58,20024.68;0
20000,0.58,20024.68;0
20000,0.58,20024.68;0
20000,0.58,20024.68;0
20000,0.58,20024.68;0
20000,0.58,20024.68;0
20000,0.58,20024.68;0
20000,0.58,20024.68;0
20000,0.58,20024.68;0
20000,0.58,20024.68;0
20000,0.58,20024.68;0
20000,0.58,20024.68;0
20000,0.58,20024.68;0
20000,0.58,20024.68;0
20000,0.58,20024.68;0
20000,0.58,20024.68;0
20000,0.58,20024.68;0
20000,0.58,20024.68;0
20000,0.58,20024.68;0
20000,0.58,20024.68;0
20000,0.58,20024.68;0
20000,0.58,20024.68;0
20000,0.58,20024.68;0
20000,0.58,20024.68;0
20000,0.58,20024.68;0
20000,0.58,20024.68;0
20000,0.58,20024.68;0
20000,0.58,20024.68;0
20000,0.58,20024.68;0
20000,0.58,20024.68;0
20000,0.58,20024.68;0
20000,0.58,20024.68;0
20000,0.58,20024.68;0
20000,0.58,20024.68;0
20000,0.58,20024.68;0
20000,0.58,20024.68;0
20000,0.58,20024.68;0
20000,0.58,20024.68;0
20000,0.58,20024.68;0
20000,0.58,20024.68;0
20000,0.58,20024.68;0
20000,0.58,20024.68;0
20000,0.58,20024.68;0
20000,0.58,20024.8;0
20000,0.58,20024.8;0
20000,0.58,20024.93;0
20000,0.58,20024.93;0
20000,0.58,20024.93;0
20000,0.58,20024.93;0
20000,0.58,20024.93;0
20000,0.58,20024.93;0
20000,0.58,20025.06;0
20000,0.58,20025.18;0
20000,0.58,20025.18;0
20000,0.58,20025.18;0
20000,0.58,20025.18;0
20000,0.58,20025.18;0
20000,0.58,20025.18;0
20000,0.58,20025.18;0
20000,0.58,20025.18;0
20000,0.58,20025.18;0
20000,0.58,20025.18;0
20000,0.58,20025.18;0
20000,0.58,20025.18;0
20000,0.58,20025.18;0
20000,0.58,20025.18;0
20000,0.58,20025.18;0
20000,0.58,20025.18;0
20000,0.58,20025.18;0
20000,0.58,20025.18;0
20000,0.58,20025.18;0
20000,0.58,20025.18;0
20000,0.58,20025.18;0
20000,0.58,20025.18;0
20000,0.58,20025.18;0
20000,0.58,20025.18;0
20000,0.58,20025.18;0
20000,0.58,20025.18;0
20000,0.58,20025.18;0
20000,0.58,20025.18;0
20000,0.58,20025.18;0
20000,0.58,20025.18;0
20000,0.58,20025.18;0
20000,0.58,20025.18;0
20000,0.58,20025.18;0
20000,0.58,20025.18;0
20000,0.58,20025.18;0
20000,0.58,20025.18;0
20000,0.58,20025.18;0
20000,0.58,20025.18;0
20000,0.58,20025.18;0
20000,0.58,20025.18;0
20000,0.58,20025.18;0
20000,0.58,20025.18;0
20000,0.58,20025.18;0
20000,0.58,20025.18;0
20000,0.58,20025.18;0
20000,0.58,20025.18;0
20000,0.58,20025.18;0
20000,0.58,20025.18;0
20000,0.58,20025.18;0
20000,0.58,20025.18;0
20000,0.58,20025.18;0
20000,0.58,20025.18;0
20000,0.58,20025.18;0
20000,0.58,20025.18;0
20000,0.58,20025.18;0
20000,0.58,20025.18;0
20000,0.58,20025.18;0
20000,0.58,20025.18;0
20000,0.58,20025.18;0
20000,0.58,20025.18;0
20000,0.58,20025.18;0
20000,0.58,20025.18;0
20000,0.58,20025.18;0
20000,0.58,20025.18;0
20000,0.58,20025.18;0
20000,0.58,20025.18;0
20000,0.58,20025.18;0
20000,0.58,20025.18;0
20000,0.58,20025.18;0
20000,0.58,20025.18;0
20000,0.58,20025.18;0
20000,0.58,20025.18;0
20000,0.58,20025.18;0
20000,0.58,20025.18;0
20000,0.58,20025.18;0
20000,0.58,20025.18;0
20000,0.58,20025.18;0
20000,0.58,20025.18;0
20000,0.58,20025.18;0
20000,0.58,20025.18;0
20000,0.58,20025.18;0
20000,0.58,20025.18;0
20000,0.58,20025.18;0
20000,0.58,20025.18;0
20000,0.58,20025.18;0
20000,0.58,20025.18;0
20000,0.58,20025.18;0
20000,0.58,20025.18;0
20000,0.58,20025.18;0
20000,0.58,20025.18;0
20000,0.58,20025.18;0
20000,0.58,20025.18;0
20000,0.58,20025.18;0
20000,0.58,20025.18;0
20000,0.58,20025.18;0
20000,0.58,20025.18;0
20000,0.58,20025.18;0
20000,0.58,20025.18;0
20000,0.58,20025.18;0
20000,0.58,20025.18;0
20000,0.58,20025.18;0
20000,0.58,20025.18;0
20000,0.58,20025.18;0
20000,0.58,20025.18;0
20000,0.58,20025.18;0
20000,0.58,20025.18;0
20000,0.58,20025.18;0
20000,0.58,20025.18;0
20000,0.58,20025.18;0
20000,0.58,20025.18;0
20000,0.58,20025.18;0
20000,0.58,20025.18;0
20000,0.58,20025.18;0
20000,0.58,20025.18;0
20000,0.58,20025.18;0
20000,0.58,20025.18;0
20000,0.58,20025.18;0
20000,0.58,20025.18;0
20000,0.58,20025.18;0
20000,0.58,20025.18;0
20000,0.58,20025.18;0
20000,0.58,20025.18;0
20000,0.58,20025.18;0
20000,0.58,20025.18;0
20000,0.58,20025.18;0
20000,0.58,20025.18;0
20000,0.58,20025.18;0
20000,0.58,20025.18;0
20000,0.58,20025.18;0
20000,0.58,20025.18;0
20000,0.58,20025.18;0
20000,0.58,20025.18;0
20000,0.58,20025.18;0
20000,0.58,20025.18;0
20000,0.58,20025.18;0
20000,0.58,20025.18;0
20000,0.58,20025.18;0
20000,0.58,20025.18;0
20000,0.58,20025.18;0
20000,0.58,20025.18;0
20000,0.58,20025.18;0
20000,0.58,20025.18;0
20000,0.58,20025.18;0
20000,0.58,20025.18;0
20000,0.58,20025.18;0
20000,0.58,20025.18;0
20000,0.58,20025.18;0
20000,0.58,20025.18;0
20000,0.58,20025.18;0
20000,0.58,20025.18;0
20000,0.58,20025.18;0
20000,0.58,20025.18;0
20000,0.58,20025.18;0
20000,0.58,20025.18;0
20000,0.58,20025.18;0
20000,0.58,20025.18;0
20000,0.58,20025.18;0
20000,0.58,20025.18;0
20000,0.58,20025.18;0
20000,0.58,20025.18;0
20000,0.58,20025.18;0
20000,0.58,20025.18;0
20000,0.58,20025.18;0
20000,0.58,20025.18;0
20000,0.58,20025.18;0
20000,0.58,20025.18;0
20000,0.58,20025.18;0
20000,0.58,20025.18;0
20000,0.58,20025.31;0
20000,0.58,20025.44;0
20000,0.58,20025.56;0
20000,0.58,20025.56;0
20000,0.58,20025.56;0
20000,0.58,20025.69;0
20000,0.58,20025.69;0
20000,0.58,20025.69;0
20000,0.58,20025.82;0
20000,0.58,20025.82;0
20000,0.58,20025.82;0
20000,0.58,20025.95;0
20000,0.58,20026.07;0
20000,0.58,20026.2;0
20000,0.58,20026.2;0
20000,0.58,20026.2;0
20000,0.58,20026.33;0
20000,0.58,20026.45;0
20000,0.58,20026.58;0
20000,0.58,20026.58;0
20000,0.58,20026.58;0
20000,0.58,20026.58;0
20000,0.58,20026.58;0
20000,0.58,20026.58;0
20000,0.58,20026.58;0
20000,0.58,20026.58;0
20000,0.58,20026.58;0
20000,0.58,20026.58;0
20000,0.58,20026.58;0
20000,0.58,20026.58;0
20000,0.58,20026.58;0
20000,0.58,20026.58;0
20000,0.58,20026.58;0
20000,0.58,20026.58;0
20000,0.58,20026.58;0
20000,0.58,20026.58;0
20000,0.58,20026.58;0
20000,0.58,20026.58;0
20000,0.58,20026.58;0
20000,0.58,20026.58;0
20000,0.58,20026.58;0
20000,0.58,20026.58;0
20000,0.58,20026.58;0
20000,0.58,20026.58;0
20000,0.58,20026.58;0
20000,0.58,20026.58;0
20000,0.58,20026.58;0
20000,0.58,20026.58;0
20000,0.58,20026.58;0
20000,0.58,20026.58;0
20000,0.58,20026.58;0
20000,0.58,20026.58;0
20000,0.58,20026.58;0
20000,0.58,20026.58;0
20000,0.58,20026.58;0
20000,0.58,20026.58;0
20000,0.58,20026.58;0
20000,0.58,20026.58;0
20000,0.58,20026.71;0
20000,0.58,20026.83;0
20000,0.58,20026.96;0
20000,0.58,20027.09;0
20000,0.58,20027.09;0
20000,0.58,20027.21;0
20000,0.58,20027.34;0
20000,0.58,20027.47;0
20000,0.58,20027.6;0
20000,0.58,20027.72;0
20000,0.58,20027.72;0
20000,0.58,20027.85;0
20000,0.58,20027.98;0
20000,0.58,20028.1;0
20000,0.58,20028.23;0
20000,0.58,20028.23;0
20000,0.58,20028.23;0
20000,0.58,20028.23;0
20000,0.58,20028.23;0
20000,0.58,20028.23;0
20000,0.58,20028.23;0
20000,0.58,20028.23;0
20000,0.58,20028.23;0
20000,0.58,20028.23;0
20000,0.58,20028.23;0
20000,0.58,20028.23;0
20000,0.58,20028.23;0
20000,0.58,20028.23;0
20000,0.58,20028.23;0
20000,0.58,20028.23;0
20000,0.58,20028.23;0
20000,0.58,20028.23;0
20000,0.58,20028.23;0
20000,0.58,20028.23;0
20000,0.58,20028.23;0
20000,0.58,20028.23;0
20000,0.58,20028.23;0
20000,0.58,20028.23;0
20000,0.58,20028.23;0
20000,0.58,20028.23;0
20000,0.58,20028.23;0
20000,0.58,20028.23;0
20000,0.58,20028.23;0
20000,0.58,20028.23;0
20000,0.58,20028.23;0
20000,0.58,20028.23;0
20000,0.58,20028.23;0
20000,0.58,20028.23;0
20000,0.58,20028.23;0
20000,0.58,20028.23;0
20000,0.58,20028.23;0
20000,0.58,20028.23;0
20000,0.58,20028.36;0
20000,0.58,20028.36;0
20000,0.58,20028.36;0
20000,0.58,20028.36;0
20000,0.58,20028.48;0
20000,0.58,20028.48;0
20000,0.58,20028.61;0
20000,0.58,20028.74;0
20000,0.58,20028.87;0
20000,0.58,20028.87;0
20000,0.58,20028.99;0
20000,0.58,20028.99;0
20000,0.58,20028.99;0
20000,0.58,20028.99;0
20000,0.58,20028.99;0
20000,0.58,20028.99;0
20000,0.58,20028.99;0
20000,0.58,20028.99;0
20000,0.58,20028.99;0
20000,0.58,20028.99;0
20000,0.58,20028.99;0
20000,0.58,20028.99;0
20000,0.58,20028.99;0
20000,0.58,20028.99;0
20000,0.58,20028.99;0
20000,0.58,20028.99;0
20000,0.58,20028.99;0
20000,0.58,20029.12;0
20000,0.58,20029.25;0
20000,0.58,20029.37;0
20000,0.58,20029.37;0
20000,0.58,20029.5;0
20000,0.58,20029.5;0
20000,0.58,20029.63;0
20000,0.58,20029.76;0
20000,0.58,20029.88;0
20000,0.58,20029.88;0
20000,0.58,20030.01;0
20000,0.58,20030.14;0
20000,0.58,20030.26;0
20000,0.58,20030.39;0
20000,0.58,20030.52;0
20000,0.58,20030.64;0
20000,0.58,20030.77;0
20000,0.58,20030.9;0
20000,0.58,20031.03;0
20000,0.58,20031.03;0
20000,0.58,20031.15;0
20000,0.58,20031.28;0
20000,0.58,20031.41;0
20000,0.58,20031.53;0
20000,0.58,20031.66;0
20000,0.58,20031.66;0
20000,0.58,20031.79;0
20000,0.58,20031.91;0
20000,0.58,20032.04;0
20000,0.58,20032.04;0
20000,0.58,20032.04;0
20000,0.58,20032.04;0
20000,0.58,20032.04;0
20000,0.58,20032.04;0
20000,0.58,20032.04;0
20000,0.58,20032.04;0
20000,0.58,20032.04;0
20000,0.58,20032.04;0
20000,0.58,20032.04;0
20000,0.58,20032.04;0
20000,0.58,20032.04;0
20000,0.58,20032.04;0
20000,0.58,20032.04;0
20000,0.58,20032.04;0
20000,0.58,20032.04;0
20000,0.58,20032.04;0
20000,0.58,20032.04;0
20000,0.58,20032.04;0
20000,0.58,20032.04;0
20000,0.58,20032.04;0
20000,0.58,20032.04;0
20000,0.58,20032.04;0
20000,0.58,20032.17;0
20000,0.58,20032.29;0
20000,0.58,20032.29;0
20000,0.58,20032.42;0
20000,0.58,20032.55;0
20000,0.58,20032.68;0
20000,0.58,20032.8;0
20000,0.58,20032.8;0
20000,0.58,20032.93;0
20000,0.58,20033.06;0
20000,0.58,20033.18;0
20000,0.58,20033.31;0
20000,0.58,20033.44;0
20000,0.58,20033.56;0
20000,0.58,20033.56;0
20000,0.58,20033.69;0
20000,0.58,20033.82;0
20000,0.58,20033.95;0
20000,0.58,20034.07;0
20000,0.58,20034.2;0
20000,0.58,20034.2;0
20000,0.58,20034.33;0
20000,0.58,20034.45;0
20000,0.58,20034.58;0
20000,0.58,20034.71;0
20000,0.58,20034.84;0
20000,0.58,20034.84;0
20000,0.58,20034.96;0
20000,0.58,20035.09;0
20000,0.58,20035.22;0
20000,0.58,20035.34;0
20000,0.58,20035.34;0
20000,0.58,20035.47;0
20000,0.58,20035.6;0
20000,0.58,20035.72;0
20000,0.58,20035.85;0
20000,0.58,20035.98;0
20000,0.58,20035.98;0
20000,0.58,20036.11;0
20000,0.58,20036.23;0
20000,0.58,20036.23;0
20000,0.58,20036.23;0
20000,0.58,20036.23;0
20000,0.58,20036.23;0
20000,0.58,20036.23;0
20000,0.58,20036.23;0
20000,0.58,20036.23;0
20000,0.58,20036.23;0
20000,0.58,20036.23;0
20000,0.58,20036.23;0
20000,0.58,20036.23;0
20000,0.58,20036.23;0
20000,0.58,20036.23;0
20000,0.58,20036.23;0
20000,0.58,20036.23;0
20000,0.58,20036.23;0
20000,0.58,20036.23;0
20000,0.58,20036.23;0
20000,0.58,20036.23;0
20000,0.58,20036.23;0
20000,0.58,20036.23;0
20000,0.58,20036.23;0
20000,0.58,20036.23;0
20000,0.58,20036.36;0
20000,0.58,20036.36;0
20000,0.58,20036.36;0
20000,0.58,20036.36;0
20000,0.58,20036.36;0
20000,0.58,20036.36;0
20000,0.58,20036.36;0
20000,0.58,20036.49;0
20000,0.58,20036.61;0
20000,0.58,20036.74;0
20000,0.58,20036.74;0
20000,0.58,20036.87;0
20000,0.58,20036.99;0
20000,0.58,20037.12;0
20000,0.58,20037.25;0
20000,0.58,20037.25;0
20000,0.58,20037.25;0
20000,0.58,20037.38;0
20000,0.58,20037.38;0
20000,0.58,20037.38;0
20000,0.58,20037.38;0
20000,0.58,20037.38;0
20000,0.58,20037.38;0
20000,0.58,20037.38;0
20000,0.58,20037.38;0
20000,0.58,20037.38;0
20000,0.58,20037.38;0
20000,0.58,20037.38;0
20000,0.58,20037.38;0
20000,0.58,20037.38;0
20000,0.58,20037.38;0
20000,0.58,20037.38;0
20000,0.58,20037.5;0
20000,0.58,20037.5;0
20000,0.58,20037.63;0
20000,0.58,20037.76;0
20000,0.58,20037.88;0
20000,0.58,20038.01;0
20000,0.58,20038.14;0
20000,0.58,20038.14;0
20000,0.58,20038.26;0
20000,0.58,20038.39;0
20000,0.58,20038.52;0
20000,0.58,20038.64;0
20000,0.58,20038.64;0
20000,0.58,20038.77;0
20000,0.58,20038.9;0
20000,0.58,20039.03;0
20000,0.58,20039.15;0
20000,0.58,20039.28;0
20000,0.58,20039.28;0
20000,0.58,20039.41;0
20000,0.58,20039.53;0
20000,0.58,20039.66;0
20000,0.58,20039.79;0
20000,0.58,20039.91;0
20000,0.58,20039.91;0
20000,0.58,20040.04;0
20000,0.58,20040.17;0
20000,0.58,20040.3;0
20000,0.58,20040.42;0
20000,0.58,20040.55;0
20000,0.58,20040.55;0
20000,0.58,20040.68;0
20000,0.58,20040.8;0
20000,0.58,20040.8;0
20000,0.58,20040.8;0
20000,0.58,20040.8;0
20000,0.58,20040.8;0
20000,0.58,20040.8;0
20000,0.58,20040.8;0
20000,0.58,20040.8;0
20000,0.58,20040.8;0
20000,0.58,20040.8;0
20000,0.58,20040.8;0
20000,0.58,20040.8;0
20000,0.58,20040.8;0
20000,0.58,20040.93;0
20000,0.58,20041.06;0
20000,0.58,20041.19;0
20000,0.58,20041.19;0
20000,0.58,20041.31;0
20000,0.58,20041.44;0
20000,0.58,20041.57;0
20000,0.58,20041.69;0
20000,0.58,20041.82;0
20000,0.58,20041.82;0
20000,0.58,20041.95;0
20000,0.58,20042.07;0
20000,0.58,20042.2;0
20000,0.58,20042.33;0
20000,0.58,20042.46;0
20000,0.58,20042.46;0
20000,0.58,20042.58;0
20000,0.58,20042.71;0
20000,0.58,20042.84;0
20000,0.58,20042.96;0
20000,0.58,20043.09;0
20000,0.58,20043.09;0
20000,0.58,20043.22;0
20000,0.58,20043.34;0
20000,0.58,20043.47;0
20000,0.58,20043.6;0
20000,0.58,20043.72;0
20000,0.58,20043.85;0
20000,0.58,20043.98;0
20000,0.58,20044.11;0
20000,0.58,20044.11;0
20000,0.58,20044.23;0
20000,0.58,20044.36;0
20000,0.58,20044.49;0
20000,0.58,20044.61;0
20000,0.58,20044.61;0
20000,0.58,20044.74;0
20000,0.58,20044.87;0
20000,0.58,20044.99;0
20000,0.58,20045.12;0
20000,0.58,20045.25;0
20000,0.58,20045.25;0
20000,0.58,20045.38;0
20000,0.58,20045.5;0
20000,0.58,20045.63;0
20000,0.58,20045.76;0
20000,0.58,20045.88;0
20000,0.58,20045.88;0
20000,0.58,20046.01;0
20000,0.58,20046.14;0
20000,0.58,20046.27;0
20000,0.58,20046.39;0
20000,0.58,20046.52;0
20000,0.58,20046.52;0
20000,0.58,20046.65;0
20000,0.58,20046.77;0
20000,0.58,20046.9;0
20000,0.58,20047.03;0
20000,0.58,20047.03;0
20000,0.58,20047.03;0
20000,0.58,20047.03;0
20000,0.58,20047.03;0
20000,0.58,20047.03;0
20000,0.58,20047.03;0
20000,0.58,20047.03;0
20000,0.58,20047.03;0
20000,0.58,20047.03;0
20000,0.58,20047.03;0
20000,0.58,20047.03;0
20000,0.58,20047.03;0
20000,0.58,20047.03;0
20000,0.58,20047.03;0
20000,0.58,20047.03;0
20000,0.58,20047.03;0
20000,0.58,20047.03;0
20000,0.58,20047.03;0
20000,0.58,20047.03;0
20000,0.58,20047.03;0
20000,0.58,20047.03;0
20000,0.58,20047.03;0
20000,0.58,20047.03;0
20000,0.58,20047.03;0
20000,0.58,20047.03;0
20000,0.58,20047.03;0
20000,0.58,20047.03;0
20000,0.58,20047.03;0
20000,0.58,20047.03;0
20000,0.58,20047.03;0
20000,0.58,20047.03;0
20000,0.58,20047.03;0
20000,0.58,20047.03;0
20000,0.58,20047.03;0
20000,0.58,20047.03;0
20000,0.58,20047.03;0
20000,0.58,20047.03;0
20000,0.58,20047.03;0
20000,0.58,20047.03;0
20000,0.58,20047.03;0
20000,0.58,20047.03;0
20000,0.58,20047.03;0
20000,0.58,20047.03;0
20000,0.58,20047.15;0
20000,0.58,20047.28;0
20000,0.58,20047.41;0
20000,0.58,20047.54;0
20000,0.58,20047.54;0
