20000,0.5,20000;0
20000,0.58,20000;-0.005729198
20000,0.58,20000;-0.005729198
20000,0.58,20000;359.9886
20000,0.58,20000;359.9886
20000,0.58,20000;359.9886
20000,0.58,20000;359.9886
20000,0.58,20000;359.9886
20000,0.58,20000;359.9886
20000,0.58,20000;359.9886
20000,0.58,19999.99;359.9886
20000,0.58,19999.99;359.9886
20000,0.58,19999.99;359.9886
20000,0.58,19999.99;359.9886
20000,0.58,19999.99;-0.005729198
20000,0.58,19999.99;-0.005729198
20000,0.58,19999.99;-0.005729198
20000,0.58,19999.99;-0.005729198
20000,0.58,19999.99;-0.005729198
20000,0.58,19999.99;-0.005729198
20000,0.58,19999.99;-0.005729198
20000,0.58,19999.99;-0.005729198
20000,0.58,19999.99;-0.005729198
20000,0.58,19999.99;-0.005729198
20000,0.58,19999.99;-0.005729198
20000,0.58,19999.99;-0.005729198
20000,0.58,19999.99;0
20000,0.58,19999.99;0
20000,0.58,19999.99;0
20000,0.58,19999.99;0.005729198
20000,0.58,19999.99;0.005729198
20000,0.58,19999.99;0.005729198
20000,0.58,19999.99;0.005729198
20000,0.58,19999.99;0.0114584
20000,0.58,19999.99;0.0114584
20000,0.58,19999.99;0.0114584
20000,0.58,19999.99;0.0114584
20000,0.58,19999.99;0.0114584
20000,0.58,19999.99;0.0114584
20000,0.58,19999.99;0.0114584
20000,0.58,19999.99;0.0114584
20000,0.58,19999.99;0.0114584
20000,0.58,19999.99;0.01718759
20000,0.58,19999.99;0.01718759
20000,0.58,19999.99;0.01718759
20000,0.58,19999.99;0.01718759
20000,0.58,19999.99;0.01718759
20000,0.58,19999.99;0.01718759
20000,0.58,19999.99;0.01718759
20000,0.58,19999.99;0.01718759
20000,0.58,20001.99;0.02291679
20000,0.58,20003.99;0.02864599
20000,0.58,20005.99;0.03437519
20000,0.58,20007.99;0.03437519
20000,0.58,20009.99;0.03437519
20000,0.58,20011.98;0.04010438
20000,0.58,20013.98;0.04010438
20000,0.58,20015.98;0.04010438
20000,0.58,20017.98;0.04010438
20000,0.58,20019.98;0.04010438
20000,0.58,20021.98;0.04010438
20000,0.58,20023.98;0.04010438
20000,0.58,20023.98;0.04583358
20000,0.58,20023.98;0.04583358
20000,0.58,20023.98;0.04583358
20000,0.58,20023.98;0.04583358
20000,0.58,20023.98;0.04583358
20000,0.58,20023.98;0.04583358
20000,0.58,20023.98;0.04583358
20000,0.58,20023.98;0.05156277
20000,0.58,20023.98;0.05156277
20000,0.58,20023.98;0.05156277
20000,0.58,20023.98;0.05156277
20000,0.58,20023.98;0.05156277
20000,0.58,20023.98;0.05156277
20000,0.58,20023.98;0.05156277
20000,0.58,20023.98;0.05156277
20000,0.58,20023.98;0.05156277
20000,0.58,20023.98;0.05156277
20000,0.58,20025.98;0.05156277
20000,0.58,20027.98;0.05156277
20000,0.58,20029.97;0.05729197
20000,0.58,20031.97;0.05729197
20000,0.58,20033.97;0.06302117
20000,0.58,20035.97;0.06302117
20000,0.58,20037.97;0.06302117
20000,0.58,20039.97;0.06302117
20000,0.58,20041.97;0.06875037
20000,0.58,20041.97;0.06875037
20000,0.58,20041.97;0.06875037
20000,0.58,20041.97;0.06875037
20000,0.58,20041.97;0.06875037
20000,0.58,20041.97;0.07447956
20000,0.58,20041.97;0.07447956
20000,0.58,20041.97;0.07447956
20000,0.58,20041.97;0.08020876
20000,0.58,20041.97;0.08020876
20000,0.58,20041.97;0.08020876
20000,0.58,20041.97;0.08020876
20000,0.58,20041.97;0.08020876
20000,0.58,20041.97;0.08020876
20000,0.58,20041.97;0.08020876
20000,0.58,20041.97;0.08593795
20000,0.58,20041.97;0.09166715
20000,0.58,20041.97;0.09166715
20000,0.58,20041.97;0.09166715
20000,0.58,20041.97;0.09166715
20000,0.58,20041.97;0.09166715
20000,0.58,20041.96;0.09739636
20000,0.58,20041.96;0.09739636
20000,0.58,20041.96;0.09739636
20000,0.58,20041.96;0.09739636
20000,0.58,20041.96;0.09739636
20000,0.58,20041.96;0.09739636
20000,0.58,20041.96;0.09739636
20000,0.58,20041.96;0.09739636
20000,0.58,20041.96;0.09739636
20000,0.58,20041.96;0.09739636
20000,0.58,20041.96;0.09739636
20000,0.58,20041.96;0.09739636
20000,0.58,20041.96;0.09739636
20000,0.58,20041.96;0.09739636
20000,0.58,20041.96;0.09739636
20000,0.58,20041.96;0.09739636
20000,0.58,20041.96;0.09739636
20000,0.58,20041.96;0.09739636
20000,0.58,20041.96;0.1031256
20000,0.58,20041.96;0.1031256
20000,0.58,20041.96;0.1031256
20000,0.58,20041.96;0.1031256
20000,0.58,20041.96;0.1031256
20000,0.58,20041.96;0.1031256
20000,0.58,20041.96;0.1031256
20000,0.58,20041.96;0.1031256
20000,0.58,20041.96;0.1031256
20000,0.58,20043.96;0.1031256
20000,0.58,20045.72;0.1031256
20000,0.58,20045.72;0.1031256
20000,0.58,20045.72;0.1031256
20000,0.58,20045.72;0.1031256
20000,0.58,20045.72;0.1031256
20000,0.58,20045.72;0.1031256
20000,0.58,20045.72;0.1031256
20000,0.58,20045.72;0.1031256
20000,0.58,20045.72;0.1031256
20000,0.58,20045.72;0.1031256
20000,0.58,20045.72;0.1031256
20000,0.58,20045.72;0.1088548
20000,0.58,20045.72;0.1088548
20000,0.58,20045.72;0.1088548
20000,0.58,20045.72;0.1088548
20000,0.58,20045.72;0.1088548
20000,0.58,20045.72;0.1145839
20000,0.58,20045.72;0.1145839
20000,0.58,20045.72;0.1145839
20000,0.58,20045.72;0.1145839
20000,0.58,20045.72;0.1145839
20000,0.58,20045.72;0.1145839
20000,0.58,20045.72;0.1145839
20000,0.58,20045.72;0.1145839
20000,0.58,20045.72;0.1145839
20000,0.58,20045.72;0.1145839
20000,0.58,20045.72;0.1145839
20000,0.58,20045.72;0.1145839
20000,0.58,20045.72;0.1145839
20000,0.58,20045.72;0.1145839
20000,0.58,20045.72;0.1145839
20000,0.58,20045.72;0.1145839
20000,0.58,20045.72;0.1145839
20000,0.58,20045.72;0.1145839
20000,0.58,20045.72;0.1145839
20000,0.58,20045.72;0.1145839
20000,0.58,20045.72;0.1145839
20000,0.58,20045.72;0.1145839
20000,0.58,20045.72;0.1145839
20000,0.58,20045.71;0.1145839
20000,0.58,20045.71;0.1145839
20000,0.58,20045.71;0.1145839
20000,0.58,20045.71;0.1145839
20000,0.58,20045.71;0.1145839
20000,0.58,20045.71;0.1145839
20000,0.58,20045.71;0.1145839
20000,0.58,20045.71;0.1145839
20000,0.58,20045.71;0.1145839
20000,0.58,20045.71;0.1145839
20000,0.58,20045.71;0.1145839
20000,0.58,20045.71;0.1145839
20000,0.58,20045.71;0.1145839
20000,0.58,20045.71;0.1145839
20000,0.58,20045.71;0.1145839
20000,0.58,20045.71;0.1145839
20000,0.58,20045.71;0.1145839
20000,0.58,20045.71;0.1145839
20000,0.58,20045.71;0.1145839
20000,0.58,20045.71;0.1145839
20000,0.58,20045.71;0.1145839
20000,0.58,20045.71;0.1145839
20000,0.58,20045.71;0.1145839
20000,0.58,20045.71;0.1145839
20000,0.58,20045.71;0.1145839
20000,0.58,20045.71;0.1145839
20000,0.58,20045.71;0.1145839
20000,0.58,20045.71;0.1145839
20000,0.58,20045.71;0.1145839
20000,0.58,20045.71;0.1145839
20000,0.58,20045.71;0.1145839
20000,0.58,20045.71;0.1145839
20000,0.58,20045.71;0.1088548
20000,0.58,20045.71;0.1088548
20000,0.58,20045.71;0.1031255
20000,0.58,20045.71;0.1031255
20000,0.58,20045.71;0.1031255
20000,0.58,20045.71;0.1031255
20000,0.58,20045.71;0.1031255
20000,0.58,20045.71;0.1031255
20000,0.58,20045.71;0.1031255
20000,0.58,20045.71;0.1031255
20000,0.58,20045.71;0.1031255
20000,0.58,20045.71;0.1031255
20000,0.58,20045.71;0.1031255
20000,0.58,20045.71;0.1031255
20000,0.58,20045.71;0.1031255
20000,0.58,20045.71;0.1031255
20000,0.58,20045.71;0.1031255
20000,0.58,20045.71;0.1031255
20000,0.58,20045.71;0.1031255
20000,0.58,20045.71;0.1031255
20000,0.58,20045.71;0.1031255
20000,0.58,20045.71;0.1031255
20000,0.58,20045.71;0.1031255
20000,0.58,20045.71;0.1031255
20000,0.58,20045.71;0.1031255
20000,0.58,20045.71;0.1031255
20000,0.58,20045.71;0.1031255
20000,0.58,20045.71;0.1031255
20000,0.58,20045.71;0.1031255
20000,0.58,20045.71;0.1031255
20000,0.58,20045.71;0.1031255
20000,0.58,20045.71;0.1031255
20000,0.58,20045.71;0.1031255
20000,0.58,20045.71;0.1031255
20000,0.58,20045.71;0.1031255
20000,0.58,20045.71;0.1031255
20000,0.58,20045.71;0.1031255
20000,0.58,20045.71;0.1031255
20000,0.58,20045.71;0.1031255
20000,0.58,20045.71;0.1031255
20000,0.58,20045.71;0.1031255
20000,0.58,20045.71;0.1031255
20000,0.58,20045.71;0.1031255
20000,0.58,20045.71;0.1031255
20000,0.58,20045.71;0.1031255
20000,0.58,20045.71;0.1031255
20000,0.58,20045.71;0.1031255
20000,0.58,20045.71;0.1031255
20000,0.58,20045.71;0.1031255
20000,0.58,20045.71;0.1031255
20000,0.58,20045.71;0.1031255
20000,0.58,20045.71;0.1031255
20000,0.58,20045.71;0.1031255
20000,0.58,20045.71;0.1031255
20000,0.58,20045.71;0.1031255
20000,0.58,20045.71;0.1031255
20000,0.58,20045.71;0.1031255
20000,0.58,20045.71;0.1031255
20000,0.58,20045.71;0.1031255
20000,0.58,20045.71;0.1031255
20000,0.58,20045.71;0.1031255
20000,0.58,20045.71;0.1031255
20000,0.58,20045.71;0.1031255
20000,0.58,20045.71;0.1031255
20000,0.58,20045.71;0.1031255
20000,0.58,20045.71;0.1031255
20000,0.58,20045.71;0.1031255
20000,0.58,20045.71;0.1031255
20000,0.58,20045.71;0.1031255
20000,0.58,20045.71;0.1031255
20000,0.58,20045.71;0.09739636
20000,0.58,20045.71;0.09739636
20000,0.58,20045.71;0.09739636
20000,0.58,20045.71;0.09739636
20000,0.58,20045.71;0.09739636
20000,0.58,20045.72;0.09739636
20000,0.58,20045.72;0.09739636
20000,0.58,20045.72;0.09739636
20000,0.58,20045.72;0.09739636
20000,0.58,20045.72;0.09739636
20000,0.58,20045.72;0.09739636
20000,0.58,20045.72;0.09739636
20000,0.58,20045.72;0.09739636
20000,0.58,20045.72;0.09739636
20000,0.58,20045.72;0.09739636
20000,0.58,20045.72;0.09739636
20000,0.58,20045.72;0.09739636
20000,0.58,20045.72;0.09739636
20000,0.58,20045.72;0.09739636
20000,0.58,20045.72;0.09739636
20000,0.58,20045.72;0.09166716
20000,0.58,20045.72;0.09166716
20000,0.58,20045.72;0.09166716
20000,0.58,20045.72;0.09166716
20000,0.58,20045.72;0.09166716
20000,0.58,20045.72;0.09166716
20000,0.58,20045.72;0.09166716
20000,0.58,20045.72;0.08593795
20000,0.58,20045.72;0.08593795
20000,0.58,20045.72;0.08020876
20000,0.58,20045.72;0.08020876
20000,0.58,20045.72;0.07447957
20000,0.58,20045.72;0.07447957
20000,0.58,20045.72;0.07447957
20000,0.58,20045.72;0.07447957
20000,0.58,20045.72;0.07447957
20000,0.58,20045.72;0.07447957
20000,0.58,20045.72;0.07447957
20000,0.58,20045.72;0.07447957
20000,0.58,20045.72;0.07447957
20000,0.58,20045.72;0.07447957
20000,0.58,20045.72;0.06875037
20000,0.58,20045.72;0.06302118
20000,0.58,20045.72;0.06302118
20000,0.58,20045.72;0.06302118
20000,0.58,20045.72;0.06302118
20000,0.58,20045.72;0.06302118
20000,0.58,20045.72;0.06302118
20000,0.58,20045.72;0.06302118
20000,0.58,20045.72;0.06302118
20000,0.58,20045.72;0.06302118
20000,0.58,20045.72;0.06302118
20000,0.58,20045.72;0.05729198
20000,0.58,20045.72;0.05156278
20000,0.58,20045.72;0.05156278
20000,0.58,20045.72;0.05156278
20000,0.58,20045.72;0.05156278
20000,0.58,20045.72;0.05156278
20000,0.58,20045.72;0.04583359
20000,0.58,20045.72;0.04583359
20000,0.58,20045.72;0.04583359
20000,0.58,20045.72;0.04583359
20000,0.58,20045.72;0.04010439
20000,0.58,20045.72;0.04010439
20000,0.58,20045.72;0.04010439
20000,0.58,20045.72;0.04010439
20000,0.58,20045.72;0.04010439
20000,0.58,20045.72;0.04010439
20000,0.58,20045.72;0.04010439
20000,0.58,20045.72;0.04010439
20000,0.58,20045.72;0.03437519
20000,0.58,20045.72;0.03437519
20000,0.58,20045.72;0.03437519
20000,0.58,20045.72;0.03437519
20000,0.58,20045.72;0.03437519
20000,0.58,20045.72;0.03437519
20000,0.58,20045.72;0.03437519
20000,0.58,20045.72;0.03437519
20000,0.58,20045.72;0.028646
20000,0.58,20045.72;0.028646
20000,0.58,20045.72;0.028646
20000,0.58,20045.72;0.028646
20000,0.58,20045.72;0.028646
20000,0.58,20045.72;0.028646
20000,0.58,20045.72;0.0229168
20000,0.58,20045.72;0.0229168
20000,0.58,20045.72;0.0229168
20000,0.58,20045.72;0.0229168
20000,0.58,20045.72;0.0229168
20000,0.58,20045.72;0.0229168
20000,0.58,20045.72;0.0229168
20000,0.58,20045.72;0.0171876
20000,0.58,20045.72;0.0171876
20000,0.58,20045.72;0.0171876
20000,0.58,20045.72;0.0171876
20000,0.58,20045.72;0.0171876
20000,0.58,20045.72;0.0171876
20000,0.58,20045.72;0.0171876
20000,0.58,20045.72;0.0171876
20000,0.58,20045.72;0.0171876
20000,0.58,20045.72;0.0171876
20000,0.58,20045.72;0.0171876
20000,0.58,20045.72;0.0171876
20000,0.58,20045.72;0.0171876
20000,0.58,20045.72;0.0171876
20000,0.58,20045.72;0.0171876
20000,0.58,20045.72;0.0171876
20000,0.58,20045.72;0.0171876
20000,0.58,20045.72;0.0171876
20000,0.58,20045.72;0.0171876
20000,0.58,20045.72;0.0171876
20000,0.58,20045.72;0.0171876
20000,0.58,20045.72;0.0171876
20000,0.58,20045.72;0.0171876
20000,0.58,20045.72;0.0171876
20000,0.58,20045.72;0.0171876
20000,0.58,20045.72;0.0171876
20000,0.58,20045.72;0.0171876
20000,0.58,20045.72;0.0171876
20000,0.58,20045.72;0.0171876
20000,0.58,20045.72;0.0171876
20000,0.58,20045.72;0.0171876
20000,0.58,20045.72;0.0171876
20000,0.58,20045.72;0.0171876
20000,0.58,20045.72;0.0171876
20000,0.58,20045.72;0.0171876
20000,0.58,20045.72;0.0171876
20000,0.58,20045.72;0.0171876
20000,0.58,20045.72;0.0171876
20000,0.58,20045.72;0.0171876
20000,0.58,20045.72;0.0171876
20000,0.58,20045.72;0.0171876
20000,0.58,20045.72;0.0171876
20000,0.58,20045.72;0.0171876
20000,0.58,20045.72;0.0171876
20000,0.58,20045.72;0.0171876
20000,0.58,20045.72;0.0171876
20000,0.58,20045.72;0.0171876
20000,0.58,20045.72;0.0171876
20000,0.58,20045.72;0.0171876
20000,0.58,20045.72;0.0171876
20000,0.58,20045.72;0.0171876
20000,0.58,20045.72;0.0171876
20000,0.58,20045.72;0.0171876
20000,0.58,20045.72;0.0171876
20000,0.58,20045.72;0.0171876
20000,0.58,20045.72;0.0171876
20000,0.58,20045.72;0.0171876
20000,0.58,20045.72;0.0171876
20000,0.58,20045.72;0.0171876
20000,0.58,20045.72;0.0171876
20000,0.58,20045.72;0.0171876
20000,0.58,20045.72;0.0171876
20000,0.58,20045.72;0.0171876
20000,0.58,20045.72;0.0171876
20000,0.58,20045.72;0.0171876
20000,0.58,20045.72;0.0171876
20000,0.58,20045.72;0.0171876
20000,0.58,20045.72;0.0171876
20000,0.58,20045.72;0.0171876
20000,0.58,20045.72;0.0171876
20000,0.58,20045.72;0.0171876
20000,0.58,20045.72;0.0171876
20000,0.58,20045.72;0.0171876
20000,0.58,20045.72;0.0171876
20000,0.58,20045.72;0.0171876
20000,0.58,20045.72;0.0171876
20000,0.58,20045.72;0.0171876
20000,0.58,20045.72;0.0171876
20000,0.58,20045.72;0.0171876
20000,0.58,20045.72;0.0171876
20000,0.58,20045.72;0.0171876
20000,0.58,20045.72;0.0171876
20000,0.58,20045.72;0.0171876
20000,0.58,20045.72;0.0171876
20000,0.58,20045.72;0.0171876
20000,0.58,20045.72;0.0171876
20000,0.58,20045.72;0.0171876
20000,0.58,20045.72;0.0171876
20000,0.58,20045.72;0.0171876
20000,0.58,20045.72;0.0171876
20000,0.58,20045.72;0.0171876
20000,0.58,20045.72;0.0171876
20000,0.58,20045.72;0.0171876
20000,0.58,20045.72;0.0171876
20000,0.58,20045.72;0.0171876
20000,0.58,20045.72;0.0171876
20000,0.58,20045.72;0.0171876
20000,0.58,20045.72;0.0171876
20000,0.58,20045.72;0.0171876
20000,0.58,20045.72;0.0171876
20000,0.58,20045.72;0.0171876
20000,0.58,20045.72;0.0171876
20000,0.58,20045.72;0.0171876
20000,0.58,20045.72;0.0171876
20000,0.58,20045.72;0.0171876
20000,0.58,20045.72;0.0171876
20000,0.58,20045.72;0.0171876
20000,0.58,20045.71;0.0171876
20000,0.58,20045.71;0.0171876
20000,0.58,20045.71;0.0171876
20000,0.58,20045.71;0.0171876
20000,0.58,20045.71;0.0171876
20000,0.58,20045.71;0.0171876
20000,0.58,20045.71;0.0171876
20000,0.58,20045.71;0.0171876
20000,0.58,20045.71;0.0171876
20000,0.58,20045.71;0.0171876
20000,0.58,20045.71;0.0171876
20000,0.58,20045.71;0.0171876
20000,0.58,20045.71;0.0171876
20000,0.58,20045.71;0.0171876
20000,0.58,20045.71;0.0171876
20000,0.58,20045.71;0.0229168
20000,0.58,20045.71;0.0229168
20000,0.58,20045.71;0.0229168
20000,0.58,20045.71;0.0229168
20000,0.58,20045.71;0.0229168
20000,0.58,20045.71;0.0229168
20000,0.58,20045.71;0.0229168
20000,0.58,20045.71;0.0229168
20000,0.58,20045.71;0.0229168
20000,0.58,20045.71;0.0229168
20000,0.58,20045.71;0.0229168
20000,0.58,20045.71;0.0229168
20000,0.58,20045.71;0.0229168
20000,0.58,20045.71;0.0229168
20000,0.58,20045.71;0.0229168
20000,0.58,20045.71;0.0229168
20000,0.58,20045.71;0.0229168
20000,0.58,20045.71;0.0229168
20000,0.58,20045.71;0.0229168
20000,0.58,20045.71;0.0229168
20000,0.58,20045.71;0.0229168
20000,0.58,20045.71;0.0229168
20000,0.58,20045.71;0.0229168
20000,0.58,20045.71;0.0229168
20000,0.58,20045.71;0.0229168
20000,0.58,20045.71;0.0229168
20000,0.58,20045.71;0.0229168
20000,0.58,20045.71;0.0229168
20000,0.58,20045.71;0.0229168
20000,0.58,20045.71;0.0229168
20000,0.58,20045.71;0.0229168
20000,0.58,20045.71;0.0229168
20000,0.58,20045.71;0.0229168
20000,0.58,20045.71;0.0229168
20000,0.58,20045.71;0.0229168
20000,0.58,20045.71;0.0229168
20000,0.58,20045.71;0.0229168
20000,0.58,20045.71;0.0229168
20000,0.58,20045.71;0.0229168
20000,0.58,20045.71;0.0229168
20000,0.58,20045.71;0.0229168
20000,0.58,20045.71;0.0229168
20000,0.58,20045.71;0.0229168
20000,0.58,20045.71;0.0229168
20000,0.58,20045.71;0.0229168
20000,0.58,20045.71;0.0229168
20000,0.58,20045.71;0.0229168
20000,0.58,20045.71;0.0229168
20000,0.58,20045.71;0.0229168
20000,0.58,20045.71;0.0229168
20000,0.58,20045.71;0.0229168
20000,0.58,20045.71;0.0229168
20000,0.58,20045.71;0.0229168
20000,0.58,20045.71;0.0229168
20000,0.58,20045.71;0.0229168
20000,0.58,20045.71;0.0229168
20000,0.58,20045.71;0.0229168
20000,0.58,20045.71;0.0229168
20000,0.58,20045.71;0.0229168
20000,0.58,20045.71;0.0229168
20000,0.58,20045.71;0.0229168
20000,0.58,20045.71;0.0229168
20000,0.58,20045.71;0.0229168
20000,0.58,20045.71;0.0229168
20000,0.58,20045.71;0.0229168
20000,0.58,20045.71;0.0229168
20000,0.58,20045.71;0.0229168
20000,0.58,20045.71;0.0229168
20000,0.58,20045.71;0.0229168
20000,0.58,20045.71;0.0229168
20000,0.58,20045.71;0.0229168
20000,0.58,20045.71;0.0229168
20000,0.58,20045.71;0.0229168
20000,0.58,20045.71;0.0229168
20000,0.58,20045.71;0.0229168
20000,0.58,20045.71;0.0229168
20000,0.58,20045.71;0.0229168
20000,0.58,20045.71;0.0229168
20000,0.58,20045.71;0.0229168
20000,0.58,20045.71;0.0229168
20000,0.58,20045.71;0.0229168
20000,0.58,20045.71;0.0229168
20000,0.58,20045.71;0.0229168
20000,0.58,20045.71;0.0229168
20000,0.58,20045.71;0.0229168
20000,0.58,20045.71;0.0229168
20000,0.58,20045.71;0.0229168
20000,0.58,20045.71;0.0229168
20000,0.58,20045.71;0.0229168
20000,0.58,20045.71;0.0229168
20000,0.58,20045.71;0.0229168
20000,0.58,20045.71;0.0229168
20000,0.58,20045.71;0.0229168
20000,0.58,20045.71;0.0229168
20000,0.58,20045.71;0.0229168
20000,0.58,20045.71;0.0229168
20000,0.58,20045.71;0.0229168
20000,0.58,20045.71;0.0229168
20000,0.58,20045.71;0.028646
20000,0.58,20045.71;0.028646
20000,0.58,20045.71;0.028646
20000,0.58,20045.71;0.028646
20000,0.58,20045.71;0.028646
20000,0.58,20045.71;0.028646
20000,0.58,20045.71;0.028646
20000,0.58,20045.71;0.028646
20000,0.58,20045.71;0.028646
20000,0.58,20045.71;0.028646
20000,0.58,20045.71;0.028646
20000,0.58,20045.71;0.028646
20000,0.58,20045.71;0.028646
20000,0.58,20045.71;0.03437519
20000,0.58,20045.71;0.03437519
20000,0.58,20045.71;0.03437519
20000,0.58,20045.71;0.03437519
20000,0.58,20045.71;0.03437519
20000,0.58,20045.71;0.03437519
20000,0.58,20045.71;0.03437519
20000,0.58,20045.71;0.03437519
20000,0.58,20045.71;0.03437519
20000,0.58,20045.71;0.03437519
20000,0.58,20045.71;0.03437519
20000,0.58,20045.71;0.03437519
20000,0.58,20045.7;0.04010439
20000,0.58,20045.7;0.04010439
20000,0.58,20045.7;0.04010439
20000,0.58,20045.7;0.04010439
20000,0.58,20045.7;0.04010439
20000,0.58,20045.7;0.04010439
20000,0.58,20045.7;0.04010439
20000,0.58,20045.7;0.04010439
20000,0.58,20045.7;0.04010439
20000,0.58,20045.7;0.04010439
20000,0.58,20045.7;0.04010439
20000,0.58,20045.7;0.04010439
20000,0.58,20045.7;0.04010439
20000,0.58,20045.7;0.04010439
20000,0.58,20045.7;0.04010439
20000,0.58,20045.7;0.04010439
20000,0.58,20045.7;0.04583359
20000,0.58,20045.7;0.04583359
20000,0.58,20045.7;0.04583359
20000,0.58,20045.7;0.04583359
20000,0.58,20045.7;0.05156278
20000,0.58,20045.7;0.05156278
20000,0.58,20045.7;0.05156278
20000,0.58,20045.7;0.05156278
20000,0.58,20045.7;0.05156278
20000,0.58,20045.7;0.05156278
20000,0.58,20045.7;0.05156278
20000,0.58,20045.7;0.05156278
20000,0.58,20045.7;0.05156278
20000,0.58,20045.7;0.05156278
20000,0.58,20045.7;0.05156278
20000,0.58,20045.7;0.05156278
20000,0.58,20045.7;0.05156278
20000,0.58,20045.7;0.05156278
20000,0.58,20045.7;0.05156278
20000,0.58,20045.7;0.05156278
20000,0.58,20045.7;0.05729197
20000,0.58,20045.7;0.05729197
20000,0.58,20045.7;0.05729197
20000,0.58,20045.7;0.05729197
20000,0.58,20045.7;0.05729197
20000,0.58,20045.7;0.05729197
20000,0.58,20045.7;0.05729197
20000,0.58,20045.7;0.05729197
20000,0.58,20045.7;0.05729197
20000,0.58,20045.7;0.05729197
20000,0.58,20045.7;0.05729197
20000,0.58,20045.7;0.05729197
20000,0.58,20045.7;0.05729197
20000,0.58,20045.7;0.05729197
20000,0.58,20045.7;0.05729197
20000,0.58,20045.7;0.05729197
20000,0.58,20045.7;0.05729197
20000,0.58,20045.7;0.05729197
20000,0.58,20045.7;0.05729197
20000,0.58,20045.7;0.05729197
20000,0.58,20045.7;0.05729197
20000,0.58,20045.7;0.05729197
20000,0.58,20045.7;0.05729197
20000,0.58,20045.7;0.05729197
20000,0.58,20045.7;0.05729197
20000,0.58,20045.7;0.05729197
20000,0.58,20045.7;0.05729197
20000,0.58,20045.7;0.05729197
20000,0.58,20045.7;0.05729197
20000,0.58,20045.7;0.05729197
20000,0.58,20045.7;0.05729197
20000,0.58,20045.7;0.05729197
20000,0.58,20045.7;0.05729197
20000,0.58,20045.7;0.05729197
20000,0.58,20045.69;0.05729197
20000,0.58,20045.69;0.05729197
20000,0.58,20045.69;0.05729197
20000,0.58,20045.69;0.05729197
20000,0.58,20045.69;0.05156278
20000,0.58,20045.69;0.05156278
20000,0.58,20045.69;0.05156278
20000,0.58,20045.69;0.05156278
20000,0.58,20045.69;0.05156278
20000,0.58,20045.69;0.05156278
20000,0.58,20045.69;0.05156278
20000,0.58,20045.69;0.05156278
20000,0.58,20045.69;0.05156278
20000,0.58,20045.69;0.05156278
20000,0.58,20045.69;0.05156278
20000,0.58,20045.69;0.04583358
20000,0.58,20045.69;0.04583358
20000,0.58,20045.69;0.04583358
20000,0.58,20045.69;0.04583358
20000,0.58,20045.69;0.04583358
20000,0.58,20045.69;0.04583358
20000,0.58,20045.69;0.04010439
20000,0.58,20045.69;0.04010439
20000,0.58,20045.69;0.04010439
20000,0.58,20045.69;0.03437519
20000,0.58,20045.69;0.03437519
20000,0.58,20045.69;0.03437519
20000,0.58,20045.69;0.03437519
20000,0.58,20045.69;0.03437519
20000,0.58,20045.69;0.03437519
20000,0.58,20045.69;0.03437519
20000,0.58,20045.69;0.03437519
20000,0.58,20045.69;0.03437519
20000,0.58,20045.69;0.03437519
20000,0.58,20045.69;0.03437519
20000,0.58,20045.69;0.03437519
20000,0.58,20045.69;0.03437519
20000,0.58,20045.69;0.03437519
20000,0.58,20045.69;0.03437519
20000,0.58,20045.69;0.02864599
20000,0.58,20045.69;0.02864599
20000,0.58,20045.69;0.02864599
20000,0.58,20045.69;0.02864599
20000,0.58,20045.69;0.02864599
20000,0.58,20045.69;0.02864599
20000,0.58,20045.69;0.02864599
20000,0.58,20045.69;0.02864599
20000,0.58,20045.69;0.02864599
20000,0.58,20045.69;0.02864599
20000,0.58,20045.69;0.02864599
20000,0.58,20045.69;0.02864599
20000,0.58,20045.69;0.02864599
20000,0.58,20045.69;0.02864599
20000,0.58,20045.69;0.02864599
20000,0.58,20045.69;0.02864599
20000,0.58,20045.69;0.02864599
20000,0.58,20045.69;0.02864599
20000,0.58,20045.69;0.02864599
20000,0.58,20045.69;0.02864599
20000,0.58,20045.69;0.02864599
20000,0.58,20045.69;0.02864599
20000,0.58,20045.69;0.02864599
20000,0.58,20045.69;0.02864599
20000,0.58,20045.69;0.02864599
20000,0.58,20045.69;0.02864599
20000,0.58,20045.69;0.02864599
20000,0.58,20045.69;0.02864599
20000,0.58,20045.69;0.02864599
20000,0.58,20045.69;0.02864599
20000,0.58,20045.69;0.02864599
20000,0.58,20045.69;0.02864599
20000,0.58,20045.69;0.02864599
20000,0.58,20045.69;0.02864599
20000,0.58,20045.69;0.02864599
20000,0.58,20045.69;0.02864599
20000,0.58,20045.69;0.02864599
20000,0.58,20045.69;0.02864599
20000,0.58,20045.69;0.02864599
20000,0.58,20045.69;0.02864599
20000,0.58,20045.69;0.0229168
20000,0.58,20045.69;0.0229168
20000,0.58,20045.69;0.0229168
20000,0.58,20045.69;0.0229168
20000,0.58,20045.69;0.0229168
20000,0.58,20045.69;0.0229168
20000,0.58,20045.69;0.0229168
20000,0.58,20045.69;0.0229168
20000,0.58,20045.69;0.0171876
20000,0.58,20045.69;0.0171876
20000,0.58,20045.69;0.0171876
20000,0.58,20045.69;0.0171876
20000,0.58,20045.69;0.0171876
20000,0.58,20045.69;0.0171876
20000,0.58,20045.69;0.0171876
20000,0.58,20045.69;0.0171876
20000,0.58,20045.7;0.0114584
20000,0.58,20045.7;0.0114584
20000,0.58,20045.7;0.0114584
20000,0.58,20045.7;0.0114584
20000,0.58,20045.7;0.0114584
20000,0.58,20045.7;0.0114584
20000,0.58,20045.7;0.005729201
20000,0.58,20045.7;0.005729201
20000,0.58,20045.7;0.005729201
20000,0.58,20045.7;0.005729201
20000,0.58,20045.7;0.005729201
20000,0.58,20045.7;0.005729201
20000,0.58,20045.7;0.005729201
20000,0.58,20045.7;0.005729201
20000,0.58,20045.7;3.335053E-09
20000,0.58,20045.7;3.335053E-09
20000,0.58,20045.7;3.335053E-09
20000,0.58,20045.7;-0.005729195
20000,0.58,20045.7;-0.005729195
20000,0.58,20045.7;-0.005729195
20000,0.58,20045.7;-0.005729195
20000,0.58,20045.7;-0.005729195
20000,0.58,20045.7;-0.005729195
20000,0.58,20045.7;-0.005729195
20000,0.58,20045.7;-0.005729195
20000,0.58,20045.7;-0.005729195
20000,0.58,20045.7;-0.005729195
20000,0.58,20045.7;-0.005729195
20000,0.58,20045.7;-0.005729195
20000,0.58,20045.7;-0.005729195
20000,0.58,20045.7;359.9886
20000,0.58,20045.7;359.9886
20000,0.58,20045.7;359.9828
20000,0.58,20045.7;359.9828
20000,0.58,20045.7;359.9828
20000,0.58,20045.7;359.9828
20000,0.58,20045.7;359.9828
20000,0.58,20045.7;359.9828
20000,0.58,20045.7;359.9828
20000,0.58,20045.7;359.9828
20000,0.58,20045.7;359.9828
20000,0.58,20045.7;359.9828
20000,0.58,20045.7;359.9828
20000,0.58,20045.7;359.9828
20000,0.58,20045.7;359.9771
20000,0.58,20045.7;359.9771
20000,0.58,20045.7;359.9771
20000,0.58,20045.71;359.9713
20000,0.58,20045.71;359.9713
20000,0.58,20045.71;359.9713
20000,0.58,20045.71;359.9713
20000,0.58,20045.71;359.9713
20000,0.58,20045.71;359.9713
20000,0.58,20045.71;359.9713
20000,0.58,20045.71;359.9713
20000,0.58,20045.71;359.9713
20000,0.58,20045.71;359.9713
20000,0.58,20045.71;359.9713
20000,0.58,20045.71;359.9713
20000,0.58,20045.71;359.9713
20000,0.58,20045.71;359.9713
20000,0.58,20045.71;359.9713
20000,0.58,20045.71;359.9713
20000,0.58,20045.71;359.9713
20000,0.58,20045.71;359.9713
20000,0.58,20045.71;359.9713
20000,0.58,20045.71;359.9713
20000,0.58,20045.71;359.9713
20000,0.58,20045.71;359.9713
20000,0.58,20045.71;359.9713
20000,0.58,20045.71;359.9713
20000,0.58,20045.71;359.9713
20000,0.58,20045.71;359.9713
20000,0.58,20045.71;359.9713
20000,0.58,20045.71;359.9713
20000,0.58,20045.71;359.9713
20000,0.58,20045.71;359.9713
20000,0.58,20045.71;359.9713
20000,0.58,20045.71;359.9713
20000,0.58,20045.71;359.9713
20000,0.58,20045.71;359.9713
20000,0.58,20045.72;359.9713
20000,0.58,20045.72;359.9713
20000,0.58,20045.72;359.9713
20000,0.58,20045.72;359.9713
20000,0.58,20045.72;359.9713
20000,0.58,20045.72;359.9713
20000,0.58,20045.72;359.9713
20000,0.58,20045.72;359.9713
20000,0.58,20045.72;359.9713
20000,0.58,20045.72;359.9713
20000,0.58,20045.72;359.9713
20000,0.58,20045.72;359.9713
20000,0.58,20045.72;359.9713
20000,0.58,20045.72;359.9713
20000,0.58,20045.72;359.9713
20000,0.58,20045.72;359.9713
20000,0.58,20045.72;359.9713
20000,0.58,20045.72;359.9713
20000,0.58,20045.72;359.9713
20000,0.58,20045.72;359.9713
20000,0.58,20045.72;359.9713
20000,0.58,20045.72;359.9713
20000,0.58,20045.72;359.9713
20000,0.58,20045.72;359.9713
20000,0.58,20045.72;359.9713
20000,0.58,20045.72;359.9713
20000,0.58,20045.72;359.9713
20000,0.58,20045.72;359.9713
20000,0.58,20045.72;359.9713
20000,0.58,20045.72;359.9713
20000,0.58,20045.72;359.9713
20000,0.58,20045.72;359.9713
20000,0.58,20045.72;359.9713
20000,0.58,20045.72;359.9713
20000,0.58,20045.72;359.9713
20000,0.58,20045.72;359.9713
20000,0.58,20045.72;359.9713
20000,0.58,20045.72;359.9713
20000,0.58,20045.72;359.9713
20000,0.58,20045.72;359.9713
20000,0.58,20045.72;359.9713
20000,0.58,20045.72;359.9713
20000,0.58,20045.72;359.9713
20000,0.58,20045.72;359.9713
20000,0.58,20045.72;359.9713
20000,0.58,20045.72;359.9713
20000,0.58,20045.71;359.9771
20000,0.58,20045.71;359.9771
20000,0.58,20045.71;359.9771
20000,0.58,20045.71;359.9771
20000,0.58,20045.71;359.9771
20000,0.58,20045.71;359.9771
20000,0.58,20045.71;359.9771
20000,0.58,20045.71;359.9771
20000,0.58,20045.71;359.9771
20000,0.58,20045.71;359.9771
20000,0.58,20045.71;359.9771
20000,0.58,20045.71;359.9771
20000,0.58,20045.71;359.9771
20000,0.58,20045.71;359.9771
20000,0.58,20045.71;359.9771
20000,0.58,20045.71;359.9771
20000,0.58,20045.71;359.9771
20000,0.58,20045.71;359.9771
20000,0.58,20045.71;359.9771
20000,0.58,20045.71;359.9771
20000,0.58,20045.71;359.9771
20000,0.58,20045.71;359.9771
20000,0.58,20045.71;359.9771
20000,0.58,20045.71;359.9771
20000,0.58,20045.71;359.9828
20000,0.58,20045.71;359.9828
20000,0.58,20045.71;359.9828
20000,0.58,20045.71;359.9828
20000,0.58,20045.71;359.9828
20000,0.58,20045.71;359.9828
20000,0.58,20045.71;359.9828
20000,0.58,20045.71;359.9828
20000,0.58,20045.71;359.9828
20000,0.58,20045.71;359.9828
20000,0.58,20045.71;359.9828
20000,0.58,20045.71;359.9828
20000,0.58,20045.71;359.9828
20000,0.58,20045.71;359.9828
20000,0.58,20045.71;359.9828
20000,0.58,20045.71;359.9828
20000,0.58,20045.71;359.9828
20000,0.58,20045.71;359.9828
20000,0.58,20045.71;359.9828
20000,0.58,20045.71;359.9828
20000,0.58,20045.71;359.9828
20000,0.58,20045.71;359.9828
20000,0.58,20045.71;359.9828
20000,0.58,20045.71;359.9828
20000,0.58,20045.71;359.9828
20000,0.58,20045.71;359.9828
20000,0.58,20045.71;359.9828
20000,0.58,20045.71;359.9828
20000,0.58,20045.71;359.9828
20000,0.58,20045.71;359.9828
20000,0.58,20045.71;359.9828
20000,0.58,20045.71;359.9828
20000,0.58,20045.71;359.9828
20000,0.58,20045.71;359.9828
20000,0.58,20045.71;359.9828
20000,0.58,20045.71;359.9828
20000,0.58,20045.71;359.9828
20000,0.58,20045.71;359.9828
20000,0.58,20045.71;359.9828
20000,0.58,20045.71;359.9828
20000,0.58,20045.71;359.9828
20000,0.58,20045.71;359.9828
20000,0.58,20045.71;359.9828
20000,0.58,20045.71;359.9828
20000,0.58,20045.71;359.9828
20000,0.58,20045.71;359.9828
20000,0.58,20045.71;359.9828
20000,0.58,20045.71;359.9828
20000,0.58,20045.71;359.9828
20000,0.58,20045.71;359.9828
20000,0.58,20045.71;359.9828
20000,0.58,20045.71;359.9828
20000,0.58,20045.71;359.9828
20000,0.58,20045.71;359.9828
20000,0.58,20045.7;359.9886
20000,0.58,20045.7;359.9886
20000,0.58,20045.7;359.9886
20000,0.58,20045.7;359.9886
20000,0.58,20045.7;359.9886
20000,0.58,20045.7;359.9886
20000,0.58,20045.7;359.9886
20000,0.58,20045.7;359.9886
20000,0.58,20045.7;359.9886
20000,0.58,20045.7;-0.005729195
20000,0.58,20045.7;-0.005729195
20000,0.58,20045.7;-0.005729195
20000,0.58,20045.7;-0.005729195
20000,0.58,20045.7;-0.005729195
20000,0.58,20045.7;3.335053E-09
20000,0.58,20045.7;3.335053E-09
20000,0.58,20045.7;3.335053E-09
20000,0.58,20045.7;3.335053E-09
20000,0.58,20045.7;3.335053E-09
20000,0.58,20045.7;3.335053E-09
20000,0.58,20045.7;3.335053E-09
20000,0.58,20045.7;3.335053E-09
20000,0.58,20045.7;3.335053E-09
20000,0.58,20045.7;0.005729201
20000,0.58,20045.7;0.005729201
20000,0.58,20045.7;0.005729201
20000,0.58,20045.7;0.005729201
20000,0.58,20045.7;0.005729201
20000,0.58,20045.7;0.005729201
20000,0.58,20045.7;0.005729201
20000,0.58,20045.7;0.005729201
20000,0.58,20045.7;0.005729201
20000,0.58,20045.7;0.005729201
20000,0.58,20045.7;0.005729201
20000,0.58,20045.7;0.005729201
20000,0.58,20045.7;0.005729201
20000,0.58,20045.7;0.005729201
20000,0.58,20045.7;0.005729201
20000,0.58,20045.7;0.0114584
20000,0.58,20045.7;0.0114584
20000,0.58,20045.7;0.0114584
20000,0.58,20045.7;0.0114584
20000,0.58,20045.7;0.0114584
20000,0.58,20045.7;0.0114584
20000,0.58,20045.7;0.0114584
20000,0.58,20045.7;0.0114584
20000,0.58,20045.7;0.0114584
20000,0.58,20045.7;0.0114584
20000,0.58,20045.7;0.0114584
20000,0.58,20045.7;0.0114584
20000,0.58,20045.7;0.0114584
20000,0.58,20045.7;0.0171876
20000,0.58,20045.7;0.0171876
20000,0.58,20045.7;0.0171876
20000,0.58,20045.7;0.0171876
20000,0.58,20045.7;0.0171876
20000,0.58,20045.7;0.0171876
20000,0.58,20045.7;0.0171876
20000,0.58,20045.7;0.0171876
20000,0.58,20045.7;0.0171876
20000,0.58,20045.7;0.0171876
20000,0.58,20045.7;0.0171876
20000,0.58,20045.7;0.0171876
20000,0.58,20045.7;0.0171876
20000,0.58,20045.7;0.0171876
20000,0.58,20045.7;0.0171876
20000,0.58,20045.7;0.0171876
20000,0.58,20045.7;0.0171876
20000,0.58,20045.7;0.0171876
20000,0.58,20045.7;0.0171876
20000,0.58,20045.7;0.0229168
20000,0.58,20045.7;0.0229168
20000,0.58,20045.7;0.0229168
20000,0.58,20045.7;0.0229168
20000,0.58,20045.7;0.0229168
20000,0.58,20045.7;0.0229168
20000,0.58,20045.7;0.0171876
20000,0.58,20045.7;0.0171876
20000,0.58,20045.7;0.0171876
20000,0.58,20045.7;0.0171876
20000,0.58,20045.7;0.0171876
20000,0.58,20045.7;0.0171876
20000,0.58,20045.7;0.0171876
20000,0.58,20045.7;0.0171876
20000,0.58,20045.7;0.0171876
20000,0.58,20045.7;0.0171876
20000,0.58,20045.7;0.0171876
20000,0.58,20045.7;0.0171876
20000,0.58,20045.7;0.0171876
20000,0.58,20045.7;0.0114584
20000,0.58,20045.7;0.0114584
20000,0.58,20045.7;0.0114584
20000,0.58,20045.7;0.0114584
20000,0.58,20045.7;0.0114584
20000,0.58,20045.7;0.0114584
20000,0.58,20045.7;0.0114584
20000,0.58,20045.7;0.0114584
20000,0.58,20045.7;0.0114584
20000,0.58,20045.7;0.0114584
20000,0.58,20045.7;0.0114584
20000,0.58,20045.7;0.0114584
20000,0.58,20045.7;0.005729201
20000,0.58,20045.7;0.005729201
20000,0.58,20045.7;0.005729201
20000,0.58,20045.7;0.005729201
20000,0.58,20045.7;0.005729201
20000,0.58,20045.7;3.335053E-09
20000,0.58,20045.7;3.335053E-09
20000,0.58,20045.7;3.335053E-09
20000,0.58,20045.7;3.335053E-09
20000,0.58,20045.7;3.335053E-09
20000,0.58,20045.7;3.335053E-09
20000,0.58,20045.7;3.335053E-09
20000,0.58,20045.7;3.335053E-09
20000,0.58,20045.7;3.335053E-09
20000,0.58,20045.7;3.335053E-09
20000,0.58,20045.7;3.335053E-09
20000,0.58,20045.7;3.335053E-09
20000,0.58,20045.7;3.335053E-09
20000,0.58,20045.7;3.335053E-09
20000,0.58,20045.7;3.335053E-09
20000,0.58,20045.7;3.335053E-09
20000,0.58,20045.7;3.335053E-09
20000,0.58,20045.7;3.335053E-09
20000,0.58,20045.7;3.335053E-09
20000,0.58,20045.7;3.335053E-09
20000,0.58,20045.7;3.335053E-09
20000,0.58,20045.7;3.335053E-09
20000,0.58,20045.7;3.335053E-09
20000,0.58,20045.7;3.335053E-09
20000,0.58,20045.7;3.335053E-09
20000,0.58,20045.7;3.335053E-09
20000,0.58,20045.7;3.335053E-09
20000,0.58,20045.7;3.335053E-09
20000,0.58,20045.7;3.335053E-09
20000,0.58,20045.7;3.335053E-09
20000,0.58,20045.7;3.335053E-09
20000,0.58,20045.7;3.335053E-09
20000,0.58,20045.7;-0.005729195
20000,0.58,20045.7;-0.005729195
20000,0.58,20045.7;-0.005729195
20000,0.58,20045.7;-0.005729195
20000,0.58,20045.7;-0.005729195
20000,0.58,20045.7;-0.005729195
20000,0.58,20045.7;-0.005729195
20000,0.58,20045.7;359.9886
20000,0.58,20045.7;359.9886
20000,0.58,20045.7;359.9886
20000,0.58,20045.7;359.9886
20000,0.58,20045.7;359.9886
20000,0.58,20045.7;359.9886
20000,0.58,20045.7;359.9886
20000,0.58,20045.7;359.9886
20000,0.58,20045.7;359.9886
20000,0.58,20045.7;359.9886
20000,0.58,20045.71;359.9886
20000,0.58,20045.71;359.9886
20000,0.58,20045.71;359.9886
20000,0.58,20045.71;359.9886
20000,0.58,20045.71;359.9886
20000,0.58,20045.71;359.9886
20000,0.58,20045.71;359.9886
20000,0.58,20045.71;359.9886
20000,0.58,20045.71;359.9886
20000,0.58,20045.71;359.9886
20000,0.58,20045.71;359.9886
20000,0.58,20045.71;359.9886
20000,0.58,20045.71;359.9886
20000,0.58,20045.71;359.9886
20000,0.58,20045.71;359.9886
20000,0.58,20045.71;359.9886
20000,0.58,20045.71;359.9886
20000,0.58,20045.71;359.9886
20000,0.58,20045.71;359.9886
20000,0.58,20045.71;359.9886
20000,0.58,20045.71;359.9886
20000,0.58,20045.71;359.9886
20000,0.58,20045.71;359.9886
20000,0.58,20045.71;359.9886
20000,0.58,20045.71;359.9886
20000,0.58,20045.71;359.9886
20000,0.58,20045.71;359.9886
20000,0.58,20045.71;359.9886
20000,0.58,20045.71;359.9886
20000,0.58,20045.71;359.9886
20000,0.58,20045.71;359.9886
20000,0.58,20045.71;359.9886
20000,0.58,20045.71;359.9886
20000,0.58,20045.71;359.9886
20000,0.58,20045.71;359.9886
20000,0.58,20045.71;359.9886
20000,0.58,20045.71;359.9886
20000,0.58,20045.71;359.9886
20000,0.58,20045.71;359.9886
20000,0.58,20045.7;359.9886
20000,0.58,20045.7;359.9886
20000,0.58,20045.7;359.9886
20000,0.58,20045.7;359.9886
20000,0.58,20045.7;359.9886
20000,0.58,20045.7;359.9886
20000,0.58,20045.7;359.9886
20000,0.58,20045.7;359.9886
20000,0.58,20045.7;359.9886
20000,0.58,20045.7;359.9886
20000,0.58,20045.7;359.9886
20000,0.58,20045.7;359.9886
20000,0.58,20045.7;359.9886
20000,0.58,20045.7;359.9886
20000,0.58,20045.7;359.9886
20000,0.58,20045.7;359.9886
20000,0.58,20045.7;359.9886
20000,0.58,20045.7;359.9886
20000,0.58,20045.7;359.9886
20000,0.58,20045.7;359.9886
20000,0.58,20045.7;359.9886
20000,0.58,20045.7;359.9886
20000,0.58,20045.7;359.9886
20000,0.58,20045.7;359.9886
20000,0.58,20045.7;359.9886
20000,0.58,20045.7;359.9886
20000,0.58,20045.7;359.9886
20000,0.58,20045.7;359.9886
20000,0.58,20045.7;359.9886
20000,0.58,20045.7;359.9886
20000,0.58,20045.7;359.9886
20000,0.58,20045.7;359.9886
20000,0.58,20045.7;359.9886
20000,0.58,20045.7;359.9886
20000,0.58,20045.7;359.9886
20000,0.58,20045.7;359.9886
20000,0.58,20045.7;359.9886
20000,0.58,20045.7;359.9886
20000,0.58,20045.7;359.9886
20000,0.58,20045.7;359.9886
20000,0.58,20045.7;359.9886
20000,0.58,20045.7;359.9886
20000,0.58,20045.7;359.9886
20000,0.58,20045.7;359.9886
20000,0.58,20045.7;359.9886
20000,0.58,20045.7;359.9886
20000,0.58,20045.7;359.9886
20000,0.58,20045.7;359.9886
20000,0.58,20045.7;359.9886
20000,0.58,20045.7;359.9886
20000,0.58,20045.7;359.9886
20000,0.58,20045.7;359.9886
20000,0.58,20045.7;359.9886
20000,0.58,20045.7;359.9886
20000,0.58,20045.7;359.9886
20000,0.58,20045.7;359.9886
20000,0.58,20045.7;359.9886
20000,0.58,20045.7;359.9886
20000,0.58,20045.7;359.9886
20000,0.58,20045.7;359.9886
20000,0.58,20045.7;359.9886
20000,0.58,20045.7;359.9886
20000,0.58,20045.7;359.9886
20000,0.58,20045.7;359.9886
20000,0.58,20045.7;359.9886
20000,0.58,20045.7;359.9886
20000,0.58,20045.7;359.9886
20000,0.58,20045.7;359.9886
20000,0.58,20045.7;359.9886
20000,0.58,20045.7;359.9886
20000,0.58,20045.7;359.9886
20000,0.58,20045.7;359.9886
20000,0.58,20045.7;359.9886
20000,0.58,20045.7;359.9886
20000,0.58,20045.7;359.9886
20000,0.58,20045.7;359.9886
20000,0.58,20045.7;359.9886
20000,0.58,20045.7;359.9886
20000,0.58,20045.7;359.9886
20000,0.58,20045.7;359.9886
20000,0.58,20045.7;359.9886
20000,0.58,20045.7;359.9886
20000,0.58,20045.7;359.9886
20000,0.58,20045.7;359.9886
20000,0.58,20045.7;359.9886
20000,0.58,20045.7;359.9886
20000,0.58,20045.7;359.9886
20000,0.58,20045.7;359.9886
20000,0.58,20045.7;359.9886
20000,0.58,20045.7;359.9886
20000,0.58,20045.7;359.9886
20000,0.58,20045.7;359.9886
20000,0.58,20045.7;359.9886
20000,0.58,20045.7;359.9886
20000,0.58,20045.7;359.9886
20000,0.58,20045.7;359.9886
20000,0.58,20045.7;359.9886
20000,0.58,20045.7;359.9886
20000,0.58,20045.7;359.9886
20000,0.58,20045.7;359.9886
20000,0.58,20045.7;359.9886
20000,0.58,20045.7;359.9886
20000,0.58,20045.7;359.9886
20000,0.58,20045.7;359.9886
20000,0.58,20045.7;359.9886
20000,0.58,20045.7;359.9886
20000,0.58,20045.7;359.9886
20000,0.58,20045.7;359.9886
20000,0.58,20045.7;359.9886
20000,0.58,20045.7;359.9886
20000,0.58,20045.7;359.9886
20000,0.58,20045.7;359.9886
20000,0.58,20045.7;359.9886
20000,0.58,20045.7;359.9886
20000,0.58,20045.7;359.9886
20000,0.58,20045.7;359.9886
20000,0.58,20045.7;359.9886
20000,0.58,20045.7;359.9886
20000,0.58,20045.7;359.9886
20000,0.58,20045.7;359.9886
20000,0.58,20045.7;359.9886
20000,0.58,20045.7;359.9886
20000,0.58,20045.7;359.9886
20000,0.58,20045.7;359.9886
20000,0.58,20045.7;359.9886
20000,0.58,20045.7;359.9886
20000,0.58,20045.7;359.9886
20000,0.58,20045.7;359.9886
20000,0.58,20045.7;359.9886
20000,0.58,20045.7;-0.005729195
20000,0.58,20045.7;-0.005729195
20000,0.58,20045.7;-0.005729195
20000,0.58,20045.7;-0.005729195
19998,0.58,20045.7;-0.005729195
19996,0.58,20045.7;-0.005729195
19994,0.58,20045.7;-0.005729195
19992,0.58,20045.7;-0.005729195
19990,0.58,20045.7;-0.005729195
19990,0.58,20045.7;-0.005729195
19990,0.58,20045.7;-0.005729195
