20000,-0.1,20000;0
20000,-0.1,20000;0
20000,-0.1,20000;0
20000,-0.1,20000;0
20000,-0.1,20000;0
20000,-0.1,20000;0
20000,-0.1,20000;0
20000,-0.1,20000;0
20000,-0.1,20000;0
20000,-0.1,20000;0
20000,-0.1,20000;0
20000,-0.1,20000;0
20000,-0.1,20000;0
20000,-0.1,20000;0
20000,-0.1,20000;0
20000,-0.1,20000;0
20000,-0.1,20000;0
20000,-0.1,20000;0
20000,-0.1,20000;0
20000,-0.1,20000;0
20000,-0.1,20000;0
20000,-0.1,20000;0
20000,-0.1,20000;0
20000,-0.1,20000;0
20000,-0.1,20000;0
20000,-0.1,20000;0
20000,-0.1,20000;0
20000,-0.1,20000;0
20000,-0.1,20000;0
20000,-0.1,20000;0
20000,-0.1,20000;0
20000,-0.1,20000;0
20000,-0.1,20000;0
20000,-0.1,20000;0
20000,-0.1,20000;0
20000,-0.1,20000;0
20000,-0.1,20000;0
20000,-0.1,20000;0
20000,-0.1,20000;0
20000,-0.1,20000;0
20000,-0.1,20000;0
20000,-0.1,20000;0
20000,-0.1,20000;0
20000,-0.1,20000;0
20000,-0.1,20000;0
20000,-0.1,20000;0
20000,-0.1,20000;0
20000,-0.1,20000;0
20000,-0.1,20000;0
20000,-0.1,20000;0
20000,-0.1,20000;0
20000,-0.1,20000;0
20000,-0.1,20000;0
20000,-0.1,20000;0
20000,-0.1,20000;0
20000,-0.1,20000;0
20000,-0.1,20000;0
20000,-0.1,20002;0
20000,-0.1,20004;0
20000,-0.1,20006;0
20000,-0.1,20008;0
20000,-0.1,20010;0
20000,-0.1,20012;0
20000,-0.1,20014;0
20000,-0.1,20016;0
20000,-0.1,20018;0
20000,-0.1,20020;0
20000,-0.1,20022;0
20000,-0.1,20024;0
20000,-0.1,20026;0
20000,-0.1,20028;0
20000,-0.1,20030;0
20000,-0.1,20032;0
20000,-0.1,20034;0
20000,-0.1,20036;0
20000,-0.1,20038;0
20000,-0.1,20040;0
20000,-0.1,20042;0
20000,-0.1,20044;0
20000,-0.1,20045.72;0
20000,-0.1,20045.72;0
20000,-0.1,20045.72;0
20000,-0.1,20045.72;0
20000,-0.1,20045.72;0
20000,-0.1,20045.72;0
20000,-0.1,20045.72;0
20000,-0.1,20045.72;0
20000,-0.1,20045.72;0
20000,-0.1,20045.72;0
20000,-0.1,20045.72;0
20000,-0.1,20045.72;0
20000,-0.1,20045.72;0
20000,-0.1,20045.72;0
20000,-0.1,20045.72;0
20000,-0.1,20045.72;0
20000,-0.1,20045.72;0
20000,-0.1,20045.72;0
20000,-0.1,20045.72;0
20000,-0.1,20045.72;0
20000,-0.1,20045.72;0
20000,-0.1,20045.72;0
20000,-0.1,20045.72;0
20000,-0.1,20045.72;0
20000,-0.1,20045.72;0
20000,-0.1,20045.72;0
20000,-0.1,20045.72;0
20000,-0.1,20045.72;0
20000,-0.1,20045.72;0
20000,-0.1,20045.72;0
20000,-0.1,20045.72;0
20000,-0.1,20045.72;0
20000,-0.1,20045.72;0
20000,-0.1,20045.72;0
20000,-0.1,20045.72;0
20000,-0.1,20045.72;0
20000,-0.1,20045.72;0
20000,-0.1,20045.72;0
20000,-0.1,20045.72;0
20000,-0.1,20045.72;0
20000,-0.1,20045.72;0
20000,-0.1,20045.72;0
20000,-0.1,20045.72;0
20000,-0.1,20045.72;0
20000,-0.1,20045.72;0
20000,-0.1,20045.72;0
20000,-0.1,20045.72;0
20000,-0.1,20045.72;0
20000,-0.1,20045.72;0
20000,-0.1,20045.72;0
20000,-0.1,20045.72;0
20000,-0.1,20045.72;0
20000,-0.1,20045.72;0
20000,-0.1,20045.72;0
20000,-0.1,20045.72;0
20000,-0.1,20045.72;0
20000,-0.1,20045.72;0
20000,-0.1,20045.72;0
20000,-0.1,20043.72;0
20000,-0.1,20041.72;0
20000,-0.1,20039.72;0
20000,-0.1,20037.72;0
20000,-0.1,20035.72;0
20000,-0.1,20033.72;0
20000,-0.1,20031.72;0
20000,-0.1,20029.72;0
20000,-0.1,20027.72;0
20000,-0.1,20025.72;0
20000,-0.1,20023.72;0
20000,-0.1,20021.72;0
20000,-0.1,20021.72;0
20000,-0.1,20021.72;0
20000,-0.1,20021.72;0
20000,-0.1,20021.72;0
20000,-0.1,20021.72;0
20000,-0.1,20021.72;0
20000,-0.1,20021.72;0
20000,-0.1,20021.72;0
20000,-0.1,20021.72;0
20000,-0.1,20021.72;0
20000,-0.1,20021.72;0
20000,-0.1,20021.72;0
20000,-0.1,20021.72;0
20000,-0.1,20021.72;0
20000,-0.1,20021.72;0
20000,-0.1,20021.72;0
20000,-0.1,20021.72;0
20000,-0.1,20021.72;0
20000,-0.1,20021.72;0
20000,-0.1,20021.72;0
20000,-0.1,20021.72;0
20000,-0.1,20021.72;0
20000,-0.1,20021.72;0
20000,-0.1,20021.72;0
20000,-0.1,20021.72;0
20000,-0.1,20021.72;0
20000,-0.1,20021.72;0
20000,-0.1,20021.72;0
20000,-0.1,20021.72;0
20000,-0.1,20021.72;0
20000,-0.1,20021.72;0
20000,-0.1,20021.72;0
20000,-0.1,20021.72;0
20000,-0.1,20021.72;0
20000,-0.1,20021.72;0
20000,-0.1,20021.72;0
20000,-0.1,20021.72;0
20000,-0.1,20021.72;0
20000,-0.1,20021.72;0
20000,-0.1,20021.72;0
20000,-0.1,20021.72;0
20000,-0.1,20021.72;0
20000,-0.1,20021.72;0
20000,-0.1,20021.72;0
20000,-0.1,20021.72;0
20000,-0.1,20021.72;0
20000,-0.1,20021.72;0
20000,-0.1,20021.72;0
20000,-0.1,20021.72;0
20000,-0.1,20021.72;0
20000,-0.1,20021.72;0
20000,-0.1,20021.72;0
20000,-0.1,20021.72;0
20000,-0.1,20021.72;0
20000,-0.1,20021.72;0
20000,-0.1,20021.72;0
20000,-0.1,20021.72;0
20000,-0.1,20021.72;0
20000,-0.1,20021.72;0
20000,-0.1,20021.72;0
20000,-0.1,20021.72;0
20000,-0.1,20021.72;0
20000,-0.1,20021.72;0
20000,-0.1,20021.72;0
20000,-0.1,20021.72;0
20000,-0.1,20021.72;0
20000,-0.1,20021.72;0
20000,-0.1,20021.72;0
20000,-0.1,20021.72;0
20000,-0.1,20021.72;0
20000,-0.1,20021.72;0
20000,-0.1,20021.72;0
20000,-0.1,20021.72;0
20000,-0.1,20021.72;0
20000,-0.1,20023.72;0
20000,-0.1,20025.72;0
20000,-0.1,20027.72;0
20000,-0.1,20029.72;0
20000,-0.1,20031.72;0
20000,-0.1,20033.72;0
20000,-0.1,20035.72;0
20000,-0.1,20037.72;0
20000,-0.1,20039.72;0
20000,-0.1,20041.72;0
20000,-0.1,20043.72;0
20000,-0.1,20045.72;0
20000,-0.1,20045.72;0
20000,-0.1,20045.72;0
20000,-0.1,20045.72;0
20000,-0.1,20045.72;0
20000,-0.1,20045.72;0
20000,-0.1,20045.72;0
20000,-0.1,20045.72;0
20000,-0.1,20045.72;0
20000,-0.1,20045.72;0
20000,-0.1,20045.72;0
20000,-0.1,20045.72;0
20000,-0.1,20045.72;0
20000,-0.1,20045.72;0
20000,-0.1,20045.72;0
20000,-0.1,20045.72;0
20000,-0.1,20045.72;0
20000,-0.1,20045.72;0
20000,-0.1,20045.72;0
20000,-0.1,20045.72;0
20000,-0.1,20045.72;0
20000,-0.1,20045.72;0
20000,-0.1,20045.72;0
20000,-0.1,20045.72;0
20000,-0.1,20045.72;0
20000,-0.1,20045.72;0
20000,-0.1,20045.72;0
20000,-0.1,20045.72;0
20000,-0.1,20045.72;0
20000,-0.1,20045.72;0
20000,-0.1,20045.72;0
20000,-0.1,20045.72;0
20000,-0.1,20045.72;0
20000,-0.1,20045.72;0
20000,-0.1,20045.72;0
20000,-0.1,20045.72;0
20000,-0.1,20045.72;0
20000,-0.1,20045.72;0
20000,-0.1,20045.72;0
20000,-0.1,20045.72;0
20000,-0.1,20045.72;0
20000,-0.1,20045.72;0
20000,-0.1,20045.72;0
20000,-0.1,20045.72;0
20000,-0.1,20045.72;0
20000,-0.1,20045.72;0
20000,-0.1,20045.72;0
20000,-0.1,20045.72;0
20000,-0.1,20045.72;0
20000,-0.1,20045.72;0
20000,-0.1,20045.72;0
20000,-0.1,20045.72;0
20000,-0.1,20045.72;0
20000,-0.1,20045.72;0
20000,-0.1,20045.72;0
20000,-0.1,20045.72;0
20000,-0.1,20045.72;0
20000,-0.1,20045.72;0
20000,-0.1,20045.72;0
20000,-0.1,20045.72;0
20000,-0.1,20045.72;0
20000,-0.1,20045.72;0
20000,-0.1,20045.72;0
20000,-0.1,20045.72;0
20000,-0.1,20045.72;0
20000,-0.1,20045.72;0
20000,-0.1,20045.72;0
20000,-0.1,20045.72;0
20000,-0.1,20045.72;0
20000,-0.1,20045.72;0
20000,-0.1,20045.72;0
20000,-0.1,20045.72;0
20000,-0.1,20045.72;0
20000,-0.1,20045.72;0
20000,-0.1,20045.72;0
20000,-0.1,20045.72;0
20000,-0.1,20045.72;0
20000,-0.1,20045.72;0
20000,-0.1,20045.72;0
20002,-0.1,20045.72;0
20004,-0.1,20045.72;0
20006,-0.1,20045.72;0
20008,-0.1,20045.72;0
20010,-0.1,20045.72;0
20012,-0.1,20045.72;0
20014,-0.1,20045.72;0
20015.72,-0.1,20045.72;0
20015.72,-0.1,20045.72;0
20015.72,-0.1,20045.72;0
20015.72,-0.1,20045.72;0
20015.72,-0.1,20045.72;0
20015.72,-0.1,20045.72;0
20015.72,-0.1,20045.72;0
20015.72,-0.1,20045.72;0
20015.72,-0.1,20045.72;0
20015.72,-0.1,20045.72;0
20015.72,-0.1,20045.72;0
20015.72,-0.1,20045.72;0
20015.72,-0.1,20045.72;0
20015.72,-0.1,20045.72;0
20015.72,-0.1,20045.72;0
20015.72,-0.1,20045.72;0
20015.72,-0.1,20045.72;0
20015.72,-0.1,20045.72;0
20015.72,-0.1,20045.72;0
20015.72,-0.1,20045.72;0
20015.72,-0.1,20045.72;0
20015.72,-0.1,20045.72;0
20015.72,-0.1,20045.72;0
20015.72,-0.1,20045.72;0
20015.72,-0.1,20045.72;0
20015.72,-0.1,20045.72;0
20015.72,-0.1,20045.72;0
20015.72,-0.1,20045.72;0
20013.72,-0.1,20045.72;0
20011.72,-0.1,20045.72;0
20009.72,-0.1,20045.72;0
20007.72,-0.1,20045.72;0
20005.72,-0.1,20045.72;0
20003.72,-0.1,20045.72;0
20001.72,-0.1,20045.72;0
19999.72,-0.1,20045.72;0
19997.72,-0.1,20045.72;0
19995.72,-0.1,20045.72;0
19993.72,-0.1,20045.72;0
20000,-0.1,20000;0
20000,-0.1,20000;0
20000,-0.1,20000;0
