20000,0.5,20000;0
20000,0.5800001,19999.99;0.01718759
20000,0.5800001,19999.99;0.02864599
20000,0.5800001,19999.98;0.04010438
20000,0.5800001,19999.98;0.05729197
20000,0.5800001,19999.97;0.07447957
20000,0.5800001,19999.96;0.08593797
20000,0.5800001,19999.96;0.09739637
20000,0.5800001,19999.95;0.1088548
20000,0.5800001,19999.94;0.1260423
20000,0.5800001,19999.94;0.1375007
20000,0.5800001,19999.93;0.1489591
20000,0.5800001,19999.93;0.1604175
20000,0.5800001,19999.92;0.1718759
20000,0.5800001,19999.92;0.1776051
20000,0.5800001,19999.91;0.1947927
20000,0.5800001,19999.91;0.2062511
20000,0.5800001,19999.9;0.2119803
20000,0.5800001,19999.9;0.2234387
20000,0.5800001,19999.89;0.2348971
20000,0.5800001,19999.89;0.2406263
20000,0.5800001,19999.89;0.2463555
20000,0.5800001,19999.88;0.2520847
20000,0.5800001,19999.88;0.2635432
20000,0.5800001,19999.87;0.2750015
20000,0.5800001,19999.87;0.2864599
20000,0.5800001,19999.87;0.2921891
20000,0.5800001,19999.86;0.2979183
20000,0.5800001,19999.86;0.3093767
20000,0.5800001,19999.86;0.3151059
20000,0.5800001,19999.86;0.3208351
20000,0.5800001,19999.85;0.3265642
20000,0.5800001,19999.85;0.3322934
20000,0.5800001,19999.84;0.3380226
20000,0.5800001,19999.84;0.3437518
20000,0.5800001,19999.84;0.349481
20000,0.5800001,19999.84;0.3552102
20000,0.5800001,19999.84;0.3609394
20000,0.5800001,19999.83;0.3666686
20000,0.5800001,19999.83;0.3723978
20000,0.5800001,19999.83;0.378127
20000,0.5800001,19999.83;0.3838562
20000,0.5800001,19999.83;0.3895855
20000,0.5800001,19999.82;0.3953147
20000,0.5800001,19999.82;0.4010438
20000,0.5800001,19999.82;0.406773
20000,0.5800001,19999.82;0.406773
20000,0.5800001,19999.82;0.4125022
20000,0.5800001,19999.82;0.4125022
20000,0.5800001,19999.82;0.4182314
20000,0.5800001,19999.82;0.4239607
20000,0.5800001,19999.82;0.4296899
20000,0.5800001,19999.82;0.4296899
20000,0.5800001,19999.82;0.4296899
20000,0.5800001,19999.82;0.4296899
20000,0.5800001,19999.81;0.4354191
20000,0.5800001,19999.81;0.4354191
20000,0.5800001,19999.81;0.4354191
20000,0.5800001,19999.81;0.4354191
20000,0.5800001,19999.81;0.4354191
20000,0.5800001,19999.81;0.4354191
20000,0.5800001,19999.81;0.4354191
20000,0.5800001,19999.82;0.4411483
20000,0.5800001,19999.82;0.4354191
20000,0.5800001,19999.82;0.4296899
20000,0.5800001,19999.82;0.4239607
20000,0.5800001,19999.82;0.4239607
20000,0.5800001,19999.82;0.4182314
20000,0.5800001,19999.82;0.4182314
20000,0.5800001,19999.82;0.4125022
20000,0.5800001,19999.83;0.406773
20000,0.5800001,19999.83;0.4010438
20000,0.5800001,19999.83;0.3953147
20000,0.5800001,19999.83;0.3895854
20000,0.5800001,19999.83;0.3838562
20000,0.5800001,19999.84;0.378127
20000,0.5800001,19999.84;0.3723978
20000,0.5800001,19999.84;0.3666686
20000,0.5800001,19999.84;0.3609394
20000,0.5800001,19999.85;0.3552102
20000,0.5800001,19999.85;0.349481
20000,0.5800001,19999.85;0.3437518
20000,0.5800001,19999.86;0.3380226
20000,0.5800001,19999.86;0.3265642
20000,0.5800001,19999.86;0.3208351
20000,0.5800001,19999.87;0.3151059
20000,0.5800001,19999.87;0.3036474
20000,0.5800001,19999.87;0.2979182
20000,0.5800001,19999.88;0.2921891
20000,0.5800001,19999.88;0.2807307
20000,0.5800001,19999.88;0.2750015
20000,0.5800001,19999.89;0.2635431
20000,0.5800001,19999.89;0.2578139
20000,0.5800001,19999.9;0.2463555
20000,0.5800001,19999.9;0.2348971
20000,0.5800001,19999.91;0.2291679
20000,0.5800001,19999.91;0.2177095
20000,0.5800001,19999.91;0.2062511
20000,0.5800001,19999.92;0.1947927
20000,0.5800001,19999.92;0.1833343
20000,0.5800001,19999.93;0.1718759
20000,0.5800001,19999.93;0.1604175
20000,0.5800001,19999.94;0.1489591
20000,0.5800001,19999.94;0.1375007
20000,0.5800001,19999.95;0.1260423
20000,0.5800001,19999.95;0.1145839
20000,0.5800001,19999.96;0.1031255
20000,0.5800001,19999.97;0.09166712
20000,0.5800001,19999.97;0.08020873
20000,0.5800001,19999.98;0.06302114
20000,0.5800001,19999.98;0.05156274
20000,0.5800001,19999.99;0.04010434
20000,0.5800001,20000;0.02291675
20000,0.5800001,20000;0.01145835
20000,0.5800001,20000.01;-0.005729241
20000,0.5800001,20000.01;359.9828
20000,0.5800001,20000.02;359.9713
20000,0.5800001,20000.03;359.9542
20000,0.5800001,20000.03;359.937
20000,0.5800001,20000.04;359.9255
20000,0.5800001,20000.05;359.9083
20000,0.5800001,20000.05;359.8911
20000,0.5800001,20000.06;359.874
20000,0.5800001,20000.07;359.8568
20000,0.5800001,20000.07;359.8396
20000,0.5800001,20000.07;359.8396
20000,0.5800001,20000.08;359.8281
20000,0.5800001,20000.09;359.8052
20000,0.5800001,20000.09;359.7938
20000,0.5800001,20000.1;359.7766
20000,0.5800001,20000.11;359.7594
20000,0.5800001,20000.12;359.7422
20000,0.5800001,20000.12;359.725
20000,0.5800001,20000.13;359.7078
20000,0.5800001,20000.14;359.6906
20000,0.5800001,20000.15;359.6677
20000,0.5800001,20000.16;359.6505
20000,0.5800001,20000.16;359.6333
20000,0.5800001,20000.17;359.6161
20000,0.5800001,20000.18;359.599
20000,0.5800001,20000.19;359.5818
20000,0.5800001,20000.2;359.5588
20000,0.5800001,20000.21;359.5359
20000,0.5800001,20000.21;359.5187
20000,0.5800001,20000.22;359.5016
20000,0.5800001,20000.23;359.4786
20000,0.5800001,20000.24;359.4615
20000,0.5800001,20000.25;359.4385
20000,0.5800001,20000.26;359.4214
20000,0.5800001,20000.26;359.4042
20000,0.5800001,20000.27;359.3813
20000,0.5800001,20000.28;359.3583
20000,0.5800001,20000.29;359.3354
20000,0.5800001,20000.3;359.3182
20000,0.5800001,20000.31;359.2953
20000,0.5800001,20000.32;359.2724
20000,0.5800001,20000.33;359.2552
20000,0.5800001,20000.34;359.2323
20000,0.5800001,20000.35;359.2151
20000,0.5800001,20000.36;359.1922
20000,0.5800001,20000.36;359.1693
20000,0.5800001,20000.37;359.1521
20000,0.5800001,20000.38;359.1234
20000,0.5800001,20000.39;359.1062
20000,0.5800001,20000.4;359.0833
20000,0.5800001,20000.41;359.0604
20000,0.5800001,20000.42;359.0432
20000,0.5800001,20000.43;359.0203
20000,0.5800001,20000.44;358.9974
20000,0.5800001,20000.45;358.9745
20000,0.5800001,20000.46;358.9573
20000,0.5800001,20000.47;358.9344
20000,0.5800001,20000.48;358.9114
20000,0.5800001,20000.49;358.8885
19999.99,0.5800001,20000.5;358.8656
19999.99,0.5800001,20000.51;358.837
19999.99,0.5800001,20000.52;358.8198
19999.99,0.5800001,20000.53;358.7969
19999.99,0.5800001,20000.54;358.774
19999.99,0.5800001,20000.55;358.751
19999.99,0.5800001,20000.56;358.7281
19999.99,0.5800001,20000.57;358.6995
19999.99,0.5800001,20000.58;358.6708
19999.99,0.5800001,20000.59;358.6536
19999.99,0.5800001,20000.6;358.6307
19999.99,0.5800001,20000.61;358.6078
19999.99,0.5800001,20000.61;358.5849
19999.99,0.5800001,20000.62;358.562
19999.99,0.5800001,20000.63;358.5391
19999.99,0.5800001,20000.64;358.5161
19999.99,0.5800001,20000.65;358.4932
19999.99,0.5800001,20000.66;358.476
19999.99,0.5800001,20000.67;358.4588
19999.99,0.5800001,20000.68;358.4359
19999.99,0.5800001,20000.69;358.413
19999.99,0.5800001,20000.7;358.3844
19999.99,0.5800001,20000.71;358.3672
19999.99,0.5800001,20000.72;358.3443
19999.99,0.5800001,20000.73;358.3214
19999.99,0.5800001,20000.74;358.2984
19999.99,0.5800001,20000.75;358.2755
19999.99,0.5800001,20000.76;358.2583
19999.99,0.5800001,20000.77;358.2354
19999.99,0.5800001,20000.78;358.2125
19999.99,0.5800001,20000.79;358.1896
19999.99,0.5800001,20000.79;358.1667
19999.99,0.5800001,20000.8;358.1437
19999.99,0.5800001,20000.81;358.1208
19999.99,0.5800001,20000.82;358.1036
19999.99,0.5800001,20000.83;358.0807
19999.99,0.5800001,20000.84;358.0635
19999.99,0.5800001,20000.85;358.0406
19999.98,0.5800001,20000.86;358.0177
19999.98,0.5800001,20000.87;358.0005
19999.98,0.5800001,20000.88;357.9833
19999.98,0.5800001,20000.89;357.9604
19999.98,0.5800001,20000.89;357.9375
19999.98,0.5800001,20000.9;357.9146
19999.98,0.5800001,20000.91;357.8974
19999.98,0.5800001,20000.92;357.8802
19999.98,0.5800001,20000.93;357.8573
19999.98,0.5800001,20000.93;357.8401
19999.98,0.5800001,20000.94;357.8172
19999.98,0.5800001,20000.95;357.8
19999.98,0.5800001,20000.96;357.7828
19999.98,0.5800001,20000.96;357.7656
19999.98,0.5800001,20000.97;357.7484
19999.98,0.5800001,20000.98;357.7255
19999.98,0.5800001,20000.99;357.7083
19999.98,0.5800001,20001;357.6911
19999.98,0.5800001,20001;357.674
19999.98,0.5800001,20001.01;357.6568
19999.98,0.5800001,20001.02;357.6396
19999.98,0.5800001,20001.03;357.6224
19999.98,0.5800001,20001.03;357.6052
19999.98,0.5800001,20001.04;357.5938
19999.98,0.5800001,20001.04;357.5765
19999.98,0.5800001,20001.05;357.5594
19999.98,0.5800001,20001.06;357.5422
19999.98,0.5800001,20001.06;357.5307
19999.98,0.5800001,20001.07;357.5193
19999.98,0.5800001,20001.08;357.5021
19999.98,0.5800001,20001.08;357.4906
19999.98,0.5800001,20001.09;357.4792
19999.98,0.5800001,20001.1;357.4677
19999.97,0.5800001,20001.1;357.4505
19999.97,0.5800001,20001.11;357.4391
19999.97,0.5800001,20001.11;357.4276
19999.97,0.5800001,20001.12;357.4161
19999.97,0.5800001,20001.12;357.4047
19999.97,0.5800001,20001.13;357.3932
19999.97,0.5800001,20001.13;357.3817
19999.97,0.5800001,20001.14;357.3646
19999.97,0.5800001,20001.15;357.3531
19999.97,0.5800001,20001.15;357.3416
19999.97,0.5800001,20001.15;357.3302
19999.97,0.5800001,20001.16;357.3187
19999.97,0.5800001,20001.16;357.3073
19999.97,0.5800001,20001.17;357.2958
19999.97,0.5800001,20001.17;357.2844
19999.97,0.5800001,20001.17;357.2729
19999.97,0.5800001,20001.18;357.2672
19999.97,0.5800001,20001.18;357.2614
19999.97,0.5800001,20001.18;357.25
19999.97,0.5800001,20001.19;357.2385
19999.97,0.5800001,20001.19;357.2328
19999.97,0.5800001,20001.19;357.2271
19999.97,0.5800001,20001.19;357.2213
19999.97,0.5800001,20001.2;357.2156
19999.97,0.5800001,20001.2;357.2099
19999.97,0.5800001,20001.2;357.2042
19999.97,0.5800001,20001.21;357.1984
19999.97,0.5800001,20001.21;357.1927
19999.97,0.5800001,20001.21;357.187
19999.97,0.5800001,20001.21;357.1812
19999.97,0.5800001,20001.21;357.1755
19999.97,0.5800001,20001.21;357.1698
19999.97,0.5800001,20001.22;357.164
19999.97,0.5800001,20003.22;357.1583
19999.97,0.5800001,20005.22;357.1526
19999.97,0.5800001,20007.22;357.1469
19999.97,0.5800001,20009.22;357.1469
19999.97,0.5800001,20011.22;357.1411
19999.97,0.5800001,20013.22;357.1411
19999.97,0.5800001,20015.22;357.1354
19999.97,0.5800001,20017.22;357.1354
19999.97,0.5800001,20019.23;357.1297
19999.97,0.5800001,20021.23;357.1297
19999.97,0.5800001,20023.23;357.1297
19999.97,0.5800001,20023.23;357.1297
19999.97,0.5800001,20023.22;357.1239
19999.97,0.5800001,20023.22;357.1239
19999.97,0.5800001,20023.22;357.1239
19999.97,0.5800001,20023.22;357.1239
19999.97,0.5800001,20023.22;357.1239
19999.97,0.5800001,20023.22;357.1297
19999.97,0.5800001,20023.22;357.1354
19999.97,0.5800001,20023.22;357.1354
19999.97,0.5800001,20023.21;357.1411
19999.97,0.5800001,20023.21;357.1469
19999.97,0.5800001,20023.21;357.1526
19999.97,0.5800001,20023.21;357.1583
19999.97,0.5800001,20023.21;357.164
19999.97,0.5800001,20025.21;357.1755
19999.97,0.5800001,20027.2;357.187
19999.97,0.5800001,20029.2;357.1927
19999.97,0.5800001,20031.2;357.1984
19999.97,0.5800001,20033.2;357.2099
19999.97,0.5800001,20035.19;357.2156
19999.97,0.5800001,20037.19;357.2271
19999.97,0.5800001,20039.19;357.2328
19999.97,0.5800001,20041.18;357.2443
19999.97,0.5800001,20043.18;357.2557
19999.97,0.5800001,20045.18;357.2614
19999.97,0.5800001,20045.72;357.2729
19999.97,0.5800001,20045.72;357.2844
19999.97,0.5800001,20045.72;357.2901
19999.97,0.5800001,20045.72;357.2958
19999.97,0.5800001,20045.72;357.3073
19999.97,0.5800001,20045.72;357.3187
19999.97,0.5800001,20045.72;357.3302
19999.97,0.5800001,20045.72;357.3416
19999.97,0.5800001,20045.72;357.3531
19999.97,0.5800001,20045.72;357.3646
19999.97,0.5800001,20045.72;357.376
19999.97,0.5800001,20045.72;357.3875
19999.97,0.5800001,20045.72;357.399
19999.97,0.5800001,20045.72;357.4104
19999.97,0.5800001,20045.72;357.4219
19999.97,0.5800001,20045.71;357.4391
19999.98,0.5800001,20045.71;357.4505
19999.98,0.5800001,20045.7;357.462
19999.98,0.5800001,20045.7;357.4734
19999.98,0.5800001,20045.69;357.4906
19999.98,0.5800001,20045.69;357.5078
19999.98,0.5800001,20045.68;357.5193
19999.98,0.5800001,20045.67;357.5307
19999.98,0.5800001,20045.66;357.5422
19999.98,0.5800001,20045.66;357.5594
19999.98,0.5800001,20045.65;357.5765
19999.98,0.5800001,20045.65;357.5938
19999.98,0.5800001,20045.64;357.6109
19999.98,0.5800001,20045.63;357.6281
19999.98,0.5800001,20045.62;357.6453
19999.98,0.5800001,20045.62;357.6625
19999.98,0.5800001,20045.61;357.6797
19999.98,0.5800001,20045.6;357.6969
19999.98,0.5800001,20045.6;357.7141
19999.98,0.5800001,20045.59;357.7312
19999.98,0.5800001,20045.58;357.7484
19999.98,0.5800001,20045.57;357.7656
19999.98,0.5800001,20045.56;357.7828
19999.98,0.5800001,20045.56;357.8
19999.98,0.5800001,20045.55;357.8229
19999.98,0.5800001,20045.54;357.8401
19999.98,0.5800001,20045.53;357.8573
19999.98,0.5800001,20045.52;357.8745
19999.98,0.5800001,20045.52;357.8974
19999.98,0.5800001,20045.51;357.9146
19999.98,0.5800001,20045.5;357.9375
19999.98,0.5800001,20045.49;357.9604
19999.98,0.5800001,20045.48;357.9776
19999.98,0.5800001,20045.47;358.0005
19999.99,0.5800001,20045.46;358.0177
19999.99,0.5800001,20045.45;358.0349
19999.99,0.5800001,20045.45;358.0578
19999.99,0.5800001,20045.44;358.0807
19999.99,0.5800001,20045.43;358.1036
19999.99,0.5800001,20045.42;358.1208
19999.99,0.5800001,20045.41;358.1437
19999.99,0.5800001,20045.4;358.1667
19999.99,0.5800001,20045.39;358.1838
19999.99,0.5800001,20045.38;358.2068
19999.99,0.5800001,20045.37;358.2297
19999.99,0.5800001,20045.36;358.2526
19999.99,0.5800001,20045.35;358.2698
19999.99,0.5800001,20045.34;358.2927
19999.99,0.5800001,20045.33;358.3156
19999.99,0.5800001,20045.32;358.3328
19999.99,0.5800001,20045.31;358.3557
19999.99,0.5800001,20045.3;358.3786
19999.99,0.5800001,20045.29;358.3958
19999.99,0.5800001,20045.29;358.4187
19999.99,0.5800001,20045.28;358.4359
19999.99,0.5800001,20045.27;358.4588
19999.99,0.5800001,20045.26;358.4818
19999.99,0.5800001,20045.25;358.5104
19999.99,0.5800001,20045.24;358.5276
19999.99,0.5800001,20045.23;358.5505
19999.99,0.5800001,20045.22;358.5734
19999.99,0.5800001,20045.21;358.5906
19999.99,0.5800001,20045.2;358.6135
19999.99,0.5800001,20045.19;358.6364
19999.99,0.5800001,20045.18;358.6594
19999.99,0.5800001,20045.18;358.6823
19999.99,0.5800001,20045.17;358.7052
19999.99,0.5800001,20045.16;358.7281
19999.99,0.5800001,20045.15;358.7453
19999.99,0.5800001,20045.14;358.7682
19999.99,0.5800001,20045.13;358.7911
19999.99,0.5800001,20045.12;358.8083
19999.99,0.5800001,20045.12;358.8312
20000,0.5800001,20045.11;358.8542
20000,0.5800001,20045.1;358.8713
20000,0.5800001,20045.09;358.8943
20000,0.5800001,20045.08;358.9172
20000,0.5800001,20045.07;358.9344
20000,0.5800001,20045.06;358.9516
20000,0.5800001,20045.05;358.9745
20000,0.5800001,20045.04;358.9917
20000,0.5800001,20045.03;359.0089
20000,0.5800001,20045.02;359.0318
20000,0.5800001,20045.02;359.0547
20000,0.5800001,20045.01;359.0719
20000,0.5800001,20045;359.0891
20000,0.5800001,20044.99;359.112
20000,0.5800001,20044.98;359.1292
20000,0.5800001,20044.97;359.1463
20000,0.5800001,20044.96;359.1693
20000,0.5800001,20044.96;359.1865
20000,0.5800001,20044.95;359.2036
20000,0.5800001,20044.94;359.2208
20000,0.5800001,20044.93;359.2437
20000,0.5800001,20044.92;359.2609
20000,0.5800001,20044.91;359.2781
20000,0.5800001,20044.91;359.2953
20000,0.5800001,20044.9;359.3182
20000,0.5800001,20044.89;359.3354
20000,0.5800001,20044.88;359.3526
20000,0.5800001,20044.87;359.3698
20000,0.5800001,20044.87;359.387
20000,0.5800001,20044.86;359.4042
20000,0.5800001,20044.85;359.4271
20000,0.5800001,20044.84;359.4385
20000,0.5800001,20044.84;359.45
20000,0.5800001,20044.83;359.4672
20000,0.5800001,20044.82;359.4901
20000,0.5800001,20044.81;359.5016
20000,0.5800001,20044.8;359.5187
20000,0.5800001,20044.79;359.5359
20000,0.5800001,20044.79;359.5531
20000,0.5800001,20044.78;359.5703
20000,0.5800001,20044.77;359.5818
20000,0.5800001,20044.77;359.5932
20000,0.5800001,20044.76;359.6104
20000,0.5800001,20044.76;359.6276
20000,0.5800001,20044.75;359.6448
20000,0.5800001,20044.74;359.662
20000,0.5800001,20044.74;359.6734
20000,0.5800001,20044.73;359.6906
20000,0.5800001,20044.72;359.7021
20000,0.5800001,20044.72;359.7193
20000,0.5800001,20044.71;359.7307
20000,0.5800001,20044.7;359.7479
20000,0.5800001,20044.7;359.7651
20000,0.5800001,20044.69;359.7766
20000,0.5800001,20044.68;359.7937
20000,0.5800001,20044.68;359.8052
20000,0.5800001,20044.67;359.8167
20000,0.5800001,20044.66;359.8281
20000,0.5800001,20044.66;359.8396
20000,0.5800001,20044.65;359.8568
20000,0.5800001,20044.65;359.874
20000,0.5800001,20044.64;359.8854
20000,0.5800001,20044.64;359.8969
20000,0.5800001,20044.63;359.9083
20000,0.5800001,20044.63;359.9198
20000,0.5800001,20044.62;359.9312
20000,0.5800001,20044.62;359.9427
20000,0.5800001,20044.61;359.9542
20000,0.5800001,20045.72;359.9656
20000,0.5800001,20045.72;359.9771
20000,0.5800001,20045.72;359.9885
20000,0.5800001,20045.72;359.9943
20000,0.5800001,20045.72;0.005726483
20000,0.5800001,20045.72;0.01718488
20000,0.5800001,20045.72;0.02291408
20000,0.5800001,20045.72;0.03437247
20000,0.5800001,20045.72;0.04583087
20000,0.5800001,20045.72;0.05728927
20000,0.5800001,20045.72;0.06301846
20000,0.5800001,20045.72;0.06874765
20000,0.5800001,20045.72;0.08020605
20000,0.5800001,20045.72;0.08593525
20000,0.5800001,20045.72;0.09166445
20000,0.5800001,20045.72;0.09739365
20000,0.5800001,20045.72;0.108852
20000,0.5800001,20045.72;0.1145812
20000,0.5800001,20045.72;0.1203104
20000,0.5800001,20045.72;0.1317688
20000,0.5800001,20045.72;0.1374981
20000,0.5800001,20045.72;0.1432272
20000,0.5800001,20045.72;0.1489564
20000,0.5800001,20045.71;0.1546856
20000,0.5800001,20045.71;0.1604148
20000,0.5800001,20045.71;0.1718732
20000,0.5800001,20045.71;0.1833316
20000,0.5800001,20045.71;0.1890608
20000,0.5800001,20045.7;0.19479
20000,0.5800001,20045.7;0.2005192
20000,0.5800001,20045.7;0.2062484
20000,0.5800001,20045.7;0.2119776
20000,0.5800001,20045.7;0.2177069
20000,0.5800001,20045.69;0.223436
20000,0.5800001,20045.69;0.2291653
20000,0.5800001,20045.69;0.2348945
20000,0.5800001,20045.69;0.2406237
20000,0.5800001,20045.69;0.2406237
20000,0.5800001,20045.69;0.2463529
20000,0.5800001,20045.69;0.2463529
20000,0.5800001,20045.69;0.2463529
20000,0.5800001,20045.69;0.2463529
20000,0.5800001,20045.68;0.2520821
20000,0.5800001,20045.68;0.2520821
20000,0.5800001,20045.68;0.2520821
20000,0.5800001,20045.68;0.2520821
20000,0.5800001,20045.68;0.2520821
20000,0.5800001,20045.68;0.2520821
20000,0.5800001,20045.68;0.2520821
20000,0.5800001,20045.68;0.2520821
20000,0.5800001,20045.68;0.2520821
20000,0.5800001,20045.68;0.2520821
20000,0.5800001,20045.68;0.2520821
20000,0.5800001,20045.68;0.2463529
20000,0.5800001,20045.68;0.2463529
20000,0.5800001,20045.68;0.2463529
20000,0.5800001,20045.68;0.2406237
20000,0.5800001,20045.69;0.2348945
20000,0.5800001,20045.69;0.2291653
20000,0.5800001,20045.69;0.2234361
20000,0.5800001,20045.69;0.2234361
20000,0.5800001,20045.69;0.2177069
20000,0.5800001,20045.69;0.2119777
20000,0.5800001,20045.69;0.2062485
20000,0.5800001,20045.7;0.2005193
20000,0.5800001,20045.7;0.1947901
20000,0.5800001,20045.7;0.1890609
20000,0.5800001,20045.7;0.1833317
20000,0.5800001,20045.71;0.1776025
20000,0.5800001,20045.71;0.1718733
20000,0.5800001,20045.71;0.1661441
20002,0.5800001,20045.71;0.1604149
20004,0.5800001,20045.71;0.1489565
20006,0.5800001,20045.72;0.1374981
20008,0.5800001,20045.72;0.1317689
20010,0.5800001,20045.72;0.1203105
20012,0.5800001,20045.72;0.1145813
20014,0.5800001,20045.72;0.1088521
20015.72,0.5800001,20045.72;0.09739371
20015.72,0.5800001,20045.72;0.09166451
20015.72,0.5800001,20045.72;0.0859353
20015.72,0.5800001,20045.72;0.07447691
20015.72,0.5800001,20045.72;0.06874771
20015.72,0.5800001,20045.72;0.05728931
20015.72,0.5800001,20045.72;0.04583092
20015.72,0.5800001,20045.72;0.03437252
20015.72,0.5800001,20045.72;0.02864332
20015.72,0.5800002,20045.72;0.01718493
20015.72,0.5800002,20045.72;0.01145573
20015.72,0.5800002,20045.72;0.00572653
20015.72,0.5800001,20045.72;359.9943
20015.72,0.5800001,20045.72;359.9828
20015.72,0.5800001,20045.72;359.9656
20015.72,0.5800001,20045.72;359.9542
20015.72,0.5800001,20045.72;359.9427
20015.72,0.5800001,20045.72;359.937
20015.72,0.5800002,20045.72;359.9312
20015.72,0.5800002,20045.72;359.9198
20015.72,0.5800002,20045.72;359.9026
20015.72,0.5800002,20045.72;359.8911
20015.72,0.5800002,20045.72;359.8797
20015.72,0.5800002,20045.72;359.8682
20015.72,0.5800002,20045.72;359.8568
20015.72,0.5800002,20045.72;359.8453
20015.72,0.5800002,20045.72;359.8339
20015.72,0.5800002,20045.72;359.8167
20015.72,0.5800002,20045.72;359.8052
20015.72,0.5800002,20045.72;359.7937
20015.72,0.5800002,20045.72;359.7823
20015.72,0.5800002,20045.72;359.7708
20015.72,0.5800002,20045.72;359.7594
20015.72,0.5800002,20045.72;359.7479
20015.72,0.5800002,20045.72;359.7307
20015.72,0.5800003,20045.72;359.7135
20015.72,0.5800003,20045.72;359.6964
20015.72,0.5800003,20045.72;359.6849
20015.72,0.5800003,20045.72;359.6677
20015.72,0.5800003,20045.72;359.6505
20015.72,0.5800003,20045.72;359.6391
20015.72,0.5800003,20045.72;359.6219
20015.72,0.5800003,20045.72;359.6047
20015.72,0.5800003,20045.72;359.5932
20015.72,0.5800003,20045.72;359.576
20015.72,0.5800003,20045.72;359.5646
20015.72,0.5800003,20045.72;359.5474
20015.72,0.5800003,20045.72;359.5302
20015.72,0.5800003,20045.72;359.513
20015.72,0.5800004,20045.72;359.4958
20015.72,0.5800005,20045.72;359.4786
20015.72,0.5800005,20045.72;359.4615
20015.72,0.5800005,20045.72;359.4443
20015.72,0.5800005,20045.72;359.4328
20015.72,0.5800005,20045.72;359.4328
20015.72,0.5800005,20045.72;359.4156
20015.72,0.5800004,20045.72;359.3984
20015.72,0.5800003,20045.72;359.3813
20015.72,0.5800003,20045.72;359.364
20015.72,0.5800004,20043.72;359.3469
20015.72,0.5800004,20041.73;359.3297
20015.72,0.5800004,20039.74;359.3125
20015.72,0.5800004,20039.28;359.2896
20015.72,0.5800004,20039.28;359.2781
20015.72,0.5800004,20039.28;359.2552
20015.72,0.5800004,20039.28;359.238
20015.72,0.5800004,20039.28;359.2208
20015.72,0.5800004,20039.28;359.2036
20015.72,0.5800004,20039.28;359.1865
20015.72,0.5800004,20039.28;359.1693
20015.72,0.5800004,20039.28;359.1463
20015.72,0.5800004,20039.28;359.1234
20015.72,0.5800004,20039.28;359.1062
20015.72,0.5800004,20039.29;359.0833
20015.72,0.5800004,20039.3;359.0661
20015.72,0.5800004,20039.3;359.0432
20015.72,0.5800004,20039.31;359.0318
20015.72,0.5800004,20039.32;359.0203
20015.72,0.5800004,20039.33;358.9974
20015.72,0.5800004,20039.34;358.9745
20015.72,0.5800004,20039.35;358.9573
20015.72,0.5800004,20039.36;358.9344
20015.72,0.5800004,20039.36;358.9172
20015.72,0.5800004,20039.37;358.9
20015.72,0.5800004,20039.38;358.8828
20015.72,0.5800004,20039.39;358.8599
20015.71,0.5800004,20039.4;358.837
20015.71,0.5800004,20039.41;358.8198
20015.71,0.5800004,20039.42;358.8026
20015.71,0.5800004,20039.43;358.7797
20015.71,0.5800004,20039.43;358.7625
20015.71,0.5800004,20039.44;358.7396
20015.71,0.5800004,20039.45;358.7166
20013.71,0.5800004,20039.46;358.6995
20011.71,0.5800004,20039.47;358.6823
20009.71,0.5800004,20039.48;358.6594
20007.71,0.5800004,20039.49;358.6364
20005.71,0.5800004,20039.49;358.6193
20003.71,0.5800004,20039.5;358.5963
20001.71,0.5800004,20039.51;358.5734
19999.71,0.5800004,20039.52;358.5505
19999.71,0.5800004,20039.53;358.5333
19999.71,0.5800004,20039.54;358.5161
19999.71,0.5800004,20039.54;358.499
19999.71,0.5800004,20039.55;358.476
19999.71,0.5800004,20039.56;358.4531
19999.71,0.5800004,20039.57;358.4302
19999.71,0.5800004,20039.58;358.413
19999.71,0.5800004,20039.59;358.3958
19999.71,0.5800004,20039.6;358.3729
19999.71,0.5800004,20039.61;358.35
19999.71,0.5800004,20039.61;358.3328
19999.71,0.5800004,20039.62;358.3099
19999.71,0.5800004,20039.63;358.2927
19999.71,0.5800004,20039.64;358.2698
19999.71,0.5800004,20039.65;358.2526
19999.71,0.5800004,20039.66;358.2354
19999.71,0.5800004,20039.66;358.2125
19999.71,0.5800004,20039.67;358.1896
19999.71,0.5800004,20039.68;358.1724
19999.71,0.5800004,20039.69;358.1495
19999.71,0.5800004,20039.7;358.1266
19999.71,0.5800004,20039.7;358.1094
19999.71,0.5800004,20039.71;358.0922
19999.71,0.5800004,20039.72;358.0692
19999.71,0.5800004,20039.73;358.0578
19999.71,0.5800004,20039.74;358.0349
19999.71,0.5800004,20041.75;358.0177
19999.71,0.5800004,20043.75;358.0005
19999.71,0.5800004,20045.72;357.9833
19999.71,0.5800003,20045.72;357.9661
19999.71,0.5800003,20045.72;357.9432
19999.71,0.5800004,20045.72;357.9318
19999.71,0.5800004,20045.72;357.9088
19999.71,0.5800004,20045.72;357.8917
19999.7,0.5800004,20045.72;357.8745
19999.7,0.5800003,20045.72;357.8573
19999.7,0.5800004,20045.72;357.8401
19999.7,0.5800003,20045.72;357.8229
19999.7,0.5800003,20045.72;357.8114
19999.7,0.5800003,20045.72;357.7943
19999.7,0.5800003,20045.72;357.7771
19999.7,0.5800003,20045.72;357.7599
19999.7,0.5800003,20045.72;357.7427
19999.7,0.5800003,20045.72;357.7255
19999.7,0.5800003,20045.72;357.7083
19999.7,0.5800003,20045.72;357.6969
19999.7,0.5800003,20045.72;357.6797
19999.7,0.5800003,20045.72;357.6625
19999.7,0.5800003,20045.72;357.6453
19999.7,0.5800002,20045.72;357.6281
19999.7,0.5800002,20045.72;357.6166
19999.7,0.5800002,20045.72;357.5995
19999.7,0.5800002,20045.72;357.588
19999.7,0.5800002,20045.72;357.5765
19999.7,0.5800002,20045.72;357.5651
19999.7,0.5800002,20045.72;357.5479
19999.7,0.5800002,20045.72;357.5422
19999.7,0.5800002,20045.72;357.525
19999.7,0.5800002,20045.72;357.5078
19999.7,0.5800002,20045.72;357.4963
19999.7,0.5800002,20045.72;357.4849
19999.7,0.5800002,20045.72;357.4734
19999.7,0.5800001,20045.72;357.4562
19999.7,0.5800001,20045.72;357.4505
19999.7,0.5800001,20045.72;357.4448
19999.7,0.5800001,20045.72;357.4276
19999.7,0.5800001,20045.72;357.4161
19999.7,0.5800001,20045.72;357.4104
19999.7,0.58,20045.72;357.3989
19999.7,0.5800001,20045.72;357.3875
19999.7,0.5800001,20045.72;357.376
19999.7,0.58,20043.72;357.3646
19999.7,0.58,20041.72;357.3531
19999.7,0.58,20039.73;357.3474
19999.7,0.58,20037.73;357.3416
19999.7,0.58,20035.73;357.3302
19999.69,0.58,20033.74;357.3187
19999.69,0.58,20031.74;357.313
19999.69,0.58,20029.74;357.3073
19999.69,0.58,20029.75;357.2958
19999.69,0.58,20029.75;357.2901
19999.69,0.58,20029.76;357.2844
19999.69,0.58,20029.76;357.2786
19999.69,0.58,20029.76;357.2729
19999.69,0.58,20029.76;357.2672
19999.69,0.58,20029.76;357.2614
19999.69,0.58,20029.77;357.2557
19999.69,0.58,20029.77;357.25
19999.69,0.58,20029.77;357.2443
19999.69,0.58,20029.77;357.2385
19999.69,0.58,20029.77;357.2328
19999.69,0.58,20029.78;357.2271
19999.69,0.58,20029.78;357.2213
19999.69,0.58,20029.78;357.2156
19999.69,0.58,20029.78;357.2156
19999.69,0.58,20029.78;357.2099
19999.69,0.58,20029.78;357.2042
19999.69,0.58,20029.78;357.2042
19999.69,0.58,20029.78;357.1984
19999.69,0.58,20029.78;357.1984
19999.69,0.58,20029.78;357.1927
19999.69,0.58,20029.78;357.1927
19999.69,0.58,20029.79;357.187
19999.69,0.58,20029.79;357.187
19999.69,0.58,20029.79;357.187
19999.69,0.58,20029.79;357.187
19999.69,0.58,20029.79;357.187
19999.69,0.58,20029.79;357.187
19999.69,0.58,20029.79;357.187
19999.69,0.58,20029.78;357.1812
19999.69,0.58,20029.78;357.187
19999.69,0.58,20029.78;357.187
19999.69,0.58,20029.78;357.1927
19999.69,0.58,20029.78;357.1984
19999.69,0.58,20029.78;357.2042
19999.69,0.58,20029.78;357.2042
19999.69,0.58,20029.77;357.2099
19999.69,0.58,20029.77;357.2156
19999.69,0.58,20029.77;357.2213
19999.69,0.58,20029.77;357.2271
19999.69,0.58,20029.77;357.2328
19999.69,0.58,20029.76;357.2385
19999.69,0.58,20029.76;357.2443
19999.69,0.58,20029.76;357.2443
19999.69,0.58,20029.76;357.2557
19999.69,0.58,20029.76;357.2614
19999.69,0.58,20029.75;357.2672
19999.69,0.58,20029.75;357.2786
19999.69,0.58,20029.75;357.2844
19999.69,0.58,20029.74;357.2901
19999.69,0.58,20029.74;357.2958
19999.7,0.58,20029.74;357.3015
19999.7,0.58,20029.73;357.313
19999.7,0.58,20029.73;357.3187
19999.7,0.58,20029.72;357.3302
19999.7,0.58,20029.72;357.3359
19999.7,0.58,20029.72;357.3416
19999.7,0.58,20029.71;357.3531
19999.7,0.58,20031.71;357.3588
19999.7,0.58,20033.71;357.3703
19999.7,0.58,20035.7;357.3817
19999.7,0.58,20037.7;357.3932
19999.7,0.58,20039.69;357.4047
19999.7,0.58,20041.69;357.4161
19999.7,0.58,20043.68;357.4276
19999.7,0.58,20045.68;357.4391
19999.7,0.58,20045.72;357.4448
19999.7,0.58,20045.72;357.4505
19999.7,0.58,20045.72;357.4677
19999.7,0.58,20045.71;357.4792
19999.7,0.58,20045.7;357.4906
19999.7,0.58,20045.7;357.5021
19999.7,0.58,20045.69;357.5135
19999.7,0.58,20045.69;357.5307
19999.7,0.58,20045.68;357.5422
19999.7,0.58,20045.68;357.5594
19999.7,0.58,20045.67;357.5765
19999.7,0.58,20045.66;357.588
19999.7,0.58,20045.66;357.6052
19999.7,0.58,20045.65;357.6166
19999.7,0.58,20045.65;357.6281
19999.7,0.58,20045.64;357.6453
19999.7,0.58,20045.63;357.6568
19999.7,0.58,20045.63;357.674
19999.7,0.58,20045.62;357.6911
19999.7,0.58,20045.61;357.7083
19999.7,0.58,20045.61;357.7255
19999.7,0.58,20045.6;357.7427
19999.7,0.58,20045.59;357.7542
19999.7,0.58,20045.72;357.7713
19999.7,0.58,20045.72;357.7885
19999.7,0.58,20045.72;357.8
19999.7,0.58,20045.72;357.8172
19999.71,0.58,20045.72;357.8344
19999.71,0.58,20045.72;357.8458
19999.71,0.58,20045.71;357.8687
19999.71,0.58,20045.71;357.8859
19999.71,0.58,20045.7;357.8974
19999.71,0.58,20045.69;357.9203
19999.71,0.58,20045.69;357.9432
19999.71,0.58,20045.68;357.9661
19999.71,0.58,20045.67;357.9833
19999.71,0.58,20045.66;358.0005
19999.71,0.58,20045.65;358.0177
19999.71,0.58,20045.64;358.0349
19999.71,0.58,20045.64;358.0521
19999.71,0.58,20045.63;358.0692
19999.71,0.58,20045.62;358.0865
19999.71,0.58,20045.61;358.1036
19999.71,0.58,20045.61;358.1266
19999.71,0.58,20045.6;358.1437
19999.71,0.58,20045.59;358.1609
19999.71,0.58,20045.58;358.1838
20001.71,0.58,20045.57;358.201
20003.71,0.58,20045.56;358.2182
20005.71,0.58,20045.56;358.2411
20007.71,0.58,20045.55;358.264
20009.71,0.58,20045.54;358.2813
20011.71,0.58,20045.53;358.2984
20013.71,0.58,20045.53;358.3214
20015.71,0.58,20045.52;358.3385
20015.71,0.58,20045.51;358.3615
20015.71,0.58,20045.5;358.3786
20015.71,0.58,20045.49;358.3958
20015.71,0.58,20045.48;358.413
20015.71,0.58,20045.47;358.4359
20015.71,0.58,20045.47;358.4531
20015.71,0.58,20045.46;358.4703
20015.71,0.58,20045.45;358.4932
20015.71,0.58,20045.44;358.5161
20015.71,0.58,20045.44;358.5333
20015.71,0.58,20045.42;358.5562
20015.71,0.58,20045.42;358.5734
20015.71,0.58,20045.41;358.5906
20015.71,0.58,20045.4;358.6078
20015.71,0.58,20045.39;358.625
20015.71,0.58,20045.38;358.6479
20015.71,0.58,20045.38;358.6651
20015.71,0.58,20045.37;358.6823
20015.71,0.58,20045.36;358.7052
20015.71,0.58,20045.35;358.7224
20015.71,0.58,20045.34;358.7453
20015.71,0.58,20045.33;358.7625
20015.72,0.58,20045.33;358.7797
20015.72,0.58,20045.32;358.8026
20015.72,0.58,20045.31;358.8198
20015.72,0.58,20045.3;358.837
20015.72,0.58,20045.29;358.8542
20015.72,0.58,20045.29;358.8713
20015.72,0.58,20045.28;358.8943
20015.72,0.58,20045.27;358.9057
20015.72,0.58,20045.26;358.9286
20015.72,0.58,20045.25;358.9458
20015.72,0.58,20043.25;358.963
20015.72,0.58,20041.24;358.9802
20015.72,0.58,20039.28;358.9974
20015.72,0.58,20039.28;359.0146
20015.72,0.58,20039.28;359.0318
20015.72,0.58,20039.28;359.0547
20015.72,0.58,20039.28;359.0776
20015.72,0.5800001,20039.28;359.0891
20015.72,0.5800001,20039.28;359.1062
20015.72,0.5800001,20039.28;359.1234
20015.72,0.5800001,20039.28;359.1406
20015.72,0.58,20039.28;359.1578
20015.72,0.58,20039.28;359.175
20015.72,0.58,20039.28;359.1922
20015.72,0.58,20039.28;359.2094
20015.72,0.5800001,20039.28;359.2208
20015.72,0.5800001,20039.28;359.238
20015.72,0.58,20039.28;359.2552
20015.72,0.58,20039.28;359.2724
20015.72,0.5800001,20039.28;359.2896
20015.72,0.5800002,20039.28;359.301
20015.72,0.5800001,20039.28;359.3182
20015.72,0.5800001,20039.28;359.3354
20015.72,0.5800001,20039.28;359.3526
20015.72,0.5800001,20039.28;359.364
20015.72,0.5800001,20039.28;359.3813
20013.72,0.58,20039.28;359.3984
20011.72,0.58,20039.28;359.4099
20009.72,0.58,20039.28;359.4271
20007.72,0.58,20039.28;359.4385
20005.72,0.58,20039.28;359.45
20003.72,0.5800001,20039.28;359.4672
20001.72,0.5800001,20039.28;359.4844
19999.72,0.5800001,20039.27;359.4958
19999.72,0.5800001,20039.26;359.5073
19999.72,0.5800001,20039.26;359.5245
19999.72,0.5800001,20039.26;359.5359
19999.72,0.5800001,20039.25;359.5474
19999.72,0.5800001,20039.24;359.5646
19999.72,0.5800001,20039.24;359.576
19999.72,0.5800001,20039.23;359.5875
19999.72,0.5800001,20039.23;359.5989
19999.72,0.5800001,20039.22;359.6104
19999.72,0.5800001,20039.22;359.6219
19999.72,0.5800001,20039.21;359.6333
19999.72,0.5800001,20039.21;359.6448
19999.72,0.5800001,20039.2;359.6563
19999.72,0.5800001,20039.2;359.6677
19999.72,0.5800001,20039.19;359.6792
19999.72,0.5800001,20039.19;359.6906
19999.72,0.5800001,20039.18;359.7021
19999.72,0.5800001,20039.18;359.7135
19999.72,0.5800001,20039.17;359.725
19999.72,0.5800001,20039.17;359.7365
19999.72,0.5800001,20039.17;359.7422
19999.72,0.5800001,20039.16;359.7536
19999.72,0.5800001,20039.16;359.7594
19999.72,0.5800001,20039.15;359.7708
19999.72,0.5800001,20039.15;359.7823
19999.72,0.5800001,20039.15;359.7937
19999.72,0.5800001,20039.14;359.7995
19999.72,0.5800001,20039.14;359.8052
19999.72,0.5800001,20039.14;359.8167
19999.72,0.5800001,20039.13;359.8224
19999.72,0.5800001,20039.13;359.8339
19999.72,0.5800001,20039.13;359.8453
19999.72,0.5800001,20039.12;359.851
19999.72,0.5800001,20039.12;359.8568
19999.72,0.5800001,20039.12;359.8625
19999.72,0.5800001,20039.11;359.874
19999.72,0.5800001,20041.11;359.8797
19999.72,0.5800001,20043.11;359.8854
19999.72,0.5800001,20045.1;359.8969
19999.72,0.5800001,20045.72;359.9083
19999.72,0.5800001,20045.72;359.9141
19999.72,0.5800001,20045.72;359.9198
19999.72,0.5800001,20045.72;359.9255
19999.72,0.5800001,20045.72;359.9312
19999.72,0.5800001,20045.71;359.937
19999.72,0.5800001,20045.71;359.9427
19999.72,0.5800001,20045.71;359.9427
19999.72,0.5800001,20045.71;359.9484
19999.72,0.5800001,20045.71;359.9542
19999.72,0.5800001,20045.71;359.9599
19999.72,0.5800001,20045.71;359.9599
19999.72,0.5800001,20045.71;359.9656
19999.72,0.5800001,20045.7;359.9713
19999.72,0.5800001,20045.7;359.9713
19999.72,0.5800001,20045.7;359.9713
19999.72,0.5800001,20045.7;359.9771
19999.72,0.5800001,20045.7;359.9771
19999.72,0.5800001,20045.7;359.9828
19999.72,0.5800001,20045.7;359.9885
19999.72,0.5800001,20045.7;359.9885
19999.72,0.5800001,20045.69;359.9943
19999.72,0.5800001,20045.69;359.9943
19999.72,0.5800001,20045.69;359.9943
19999.72,0.5800001,20045.69;359.9943
19999.72,0.5800001,20045.69;359.9943
19999.72,0.5800001,20045.69;359.9943
19999.72,0.5800001,20045.69;-3.855322E-06
20001.72,0.5800001,20045.69;-3.855322E-06
20003.72,0.5800001,20045.69;0.005725343
20005.72,0.5800001,20045.69;0.005725343
20007.72,0.5800001,20045.69;0.005725343
20009.72,0.5800001,20045.69;0.01145454
20011.72,0.5800001,20045.69;0.005725343
20013.72,0.5800001,20045.69;-3.855322E-06
20015.72,0.5800001,20045.69;-3.855322E-06
20015.72,0.5800001,20045.69;359.9943
20015.72,0.5800001,20045.7;359.9885
20015.72,0.5800001,20045.7;359.9828
20015.72,0.5800001,20045.7;359.9771
20015.72,0.5800001,20045.7;359.9771
20015.72,0.5800001,20045.7;359.9713
20015.72,0.5800001,20045.7;359.9656
20015.72,0.5800001,20045.71;359.9599
20015.72,0.5800001,20045.71;359.9542
20015.72,0.5800001,20045.71;359.9484
20015.72,0.5800001,20045.71;359.9484
20015.72,0.5800001,20045.71;359.9427
20015.72,0.5800001,20045.71;359.937
20015.72,0.5800001,20045.71;359.9255
20015.72,0.5800001,20045.72;359.9141
20015.72,0.5800001,20045.72;359.9026
20015.72,0.5800001,20045.72;359.8969
20015.72,0.5800001,20045.72;359.8911
20015.72,0.5800001,20045.72;359.8854
20015.72,0.5800001,20043.72;359.8797
20015.72,0.5800001,20041.72;359.874
20015.72,0.5800001,20039.73;359.8682
20015.72,0.5800001,20039.28;359.8625
20015.72,0.5800001,20039.28;359.8568
20015.72,0.5800001,20039.28;359.851
20015.72,0.5800001,20039.28;359.8396
20015.72,0.5800001,20039.28;359.8339
20015.72,0.5800001,20039.28;359.8224
20015.72,0.5800001,20039.29;359.8167
20015.72,0.5800001,20039.29;359.8109
20015.72,0.5800001,20039.29;359.8052
20015.72,0.5800001,20039.3;359.7995
20015.72,0.5800001,20039.3;359.788
20015.72,0.5800001,20039.31;359.7766
20015.72,0.5800001,20039.31;359.7708
20015.72,0.5800001,20039.32;359.7651
20015.72,0.5800001,20039.32;359.7594
20015.72,0.5800001,20039.32;359.7479
20015.72,0.5800001,20039.33;359.7365
20015.72,0.5800001,20039.33;359.7307
20015.72,0.5800001,20039.34;359.7193
20015.72,0.5800001,20039.34;359.7078
20015.72,0.5800001,20039.35;359.6964
20015.72,0.5800001,20039.35;359.6849
20015.72,0.5800001,20039.36;359.6792
20015.72,0.5800001,20039.36;359.662
20015.72,0.5800001,20039.37;359.6505
20015.72,0.5800001,20039.37;359.6391
20015.72,0.5800001,20039.38;359.6276
20015.72,0.5800001,20039.38;359.6161
20015.72,0.5800001,20039.39;359.6047
20015.72,0.5800001,20039.39;359.5932
20015.72,0.5800001,20039.4;359.5818
20015.72,0.5800001,20039.4;359.5703
20015.72,0.5800001,20039.41;359.5531
20015.72,0.5800001,20039.41;359.5417
20015.72,0.5800001,20039.42;359.5302
20015.72,0.5800001,20039.42;359.5187
20015.72,0.5800001,20039.43;359.5073
20015.72,0.5800001,20039.44;359.4958
20015.72,0.5800001,20039.44;359.4844
20015.72,0.5800001,20039.45;359.4672
20015.72,0.5800001,20039.45;359.45
20015.72,0.5800001,20039.46;359.4385
20015.72,0.5800001,20039.47;359.4271
20015.72,0.5800001,20039.47;359.4099
20015.72,0.5800001,20039.48;359.3984
20015.72,0.5800001,20039.49;359.3813
20015.72,0.5800001,20039.49;359.364
20015.72,0.5800001,20039.5;359.3469
20015.72,0.5800001,20039.5;359.3354
20015.72,0.5800001,20039.51;359.3239
20015.72,0.5800001,20039.52;359.3068
20015.72,0.5800001,20039.52;359.2953
20015.72,0.5800001,20039.53;359.2781
20015.72,0.5800001,20039.54;359.2609
20015.72,0.5800001,20039.54;359.2495
20015.72,0.5800001,20039.55;359.2323
20015.72,0.5800001,20039.56;359.2151
20015.72,0.5800001,20039.56;359.1979
20015.72,0.5800001,20039.57;359.1807
20015.72,0.5800001,20039.58;359.1635
20015.72,0.5800001,20039.59;359.1463
20015.72,0.5800001,20039.59;359.1292
20015.72,0.5800001,20039.6;359.1177
20015.72,0.5800001,20039.61;359.1005
20015.72,0.5800001,20039.61;359.0833
20015.72,0.5800001,20039.62;359.0661
20015.72,0.5800001,20039.63;359.049
20015.72,0.5800001,20039.64;359.0318
20015.72,0.5800001,20039.64;359.0146
20015.72,0.5800001,20039.65;358.9974
20015.72,0.5800001,20039.66;358.9802
20015.71,0.5800001,20039.67;358.963
20015.71,0.5800001,20039.68;358.9458
20015.71,0.5800001,20039.68;358.9229
20015.71,0.5800001,20039.69;358.9
20015.71,0.5800001,20039.7;358.8885
20015.71,0.5800001,20039.7;358.8713
20015.71,0.5800001,20039.71;358.8484
20015.71,0.5800001,20039.72;358.837
20015.71,0.5800001,20039.73;358.8141
20015.71,0.5800001,20039.73;358.7969
20015.71,0.5800001,20039.74;358.7797
20015.71,0.5800001,20039.75;358.7625
20015.71,0.5800001,20039.76;358.7453
20015.71,0.5800001,20039.77;358.7281
20015.71,0.5800001,20039.77;358.7109
20015.71,0.5800001,20039.78;358.688
20015.71,0.5800001,20039.79;358.6708
20015.71,0.5800001,20039.8;358.6536
20015.71,0.5800001,20039.8;358.6364
20015.71,0.5800001,20039.81;358.6135
20015.71,0.5800001,20039.82;358.5906
20015.71,0.5800001,20039.83;358.5734
20015.71,0.5800001,20039.84;358.5562
20015.71,0.5800001,20039.84;358.5391
20015.71,0.5800001,20039.85;358.5219
20015.71,0.5800001,20039.86;358.5047
20015.71,0.5800001,20039.87;358.4818
20015.71,0.5800001,20039.87;358.4646
20015.71,0.5800001,20039.88;358.4474
20015.71,0.5800001,20039.89;358.4245
20015.71,0.5800001,20039.9;358.413
20015.71,0.5800001,20039.91;358.3958
20015.71,0.5800001,20039.91;358.3729
20015.71,0.5800001,20039.92;358.35
20015.71,0.5800001,20039.93;358.3385
20015.71,0.5800001,20039.93;358.3156
20015.71,0.5800001,20039.94;358.2984
20015.71,0.5800001,20039.95;358.2813
20015.71,0.5800001,20039.96;358.264
20015.71,0.5800001,20039.96;358.2469
20015.71,0.5800001,20039.97;358.2297
20015.71,0.5800001,20039.98;358.2125
20015.71,0.5800001,20039.99;358.1953
20015.71,0.5800001,20039.99;358.1781
20015.71,0.5800001,20040;358.1609
20015.71,0.5800001,20040.01;358.1437
20015.71,0.5800001,20040.02;358.1266
20015.71,0.5800001,20040.02;358.1094
20015.71,0.5800001,20040.03;358.0922
20015.71,0.5800001,20040.04;358.075
20015.71,0.5800001,20040.04;358.0578
20015.71,0.5800001,20040.05;358.0406
20015.71,0.5800001,20040.06;358.0234
20015.71,0.5800001,20040.06;358.0062
20015.71,0.5800001,20040.07;357.9948
20015.71,0.5800001,20040.08;357.9776
20015.71,0.5800001,20040.08;357.9604
20015.71,0.5800001,20040.09;357.9432
20015.7,0.5800001,20040.1;357.926
20015.7,0.5800001,20040.11;357.9088
20015.7,0.5800001,20040.11;357.8917
20015.7,0.5800001,20040.12;357.8802
20015.7,0.5800001,20040.12;357.863
20015.7,0.5800001,20040.13;357.8458
20015.7,0.5800001,20040.14;357.8344
20015.7,0.5800001,20040.15;357.8172
20015.7,0.5800001,20040.15;357.8
20015.7,0.5800001,20040.16;357.7885
20015.7,0.5800001,20040.17;357.7713
20015.7,0.5800001,20040.17;357.7599
20015.7,0.5800001,20040.18;357.7484
20015.7,0.5800001,20040.18;357.7312
20015.7,0.5800001,20040.19;357.7198
20015.7,0.5800001,20040.19;357.7026
20015.7,0.5800001,20040.2;357.6911
20015.7,0.5800001,20040.21;357.674
20015.7,0.5800001,20040.21;357.6625
20015.7,0.5800001,20040.21;357.651
20015.7,0.5800001,20040.22;357.6396
20015.7,0.5800001,20040.23;357.6281
20015.7,0.5800001,20040.23;357.6166
20015.7,0.5800001,20040.24;357.6052
20015.7,0.5800001,20040.24;357.5937
20015.7,0.5800001,20040.25;357.5823
20015.7,0.5800001,20040.25;357.5651
20015.7,0.5800001,20040.25;357.5536
20015.7,0.5800001,20040.26;357.5422
20015.7,0.5800001,20040.26;357.5307
20015.7,0.5800001,20040.27;357.5193
20015.7,0.5800001,20040.27;357.5078
20015.7,0.5800001,20040.28;357.4963
20015.7,0.5800001,20040.28;357.4906
20015.7,0.5800001,20040.29;357.4792
20015.7,0.5800001,20040.29;357.4677
20015.7,0.5800001,20040.29;357.462
20015.7,0.5800001,20040.3;357.4505
20015.7,0.5800001,20040.3;357.4391
20015.7,0.5800001,20040.31;357.4333
20015.7,0.5800001,20040.31;357.4218
20015.7,0.5800001,20040.31;357.4161
20015.7,0.5800001,20040.31;357.4104
20015.7,0.5800001,20040.32;357.4047
20015.7,0.5800001,20040.32;357.3932
20015.7,0.5800001,20040.32;357.3875
20015.7,0.5800001,20040.33;357.3817
20015.7,0.5800001,20040.33;357.3703
20015.7,0.5800001,20040.33;357.3646
20015.69,0.5800001,20040.33;357.3588
20015.69,0.5800001,20040.34;357.3531
20015.69,0.5800001,20040.34;357.3474
20015.69,0.5800001,20040.34;357.3416
20015.69,0.5800001,20040.35;357.3359
20015.69,0.5800001,20040.35;357.3302
20015.69,0.5800001,20040.35;357.3245
20015.69,0.5800001,20040.35;357.3187
20015.69,0.5800001,20040.36;357.313
20015.69,0.5800001,20040.36;357.3073
20015.69,0.5800001,20040.36;357.3073
20015.69,0.5800001,20040.36;357.3015
20015.69,0.5800001,20040.36;357.3015
20015.69,0.5800001,20040.36;357.2958
20015.69,0.5800001,20040.36;357.2901
20015.69,0.5800001,20040.37;357.2844
20015.69,0.5800001,20040.37;357.2844
20015.69,0.5800001,20040.37;357.2844
20015.69,0.5800001,20040.37;357.2844
20015.69,0.5800001,20040.37;357.2786
20015.69,0.5800001,20040.37;357.2786
20015.69,0.5800001,20040.37;357.2786
20015.69,0.5800001,20040.37;357.2786
20015.69,0.5800001,20040.37;357.2786
20015.69,0.5800001,20040.37;357.2786
20015.69,0.5800001,20040.37;357.2786
20015.69,0.5800001,20040.37;357.2786
20015.69,0.5800001,20040.37;357.2786
20015.69,0.5800001,20040.37;357.2786
20015.69,0.5800001,20040.37;357.2786
20015.69,0.5800001,20040.37;357.2844
20015.69,0.5800001,20040.37;357.2844
20015.69,0.5800001,20040.36;357.2901
20015.69,0.5800001,20040.36;357.2958
20015.69,0.5800001,20040.36;357.3015
20015.69,0.5800001,20040.36;357.3015
20015.69,0.5800001,20040.36;357.3073
20015.69,0.5800001,20040.36;357.313
20015.69,0.5800001,20040.35;357.3187
20015.69,0.5800001,20040.35;357.3245
20015.69,0.5800001,20040.35;357.3302
20015.69,0.5800001,20040.35;357.3359
20015.69,0.5800001,20040.35;357.3416
20015.69,0.5800001,20040.34;357.3474
20015.69,0.5800001,20040.34;357.3531
20015.69,0.5800001,20040.34;357.3646
20015.69,0.5800001,20040.34;357.376
20015.69,0.5800001,20040.33;357.3875
20015.7,0.5800001,20040.33;357.3932
20015.7,0.5800001,20040.33;357.3989
20015.7,0.5800001,20040.32;357.4047
20015.7,0.5800001,20040.32;357.4104
20015.7,0.5800001,20040.32;357.4218
20015.7,0.5800001,20040.31;357.4333
20015.7,0.5800001,20040.31;357.4391
20015.7,0.5800001,20040.31;357.4448
20015.7,0.5800001,20040.3;357.4562
20015.7,0.5800001,20040.3;357.4677
20015.7,0.5800001,20040.29;357.4734
20015.7,0.5800001,20040.29;357.4849
20015.7,0.5800001,20040.29;357.4963
20015.7,0.5800001,20040.28;357.5021
20015.7,0.5800001,20040.28;357.5078
20015.7,0.5800001,20040.27;357.5193
20015.7,0.5800001,20040.27;357.5307
20015.7,0.5800001,20040.27;357.5422
20015.7,0.5800001,20040.26;357.5536
20015.7,0.5800001,20040.26;357.5594
20015.7,0.5800001,20040.25;357.5708
20015.7,0.5800001,20040.25;357.5823
20015.7,0.5800001,20040.24;357.5937
20015.7,0.5800001,20040.24;357.6052
20015.7,0.5800001,20040.23;357.6224
20015.7,0.5800001,20040.23;357.6339
20015.7,0.5800001,20040.22;357.6453
20015.7,0.5800001,20040.21;357.6567
20015.7,0.5800001,20040.21;357.6682
20015.7,0.5800001,20040.2;357.6854
20015.7,0.5800001,20040.2;357.6969
20015.7,0.5800001,20040.19;357.7083
20015.7,0.5800001,20040.19;357.7255
20015.7,0.5800001,20040.18;357.737
20015.7,0.5800001,20040.18;357.7484
20015.7,0.5800001,20040.17;357.7656
20015.7,0.5800001,20040.16;357.7771
20015.7,0.5800001,20040.16;357.7943
20015.7,0.5800001,20040.15;357.8114
20015.7,0.5800001,20040.15;357.8229
20015.7,0.5800001,20040.14;357.8344
20015.7,0.5800001,20040.13;357.8515
20015.7,0.5800001,20040.13;357.8687
20015.7,0.5800001,20040.12;357.8802
20015.7,0.5800001,20040.11;357.8974
20015.7,0.5800001,20040.11;357.9146
20015.7,0.5800001,20040.1;357.926
20015.7,0.5800001,20040.09;357.9432
20015.71,0.5800001,20040.09;357.9604
20015.71,0.5800001,20040.08;357.9776
20015.71,0.5800001,20040.07;357.989
20015.71,0.5800001,20040.06;358.0062
20015.71,0.5800001,20040.06;358.0234
20015.71,0.5800001,20040.05;358.0406
20015.71,0.5800001,20040.04;358.0578
20015.71,0.5800001,20040.04;358.075
20015.71,0.5800001,20040.03;358.0865
20015.71,0.5800001,20040.02;358.1036
20015.71,0.5800001,20040.02;358.1208
20015.71,0.5800001,20040.01;358.138
20015.71,0.5800001,20040;358.1552
20015.71,0.5800001,20039.99;358.1724
20015.71,0.5800001,20039.99;358.1896
20015.71,0.5800001,20039.98;358.2068
20015.71,0.5800001,20039.97;358.2239
20015.71,0.5800001,20039.97;358.2411
20015.71,0.5800001,20039.96;358.2583
20015.71,0.5800001,20039.95;358.2755
20015.71,0.5800001,20039.94;358.2927
20015.71,0.5800001,20039.94;358.3099
20015.71,0.5800001,20039.93;358.3271
20015.71,0.5800001,20039.92;358.3443
20015.71,0.5800001,20039.91;358.3615
20015.71,0.5800001,20039.91;358.3786
20015.71,0.5800001,20039.9;358.3958
20015.71,0.5800001,20039.89;358.413
20015.71,0.5800001,20039.88;358.4302
20015.71,0.5800001,20039.88;358.4531
20015.71,0.5800001,20039.87;358.476
20015.71,0.5800001,20039.86;358.4932
20015.71,0.5800001,20039.85;358.5104
20015.71,0.5800001,20039.84;358.5276
20015.71,0.5800001,20039.84;358.5448
20015.71,0.5800001,20039.83;358.562
20015.71,0.5800001,20039.82;358.5792
20015.71,0.5800001,20039.82;358.5963
20015.71,0.5800001,20039.81;358.6135
20015.71,0.5800001,20039.8;358.6307
20015.71,0.5800001,20039.79;358.6479
20015.71,0.5800001,20039.79;358.6651
20015.71,0.5800001,20039.78;358.6823
20015.71,0.5800001,20039.77;358.6995
20015.71,0.5800001,20039.76;358.7166
20015.71,0.5800001,20039.76;358.7338
20015.71,0.5800001,20039.75;358.751
20015.71,0.5800001,20039.74;358.7682
20015.71,0.5800001,20039.74;358.7854
20015.71,0.5800001,20039.73;358.8026
20015.71,0.5800001,20039.72;358.8198
20015.71,0.5800001,20039.71;358.837
20015.71,0.5800001,20039.7;358.8599
20015.71,0.5800001,20039.7;358.8713
20015.71,0.5800001,20039.69;358.8885
20015.71,0.5800001,20039.68;358.9057
20015.71,0.5800001,20039.67;358.9229
20015.71,0.5800001,20039.67;358.9344
20015.71,0.5800001,20039.66;358.9515
20015.72,0.5800001,20039.65;358.9688
20015.72,0.5800001,20039.65;358.9859
20015.72,0.5800001,20039.64;359.0031
20015.72,0.5800001,20039.63;359.0146
20015.72,0.5800001,20039.63;359.0318
20015.72,0.5800001,20039.62;359.049
20015.72,0.5800001,20039.61;359.0661
20015.72,0.5800001,20039.61;359.0776
20015.72,0.5800001,20039.6;359.0948
20015.72,0.5800001,20039.59;359.1062
20015.72,0.5800001,20039.59;359.1177
20015.72,0.5800001,20039.58;359.1349
20015.72,0.5800001,20039.57;359.1521
20015.72,0.5800001,20039.56;359.1635
20015.72,0.5800001,20039.56;359.1807
20015.72,0.5800001,20039.55;359.1922
20015.72,0.5800001,20039.55;359.2036
20015.72,0.5800001,20039.54;359.2208
20015.72,0.5800001,20039.53;359.2323
20015.72,0.5800001,20039.53;359.2437
20015.72,0.5800001,20039.52;359.2609
20015.72,0.5800001,20039.52;359.2781
20015.72,0.5800001,20039.51;359.2838
20015.72,0.5800001,20039.5;359.2953
20015.72,0.5800001,20039.5;359.3068
20015.72,0.5800001,20039.49;359.3239
20015.72,0.5800001,20039.49;359.3411
20015.72,0.5800001,20039.48;359.3526
20015.72,0.5800001,20039.48;359.364
20015.72,0.5800001,20039.47;359.3812
20015.72,0.5800001,20039.47;359.3927
20015.72,0.5800001,20039.46;359.4041
20015.72,0.5800001,20039.46;359.4156
20015.72,0.5800001,20039.45;359.4271
20015.72,0.5800001,20039.45;359.4385
20015.72,0.5800001,20039.44;359.4443
20015.72,0.5800001,20039.44;359.4557
20015.72,0.5800001,20039.43;359.4672
20015.72,0.5800001,20039.43;359.4786
20015.72,0.5800001,20039.42;359.4901
20015.72,0.5800001,20039.42;359.5016
20015.72,0.5800001,20039.41;359.513
20015.72,0.5800001,20039.41;359.5245
20015.72,0.5800001,20039.41;359.5302
20015.72,0.5800001,20039.4;359.5417
20015.72,0.5800001,20039.4;359.5531
20015.72,0.5800001,20039.39;359.5588
20015.72,0.5800001,20039.39;359.5646
20015.72,0.5800001,20039.39;359.576
20015.72,0.5800001,20039.38;359.5875
20015.72,0.5800001,20039.38;359.5932
20015.72,0.5800001,20039.37;359.5989
20015.72,0.5800001,20039.37;359.6104
20015.72,0.5800001,20039.37;359.6219
20015.72,0.5800001,20039.36;359.6276
20015.72,0.5800001,20039.36;359.6391
20015.72,0.5800001,20039.36;359.6448
20015.72,0.5800001,20039.35;359.6563
20015.72,0.5800001,20039.35;359.662
20015.72,0.5800001,20039.35;359.6677
20015.72,0.5800001,20039.34;359.6734
20015.72,0.5800001,20039.34;359.6792
20015.72,0.5800001,20039.34;359.6849
20015.72,0.5800001,20039.33;359.6964
20015.72,0.5800001,20039.33;359.7021
20015.72,0.5800001,20039.33;359.7078
20015.72,0.5800001,20039.33;359.7135
20015.72,0.5800001,20039.32;359.7193
20015.72,0.5800001,20039.32;359.725
20015.72,0.5800001,20039.32;359.7307
20015.72,0.5800001,20039.32;359.7365
20015.72,0.5800001,20039.31;359.7422
20015.72,0.5800001,20039.31;359.7479
20015.72,0.5800001,20039.31;359.7536
20015.72,0.5800001,20039.31;359.7594
20015.72,0.5800001,20039.31;359.7651
20015.72,0.5800001,20039.3;359.7708
20015.72,0.5800001,20039.3;359.7766
20015.72,0.5800001,20039.3;359.7823
20015.72,0.5800001,20039.3;359.7823
20015.72,0.5800001,20039.3;359.788
20015.72,0.5800001,20039.3;359.7937
20015.72,0.5800001,20039.3;359.7937
20015.72,0.5800001,20039.29;359.7995
20015.72,0.5800001,20039.29;359.8052
20015.72,0.5800001,20039.29;359.8052
20015.72,0.5800001,20039.29;359.8109
20015.72,0.5800001,20039.29;359.8167
20015.72,0.5800001,20039.29;359.8167
20015.72,0.5800001,20039.29;359.8224
20015.72,0.5800001,20039.29;359.8224
20015.72,0.5800001,20039.28;359.8281
20015.72,0.5800001,20039.28;359.8281
20015.72,0.5800001,20039.28;359.8281
20015.72,0.5800001,20039.28;359.8281
20015.72,0.5800001,20039.28;359.8281
20015.72,0.5800001,20039.28;359.8281
20015.72,0.5800001,20039.28;359.8281
20015.72,0.5800001,20039.28;359.8281
20015.72,0.5800001,20039.28;359.8281
20015.72,0.5800001,20039.28;359.8281
20015.72,0.5800001,20039.28;359.8281
20015.72,0.5800001,20039.28;359.8281
20015.72,0.5800001,20039.28;359.8281
20015.72,0.5800001,20039.28;359.8281
20015.72,0.5800001,20039.28;359.8281
20015.72,0.5800001,20039.29;359.8281
20015.72,0.5800001,20039.29;359.8281
20015.72,0.5800001,20039.29;359.8224
20015.72,0.5800001,20039.29;359.8167
20015.72,0.5800001,20039.29;359.8109
20015.72,0.5800001,20039.29;359.8052
20015.72,0.5800001,20039.29;359.7995
20015.72,0.5800001,20039.29;359.7937
20015.72,0.5800001,20039.3;359.788
20015.72,0.5800001,20039.3;359.7823
20015.72,0.5800001,20039.3;359.7766
20015.72,0.5800001,20039.3;359.7708
20015.72,0.5800001,20039.3;359.7651
20015.72,0.5800001,20039.31;359.7594
20015.72,0.5800001,20039.31;359.7536
20015.72,0.5800001,20039.31;359.7479
20015.72,0.5800001,20039.31;359.7422
20015.72,0.5800001,20039.31;359.7365
20015.72,0.5800001,20039.32;359.7307
20015.72,0.5800001,20039.32;359.725
20015.72,0.5800001,20039.32;359.7193
20015.72,0.5800001,20039.32;359.7135
20015.72,0.5800001,20039.33;359.7078
20015.72,0.5800001,20039.33;359.7021
20015.72,0.5800001,20039.33;359.6964
20015.72,0.5800001,20039.34;359.6906
20015.72,0.5800001,20039.34;359.6849
20015.72,0.5800001,20039.34;359.6792
20015.72,0.5800001,20039.34;359.6734
20015.72,0.5800001,20039.35;359.662
20015.72,0.5800001,20039.35;359.6563
20015.72,0.5800001,20039.35;359.6505
20015.72,0.5800001,20039.36;359.6448
20015.72,0.5800001,20039.36;359.6391
20015.72,0.5800001,20039.37;359.6333
20015.72,0.5800001,20039.37;359.6219
20015.72,0.5800001,20039.37;359.6161
20015.72,0.5800001,20039.38;359.6047
20015.72,0.5800001,20039.38;359.5932
20015.72,0.5800001,20039.38;359.5818
20015.72,0.5800001,20039.39;359.576
20015.72,0.5800001,20039.39;359.5646
20015.72,0.5800001,20041.4;359.5531
20015.72,0.5800001,20043.4;359.5474
20015.72,0.5800001,20045.41;359.5359
20015.72,0.5800001,20045.72;359.5302
20015.72,0.5800001,20045.72;359.5187
20015.72,0.5800001,20045.72;359.5073
20015.72,0.5800001,20045.72;359.4958
20015.72,0.5800001,20045.72;359.4844
20015.72,0.5800002,20045.72;359.4729
20015.72,0.5800002,20045.72;359.4615
20015.72,0.5800002,20045.72;359.4557
20015.72,0.5800002,20045.72;359.4443
20015.72,0.5800002,20045.72;359.4328
20015.72,0.5800002,20045.72;359.4214
20015.72,0.5800002,20045.72;359.4099
20015.72,0.5800002,20045.72;359.3984
20015.72,0.5800002,20045.72;359.387
20015.72,0.5800002,20045.72;359.3755
20015.72,0.5800002,20045.72;359.364
20015.72,0.5800002,20045.72;359.3583
20015.72,0.5800002,20045.72;359.3469
20015.72,0.5800002,20045.72;359.3297
20015.72,0.5800002,20045.72;359.3182
20015.72,0.5800002,20045.72;359.3068
20015.72,0.5800002,20045.72;359.2953
20015.72,0.5800002,20045.72;359.2838
20015.72,0.5800003,20045.72;359.2724
20015.72,0.5800003,20045.72;359.2609
20015.72,0.5800003,20045.72;359.2437
20015.72,0.5800003,20045.72;359.2323
20013.72,0.5800003,20045.72;359.2208
20011.72,0.5800003,20045.72;359.2036
20009.72,0.5800003,20045.72;359.1922
20007.72,0.5800003,20045.72;359.1807
20005.72,0.5800003,20045.72;359.1693
20003.72,0.5800003,20045.72;359.1521
20001.72,0.5800003,20045.72;359.1406
19999.72,0.5800003,20045.72;359.1234
19997.72,0.5800003,20045.72;359.112
19997.72,0.5800004,20045.72;359.0948
19997.72,0.5800004,20045.72;359.0833
19997.72,0.5800004,20045.72;359.0661
19997.72,0.5800004,20045.72;359.049
19997.72,0.5800003,20045.72;359.0375
19997.72,0.5800003,20045.72;359.0203
19997.72,0.5800003,20045.72;359.0089
19997.72,0.5800003,20045.72;358.9974
19997.72,0.5800003,20045.72;358.9859
19997.71,0.5800002,20045.72;358.9688
19997.71,0.5800002,20045.72;358.9515
19997.71,0.5800002,20045.72;358.9344
19997.71,0.5800002,20045.72;358.9172
19997.71,0.5800001,20045.72;358.9057
19997.71,0.5800001,20045.72;358.8943
19997.71,0.5800001,20045.72;358.8771
19997.71,0.5800002,20045.72;358.8599
19997.71,0.5800002,20045.72;358.8427
19997.71,0.5800002,20045.72;358.8312
19997.71,0.5800001,20045.72;358.8198
19997.71,0.58,20045.72;358.8026
19997.71,0.5800001,20045.72;358.7854
19997.71,0.58,20045.72;358.7682
19997.71,0.58,20045.72;358.7567
19997.71,0.5800001,20045.72;358.7396
19997.71,0.5800001,20045.72;358.7224
19997.71,0.58,20045.72;358.7052
19995.71,0.5800001,20045.72;358.688
19993.71,0.5800001,20045.72;358.6708
19991.71,0.5800001,20045.72;358.6536
19991.71,0.5800001,20045.72;358.6536
19991.71,0.5800001,20045.72;358.6536
