20000,0.5,20000;0
20000,0.58,20000.25;359.8424
20000,0.58,20000.51;359.556
19999.99,0.58,20000.76;359.2265
19999.99,0.58,20001.02;358.9114
19999.98,0.58,20001.27;358.5246
19999.97,0.58,20001.52;358.1665
19999.97,0.58,20001.71;357.923
19999.97,0.58,20001.75;357.6079
19999.96,0.58,20001.82;357.3071
19999.95,0.58,20002.07;357.1209
19999.94,0.58,20002.33;356.7914
19999.92,0.58,20002.58;356.4906
19999.9,0.58,20002.84;356.1755
19999.88,0.58,20003.09;355.846
19999.87,0.58,20003.34;355.5453
19999.84,0.58,20003.6;355.2158
19999.82,0.58,20003.85;355.0296
19999.8,0.58,20004.1;354.7431
19999.78,0.58,20004.35;354.6572
19999.75,0.58,20004.61;354.4566
19999.72,0.58,20004.86;354.1415
19999.7,0.58,20005.11;353.8693
19999.68,0.58,20005.27;353.5829
19999.68,0.58,20005.28;353.282
19999.67,0.58,20005.33;352.9383
19999.64,0.58,20005.58;352.6518
19999.61,0.58,20005.83;352.437
19999.57,0.58,20006.08;352.394
19999.54,0.58,20006.33;352.1075
19999.5,0.58,20006.59;352.0645
19999.47,0.58,20006.84;352.0215
19999.43,0.58,20007.09;351.8067
19999.39,0.58,20007.34;351.4916
19999.36,0.58,20007.59;351.1765
19999.31,0.58,20007.84;350.9616
19999.28,0.58,20008.09;350.9616
19999.24,0.58,20008.34;350.9616
19999.2,0.58,20008.59;350.9616
19999.16,0.58,20008.85;350.9616
19999.13,0.58,20009.01;350.9616
19999.13,0.58,20009.02;350.9616
19999.1,0.58,20009.22;350.9616
19999.06,0.58,20009.47;350.9616
19999.02,0.58,20009.72;350.9616
19998.97,0.58,20009.97;350.6751
19998.93,0.58,20010.22;350.6751
19998.89,0.58,20010.47;350.6751
19998.85,0.58,20010.72;350.6751
19998.81,0.58,20010.97;350.4602
19998.77,0.58,20011.22;350.2311
19998.76,0.58,20011.27;350.0449
19998.76,0.58,20011.27;349.9589
19998.76,0.58,20011.25;349.744
19998.76,0.58,20011.24;349.5005
19998.76,0.58,20011.24;349.2284
19998.76,0.58,20011.24;348.9276
19998.77,0.58,20011.22;348.4119
19998.77,0.58,20011.2;347.6671
19998.77,0.58,20011.2;346.9509
19998.77,0.58,20011.2;346.206
19998.77,0.58,20011.2;345.6617
19998.77,0.58,20011.2;345.0601
19998.77,0.58,20011.21;344.7163
19998.77,0.58,20011.21;344.3726
19998.77,0.58,20011.21;344.0288
19998.77,0.58,20011.21;343.8999
19998.77,0.58,20011.21;343.4129
19998.77,0.58,20011.21;342.8542
19998.77,0.58,20011.21;342.711
19998.77,0.58,20011.21;342.711
19998.77,0.58,20011.22;342.711
19998.77,0.58,20011.22;342.625
19998.77,0.58,20011.22;342.6107
19998.77,0.58,20011.22;342.5964
19998.77,0.58,20011.22;342.5534
19998.77,0.58,20011.22;342.5391
19998.77,0.58,20011.22;342.5248
19998.77,0.58,20011.22;342.5248
19998.77,0.58,20011.22;342.5248
19998.77,0.58,20011.22;342.5391
19998.77,0.58,20011.21;342.5534
19998.77,0.58,20011.21;342.5248
19998.77,0.58,20011.21;342.5534
19998.77,0.58,20011.21;342.668
19998.77,0.58,20011.22;342.7253
19998.77,0.58,20011.22;342.7683
19998.77,0.58,20011.22;342.7396
19998.77,0.58,20011.22;342.9258
19998.76,0.58,20011.23;343.2553
19998.76,0.58,20011.24;343.5561
19998.76,0.58,20011.24;344.6447
19998.76,0.58,20011.24;346.0198
19998.76,0.58,20011.24;346.5355
19998.76,0.58,20011.24;347.266
19998.76,0.58,20011.25;347.9822
19998.76,0.58,20011.25;348.4549
19998.76,0.58,20011.25;348.9562
19998.76,0.58,20011.25;349.3
19998.76,0.58,20011.25;349.7584
19998.76,0.58,20011.26;350.2024
19998.76,0.58,20011.26;350.5605
19998.76,0.58,20011.27;350.9902
19998.76,0.58,20011.27;351.4343
19998.75,0.58,20011.27;351.7924
19998.75,0.58,20011.28;352.2078
19998.75,0.58,20011.28;352.5659
19998.75,0.58,20011.29;352.9669
19998.75,0.58,20011.29;353.3394
19998.75,0.58,20011.29;353.7404
19998.75,0.58,20011.3;354.1272
19998.75,0.58,20011.3;354.5426
19998.75,0.58,20011.3;354.8863
19998.75,0.58,20011.31;355.2874
19998.75,0.58,20011.31;355.6455
19998.75,0.58,20011.32;356.0609
19998.75,0.58,20011.32;356.419
19998.75,0.58,20011.33;356.8057
19998.75,0.58,20011.33;357.1495
19998.75,0.58,20011.33;357.4073
19998.75,0.58,20011.34;357.7511
19998.75,0.58,20011.34;358.0949
19998.75,0.58,20011.35;358.4959
19998.75,0.58,20011.35;358.9113
19998.75,0.58,20011.35;359.3124
19998.75,0.58,20011.36;359.6705
19998.75,0.58,20011.36;0.1002324
19998.75,0.58,20011.36;0.3723908
19998.75,0.58,20011.36;0.6159032
19998.75,0.58,20011.36;0.9023843
19998.75,0.58,20011.36;0.9596764
19998.75,0.58,20011.37;0.9883224
19998.75,0.58,20011.37;1.045614
19998.75,0.58,20011.36;1.289127
19998.75,0.58,20011.36;1.446691
19998.75,0.58,20011.34;1.733172
19998.75,0.58,20011.32;2.148571
19998.75,0.58,20011.32;2.535313
19998.75,0.58,20011.32;2.850441
19998.75,0.58,20011.33;3.065296
19998.75,0.58,20011.34;3.437715
19998.75,0.58,20011.34;3.967698
19998.75,0.58,20011.34;4.526328
19998.75,0.58,20011.35;5.013342
19998.75,0.58,20011.37;5.600627
19998.75,0.58,20011.38;6.044673
19998.75,0.58,20011.38;6.417093
19998.75,0.58,20011.38;6.73222
19998.75,0.58,20011.38;7.10464
19998.75,0.58,20011.39;7.505706
19998.75,0.58,20011.39;7.878126
19998.75,0.58,20011.39;8.207576
19998.75,0.58,20011.39;8.579995
19998.75,0.58,20011.39;8.852155
19998.75,0.58,20011.4;8.952426
19998.76,0.58,20011.4;8.823508
19998.76,0.58,20011.4;8.637299
19998.76,0.58,20011.4;8.436765
19998.76,0.58,20011.4;8.193253
19998.76,0.58,20011.41;7.80651
19998.76,0.58,20011.41;7.305175
19998.76,0.58,20011.41;6.775192
19998.76,0.58,20011.41;6.116292
19998.76,0.58,20011.4;5.285505
19998.76,0.58,20011.39;4.483364
19998.75,0.58,20011.38;3.881754
19998.75,0.58,20011.38;3.43771
19998.75,0.58,20011.37;3.2515
19998.75,0.58,20011.37;3.194208
19998.75,0.58,20011.37;3.222854
19998.75,0.58,20011.38;3.179885
19998.75,0.58,20011.38;3.022322
19998.75,0.58,20011.38;2.879081
19998.75,0.58,20011.38;2.73584
19998.75,0.58,20011.38;2.578277
19998.75,0.58,20011.38;2.392067
19998.75,0.58,20011.38;2.263149
19998.75,0.58,20011.38;2.134232
19998.75,0.58,20011.38;1.89072
19998.75,0.58,20011.38;1.661541
19998.75,0.58,20011.38;1.5183
19998.75,0.58,20011.38;1.475331
19998.75,0.58,20011.38;1.503977
19998.75,0.58,20011.38;1.589926
19998.75,0.58,20011.38;1.919376
19998.75,0.58,20011.38;2.535308
19998.75,0.58,20011.38;3.007999
19998.75,0.58,20011.38;3.409064
19998.75,0.58,20011.37;3.666899
19998.75,0.58,20011.38;3.681222
19998.75,0.58,20011.38;3.62393
19998.75,0.58,20011.38;3.580961
19998.75,0.58,20011.38;3.495012
19998.75,0.58,20011.38;3.423397
19998.75,0.58,20011.37;3.351782
19998.75,0.58,20011.37;3.265833
19998.75,0.58,20011.36;3.165562
19998.75,0.58,20011.36;3.06529
19998.75,0.58,20011.35;2.993675
19998.75,0.58,20011.34;2.907727
19998.75,0.58,20011.33;2.836112
19998.75,0.58,20011.32;2.721518
19998.75,0.58,20011.32;2.621246
19998.75,0.58,20011.31;2.535297
19998.75,0.58,20011.29;2.449348
19998.75,0.58,20011.27;2.3634
19998.75,0.58,20011.25;2.349077
19998.75,0.58,20011.22;2.334754
19998.75,0.58,20011.19;2.306108
19998.74,0.58,20011.17;2.277462
19998.74,0.58,20011.16;2.191513
19998.74,0.58,20011.16;2.105565
19998.74,0.58,20011.16;1.99097
19998.74,0.58,20011.16;1.919355
19998.74,0.58,20011.16;1.790437
19998.74,0.58,20011.16;1.690166
19998.74,0.58,20011.15;1.690166
19998.74,0.58,20011.14;1.690166
19998.74,0.58,20011.13;1.690166
19998.74,0.58,20011.13;1.690166
19998.74,0.58,20011.11;1.690166
19998.74,0.58,20011.11;1.690166
19998.74,0.58,20011.11;1.647197
19998.74,0.58,20011.11;1.632874
19998.74,0.58,20011.11;1.618551
19998.74,0.58,20011.1;1.632874
19998.74,0.58,20011.1;1.647197
19998.74,0.58,20011.1;1.675843
19998.74,0.58,20011.11;1.675843
19998.74,0.58,20011.12;1.704489
19998.74,0.58,20011.12;1.733135
19998.74,0.58,20011.14;1.747458
19998.74,0.58,20011.17;1.790427
19998.75,0.58,20011.21;1.833395
19998.75,0.58,20011.26;1.847719
19998.75,0.58,20011.35;1.80475
19998.75,0.58,20011.46;1.733135
19998.75,0.58,20011.48;1.66152
19998.75,0.58,20011.48;1.66152
19998.76,0.58,20011.6;1.66152
19998.76,0.58,20011.71;1.604228
19998.77,0.58,20011.97;1.174505
19998.77,0.58,20012.22;0.6588454
19998.77,0.58,20012.47;0.3007491
19998.77,0.58,20012.73;0.2148004
19998.77,0.58,20012.98;0.1575084
19998.77,0.58,20013.24;359.5989
19998.77,0.58,20013.49;358.9973
19998.76,0.58,20013.74;358.4386
19998.75,0.58,20014;357.9373
19998.74,0.58,20014.25;357.393
19998.72,0.58,20014.51;356.7628
19998.71,0.58,20014.76;356.29
19998.71,0.58,20014.78;355.8317
19998.71,0.58,20014.79;355.2301
19998.69,0.58,20014.99;354.6141
19998.66,0.58,20015.24;354.0555
19998.63,0.58,20015.49;353.5542
19998.6,0.58,20015.75;353.1101
19998.57,0.58,20016;352.5515
19998.53,0.58,20016.25;351.8926
19998.49,0.58,20016.5;351.291
19998.45,0.58,20016.75;350.9042
19998.41,0.58,20017;350.6607
19998.38,0.58,20017.16;350.1737
19998.38,0.58,20017.21;349.7154
19998.37,0.58,20017.26;349.4146
19998.36,0.58,20017.28;349.214
19998.32,0.58,20017.53;349.0708
19998.27,0.58,20017.77;348.6267
19998.21,0.58,20018.02;348.1111
19998.16,0.58,20018.27;347.5524
19998.1,0.58,20018.52;346.9222
19998.04,0.58,20018.76;346.3206
19997.98,0.58,20019.01;345.7763
19997.91,0.58,20019.26;345.232
19997.85,0.58,20019.5;344.6447
19997.78,0.58,20019.75;344.0574
19997.74,0.58,20019.88;343.642
19997.73,0.58,20019.89;343.155
19997.66,0.58,20020.13;342.582
19997.58,0.58,20020.37;342.052
19997.5,0.58,20020.61;341.565
19997.42,0.58,20020.85;341.078
19997.33,0.58,20021.09;340.591
19997.25,0.58,20021.33;339.9894
19997.16,0.58,20021.57;339.4737
19997.07,0.58,20021.81;338.9294
19996.97,0.58,20022.04;338.9294
19996.88,0.58,20022.28;338.8005
19996.79,0.58,20022.52;338.6286
19996.7,0.58,20022.75;338.4567
19996.66,0.58,20022.84;338.2849
19996.63,0.58,20022.92;338.1559
19996.63,0.58,20022.93;338.0413
19996.53,0.58,20023.16;338.0127
19996.44,0.58,20023.4;337.6975
19996.34,0.58,20023.63;337.6546
19996.24,0.58,20023.87;337.6546
19996.14,0.58,20024.1;337.0816
19996.04,0.58,20024.33;336.4657
19995.94,0.58,20024.57;335.9071
19995.83,0.58,20024.8;335.4487
19995.73,0.58,20025.03;334.933
19995.62,0.58,20025.26;334.4747
19995.51,0.58,20025.48;333.9017
19995.39,0.58,20025.71;333.3574
19995.28,0.58,20025.94;333.3001
19995.2,0.58,20026.1;333.2858
19995.11,0.58,20026.26;332.8417
19995.11,0.58,20026.27;332.2974
19994.99,0.58,20026.49;331.925
19994.87,0.58,20026.72;331.524
19994.74,0.58,20026.94;331.1229
19994.62,0.58,20027.16;330.5786
19994.49,0.58,20027.38;330.0772
19994.37,0.58,20027.6;329.5186
19994.24,0.58,20027.82;329.447
19994.11,0.58,20028.04;329.3754
19993.98,0.58,20028.26;329.2608
19993.85,0.58,20028.47;328.917
19993.71,0.58,20028.69;328.5732
19993.6,0.58,20028.88;328.4873
19993.59,0.58,20028.88;328.4873
19993.46,0.58,20029.1;328.1578
19993.33,0.58,20029.31;328.1435
19993.19,0.58,20029.53;328.1435
19993.06,0.58,20029.74;327.9573
19992.92,0.58,20029.96;327.4703
19992.78,0.58,20030.17;326.9117
19992.64,0.58,20030.38;326.4247
19992.5,0.58,20030.59;325.8803
19992.36,0.58,20030.8;325.4363
19992.21,0.58,20031.01;324.9779
19992.06,0.58,20031.22;324.9636
19991.92,0.58,20031.43;324.9636
19991.89,0.58,20031.46;324.9206
19991.85,0.58,20031.53;324.405
19991.7,0.58,20031.73;324.2904
19991.55,0.58,20031.94;324.1185
19991.4,0.58,20032.14;323.9466
19991.25,0.58,20032.35;323.875
19991.1,0.58,20032.55;323.832
19990.95,0.58,20032.76;323.259
19990.8,0.58,20032.96;322.8007
19990.64,0.58,20033.16;322.5572
19990.49,0.58,20033.36;322.5572
19990.33,0.58,20033.56;322.3423
19990.18,0.58,20033.76;322.3137
19990.02,0.58,20033.96;322.1561
19989.97,0.58,20034.03;322.1418
19989.96,0.58,20034.04;322.1131
19989.85,0.58,20034.19;321.8267
19989.7,0.58,20034.38;321.3539
19989.54,0.58,20034.57;321.0245
19989.38,0.58,20034.77;320.5661
19989.25,0.5800002,20034.96;320.0791
19989.25,0.58,20035.16;319.6064
19989.25,0.5800003,20035.35;319.0764
19989.25,0.58,20035.54;318.5894
19989.25,0.58,20035.73;318.1024
19989.25,0.5800001,20035.92;317.6011
19989.25,0.5800003,20036.1;317.1427
19989.25,0.58,20036.29;316.6127
19989.25,0.58,20036.47;316.183
19989.25,0.5800001,20036.65;315.8679
19989.25,0.5800002,20036.68;315.4095
19989.25,0.5800002,20036.68;314.9941
19989.25,0.58,20036.76;314.593
19989.25,0.58,20036.93;314.235
19989.25,0.58,20037.11;313.8052
19989.25,0.58,20037.28;313.3755
19989.25,0.5800005,20037.46;312.8599
19989.25,0.5800002,20037.63;312.4301
19989.25,0.58,20037.8;312.0864
19989.25,0.5800009,20037.97;312.0864
19989.25,0.5800006,20038.14;311.8142
19989.25,0.5800017,20038.3;311.5707
19989.25,0.5800024,20038.47;311.5564
19989.25,0.5800026,20038.64;311.4274
19989.25,0.5800025,20038.8;311.2842
19989.25,0.5800026,20038.94;311.1123
19989.25,0.5800025,20039.01;310.8258
19989.25,0.5800025,20039.01;310.3531
19989.25,0.5800025,20039.01;309.9377
19989.25,0.5800025,20039.02;309.4937
19989.25,0.5800025,20039.18;309.0497
19989.25,0.5800021,20039.34;308.6772
19989.25,0.5800016,20039.5;308.1902
19989.25,0.5800009,20039.65;307.6746
19989.25,0.5800009,20039.81;307.1446
19989.25,0.580001,20039.96;306.7149
19989.25,0.5800011,20040.11;306.2278
19989.25,0.5800016,20040.26;305.8268
19989.25,0.5800016,20040.4;305.3684
19989.25,0.5800018,20040.55;304.9387
19989.25,0.580002,20040.69;304.4373
19989.25,0.5800014,20040.84;304.0076
19989.25,0.580001,20040.98;303.5349
19989.25,0.5800009,20041.12;303.1482
19989.25,0.5800018,20041.22;302.7328
19989.25,0.5800018,20041.23;302.3461
19989.25,0.5800018,20041.24;301.8877
19989.25,0.5800021,20041.36;301.4436
19989.25,0.5800024,20041.49;301.0282
19989.25,0.5800037,20041.62;300.6844
19989.25,0.5800021,20041.75;300.3264
19989.25,0.5800016,20041.88;299.8394
19989.25,0.5800013,20042;299.381
19989.25,0.5800016,20042.12;299.0086
19989.25,0.5800012,20042.25;298.7794
19989.25,0.5941678,20042.37;298.7221
