20000,0.58,19968;34.00009
19999.88,0.58,19967.82;34.00009
19999.88,0.58,19967.82;34.00009
19999.88,0.58,19967.82;34.00009
19999.88,0.58,19967.82;34.00009
19999.88,0.58,19967.82;34.00009
19999.88,0.58,19967.82;34.00009
19999.88,0.58,19967.82;34.00009
19999.88,0.58,19967.82;34.00009
19999.88,0.58,19967.82;34.00009
19999.88,0.58,19967.82;34.00009
19999.88,0.58,19967.82;34.00009
19999.88,0.58,19967.82;34.00009
19999.88,0.58,19967.82;34.00009
19999.88,0.58,19967.82;34.00009
19999.88,0.58,19967.82;34.00009
19999.88,0.58,19967.82;34.00009
19999.88,0.58,19967.82;34.00009
19999.88,0.58,19967.82;34.00009
19999.88,0.58,19967.82;34.00009
19999.88,0.58,19967.82;34.00009
19999.88,0.58,19967.82;34.00009
19999.88,0.58,19967.82;34.00009
19999.88,0.58,19967.82;34.00009
19999.88,0.58,19967.82;34.00009
19999.88,0.58,19967.82;34.00009
19999.88,0.58,19967.82;34.00009
19999.88,0.58,19967.82;34.00009
19999.88,0.58,19967.82;34.00009
19999.88,0.58,19967.82;34.00009
19999.88,0.58,19967.82;34.00009
19999.88,0.58,19967.82;34.00009
19999.88,0.58,19967.82;34.00009
19999.88,0.58,19967.82;34.00009
19999.88,0.58,19967.82;34.00009
19999.88,0.58,19967.82;34.00009
19999.88,0.58,19967.82;34.00009
19999.88,0.58,19967.82;34.00009
19999.88,0.58,19967.82;34.00009
19999.88,0.58,19967.82;34.00009
19999.88,0.58,19967.82;34.00009
19999.88,0.58,19967.82;34.00009
19999.88,0.58,19967.82;34.00009
19999.88,0.58,19967.82;34.00009
19999.88,0.58,19967.82;34.00009
19999.88,0.58,19967.82;34.00009
19999.88,0.58,19967.82;34.00009
19999.88,0.58,19967.82;34.00009
19999.88,0.58,19967.82;34.00009
19999.88,0.58,19967.82;34.00009
19999.88,0.58,19967.82;34.00009
19999.88,0.58,19967.82;34.00009
19999.88,0.58,19967.82;34.00009
19999.88,0.58,19967.82;34.00009
19999.88,0.58,19967.82;34.00009
19999.88,0.58,19967.82;34.00009
19999.88,0.58,19967.82;34.00009
19999.88,0.58,19967.82;34.00009
19999.88,0.58,19967.82;34.00009
19999.88,0.58,19967.82;34.00009
19999.88,0.58,19967.82;34.00009
19999.88,0.58,19967.82;34.00009
19999.88,0.58,19967.82;34.00009
19999.88,0.58,19967.82;34.00009
19999.88,0.58,19967.82;34.00009
19999.88,0.58,19967.82;34.00009
19999.88,0.58,19967.82;34.00009
19999.88,0.58,19967.82;34.00009
19999.88,0.58,19967.82;34.00009
19999.88,0.58,19967.82;34.00009
19999.88,0.58,19967.82;34.00009
19999.88,0.58,19967.82;34.00009
19999.88,0.58,19967.82;34.00009
19999.88,0.58,19967.82;34.00009
19999.88,0.58,19967.82;34.00009
19999.88,0.58,19967.82;34.00009
19999.88,0.58,19967.82;34.00009
19999.88,0.58,19967.82;34.00009
19999.88,0.58,19967.82;34.00009
19999.88,0.58,19967.82;34.00009
19999.88,0.58,19967.82;34.00009
19999.88,0.58,19967.82;34.00009
19999.88,0.58,19967.82;34.00009
19999.88,0.58,19967.82;34.00009
19999.88,0.58,19967.82;34.00009
19999.88,0.58,19967.82;34.00009
19999.88,0.58,19967.82;34.00009
19999.88,0.58,19967.82;34.00009
19999.88,0.58,19967.82;34.00009
19999.88,0.58,19967.82;34.00009
19999.88,0.58,19967.82;34.00009
19999.88,0.58,19967.82;34.00009
19999.88,0.58,19967.82;34.00009
19999.88,0.58,19967.82;34.00009
19999.88,0.58,19967.82;34.00009
19999.88,0.58,19967.82;34.00009
19999.88,0.58,19967.82;34.00009
19999.88,0.58,19967.82;34.00009
19999.88,0.58,19967.82;34.00009
19999.88,0.58,19967.82;34.00009
19999.88,0.58,19967.82;34.00009
19999.88,0.58,19967.82;34.00009
19999.74,0.58,19967.62;34.71629
19999.57,0.58,19967.39;35.72851
19999.45,0.58,19967.22;36.5593
19999.45,0.58,19967.22;36.5593
19999.4,0.58,19967.15;37.29269
19999.43,0.58,19967.2;38.01461
19999.59,0.58,19967.4;38.22087
19999.89,0.58,19967.79;37.68229
20000.31,0.58,19968.35;36.50201
20000.31,0.58,19968.35;36.50201
20000.79,0.58,19969.06;34.47374
20001.32,0.58,19969.91;31.75791
20001.86,0.58,19970.89;28.77853
20002.38,0.58,19971.98;25.81061
20002.88,0.58,19973.13;23.11771
20002.88,0.58,19973.13;23.11771
20003.33,0.58,19974.32;20.69983
20003.73,0.58,19975.52;18.39654
20004.08,0.58,19976.74;16.2766
20004.4,0.58,19977.97;14.39729
20004.68,0.58,19979.21;12.73572
20004.68,0.58,19979.21;12.73572
20004.68,0.58,19979.21;12.73572
20004.88,0.58,19980.2;11.55543
20005.03,0.58,19980.98;10.95955
20005.14,0.58,19981.57;10.5241
20005.14,0.58,19981.57;10.5241
20005.2,0.58,19981.92;10.00844
20005.2,0.58,19981.92;10.00844
20005.22,0.58,19982.04;9.183377
20005.25,0.58,19982.24;8.037463
20005.25,0.58,19982.24;8.037463
20005.28,0.58,19982.53;6.570692
20005.31,0.58,19982.9;4.863273
20005.34,0.58,19983.39;2.915217
20005.35,0.58,19984;0.8525667
20005.35,0.58,19984;0.8525667
20005.33,0.58,19984.68;358.618
20005.29,0.58,19985.36;356.2116
20005.22,0.58,19986.04;354.0344
20005.13,0.58,19986.72;352.3384
20005.02,0.58,19987.39;350.9633
20004.9,0.58,19988.06;349.6111
20004.9,0.58,19988.06;349.6111
20004.78,0.58,19988.61;348.2131
20004.78,0.58,19988.61;348.2131
20004.78,0.58,19988.61;348.2131
20004.78,0.58,19988.61;348.2131
20004.78,0.58,19988.61;348.2131
20004.78,0.58,19988.61;348.2131
20004.78,0.58,19988.61;348.2131
20004.78,0.58,19988.61;348.2131
20004.78,0.58,19988.61;348.2131
20004.78,0.58,19988.61;348.2131
20004.78,0.58,19988.61;348.2131
20004.68,0.58,19989.04;346.4026
20004.59,0.58,19989.35;344.0535
20004.59,0.58,19989.35;344.0535
20004.59,0.58,19989.35;344.0535
20004.51,0.58,19989.58;341.3491
20004.51,0.58,19989.58;341.3491
20004.51,0.58,19989.58;341.3491
20004.51,0.58,19989.58;341.3491
20004.51,0.58,19989.58;341.3491
20004.46,0.58,19989.71;338.5416
20004.4,0.58,19989.85;335.6997
20004.33,0.58,19989.99;332.8349
20004.23,0.58,19990.14;329.9587
20004.15,0.58,19990.28;327.0137
20004.08,0.58,19990.38;324.1145
20003.98,0.58,19990.5;321.1924
20003.98,0.58,19990.5;321.1924
20003.87,0.58,19990.62;318.3162
20003.72,0.58,19990.77;315.4055
20003.55,0.58,19990.92;312.5293
20003.55,0.58,19990.92;312.5293
20003.34,0.58,19991.1;309.653
20003.34,0.58,19991.1;309.653
20003.14,0.58,19991.25;307.0633
20002.95,0.58,19991.39;304.9548
20002.82,0.58,19991.47;303.4193
20002.82,0.58,19991.47;303.4193
20002.82,0.58,19991.47;303.4193
20002.82,0.58,19991.47;303.4193
20002.82,0.58,19991.47;303.4193
20002.82,0.58,19991.47;303.4193
20002.82,0.58,19991.47;303.4193
20002.82,0.58,19991.47;303.4193
20002.82,0.58,19991.47;303.4193
20002.82,0.58,19991.47;303.4193
20002.82,0.58,19991.47;303.4193
20002.71,0.58,19991.54;302.2505
20002.71,0.58,19991.54;302.2505
20002.6,0.58,19991.61;301.5285
20002.6,0.58,19991.61;301.5285
20002.41,0.58,19991.72;301.0472
20002.12,0.58,19991.89;300.5774
20001.73,0.58,19992.12;300.0618
20001.29,0.58,19992.37;299.6721
20001.29,0.58,19992.37;299.6721
20001.29,0.58,19992.37;299.6721
20001.29,0.58,19992.37;299.6721
20001.29,0.58,19992.37;299.6721
20000.91,0.58,19992.58;299.3284
20000.63,0.58,19992.74;299.0763
20000.46,0.58,19992.83;298.8929
20000.46,0.58,19992.83;298.8929
20000.39,0.58,19992.87;298.7783
20000.39,0.58,19992.87;298.7783
20000.39,0.58,19992.87;298.7783
20000.37,0.58,19992.88;298.7554
20000.37,0.58,19992.88;298.7554
20000.37,0.58,19992.88;298.7554
20000.35,0.58,19992.9;298.7898
20000.35,0.58,19992.9;298.7898
20000.33,0.58,19992.9;298.8012
20000.33,0.58,19992.9;298.8012
20000.33,0.58,19992.9;298.8012
20000.33,0.58,19992.9;298.8012
20000.33,0.58,19992.9;298.8012
20000.33,0.58,19992.9;298.8012
20000.33,0.58,19992.9;298.8012
20000.33,0.58,19992.9;298.8012
20000.33,0.58,19992.9;298.8012
20000.33,0.58,19992.9;298.8012
20000.33,0.58,19992.9;298.8012
20000.32,0.58,19992.91;298.8012
20000.32,0.58,19992.91;298.8012
20000.32,0.58,19992.91;298.8012
20000.32,0.58,19992.91;298.8012
20000.32,0.58,19992.91;298.8012
20000.32,0.58,19992.91;298.8012
20000.32,0.58,19992.91;298.8012
20000.32,0.58,19992.91;298.8012
20000.32,0.58,19992.91;298.8012
20000.32,0.58,19992.91;298.8012
20000.32,0.58,19992.91;298.8012
20000.32,0.58,19992.91;298.8012
20000.32,0.58,19992.91;298.8012
20000.32,0.58,19992.91;298.8012
20000.32,0.58,19992.91;298.8012
20000.32,0.58,19992.91;298.8012
20000.32,0.58,19992.91;298.8012
20000.32,0.58,19992.91;298.8012
20000.32,0.58,19992.91;298.8012
20000.32,0.58,19992.91;298.8012
20000.32,0.58,19992.91;298.8012
20000.32,0.58,19992.91;298.8012
20000.32,0.58,19992.91;298.8012
20000.32,0.58,19992.91;298.8012
20000.32,0.58,19992.91;298.8012
20000.32,0.58,19992.91;298.8012
20000.32,0.58,19992.91;298.8012
20000.32,0.58,19992.91;298.8012
20000.32,0.58,19992.91;298.8012
20000.32,0.58,19992.91;298.8012
20000.32,0.58,19992.91;298.8012
20000.32,0.58,19992.91;298.8012
20000.32,0.58,19992.91;298.8012
20000.32,0.58,19992.91;298.8012
20000.32,0.58,19992.91;298.8012
20000.32,0.58,19992.91;298.8012
20000.32,0.58,19992.91;298.8012
20000.32,0.58,19992.91;298.8012
20000.31,0.58,19992.92;298.7096
20000.27,0.58,19992.94;298.3887
20000.27,0.58,19992.94;298.3887
20000.2,0.58,19992.98;297.8158
19999.98,0.58,19993.09;296.9792
19999.64,0.58,19993.25;295.9021
19999.19,0.58,19993.46;294.4697
19998.63,0.58,19993.69;292.7852
19998.63,0.58,19993.69;292.7852
19998.01,0.58,19993.93;290.8486
19997.41,0.58,19994.13;288.6943
19996.81,0.58,19994.31;286.4139
19996.81,0.58,19994.31;286.4139
19996.81,0.58,19994.31;286.4139
19996.81,0.58,19994.31;286.4139
19996.21,0.58,19994.46;284.4429
19995.6,0.58,19994.6;282.4834
19994.98,0.58,19994.72;280.8677
19994.36,0.58,19994.82;279.7218
19994.36,0.58,19994.82;279.7218
19994.36,0.58,19994.82;279.7218
19994.36,0.58,19994.82;279.7218
19994.36,0.58,19994.82;279.7218
19994.36,0.58,19994.82;279.7218
19994.36,0.58,19994.82;279.7218
19993.74,0.58,19994.92;278.8623
19993.74,0.58,19994.92;278.8623
19993.18,0.58,19995;278.106
19992.74,0.58,19995.06;277.7852
19992.4,0.58,19995.11;277.6133
19992.16,0.58,19995.14;277.6476
19991.98,0.58,19995.16;278.0716
19991.98,0.58,19995.16;278.0716
19991.82,0.58,19995.19;278.9196
19991.65,0.58,19995.22;280.2718
19991.65,0.58,19995.22;280.2718
19991.65,0.58,19995.22;280.2718
19991.65,0.58,19995.22;280.2718
19991.65,0.58,19995.22;280.2718
19991.65,0.58,19995.22;280.2718
19991.65,0.58,19995.22;280.2718
19991.49,0.58,19995.25;282.174
19991.49,0.58,19995.25;282.174
19991.34,0.58,19995.29;284.7179
19991.24,0.58,19995.32;287.8004
19991.21,0.58,19995.34;291.3642
19991.13,0.58,19995.37;295.3291
19991.13,0.58,19995.37;295.3291
19991.06,0.58,19995.41;299.7867
19990.97,0.58,19995.47;304.4162
19990.97,0.58,19995.47;304.4162
19990.88,0.58,19995.55;309.0916
19990.73,0.58,19995.7;313.7325
19990.56,0.58,19995.88;317.5484
19990.56,0.58,19995.88;317.5484
19990.56,0.58,19995.88;317.5484
19990.56,0.58,19995.88;317.5484
19990.56,0.58,19995.88;317.5484
19990.56,0.58,19995.88;317.5484
19990.56,0.58,19995.88;317.5484
19990.56,0.58,19995.88;317.5484
19990.56,0.58,19995.88;317.5484
19990.56,0.58,19995.88;317.5484
19990.56,0.58,19995.88;317.5484
19990.56,0.58,19995.88;317.5484
19990.36,0.58,19996.13;320.3674
19990.36,0.58,19996.13;320.3674
19990.36,0.58,19996.13;320.3674
19990.36,0.58,19996.13;320.3674
19990.36,0.58,19996.13;320.3674
19990.36,0.58,19996.13;320.3674
19990.13,0.58,19996.41;322.2008
19989.87,0.58,19996.77;323.1519
19989.87,0.58,19996.77;323.1519
19989.87,0.58,19996.77;323.1519
19989.87,0.58,19996.77;323.1519
19989.6,0.58,19997.13;323.2551
19989.33,0.58,19997.49;323.7364
19989.08,0.58,19997.84;324.2864
19988.89,0.58,19998.11;324.7906
19988.89,0.58,19998.11;324.7906
19988.72,0.58,19998.35;325.2833
19988.56,0.58,19998.59;325.7875
19988.36,0.58,19998.89;325.9136
19988.09,0.58,19999.29;325.9365
19987.71,0.58,19999.86;325.9709
19987.71,0.58,19999.86;325.9709
19987.23,0.58,20000.56;325.925
19986.66,0.58,20001.4;325.7417
19986.03,0.58,20002.31;325.4781
19985.36,0.58,20003.28;325.4552
19984.68,0.58,20004.29;325.8448
19984.68,0.58,20004.29;325.8448
19984.68,0.58,20004.29;325.8448
19983.98,0.58,20005.34;326.3261
19983.98,0.58,20005.34;326.3261
19983.98,0.58,20005.34;326.3261
19983.98,0.58,20005.34;326.3261
19983.98,0.58,20005.34;326.3261
19983.98,0.58,20005.34;326.3261
19983.98,0.58,20005.34;326.3261
19983.98,0.58,20005.34;326.3261
19983.98,0.58,20005.34;326.3261
19983.98,0.58,20005.34;326.3261
19983.98,0.58,20005.34;326.3261
19983.98,0.58,20005.34;326.3261
19983.98,0.58,20005.34;326.3261
19983.98,0.58,20005.34;326.3261
19983.98,0.58,20005.34;326.3261
19983.98,0.58,20005.34;326.3261
19983.98,0.58,20005.34;326.3261
19983.98,0.58,20005.34;326.3261
19983.98,0.58,20005.34;326.3261
19983.98,0.58,20005.34;326.3261
19983.98,0.58,20005.34;326.3261
19983.98,0.58,20005.34;326.3261
19983.98,0.58,20005.34;326.3261
19983.98,0.58,20005.34;326.3261
19983.98,0.58,20005.34;326.3261
19983.98,0.58,20005.34;326.3261
19983.98,0.58,20005.34;326.3261
19983.98,0.58,20005.34;326.3261
19983.98,0.58,20005.34;326.3261
19983.98,0.58,20005.34;326.3261
19983.98,0.58,20005.34;326.3261
19983.98,0.58,20005.34;326.3261
19983.98,0.58,20005.34;326.3261
19983.98,0.58,20005.34;326.3261
19983.98,0.58,20005.34;326.3261
19983.98,0.58,20005.34;326.3261
19983.98,0.58,20005.34;326.3261
19983.98,0.58,20005.34;326.3261
19983.98,0.58,20005.34;326.3261
19983.98,0.58,20005.34;326.3261
19983.98,0.58,20005.34;326.3261
19983.98,0.58,20005.34;326.3261
19983.98,0.58,20005.34;326.3261
19983.28,0.58,20006.41;326.9449
19982.6,0.58,20007.48;327.3918
19981.91,0.58,20008.55;327.3116
19981.91,0.58,20008.55;327.3116
19981.22,0.58,20009.61;326.773
19980.51,0.58,20010.67;326.3147
19979.8,0.58,20011.72;326.074
19979.1,0.58,20012.78;326.3491
19978.41,0.58,20013.84;327.2314
19978.41,0.58,20013.84;327.2314
19977.75,0.58,20014.93;328.4804
19977.19,0.58,20015.9;329.9128
19977.19,0.58,20015.9;329.9128
19977.19,0.58,20015.9;329.9128
19977.19,0.58,20015.9;329.9128
19977.19,0.58,20015.9;329.9128
19977.19,0.58,20015.9;329.9128
19977.19,0.58,20015.9;329.9128
19977.19,0.58,20015.9;329.9128
19977.19,0.58,20015.9;329.9128
19977.19,0.58,20015.9;329.9128
19977.19,0.58,20015.9;329.9128
19977.19,0.58,20015.9;329.9128
19977.19,0.58,20015.9;329.9128
19977.19,0.58,20015.9;329.9128
19977.19,0.58,20015.9;329.9128
19977.19,0.58,20015.9;329.9128
19977.19,0.58,20015.9;329.9128
19977.19,0.58,20015.9;329.9128
19977.19,0.58,20015.9;329.9128
19977.19,0.58,20015.9;329.9128
19977.19,0.58,20015.9;329.9128
19976.79,0.58,20016.66;332.4339
19976.79,0.58,20016.66;332.4339
19976.79,0.58,20016.66;332.4339
19976.79,0.58,20016.66;332.4339
19976.79,0.58,20016.66;332.4339
19976.79,0.58,20016.66;332.4339
19976.79,0.58,20016.66;332.4339
19976.79,0.58,20016.66;332.4339
19976.79,0.58,20016.66;332.4339
19976.79,0.58,20016.66;332.4339
19976.79,0.58,20016.66;332.4339
19976.79,0.58,20016.66;332.4339
19976.79,0.58,20016.66;332.4339
19976.79,0.58,20016.66;332.4339
19976.79,0.58,20016.66;332.4339
19976.79,0.58,20016.66;332.4339
19976.79,0.58,20016.66;332.4339
19976.79,0.58,20016.66;332.4339
19976.79,0.58,20016.66;332.4339
19976.79,0.58,20016.66;332.4339
19976.79,0.58,20016.66;332.4339
19976.79,0.58,20016.66;332.4339
19976.79,0.58,20016.66;332.4339
19976.79,0.58,20016.66;332.4339
19976.79,0.58,20016.66;332.4339
19976.79,0.58,20016.66;332.4339
19976.79,0.58,20016.66;332.4339
19976.79,0.58,20016.66;332.4339
19976.79,0.58,20016.66;332.4339
19976.79,0.58,20016.66;332.4339
19976.79,0.58,20016.66;332.4339
19976.79,0.58,20016.66;332.4339
19976.79,0.58,20016.66;332.4339
19976.79,0.58,20016.66;332.4339
19976.79,0.58,20016.66;332.4339
19976.79,0.58,20016.66;332.4339
19976.56,0.58,20017.16;335.2413
19976.56,0.58,20017.16;335.2413
19976.47,0.58,20017.38;337.9686
19976.48,0.58,20017.36;340.4438
19976.52,0.58,20017.22;342.6554
19976.55,0.58,20017.1;343.6065
19976.57,0.58,20017.05;343.9388
19976.57,0.58,20017.05;343.9388
19976.56,0.58,20017.07;344.019
19976.56,0.58,20017.07;344.019
19976.55,0.58,20017.12;344.0076
19976.53,0.58,20017.19;343.9388
19976.53,0.58,20017.19;343.9388
19976.51,0.58,20017.27;343.8013
19976.48,0.58,20017.34;343.6638
19976.48,0.58,20017.34;343.6638
19976.48,0.58,20017.34;343.6638
19976.48,0.58,20017.34;343.6638
19976.48,0.58,20017.34;343.6638
19976.48,0.58,20017.34;343.6638
19976.48,0.58,20017.34;343.6638
19976.48,0.58,20017.34;343.6638
19976.48,0.58,20017.34;343.6638
19976.48,0.58,20017.34;343.6638
19976.48,0.58,20017.34;343.6638
19976.48,0.58,20017.34;343.6638
19976.48,0.58,20017.34;343.6638
19976.48,0.58,20017.34;343.6638
19976.47,0.58,20017.39;343.5378
19976.47,0.58,20017.39;343.5378
19976.46,0.58,20017.42;343.4461
19976.46,0.58,20017.42;343.4461
19976.45,0.58,20017.45;343.4003
19976.45,0.58,20017.45;343.4003
19976.45,0.58,20017.46;343.3773
19976.45,0.58,20017.46;343.3773
19976.45,0.58,20017.46;343.3773
19976.45,0.58,20017.46;343.3773
19976.45,0.58,20017.46;343.3773
19976.44,0.58,20017.48;343.4805
19976.43,0.58,20017.52;343.6065
19976.43,0.58,20017.52;343.6065
19976.43,0.58,20017.52;343.6065
19976.43,0.58,20017.52;343.6065
19976.43,0.58,20017.52;343.6065
19976.43,0.58,20017.52;343.6065
19976.43,0.58,20017.52;343.6065
19976.43,0.58,20017.52;343.6065
19976.43,0.58,20017.52;343.6065
19976.43,0.58,20017.52;343.6065
19976.43,0.58,20017.52;343.6065
19976.43,0.58,20017.52;343.6065
19976.43,0.58,20017.52;343.6065
19976.43,0.58,20017.52;343.6065
19976.43,0.58,20017.52;343.6065
19976.43,0.58,20017.52;343.6065
19976.41,0.58,20017.58;343.7326
19976.41,0.58,20017.58;343.7326
19976.41,0.58,20017.58;343.7326
19976.39,0.58,20017.65;343.8586
19976.39,0.58,20017.65;343.8586
19976.39,0.58,20017.65;343.8586
19976.39,0.58,20017.65;343.8586
19976.39,0.58,20017.65;343.8586
19976.39,0.58,20017.65;343.8586
19976.39,0.58,20017.65;343.8586
19976.39,0.58,20017.65;343.8586
19976.39,0.58,20017.65;343.8586
19976.39,0.58,20017.65;343.8586
19976.37,0.58,20017.74;343.9388
19976.33,0.58,20017.87;343.8357
19976.28,0.58,20018.05;343.6065
19976.28,0.58,20018.05;343.6065
19976.21,0.58,20018.26;343.2857
19976.13,0.58,20018.54;342.8846
19976.02,0.58,20018.89;342.4262
19976.02,0.58,20018.89;342.4262
19976.02,0.58,20018.89;342.4262
19975.88,0.58,20019.32;341.9106
19975.71,0.58,20019.82;341.2803
19975.5,0.58,20020.4;340.5699
19975.27,0.58,20021.04;339.7333
19975,0.58,20021.72;338.8625
19975,0.58,20021.72;338.8625
19975,0.58,20021.72;338.8625
19974.74,0.58,20022.38;338.0145
19974.48,0.58,20022.99;337.3269
19974.25,0.58,20023.54;336.7654
19974.04,0.58,20024.02;336.3987
19974.04,0.58,20024.02;336.3987
19973.86,0.58,20024.43;336.1696
19973.7,0.58,20024.79;336.055
19973.56,0.58,20025.08;335.9977
19973.56,0.58,20025.08;335.9977
19973.56,0.58,20025.08;335.9977
19973.56,0.58,20025.08;335.9977
19973.56,0.58,20025.08;335.9977
19973.56,0.58,20025.08;335.9977
19973.47,0.58,20025.3;336.0206
19973.42,0.58,20025.42;336.1237
19973.42,0.58,20025.42;336.1237
19973.4,0.58,20025.46;336.3529
19973.42,0.58,20025.41;336.6738
19973.42,0.58,20025.41;336.6738
19973.42,0.58,20025.41;336.6738
19973.47,0.58,20025.28;337.0748
19973.47,0.58,20025.28;337.0748
19973.54,0.58,20025.13;337.4988
19973.59,0.58,20024.99;338.0718
19973.65,0.58,20024.85;338.725
19973.65,0.58,20024.85;338.725
19973.65,0.58,20024.85;338.725
19973.65,0.58,20024.85;338.725
19973.65,0.58,20024.85;338.725
19973.65,0.58,20024.85;338.725
19973.65,0.58,20024.85;338.725
19973.65,0.58,20024.85;338.725
19973.65,0.58,20024.85;338.725
19973.65,0.58,20024.85;338.725
19973.65,0.58,20024.85;338.725
19973.65,0.58,20024.85;338.725
19973.65,0.58,20024.85;338.725
19973.65,0.58,20024.85;338.725
19973.65,0.58,20024.85;338.725
19973.65,0.58,20024.85;338.725
19973.65,0.58,20024.85;338.725
19973.65,0.58,20024.85;338.725
19973.65,0.58,20024.85;338.725
19973.65,0.58,20024.85;338.725
19973.65,0.58,20024.85;338.725
19973.65,0.58,20024.85;338.725
19973.65,0.58,20024.85;338.725
19973.65,0.58,20024.85;338.725
19973.65,0.58,20024.85;338.725
19973.65,0.58,20024.85;338.725
19973.65,0.58,20024.85;338.725
19973.65,0.58,20024.85;338.725
19973.69,0.58,20024.75;338.7135
19973.69,0.58,20024.75;338.7135
19973.69,0.58,20024.75;338.7135
19973.69,0.58,20024.75;338.7135
19973.69,0.58,20024.75;338.7135
19973.69,0.58,20024.75;338.7135
19973.69,0.58,20024.75;338.7135
19973.69,0.58,20024.75;338.7135
19973.69,0.58,20024.75;338.7135
19973.69,0.58,20024.75;338.7135
19973.69,0.58,20024.75;338.7135
19973.69,0.58,20024.75;338.7135
19973.69,0.58,20024.75;338.7135
19973.69,0.58,20024.75;338.7135
19973.69,0.58,20024.75;338.7135
19973.69,0.58,20024.75;338.7135
19973.69,0.58,20024.75;338.7135
19973.69,0.58,20024.75;338.7135
19973.69,0.58,20024.75;338.7135
19973.69,0.58,20024.75;338.7135
19973.69,0.58,20024.75;338.7135
19973.69,0.58,20024.75;338.7135
19973.69,0.58,20024.75;338.7135
19973.69,0.58,20024.75;338.7135
19973.69,0.58,20024.75;338.7135
19973.69,0.58,20024.75;338.7135
19973.69,0.58,20024.75;338.7135
19973.69,0.58,20024.75;338.7135
19973.69,0.58,20024.75;338.7135
19973.69,0.58,20024.75;338.7135
19973.69,0.58,20024.75;338.7135
19973.69,0.58,20024.75;338.7135
19973.69,0.58,20024.75;338.7135
19973.69,0.58,20024.75;338.7135
19973.69,0.58,20024.75;338.7135
19973.69,0.58,20024.75;338.7135
19973.69,0.58,20024.75;338.7135
19973.69,0.58,20024.75;338.7135
19973.69,0.58,20024.75;338.7135
19973.69,0.58,20024.75;338.7135
19973.69,0.58,20024.75;338.7135
19973.69,0.58,20024.75;338.7135
19973.69,0.58,20024.75;338.7135
19973.69,0.58,20024.75;338.7135
19973.69,0.58,20024.75;338.7135
19973.69,0.58,20024.75;338.7135
19973.8,0.58,20024.46;338.9542
19973.8,0.58,20024.46;338.9542
19973.8,0.58,20024.46;338.9542
19973.8,0.58,20024.46;338.9542
19973.8,0.58,20024.46;338.9542
19973.8,0.58,20024.46;338.9542
19973.8,0.58,20024.46;338.9542
19973.8,0.58,20024.46;338.9542
19973.8,0.58,20024.46;338.9542
19973.8,0.58,20024.46;338.9542
19973.8,0.58,20024.46;338.9542
19973.9,0.58,20024.19;339.1719
19973.9,0.58,20024.19;339.1719
19973.9,0.58,20024.19;339.1719
19973.9,0.58,20024.19;339.1719
19973.9,0.58,20024.19;339.1719
19973.9,0.58,20024.19;339.1719
19973.9,0.58,20024.19;339.1719
19973.9,0.58,20024.19;339.1719
19973.9,0.58,20024.19;339.1719
19973.9,0.58,20024.19;339.1719
19973.9,0.58,20024.19;339.1719
19974.02,0.58,20023.88;339.1833
19974.02,0.58,20023.88;339.1833
19974.02,0.58,20023.88;339.1833
19974.02,0.58,20023.88;339.1833
19974.02,0.58,20023.88;339.1833
19974.02,0.58,20023.88;339.1833
19974.02,0.58,20023.88;339.1833
19974.02,0.58,20023.88;339.1833
19974.02,0.58,20023.88;339.1833
19974.02,0.58,20023.88;339.1833
19974.02,0.58,20023.88;339.1833
19974.02,0.58,20023.88;339.1833
19974.02,0.58,20023.88;339.1833
19974.02,0.58,20023.88;339.1833
19974.02,0.58,20023.88;339.1833
19974.02,0.58,20023.88;339.1833
19974.02,0.58,20023.88;339.1833
19974.02,0.58,20023.88;339.1833
19974.02,0.58,20023.88;339.1833
19974.02,0.58,20023.88;339.1833
19974.02,0.58,20023.88;339.1833
19974.02,0.58,20023.88;339.1833
19974.02,0.58,20023.88;339.1833
19974.02,0.58,20023.88;339.1833
19974.02,0.58,20023.88;339.1833
19974.02,0.58,20023.88;339.1833
19974.02,0.58,20023.88;339.1833
19974.02,0.58,20023.88;339.1833
19974.02,0.58,20023.88;339.1833
19974.02,0.58,20023.88;339.1833
19974.02,0.58,20023.88;339.1833
19974.02,0.58,20023.88;339.1833
19974.02,0.58,20023.88;339.1833
19974.02,0.58,20023.88;339.1833
19974.02,0.58,20023.88;339.1833
19974.02,0.58,20023.88;339.1833
19974.02,0.58,20023.88;339.1833
19974.02,0.58,20023.88;339.1833
19974.02,0.58,20023.88;339.1833
19974.02,0.58,20023.88;339.1833
19974.02,0.58,20023.88;339.1833
19974.02,0.58,20023.88;339.1833
19974.02,0.58,20023.88;339.1833
19974.02,0.58,20023.88;339.1833
19974.02,0.58,20023.88;339.1833
19974.02,0.58,20023.88;339.1833
19974.02,0.58,20023.88;339.1833
19974.02,0.58,20023.88;339.1833
19974.02,0.58,20023.88;339.1833
19974.21,0.58,20023.38;338.9656
19974.21,0.58,20023.38;338.9656
19974.5,0.58,20022.61;339.2865
19974.79,0.58,20021.84;339.424
19975.16,0.58,20020.84;339.7104
19975.59,0.58,20019.65;340.0886
19976.02,0.58,20018.45;340.3407
19976.02,0.58,20018.45;340.3407
19976.38,0.58,20017.47;340.0542
19976.38,0.58,20017.47;340.0542
19976.69,0.58,20016.63;339.5959
19976.69,0.58,20016.63;339.5959
19976.69,0.58,20016.63;339.5959
19976.69,0.58,20016.63;339.5959
19976.69,0.58,20016.63;339.5959
19976.69,0.58,20016.63;339.5959
19976.69,0.58,20016.63;339.5959
19976.69,0.58,20016.63;339.5959
19976.69,0.58,20016.63;339.5959
19976.69,0.58,20016.63;339.5959
19976.69,0.58,20016.63;339.5959
19976.69,0.58,20016.63;339.5959
19976.69,0.58,20016.63;339.5959
19976.69,0.58,20016.63;339.5959
19976.69,0.58,20016.63;339.5959
19976.69,0.58,20016.63;339.5959
19976.69,0.58,20016.63;339.5959
19976.69,0.58,20016.63;339.5959
19976.69,0.58,20016.63;339.5959
19976.69,0.58,20016.63;339.5959
19976.69,0.58,20016.63;339.5959
19976.69,0.58,20016.63;339.5959
19976.69,0.58,20016.63;339.5959
19976.69,0.58,20016.63;339.5959
19976.69,0.58,20016.63;339.5959
19976.69,0.58,20016.63;339.5959
19976.69,0.58,20016.63;339.5959
19976.69,0.58,20016.63;339.5959
19976.69,0.58,20016.63;339.5959
19976.69,0.58,20016.63;339.5959
19976.69,0.58,20016.63;339.5959
19976.69,0.58,20016.63;339.5959
19976.69,0.58,20016.63;339.5959
19976.69,0.58,20016.63;339.5959
19976.69,0.58,20016.63;339.5959
19976.69,0.58,20016.63;339.5959
19976.69,0.58,20016.63;339.5959
19976.69,0.58,20016.63;339.5959
19976.69,0.58,20016.63;339.5959
19976.69,0.58,20016.63;339.5959
19976.69,0.58,20016.63;339.5959
19976.69,0.58,20016.63;339.5959
19976.69,0.58,20016.63;339.5959
19976.69,0.58,20016.63;339.5959
19976.69,0.58,20016.63;339.5959
19976.69,0.58,20016.63;339.5959
19976.69,0.58,20016.63;339.5959
19976.69,0.58,20016.63;339.5959
19976.69,0.58,20016.63;339.5959
19976.69,0.58,20016.63;339.5959
19976.69,0.58,20016.63;339.5959
19976.69,0.58,20016.63;339.5959
19976.69,0.58,20016.63;339.5959
19976.69,0.58,20016.63;339.5959
19977.02,0.58,20015.79;338.7479
19977.36,0.58,20014.96;337.3155
19977.73,0.58,20014.14;335.7227
19977.73,0.58,20014.14;335.7227
19978.22,0.58,20013.12;334.508
19978.79,0.58,20011.99;333.2933
19979.38,0.58,20010.86;332.3422
19979.98,0.58,20009.74;331.8609
19979.98,0.58,20009.74;331.8609
19980.58,0.58,20008.63;331.5286
19981.2,0.58,20007.51;331.0932
19981.83,0.58,20006.41;330.1879
19982.49,0.58,20005.33;328.6409
19983.19,0.58,20004.27;326.5439
19983.19,0.58,20004.27;326.5439
19983.94,0.58,20003.24;324.0343
19984.72,0.58,20002.24;321.7081
19984.72,0.58,20002.24;321.7081
19984.72,0.58,20002.24;321.7081
19984.72,0.58,20002.24;321.7081
19984.72,0.58,20002.24;321.7081
19984.72,0.58,20002.24;321.7081
19985.54,0.58,20001.27;319.8517
19986.39,0.58,20000.33;317.8808
19987.28,0.58,19999.42;315.7494
19988.19,0.58,19998.54;314.0878
19988.19,0.58,19998.54;314.0878
19988.19,0.58,19998.54;314.0878
19989.13,0.58,19997.68;312.5294
19990.09,0.58,19996.85;310.5698
19991.08,0.58,19996.06;308.5416
19992.11,0.58,19995.31;306.4789
19992.11,0.58,19995.31;306.4789
19993.16,0.58,19994.6;303.7287
19994.26,0.58,19993.96;300.3597
19994.26,0.58,19993.96;300.3597
19994.26,0.58,19993.96;300.3597
19994.26,0.58,19993.96;300.3597
19994.26,0.58,19993.96;300.3597
19995.39,0.58,19993.38;297.323
19996.54,0.58,19992.84;294.9052
19997.71,0.58,19992.34;293.2206
19998.88,0.58,19991.86;292.3268
20000.06,0.58,19991.38;292.155
20000.06,0.58,19991.38;292.155
20001.23,0.58,19990.9;292.132
20002.41,0.58,19990.42;292.2581
20003.58,0.58,19989.94;292.2352
20004.76,0.58,19989.46;292.0175
20004.76,0.58,19989.46;292.0175
20005.94,0.58,19989;291.5476
20007.13,0.58,19988.54;290.9632
20008.32,0.58,19988.1;290.3673
20008.32,0.58,19988.1;290.3673
20009.51,0.58,19987.67;289.9548
20010.71,0.58,19987.24;289.7485
20011.9,0.58,19986.81;289.7715
20011.9,0.58,19986.81;289.7715
20013.1,0.58,19986.38;289.8975
20014.29,0.58,19985.94;290.0923
20015.48,0.58,19985.5;290.2986
20016.67,0.58,19985.05;290.5049
20016.67,0.58,19985.05;290.5049
20016.67,0.58,19985.05;290.5049
20016.67,0.58,19985.05;290.5049
20016.67,0.58,19985.05;290.5049
20016.67,0.58,19985.05;290.5049
20016.67,0.58,19985.05;290.5049
20016.67,0.58,19985.05;290.5049
20016.67,0.58,19985.05;290.5049
20016.67,0.58,19985.05;290.5049
20016.67,0.58,19985.05;290.5049
20016.67,0.58,19985.05;290.5049
20016.67,0.58,19985.05;290.5049
20017.74,0.58,19984.65;290.6996
20017.74,0.58,19984.65;290.6996
20017.74,0.58,19984.65;290.6996
20017.74,0.58,19984.65;290.6996
20017.74,0.58,19984.65;290.6996
20017.74,0.58,19984.65;290.6996
20018.61,0.58,19984.32;290.9059
20018.61,0.58,19984.32;290.9059
20018.61,0.58,19984.32;290.9059
20019.26,0.58,19984.07;291.0892
20019.75,0.58,19983.88;291.2955
20020.05,0.58,19983.76;291.5018
20020.05,0.58,19983.76;291.5018
20020.05,0.58,19983.76;291.5018
20020.05,0.58,19983.76;291.5018
20020.05,0.58,19983.76;291.5018
20020.05,0.58,19983.76;291.5018
20020.26,0.58,19983.68;291.6507
20020.45,0.58,19983.6;291.7653
20020.45,0.58,19983.6;291.7653
20020.62,0.58,19983.53;291.857
20020.75,0.58,19983.48;291.9143
20020.9,0.58,19983.42;291.9601
20021.13,0.58,19983.32;292.006
20021.13,0.58,19983.32;292.006
20021.13,0.58,19983.32;292.006
20021.45,0.58,19983.2;292.0174
20021.82,0.58,19983.05;291.9258
20022.21,0.58,19982.89;291.6851
20022.61,0.58,19982.73;291.3184
20022.97,0.58,19982.6;290.8142
20022.97,0.58,19982.6;290.8142
20023.24,0.58,19982.5;290.1954
20023.49,0.58,19982.41;289.5537
20023.7,0.58,19982.34;288.9922
20023.7,0.58,19982.34;288.9922
20023.7,0.58,19982.34;288.9922
20023.7,0.58,19982.34;288.9922
20023.7,0.58,19982.34;288.9922
20023.85,0.58,19982.29;288.5224
20023.85,0.58,19982.29;288.5224
20023.85,0.58,19982.29;288.5224
20023.85,0.58,19982.29;288.5224
20023.85,0.58,19982.29;288.5224
20023.85,0.58,19982.29;288.5224
20023.85,0.58,19982.29;288.5224
20023.85,0.58,19982.29;288.5224
20023.85,0.58,19982.29;288.5224
20023.85,0.58,19982.29;288.5224
20023.85,0.58,19982.29;288.5224
20023.85,0.58,19982.29;288.5224
20023.85,0.58,19982.29;288.5224
20023.85,0.58,19982.29;288.5224
20023.85,0.58,19982.29;288.5224
20023.85,0.58,19982.29;288.5224
20023.85,0.58,19982.29;288.5224
20023.85,0.58,19982.29;288.5224
20023.85,0.58,19982.29;288.5224
20023.85,0.58,19982.29;288.5224
20023.85,0.58,19982.29;288.5224
20023.85,0.58,19982.29;288.5224
20023.85,0.58,19982.29;288.5224
20023.85,0.58,19982.29;288.5224
20023.85,0.58,19982.29;288.5224
20023.85,0.58,19982.29;288.5224
20023.85,0.58,19982.29;288.5224
20023.85,0.58,19982.29;288.5224
20023.85,0.58,19982.29;288.5224
20023.85,0.58,19982.29;288.5224
20023.85,0.58,19982.29;288.5224
20023.85,0.58,19982.29;288.5224
20023.85,0.58,19982.29;288.5224
20023.95,0.58,19982.25;288.1901
20023.95,0.58,19982.25;288.1901
20024.05,0.58,19982.22;287.789
20024.21,0.58,19982.17;286.5514
20024.43,0.58,19982.12;284.5461
20024.69,0.58,19982.06;282.1969
20024.69,0.58,19982.06;282.1969
20024.97,0.58,19982.01;279.8478
20024.97,0.58,19982.01;279.8478
20024.97,0.58,19982.01;279.8478
20024.97,0.58,19982.01;279.8478
20025.28,0.58,19981.97;277.7737
20025.28,0.58,19981.97;277.7737
20025.56,0.58,19981.94;276.6163
20025.56,0.58,19981.94;276.6163
20025.56,0.58,19981.94;276.6163
20025.56,0.58,19981.94;276.6163
20025.56,0.58,19981.94;276.6163
20025.56,0.58,19981.94;276.6163
20025.56,0.58,19981.94;276.6163
20025.56,0.58,19981.94;276.6163
20025.56,0.58,19981.94;276.6163
20025.56,0.58,19981.94;276.6163
20025.56,0.58,19981.94;276.6163
20025.56,0.58,19981.94;276.6163
20025.56,0.58,19981.94;276.6163
20025.56,0.58,19981.94;276.6163
20025.56,0.58,19981.94;276.6163
20025.56,0.58,19981.94;276.6163
20025.56,0.58,19981.94;276.6163
20025.56,0.58,19981.94;276.6163
20025.56,0.58,19981.94;276.6163
20025.56,0.58,19981.94;276.6163
20025.56,0.58,19981.94;276.6163
20025.56,0.58,19981.94;276.6163
20025.56,0.58,19981.94;276.6163
20025.56,0.58,19981.94;276.6163
20025.56,0.58,19981.94;276.6163
20025.56,0.58,19981.94;276.6163
20025.56,0.58,19981.94;276.6163
20025.56,0.58,19981.94;276.6163
20025.56,0.58,19981.94;276.6163
20025.56,0.58,19981.94;276.6163
20025.56,0.58,19981.94;276.6163
20025.56,0.58,19981.94;276.6163
20025.56,0.58,19981.94;276.6163
20025.56,0.58,19981.94;276.6163
20025.56,0.58,19981.94;276.6163
20025.56,0.58,19981.94;276.6163
20025.56,0.58,19981.94;276.6163
20025.56,0.58,19981.94;276.6163
20025.56,0.58,19981.94;276.6163
20025.77,0.58,19981.92;276.3528
20025.77,0.58,19981.92;276.3528
20025.91,0.58,19981.9;276.5591
20025.91,0.58,19981.9;276.4101
20025.68,0.58,19981.92;275.9746
20025.17,0.58,19981.97;275.6767
20024.43,0.58,19982.05;275.6767
20024.43,0.58,19982.05;275.6767
20023.49,0.58,19982.15;275.9632
20022.46,0.58,19982.27;276.8111
20021.4,0.58,19982.42;278.1633
20020.38,0.58,19982.6;279.7561
20019.4,0.58,19982.8;281.5667
20018.44,0.58,19983.03;283.721
20018.44,0.58,19983.03;283.721
20017.52,0.58,19983.3;286.4025
20016.63,0.58,19983.62;289.611
20015.77,0.58,19983.99;293.2092
20014.97,0.58,19984.39;296.9105
20014.22,0.58,19984.83;300.4285
20014.22,0.58,19984.83;300.4285
20013.55,0.58,19985.28;303.4078
20013.05,0.58,19985.63;305.5851
20013.05,0.58,19985.63;305.5851
20013.05,0.58,19985.63;305.5851
20013.05,0.58,19985.63;305.5851
20013.05,0.58,19985.63;305.5851
20013.05,0.58,19985.63;305.5851
20013.05,0.58,19985.63;305.5851
20013.05,0.58,19985.63;305.5851
20012.68,0.58,19985.91;307.0289
20012.45,0.58,19986.09;307.6248
20012.45,0.58,19986.09;307.6248
20012.34,0.58,19986.18;307.4185
20012.29,0.58,19986.21;306.7539
20012.03,0.58,19986.4;305.7455
20011.59,0.58,19986.7;304.485
20010.92,0.58,19987.14;303.1786
20010.92,0.58,19987.14;303.1786
20010.03,0.58,19987.69;301.8608
20008.94,0.58,19988.34;300.5087
20007.83,0.58,19988.96;299.1107
20006.7,0.58,19989.54;297.621
20005.56,0.58,19990.1;296.1313
20005.56,0.58,19990.1;296.1313
20004.41,0.58,19990.64;294.8364
20003.25,0.58,19991.15;293.8394
20002.08,0.58,19991.65;293.2092
20000.91,0.58,19992.15;292.9227
20000.91,0.58,19992.15;292.9227
19999.74,0.58,19992.64;292.8425
19999.74,0.58,19992.64;292.8425
19999.74,0.58,19992.64;292.8425
19999.74,0.58,19992.64;292.8425
19999.74,0.58,19992.64;292.8425
19999.74,0.58,19992.64;292.8425
19998.57,0.58,19993.13;292.8196
19997.4,0.58,19993.62;292.6592
19996.22,0.58,19994.1;292.0977
19995.04,0.58,19994.56;291.2726
19993.84,0.58,19995;290.2757
19993.84,0.58,19995;290.2757
19993.84,0.58,19995;290.2757
19993.84,0.58,19995;290.2757
19993.84,0.58,19995;290.2757
19993.84,0.58,19995;290.2757
19993.84,0.58,19995;290.2757
19993.84,0.58,19995;290.2757
19993.84,0.58,19995;290.2757
19993.84,0.58,19995;290.2757
19993.84,0.58,19995;290.2757
19993.84,0.58,19995;290.2757
19993.84,0.58,19995;290.2757
19993.84,0.58,19995;290.2757
19993.84,0.58,19995;290.2757
19993.84,0.58,19995;290.2757
19993.84,0.58,19995;290.2757
19993.84,0.58,19995;290.2757
19993.84,0.58,19995;290.2757
19993.84,0.58,19995;290.2757
19993.84,0.58,19995;290.2757
19993.84,0.58,19995;290.2757
19993.84,0.58,19995;290.2757
19993.84,0.58,19995;290.2757
19993.84,0.58,19995;290.2757
19993.84,0.58,19995;290.2757
19993.84,0.58,19995;290.2757
19993.84,0.58,19995;290.2757
19993.84,0.58,19995;290.2757
19993.84,0.58,19995;290.2757
19993.84,0.58,19995;290.2757
19993.84,0.58,19995;290.2757
19993.84,0.58,19995;290.2757
19993.84,0.58,19995;290.2757
19993.84,0.58,19995;290.2757
19993.84,0.58,19995;290.2757
19993.84,0.58,19995;290.2757
19993.84,0.58,19995;290.2757
19993.84,0.58,19995;290.2757
19993.84,0.58,19995;290.2757
19993.84,0.58,19995;290.2757
19993.84,0.58,19995;290.2757
19993.84,0.58,19995;290.2757
19993.84,0.58,19995;290.2757
19993.84,0.58,19995;290.2757
19993.84,0.58,19995;290.2757
19993.84,0.58,19995;290.2757
19993.84,0.58,19995;290.2757
19993.84,0.58,19995;290.2757
19993.84,0.58,19995;290.2757
19993.84,0.58,19995;290.2757
19993.84,0.58,19995;290.2757
19993.84,0.58,19995;290.2757
19993.84,0.58,19995;290.2757
19993.84,0.58,19995;290.2757
19993.84,0.58,19995;290.2757
19993.84,0.58,19995;290.2757
19993.84,0.58,19995;290.2757
19993.84,0.58,19995;290.2757
19993.84,0.58,19995;290.2757
19993.84,0.58,19995;290.2757
19993.84,0.58,19995;290.2757
19993.84,0.58,19995;290.2757
19993.84,0.58,19995;290.2757
19993.84,0.58,19995;290.2757
19993.84,0.58,19995;290.2757
19993.84,0.58,19995;290.2757
19993.84,0.58,19995;290.2757
19993.84,0.58,19995;290.2757
19992.83,0.58,19995.35;289.187
19991.99,0.58,19995.63;288.0641
19991.32,0.58,19995.83;287.09
19991.32,0.58,19995.83;287.09
19990.81,0.58,19995.98;286.0931
19990.46,0.58,19996.07;284.9128
19990.05,0.58,19996.17;283.5491
19989.57,0.58,19996.27;282.1626
19989.01,0.58,19996.38;280.9594
19989.01,0.58,19996.38;280.9594
19988.33,0.58,19996.5;280.0426
19987.53,0.58,19996.64;279.4467
19986.62,0.58,19996.78;279.0342
19985.62,0.58,19996.93;278.5873
19984.54,0.58,19997.08;277.8768
19983.41,0.58,19997.22;276.8226
19982.25,0.58,19997.33;275.4246
19982.25,0.58,19997.33;275.4246
19981.05,0.58,19997.4;273.7286
19979.84,0.58,19997.44;271.7577
19978.61,0.58,19997.43;269.5346
19977.49,0.58,19997.37;266.9448
19976.59,0.58,19997.28;264.1488
19976.59,0.58,19997.28;264.1488
19976.59,0.58,19997.28;264.1488
19976.59,0.58,19997.28;264.1488
19976.59,0.58,19997.28;264.1488
19976.59,0.58,19997.28;264.1488
19976.59,0.58,19997.28;264.1488
19976.59,0.58,19997.28;264.1488
19976.59,0.58,19997.28;264.1488
19975.93,0.58,19997.18;261.6621
19975.93,0.58,19997.18;261.6621
19975.93,0.58,19997.18;261.6621
19975.93,0.58,19997.18;261.6621
19975.93,0.58,19997.18;261.6621
19975.93,0.58,19997.18;261.6621
19975.51,0.58,19997.11;259.6568
19975.51,0.58,19997.11;259.6568
19975.51,0.58,19997.11;259.6568
19975.51,0.58,19997.11;259.6568
19975.51,0.58,19997.11;259.6568
19975.51,0.58,19997.11;259.6568
19975.51,0.58,19997.11;259.6568
19975.51,0.58,19997.11;259.6568
19975.51,0.58,19997.11;259.6568
19975.51,0.58,19997.11;259.6568
19975.51,0.58,19997.11;259.6568
19975.51,0.58,19997.11;259.6568
19975.51,0.58,19997.11;259.6568
19975.51,0.58,19997.11;259.6568
19975.51,0.58,19997.11;259.6568
19975.51,0.58,19997.11;259.6568
19975.51,0.58,19997.11;259.6568
19975.51,0.58,19997.11;259.6568
19975.51,0.58,19997.11;259.6568
19975.51,0.58,19997.11;259.6568
19975.51,0.58,19997.11;259.6568
19975.51,0.58,19997.11;259.6568
19975.51,0.58,19997.11;259.6568
19975.51,0.58,19997.11;259.6568
19975.51,0.58,19997.11;259.6568
19975.51,0.58,19997.11;259.6568
19975.51,0.58,19997.11;259.6568
19975.51,0.58,19997.11;259.6568
19975.51,0.58,19997.11;259.6568
19975.51,0.58,19997.11;259.6568
19975.51,0.58,19997.11;259.6568
19975.51,0.58,19997.11;259.6568
19975.51,0.58,19997.11;259.6568
19975.51,0.58,19997.11;259.6568
19975.51,0.58,19997.11;259.6568
19975.51,0.58,19997.11;259.6568
19975.51,0.58,19997.11;259.6568
19975.51,0.58,19997.11;259.6568
19975.51,0.58,19997.11;259.6568
19975.51,0.58,19997.11;259.6568
19975.51,0.58,19997.11;259.6568
19975.51,0.58,19997.11;259.6568
19975.51,0.58,19997.11;259.6568
19975.51,0.58,19997.11;259.6568
19975.51,0.58,19997.11;259.6568
19975.51,0.58,19997.11;259.6568
19975.51,0.58,19997.11;259.6568
19975.51,0.58,19997.11;259.6568
19975.51,0.58,19997.11;259.6568
19975.16,0.58,19997.03;258.2473
19975.16,0.58,19997.03;258.2473
19975.16,0.58,19997.03;258.2473
19975.16,0.58,19997.03;258.2473
19975.16,0.58,19997.03;258.2473
19974.71,0.58,19996.94;257.4566
19974.71,0.58,19996.94;257.4566
19974.05,0.58,19996.78;256.6774
19973.2,0.58,19996.56;255.4169
19972.13,0.58,19996.25;253.7209
19971.03,0.58,19995.88;251.5666
19971.03,0.58,19995.88;251.5666
19969.93,0.58,19995.47;249.504
19968.85,0.58,19995.03;247.9455
19967.79,0.58,19994.56;246.4329
19966.79,0.58,19994.09;244.7255
19966,0.58,19993.69;242.8921
19966,0.58,19993.69;242.8921
19965.31,0.58,19993.3;240.7148
19964.64,0.58,19992.89;238.5491
19963.99,0.58,19992.47;236.8989
19963.3,0.58,19992;235.6384
19962.46,0.58,19991.4;234.7102
19962.46,0.58,19991.4;234.7102
19961.59,0.58,19990.77;234.08
19960.79,0.58,19990.18;233.5872
19960.08,0.58,19989.65;233.2549
19959.49,0.58,19989.21;233.3008
19958.98,0.58,19988.84;233.656
19958.52,0.58,19988.51;234.2404
19958.05,0.58,19988.18;235.0998
19958.05,0.58,19988.18;235.0998
19957.47,0.58,19987.8;236.326
19956.75,0.58,19987.34;237.9417
19955.87,0.58,19986.83;239.8325
19954.85,0.58,19986.29;241.8378
19953.74,0.58,19985.73;243.5682
19952.59,0.58,19985.19;244.6912
19951.44,0.58,19984.65;245.0464
19951.44,0.58,19984.65;245.0464
19950.29,0.58,19984.11;244.863
19950.29,0.58,19984.11;244.863
19950.29,0.58,19984.11;244.863
19950.29,0.58,19984.11;244.863
19950.29,0.58,19984.11;244.863
19950.29,0.58,19984.11;244.863
19950.29,0.58,19984.11;244.863
19950.29,0.58,19984.11;244.863
19950.29,0.58,19984.11;244.863
19950.29,0.58,19984.11;244.863
19950.29,0.58,19984.11;244.863
19950.29,0.58,19984.11;244.863
19950.29,0.58,19984.11;244.863
19950.29,0.58,19984.11;244.863
19950.29,0.58,19984.11;244.863
19950.29,0.58,19984.11;244.863
19950.29,0.58,19984.11;244.863
19949.14,0.58,19983.56;244.3703
19949.14,0.58,19983.56;244.3703
19949.14,0.58,19983.56;244.3703
19949.14,0.58,19983.56;244.3703
19948.22,0.58,19983.11;243.7859
19948.22,0.58,19983.11;243.7859
19947.5,0.58,19982.75;243.2817
19947.5,0.58,19982.75;243.2817
19947,0.58,19982.49;243.041
19946.71,0.58,19982.35;242.9838
19946.71,0.58,19982.35;242.9838
19946.65,0.58,19982.31;242.9035
19946.58,0.58,19982.28;242.8119
19946.53,0.58,19982.25;242.6973
19946.48,0.58,19982.23;242.5598
19946.48,0.58,19982.23;242.5598
19946.48,0.58,19982.23;242.5598
19946.48,0.58,19982.23;242.5598
19946.48,0.58,19982.23;242.5598
19946.48,0.58,19982.23;242.5598
19946.45,0.58,19982.21;242.4223
19946.45,0.58,19982.21;242.4223
19946.45,0.58,19982.21;242.4223
19946.45,0.58,19982.21;242.4223
19946.45,0.58,19982.21;242.4223
19946.45,0.58,19982.21;242.4223
19946.45,0.58,19982.21;242.4223
19946.45,0.58,19982.21;242.4223
19946.45,0.58,19982.21;242.4223
19946.45,0.58,19982.21;242.4223
19946.45,0.58,19982.21;242.4223
19946.45,0.58,19982.21;242.4223
19946.45,0.58,19982.21;242.4223
19946.45,0.58,19982.21;242.4223
19946.45,0.58,19982.21;242.4223
19946.45,0.58,19982.21;242.4223
19946.45,0.58,19982.21;242.4223
19946.45,0.58,19982.21;242.4223
19946.45,0.58,19982.21;242.4223
19946.45,0.58,19982.21;242.4223
19946.45,0.58,19982.21;242.4223
19946.45,0.58,19982.21;242.4223
19946.45,0.58,19982.21;242.4223
19946.45,0.58,19982.21;242.4223
19946.45,0.58,19982.21;242.4223
19946.45,0.58,19982.21;242.4223
19946.45,0.58,19982.21;242.4223
19946.45,0.58,19982.21;242.4223
19946.45,0.58,19982.21;242.4223
19946.45,0.58,19982.21;242.4223
19946.45,0.58,19982.21;242.4223
19946.45,0.58,19982.21;242.4223
19946.45,0.58,19982.21;242.4223
19946.45,0.58,19982.21;242.4223
19946.45,0.58,19982.21;242.4223
19946.45,0.58,19982.21;242.4223
19946.45,0.58,19982.21;242.4223
19946.45,0.58,19982.21;242.4223
19946.45,0.58,19982.21;242.4223
19946.45,0.58,19982.21;242.4223
19946.45,0.58,19982.21;242.4223
19946.45,0.58,19982.21;242.4223
19946.45,0.58,19982.21;242.4223
19946.45,0.58,19982.21;242.4223
19946.45,0.58,19982.21;242.4223
19946.45,0.58,19982.21;242.4223
19946.45,0.58,19982.21;242.4223
19946.45,0.58,19982.21;242.4223
19946.45,0.58,19982.21;242.4223
19946.45,0.58,19982.21;242.4223
19946.45,0.58,19982.21;242.4223
19946.45,0.58,19982.21;242.4223
19946.32,0.58,19982.14;241.9295
19946.09,0.58,19982.01;240.5544
19945.78,0.58,19981.82;238.5262
19945.38,0.58,19981.56;236.4864
19945.38,0.58,19981.56;236.4864
19944.89,0.58,19981.21;234.4581
19944.89,0.58,19981.21;234.4581
19944.89,0.58,19981.21;234.4581
19944.89,0.58,19981.21;234.4581
19944.89,0.58,19981.21;234.4581
19944.89,0.58,19981.21;234.4581
19944.89,0.58,19981.21;234.4581
19944.89,0.58,19981.21;234.4581
19944.89,0.58,19981.21;234.4581
19944.89,0.58,19981.21;234.4581
19944.89,0.58,19981.21;234.4581
19944.89,0.58,19981.21;234.4581
19944.89,0.58,19981.21;234.4581
19944.89,0.58,19981.21;234.4581
19944.89,0.58,19981.21;234.4581
19944.89,0.58,19981.21;234.4581
19944.89,0.58,19981.21;234.4581
19944.89,0.58,19981.21;234.4581
19944.89,0.58,19981.21;234.4581
19944.41,0.58,19980.85;232.7393
19943.95,0.58,19980.47;231.0662
19943.54,0.58,19980.13;230.0005
19943.54,0.58,19980.13;230.0005
19943.54,0.58,19980.13;230.0005
19943.54,0.58,19980.13;230.0005
19943.54,0.58,19980.13;230.0005
19943.54,0.58,19980.13;230.0005
19943.54,0.58,19980.13;230.0005
19943.54,0.58,19980.13;230.0005
19943.54,0.58,19980.13;230.0005
19943.18,0.58,19979.81;228.5338
19942.84,0.58,19979.48;226.1273
19942.51,0.58,19979.13;222.999
19942.51,0.58,19979.13;222.999
19942.18,0.58,19978.74;219.8706
19941.89,0.58,19978.33;216.4558
19941.65,0.58,19977.97;213.3389
19941.44,0.58,19977.61;210.5658
19941.25,0.58,19977.26;208.0792
19941.25,0.58,19977.26;208.0792
19941.07,0.58,19976.9;205.879
19940.88,0.58,19976.45;203.4841
19940.64,0.58,19975.81;200.7568
19940.4,0.58,19975.09;198.1326
19940.19,0.58,19974.32;195.5772
19940.01,0.58,19973.57;193.2396
19939.88,0.58,19972.95;191.28
19939.88,0.58,19972.95;191.28
19939.81,0.58,19972.49;189.5841
19939.77,0.58,19972.21;188.0371
19939.77,0.58,19972.21;188.0371
19939.77,0.58,19972.21;188.0371
19939.77,0.58,19972.21;188.0371
19939.77,0.58,19972.21;188.0371
19939.76,0.58,19972.09;185.7682
19939.76,0.58,19972.09;185.7682
19939.76,0.58,19972.09;185.7682
19939.76,0.58,19972.09;185.7682
19939.75,0.58,19971.99;183.0409
19939.75,0.58,19971.78;179.9126
19939.78,0.58,19971.32;176.6123
19939.86,0.58,19970.61;173.3923
19940.01,0.58,19969.66;171.0203
19940.01,0.58,19969.66;171.0203
19940.23,0.58,19968.55;168.9576
19940.51,0.58,19967.31;166.9752
19940.84,0.58,19966.1;165.0615
19941.18,0.58,19964.97;163.1364
19941.53,0.58,19963.92;161.2914
19941.53,0.58,19963.92;161.2914
19941.88,0.58,19962.99;159.6299
19942.18,0.58,19962.24;158.0829
19942.41,0.58,19961.71;156.4328
19942.65,0.58,19961.2;154.6222
19942.91,0.58,19960.71;152.5939
19942.91,0.58,19960.71;152.5939
19943.2,0.58,19960.2;150.5084
19943.54,0.58,19959.63;148.6176
19943.54,0.58,19959.63;148.6176
19943.54,0.58,19959.63;148.6176
19943.54,0.58,19959.63;148.6176
19943.54,0.58,19959.63;148.6176
19943.91,0.58,19959.07;147.0133
19943.91,0.58,19959.07;147.0133
19943.91,0.58,19959.07;147.0133
19943.91,0.58,19959.07;147.0133
19943.91,0.58,19959.07;147.0133
19943.91,0.58,19959.07;147.0133
19943.91,0.58,19959.07;147.0133
19943.91,0.58,19959.07;147.0133
19943.91,0.58,19959.07;147.0133
19943.91,0.58,19959.07;147.0133
19943.91,0.58,19959.07;147.0133
19943.91,0.58,19959.07;147.0133
19943.91,0.58,19959.07;147.0133
19943.91,0.58,19959.07;147.0133
19943.91,0.58,19959.07;147.0133
19943.91,0.58,19959.07;147.0133
19943.91,0.58,19959.07;147.0133
19943.91,0.58,19959.07;147.0133
19943.91,0.58,19959.07;147.0133
19943.91,0.58,19959.07;147.0133
19943.91,0.58,19959.07;147.0133
19943.91,0.58,19959.07;147.0133
19943.91,0.58,19959.07;147.0133
19943.91,0.58,19959.07;147.0133
19943.91,0.58,19959.07;147.0133
19943.91,0.58,19959.07;147.0133
19944.34,0.58,19958.43;145.833
19944.84,0.58,19957.73;144.3663
19944.84,0.58,19957.73;144.3663
19945.41,0.58,19956.99;142.487
19946.07,0.58,19956.2;140.1722
19946.93,0.58,19955.26;137.422
19947.79,0.58,19954.43;134.0645
19948.56,0.58,19953.76;130.7986
19949.23,0.58,19953.25;127.6474
19949.73,0.58,19952.91;124.5305
19950.02,0.58,19952.73;121.4594
19950.02,0.58,19952.73;121.4594
19950.2,0.58,19952.63;118.7092
19950.32,0.58,19952.57;116.3601
19950.32,0.58,19952.57;116.3601
19950.32,0.58,19952.57;116.3601
19950.32,0.58,19952.57;116.3601
19950.32,0.58,19952.57;116.3601
19950.32,0.58,19952.57;116.3601
19950.32,0.58,19952.57;116.3601
19950.32,0.58,19952.57;116.3601
19950.32,0.58,19952.57;116.3601
19950.32,0.58,19952.57;116.3601
19950.32,0.58,19952.57;116.3601
19950.32,0.58,19952.57;116.3601
19950.32,0.58,19952.57;116.3601
19950.32,0.58,19952.57;116.3601
19950.32,0.58,19952.57;116.3601
19950.32,0.58,19952.57;116.3601
19950.32,0.58,19952.57;116.3601
19950.32,0.58,19952.57;116.3601
19950.32,0.58,19952.57;116.3601
19950.32,0.58,19952.57;116.3601
19950.32,0.58,19952.57;116.3601
19950.32,0.58,19952.57;116.3601
19950.32,0.58,19952.57;116.3601
19950.32,0.58,19952.57;116.3601
19950.32,0.58,19952.57;116.3601
19950.32,0.58,19952.57;116.3601
19950.32,0.58,19952.57;116.3601
19950.32,0.58,19952.57;116.3601
19950.32,0.58,19952.57;116.3601
19950.32,0.58,19952.57;116.3601
19950.32,0.58,19952.57;116.3601
19950.32,0.58,19952.57;116.3601
19950.32,0.58,19952.57;116.3601
19950.32,0.58,19952.57;116.3601
19950.36,0.58,19952.55;114.7444
19950.4,0.58,19952.54;113.9078
19950.4,0.58,19952.54;113.9078
19950.4,0.58,19952.54;113.9078
19950.43,0.58,19952.52;113.7933
19950.43,0.58,19952.52;113.7933
19950.43,0.58,19952.52;113.7933
19950.43,0.58,19952.52;113.7933
19950.43,0.58,19952.52;113.7933
19950.43,0.58,19952.52;113.7933
19950.43,0.58,19952.52;113.7933
19950.43,0.58,19952.52;113.7933
19950.44,0.58,19952.52;114.1828
19950.41,0.58,19952.53;115.4548
19950.33,0.58,19952.57;118.1248
19950.33,0.58,19952.57;118.1248
19950.21,0.58,19952.65;122.0782
19950.09,0.58,19952.74;127.2807
19949.97,0.58,19952.85;133.7322
19949.92,0.58,19952.92;141.0087
19949.92,0.58,19952.92;141.0087
19949.93,0.58,19952.9;148.2853
19949.99,0.58,19952.78;155.5618
19950.05,0.58,19952.58;162.8384
19950.09,0.58,19952.33;170.115
19950.1,0.58,19952.07;177.3915
19950.1,0.58,19952.07;177.3915
19950.09,0.58,19951.83;183.4305
19950.06,0.58,19951.61;188.0142
19950.01,0.58,19951.38;191.1425
19950.01,0.58,19951.38;191.1425
19950.01,0.58,19951.38;191.1425
19950.01,0.58,19951.38;191.1425
19950.01,0.58,19951.38;191.1425
19950.01,0.58,19951.38;191.1425
19950.01,0.58,19951.38;191.1425
19950.01,0.58,19951.38;191.1425
19950.01,0.58,19951.38;191.1425
19950.01,0.58,19951.38;191.1425
19950.01,0.58,19951.38;191.1425
19950.01,0.58,19951.38;191.1425
19950.01,0.58,19951.38;191.1425
19950.01,0.58,19951.38;191.1425
19950.01,0.58,19951.38;191.1425
19950.01,0.58,19951.38;191.1425
19950.01,0.58,19951.38;191.1425
19950.01,0.58,19951.38;191.1425
19950.01,0.58,19951.38;191.1425
19950.01,0.58,19951.38;191.1425
19949.97,0.58,19951.2;192.7583
19949.93,0.58,19951.02;192.8385
19949.93,0.58,19951.02;192.8385
19949.93,0.58,19951.02;192.8385
19949.93,0.58,19951.02;192.8385
19949.93,0.58,19951.02;192.8385
19949.93,0.58,19951.02;192.8385
19949.93,0.58,19951.02;192.8385
19949.93,0.58,19951.02;192.8385
19949.93,0.58,19951.02;192.8385
19949.93,0.58,19951.02;192.8385
19949.93,0.58,19951.02;192.8385
19949.93,0.58,19951.02;192.8385
19949.87,0.58,19950.74;192.701
19949.87,0.58,19950.74;192.701
19949.87,0.58,19950.74;192.701
19949.87,0.58,19950.74;192.701
19949.87,0.58,19950.74;192.701
19949.87,0.58,19950.74;192.701
19949.87,0.58,19950.74;192.701
19949.87,0.58,19950.74;192.701
19949.87,0.58,19950.74;192.701
19949.87,0.58,19950.74;192.701
19949.87,0.58,19950.74;192.701
19949.87,0.58,19950.74;192.701
19949.87,0.58,19950.74;192.701
19949.87,0.58,19950.74;192.701
19949.87,0.58,19950.74;192.701
19949.87,0.58,19950.74;192.701
19949.87,0.58,19950.74;192.701
19949.87,0.58,19950.74;192.701
19949.87,0.58,19950.74;192.701
19949.87,0.58,19950.74;192.701
19949.87,0.58,19950.74;192.701
19949.87,0.58,19950.74;192.701
19949.87,0.58,19950.74;192.701
19949.87,0.58,19950.74;192.701
19949.87,0.58,19950.74;192.701
19949.87,0.58,19950.74;192.701
19949.87,0.58,19950.74;192.701
19949.87,0.58,19950.74;192.701
19949.77,0.58,19950.28;192.4489
19949.64,0.58,19949.64;190.9592
19949.51,0.58,19948.79;188.6444
19949.51,0.58,19948.79;188.6444
19949.41,0.58,19947.76;185.7223
19949.37,0.58,19946.67;182.3304
19949.39,0.58,19945.72;178.7093
19949.44,0.58,19944.99;176.131
19949.44,0.58,19944.99;176.131
19949.51,0.58,19944.3;174.2976
19949.59,0.58,19943.58;173.0141
19949.7,0.58,19942.83;172.0401
19949.84,0.58,19941.93;171.3297
19949.99,0.58,19940.96;170.8484
19949.99,0.58,19940.96;170.8484
19949.99,0.58,19940.96;170.8484
19949.99,0.58,19940.96;170.8484
19949.99,0.58,19940.96;170.8484
19949.99,0.58,19940.96;170.8484
19949.99,0.58,19940.96;170.8484
19949.99,0.58,19940.96;170.8484
19949.99,0.58,19940.96;170.8484
19949.99,0.58,19940.96;170.8484
19949.99,0.58,19940.96;170.8484
19950.13,0.58,19940.17;170.1837
19950.27,0.58,19939.43;168.9461
19950.27,0.58,19939.43;168.9461
19950.45,0.58,19938.68;167.0325
19950.66,0.58,19937.91;164.4541
19950.96,0.58,19937;161.6352
19950.96,0.58,19937;161.6352
19950.96,0.58,19937;161.6352
19950.96,0.58,19937;161.6352
19950.96,0.58,19937;161.6352
19951.4,0.58,19935.88;158.5871
19951.93,0.58,19934.72;155.516
19952.51,0.58,19933.59;152.6512
19953.15,0.58,19932.49;149.8208
19953.85,0.58,19931.43;146.6466
19954.6,0.58,19930.41;143.7131
19954.6,0.58,19930.41;143.7131
19955.4,0.58,19929.42;141.2837
19956.22,0.58,19928.45;139.4846
19957.06,0.58,19927.5;138.82
19957.88,0.58,19926.54;139.3357
19958.69,0.58,19925.55;140.8827
19958.69,0.58,19925.55;140.8827
19959.44,0.58,19924.53;143.4839
19960.14,0.58,19923.46;146.8414
19960.76,0.58,19922.36;150.3938
19961.33,0.58,19921.22;153.7399
19961.83,0.58,19920.05;156.7536
19961.83,0.58,19920.05;156.7536
19962.28,0.58,19918.87;159.16
19962.69,0.58,19917.67;161.1539
19963.06,0.58,19916.45;162.7697
19963.39,0.58,19915.32;164.0187
19963.39,0.58,19915.32;164.0187
19963.39,0.58,19915.32;164.0187
19963.39,0.58,19915.32;164.0187
19963.39,0.58,19915.32;164.0187
19963.39,0.58,19915.32;164.0187
19963.39,0.58,19915.32;164.0187
19963.39,0.58,19915.32;164.0187
19963.39,0.58,19915.32;164.0187
19963.39,0.58,19915.32;164.0187
19963.39,0.58,19915.32;164.0187
19963.39,0.58,19915.32;164.0187
19963.39,0.58,19915.32;164.0187
19963.39,0.58,19915.32;164.0187
19963.39,0.58,19915.32;164.0187
19963.39,0.58,19915.32;164.0187
19963.39,0.58,19915.32;164.0187
19963.39,0.58,19915.32;164.0187
19963.39,0.58,19915.32;164.0187
19963.39,0.58,19915.32;164.0187
19963.39,0.58,19915.32;164.0187
19963.39,0.58,19915.32;164.0187
19963.39,0.58,19915.32;164.0187
19963.39,0.58,19915.32;164.0187
19963.39,0.58,19915.32;164.0187
19963.39,0.58,19915.32;164.0187
19963.39,0.58,19915.32;164.0187
19963.39,0.58,19915.32;164.0187
19963.39,0.58,19915.32;164.0187
19963.39,0.58,19915.32;164.0187
19963.39,0.58,19915.32;164.0187
19963.39,0.58,19915.32;164.0187
19963.39,0.58,19915.32;164.0187
19963.39,0.58,19915.32;164.0187
19963.39,0.58,19915.32;164.0187
19963.39,0.58,19915.32;164.0187
19963.39,0.58,19915.32;164.0187
19963.39,0.58,19915.32;164.0187
19963.39,0.58,19915.32;164.0187
19963.39,0.58,19915.32;164.0187
19963.67,0.58,19914.3;164.8438
19963.9,0.58,19913.39;165.3938
19964.11,0.58,19912.57;165.5657
19964.31,0.58,19911.84;164.5
19964.31,0.58,19911.84;164.5
19964.54,0.58,19911.13;162.3686
19964.79,0.58,19910.46;159.2746
19965.11,0.58,19909.78;155.2525
19965.49,0.58,19909.11;150.2906
19965.49,0.58,19909.11;150.2906
19965.83,0.58,19908.61;145.409
19965.83,0.58,19908.61;145.409
19965.83,0.58,19908.61;145.409
19965.83,0.58,19908.61;145.409
19965.83,0.58,19908.61;145.409
19965.83,0.58,19908.61;145.409
19965.83,0.58,19908.61;145.409
19965.83,0.58,19908.61;145.409
19965.83,0.58,19908.61;145.409
19965.83,0.58,19908.61;145.409
19965.83,0.58,19908.61;145.409
19966.12,0.58,19908.26;141.215
19966.43,0.58,19907.91;137.9606
19966.43,0.58,19907.91;137.9606
19966.43,0.58,19907.91;137.9606
19966.43,0.58,19907.91;137.9606
19966.43,0.58,19907.91;137.9606
19966.43,0.58,19907.91;137.9606
19966.43,0.58,19907.91;137.9606
19966.43,0.58,19907.91;137.9606
19966.43,0.58,19907.91;137.9606
19966.43,0.58,19907.91;137.9606
19966.43,0.58,19907.91;137.9606
19966.43,0.58,19907.91;137.9606
19966.43,0.58,19907.91;137.9606
19966.43,0.58,19907.91;137.9606
19966.43,0.58,19907.91;137.9606
19966.43,0.58,19907.91;137.9606
19966.43,0.58,19907.91;137.9606
19966.43,0.58,19907.91;137.9606
19966.43,0.58,19907.91;137.9606
19966.43,0.58,19907.91;137.9606
19966.43,0.58,19907.91;137.9606
19966.43,0.58,19907.91;137.9606
19966.43,0.58,19907.91;137.9606
19966.43,0.58,19907.91;137.9606
19966.43,0.58,19907.91;137.9606
19966.43,0.58,19907.91;137.9606
19966.43,0.58,19907.91;137.9606
19966.43,0.58,19907.91;137.9606
19966.43,0.58,19907.91;137.9606
19966.43,0.58,19907.91;137.9606
19966.43,0.58,19907.91;137.9606
19966.43,0.58,19907.91;137.9606
19966.73,0.58,19907.61;134.9812
19967.03,0.58,19907.34;131.9789
19967.03,0.58,19907.34;131.9789
19967.43,0.58,19907.02;128.9766
19967.86,0.58,19906.72;125.3211
19967.86,0.58,19906.72;125.3211
19967.86,0.58,19906.72;125.3211
19967.86,0.58,19906.72;125.3211
19967.86,0.58,19906.72;125.3211
19967.86,0.58,19906.72;125.3211
19967.86,0.58,19906.72;125.3211
19967.86,0.58,19906.72;125.3211
19967.86,0.58,19906.72;125.3211
19967.86,0.58,19906.72;125.3211
19967.86,0.58,19906.72;125.3211
19967.86,0.58,19906.72;125.3211
19967.86,0.58,19906.72;125.3211
19967.86,0.58,19906.72;125.3211
19967.86,0.58,19906.72;125.3211
19967.86,0.58,19906.72;125.3211
19967.86,0.58,19906.72;125.3211
19967.86,0.58,19906.72;125.3211
19968.22,0.58,19906.49;121.7
19968.22,0.58,19906.49;121.7
19968.22,0.58,19906.49;121.7
19968.22,0.58,19906.49;121.7
19968.22,0.58,19906.49;121.7
19968.22,0.58,19906.49;121.7
19968.22,0.58,19906.49;121.7
19968.22,0.58,19906.49;121.7
19968.22,0.58,19906.49;121.7
19968.22,0.58,19906.49;121.7
19968.22,0.58,19906.49;121.7
19968.22,0.58,19906.49;121.7
19968.22,0.58,19906.49;121.7
19968.22,0.58,19906.49;121.7
19968.22,0.58,19906.49;121.7
19968.22,0.58,19906.49;121.7
19968.22,0.58,19906.49;121.7
19968.22,0.58,19906.49;121.7
19968.22,0.58,19906.49;121.7
19968.22,0.58,19906.49;121.7
19968.22,0.58,19906.49;121.7
19968.22,0.58,19906.49;121.7
19968.22,0.58,19906.49;121.7
19968.22,0.58,19906.49;121.7
19968.22,0.58,19906.49;121.7
19968.22,0.58,19906.49;121.7
19968.22,0.58,19906.49;121.7
19968.22,0.58,19906.49;121.7
19968.22,0.58,19906.49;121.7
19968.22,0.58,19906.49;121.7
19968.22,0.58,19906.49;121.7
19968.22,0.58,19906.49;121.7
19968.22,0.58,19906.49;121.7
19968.22,0.58,19906.49;121.7
19968.22,0.58,19906.49;121.7
19968.22,0.58,19906.49;121.7
19968.22,0.58,19906.49;121.7
19968.22,0.58,19906.49;121.7
19968.22,0.58,19906.49;121.7
19968.22,0.58,19906.49;121.7
19968.22,0.58,19906.49;121.7
19968.22,0.58,19906.49;121.7
19968.22,0.58,19906.49;121.7
19968.22,0.58,19906.49;121.7
19968.22,0.58,19906.49;121.7
19968.22,0.58,19906.49;121.7
19968.22,0.58,19906.49;121.7
19968.22,0.58,19906.49;121.7
19968.22,0.58,19906.49;121.7
19968.22,0.58,19906.49;121.7
19968.5,0.58,19906.34;118.7207
19968.5,0.58,19906.34;118.7207
19968.7,0.58,19906.24;116.6924
19968.81,0.58,19906.19;115.4777
19968.93,0.58,19906.13;115.2027
19969.04,0.58,19906.08;114.9506
19969.13,0.58,19906.04;114.7902
19969.13,0.58,19906.04;114.7902
19969.19,0.58,19906.01;114.7558
19969.2,0.58,19906.01;114.9621
19969.2,0.58,19906.01;115.2142
19969.2,0.58,19906.01;115.2142
19969.2,0.58,19906.01;115.2142
19969.2,0.58,19906.01;115.2142
19969.2,0.58,19906.01;115.2142
19969.18,0.58,19906.02;115.5006
19969.16,0.58,19906.03;115.7757
19969.14,0.58,19906.04;116.0278
19969.14,0.58,19906.04;116.0278
19969.14,0.58,19906.04;116.0278
19969.13,0.58,19906.04;116.108
19969.13,0.58,19906.04;116.0736
19969.14,0.58,19906.03;115.8788
19969.17,0.58,19906.02;115.4319
19969.17,0.58,19906.02;115.4319
19969.21,0.58,19906;114.4922
19969.27,0.58,19905.98;113.0942
19969.36,0.58,19905.94;111.0201
19969.51,0.58,19905.89;107.9376
19969.75,0.58,19905.84;103.6404
19969.75,0.58,19905.84;103.6404
19970.09,0.58,19905.79;98.32336
19970.56,0.58,19905.77;92.04374
19971.06,0.58,19905.81;85.08804
19971.64,0.58,19905.94;77.81147
19972.29,0.58,19906.17;70.5349
19973.01,0.58,19906.53;63.25834
19973.77,0.58,19907.04;55.98178
19973.77,0.58,19907.04;55.98178
19974.59,0.58,19907.76;48.70522
19975.38,0.58,19908.66;41.42865
19976.08,0.58,19909.7;34.15209
19976.66,0.58,19910.83;26.87552
19977.09,0.58,19912.03;19.72501
19977.09,0.58,19912.03;19.72501
19977.09,0.58,19912.03;19.72501
19977.09,0.58,19912.03;19.72501
19977.09,0.58,19912.03;19.72501
19977.09,0.58,19912.03;19.72501
19977.09,0.58,19912.03;19.72501
19977.09,0.58,19912.03;19.72501
19977.09,0.58,19912.03;19.72501
19977.09,0.58,19912.03;19.72501
19977.09,0.58,19912.03;19.72501
19977.09,0.58,19912.03;19.72501
19977.09,0.58,19912.03;19.72501
19977.09,0.58,19912.03;19.72501
19977.09,0.58,19912.03;19.72501
19977.09,0.58,19912.03;19.72501
19977.09,0.58,19912.03;19.72501
19977.09,0.58,19912.03;19.72501
19977.09,0.58,19912.03;19.72501
19977.09,0.58,19912.03;19.72501
19977.09,0.58,19912.03;19.72501
19977.09,0.58,19912.03;19.72501
19977.09,0.58,19912.03;19.72501
19977.09,0.58,19912.03;19.72501
19977.09,0.58,19912.03;19.72501
19977.09,0.58,19912.03;19.72501
19977.09,0.58,19912.03;19.72501
19977.09,0.58,19912.03;19.72501
19977.09,0.58,19912.03;19.72501
19977.09,0.58,19912.03;19.72501
19977.09,0.58,19912.03;19.72501
19977.09,0.58,19912.03;19.72501
19977.09,0.58,19912.03;19.72501
19977.09,0.58,19912.03;19.72501
19977.09,0.58,19912.03;19.72501
19977.09,0.58,19912.03;19.72501
19977.09,0.58,19912.03;19.72501
19977.09,0.58,19912.03;19.72501
19977.09,0.58,19912.03;19.72501
19977.09,0.58,19912.03;19.72501
19977.09,0.58,19912.03;19.72501
19977.09,0.58,19912.03;19.72501
19977.09,0.58,19912.03;19.72501
19977.09,0.58,19912.03;19.72501
19977.09,0.58,19912.03;19.72501
19977.09,0.58,19912.03;19.72501
19977.09,0.58,19912.03;19.72501
19977.09,0.58,19912.03;19.72501
19977.09,0.58,19912.03;19.72501
19977.09,0.58,19912.03;19.72501
19977.09,0.58,19912.03;19.72501
19977.09,0.58,19912.03;19.72501
19977.09,0.58,19912.03;19.72501
19977.09,0.58,19912.03;19.72501
19977.09,0.58,19912.03;19.72501
19977.09,0.58,19912.03;19.72501
19977.09,0.58,19912.03;19.72501
19977.09,0.58,19912.03;19.72501
19977.09,0.58,19912.03;19.72501
19977.09,0.58,19912.03;19.72501
19977.09,0.58,19912.03;19.72501
19977.09,0.58,19912.03;19.72501
19977.09,0.58,19912.03;19.72501
19977.09,0.58,19912.03;19.72501
19977.09,0.58,19912.03;19.72501
19977.09,0.58,19912.03;19.72501
19977.09,0.58,19912.03;19.72501
19977.09,0.58,19912.03;19.72501
19977.09,0.58,19912.03;19.72501
19977.09,0.58,19912.03;19.72501
19977.09,0.58,19912.03;19.72501
19977.09,0.58,19912.03;19.72501
19977.09,0.58,19912.03;19.72501
19977.09,0.58,19912.03;19.72501
19977.09,0.58,19912.03;19.72501
19977.09,0.58,19912.03;19.72501
19977.09,0.58,19912.03;19.72501
19977.09,0.58,19912.03;19.72501
19977.09,0.58,19912.03;19.72501
19977.09,0.58,19912.03;19.72501
19977.09,0.58,19912.03;19.72501
19977.09,0.58,19912.03;19.72501
19977.09,0.58,19912.03;19.72501
19977.09,0.58,19912.03;19.72501
19977.09,0.58,19912.03;19.72501
19977.09,0.58,19912.03;19.72501
19977.09,0.58,19912.03;19.72501
19977.09,0.58,19912.03;19.72501
19977.09,0.58,19912.03;19.72501
19977.09,0.58,19912.03;19.72501
19977.09,0.58,19912.03;19.72501
19977.09,0.58,19912.03;19.72501
19977.09,0.58,19912.03;19.72501
19977.09,0.58,19912.03;19.72501
19977.09,0.58,19912.03;19.72501
19977.09,0.58,19912.03;19.72501
19977.09,0.58,19912.03;19.72501
19977.09,0.58,19912.03;19.72501
19977.09,0.58,19912.03;19.72501
19977.09,0.58,19912.03;19.72501
19977.09,0.58,19912.03;19.72501
19977.09,0.58,19912.03;19.72501
19977.09,0.58,19912.03;19.72501
19977.09,0.58,19912.03;19.72501
19977.09,0.58,19912.03;19.72501
19977.09,0.58,19912.03;19.72501
19977.09,0.58,19912.03;19.72501
19977.09,0.58,19912.03;19.72501
19977.09,0.58,19912.03;19.72501
19977.09,0.58,19912.03;19.72501
19977.09,0.58,19912.03;19.72501
19977.09,0.58,19912.03;19.72501
19977.09,0.58,19912.03;19.72501
19977.09,0.58,19912.03;19.72501
19977.09,0.58,19912.03;19.72501
19977.09,0.58,19912.03;19.72501
19977.09,0.58,19912.03;19.72501
19977.09,0.58,19912.03;19.72501
19977.09,0.58,19912.03;19.72501
19977.09,0.58,19912.03;19.72501
19977.09,0.58,19912.03;19.72501
19977.09,0.58,19912.03;19.72501
19977.09,0.58,19912.03;19.72501
19977.09,0.58,19912.03;19.72501
19977.09,0.58,19912.03;19.72501
19977.09,0.58,19912.03;19.72501
19977.09,0.58,19912.03;19.72501
19977.09,0.58,19912.03;19.72501
19977.09,0.58,19912.03;19.72501
19977.09,0.58,19912.03;19.72501
19977.09,0.58,19912.03;19.72501
19977.09,0.58,19912.03;19.72501
19977.09,0.58,19912.03;19.72501
19977.09,0.58,19912.03;19.72501
19977.09,0.58,19912.03;19.72501
19977.09,0.58,19912.03;19.72501
19977.09,0.58,19912.03;19.72501
19977.09,0.58,19912.03;19.72501
19977.09,0.58,19912.03;19.72501
19977.09,0.58,19912.03;19.72501
19977.09,0.58,19912.03;19.72501
19977.09,0.58,19912.03;19.72501
19977.09,0.58,19912.03;19.72501
19977.09,0.58,19912.03;19.72501
19977.09,0.58,19912.03;19.72501
19977.09,0.58,19912.03;19.72501
19977.09,0.58,19912.03;19.72501
19977.09,0.58,19912.03;19.72501
19977.09,0.58,19912.03;19.72501
19977.09,0.58,19912.03;19.72501
19977.09,0.58,19912.03;19.72501
19977.09,0.58,19912.03;19.72501
19977.09,0.58,19912.03;19.72501
19977.09,0.58,19912.03;19.72501
19977.09,0.58,19912.03;19.72501
19977.09,0.58,19912.03;19.72501
19977.09,0.58,19912.03;19.72501
19977.09,0.58,19912.03;19.72501
19977.09,0.58,19912.03;19.72501
19977.09,0.58,19912.03;19.72501
19977.09,0.58,19912.03;19.72501
19977.38,0.58,19913.26;13.65166
19977.57,0.58,19914.52;8.368988
19977.67,0.58,19915.78;4.30099
19977.7,0.58,19917.05;1.676845
19977.72,0.58,19918.32;0.6111391
19977.72,0.58,19918.32;0.6111391
19977.72,0.58,19919.59;0.3246577
19977.75,0.58,19920.86;1.195549
19977.8,0.58,19922.13;2.375839
19977.8,0.58,19922.13;2.375839
19977.8,0.58,19922.13;2.375839
19977.8,0.58,19922.13;2.375839
19977.8,0.58,19922.13;2.375839
19977.8,0.58,19922.13;2.375839
19977.89,0.58,19923.4;3.819694
19978.03,0.58,19924.66;6.489672
19978.26,0.58,19925.91;10.2139
19978.26,0.58,19925.91;10.2139
19978.58,0.58,19927.14;14.90069
19979.04,0.58,19928.32;20.97404
19979.64,0.58,19929.44;28.25061
19980.38,0.58,19930.47;35.52718
19980.38,0.58,19930.47;35.52718
19981.24,0.58,19931.41;42.80374
19982.21,0.58,19932.22;50.08031
19983.28,0.58,19932.91;57.35686
19984.43,0.58,19933.45;64.63343
19985.64,0.58,19933.85;71.91001
19985.64,0.58,19933.85;71.91001
19986.7,0.58,19934.05;79.16366
19987.45,0.58,19934.1;85.83289
19987.85,0.58,19934.09;91.8031
19987.9,0.58,19934.09;96.40968
19987.9,0.58,19934.09;96.40968
19987.9,0.58,19934.09;96.40968
19987.9,0.58,19934.09;96.40968
19987.9,0.58,19934.09;96.40968
19987.9,0.58,19934.09;96.40968
19987.9,0.58,19934.09;96.40968
19987.9,0.58,19934.09;96.40968
19987.9,0.58,19934.09;96.40968
19987.9,0.58,19934.09;96.40968
19987.9,0.58,19934.09;96.40968
19987.9,0.58,19934.09;96.40968
19987.9,0.58,19934.09;96.40968
19987.9,0.58,19934.09;96.40968
19987.9,0.58,19934.09;96.40968
19987.9,0.58,19934.09;96.40968
19987.9,0.58,19934.09;96.40968
19987.9,0.58,19934.09;96.40968
19987.9,0.58,19934.09;96.40968
19987.9,0.58,19934.09;96.40968
19987.9,0.58,19934.09;96.40968
19987.9,0.58,19934.09;96.40968
19987.9,0.58,19934.09;96.40968
19987.9,0.58,19934.09;96.40968
19987.9,0.58,19934.09;96.40968
19987.9,0.58,19934.09;96.40968
19987.63,0.58,19934.13;99.68699
19987.23,0.58,19934.21;101.8298
19986.86,0.58,19934.3;103.2852
19986.55,0.58,19934.38;104.1102
19986.33,0.58,19934.44;104.9582
19986.2,0.58,19934.47;105.8062
19986.21,0.58,19934.47;106.3791
19986.21,0.58,19934.47;106.3791
19986.31,0.58,19934.44;106.7687
19986.5,0.58,19934.38;106.9979
19986.79,0.58,19934.3;106.9979
19987.12,0.58,19934.2;106.7
19987.48,0.58,19934.09;106.0926
19987.48,0.58,19934.09;106.0926
19987.88,0.58,19933.98;105.2676
19988.33,0.58,19933.87;104.3508
19988.8,0.58,19933.76;103.4914
19988.8,0.58,19933.76;103.4914
19989.25,0.58,19933.65;102.8153
19989.25,0.58,19933.65;102.8153
19989.64,0.58,19933.57;102.4142
19989.98,0.58,19933.49;102.1163
19990.28,0.58,19933.43;101.8184
19990.57,0.58,19933.37;101.5204
19990.57,0.58,19933.37;101.5204
19990.88,0.58,19933.31;101.1652
19991.23,0.58,19933.25;100.7756
19991.62,0.58,19933.17;100.4777
19992.07,0.58,19933.09;100.111
19992.63,0.58,19933;99.4005
19992.63,0.58,19933;99.4005
19993.36,0.58,19932.89;98.20875
19994.26,0.58,19932.79;96.593
19995.33,0.58,19932.7;94.7137
19996.53,0.58,19932.64;93.02921
19997.79,0.58,19932.6;91.73432
19997.79,0.58,19932.6;91.73432
19997.79,0.58,19932.6;91.73432
19997.79,0.58,19932.6;91.73432
19997.79,0.58,19932.6;91.73432
19999.06,0.58,19932.58;90.73738
20000.33,0.58,19932.59;89.75191
20000.33,0.58,19932.59;89.75191
20001.6,0.58,19932.62;88.65182
20002.87,0.58,19932.68;87.50591
20002.87,0.58,19932.68;87.50591
20002.87,0.58,19932.68;87.50591
20002.87,0.58,19932.68;87.50591
20002.87,0.58,19932.68;87.50591
20002.87,0.58,19932.68;87.50591
20002.87,0.58,19932.68;87.50591
20002.87,0.58,19932.68;87.50591
20002.87,0.58,19932.68;87.50591
20002.87,0.58,19932.68;87.50591
20002.87,0.58,19932.68;87.50591
20002.87,0.58,19932.68;87.50591
20002.87,0.58,19932.68;87.50591
20002.87,0.58,19932.68;87.50591
20002.87,0.58,19932.68;87.50591
20002.87,0.58,19932.68;87.50591
20002.87,0.58,19932.68;87.50591
20002.87,0.58,19932.68;87.50591
20004.13,0.58,19932.76;86.35999
20005.3,0.58,19932.85;85.38596
20006.4,0.58,19932.95;84.82448
20007.48,0.58,19933.05;84.41193
20008.53,0.58,19933.17;83.62125
20008.53,0.58,19933.17;83.62125
20009.55,0.58,19933.31;82.21178
20010.67,0.58,19933.51;80.13766
20011.83,0.58,19933.77;77.42184
20013,0.58,19934.09;74.49976
20013,0.58,19934.09;74.49976
20013,0.58,19934.09;74.49976
20013,0.58,19934.09;74.49976
20013,0.58,19934.09;74.49976
20013,0.58,19934.09;74.49976
20013,0.58,19934.09;74.49976
20013,0.58,19934.09;74.49976
20013,0.58,19934.09;74.49976
20013,0.58,19934.09;74.49976
20013,0.58,19934.09;74.49976
20013,0.58,19934.09;74.49976
20014.18,0.58,19934.47;71.95583
20015.38,0.58,19934.91;69.9734
20015.38,0.58,19934.91;69.9734
20016.56,0.58,19935.38;68.39203
20017.73,0.58,19935.88;66.99401
20018.88,0.58,19936.4;65.41264
20020.02,0.58,19936.98;63.1781
20020.02,0.58,19936.98;63.1781
20021.12,0.58,19937.6;60.33623
20022.19,0.58,19938.29;57.12766
20023.21,0.58,19939.04;53.73575
20024.19,0.58,19939.85;50.4699
20025.12,0.58,19940.72;47.20404
20025.12,0.58,19940.72;47.20404
20026,0.58,19941.63;43.94964
20026.83,0.58,19942.59;40.78691
20027.61,0.58,19943.6;37.79607
20028.34,0.58,19944.63;35.0688
20029.03,0.58,19945.7;33.00615
20029.03,0.58,19945.7;33.00615
20029.7,0.58,19946.78;31.60813
20030.35,0.58,19947.87;31.06955
20031.01,0.58,19948.96;31.17269
20031.58,0.58,19949.87;31.72272
20031.58,0.58,19949.87;31.72272
20031.58,0.58,19949.87;31.72272
20031.58,0.58,19949.87;31.72272
20031.58,0.58,19949.87;31.72272
20031.58,0.58,19949.87;31.72272
20031.58,0.58,19949.87;31.72272
20031.58,0.58,19949.87;31.72272
20031.58,0.58,19949.87;31.72272
20031.58,0.58,19949.87;31.72272
20031.58,0.58,19949.87;31.72272
20031.58,0.58,19949.87;31.72272
20032.02,0.58,19950.56;32.73113
20032.35,0.58,19951.04;34.04893
20032.35,0.58,19951.04;34.04893
20032.54,0.58,19951.31;35.44695
20032.54,0.58,19951.31;35.44695
20032.59,0.58,19951.38;36.98248
20032.61,0.58,19951.41;38.5753
20032.61,0.58,19951.41;38.5753
20032.61,0.58,19951.41;38.5753
20032.61,0.58,19951.41;38.5753
20032.61,0.58,19951.41;38.5753
20032.61,0.58,19951.41;38.5753
20032.65,0.58,19951.46;39.99624
20032.71,0.58,19951.53;41.33696
20032.8,0.58,19951.63;42.55162
20032.8,0.58,19951.63;42.55162
20032.8,0.58,19951.63;42.55162
20032.8,0.58,19951.63;42.55162
20032.8,0.58,19951.63;42.55162
20032.9,0.58,19951.73;43.53711
20032.9,0.58,19951.73;43.53711
20032.9,0.58,19951.73;43.53711
20032.9,0.58,19951.73;43.53711
20032.9,0.58,19951.73;43.53711
20032.9,0.58,19951.73;43.53711
20032.9,0.58,19951.73;43.53711
20032.9,0.58,19951.73;43.53711
20032.9,0.58,19951.73;43.53711
20032.9,0.58,19951.73;43.53711
20032.9,0.58,19951.73;43.53711
20032.9,0.58,19951.73;43.53711
20032.9,0.58,19951.73;43.53711
20032.9,0.58,19951.73;43.53711
20032.9,0.58,19951.73;43.53711
20032.9,0.58,19951.73;43.53711
20032.9,0.58,19951.73;43.53711
20032.9,0.58,19951.73;43.53711
20032.9,0.58,19951.73;43.53711
20032.9,0.58,19951.73;43.53711
20032.9,0.58,19951.73;43.53711
20032.9,0.58,19951.73;43.53711
20032.9,0.58,19951.73;43.53711
20032.9,0.58,19951.73;43.53711
20032.9,0.58,19951.73;43.53711
20032.9,0.58,19951.73;43.53711
20032.9,0.58,19951.73;43.53711
20032.9,0.58,19951.73;43.53711
20032.9,0.58,19951.73;43.53711
20032.9,0.58,19951.73;43.53711
20032.9,0.58,19951.73;43.53711
20032.9,0.58,19951.73;43.53711
20032.9,0.58,19951.73;43.53711
20032.9,0.58,19951.73;43.53711
20032.9,0.58,19951.73;43.53711
20032.9,0.58,19951.73;43.53711
20032.9,0.58,19951.73;43.53711
20032.9,0.58,19951.73;43.53711
20032.9,0.58,19951.73;43.53711
20032.9,0.58,19951.73;43.53711
20032.9,0.58,19951.73;43.53711
20032.9,0.58,19951.73;43.53711
20032.9,0.58,19951.73;43.53711
20032.9,0.58,19951.73;43.53711
20032.9,0.58,19951.73;43.53711
20032.9,0.58,19951.73;43.53711
20032.9,0.58,19951.73;43.53711
20032.9,0.58,19951.73;43.53711
20032.9,0.58,19951.73;43.53711
20032.9,0.58,19951.73;43.53711
20032.9,0.58,19951.73;43.53711
20032.9,0.58,19951.73;43.53711
20032.9,0.58,19951.73;43.53711
20032.9,0.58,19951.73;43.53711
20032.9,0.58,19951.73;43.53711
20033,0.58,19951.83;44.20174
20033,0.58,19951.83;44.20174
20033,0.58,19951.83;44.20174
20033,0.58,19951.83;44.20174
20033,0.58,19951.83;44.20174
20033,0.58,19951.83;44.20174
20033,0.58,19951.83;44.20174
20033,0.58,19951.83;44.20174
20033,0.58,19951.83;44.20174
20033,0.58,19951.83;44.20174
20033,0.58,19951.83;44.20174
20033,0.58,19951.83;44.20174
20033,0.58,19951.83;44.20174
20033,0.58,19951.83;44.20174
20033,0.58,19951.83;44.20174
20033.09,0.58,19951.92;43.83505
20033.09,0.58,19951.92;43.83505
20033.09,0.58,19951.92;43.83505
20033.09,0.58,19951.92;43.83505
20033.09,0.58,19951.92;43.83505
20033.09,0.58,19951.92;43.83505
20033.09,0.58,19951.92;43.83505
20033.09,0.58,19951.92;43.83505
20033.09,0.58,19951.92;43.83505
20033.09,0.58,19951.92;43.83505
20033.09,0.58,19951.92;43.83505
20033.09,0.58,19951.92;43.83505
20033.09,0.58,19951.92;43.83505
20033.09,0.58,19951.92;43.83505
20033.09,0.58,19951.92;43.83505
20033.09,0.58,19951.92;43.83505
20033.09,0.58,19951.92;43.83505
20033.09,0.58,19951.92;43.83505
20033.09,0.58,19951.92;43.83505
20033.09,0.58,19951.92;43.83505
20033.09,0.58,19951.92;43.83505
20033.09,0.58,19951.92;43.83505
20033.09,0.58,19951.92;43.83505
20033.09,0.58,19951.92;43.83505
20033.09,0.58,19951.92;43.83505
20033.09,0.58,19951.92;43.83505
20033.09,0.58,19951.92;43.83505
20033.09,0.58,19951.92;43.83505
20033.09,0.58,19951.92;43.83505
20033.09,0.58,19951.92;43.83505
20033.09,0.58,19951.92;43.83505
20033.09,0.58,19951.92;43.83505
20033.09,0.58,19951.92;43.83505
20033.09,0.58,19951.92;43.83505
20033.09,0.58,19951.92;43.83505
20033.09,0.58,19951.92;43.83505
20033.09,0.58,19951.92;43.83505
20033.09,0.58,19951.92;43.83505
20033.09,0.58,19951.92;43.83505
20033.09,0.58,19951.92;43.83505
20033.09,0.58,19951.92;43.83505
20033.09,0.58,19951.92;43.83505
20033.09,0.58,19951.92;43.83505
20033.09,0.58,19951.92;43.83505
20033.09,0.58,19951.92;43.83505
20033.09,0.58,19951.92;43.83505
20033.09,0.58,19951.92;43.83505
20033.09,0.58,19951.92;43.83505
20033.09,0.58,19951.92;43.83505
20033.09,0.58,19951.92;43.83505
20033.09,0.58,19951.92;43.83505
20033.09,0.58,19951.92;43.83505
20033.09,0.58,19951.92;43.83505
20033.09,0.58,19951.92;43.83505
20033.09,0.58,19951.92;43.83505
20033.09,0.58,19951.92;43.83505
20033.09,0.58,19951.92;43.83505
20033.09,0.58,19951.92;43.83505
20033.09,0.58,19951.92;43.83505
20033.09,0.58,19951.92;43.83505
20033.09,0.58,19951.92;43.83505
20033.09,0.58,19951.92;43.83505
20033.09,0.58,19951.92;43.83505
20033.09,0.58,19951.92;43.83505
20033.09,0.58,19951.92;43.83505
20033.09,0.58,19951.92;43.83505
20033.09,0.58,19951.92;43.83505
20033.09,0.58,19951.92;43.83505
20033.09,0.58,19951.92;43.83505
20033.09,0.58,19951.92;43.83505
20033.09,0.58,19951.92;43.83505
20033.09,0.58,19951.92;43.83505
20033.09,0.58,19951.92;43.83505
20033.09,0.58,19951.92;43.83505
20033.09,0.58,19951.92;43.83505
20033.09,0.58,19951.92;43.83505
20033.09,0.58,19951.92;43.83505
20033.09,0.58,19951.92;43.83505
20033.09,0.58,19951.92;43.83505
20033.09,0.58,19951.92;43.83505
20033.09,0.58,19951.92;43.83505
20033.09,0.58,19951.92;43.83505
20033.09,0.58,19951.92;43.83505
20033.09,0.58,19951.92;43.83505
20033.09,0.58,19951.92;43.83505
20033.09,0.58,19951.92;43.83505
20033.09,0.58,19951.92;43.83505
20033.09,0.58,19951.92;43.83505
20033.09,0.58,19951.92;43.83505
20033.09,0.58,19951.92;43.83505
20033.09,0.58,19951.92;43.83505
20033.09,0.58,19951.92;43.83505
20033.09,0.58,19951.92;43.83505
20033.09,0.58,19951.92;43.83505
20033.09,0.58,19951.92;43.83505
20033.09,0.58,19951.92;43.83505
20033.09,0.58,19951.92;43.83505
20033.09,0.58,19951.92;43.83505
20033.09,0.58,19951.92;43.83505
20033.09,0.58,19951.92;43.83505
20033.09,0.58,19951.92;43.83505
20033.09,0.58,19951.92;43.83505
20033.09,0.58,19951.92;43.83505
20033.09,0.58,19951.92;43.83505
20033.09,0.58,19951.92;43.83505
20033.09,0.58,19951.92;43.83505
20033.09,0.58,19951.92;43.83505
20033.09,0.58,19951.92;43.83505
20033.09,0.58,19951.92;43.83505
20033.09,0.58,19951.92;43.83505
20033.09,0.58,19951.92;43.83505
20033.09,0.58,19951.92;43.83505
20033.09,0.58,19951.92;43.83505
20033.09,0.58,19951.92;43.83505
20033.09,0.58,19951.92;43.83505
20033.09,0.58,19951.92;43.83505
20033.09,0.58,19951.92;43.83505
20033.09,0.58,19951.92;43.83505
20033.09,0.58,19951.92;43.83505
20033.09,0.58,19951.92;43.83505
20033.09,0.58,19951.92;43.83505
20033.09,0.58,19951.92;43.83505
20033.09,0.58,19951.92;43.83505
20033.09,0.58,19951.92;43.83505
20033.09,0.58,19951.92;43.83505
20033.09,0.58,19951.92;43.83505
20033.09,0.58,19951.92;43.83505
20033.09,0.58,19951.92;43.83505
20033.09,0.58,19951.92;43.83505
20033.09,0.58,19951.92;43.83505
20033.09,0.58,19951.92;43.83505
20033.09,0.58,19951.92;43.83505
20033.09,0.58,19951.92;43.83505
20033.09,0.58,19951.92;43.83505
20033.09,0.58,19951.92;43.83505
20033.09,0.58,19951.92;43.83505
20033.09,0.58,19951.92;43.83505
20033.09,0.58,19951.92;43.83505
20033.09,0.58,19951.92;43.83505
20033.09,0.58,19951.92;43.83505
20033.09,0.58,19951.92;43.83505
20033.09,0.58,19951.92;43.83505
20033.09,0.58,19951.92;43.83505
20033.09,0.58,19951.92;43.83505
20033.09,0.58,19951.92;43.83505
20033.09,0.58,19951.92;43.83505
20033.09,0.58,19951.92;43.83505
20033.09,0.58,19951.92;43.83505
20033.09,0.58,19951.92;43.83505
20033.09,0.58,19951.92;43.83505
20033.09,0.58,19951.92;43.83505
20033.09,0.58,19951.92;43.83505
20033.09,0.58,19951.92;43.83505
20033.09,0.58,19951.92;43.83505
20033.09,0.58,19951.92;43.83505
20033.09,0.58,19951.92;43.83505
20033.09,0.58,19951.92;43.83505
20033.09,0.58,19951.92;43.83505
20033.09,0.58,19951.92;43.83505
20033.09,0.58,19951.92;43.83505
20033.09,0.58,19951.92;43.83505
20033.09,0.58,19951.92;43.83505
20033.09,0.58,19951.92;43.83505
20033.09,0.58,19951.92;43.83505
20033.09,0.58,19951.92;43.83505
20033.32,0.58,19952.17;42.90686
20033.68,0.58,19952.57;41.69219
20034.18,0.58,19953.17;40.28271
20034.82,0.58,19953.97;38.58677
20034.82,0.58,19953.97;38.58677
20035.59,0.58,19954.98;37.20021
20036.33,0.58,19956.01;35.8824
20037.04,0.58,19957.06;34.10624
20037.7,0.58,19958.15;31.03518
20038.27,0.58,19959.28;26.86404
20038.74,0.58,19960.46;21.70742
20039.08,0.58,19961.68;15.35905
20039.08,0.58,19961.68;15.35905
20039.26,0.58,19962.94;8.082486
20039.27,0.58,19964.21;0.805922
20039.13,0.58,19965.47;353.5294
20038.83,0.58,19966.71;346.2528
20038.38,0.58,19967.9;339.4804
20038.38,0.58,19967.9;339.4804
20038.38,0.58,19967.9;339.4804
20038.38,0.58,19967.9;339.4804
20038.38,0.58,19967.9;339.4804
20038.38,0.58,19967.9;339.4804
20038.38,0.58,19967.9;339.4804
20038.38,0.58,19967.9;339.4804
20038.38,0.58,19967.9;339.4804
20038.38,0.58,19967.9;339.4804
20038.38,0.58,19967.9;339.4804
20038.38,0.58,19967.9;339.4804
20038.38,0.58,19967.9;339.4804
20038.38,0.58,19967.9;339.4804
20038.38,0.58,19967.9;339.4804
20038.38,0.58,19967.9;339.4804
20038.38,0.58,19967.9;339.4804
20038.38,0.58,19967.9;339.4804
20038.38,0.58,19967.9;339.4804
20038.38,0.58,19967.9;339.4804
20038.38,0.58,19967.9;339.4804
20038.38,0.58,19967.9;339.4804
20038.38,0.58,19967.9;339.4804
20038.38,0.58,19967.9;339.4804
20038.38,0.58,19967.9;339.4804
20038.38,0.58,19967.9;339.4804
20038.38,0.58,19967.9;339.4804
20038.38,0.58,19967.9;339.4804
20038.38,0.58,19967.9;339.4804
20038.38,0.58,19967.9;339.4804
20038.38,0.58,19967.9;339.4804
20038.38,0.58,19967.9;339.4804
20038.38,0.58,19967.9;339.4804
20038.38,0.58,19967.9;339.4804
20038.38,0.58,19967.9;339.4804
20038.38,0.58,19967.9;339.4804
20038.38,0.58,19967.9;339.4804
20038.38,0.58,19967.9;339.4804
20038.38,0.58,19967.9;339.4804
20038.38,0.58,19967.9;339.4804
20038.38,0.58,19967.9;339.4804
20038.38,0.58,19967.9;339.4804
20038.38,0.58,19967.9;339.4804
20038.38,0.58,19967.9;339.4804
20038.38,0.58,19967.9;339.4804
20038.38,0.58,19967.9;339.4804
20038.38,0.58,19967.9;339.4804
20038.38,0.58,19967.9;339.4804
20038.38,0.58,19967.9;339.4804
20038.38,0.58,19967.9;339.4804
20038.38,0.58,19967.9;339.4804
20038.38,0.58,19967.9;339.4804
20038.38,0.58,19967.9;339.4804
20038.38,0.58,19967.9;339.4804
20037.83,0.58,19969.02;333.8998
20037.21,0.58,19970.09;329.637
20036.53,0.58,19971.11;326.566
20035.83,0.58,19972.11;324.7211
20035.1,0.58,19973.09;323.4605
20035.1,0.58,19973.09;323.4605
20034.32,0.58,19974.05;321.0083
20033.47,0.58,19974.97;317.2841
20033.47,0.58,19974.97;317.2841
20033.47,0.58,19974.97;317.2841
20033.47,0.58,19974.97;317.2841
20033.47,0.58,19974.97;317.2841
20033.47,0.58,19974.97;317.2841
20033.47,0.58,19974.97;317.2841
20033.47,0.58,19974.97;317.2841
20033.47,0.58,19974.97;317.2841
20033.47,0.58,19974.97;317.2841
20033.47,0.58,19974.97;317.2841
20033.47,0.58,19974.97;317.2841
20033.47,0.58,19974.97;317.2841
20033.47,0.58,19974.97;317.2841
20033.47,0.58,19974.97;317.2841
20033.47,0.58,19974.97;317.2841
20033.47,0.58,19974.97;317.2841
20033.47,0.58,19974.97;317.2841
20033.47,0.58,19974.97;317.2841
20033.47,0.58,19974.97;317.2841
20033.47,0.58,19974.97;317.2841
20033.47,0.58,19974.97;317.2841
20033.47,0.58,19974.97;317.2841
20033.47,0.58,19974.97;317.2841
20033.47,0.58,19974.97;317.2841
20033.47,0.58,19974.97;317.2841
20033.47,0.58,19974.97;317.2841
20033.47,0.58,19974.97;317.2841
20033.47,0.58,19974.97;317.2841
20033.47,0.58,19974.97;317.2841
20033.47,0.58,19974.97;317.2841
20033.47,0.58,19974.97;317.2841
20033.47,0.58,19974.97;317.2841
20033.47,0.58,19974.97;317.2841
20033.47,0.58,19974.97;317.2841
20032.59,0.58,19975.8;313.3307
20031.7,0.58,19976.5;308.1511
20030.78,0.58,19977.08;301.883
20029.85,0.58,19977.52;295.6148
20028.96,0.58,19977.83;289.3008
20028.96,0.58,19977.83;289.3008
20028.03,0.58,19978.03;282.0242
20027.07,0.58,19978.11;274.7477
20026.12,0.58,19978.07;267.4711
20025.16,0.58,19977.9;260.1945
20024.22,0.58,19977.61;252.918
20024.22,0.58,19977.61;252.918
20023.32,0.58,19977.21;245.6414
20022.48,0.58,19976.69;238.3648
20021.71,0.58,19976.07;231.0883
20021.03,0.58,19975.35;223.8117
20021.03,0.58,19975.35;223.8117
20020.44,0.58,19974.56;216.5352
20019.95,0.58,19973.69;209.2586
20019.57,0.58,19972.75;201.982
20019.32,0.58,19971.79;194.7055
20019.19,0.58,19970.8;187.4289
20019.19,0.58,19969.82;180.1523
20019.19,0.58,19969.82;180.1523
20019.31,0.58,19968.86;172.8758
20019.55,0.58,19967.92;165.5992
20019.91,0.58,19967.02;158.3226
20020.36,0.58,19966.16;152.2149
20020.36,0.58,19966.16;152.2149
20020.36,0.58,19966.16;152.2149
20020.36,0.58,19966.16;152.2149
20020.36,0.58,19966.16;152.2149
20020.36,0.58,19966.16;152.2149
20020.36,0.58,19966.16;152.2149
20020.36,0.58,19966.16;152.2149
20020.36,0.58,19966.16;152.2149
20020.36,0.58,19966.16;152.2149
20020.36,0.58,19966.16;152.2149
20020.36,0.58,19966.16;152.2149
20020.36,0.58,19966.16;152.2149
20020.36,0.58,19966.16;152.2149
20020.36,0.58,19966.16;152.2149
20020.36,0.58,19966.16;152.2149
20020.36,0.58,19966.16;152.2149
20020.36,0.58,19966.16;152.2149
20020.36,0.58,19966.16;152.2149
20020.36,0.58,19966.16;152.2149
20020.36,0.58,19966.16;152.2149
20020.36,0.58,19966.16;152.2149
20020.36,0.58,19966.16;152.2149
20020.36,0.58,19966.16;152.2149
20020.36,0.58,19966.16;152.2149
20020.36,0.58,19966.16;152.2149
20020.36,0.58,19966.16;152.2149
20020.36,0.58,19966.16;152.2149
20020.36,0.58,19966.16;152.2149
20020.36,0.58,19966.16;152.2149
20020.36,0.58,19966.16;152.2149
20020.36,0.58,19966.16;152.2149
20020.36,0.58,19966.16;152.2149
20020.36,0.58,19966.16;152.2149
20020.36,0.58,19966.16;152.2149
20020.36,0.58,19966.16;152.2149
20020.36,0.58,19966.16;152.2149
20020.36,0.58,19966.16;152.2149
20020.36,0.58,19966.16;152.2149
20020.36,0.58,19966.16;152.2149
20020.36,0.58,19966.16;152.2149
20020.36,0.58,19966.16;152.2149
20020.36,0.58,19966.16;152.2149
20020.36,0.58,19966.16;152.2149
20020.36,0.58,19966.16;152.2149
20020.36,0.58,19966.16;152.2149
20020.89,0.58,19965.33;147.5052
20021.5,0.58,19964.52;142.7955
20022.2,0.58,19963.75;138.0858
20022.96,0.58,19963.02;133.3761
20022.96,0.58,19963.02;133.3761
20023.82,0.58,19962.36;127.4975
20024.78,0.58,19961.8;120.221
20025.81,0.58,19961.37;112.9444
20026.9,0.58,19961.06;105.6678
20026.9,0.58,19961.06;105.6678
20028.03,0.58,19960.9;98.39126
20029.18,0.58,19960.88;91.11469
20030.3,0.58,19961;83.83813
20031.39,0.58,19961.26;76.56156
20032.42,0.58,19961.63;70.37363
20032.42,0.58,19961.63;70.37363
20032.42,0.58,19961.63;70.37363
20032.42,0.58,19961.63;70.37363
20032.42,0.58,19961.63;70.37363
20032.42,0.58,19961.63;70.37363
20032.42,0.58,19961.63;70.37363
20032.42,0.58,19961.63;70.37363
20032.42,0.58,19961.63;70.37363
20032.42,0.58,19961.63;70.37363
20032.42,0.58,19961.63;70.37363
20032.42,0.58,19961.63;70.37363
20032.42,0.58,19961.63;70.37363
20032.42,0.58,19961.63;70.37363
20032.42,0.58,19961.63;70.37363
20032.42,0.58,19961.63;70.37363
20032.42,0.58,19961.63;70.37363
20032.42,0.58,19961.63;70.37363
20032.42,0.58,19961.63;70.37363
20032.42,0.58,19961.63;70.37363
20032.42,0.58,19961.63;70.37363
20032.42,0.58,19961.63;70.37363
20032.42,0.58,19961.63;70.37363
20032.42,0.58,19961.63;70.37363
20032.42,0.58,19961.63;70.37363
20032.42,0.58,19961.63;70.37363
20032.42,0.58,19961.63;70.37363
20032.42,0.58,19961.63;70.37363
20032.42,0.58,19961.63;70.37363
20032.42,0.58,19961.63;70.37363
20032.42,0.58,19961.63;70.37363
20032.42,0.58,19961.63;70.37363
20032.42,0.58,19961.63;70.37363
20032.42,0.58,19961.63;70.37363
20032.42,0.58,19961.63;70.37363
20033.36,0.58,19962.05;65.41181
20034.21,0.58,19962.53;60.45
20034.21,0.58,19962.53;60.45
20034.97,0.58,19963.06;55.48818
20035.65,0.58,19963.62;50.52636
20036.24,0.58,19964.22;44.47593
20036.76,0.58,19964.91;37.19936
20037.19,0.58,19965.64;29.9228
20037.51,0.58,19966.43;22.64624
20037.51,0.58,19966.43;22.64624
20037.74,0.58,19967.27;15.36967
20037.87,0.58,19968.14;8.093108
20037.88,0.58,19969.02;0.8165432
20037.78,0.58,19969.9;353.54
20037.78,0.58,19969.9;353.54
20037.57,0.58,19970.78;346.2634
20037.25,0.58,19971.61;338.9868
20036.82,0.58,19972.4;331.7103
20036.3,0.58,19973.13;324.4337
20035.69,0.58,19973.79;317.1572
20035.69,0.58,19973.79;317.1572
20035,0.58,19974.37;309.8806
20034.25,0.58,19974.85;302.604
20033.45,0.58,19975.22;295.3275
20032.61,0.58,19975.5;288.0509
20031.76,0.58,19975.66;280.7744
20031.76,0.58,19975.66;280.7744
20030.89,0.58,19975.72;273.6926
20030.89,0.58,19975.72;273.6926
20030.89,0.58,19975.72;273.6926
20030.89,0.58,19975.72;273.6926
20030.89,0.58,19975.72;273.6926
20030.89,0.58,19975.72;273.6926
20030.89,0.58,19975.72;273.6926
20030.89,0.58,19975.72;273.6926
20030.89,0.58,19975.72;273.6926
20030.89,0.58,19975.72;273.6926
20030.89,0.58,19975.72;273.6926
20030.89,0.58,19975.72;273.6926
20030.89,0.58,19975.72;273.6926
20030.89,0.58,19975.72;273.6926
20030.89,0.58,19975.72;273.6926
20030.89,0.58,19975.72;273.6926
20030.89,0.58,19975.72;273.6926
20030.89,0.58,19975.72;273.6926
20030.89,0.58,19975.72;273.6926
20030.89,0.58,19975.72;273.6926
20030.89,0.58,19975.72;273.6926
20030.89,0.58,19975.72;273.6926
20030.89,0.58,19975.72;273.6926
20030.89,0.58,19975.72;273.6926
20030.89,0.58,19975.72;273.6926
20030.89,0.58,19975.72;273.6926
20030.89,0.58,19975.72;273.6926
20030.89,0.58,19975.72;273.6926
20030.89,0.58,19975.72;273.6926
20030.89,0.58,19975.72;273.6926
20030.89,0.58,19975.72;273.6926
20030.89,0.58,19975.72;273.6926
20030.89,0.58,19975.72;273.6926
20030.89,0.58,19975.72;273.6926
20030.89,0.58,19975.72;273.6926
20030.89,0.58,19975.72;273.6926
20030.89,0.58,19975.72;273.6926
20030.89,0.58,19975.72;273.6926
20030.89,0.58,19975.72;273.6926
20030.89,0.58,19975.72;273.6926
20030.89,0.58,19975.72;273.6926
20030.89,0.58,19975.72;273.6926
20030.89,0.58,19975.72;273.6926
20030.89,0.58,19975.72;273.6926
20030.89,0.58,19975.72;273.6926
20030.01,0.58,19975.68;267.9057
20029.14,0.58,19975.57;262.3365
20028.28,0.58,19975.36;256.7674
20028.28,0.58,19975.36;256.7674
20027.42,0.58,19975.07;251.1983
20026.58,0.58,19974.69;245.4343
20025.79,0.58,19974.2;238.3755
20025.06,0.58,19973.61;231.0989
20025.06,0.58,19973.61;231.0989
20024.4,0.58,19972.93;223.8224
20023.84,0.58,19972.16;216.5458
20023.37,0.58,19971.33;209.2692
20023.01,0.58,19970.44;201.9926
20022.77,0.58,19969.51;194.7161
20022.77,0.58,19969.51;194.7161
20022.64,0.58,19968.58;187.4395
20022.64,0.58,19967.65;180.163
20022.74,0.58,19966.73;173.7458
20022.74,0.58,19966.73;173.7458
2