20000,0.5,20000;0
20000,0.58,20000.1;0
20000,0.58,20000.1;0
20000,0.58,20000.2;0
20000,0.58,20000.3;0
20000,0.58,20000.4;0
20000,0.58,20000.5;0
20000,0.58,20000.5;0
20000,0.58,20000.6;0
20000,0.58,20000.7;0
20000,0.58,20000.8;0
20000,0.58,20000.9;0
20000,0.58,20000.9;0
20000,0.58,20001;0
20000,0.58,20001.1;0
20000,0.58,20001.2;0
20000,0.58,20001.3;0
20000,0.58,20001.39;0
20000,0.58,20001.39;0
20000,0.58,20001.49;0
20000,0.58,20001.59;0
20000,0.58,20001.68;0
20000,0.58,20001.68;0
20000,0.58,20001.68;0
20000,0.58,20001.68;0
20000,0.58,20001.68;0
20000,0.58,20001.68;0
20000,0.58,20001.68;0
20000,0.58,20001.68;0
20000,0.58,20001.77;0
20000,0.58,20001.85;0
20000,0.58,20001.85;0
20000,0.58,20001.85;0
20000,0.58,20001.85;0
20000,0.58,20001.85;0
20000,0.58,20001.85;0
20000,0.58,20001.85;0
20000,0.58,20001.85;0
20000,0.58,20001.85;0
20000,0.58,20001.94;0
20000,0.58,20001.94;0
20000,0.58,20001.94;0
20000,0.58,20001.94;0
20000,0.58,20001.94;0
20000,0.58,20001.97;0
20000,0.58,20001.97;0
20000,0.58,20001.97;0
20000,0.58,20001.97;0
20000,0.58,20001.97;0
20000,0.58,20001.97;0
20000,0.58,20001.97;0
20000,0.58,20001.97;0
20000,0.58,20001.97;0
20000,0.58,20001.97;0
20000,0.58,20001.97;0
20000,0.58,20001.97;0
20000,0.58,20001.97;0
20000,0.58,20001.97;0
20000,0.58,20001.97;0
20000,0.58,20001.97;0
20000,0.58,20001.97;0
20000,0.58,20001.97;0
20000,0.58,20001.97;0
20000,0.58,20001.97;0
20000,0.58,20001.97;0
20000,0.58,20001.97;0
20000,0.58,20001.97;0
20000,0.58,20001.97;0
20000,0.58,20001.98;0
20000,0.58,20001.98;0
20000,0.58,20002.04;0
20000,0.58,20002.11;0
20000,0.58,20002.18;0
20000,0.58,20002.25;0
20000,0.58,20002.32;0
20000,0.58,20002.32;0
20000,0.58,20002.38;0
20000,0.58,20002.46;0
20000,0.58,20002.54;0
20000,0.58,20002.61;0
20000,0.58,20002.69;0
20000,0.58,20002.69;0
20000,0.58,20002.77;0
20000,0.58,20002.85;0
20000,0.58,20002.93;0
20000,0.58,20003.02;0
20000,0.58,20003.1;0
20000,0.58,20003.1;0
20000,0.58,20003.19;0
20000,0.58,20003.27;0
20000,0.58,20003.36;0
20000,0.58,20003.45;0
20000,0.58,20003.53;0
20000,0.58,20003.53;0
20000,0.58,20003.62;0
20000,0.58,20003.71;0
20000,0.58,20003.8;0
20000,0.58,20003.89;0
20000,0.58,20003.98;0
20000,0.58,20003.98;0
20000,0.58,20004.07;0
20000,0.58,20004.16;0
20000,0.58,20004.25;0
20000,0.58,20004.33;0
20000,0.58,20004.33;0
20000,0.58,20004.42;0
20000,0.58,20004.5;0
20000,0.58,20004.59;0
20000,0.58,20004.68;0
20000,0.58,20004.77;0
20000,0.58,20004.77;0
20000,0.58,20004.86;0
20000,0.58,20004.95;0
20000,0.58,20005.05;0
20000,0.58,20005.13;0
20000,0.58,20005.22;0
20000,0.58,20005.22;0
20000,0.58,20005.32;0
20000,0.58,20005.41;0
20000,0.58,20005.5;0
20000,0.58,20005.6;0
20000,0.58,20005.69;0
20000,0.58,20005.69;0
20000,0.58,20005.69;0
20000,0.58,20005.79;0
20000,0.58,20005.88;0
20000,0.58,20005.88;0
20000,0.58,20005.88;0
20000,0.58,20005.88;0
20000,0.58,20005.97;0
20000,0.58,20005.97;0
20000,0.58,20005.97;0
20000,0.58,20005.97;0
20000,0.58,20005.97;0
20000,0.58,20005.97;0
20000,0.58,20005.97;0
20000,0.58,20005.97;0
20000,0.58,20005.97;0
20000,0.58,20005.97;0
20000,0.58,20005.97;0
20000,0.58,20005.97;0
20000,0.58,20005.97;0
20000,0.58,20005.97;0
20000,0.58,20005.97;0
20000,0.58,20005.97;0
20000,0.58,20005.97;0
20000,0.58,20005.97;0
20000,0.58,20005.97;0
20000,0.58,20005.97;0
20000,0.58,20005.97;0
20000,0.58,20005.97;0
20000,0.58,20005.97;0
20000,0.58,20005.97;0
20000,0.58,20005.97;0
20000,0.58,20005.97;0
20000,0.58,20005.97;0
20000,0.58,20005.97;0
20000,0.58,20005.97;0
20000,0.58,20005.97;0
20000,0.58,20005.97;0
20000,0.58,20005.97;0
20000,0.58,20005.97;0
20000,0.58,20005.97;0
20000,0.58,20005.97;0
20000,0.58,20005.97;0
20000,0.58,20005.97;0
20000,0.58,20005.97;0
20000,0.58,20005.97;0
20000,0.58,20005.97;0
20000,0.58,20005.97;0
20000,0.58,20005.97;0
20000,0.58,20005.97;0
20000,0.58,20005.97;0
20000,0.58,20006.04;0
20000,0.58,20006.11;0
20000,0.58,20006.11;0
20000,0.58,20006.11;0
20000,0.58,20006.18;0
20000,0.58,20006.25;0
20000,0.58,20006.31;0
20000,0.58,20006.38;0
20000,0.58,20006.38;0
20000,0.58,20006.45;0
20000,0.58,20006.52;0
20000,0.58,20006.58;0
20000,0.58,20006.64;0
20000,0.58,20006.64;0
20000,0.58,20006.66;0
20000,0.58,20006.67;0
20000,0.58,20006.67;0
20000,0.58,20006.67;0
20000,0.58,20006.67;0
20000,0.58,20006.67;0
20000,0.58,20006.67;0
20000,0.58,20006.72;0
20000,0.58,20006.79;0
20000,0.58,20006.86;0
20000,0.58,20006.86;0
20000,0.58,20006.92;0
20000,0.58,20006.99;0
20000,0.58,20007.06;0
20000,0.58,20007.13;0
20000,0.58,20007.13;0
20000,0.58,20007.2;0
20000,0.58,20007.27;0
20000,0.58,20007.34;0
20000,0.58,20007.42;0
20000,0.58,20007.5;0
20000,0.58,20007.5;0
20000,0.58,20007.57;0
20000,0.58,20007.65;0
20000,0.58,20007.73;0
20000,0.58,20007.82;0
20000,0.58,20007.9;0
20000,0.58,20007.9;0
20000,0.58,20007.97;0
20000,0.58,20008.06;0
20000,0.58,20008.14;0
20000,0.58,20008.22;0
20000,0.58,20008.31;0
20000,0.58,20008.31;0
20000,0.58,20008.39;0
20000,0.58,20008.47;0
20000,0.58,20008.56;0
20000,0.58,20008.65;0
20000,0.58,20008.73;0
20000,0.58,20008.81;0
20000,0.58,20008.81;0
20000,0.58,20008.9;0
20000,0.58,20008.99;0
20000,0.58,20009.08;0
20000,0.58,20009.16;0
20000,0.58,20009.25;0
20000,0.58,20009.25;0
20000,0.58,20009.34;0
20000,0.58,20009.42;0
20000,0.58,20009.51;0
20000,0.58,20009.59;0
20000,0.58,20009.59;0
20000,0.58,20009.68;0
20000,0.58,20009.77;0
20000,0.58,20009.85;0
20000,0.58,20009.94;0
20000,0.58,20010.02;0
20000,0.58,20010.02;0
20000,0.58,20010.1;0
20000,0.58,20010.1;0
20000,0.58,20010.1;0
20000,0.58,20010.1;0
20000,0.58,20010.1;0
20000,0.58,20010.1;0
20000,0.58,20010.1;0
20000,0.58,20010.1;0
20000,0.58,20010.1;0
20000,0.58,20010.18;0
20000,0.58,20010.18;0
20000,0.58,20010.18;0
20000,0.58,20010.18;0
20000,0.58,20010.26;0
20000,0.58,20010.33;0
20000,0.58,20010.33;0
20000,0.58,20010.33;0
20000,0.58,20010.4;0
20000,0.58,20010.4;0
20000,0.58,20010.4;0
20000,0.58,20010.4;0
20000,0.58,20010.4;0
20000,0.58,20010.4;0
20000,0.58,20010.4;0
20000,0.58,20010.4;0
20000,0.58,20010.4;0
20000,0.58,20010.4;0
20000,0.58,20010.4;0
20000,0.58,20010.4;0
20000,0.58,20010.4;0
20000,0.58,20010.4;0
20000,0.58,20010.4;0
20000,0.58,20010.4;0
20000,0.58,20010.4;0
20000,0.58,20010.4;0
20000,0.58,20010.4;0
20000,0.58,20010.4;0
20000,0.58,20010.4;0
20000,0.58,20010.4;0
20000,0.58,20010.4;0
20000,0.58,20010.4;0
20000,0.58,20010.4;0
20000,0.58,20010.4;0
20000,0.58,20010.4;0
20000,0.58,20010.4;0
20000,0.58,20010.4;0
20000,0.58,20010.4;0
20000,0.58,20010.4;0
20000,0.58,20010.44;0
20000,0.58,20010.46;0
20000,0.58,20010.52;0
20000,0.58,20010.58;0
20000,0.58,20010.58;0
20000,0.58,20010.64;0
20000,0.58,20010.7;0
20000,0.58,20010.76;0
20000,0.58,20010.83;0
20000,0.58,20010.83;0
20000,0.58,20010.9;0
20000,0.58,20010.97;0
20000,0.58,20011.04;0
20000,0.58,20011.11;0
20000,0.58,20011.18;0
20000,0.58,20011.18;0
20000,0.58,20011.24;0
20000,0.58,20011.31;0
20000,0.58,20011.38;0
20000,0.58,20011.45;0
20000,0.58,20011.52;0
20000,0.58,20011.52;0
20000,0.58,20011.6;0
20000,0.58,20011.67;0
20000,0.58,20011.75;0
20000,0.58,20011.82;0
20000,0.58,20011.9;0
20000,0.58,20011.9;0
20000,0.58,20011.98;0
20000,0.58,20012.05;0
20000,0.58,20012.13;0
20000,0.58,20012.21;0
20000,0.58,20012.29;0
20000,0.58,20012.29;0
20000,0.58,20012.37;0
20000,0.58,20012.45;0
20000,0.58,20012.53;0
20000,0.58,20012.61;0
20000,0.58,20012.61;0
20000,0.58,20012.69;0
20000,0.58,20012.77;0
20000,0.58,20012.85;0
20000,0.58,20012.93;0
20000,0.58,20012.93;0
20000,0.58,20013.01;0
20000,0.58,20013.1;0
20000,0.58,20013.19;0
20000,0.58,20013.27;0
20000,0.58,20013.36;0
20000,0.58,20013.36;0
20000,0.58,20013.44;0
20000,0.58,20013.53;0
20000,0.58,20013.61;0
20000,0.58,20013.7;0
20000,0.58,20013.79;0
20000,0.58,20013.87;0
20000,0.58,20013.96;0
20000,0.58,20013.96;0
20000,0.58,20014.04;0
20000,0.58,20014.13;0
20000,0.58,20014.22;0
20000,0.58,20014.3;0
20000,0.58,20014.39;0
20000,0.58,20014.39;0
20000,0.58,20014.47;0
20000,0.58,20014.55;0
20000,0.58,20014.55;0
20000,0.58,20014.55;0
20000,0.58,20014.55;0
20000,0.58,20014.55;0
20000,0.58,20014.55;0
20000,0.58,20014.55;0
20000,0.58,20014.55;0
20000,0.58,20014.55;0
20000,0.58,20014.55;0
20000,0.58,20014.55;0
20000,0.58,20014.55;0
20000,0.58,20014.55;0
20000,0.58,20014.55;0
20000,0.58,20014.55;0
20000,0.58,20014.55;0
20000,0.58,20014.55;0
20000,0.58,20014.55;0
20000,0.58,20014.55;0
20000,0.58,20014.55;0
20000,0.58,20014.55;0
20000,0.58,20014.55;0
20000,0.58,20014.55;0
20000,0.58,20014.55;0
20000,0.58,20014.55;0
20000,0.58,20014.55;0
20000,0.58,20014.55;0
20000,0.58,20014.55;0
20000,0.58,20014.55;0
20000,0.58,20014.55;0
20000,0.58,20014.55;0
20000,0.58,20014.55;0
20000,0.58,20014.55;0
20000,0.58,20014.55;0
20000,0.58,20014.55;0
20000,0.58,20014.55;0
20000,0.58,20014.55;0
20000,0.58,20014.55;0
20000,0.58,20014.55;0
20000,0.58,20014.55;0
20000,0.58,20014.55;0
20000,0.58,20014.55;0
20000,0.58,20014.55;0
20000,0.58,20014.55;0
20000,0.58,20014.55;0
20000,0.58,20014.55;0
20000,0.58,20014.55;0
20000,0.58,20014.55;0
20000,0.58,20014.55;0
20000,0.58,20014.55;0
20000,0.58,20014.56;0
20000,0.58,20014.56;0
20000,0.58,20014.56;0
20000,0.58,20014.56;0
20000,0.58,20014.56;0
20000,0.58,20014.56;0
20000,0.58,20014.56;0
20000,0.58,20014.56;0
20000,0.58,20014.56;0
20000,0.58,20014.6;0
20000,0.58,20014.67;0
20000,0.58,20014.67;0
20000,0.58,20014.73;0
20000,0.58,20014.79;0
20000,0.58,20014.86;0
20000,0.58,20014.93;0
20000,0.58,20015;0
20000,0.58,20015;0
20000,0.58,20015.07;0
20000,0.58,20015.13;0
20000,0.58,20015.2;0
20000,0.58,20015.27;0
20000,0.58,20015.34;0
20000,0.58,20015.34;0
20000,0.58,20015.41;0
20000,0.58,20015.48;0
20000,0.58,20015.55;0
20000,0.58,20015.62;0
20000,0.58,20015.69;0
20000,0.58,20015.69;0
20000,0.58,20015.77;0
20000,0.58,20015.85;0
20000,0.58,20015.93;0
20000,0.58,20016;0
20000,0.58,20016.08;0
20000,0.58,20016.08;0
20000,0.58,20016.16;0
20000,0.58,20016.24;0
20000,0.58,20016.32;0
20000,0.58,20016.4;0
20000,0.58,20016.4;0
20000,0.58,20016.48;0
20000,0.58,20016.56;0
20000,0.58,20016.64;0
20000,0.58,20016.72;0
20000,0.58,20016.81;0
20000,0.58,20016.81;0
20000,0.58,20016.9;0
20000,0.58,20016.98;0
20000,0.58,20017.07;0
20000,0.58,20017.15;0
20000,0.58,20017.23;0
20000,0.58,20017.23;0
20000,0.58,20017.32;0
20000,0.58,20017.4;0
20000,0.58,20017.49;0
20000,0.58,20017.57;0
20000,0.58,20017.66;0
20000,0.58,20017.66;0
20000,0.58,20017.75;0
20000,0.58,20017.83;0
20000,0.58,20017.91;0
20000,0.58,20018;0
20000,0.58,20018.08;0
20000,0.58,20018.08;0
20000,0.58,20018.17;0
20000,0.58,20018.25;0
20000,0.58,20018.33;0
20000,0.58,20018.33;0
20000,0.58,20018.33;0
20000,0.58,20018.33;0
20000,0.58,20018.33;0
20000,0.58,20018.33;0
20000,0.58,20018.33;0
20000,0.58,20018.33;0
20000,0.58,20018.33;0
20000,0.58,20018.33;0
20000,0.58,20018.33;0
20000,0.58,20018.41;0
20000,0.58,20018.41;0
20000,0.58,20018.48;0
20000,0.58,20018.48;0
20000,0.58,20018.48;0
20000,0.58,20018.48;0
20000,0.58,20018.48;0
20000,0.58,20018.48;0
20000,0.58,20018.48;0
20000,0.58,20018.48;0
20000,0.58,20018.48;0
20000,0.58,20018.48;0
20000,0.58,20018.48;0
20000,0.58,20018.48;0
20000,0.58,20018.48;0
20000,0.58,20018.48;0
20000,0.58,20018.48;0
20000,0.58,20018.48;0
20000,0.58,20018.48;0
20000,0.58,20018.48;0
20000,0.58,20018.48;0
20000,0.58,20018.48;0
20000,0.58,20018.48;0
20000,0.58,20018.48;0
20000,0.58,20018.48;0
20000,0.58,20018.48;0
20000,0.58,20018.48;0
20000,0.58,20018.48;0
20000,0.58,20018.48;0
20000,0.58,20018.48;0
20000,0.58,20018.48;0
20000,0.58,20018.48;0
20000,0.58,20018.48;0
20000,0.58,20018.48;0
20000,0.58,20018.48;0
20000,0.58,20018.5;0
20000,0.58,20018.5;0
20000,0.58,20018.5;0
20000,0.58,20018.51;0
20000,0.58,20018.51;0
20000,0.58,20018.51;0
20000,0.58,20018.52;0
20000,0.58,20018.52;0
20000,0.58,20018.52;0
20000,0.58,20018.56;0
20000,0.58,20018.62;0
20000,0.58,20018.68;0
20000,0.58,20018.73;0
20000,0.58,20018.8;0
20000,0.58,20018.86;0
20000,0.58,20018.92;0
20000,0.58,20018.92;0
20000,0.58,20018.98;0
20000,0.58,20019.05;0
20000,0.58,20019.12;0
20000,0.58,20019.19;0
20000,0.58,20019.19;0
20000,0.58,20019.25;0
20000,0.58,20019.32;0
20000,0.58,20019.39;0
20000,0.58,20019.46;0
20000,0.58,20019.53;0
20000,0.58,20019.53;0
20000,0.58,20019.6;0
20000,0.58,20019.66;0
20000,0.58,20019.74;0
20000,0.58,20019.81;0
20000,0.58,20019.81;0
20000,0.58,20019.88;0
20000,0.58,20019.95;0
20000,0.58,20020.02;0
20000,0.58,20020.1;0
20000,0.58,20020.18;0
20000,0.58,20020.18;0
20000,0.58,20020.25;0
20000,0.58,20020.32;0
20000,0.58,20020.4;0
20000,0.58,20020.48;0
20000,0.58,20020.55;0
20000,0.58,20020.55;0
20000,0.58,20020.63;0
20000,0.58,20020.71;0
20000,0.58,20020.79;0
20000,0.58,20020.87;0
20000,0.58,20020.95;0
20000,0.58,20020.95;0
20000,0.58,20021.03;0
20000,0.58,20021.11;0
20000,0.58,20021.19;0
20000,0.58,20021.28;0
20000,0.58,20021.36;0
20000,0.58,20021.36;0
20000,0.58,20021.45;0
20000,0.58,20021.54;0
20000,0.58,20021.62;0
20000,0.58,20021.71;0
20000,0.58,20021.79;0
20000,0.58,20021.79;0
20000,0.58,20021.88;0
20000,0.58,20021.97;0
20000,0.58,20022.06;0
20000,0.58,20022.14;0
20000,0.58,20022.22;0
20000,0.58,20022.22;0
20000,0.58,20022.31;0
20000,0.58,20022.39;0
20000,0.58,20022.47;0
20000,0.58,20022.56;0
20000,0.58,20022.64;0
20000,0.58,20022.64;0
20000,0.58,20022.71;0
20000,0.58,20022.71;0
20000,0.58,20022.79;0
20000,0.58,20022.87;0
20000,0.58,20022.87;0
20000,0.58,20022.87;0
20000,0.58,20022.87;0
20000,0.58,20022.87;0
20000,0.58,20022.87;0
20000,0.58,20022.87;0
20000,0.58,20022.87;0
20000,0.58,20022.87;0
20000,0.58,20022.87;0
20000,0.58,20022.87;0
20000,0.58,20022.87;0
20000,0.58,20022.87;0
20000,0.58,20022.87;0
20000,0.58,20022.87;0
20000,0.58,20022.87;0
20000,0.58,20022.87;0
20000,0.58,20022.87;0
20000,0.58,20022.87;0
20000,0.58,20022.87;0
20000,0.58,20022.87;0
20000,0.58,20022.87;0
20000,0.58,20022.87;0
20000,0.58,20022.87;0
20000,0.58,20022.87;0
20000,0.58,20022.87;0
20000,0.58,20022.87;0
20000,0.58,20022.87;0
20000,0.58,20022.87;0
20000,0.58,20022.87;0
20000,0.58,20022.87;0
20000,0.58,20022.87;0
20000,0.58,20022.87;0
20000,0.58,20022.87;0
20000,0.58,20022.87;0
20000,0.58,20022.87;0
20000,0.58,20022.87;0
20000,0.58,20022.87;0
20000,0.58,20022.87;0
20000,0.58,20022.87;0
20000,0.58,20022.87;0
20000,0.58,20022.87;0
20000,0.58,20022.87;0
20000,0.58,20022.87;0
20000,0.58,20022.87;0
20000,0.58,20022.87;0
20000,0.58,20022.87;0
20000,0.58,20022.87;0
20000,0.58,20022.87;0
20000,0.58,20022.87;0
20000,0.58,20022.87;0
20000,0.58,20022.87;0
20000,0.58,20022.91;0
20000,0.58,20022.97;0
20000,0.58,20023.03;0
20000,0.58,20023.03;0
20000,0.58,20023.09;0
20000,0.58,20023.15;0
20000,0.58,20023.22;0
20000,0.58,20023.29;0
20000,0.58,20023.29;0
20000,0.58,20023.36;0
20000,0.58,20023.43;0
20000,0.58,20023.49;0
20000,0.58,20023.56;0
20000,0.58,20023.63;0
20000,0.58,20023.63;0
20000,0.58,20023.7;0
20000,0.58,20023.77;0
20000,0.58,20023.84;0
20000,0.58,20023.92;0
20000,0.58,20024;0
20000,0.58,20024;0
20000,0.58,20024.07;0
20000,0.58,20024.15;0
20000,0.58,20024.23;0
20000,0.58,20024.31;0
20000,0.58,20024.39;0
20000,0.58,20024.39;0
20000,0.58,20024.47;0
20000,0.58,20024.55;0
20000,0.58,20024.64;0
20000,0.58,20024.72;0
20000,0.58,20024.8;0
20000,0.58,20024.8;0
20000,0.58,20024.89;0
20000,0.58,20024.97;0
20000,0.58,20025.06;0
20000,0.58,20025.14;0
20000,0.58,20025.14;0
20000,0.58,20025.22;0
20000,0.58,20025.31;0
20000,0.58,20025.4;0
20000,0.58,20025.48;0
20000,0.58,20025.57;0
20000,0.58,20025.57;0
20000,0.58,20025.66;0
20000,0.58,20025.74;0
20000,0.58,20025.83;0
20000,0.58,20025.92;0
20000,0.58,20026;0
20000,0.58,20026;0
20000,0.58,20026.09;0
20000,0.58,20026.18;0
20000,0.58,20026.27;0
20000,0.58,20026.35;0
20000,0.58,20026.44;0
20000,0.58,20026.44;0
20000,0.58,20026.53;0
20000,0.58,20026.62;0
20000,0.58,20026.7;0
20000,0.58,20026.79;0
20000,0.58,20026.79;0
20000,0.58,20026.88;0
20000,0.58,20026.96;0
20000,0.58,20027.05;0
20000,0.58,20027.13;0
20000,0.58,20027.22;0
20000,0.58,20027.22;0
20000,0.58,20027.22;0
20000,0.58,20027.22;0
20000,0.58,20027.22;0
20000,0.58,20027.22;0
20000,0.58,20027.22;0
20000,0.58,20027.22;0
20000,0.58,20027.22;0
20000,0.58,20027.22;0
20000,0.58,20027.22;0
20000,0.58,20027.3;0
20000,0.58,20027.3;0
20000,0.58,20027.3;0
20000,0.58,20027.3;0
20000,0.58,20027.3;0
20000,0.58,20027.3;0
20000,0.58,20027.3;0
20000,0.58,20027.3;0
20000,0.58,20027.3;0
20000,0.58,20027.3;0
20000,0.58,20027.3;0
20000,0.58,20027.3;0
20000,0.58,20027.3;0
20000,0.58,20027.3;0
20000,0.58,20027.3;0
20000,0.58,20027.3;0
20000,0.58,20027.3;0
20000,0.58,20027.3;0
20000,0.58,20027.3;0
20000,0.58,20027.3;0
20000,0.58,20027.3;0
20000,0.58,20027.3;0
20000,0.58,20027.3;0
20000,0.58,20027.3;0
20000,0.58,20027.3;0
20000,0.58,20027.3;0
20000,0.58,20027.3;0
20000,0.58,20027.3;0
20000,0.58,20027.3;0
20000,0.58,20027.3;0
20000,0.58,20027.3;0
20000,0.58,20027.3;0
20000,0.58,20027.3;0
20000,0.58,20027.3;0
20000,0.58,20027.3;0
20000,0.58,20027.3;0
20000,0.58,20027.3;0
20000,0.58,20027.3;0
20000,0.58,20027.3;0
20000,0.58,20027.3;0
20000,0.58,20027.3;0
20000,0.58,20027.3;0
20000,0.58,20027.3;0
20000,0.58,20027.3;0
20000,0.58,20027.34;0
20000,0.58,20027.34;0
20000,0.58,20027.34;0
20000,0.58,20027.34;0
20000,0.58,20027.36;0
20000,0.58,20027.41;0
20000,0.58,20027.45;0
20000,0.58,20027.51;0
20000,0.58,20027.57;0
20000,0.58,20027.57;0
20000,0.58,20027.63;0
20000,0.58,20027.7;0
20000,0.58,20027.76;0
20000,0.58,20027.83;0
20000,0.58,20027.9;0
20000,0.58,20027.9;0
20000,0.58,20027.97;0
20000,0.58,20028.04;0
20000,0.58,20028.11;0
20000,0.58,20028.17;0
20000,0.58,20028.24;0
20000,0.58,20028.24;0
20000,0.58,20028.31;0
20000,0.58,20028.38;0
20000,0.58,20028.45;0
20000,0.58,20028.52;0
20000,0.58,20028.52;0
20000,0.58,20028.59;0
20000,0.58,20028.66;0
20000,0.58,20028.73;0
20000,0.58,20028.81;0
20000,0.58,20028.89;0
20000,0.58,20028.89;0
20000,0.58,20028.96;0
20000,0.58,20029.04;0
20000,0.58,20029.12;0
20000,0.58,20029.2;0
20000,0.58,20029.28;0
20000,0.58,20029.28;0
20000,0.58,20029.35;0
20000,0.58,20029.43;0
20000,0.58,20029.51;0
20000,0.58,20029.59;0
20000,0.58,20029.59;0
20000,0.58,20029.66;0
20000,0.58,20029.75;0
20000,0.58,20029.83;0
20000,0.58,20029.91;0
20000,0.58,20029.99;0
20000,0.58,20029.99;0
20000,0.58,20030.08;0
20000,0.58,20030.16;0
20000,0.58,20030.25;0
20000,0.58,20030.33;0
20000,0.58,20030.42;0
20000,0.58,20030.42;0
20000,0.58,20030.5;0
20000,0.58,20030.59;0
20000,0.58,20030.68;0
20000,0.58,20030.76;0
20000,0.58,20030.85;0
20000,0.58,20030.85;0
20000,0.58,20030.93;0
20000,0.58,20031.02;0
20000,0.58,20031.02;0
20000,0.58,20031.1;0
20000,0.58,20031.19;0
20000,0.58,20031.19;0
20000,0.58,20031.19;0
20000,0.58,20031.19;0
20000,0.58,20031.19;0
20000,0.58,20031.19;0
20000,0.58,20031.19;0
20000,0.58,20031.19;0
20000,0.58,20031.19;0
20000,0.58,20031.19;0
20000,0.58,20031.26;0
20000,0.58,20031.34;0
20000,0.58,20031.34;0
20000,0.58,20031.34;0
20000,0.58,20031.34;0
20000,0.58,20031.34;0
20000,0.58,20031.34;0
20000,0.58,20031.34;0
20000,0.58,20031.34;0
20000,0.58,20031.34;0
20000,0.58,20031.34;0
20000,0.58,20031.34;0
20000,0.58,20031.34;0
20000,0.58,20031.34;0
20000,0.58,20031.34;0
20000,0.58,20031.34;0
20000,0.58,20031.34;0
20000,0.58,20031.34;0
20000,0.58,20031.34;0
20000,0.58,20031.34;0
20000,0.58,20031.34;0
20000,0.58,20031.34;0
20000,0.58,20031.34;0
20000,0.58,20031.34;0
20000,0.58,20031.34;0
20000,0.58,20031.34;0
20000,0.58,20031.34;0
20000,0.58,20031.34;0
20000,0.58,20031.34;0
20000,0.58,20031.34;0
20000,0.58,20031.34;0
20000,0.58,20031.34;0
20000,0.58,20031.34;0
20000,0.58,20031.34;0
20000,0.58,20031.34;0
20000,0.58,20031.34;0
20000,0.58,20031.34;0
20000,0.58,20031.34;0
20000,0.58,20031.34;0
20000,0.58,20031.34;0
20000,0.58,20031.34;0
20000,0.58,20031.34;0
20000,0.58,20031.34;0
20000,0.58,20031.34;0
20000,0.58,20031.34;0
20000,0.58,20031.34;0
20000,0.58,20031.34;0
20000,0.58,20031.34;0
20000,0.58,20031.34;0
20000,0.58,20031.34;0
20000,0.58,20031.34;0
20000,0.58,20031.41;0
20000,0.58,20031.47;0
20000,0.58,20031.54;0
20000,0.58,20031.54;0
20000,0.58,20031.54;0
20000,0.58,20031.54;0
20000,0.58,20031.61;0
20000,0.58,20031.68;0
20000,0.58,20031.75;0
20000,0.58,20031.81;0
20000,0.58,20031.81;0
20000,0.58,20031.88;0
20000,0.58,20031.95;0
20000,0.58,20032.02;0
20000,0.58,20032.09;0
20000,0.58,20032.16;0
20000,0.58,20032.16;0
20000,0.58,20032.23;0
20000,0.58,20032.31;0
20000,0.58,20032.38;0
20000,0.58,20032.46;0
20000,0.58,20032.54;0
20000,0.58,20032.54;0
20000,0.58,20032.62;0
20000,0.58,20032.71;0
20000,0.58,20032.79;0
20000,0.58,20032.88;0
20000,0.58,20032.97;0
20000,0.58,20032.97;0
20000,0.58,20033.05;0
20000,0.58,20033.14;0
20000,0.58,20033.22;0
20000,0.58,20033.31;0
20000,0.58,20033.4;0
20000,0.58,20033.4;0
20000,0.58,20033.49;0
20000,0.58,20033.58;0
20000,0.58,20033.67;0
20000,0.58,20033.76;0
20000,0.58,20033.85;0
20000,0.58,20033.85;0
20000,0.58,20033.94;0
20000,0.58,20034.03;0
20000,0.58,20034.12;0
20000,0.58,20034.22;0
20000,0.58,20034.31;0
20000,0.58,20034.31;0
20000,0.58,20034.39;0
20000,0.58,20034.48;0
20000,0.58,20034.58;0
20000,0.58,20034.67;0
20000,0.58,20034.76;0
20000,0.58,20034.76;0
20000,0.58,20034.86;0
20000,0.58,20034.96;0
20000,0.58,20035.05;0
20000,0.58,20035.15;0
20000,0.58,20035.24;0
20000,0.58,20035.24;0
20000,0.58,20035.34;0
20000,0.58,20035.44;0
20000,0.58,20035.54;0
20000,0.58,20035.63;0
20000,0.58,20035.63;0
20000,0.58,20035.73;0
20000,0.58,20035.82;0
20000,0.58,20035.91;0
20000,0.58,20036.01;0
20000,0.58,20036.11;0
20000,0.58,20036.11;0
20000,0.58,20036.2;0
20000,0.58,20036.29;0
20000,0.58,20036.39;0
20000,0.58,20036.48;0
20000,0.58,20036.57;0
20000,0.58,20036.57;0
20000,0.58,20036.66;0
20000,0.58,20036.75;0
20000,0.58,20036.75;0
20000,0.58,20036.75;0
20000,0.58,20036.75;0
20000,0.58,20036.75;0
20000,0.58,20036.83;0
20000,0.58,20036.92;0
20000,0.58,20037.01;0
20000,0.58,20037.01;0
20000,0.58,20037.01;0
20000,0.58,20037.01;0
20000,0.58,20037.01;0
20000,0.58,20037.01;0
20000,0.58,20037.01;0
20000,0.58,20037.01;0
20000,0.58,20037.01;0
20000,0.58,20037.01;0
20000,0.58,20037.01;0
20000,0.58,20037.01;0
20000,0.58,20037.01;0
20000,0.58,20037.01;0
20000,0.58,20037.01;0
20000,0.58,20037.01;0
20000,0.58,20037.01;0
20000,0.58,20037.01;0
20000,0.58,20037.01;0
20000,0.58,20037.01;0
20000,0.58,20037.01;0
20000,0.58,20037.01;0
20000,0.58,20037.01;0
20000,0.58,20037.01;0
20000,0.58,20037.01;0
20000,0.58,20037.01;0
20000,0.58,20037.01;0
20000,0.58,20037.01;0
20000,0.58,20037.01;0
20000,0.58,20037.01;0
20000,0.58,20037.07;0
20000,0.58,20037.07;0
20000,0.58,20037.07;0
20000,0.58,20037.07;0
20000,0.58,20037.07;0
20000,0.58,20037.07;0
20000,0.58,20037.07;0
20000,0.58,20037.07;0
20000,0.58,20037.07;0
20000,0.58,20037.07;0
20000,0.58,20037.07;0
20000,0.58,20037.07;0
20000,0.58,20037.07;0
20000,0.58,20037.07;0
20000,0.58,20037.07;0
20000,0.58,20037.07;0
20000,0.58,20037.07;0
20000,0.58,20037.07;0
20000,0.58,20037.07;0
20000,0.58,20037.07;0
20000,0.58,20037.07;0
20000,0.58,20037.07;0
20000,0.58,20037.12;0
20000,0.58,20037.16;0
20000,0.58,20037.16;0
20000,0.58,20037.16;0
20000,0.58,20037.16;0
20000,0.58,20037.16;0
20000,0.58,20037.23;0
20000,0.58,20037.3;0
20000,0.58,20037.3;0
20000,0.58,20037.36;0
20000,0.58,20037.43;0
20000,0.58,20037.5;0
20000,0.58,20037.57;0
20000,0.58,20037.64;0
20000,0.58,20037.64;0
20000,0.58,20037.71;0
20000,0.58,20037.78;0
20000,0.58,20037.85;0
20000,0.58,20037.91;0
20000,0.58,20037.98;0
20000,0.58,20037.98;0
20000,0.58,20038.05;0
20000,0.58,20038.12;0
20000,0.58,20038.19;0
20000,0.58,20038.27;0
20000,0.58,20038.27;0
20000,0.58,20038.35;0
20000,0.58,20038.43;0
20000,0.58,20038.5;0
20000,0.58,20038.58;0
20000,0.58,20038.66;0
20000,0.58,20038.74;0
20000,0.58,20038.74;0
20000,0.58,20038.81;0
20000,0.58,20038.89;0
20000,0.58,20038.97;0
20000,0.58,20039.05;0
20000,0.58,20039.12;0
20000,0.58,20039.12;0
20000,0.58,20039.2;0
20000,0.58,20039.28;0
20000,0.58,20039.37;0
20000,0.58,20039.45;0
20000,0.58,20039.54;0
20000,0.58,20039.54;0
20000,0.58,20039.62;0
20000,0.58,20039.7;0
20000,0.58,20039.79;0
20000,0.58,20039.88;0
20000,0.58,20039.88;0
20000,0.58,20039.96;0
20000,0.58,20040.05;0
20000,0.58,20040.14;0
20000,0.58,20040.22;0
20000,0.58,20040.31;0
20000,0.58,20040.31;0
20000,0.58,20040.4;0
20000,0.58,20040.49;0
20000,0.58,20040.57;0
20000,0.58,20040.66;0
20000,0.58,20040.75;0
20000,0.58,20040.75;0
20000,0.58,20040.83;0
20000,0.58,20040.83;0
20000,0.58,20040.92;0
20000,0.58,20040.92;0
20000,0.58,20041;0
20000,0.58,20041;0
20000,0.58,20041.09;0
20000,0.58,20041.18;0
20000,0.58,20041.18;0
20000,0.58,20041.18;0
20000,0.58,20041.18;0
20000,0.58,20041.18;0
20000,0.58,20041.18;0
20000,0.58,20041.18;0
20000,0.58,20041.26;0
20000,0.58,20041.26;0
20000,0.58,20041.26;0
20000,0.58,20041.26;0
20000,0.58,20041.26;0
20000,0.58,20041.26;0
20000,0.58,20041.26;0
20000,0.58,20041.26;0
20000,0.58,20041.26;0
20000,0.58,20041.26;0
20000,0.58,20041.26;0
20000,0.58,20041.26;0
20000,0.58,20041.26;0
20000,0.58,20041.26;0
20000,0.58,20041.26;0
20000,0.58,20041.26;0
20000,0.58,20041.26;0
20000,0.58,20041.26;0
20000,0.58,20041.26;0
20000,0.58,20041.26;0
20000,0.58,20041.26;0
20000,0.58,20041.26;0
20000,0.58,20041.26;0
20000,0.58,20041.26;0
20000,0.58,20041.26;0
20000,0.58,20041.26;0
20000,0.58,20041.26;0
20000,0.58,20041.26;0
20000,0.58,20041.26;0
20000,0.58,20041.26;0
20000,0.58,20041.26;0
20000,0.58,20041.26;0
20000,0.58,20041.26;0
20000,0.58,20041.26;0
20000,0.58,20041.26;0
20000,0.58,20041.26;0
20000,0.58,20041.26;0
20000,0.58,20041.26;0
20000,0.58,20041.26;0
20000,0.58,20041.26;0
20000,0.58,20041.26;0
20000,0.58,20041.26;0
20000,0.58,20041.26;0
20000,0.58,20041.26;0
20000,0.58,20041.26;0
20000,0.58,20041.26;0
20000,0.58,20041.26;0
20000,0.58,20041.26;0
20000,0.58,20041.26;0
20000,0.58,20041.26;0
20000,0.58,20041.26;0
20000,0.58,20041.26;0
20000,0.58,20041.26;0
20000,0.58,20041.26;0
20000,0.58,20041.26;0
20000,0.58,20041.26;0
20000,0.58,20041.26;0
20000,0.58,20041.26;0
20000,0.58,20041.26;0
20000,0.58,20041.26;0
20000,0.58,20041.26;0
20000,0.58,20041.26;0
20000,0.58,20041.26;0
20000,0.58,20041.26;0
20000,0.58,20041.26;0
20000,0.58,20041.26;0
20000,0.58,20041.26;0
20000,0.58,20041.26;0
20000,0.58,20041.26;0
20000,0.58,20041.26;0
20000,0.58,20041.26;0
20000,0.58,20041.35;0
20000,0.58,20041.44;0
20000,0.58,20041.53;0
20000,0.58,20041.53;0
20000,0.58,20041.62;0
20000,0.58,20041.71;0
20000,0.58,20041.81;0
20000,0.58,20041.9;0
20000,0.58,20042;0
20000,0.58,20042;0
20000,0.58,20042.11;0
20000,0.58,20042.21;0
20000,0.58,20042.31;0
20000,0.58,20042.41;0
20000,0.58,20042.51;0
20000,0.58,20042.51;0
20000,0.58,20042.62;0
20000,0.58,20042.72;0
20000,0.58,20042.82;0
20000,0.58,20042.93;0
20000,0.58,20043.03;0
20000,0.58,20043.13;0
20000,0.58,20043.13;0
20000,0.58,20043.23;0
20000,0.58,20043.34;0
20000,0.58,20043.44;0
20000,0.58,20043.54;0
20000,0.58,20043.64;0
20000,0.58,20043.64;0
20000,0.58,20043.74;0
20000,0.58,20043.84;0
20000,0.58,20043.95;0
20000,0.58,20044.05;0
20000,0.58,20044.05;0
20000,0.58,20044.15;0
20000,0.58,20044.25;0
20000,0.58,20044.36;0
20000,0.58,20044.46;0
20000,0.58,20044.56;0
20000,0.58,20044.56;0
20000,0.58,20044.66;0
20000,0.58,20044.77;0
20000,0.58,20044.87;0
20000,0.58,20044.98;0
20000,0.58,20045.09;0
20000,0.58,20045.09;0
20000,0.58,20045.2;0
20000,0.58,20045.31;0
20000,0.58,20045.42;0
20000,0.58,20045.52;0
20000,0.58,20045.63;0
20000,0.58,20045.63;0
20000,0.58,20045.73;0
20000,0.58,20045.84;0
20000,0.58,20045.95;0
20000,0.58,20046.05;0
20000,0.58,20046.05;0
20000,0.58,20046.15;0
20000,0.58,20046.26;0
20000,0.58,20046.36;0
20000,0.58,20046.46;0
20000,0.58,20046.56;0
20000,0.58,20046.56;0
20000,0.58,20046.66;0
20000,0.58,20046.76;0
20000,0.58,20046.76;0
20000,0.58,20046.85;0
20000,0.58,20046.94;0
20000,0.58,20046.94;0
20000,0.58,20047.03;0
20000,0.58,20047.12;0
20000,0.58,20047.12;0
20000,0.58,20047.12;0
20000,0.58,20047.12;0
20000,0.58,20047.12;0
20000,0.58,20047.21;0
20000,0.58,20047.21;0
20000,0.58,20047.21;0
20000,0.58,20047.21;0
20000,0.58,20047.21;0
20000,0.58,20047.21;0
20000,0.58,20047.21;0
20000,0.58,20047.21;0
20000,0.58,20047.21;0
20000,0.58,20047.21;0
20000,0.58,20047.21;0
20000,0.58,20047.21;0
20000,0.58,20047.29;0
20000,0.58,20047.38;0
20000,0.58,20047.38;0
20000,0.58,20047.46;0
