20000,0.5,20000;0
20000,0.58,20000.25;0
20000,0.58,20000.51;-0.005729198
20000,0.58,20000.76;359.9886
20000,0.58,20001.02;359.9886
20000,0.58,20001.02;359.9886
20000,0.58,20001.27;359.9886
20000,0.58,20001.52;359.9886
20000,0.58,20001.78;359.9828
20000,0.58,20002.03;359.9771
20000,0.58,20002.29;359.9599
20000,0.58,20002.29;359.9599
20000,0.58,20002.54;359.9427
20000,0.58,20002.79;359.9255
20000,0.58,20002.79;359.9255
20000,0.58,20003.05;359.9083
20000,0.58,20003.3;359.8911
20000,0.58,20003.56;359.8911
20000,0.58,20003.56;359.8911
20000,0.58,20003.81;359.8911
20000,0.58,20004.06;359.8911
20000,0.58,20004.06;359.8911
20000,0.58,20004.32;359.8911
20000,0.58,20004.57;359.8911
20000,0.58,20004.57;359.8911
19999.99,0.58,20004.83;359.8911
19999.99,0.58,20004.83;359.8911
19999.99,0.58,20005.08;359.8911
19999.99,0.58,20005.08;359.8911
19999.99,0.58,20005.08;359.8911
19999.99,0.58,20005.33;359.8911
19999.99,0.58,20005.33;359.8911
19999.99,0.58,20005.59;359.8911
19999.99,0.58,20005.84;359.8797
19999.99,0.58,20006.1;359.8797
19999.99,0.58,20006.1;359.8797
19999.99,0.58,20006.35;359.8797
19999.99,0.58,20006.6;359.8797
19999.99,0.58,20006.6;359.8797
19999.99,0.58,20006.86;359.8797
19999.99,0.58,20007.11;359.8797
19999.99,0.58,20007.11;359.8797
19999.99,0.58,20007.37;359.874
19999.99,0.58,20007.62;359.8682
19999.99,0.58,20007.87;359.8625
19999.99,0.58,20007.87;359.8625
19999.99,0.58,20008.13;359.8568
19999.99,0.58,20008.38;359.8568
19999.99,0.58,20008.38;359.8568
19999.99,0.58,20008.64;359.8568
19999.99,0.58,20008.64;359.8568
19999.99,0.58,20008.89;359.8568
19999.99,0.58,20009.14;359.8568
19999.98,0.58,20009.36;359.8568
19999.98,0.58,20009.36;359.8568
19999.98,0.58,20009.62;359.8568
19999.98,0.58,20009.87;359.8568
19999.98,0.58,20009.87;359.8568
19999.98,0.58,20010.13;359.8568
19999.98,0.58,20010.38;359.8568
19999.98,0.58,20010.38;359.8568
19999.98,0.58,20010.62;359.8568
19999.98,0.58,20010.87;359.8568
19999.98,0.58,20011.12;359.8568
19999.98,0.58,20011.12;359.8568
19999.98,0.58,20011.38;359.8568
19999.98,0.58,20011.63;359.8568
19999.98,0.58,20011.63;359.8568
19999.98,0.58,20011.89;359.8568
19999.98,0.58,20011.89;359.8568
19999.98,0.58,20012.14;359.8568
19999.98,0.58,20012.39;359.8568
19999.98,0.58,20012.65;359.8568
19999.98,0.58,20012.9;359.8568
19999.98,0.58,20012.9;359.8568
19999.97,0.58,20013.16;359.8568
19999.97,0.58,20013.16;359.8568
19999.97,0.58,20013.41;359.8568
19999.97,0.58,20013.66;359.8568
19999.97,0.58,20013.66;359.8568
19999.97,0.58,20013.92;359.8568
19999.97,0.58,20014.17;359.8568
19999.97,0.58,20014.43;359.8568
19999.97,0.58,20014.43;359.8568
19999.97,0.58,20014.43;359.8568
19999.97,0.58,20014.68;359.8568
19999.97,0.58,20014.68;359.8568
19999.97,0.58,20014.93;359.8568
19999.97,0.58,20015.19;359.8568
19999.97,0.58,20015.19;359.8568
19999.97,0.58,20015.19;359.8568
19999.97,0.58,20015.44;359.8568
19999.97,0.58,20015.7;359.8568
19999.97,0.58,20015.95;359.8568
19999.97,0.58,20015.95;359.8568
19999.97,0.58,20016.2;359.8568
19999.97,0.58,20016.46;359.8568
19999.97,0.58,20016.46;359.8568
19999.97,0.58,20016.71;359.8568
19999.97,0.58,20016.97;359.8568
19999.97,0.58,20016.97;359.8568
19999.96,0.58,20017.22;359.8568
19999.96,0.58,20017.47;359.8568
19999.96,0.58,20017.73;359.8568
19999.96,0.58,20017.73;359.8568
19999.96,0.58,20017.98;359.8568
19999.96,0.58,20017.98;359.8568
19999.96,0.58,20018.24;359.8568
19999.96,0.58,20018.49;359.8568
19999.96,0.58,20018.49;359.8568
19999.96,0.58,20018.74;359.8568
19999.96,0.58,20018.74;359.8568
19999.96,0.58,20019;359.8568
19999.96,0.58,20019;359.8568
19999.96,0.58,20019;359.8568
19999.96,0.58,20019.25;359.8568
19999.96,0.58,20019.25;359.8568
19999.96,0.58,20019.25;359.8568
19999.96,0.58,20019.51;359.8568
19999.96,0.58,20019.76;359.8568
19999.96,0.58,20020.01;359.8568
19999.96,0.58,20020.01;359.8568
19999.96,0.58,20020.27;359.8568
19999.96,0.58,20020.52;359.8568
19999.96,0.58,20020.52;359.8568
19999.96,0.58,20020.78;359.8568
19999.96,0.58,20021.03;359.8568
19999.96,0.58,20021.03;359.8568
19999.96,0.58,20021.28;359.8568
19999.96,0.58,20021.54;359.8568
19999.96,0.58,20021.54;359.8568
19999.95,0.58,20021.79;359.8568
19999.95,0.58,20021.79;359.8568
19999.95,0.58,20022.05;359.8568
19999.95,0.58,20022.3;359.8568
19999.95,0.58,20022.3;359.8568
19999.95,0.58,20022.55;359.8568
19999.95,0.58,20022.55;359.8568
19999.95,0.58,20022.81;359.8568
19999.95,0.58,20022.81;359.8568
19999.95,0.58,20022.81;359.8568
19999.95,0.58,20023.06;359.8568
19999.95,0.58,20023.06;359.8568
19999.95,0.58,20023.32;359.8568
19999.95,0.58,20023.32;359.8568
19999.95,0.58,20023.32;359.8568
19999.95,0.58,20023.57;359.8568
19999.95,0.58,20023.57;359.8568
19999.95,0.58,20023.57;359.8568
19999.95,0.58,20023.82;359.8568
19999.95,0.58,20024.06;359.8568
19999.95,0.58,20024.06;359.8568
19999.95,0.58,20024.06;359.8568
19999.95,0.58,20024.26;359.8568
19999.95,0.58,20024.26;359.8568
19999.95,0.58,20024.26;359.8568
19999.95,0.58,20024.49;359.8568
19999.95,0.58,20024.49;359.8568
19999.95,0.58,20024.49;359.8568
19999.95,0.58,20024.74;359.8568
19999.95,0.58,20024.74;359.8568
19999.95,0.58,20024.99;359.8568
19999.95,0.58,20024.99;359.8568
19999.95,0.58,20025.24;359.8568
19999.95,0.58,20025.49;359.8568
19999.95,0.58,20025.49;359.8568
19999.95,0.58,20025.49;359.8568
19999.94,0.58,20025.74;359.8568
19999.94,0.58,20025.74;359.8568
19999.94,0.58,20025.74;359.8568
19999.94,0.58,20026;359.8568
19999.94,0.58,20026.25;359.8568
19999.94,0.58,20026.51;359.8568
19999.94,0.58,20026.51;359.8568
19999.94,0.58,20026.76;359.8568
19999.94,0.58,20027.01;359.8568
19999.94,0.58,20027.01;359.8568
19999.94,0.58,20027.27;359.8568
19999.94,0.58,20027.27;359.8568
19999.94,0.58,20027.27;359.8568
19999.94,0.58,20027.52;359.851
19999.94,0.58,20027.78;359.8453
19999.94,0.58,20027.78;359.8453
19999.94,0.58,20027.78;359.8453
19999.94,0.58,20028.03;359.8396
19999.94,0.58,20028.03;359.8396
19999.94,0.58,20028.03;359.8396
19999.94,0.58,20028.28;359.8281
19999.94,0.58,20028.28;359.8281
19999.94,0.58,20028.54;359.8167
19999.94,0.58,20028.79;359.7938
19999.94,0.58,20029.05;359.7708
19999.94,0.58,20029.05;359.7708
19999.93,0.58,20029.3;359.7479
19999.93,0.58,20029.55;359.7422
19999.93,0.58,20029.55;359.7422
19999.93,0.58,20029.81;359.7422
19999.93,0.58,20029.81;359.7422
19999.93,0.58,20030.06;359.7365
19999.93,0.58,20030.32;359.7307
19999.93,0.58,20030.57;359.7307
19999.93,0.58,20030.57;359.7307
19999.93,0.58,20030.82;359.7307
19999.93,0.58,20031.08;359.7307
19999.93,0.58,20031.08;359.7307
19999.92,0.58,20031.33;359.725
19999.92,0.58,20031.59;359.7078
19999.92,0.58,20031.59;359.7078
19999.92,0.58,20031.59;359.7078
19999.92,0.58,20031.59;359.7078
