20000,0.5,20000;0
20000,0.5800001,19999.99;0.005729198
20000,0.5800001,19999.97;0.04010439
20000,0.5800001,19999.96;0.07447958
20000,0.5800001,19999.95;0.1088548
20000,0.5800001,19999.93;0.14323
20000,0.5800001,19999.92;0.171876
20000,0.5800001,19999.92;0.171876
20000,0.5800001,19999.9;0.2005219
20000,0.5800001,19999.89;0.2291679
20000,0.5800001,19999.89;0.2291679
20000,0.5800001,19999.87;0.2520847
20000,0.5800001,19999.87;0.2520847
20000,0.5800001,19999.87;0.2520847
20000,0.5800001,19999.86;0.2864599
20000,0.5800001,19999.84;0.3208351
20000,0.5800001,19999.83;0.3494811
20000,0.5800001,19999.83;0.3494811
20000,0.5800001,19999.82;0.3781271
20000,0.5800001,19999.8;0.4125023
20000,0.5800001,19999.79;0.4468775
20000,0.5800001,19999.79;0.4468775
20000,0.5800001,19999.78;0.4755235
20000,0.5800001,19999.78;0.4755235
20000,0.5800001,19999.76;0.5041695
20000,0.5800001,19999.76;0.5041695
20000,0.5800001,19999.75;0.5328155
20000,0.5800001,19999.74;0.5671906
20000,0.5800001,19999.74;0.5671906
20000,0.5800001,19999.72;0.6015658
20000,0.5800001,19999.71;0.6302118
20000,0.5800001,19999.71;0.6302118
20000,0.5800001,19999.7;0.6588577
20000,0.5800001,19999.7;0.6588577
20000,0.5800001,19999.68;0.6875036
20000,0.5800001,19999.67;0.7218788
20000,0.5800001,19999.67;0.7218788
20000,0.5800001,19999.66;0.7562541
20000,0.5800001,19999.64;0.7906293
20000,0.5800001,19999.64;0.7906293
20000,0.5800001,19999.63;0.813546
20000,0.5800001,19999.63;0.813546
20000,0.5800001,19999.62;0.8364627
20000,0.5800001,19999.62;0.8364627
20000,0.5800001,19999.61;0.8651088
20000,0.5800001,19999.61;0.8651088
20000,0.5800001,19999.61;0.8651088
20000,0.5800001,19999.59;0.899484
20000,0.5800001,19999.59;0.899484
20000,0.5800001,19999.59;0.899484
20000,0.5800001,19999.58;0.9281299
20000,0.5800001,19999.58;0.9281299
20000,0.5800001,19999.57;0.9510468
20000,0.5800001,19999.57;0.9510468
20000,0.5800001,19999.56;0.9739636
20000,0.5800001,19999.55;0.9968803
20000,0.5800001,19999.55;0.9968803
20000,0.5800001,19999.54;1.019797
20000,0.5800001,19999.53;1.048443
20000,0.5800001,19999.53;1.048443
20000,0.5800001,19999.52;1.077089
20000,0.5800001,19999.51;1.105735
19999.99,0.5800001,19999.49;1.134381
19999.99,0.5800001,19999.49;1.134381
19999.99,0.5800001,19999.48;1.163027
19999.99,0.5800001,19999.47;1.185944
19999.99,0.5800001,19999.47;1.185944
19999.99,0.5800001,19999.46;1.208861
19999.99,0.5800001,19999.45;1.226048
19999.99,0.5800001,19999.45;1.226048
19999.99,0.5800001,19999.44;1.243236
19999.99,0.5800001,19999.43;1.271882
19999.99,0.5800001,19999.42;1.300528
19999.99,0.5800001,19999.41;1.334903
19999.99,0.5800001,19999.41;1.334903
19999.99,0.5800001,19999.4;1.369278
19999.99,0.5800001,19999.39;1.397924
19999.99,0.5800001,19999.39;1.397924
19999.99,0.5800001,19999.38;1.420841
19999.99,0.5800001,19999.38;1.420841
19999.99,0.5800001,19999.38;1.420841
19999.99,0.5800001,19999.37;1.455216
19999.99,0.5800001,19999.36;1.489591
19999.99,0.5800001,19999.35;1.518237
19999.99,0.5800001,19999.35;1.518237
19999.99,0.5800001,19999.34;1.546883
19999.99,0.5800001,19999.33;1.575529
19999.99,0.5800001,19999.33;1.575529
19999.99,0.5800001,19999.32;1.604175
19999.99,0.5800001,19999.31;1.615634
19999.99,0.5800001,19999.31;1.615634
19999.99,0.5800001,19999.3;1.63855
19999.99,0.5800001,19999.29;1.661467
19999.99,0.5800001,19999.29;1.695842
19999.99,0.5800001,19999.29;1.695842
19999.99,0.5800001,19999.28;1.730217
19999.99,0.5800001,19999.27;1.764593
19999.99,0.5800001,19999.27;1.764593
19999.99,0.5800001,19999.26;1.798968
19999.99,0.5800001,19999.25;1.821885
19999.99,0.5800001,19999.25;1.821885
19999.99,0.5800001,19999.24;1.844801
19999.99,0.5800001,19999.23;1.879176
19999.99,0.5800001,19999.23;1.907822
19999.99,0.5800001,19999.23;1.907822
19999.99,0.5800001,19999.22;1.936468
19999.99,0.5800001,19999.21;1.970843
19999.99,0.5800001,19999.21;1.970843
19999.99,0.5800001,19999.21;2.005219
19999.99,0.5800001,19999.21;2.005219
19999.99,0.5800001,19999.21;2.005219
19999.99,0.5800001,19999.2;2.039594
19999.99,0.5800001,19999.19;2.073969
19999.99,0.5800001,19999.18;2.096886
19999.99,0.5800001,19999.18;2.096886
19999.99,0.5800001,19999.18;2.131261
19999.99,0.5800001,19999.18;2.131261
19999.99,0.5800001,19999.18;2.131261
19999.99,0.5800001,19999.16;2.165636
19999.98,0.5800001,19999.15;2.177094
19999.98,0.5800001,19999.15;2.177094
19999.98,0.5800001,19999.12;2.171365
19999.98,0.5800001,19999.09;2.165636
19999.98,0.5800001,19999.06;2.200011
19999.98,0.5800001,19999.06;2.200011
19999.98,0.5800001,19999.05;2.234386
19999.98,0.5800001,19999.04;2.291678
19999.98,0.5800001,19999.04;2.291678
19999.98,0.5800001,19999.05;2.348971
19999.98,0.5800001,19999.05;2.400534
19999.98,0.5800001,19999.05;2.400534
19999.98,0.5800001,19999.11;2.434908
19999.98,0.5800001,19999.11;2.434908
19999.99,0.5800001,19999.23;2.463555
19999.99,0.5800001,19999.23;2.463555
19999.99,0.5800001,19999.23;2.463555
20000,0.5800001,19999.41;2.463555
20000,0.5800001,19999.41;2.463555
20000,0.5800001,19999.41;2.463555
20000.01,0.5800001,19999.67;2.463555
20000.01,0.5800001,19999.67;2.463555
20000.02,0.5800001,19999.92;2.463555
20000.02,0.5800001,19999.92;2.463555
20000.03,0.5800001,20000.17;2.463555
20000.04,0.5800001,20000.43;2.434909
20000.04,0.5800001,20000.43;2.434909
20000.05,0.5800001,20000.68;2.406263
20000.06,0.5800001,20000.93;2.377617
20000.06,0.5800001,20000.93;2.377617
20000.07,0.5800001,20001.19;2.348971
20000.08,0.5800001,20001.44;2.343241
20000.09,0.5800001,20001.7;2.291679
20000.09,0.5800001,20001.7;2.291679
20000.1,0.5800001,20001.95;2.240116
20000.11,0.5800001,20002.2;2.165636
20000.11,0.5800001,20002.2;2.165636
20000.12,0.5800001,20002.46;2.068229
20000.12,0.5800001,20002.46;2.068229
20000.12,0.5800001,20002.46;2.068229
20000.13,0.5800001,20002.71;1.970822
20000.14,0.5800001,20002.96;1.873415
20000.15,0.5800001,20003.22;1.764549
20000.15,0.5800001,20003.22;1.764549
20000.15,0.5800001,20003.47;1.655684
20000.16,0.5800001,20003.73;1.558277
20000.17,0.5800001,20003.98;1.46087
20000.17,0.5800001,20004.23;1.392119
20000.17,0.5800001,20004.23;1.392119
20000.18,0.5800001,20004.49;1.31764
20000.18,0.5800001,20004.74;1.24316
20000.19,0.5800001,20005;1.17441
20000.19,0.5800001,20005;1.17441
20000.2,0.5800001,20005.25;1.10566
20000.2,0.5800001,20005.5;1.036909
20000.2,0.5800001,20005.5;1.036909
20000.2,0.5800001,20005.76;0.9681591
20000.21,0.5800001,20006.01;0.8592936
20000.21,0.5800001,20006.01;0.8592936
20000.21,0.5800001,20006.27;0.750428
20000.21,0.5800001,20006.52;0.624375
20000.21,0.5800001,20006.77;0.5212387
20000.21,0.5800001,20006.77;0.5212387
20000.21,0.5800001,20006.77;0.5212387
20000.22,0.5800001,20007.03;0.4295608
20000.22,0.5800001,20007.03;0.4295608
20000.22,0.5800001,20007.03;0.4295608
20000.22,0.5800001,20007.28;0.3722689
20000.22,0.5800001,20007.28;0.3722689
20000.22,0.5800001,20007.54;0.3149769
20000.22,0.5800001,20007.79;0.3149769
20000.22,0.5800001,20008.04;0.3149769
20000.22,0.5800001,20008.04;0.3149769
20000.22,0.5800001,20008.3;0.3149769
20000.22,0.5800001,20008.3;0.3149769
20000.22,0.5800001,20008.3;0.3149769
20000.23,0.5800001,20008.55;0.3149769
20000.23,0.5800001,20008.55;0.3149769
20000.23,0.5800001,20008.55;0.3149769
20000.23,0.5800001,20008.81;0.3149769
20000.23,0.5800001,20009.06;0.3149769
20000.23,0.5800001,20009.31;0.3149769
20000.23,0.5800001,20009.31;0.3149769
20000.23,0.5800001,20009.57;0.3149769
20000.23,0.5800001,20009.82;0.3149769
20000.23,0.5800001,20009.82;0.3149769
20000.23,0.5800001,20010.08;0.2175698
20000.23,0.5800001,20010.08;0.2175698
20000.23,0.5800001,20010.33;0.1201627
20000.23,0.5800001,20010.58;0.0227556
20000.23,0.5800001,20010.58;0.0227556
20000.23,0.5800001,20010.84;359.9254
20000.23,0.5800001,20011.09;359.8165
20000.23,0.5800001,20011.09;359.8165
20000.23,0.5800001,20011.35;359.7076
20000.23,0.5800001,20011.6;359.6045
20000.23,0.5800001,20011.6;359.6045
20000.23,0.5800001,20011.85;359.5243
20000.23,0.5800001,20012.11;359.4441
20000.22,0.5800001,20012.36;359.3295
20000.22,0.5800001,20012.36;359.3295
20000.22,0.5800001,20012.62;359.2091
20000.22,0.5800001,20012.62;359.2091
20000.21,0.5800001,20012.87;359.0888
20000.21,0.5800001,20013.13;358.9685
20000.21,0.5800001,20013.13;358.9685
20000.21,0.5800001,20013.38;358.8424
20000.2,0.5800001,20013.63;358.7164
20000.19,0.5800001,20013.89;358.6075
20000.19,0.5800001,20013.89;358.6075
20000.19,0.5800001,20014.14;358.4987
20000.18,0.5800001,20014.39;358.4242
20000.18,0.5800001,20014.39;358.4242
20000.17,0.5800001,20014.65;358.3497
20000.17,0.5800001,20014.9;358.2466
20000.17,0.5800001,20014.9;358.2466
20000.16,0.5800001,20015.16;358.1434
20000.16,0.5800001,20015.16;358.1434
20000.15,0.5800001,20015.41;358.0403
20000.14,0.5800001,20015.66;357.9601
20000.14,0.5800001,20015.66;357.9601
20000.13,0.5800001,20015.92;357.8512
20000.13,0.5800001,20015.92;357.8512
20000.13,0.5800001,20015.92;357.8512
20000.12,0.5800001,20016.17;357.7423
20000.11,0.5800001,20016.42;357.6507
20000.1,0.5800001,20016.68;357.5819
20000.1,0.5800001,20016.68;357.5819
20000.09,0.5800001,20016.93;357.5132
20000.08,0.5800001,20017.19;357.4387
20000.08,0.5800001,20017.19;357.4387
20000.06,0.5800001,20017.44;357.3642
20000.05,0.5800001,20017.69;357.284
20000.05,0.5800001,20017.69;357.284
20000.04,0.5800001,20017.95;357.2038
20000.03,0.5800001,20018.2;357.135
20000.01,0.5800001,20018.46;357.0548
20000.01,0.5800001,20018.46;357.0548
20000,0.5800001,20018.71;356.9746
19999.99,0.5800001,20018.96;356.883
19999.99,0.5800001,20018.96;356.883
19999.97,0.5800001,20019.21;356.7913
19999.96,0.5800001,20019.47;356.734
19999.96,0.5800001,20019.47;356.734
19999.94,0.5800001,20019.72;356.6423
19999.93,0.5800001,20019.98;356.5506
19999.91,0.5800001,20020.23;356.4475
19999.91,0.5800001,20020.23;356.4475
19999.9,0.5800001,20020.48;356.3444
19999.88,0.5800001,20020.74;356.2756
19999.88,0.5800001,20020.74;356.2756
19999.86,0.5800001,20020.99;356.2068
19999.85,0.5800001,20021.24;356.1553
19999.85,0.5800001,20021.24;356.1553
19999.83,0.5800001,20021.5;356.1037
19999.81,0.5800001,20021.75;356.098
19999.79,0.5800001,20022;356.0923
19999.79,0.5800001,20022;356.0923
19999.78,0.5800001,20022.26;356.0865
19999.78,0.5800001,20022.26;356.0865
19999.78,0.5800001,20022.26;356.0865
19999.76,0.5800001,20022.51;356.0808
19999.76,0.5800001,20022.51;356.0808
19999.76,0.5800001,20022.51;356.0808
19999.74,0.5800001,20022.76;356.0751
19999.72,0.5800001,20023.02;356.0693
19999.71,0.5800001,20023.27;356.0693
19999.71,0.5800001,20023.27;356.0693
19999.69,0.5800001,20023.52;356.0693
19999.67,0.5800001,20023.78;356.0693
19999.67,0.5800001,20023.78;356.0693
19999.65,0.5800001,20024.03;356.0693
19999.64,0.5800001,20024.28;356.0693
19999.64,0.5800001,20024.28;356.0693
19999.62,0.5800001,20024.54;356.0693
19999.6,0.5800001,20024.79;356.0063
19999.58,0.5800001,20025.04;355.9089
19999.58,0.5800001,20025.04;355.9089
19999.57,0.5800001,20025.3;355.8
19999.57,0.5800001,20025.3;355.8
19999.55,0.5800001,20025.55;355.6912
19999.55,0.5800001,20025.55;355.6912
19999.55,0.5800001,20025.55;355.6912
19999.53,0.5800001,20025.8;355.611
19999.51,0.5800001,20026.06;355.5308
19999.49,0.5800001,20026.31;355.4162
19999.49,0.5800001,20026.31;355.4162
19999.47,0.5800001,20026.56;355.3016
19999.45,0.5800001,20026.82;355.1812
19999.45,0.5800001,20026.82;355.1812
19999.42,0.5800001,20027.07;355.0667
19999.42,0.5800001,20027.07;355.0667
19999.42,0.5800001,20027.07;355.0667
19999.4,0.5800001,20027.32;354.9406
19999.38,0.5800001,20027.58;354.8145
19999.36,0.5800001,20027.83;354.7229
19999.36,0.5800001,20027.83;354.7229
19999.33,0.5800001,20028.08;354.6312
19999.31,0.5800001,20028.33;354.5567
19999.31,0.5800001,20028.33;354.5567
19999.28,0.5800001,20028.59;354.4822
19999.26,0.5800001,20028.84;354.3848
19999.26,0.5800001,20028.84;354.3848
19999.23,0.5800001,20029.09;354.2817
19999.21,0.5800001,20029.35;354.1786
19999.18,0.5800001,20029.6;354.0869
19999.18,0.5800001,20029.6;354.0869
19999.15,0.5800001,20029.85;353.9952
19999.13,0.5800001,20030.1;353.9035
19999.13,0.5800001,20030.1;353.9035
19999.1,0.5800001,20030.36;353.8119
19999.07,0.5800001,20030.61;353.7259
19999.04,0.5800001,20030.86;353.6457
19999.04,0.5800001,20030.86;353.6457
19999.02,0.5800001,20031.11;353.5655
19998.99,0.5800001,20031.37;353.491
19998.96,0.5800001,20031.62;353.4165
19998.93,0.5800001,20031.87;353.3535
19998.93,0.5800001,20031.87;353.3535
19998.93,0.5800001,20031.87;353.3535
19998.93,0.5800001,20031.87;353.3535
