20000,0.5,20000;0
20000,0.58,20000.25;359.9886
20000,0.58,20000.51;359.9026
20000,0.58,20000.76;359.8167
20000,0.58,20001.02;359.6963
20000,0.58,20001.02;359.6963
20000,0.58,20001.27;359.576
19999.99,0.58,20001.52;359.5187
19999.99,0.58,20001.52;359.5187
19999.99,0.58,20001.78;359.4614
19999.99,0.58,20002.03;359.4557
19999.99,0.58,20002.03;359.4557
19999.99,0.58,20002.29;359.45
19999.98,0.58,20002.54;359.4442
19999.98,0.58,20002.79;359.427
19999.98,0.58,20002.79;359.427
19999.98,0.58,20002.79;359.427
19999.98,0.58,20003.05;359.4099
19999.98,0.58,20003.3;359.4099
19999.98,0.58,20003.3;359.4099
19999.97,0.58,20003.56;359.4099
19999.97,0.58,20003.81;359.3984
19999.97,0.58,20003.81;359.3984
19999.97,0.58,20004.06;359.3869
19999.96,0.58,20004.32;359.3297
19999.96,0.58,20004.57;359.3182
19999.96,0.58,20004.57;359.3182
19999.96,0.58,20004.83;359.3124
19999.96,0.58,20004.83;359.3124
19999.96,0.58,20005.08;359.3067
19999.95,0.58,20005.33;359.2953
19999.95,0.58,20005.33;359.2953
19999.95,0.58,20005.59;359.2781
19999.95,0.58,20005.59;359.2781
19999.95,0.58,20005.84;359.2609
19999.94,0.58,20006.1;359.2609
19999.94,0.58,20006.1;359.2609
19999.94,0.58,20006.35;359.2552
19999.94,0.58,20006.35;359.2552
19999.94,0.58,20006.35;359.2552
19999.94,0.58,20006.6;359.2494
19999.93,0.58,20006.86;359.2494
19999.93,0.58,20006.86;359.2494
19999.93,0.58,20007.11;359.2494
19999.93,0.58,20007.37;359.2494
19999.92,0.58,20007.62;359.238
19999.92,0.58,20007.62;359.238
19999.92,0.58,20007.87;359.2265
19999.92,0.58,20008.13;359.2151
19999.92,0.58,20008.13;359.2151
19999.91,0.58,20008.38;359.2036
19999.91,0.58,20008.63;359.175
19999.91,0.58,20008.63;359.175
19999.91,0.58,20008.63;359.175
19999.9,0.58,20008.89;359.1406
19999.9,0.58,20009.14;359.1062
19999.9,0.58,20009.4;359.0775
19999.9,0.58,20009.4;359.0775
19999.89,0.58,20009.65;359.0489
19999.89,0.58,20009.91;359.0489
19999.89,0.58,20009.91;359.0489
19999.88,0.58,20010.16;359.0489
19999.88,0.58,20010.41;359.0489
19999.88,0.58,20010.41;359.0489
19999.88,0.58,20010.67;359.0489
19999.88,0.58,20010.67;359.0489
19999.87,0.58,20010.92;359.0489
19999.87,0.58,20011.18;359.0489
19999.87,0.58,20011.18;359.0489
19999.86,0.58,20011.43;359.0489
19999.86,0.58,20011.68;359.0489
19999.86,0.58,20011.68;359.0489
19999.86,0.58,20011.94;359.0489
19999.85,0.58,20012.19;359.0489
19999.85,0.58,20012.19;359.0489
19999.85,0.58,20012.45;359.0374
19999.84,0.58,20012.7;359.026
19999.84,0.58,20012.95;359.0203
19999.84,0.58,20012.95;359.0203
19999.83,0.58,20013.21;359.0145
19999.83,0.58,20013.46;359.0145
19999.83,0.58,20013.46;359.0145
19999.83,0.58,20013.46;359.0145
19999.83,0.58,20013.5;359.0145
19999.83,0.58,20013.5;359.0145
19999.83,0.58,20013.54;359.0088
19999.83,0.58,20013.54;359.0088
19999.83,0.58,20013.54;359.0088
19999.83,0.58,20013.58;358.963
19999.83,0.58,20013.58;358.963
19999.83,0.58,20013.58;358.963
19999.83,0.58,20013.62;358.9515
19999.83,0.58,20013.62;358.9515
19999.83,0.58,20013.62;358.9515
19999.83,0.58,20013.66;358.9458
19999.82,0.58,20013.88;358.9458
19999.82,0.58,20013.88;358.9458
19999.82,0.58,20013.88;358.9458
19999.82,0.58,20013.97;358.9458
19999.82,0.58,20013.97;358.9458
19999.82,0.58,20013.97;358.9458
19999.82,0.58,20014.08;358.9458
19999.82,0.58,20014.2;358.9458
19999.82,0.58,20014.2;358.9458
19999.81,0.58,20014.39;358.9458
19999.81,0.58,20014.39;358.9458
19999.81,0.58,20014.64;358.9458
19999.81,0.58,20014.64;358.9458
19999.8,0.58,20014.9;358.9458
19999.8,0.58,20014.9;358.9458
19999.8,0.58,20014.9;358.9458
19999.8,0.58,20015.15;358.9458
19999.8,0.58,20015.15;358.9458
19999.8,0.58,20015.15;358.9458
19999.79,0.58,20015.41;358.9458
19999.79,0.58,20015.66;358.9458
19999.78,0.58,20015.91;358.9458
19999.78,0.58,20015.91;358.9458
19999.78,0.58,20015.91;358.9458
19999.78,0.58,20016.17;358.9458
19999.78,0.58,20016.17;358.9458
19999.78,0.58,20016.17;358.9458
19999.78,0.58,20016.42;358.9458
19999.77,0.58,20016.68;358.9458
19999.77,0.58,20016.68;358.9458
19999.77,0.58,20016.93;358.9458
19999.76,0.58,20017.18;358.9343
19999.76,0.58,20017.18;358.9343
19999.76,0.58,20017.44;358.9229
19999.76,0.58,20017.44;358.9229
19999.76,0.58,20017.44;358.9229
19999.75,0.58,20017.69;358.9114
19999.75,0.58,20017.69;358.9114
19999.75,0.58,20017.69;358.9114
19999.75,0.58,20017.95;358.9
19999.74,0.58,20018.2;358.9
19999.74,0.58,20018.45;358.9
19999.74,0.58,20018.45;358.9
19999.74,0.58,20018.45;358.9
19999.73,0.58,20018.71;358.9
19999.73,0.58,20018.71;358.9
19999.73,0.58,20018.71;358.9
19999.73,0.58,20018.96;358.9
19999.73,0.58,20018.96;358.9
19999.73,0.58,20018.96;358.9
19999.72,0.58,20019.21;358.877
19999.72,0.58,20019.47;358.8541
19999.71,0.58,20019.72;358.8083
19999.71,0.58,20019.72;358.8083
19999.71,0.58,20019.84;358.7625
19999.71,0.58,20019.95;358.751
19999.71,0.58,20019.95;358.751
19999.7,0.58,20020.2;358.7395
19999.7,0.58,20020.46;358.7338
19999.7,0.58,20020.46;358.7338
19999.69,0.58,20020.71;358.7281
19999.68,0.58,20020.96;358.7166
19999.68,0.58,20021.22;358.7052
19999.67,0.58,20021.47;358.7052
19999.67,0.58,20021.47;358.7052
19999.67,0.58,20021.72;358.7052
19999.66,0.58,20021.98;358.7052
19999.66,0.58,20021.98;358.7052
19999.65,0.58,20022.23;358.7052
19999.65,0.58,20022.49;358.6937
19999.65,0.58,20022.49;358.6937
19999.65,0.58,20022.56;358.6937
19999.65,0.58,20022.56;358.6937
19999.65,0.58,20022.64;358.6937
19999.65,0.58,20022.64;358.6937
19999.65,0.58,20022.64;358.6937
19999.64,0.58,20022.71;358.6937
19999.64,0.58,20022.71;358.6937
19999.64,0.58,20022.71;358.6937
19999.64,0.58,20022.74;358.6937
19999.64,0.58,20022.74;358.6937
19999.64,0.58,20022.99;358.688
19999.64,0.58,20022.99;358.688
19999.63,0.58,20023.14;358.6823
19999.63,0.58,20023.29;358.6823
19999.63,0.58,20023.29;358.6823
19999.63,0.58,20023.55;358.6823
19999.62,0.58,20023.8;358.6823
19999.62,0.58,20023.8;358.6823
19999.61,0.58,20024.06;358.6823
19999.61,0.58,20024.06;358.6823
19999.61,0.58,20024.31;358.6823
19999.61,0.58,20024.31;358.6823
19999.6,0.58,20024.56;358.6823
19999.6,0.58,20024.82;358.6823
19999.6,0.58,20024.82;358.6823
19999.59,0.58,20025.07;358.6823
19999.58,0.58,20025.33;358.6823
19999.58,0.58,20025.33;358.6823
19999.58,0.58,20025.58;358.6823
19999.57,0.58,20025.83;358.6823
19999.57,0.58,20025.83;358.6823
19999.57,0.58,20026.09;358.6823
19999.57,0.58,20026.09;358.6823
19999.56,0.58,20026.34;358.6823
19999.55,0.58,20026.6;358.6823
19999.55,0.58,20026.6;358.6823
19999.55,0.58,20026.85;358.6823
19999.54,0.58,20027.1;358.6765
19999.54,0.58,20027.1;358.6765
19999.54,0.58,20027.36;358.6708
19999.53,0.58,20027.61;358.6708
19999.53,0.58,20027.87;358.6536
19999.53,0.58,20027.87;358.6536
19999.52,0.58,20028.12;358.6364
19999.51,0.58,20028.37;358.6364
19999.51,0.58,20028.37;358.6364
19999.51,0.58,20028.63;358.6364
19999.5,0.58,20028.88;358.6364
19999.5,0.58,20028.88;358.6364
19999.5,0.58,20028.88;358.6364
19999.49,0.58,20029.13;358.6364
19999.49,0.58,20029.39;358.6364
19999.48,0.58,20029.64;358.6364
19999.48,0.58,20029.64;358.6364
19999.48,0.58,20029.9;358.6364
19999.47,0.58,20030.15;358.6364
19999.47,0.58,20030.15;358.6364
19999.46,0.58,20030.4;358.6364
19999.46,0.58,20030.66;358.6364
19999.46,0.58,20030.66;358.6364
19999.45,0.58,20030.91;358.6364
19999.45,0.58,20031.17;358.6364
19999.44,0.58,20031.42;358.6364
19999.44,0.58,20031.42;358.6364
19999.44,0.58,20031.42;358.6364
19999.44,0.58,20031.67;358.6364
19999.44,0.58,20031.67;358.6364
19999.44,0.58,20031.67;358.6364
19999.43,0.58,20031.93;358.6364
19999.43,0.58,20031.93;358.6364
19999.43,0.58,20031.93;358.6364
19999.42,0.58,20032.18;358.6364
19999.42,0.58,20032.42;358.6364
19999.41,0.58,20032.66;358.6364
19999.41,0.58,20032.66;358.6364
19999.41,0.58,20032.66;358.6364
19999.41,0.58,20032.9;358.6364
19999.41,0.58,20032.9;358.6364
19999.41,0.58,20032.9;358.6364
19999.4,0.58,20033.14;358.6364
19999.4,0.58,20033.14;358.6364
19999.4,0.58,20033.14;358.6364
19999.39,0.58,20033.38;358.6307
19999.39,0.58,20033.62;358.6307
19999.39,0.58,20033.62;358.6307
19999.39,0.58,20033.62;358.6307
19999.38,0.58,20033.86;358.6249
19999.38,0.58,20033.86;358.6249
19999.38,0.58,20033.86;358.6249
19999.38,0.58,20033.89;358.6192
19999.38,0.58,20033.92;358.6135
19999.38,0.58,20033.92;358.6135
19999.38,0.58,20033.95;358.6135
19999.38,0.58,20033.95;358.6135
19999.38,0.58,20033.97;358.6135
19999.38,0.58,20033.97;358.6135
19999.38,0.58,20033.97;358.6135
19999.38,0.58,20034;358.6135
19999.38,0.58,20034;358.6135
19999.38,0.58,20034;358.6135
19999.38,0.58,20034.03;358.6135
19999.38,0.58,20034.03;358.6135
19999.38,0.58,20034.08;358.6135
19999.38,0.58,20034.13;358.6135
19999.37,0.58,20034.38;358.6135
19999.36,0.58,20034.64;358.6135
19999.36,0.58,20034.64;358.6135
19999.36,0.58,20034.89;358.6078
19999.36,0.58,20034.89;358.6078
19999.36,0.58,20034.89;358.6078
19999.35,0.58,20035.14;358.6078
19999.35,0.58,20035.14;358.6078
19999.35,0.58,20035.14;358.6078
19999.35,0.58,20035.4;358.602
19999.34,0.58,20035.65;358.5963
19999.33,0.58,20035.91;358.5963
19999.33,0.58,20035.91;358.5963
19999.33,0.58,20036.16;358.5963
19999.32,0.58,20036.42;358.5963
19999.32,0.58,20036.42;358.5963
19999.31,0.58,20036.67;358.5963
19999.31,0.58,20036.92;358.5963
19999.31,0.58,20036.92;358.5963
19999.3,0.58,20037.18;358.5963
19999.3,0.58,20037.18;358.5963
19999.29,0.58,20037.43;358.5963
19999.29,0.58,20037.69;358.5963
19999.29,0.58,20037.69;358.5963
19999.28,0.58,20037.94;358.5963
19999.28,0.58,20038.19;358.5963
19999.28,0.58,20038.19;358.5963
19999.27,0.58,20038.45;358.5963
19999.26,0.58,20038.7;358.5906
19999.26,0.58,20038.7;358.5906
19999.26,0.58,20038.96;358.5906
19999.25,0.58,20039.21;358.5906
19999.25,0.58,20039.21;358.5906
19999.25,0.58,20039.21;358.5906
19999.25,0.58,20039.46;358.5906
19999.24,0.58,20039.72;358.5906
19999.24,0.58,20039.72;358.5906
19999.23,0.58,20039.97;358.5906
19999.23,0.58,20040.22;358.5906
19999.23,0.58,20040.22;358.5906
19999.22,0.58,20040.48;358.5906
19999.22,0.58,20040.48;358.5906
19999.21,0.58,20040.73;358.5906
19999.21,0.58,20040.73;358.5906
19999.21,0.58,20040.73;358.5906
19999.21,0.58,20040.99;358.5906
19999.2,0.58,20041.24;358.5906
19999.2,0.58,20041.24;358.5906
19999.2,0.58,20041.49;358.5906
19999.19,0.58,20041.75;358.5906
19999.18,0.58,20042;358.5848
19999.18,0.58,20042;358.5848
19999.18,0.58,20042.26;358.5791
19999.17,0.58,20042.51;358.5619
19999.16,0.58,20042.76;358.5447
19999.16,0.58,20043.02;358.5447
19999.16,0.58,20043.02;358.5447
19999.15,0.58,20043.21;358.5447
19999.15,0.58,20043.41;358.5447
