20000,0.5,20000;0
20000,0.58,20000.13;0
20000,0.58,20000.25;0
20000,0.58,20000.38;0
20000,0.58,20000.51;0
20000,0.58,20000.63;0
20000,0.58,20000.76;0
20000,0.58,20000.89;0
20000,0.58,20000.89;0
20000,0.58,20001.02;0
20000,0.58,20001.14;0
20000,0.58,20001.27;0
20000,0.58,20001.4;0
20000,0.58,20001.52;0
20000,0.58,20001.65;0
20000,0.58,20001.78;0
20000,0.58,20001.9;0
20000,0.58,20002.03;0
20000,0.58,20002.16;0
20000,0.58,20002.29;0
20000,0.58,20002.41;0
20000,0.58,20002.54;0
20000,0.58,20002.67;0
20000,0.58,20002.79;0
20000,0.58,20002.79;0
20000,0.58,20002.92;0
20000,0.58,20003.05;0
20000,0.58,20003.18;0
20000,0.58,20003.3;0
20000,0.58,20003.43;0
20000,0.58,20003.56;0
20000,0.58,20003.68;0
20000,0.58,20003.81;0
20000,0.58,20003.94;0
20000,0.58,20003.94;0
20000,0.58,20004.06;0
20000,0.58,20004.19;0
20000,0.58,20004.32;0
20000,0.58,20004.45;0
20000,0.58,20004.57;0
20000,0.58,20004.7;0
20000,0.58,20004.83;0
20000,0.58,20004.95;0
20000,0.58,20005.08;0
20000,0.58,20005.21;0
20000,0.58,20005.33;0
20000,0.58,20005.33;0
20000,0.58,20005.46;0
20000,0.58,20005.59;0
20000,0.58,20005.71;0
20000,0.58,20005.84;0
20000,0.58,20005.97;0
20000,0.58,20006.1;0
20000,0.58,20006.22;0
20000,0.58,20006.35;0
20000,0.58,20006.48;0
20000,0.58,20006.6;0
20000,0.58,20006.73;0
20000,0.58,20006.86;0
20000,0.58,20006.98;0
20000,0.58,20007.11;0
20000,0.58,20007.24;0
20000,0.58,20007.37;0
20000,0.58,20007.49;0
20000,0.58,20007.62;0
20000,0.58,20007.75;0
20000,0.58,20007.87;0
20000,0.58,20008;0
20000,0.58,20008.13;0
20000,0.58,20008.26;0
20000,0.58,20008.38;0
20000,0.58,20008.51;0
20000,0.58,20008.64;0
20000,0.58,20008.76;0
20000,0.58,20008.89;0
20000,0.58,20009.02;0
20000,0.58,20009.14;0
20000,0.58,20009.27;0
20000,0.58,20009.4;0
20000,0.58,20009.53;0
20000,0.58,20009.65;0
20000,0.58,20009.78;0
20000,0.58,20009.91;0
20000,0.58,20010.03;0
20000,0.58,20010.16;0
20000,0.58,20010.29;0
20000,0.58,20010.41;0
20000,0.58,20010.54;0
20000,0.58,20010.67;0
20000,0.58,20010.79;0
20000,0.58,20010.92;0
20000,0.58,20011.05;0
20000,0.58,20011.05;0
20000,0.58,20011.18;0
20000,0.58,20011.3;0
20000,0.58,20011.43;0
20000,0.58,20011.56;0
20000,0.58,20011.68;0
20000,0.58,20011.81;0
20000,0.58,20011.94;0
20000,0.58,20011.94;0
20000,0.58,20012.06;0
20000,0.58,20012.19;0
20000,0.58,20012.32;0
20000,0.58,20012.45;0
20000,0.58,20012.57;0
20000,0.58,20012.7;0
20000,0.58,20012.83;0
20000,0.58,20012.95;0
20000,0.58,20013.08;0
20000,0.58,20013.21;0
20000,0.58,20013.34;0
20000,0.58,20013.46;0
20000,0.58,20013.59;0
20000,0.58,20013.72;0
20000,0.58,20013.84;0
20000,0.58,20013.97;0
20000,0.58,20014.1;0
20000,0.58,20014.22;0
20000,0.58,20014.35;0
20000,0.58,20014.48;0
20000,0.58,20014.61;0
20000,0.58,20014.73;0
20000,0.58,20014.86;0
20000,0.58,20014.99;0
20000,0.58,20015.11;0
20000,0.58,20015.24;0
20000,0.58,20015.37;0
20000,0.58,20015.49;0
20000,0.58,20015.62;0
20000,0.58,20015.62;0
20000,0.58,20015.75;0
20000,0.58,20015.88;0
20000,0.58,20016;0
20000,0.58,20016.13;0
20000,0.58,20016.26;0
20000,0.58,20016.26;0
20000,0.58,20016.38;0
20000,0.58,20016.51;0
20000,0.58,20016.64;0
20000,0.58,20016.76;0
20000,0.58,20016.89;0
20000,0.58,20017.02;0
20000,0.58,20017.02;0
20000,0.58,20017.14;0
20000,0.58,20017.27;0
20000,0.58,20017.4;0
20000,0.58,20017.53;0
20000,0.58,20017.65;0
20000,0.58,20017.78;0
20000,0.58,20017.91;0
20000,0.58,20018.03;0
20000,0.58,20018.16;0
20000,0.58,20018.29;0
20000,0.58,20018.41;0
20000,0.58,20018.54;0
20000,0.58,20018.67;0
20000,0.58,20018.8;0
20000,0.58,20018.92;0
20000,0.58,20019.05;0
20000,0.58,20019.18;0
20000,0.58,20019.3;0
20000,0.58,20019.43;0
20000,0.58,20019.43;0
20000,0.58,20019.56;0
20000,0.58,20019.69;0
20000,0.58,20019.81;0
20000,0.58,20019.94;0
20000,0.58,20020.07;0
20000,0.58,20020.19;0
20000,0.58,20020.32;0
20000,0.58,20020.45;0
20000,0.58,20020.57;0
20000,0.58,20020.7;0
20000,0.58,20020.83;0
20000,0.58,20020.96;0
20000,0.58,20021.08;0
20000,0.58,20021.21;0
20000,0.58,20021.34;0
20000,0.58,20021.46;0
20000,0.58,20021.59;0
20000,0.58,20021.72;0
20000,0.58,20021.84;0
20000,0.58,20021.97;0
20000,0.58,20022.1;0
20000,0.58,20022.22;0
20000,0.58,20022.35;0
20000,0.58,20022.35;0
20000,0.58,20022.48;0
20000,0.58,20022.61;0
20000,0.58,20022.73;0
20000,0.58,20022.86;0
20000,0.58,20022.99;0
20000,0.58,20023.11;0
20000,0.58,20023.11;0
20000,0.58,20023.24;0
20000,0.58,20023.24;0
20000,0.58,20023.37;0
20000,0.58,20023.49;0
20000,0.58,20023.62;0
20000,0.58,20023.75;0
20000,0.58,20023.88;0
20000,0.58,20024;0
20000,0.58,20024.13;0
20000,0.58,20024.13;0
20000,0.58,20024.26;0
20000,0.58,20024.38;0
20000,0.58,20024.51;0
20000,0.58,20024.64;0
20000,0.58,20024.77;0
20000,0.58,20024.89;0
20000,0.58,20025.02;0
20000,0.58,20025.15;0
20000,0.58,20025.27;0
20000,0.58,20025.4;0
20000,0.58,20025.53;0
20000,0.58,20025.65;0
20000,0.58,20025.78;0
20000,0.58,20025.91;0
20000,0.58,20026.04;0
20000,0.58,20026.16;0
20000,0.58,20026.29;0
20000,0.58,20026.42;0
20000,0.58,20026.54;0
20000,0.58,20026.67;0
20000,0.58,20026.8;0
20000,0.58,20026.92;0
20000,0.58,20027.05;0
20000,0.58,20027.18;0
20000,0.58,20027.3;0
20000,0.58,20027.43;0
20000,0.58,20027.56;0
20000,0.58,20027.69;0
20000,0.58,20027.81;0
20000,0.58,20027.94;0
20000,0.58,20028.07;0
20000,0.58,20028.19;0
20000,0.58,20028.32;0
20000,0.58,20028.45;0
20000,0.58,20028.57;0
20000,0.58,20028.7;0
20000,0.58,20028.83;0
20000,0.58,20028.96;0
20000,0.58,20029.08;0
20000,0.58,20029.21;0
20000,0.58,20029.34;0
20000,0.58,20029.46;0
20000,0.58,20029.59;0
20000,0.58,20029.72;0
20000,0.58,20029.85;0
20000,0.58,20029.97;0
20000,0.58,20030.1;0
20000,0.58,20030.23;0
20000,0.58,20030.35;0
20000,0.58,20030.48;0
20000,0.58,20030.61;0
20000,0.58,20030.73;0
20000,0.58,20030.86;0
20000,0.58,20030.99;0
20000,0.58,20031.12;0
20000,0.58,20031.24;0
20000,0.58,20031.37;0
20000,0.58,20031.5;0
20000,0.58,20031.62;0
20000,0.58,20031.75;0
20000,0.58,20031.88;0
20000,0.58,20032;0
20000,0.58,20032.13;0
20000,0.58,20032.26;0
20000,0.58,20032.38;0
20000,0.58,20032.5;0
20000,0.58,20032.62;0
20000,0.58,20032.73;0
20000,0.58,20032.85;0
20000,0.58,20032.97;0
20000,0.58,20033.08;0
20000,0.58,20033.2;0
20000,0.58,20033.2;0
20000,0.58,20033.21;0
20000,0.58,20033.21;0
20000,0.58,20033.27;0
20000,0.58,20033.39;0
20000,0.58,20033.52;0
20000,0.58,20033.64;0
20000,0.58,20033.77;0
20000,0.58,20033.9;0
20000,0.58,20034.03;0
20000,0.58,20034.15;0
20000,0.58,20034.28;0
20000,0.58,20034.41;0
20000,0.58,20034.53;0
20000,0.58,20034.66;0
20000,0.58,20034.79;0
20000,0.58,20034.91;0
20000,0.58,20035.04;0
20000,0.58,20035.17;0
20000,0.58,20035.29;0
20000,0.58,20035.42;0
20000,0.58,20035.55;0
20000,0.58,20035.68;0
20000,0.58,20035.8;0
20000,0.58,20035.93;0
20000,0.58,20036.06;0
20000,0.58,20036.06;0
20000,0.58,20036.18;0
20000,0.58,20036.31;0
20000,0.58,20036.44;0
20000,0.58,20036.56;0
20000,0.58,20036.69;0
20000,0.58,20036.82;0
20000,0.58,20036.82;0
20000,0.58,20036.95;0
20000,0.58,20037.07;0
20000,0.58,20037.2;0
20000,0.58,20037.33;0
20000,0.58,20037.45;0
20000,0.58,20037.58;0
20000,0.58,20037.71;0
20000,0.58,20037.84;0
20000,0.58,20037.96;0
20000,0.58,20038.09;0
20000,0.58,20038.09;0
20000,0.58,20038.22;0
20000,0.58,20038.34;0
20000,0.58,20038.47;0
20000,0.58,20038.6;0
20000,0.58,20038.72;0
20000,0.58,20038.85;0
20000,0.58,20038.85;0
20000,0.58,20038.98;0
20000,0.58,20039.11;0
20000,0.58,20039.23;0
20000,0.58,20039.36;0
20000,0.58,20039.49;0
20000,0.58,20039.61;0
20000,0.58,20039.61;0
20000,0.58,20039.74;0
20000,0.58,20039.87;0
20000,0.58,20039.99;0
20000,0.58,20040.12;0
20000,0.58,20040.25;0
20000,0.58,20040.38;0
20000,0.58,20040.5;0
20000,0.58,20040.5;0
20000,0.58,20040.63;0
20000,0.58,20040.76;0
20000,0.58,20040.88;0
20000,0.58,20041.01;0
20000,0.58,20041.14;0
20000,0.58,20041.26;0
20000,0.58,20041.26;0
20000,0.58,20041.39;0
20000,0.58,20041.52;0
20000,0.58,20041.64;0
20000,0.58,20041.64;0
20000,0.58,20041.77;0
20000,0.58,20041.9;0
20000,0.58,20042.03;0
20000,0.58,20042.15;0
20000,0.58,20042.28;0
20000,0.58,20042.41;0
20000,0.58,20042.53;0
20000,0.58,20042.66;0
20000,0.58,20042.79;0
20000,0.58,20042.91;0
20000,0.58,20042.91;0
20000,0.58,20043.04;0
20000,0.58,20043.17;0
20000,0.58,20043.3;0
20000,0.58,20043.42;0
20000,0.58,20043.55;0
20000,0.58,20043.68;0
20000,0.58,20043.68;0
20000,0.58,20043.8;0
20000,0.58,20043.8;0
20000,0.58,20043.93;0
20000,0.58,20044;0
20000,0.58,20044.07;0
20000,0.58,20044.07;0
20000,0.58,20044.13;0
20000,0.58,20044.2;0
20000,0.58,20044.27;0
20000,0.58,20044.34;0
20000,0.58,20044.41;0
20000,0.58,20044.47;0
20000,0.58,20044.54;0
20000,0.58,20044.54;0
20000,0.58,20044.61;0
20000,0.58,20044.68;0
20000,0.58,20044.75;0
20000,0.58,20044.81;0
20000,0.58,20044.88;0
20000,0.58,20044.95;0
20000,0.58,20044.98;0
20000,0.58,20045.01;0
20000,0.58,20045.09;0
20000,0.58,20045.16;0
20000,0.58,20045.16;0
20000,0.58,20045.22;0
20000,0.58,20045.31;0
20000,0.58,20045.38;0
20000,0.58,20045.46;0
20000,0.58,20045.54;0
20000,0.58,20045.61;0
20000,0.58,20045.67;0
20000,0.58,20045.73;0
20000,0.58,20045.8;0
20000,0.58,20045.88;0
20000,0.58,20045.97;0
20000,0.58,20046.05;0
20000,0.58,20046.13;0
20000,0.58,20046.21;0
20000,0.58,20046.29;0
20000,0.58,20046.38;0
20000,0.58,20046.46;0
20000,0.58,20046.55;0
20000,0.58,20046.63;0
20000,0.58,20046.72;0
20000,0.58,20046.8;0
20000,0.58,20046.89;0
20000,0.58,20046.97;0
20000,0.58,20047.06;0
20000,0.58,20047.14;0
20000,0.58,20047.23;0
20000,0.58,20047.31;0
20000,0.58,20047.4;0
20000,0.58,20047.48;0
