20000,0.5,20000;0
20000,0.58,20000.21;359.9542
20000,0.58,20000.42;359.8969
20000,0.58,20000.6;359.8453
20000,0.58,20000.81;359.7938
20000,0.58,20001.01;359.7536
20000,0.58,20001.22;359.6964
20000,0.58,20001.22;359.6964
20000,0.58,20001.4;359.6391
19999.99,0.58,20001.61;359.5818
19999.99,0.58,20001.81;359.5359
19999.99,0.58,20001.81;359.5359
19999.99,0.58,20001.81;359.5359
19999.99,0.58,20002.02;359.4844
19999.99,0.58,20002.2;359.4328
19999.99,0.58,20002.38;359.3813
19999.99,0.58,20002.38;359.3813
19999.98,0.58,20002.59;359.3354
19999.98,0.58,20002.79;359.2896
19999.98,0.58,20003;359.2323
19999.98,0.58,20003;359.2323
19999.98,0.58,20003.17;359.175
19999.98,0.58,20003.17;359.175
19999.97,0.58,20003.38;359.1292
19999.97,0.58,20003.38;359.1292
19999.97,0.58,20003.38;359.1292
19999.97,0.58,20003.58;359.0776
19999.97,0.58,20003.75;359.026
19999.96,0.58,20003.92;358.9745
19999.96,0.58,20003.92;358.9745
19999.96,0.58,20004.06;358.9286
19999.96,0.58,20004.06;358.9286
19999.96,0.58,20004.26;358.8828
19999.95,0.58,20004.46;358.8198
19999.95,0.58,20004.46;358.8198
19999.95,0.58,20004.63;358.7568
19999.95,0.58,20004.63;358.7568
19999.95,0.58,20004.84;358.7109
19999.95,0.58,20004.84;358.7109
19999.94,0.58,20005.04;358.6594
19999.94,0.58,20005.04;358.6594
19999.94,0.58,20005.21;358.6078
19999.93,0.58,20005.38;358.5562
19999.93,0.58,20005.38;358.5562
19999.93,0.58,20005.58;358.5047
19999.93,0.58,20005.58;358.5047
19999.92,0.58,20005.77;358.4531
19999.92,0.58,20005.97;358.3958
19999.92,0.58,20005.97;358.3958
19999.91,0.58,20006.13;358.3443
19999.91,0.58,20006.13;358.3443
19999.91,0.58,20006.32;358.2927
19999.9,0.58,20006.52;358.2526
19999.9,0.58,20006.52;358.2526
19999.89,0.58,20006.68;358.201
19999.89,0.58,20006.68;358.201
19999.89,0.58,20006.88;358.1495
19999.88,0.58,20007.07;358.1094
19999.88,0.58,20007.26;358.0521
19999.88,0.58,20007.26;358.0521
19999.88,0.58,20007.26;358.0521
19999.87,0.58,20007.45;357.9948
19999.86,0.58,20007.64;357.9489
19999.86,0.58,20007.8;357.9031
19999.85,0.58,20007.97;357.863
19999.84,0.58,20008.16;357.8229
19999.83,0.58,20008.35;357.7713
19999.83,0.58,20008.54;357.7198
19999.83,0.58,20008.54;357.7198
19999.83,0.58,20008.54;357.7198
19999.82,0.58,20008.7;357.674
19999.81,0.58,20008.89;357.6281
19999.8,0.58,20009.08;357.5765
19999.8,0.58,20009.08;357.5765
19999.8,0.58,20009.24;357.525
19999.79,0.58,20009.41;357.5021
19999.78,0.58,20009.59;357.4792
19999.77,0.58,20009.78;357.4505
19999.77,0.58,20009.78;357.4505
19999.77,0.58,20009.97;357.4219
19999.76,0.58,20010.16;357.3646
19999.75,0.58,20010.32;357.313
19999.75,0.58,20010.32;357.313
19999.75,0.58,20010.32;357.313
19999.74,0.58,20010.51;357.2614
19999.73,0.58,20010.7;357.2099
19999.72,0.58,20010.89;357.1583
19999.71,0.58,20011.08;357.1125
19999.71,0.58,20011.08;357.1125
19999.7,0.58,20011.24;357.0667
19999.7,0.58,20011.41;357.0208
19999.69,0.58,20011.6;356.975
19999.67,0.58,20011.8;356.9291
19999.67,0.58,20011.8;356.9291
19999.66,0.58,20011.99;356.8833
19999.65,0.58,20012.18;356.826
19999.64,0.58,20012.34;356.7687
19999.63,0.58,20012.49;356.7115
19999.63,0.58,20012.49;356.7115
19999.63,0.58,20012.68;356.6541
19999.61,0.58,20012.87;356.6026
19999.6,0.58,20013.06;356.551
19999.59,0.58,20013.25;356.5167
19999.59,0.58,20013.25;356.5167
19999.58,0.58,20013.41;356.4823
19999.57,0.58,20013.56;356.4307
19999.56,0.58,20013.75;356.3792
19999.55,0.58,20013.94;356.3333
19999.55,0.58,20013.94;356.3333
19999.54,0.58,20014.1;356.2875
19999.53,0.58,20014.26;356.2531
19999.51,0.58,20014.45;356.2187
19999.5,0.58,20014.64;356.1672
19999.5,0.58,20014.64;356.1672
19999.49,0.58,20014.83;356.1328
19999.48,0.58,20014.99;356.0984
19999.46,0.58,20015.15;356.0698
19999.46,0.58,20015.15;356.0698
19999.45,0.58,20015.35;356.0182
19999.45,0.58,20015.35;356.0182
19999.44,0.58,20015.54;355.9724
19999.44,0.58,20015.54;355.9724
19999.44,0.58,20015.54;355.9724
19999.43,0.58,20015.73;355.9208
19999.41,0.58,20015.89;355.8693
19999.4,0.58,20016.06;355.8177
19999.4,0.58,20016.06;355.8177
19999.39,0.58,20016.25;355.7776
19999.39,0.58,20016.25;355.7776
19999.38,0.58,20016.42;355.7432
19999.38,0.58,20016.42;355.7432
19999.36,0.58,20016.62;355.7088
19999.36,0.58,20016.62;355.7088
19999.34,0.58,20016.81;355.6745
19999.34,0.58,20016.81;355.6745
19999.33,0.58,20017.01;355.6115
19999.33,0.58,20017.01;355.6115
19999.32,0.58,20017.18;355.5484
19999.3,0.58,20017.35;355.4969
19999.3,0.58,20017.35;355.4969
19999.29,0.58,20017.54;355.4625
19999.29,0.58,20017.54;355.4625
19999.27,0.58,20017.71;355.4281
19999.27,0.58,20017.71;355.4281
19999.26,0.58,20017.91;355.3937
19999.26,0.58,20017.91;355.3937
19999.24,0.58,20018.11;355.3593
19999.23,0.58,20018.3;355.3192
19999.23,0.58,20018.3;355.3192
19999.21,0.58,20018.47;355.2963
19999.21,0.58,20018.47;355.2963
19999.2,0.58,20018.66;355.2734
19999.2,0.58,20018.66;355.2734
19999.18,0.58,20018.86;355.2505
19999.18,0.58,20018.86;355.2505
19999.18,0.58,20018.86;355.2505
19999.17,0.58,20019.02;355.2276
19999.15,0.58,20019.21;355.2047
19999.15,0.58,20019.21;355.2047
19999.15,0.58,20019.21;355.2047
19999.13,0.58,20019.4;355.1818
19999.12,0.58,20019.56;355.1588
19999.11,0.58,20019.71;355.1531
19999.11,0.58,20019.71;355.1531
19999.11,0.58,20019.71;355.1531
19999.11,0.58,20019.75;355.1474
19999.1,0.58,20019.79;355.113
19999.09,0.58,20019.88;354.9755
19999.09,0.58,20019.88;354.9755
19999.09,0.58,20019.88;354.9755
19999.09,0.58,20019.91;354.838
19999.09,0.58,20019.94;354.6776
19999.09,0.58,20019.94;354.626
19999.09,0.58,20019.94;354.626
19999.09,0.58,20019.94;354.626
19999.09,0.58,20019.96;354.5744
19999.09,0.58,20019.96;354.5229
19999.09,0.58,20019.97;354.5343
19999.09,0.58,20019.97;354.5343
19999.09,0.58,20019.97;354.5343
19999.08,0.58,20019.98;354.5458
19999.08,0.58,20019.98;354.6088
19999.08,0.58,20019.98;354.6718
19999.08,0.58,20019.98;354.6718
19999.08,0.58,20019.98;354.6718
19999.08,0.58,20019.99;354.7348
19999.08,0.58,20019.99;354.7979
19999.08,0.58,20019.99;354.8494
19999.08,0.58,20019.99;354.8494
19999.08,0.58,20019.99;354.8494
19999.08,0.58,20020;354.901
19999.08,0.58,20020.01;354.9468
19999.08,0.58,20020.02;354.9812
19999.08,0.58,20020.02;354.9812
19999.08,0.58,20020.02;354.9812
19999.08,0.58,20020.02;355.0156
19999.08,0.58,20020.03;355.0442
19999.08,0.58,20020.03;355.0786
19999.08,0.58,20020.03;355.0786
19999.08,0.58,20020.03;355.0786
19999.08,0.58,20020.04;355.1187
19999.08,0.58,20020.04;355.1588
19999.08,0.58,20020.04;355.1932
19999.08,0.58,20020.04;355.1932
19999.08,0.58,20020.04;355.1932
19999.08,0.58,20020.03;355.2333
19999.08,0.58,20020.03;355.2734
19999.08,0.58,20020.02;355.3364
19999.08,0.58,20020.02;355.3364
19999.08,0.58,20020.01;355.3994
19999.08,0.58,20020;355.4682
19999.08,0.58,20019.99;355.5369
19999.08,0.58,20019.99;355.6114
19999.08,0.58,20019.99;355.6114
19999.08,0.58,20019.99;355.6114
19999.08,0.58,20019.97;355.7031
19999.09,0.58,20019.95;355.7948
19999.09,0.58,20019.92;355.8864
19999.09,0.58,20019.92;355.8864
19999.09,0.58,20019.89;355.9724
19999.09,0.58,20019.89;355.9724
19999.09,0.58,20019.86;356.0583
19999.09,0.58,20019.83;356.1615
19999.09,0.58,20019.83;356.1615
19999.1,0.58,20019.8;356.2646
19999.1,0.58,20019.8;356.2646
19999.1,0.58,20019.77;356.3677
19999.1,0.58,20019.77;356.3677
19999.1,0.58,20019.77;356.3677
19999.1,0.58,20019.74;356.4709
19999.1,0.58,20019.74;356.4709
19999.1,0.58,20019.71;356.574
19999.1,0.58,20019.71;356.574
19999.1,0.58,20019.71;356.574
19999.1,0.58,20019.68;356.6772
19999.1,0.58,20019.68;356.6772
19999.11,0.58,20019.65;356.7803
19999.11,0.58,20019.62;356.8261
19999.11,0.58,20019.62;356.8261
19999.11,0.58,20019.58;356.8949
19999.11,0.58,20019.58;356.8949
19999.11,0.58,20019.55;356.9636
19999.11,0.58,20019.53;357.0553
19999.11,0.58,20019.53;357.0553
19999.11,0.58,20019.5;357.1527
19999.11,0.58,20019.5;357.1527
19999.12,0.58,20019.47;357.2501
19999.12,0.58,20019.44;357.3246
19999.12,0.58,20019.44;357.3246
19999.12,0.58,20019.45;357.3704
19999.12,0.58,20019.45;357.3704
19999.12,0.58,20019.45;357.4163
19999.12,0.58,20019.46;357.4678
19999.12,0.58,20019.47;357.5194
19999.12,0.58,20019.47;357.5194
19999.11,0.58,20019.51;357.4621
19999.11,0.58,20019.56;357.3704
19999.11,0.58,20019.56;357.3704
19999.11,0.58,20019.56;357.3704
19999.11,0.58,20019.63;357.2845
19999.1,0.58,20019.71;357.1985
19999.1,0.58,20019.79;357.0897
19999.1,0.58,20019.79;357.0897
19999.09,0.58,20019.9;356.9808
19999.09,0.58,20020.01;356.8719
19999.08,0.58,20020.12;356.7631
19999.08,0.58,20020.23;356.6656
19999.08,0.58,20020.23;356.6656
19999.07,0.58,20020.37;356.5682
19999.06,0.58,20020.51;356.4479
19999.05,0.58,20020.67;356.3333
19999.05,0.58,20020.67;356.3333
19999.05,0.58,20020.67;356.3333
19999.04,0.58,20020.77;356.2188
19999.03,0.58,20020.88;356.1099
19999.02,0.58,20021.04;356.001
19999.01,0.58,20021.21;355.8578
19999.01,0.58,20021.21;355.8578
19998.99,0.58,20021.43;355.7145
19998.98,0.58,20021.64;355.5541
19998.96,0.58,20021.84;355.5025
19998.96,0.58,20021.84;355.5025
19998.96,0.58,20021.84;355.5025
19998.95,0.58,20022.03;355.451
19998.93,0.58,20022.22;355.428
19998.91,0.58,20022.44;355.4052
19998.9,0.58,20022.65;355.2619
19998.9,0.58,20022.65;355.2619
19998.88,0.58,20022.85;355.1187
19998.86,0.58,20023.07;355.0155
19998.84,0.58,20023.29;354.8436
19998.84,0.58,20023.29;354.8436
19998.84,0.58,20023.29;354.8436
19998.82,0.58,20023.52;354.6718
19998.8,0.58,20023.71;354.4998
19998.78,0.58,20023.9;354.3509
19998.78,0.58,20023.9;354.3509
19998.78,0.58,20023.9;354.3509
19998.76,0.58,20024.12;354.2019
19998.74,0.58,20024.33;354.03
19998.71,0.58,20024.55;353.8696
19998.71,0.58,20024.55;353.8696
19998.71,0.58,20024.55;353.8696
19998.69,0.58,20024.74;353.7436
19998.67,0.58,20024.96;353.6175
19998.64,0.58,20025.17;353.4685
19998.64,0.58,20025.17;353.4685
19998.64,0.58,20025.17;353.4685
19998.62,0.58,20025.39;353.3195
19998.6,0.58,20025.58;353.1706
19998.57,0.58,20025.78;353.0331
19998.57,0.58,20025.78;353.0331
19998.57,0.58,20025.78;353.0331
19998.54,0.58,20026;352.8727
19998.52,0.58,20026.22;352.7122
19998.49,0.58,20026.45;352.5919
19998.49,0.58,20026.45;352.5919
19998.49,0.58,20026.45;352.5919
19998.46,0.58,20026.63;352.4773
19998.43,0.58,20026.86;352.3627
19998.4,0.58,20027.08;352.2252
19998.4,0.58,20027.08;352.2252
19998.4,0.58,20027.08;352.2252
19998.37,0.58,20027.3;352.1393
19998.34,0.58,20027.5;352.0533
19998.31,0.58,20027.69;351.9158
19998.31,0.58,20027.69;351.9158
19998.31,0.58,20027.69;351.9158
19998.28,0.58,20027.92;351.8642
19998.25,0.58,20028.15;351.8127
19998.25,0.58,20028.15;351.8127
19998.25,0.58,20028.15;351.8127
19998.25,0.58,20028.15;351.8127
19998.22,0.58,20028.34;351.7439
19998.19,0.58,20028.57;351.6752
19998.19,0.58,20028.57;351.6752
19998.19,0.58,20028.57;351.6752
19998.15,0.58,20028.8;351.6064
19998.15,0.58,20028.8;351.6064
19998.13,0.58,20029;351.5377
19998.1,0.58,20029.19;351.4689
19998.1,0.58,20029.19;351.4689
19998.06,0.58,20029.42;351.3085
19998.06,0.58,20029.42;351.3085
19998.03,0.58,20029.65;351.148
19997.99,0.58,20029.88;350.9933
19997.99,0.58,20029.88;350.9933
19997.96,0.58,20030.08;350.8616
19997.96,0.58,20030.08;350.8616
19997.92,0.58,20030.31;350.7298
19997.92,0.58,20030.31;350.7298
19997.88,0.58,20030.54;350.6725
19997.88,0.58,20030.54;350.6725
19997.85,0.58,20030.74;350.6152
19997.82,0.58,20030.94;350.4891
19997.82,0.58,20030.94;350.4891
19997.78,0.58,20031.17;350.3516
19997.78,0.58,20031.17;350.3516
19997.74,0.58,20031.4;350.2141
19997.69,0.58,20031.64;350.0823
19997.66,0.58,20031.84;349.9563
19997.66,0.58,20031.84;349.9563
19997.66,0.58,20031.84;349.9563
19997.62,0.58,20032.07;349.8302
19997.57,0.58,20032.31;349.6755
19997.53,0.58,20032.54;349.5208
19997.53,0.58,20032.54;349.5208
19997.53,0.58,20032.54;349.5208
19997.49,0.58,20032.74;349.389
19997.45,0.58,20032.98;349.2573
19997.4,0.58,20033.21;349.1942
19997.4,0.58,20033.21;349.1942
19997.37,0.58,20033.41;349.1312
19997.33,0.58,20033.62;348.9937
19997.28,0.58,20033.84;348.8562
19997.24,0.58,20034.07;348.7874
19997.24,0.58,20034.07;348.7874
19997.19,0.58,20034.3;348.7187
19997.19,0.58,20034.3;348.7187
19997.14,0.58,20034.53;348.65
19997.14,0.58,20034.53;348.65
19997.14,0.58,20034.53;348.65
19997.11,0.58,20034.72;348.5812
19997.11,0.58,20034.72;348.5812
19997.06,0.58,20034.95;348.5125
19997.06,0.58,20034.95;348.5125
19997.06,0.58,20034.95;348.5125
19997.01,0.58,20035.17;348.4437
19997.01,0.58,20035.17;348.4437
19996.97,0.58,20035.36;348.3749
19996.97,0.58,20035.36;348.3749
19996.97,0.58,20035.36;348.3749
19996.93,0.58,20035.58;348.3062
19996.88,0.58,20035.8;348.3005
19996.85,0.58,20035.98;348.2947
19996.85,0.58,20035.98;348.2947
19996.85,0.58,20035.98;348.2947
19996.8,0.58,20036.2;348.289
19996.76,0.58,20036.41;348.2833
19996.76,0.58,20036.41;348.2833
19996.76,0.58,20036.41;348.2833
19996.71,0.58,20036.62;348.2776
19996.71,0.58,20036.62;348.2776
19996.68,0.58,20036.8;348.2718
19996.68,0.58,20036.8;348.2718
19996.68,0.58,20036.8;348.2718
19996.63,0.58,20037;348.2661
19996.6,0.58,20037.19;348.2604
19996.56,0.58,20037.38;348.2546
19996.56,0.58,20037.38;348.2546
19996.52,0.58,20037.54;348.2489
19996.52,0.58,20037.54;348.2489
19996.48,0.58,20037.74;348.2432
19996.48,0.58,20037.74;348.2432
19996.48,0.58,20037.74;348.2432
19996.44,0.58,20037.94;348.2375
19996.4,0.58,20038.11;348.2317
19996.4,0.58,20038.11;348.2317
19996.4,0.58,20038.11;348.2317
19996.36,0.58,20038.31;348.226
19996.36,0.58,20038.31;348.226
19996.33,0.58,20038.48;348.2203
19996.33,0.58,20038.48;348.2203
19996.29,0.58,20038.68;348.2145
19996.29,0.58,20038.68;348.2145
19996.24,0.58,20038.88;348.2088
19996.24,0.58,20038.88;348.2088
19996.24,0.58,20038.88;348.2088
19996.21,0.58,20039.05;348.2031
19996.21,0.58,20039.05;348.2031
19996.16,0.58,20039.26;348.1974
19996.16,0.58,20039.26;348.1974
19996.12,0.58,20039.47;348.1916
19996.12,0.58,20039.47;348.1916
19996.12,0.58,20039.47;348.1916
19996.08,0.58,20039.64;348.1859
19996.08,0.58,20039.64;348.1859
19996.08,0.58,20039.64;348.1859
19996.04,0.58,20039.85;348.1801
19996.04,0.58,20039.85;348.1801
19996,0.58,20040.05;348.1744
19996,0.58,20040.05;348.1744
19995.96,0.58,20040.23;348.1687
19995.96,0.58,20040.23;348.1687
19995.92,0.58,20040.44;348.163
19995.92,0.58,20040.44;348.163
19995.92,0.58,20040.44;348.163
19995.87,0.58,20040.65;348.1573
19995.87,0.58,20040.65;348.1573
19995.83,0.58,20040.83;348.1515
19995.8,0.58,20041.01;348.1229
19995.8,0.58,20041.01;348.1229
19995.75,0.58,20041.22;347.9739
19995.75,0.58,20041.22;347.9739
19995.71,0.58,20041.44;347.8249
19995.66,0.58,20041.65;347.676
19995.62,0.58,20041.83;347.527
19995.58,0.58,20042.02;347.3952
19995.53,0.58,20042.23;347.2405
19995.48,0.58,20042.45;347.0858
19995.43,0.58,20042.67;346.9597
19995.43,0.58,20042.67;346.9597
19995.43,0.58,20042.67;346.9597
19995.38,0.58,20042.86;346.8051
19995.33,0.58,20043.07;346.6504
19995.28,0.58,20043.29;346.4957
