20000,0.5,20000;0
20000,0.58,20000;-0.005729198
20000,0.58,20000;-0.005729198
20000,0.58,20000;359.9886
20000,0.58,20000;359.9886
20000,0.58,20000;359.9828
20000,0.58,20000;359.9828
20000,0.58,20000;359.9828
20000,0.58,20000;359.9771
20000,0.58,20000;359.9713
20000,0.58,20000;359.9713
20000,0.58,20002;359.9713
20000,0.58,20004;359.9656
20000,0.58,20006;359.9656
20000,0.58,20008;359.9656
20000,0.58,20010;359.9599
20000,0.58,20012;359.9599
20000,0.58,20014;359.9599
20000,0.58,20016;359.9599
20000,0.58,20016;359.9599
20000,0.58,20015.99;359.9542
20000,0.58,20015.99;359.9542
20000,0.58,20015.99;359.9542
20000,0.58,20015.99;359.9542
20000,0.58,20015.99;359.9484
20000,0.58,20015.99;359.9484
20000,0.58,20015.99;359.9484
20000,0.58,20015.99;359.9484
20000,0.58,20015.99;359.9427
20000,0.58,20015.99;359.9427
20000,0.58,20015.99;359.9427
20000,0.58,20015.99;359.9427
20000,0.58,20015.99;359.937
20000,0.58,20015.99;359.937
20000,0.58,20015.99;359.9312
20000,0.58,20015.99;359.9312
20000,0.58,20017.99;359.9312
20000,0.58,20019.99;359.9312
20000,0.58,20021.99;359.9312
20000,0.58,20023.99;359.9312
20000,0.58,20025.99;359.9312
20000,0.58,20027.98;359.9255
20000,0.58,20029.98;359.9255
20000,0.58,20031.98;359.9255
20000,0.58,20033.98;359.9255
20000,0.58,20033.98;359.9255
20000,0.58,20033.98;359.9198
20000,0.58,20033.98;359.9198
20000,0.58,20033.98;359.9198
20000,0.58,20033.98;359.9198
20000,0.58,20033.98;359.9198
20000,0.58,20033.98;359.9198
20000,0.58,20033.98;359.9198
20000,0.58,20033.98;359.9198
20000,0.58,20033.98;359.9198
20000,0.58,20033.98;359.9198
20000,0.58,20033.98;359.9198
20000,0.58,20033.98;359.9198
20000,0.58,20033.98;359.9198
20000,0.58,20033.98;359.9198
20000,0.58,20033.98;359.9198
20000,0.58,20033.98;359.9198
20000,0.58,20033.98;359.9198
20000,0.58,20033.98;359.9198
20000,0.58,20035.98;359.9198
20000,0.58,20037.98;359.9198
20000,0.58,20039.98;359.9198
20000,0.58,20041.98;359.9198
20000,0.58,20043.98;359.9198
20000,0.58,20045.72;359.9198
20000,0.58,20045.72;359.9198
20000,0.58,20045.72;359.9198
20000,0.58,20045.72;359.9198
20000,0.58,20045.72;359.9198
20000,0.58,20045.72;359.9198
20000,0.58,20045.72;359.9198
20000,0.58,20045.72;359.9198
20000,0.58,20045.72;359.9198
20000,0.58,20045.72;359.9198
20000,0.58,20045.72;359.9198
20000,0.58,20045.72;359.9198
20000,0.58,20045.72;359.9198
20000,0.58,20045.72;359.9198
20000,0.58,20045.72;359.9198
20000,0.58,20045.72;359.9198
20000,0.58,20045.72;359.9198
20000,0.58,20045.72;359.9198
20000,0.58,20045.72;359.9198
20000,0.58,20045.72;359.9198
20000,0.58,20045.72;359.9198
20000,0.58,20045.72;359.9198
20000,0.58,20045.72;359.9198
20000,0.58,20045.72;359.9198
20000,0.58,20045.72;359.9198
20000,0.58,20045.72;359.9198
20000,0.58,20045.72;359.9198
20000,0.58,20045.72;359.9198
20000,0.58,20045.72;359.9198
20000,0.58,20045.72;359.9198
20000,0.58,20045.72;359.9198
20000,0.58,20045.72;359.9198
20000,0.58,20045.72;359.9198
20000,0.58,20045.72;359.9198
20000,0.58,20045.72;359.9198
20000,0.58,20045.72;359.9198
20000,0.58,20045.72;359.9198
20000,0.58,20045.72;359.9198
20000,0.58,20045.72;359.9141
20000,0.58,20045.72;359.9141
20000,0.58,20045.72;359.9141
20000,0.58,20045.72;359.9083
20000,0.58,20045.72;359.9083
20000,0.58,20045.72;359.9083
20000,0.58,20045.72;359.9083
20000,0.58,20045.72;359.9083
20000,0.58,20045.72;359.9026
20000,0.58,20045.72;359.9026
20000,0.58,20045.72;359.9026
20000,0.58,20045.72;359.9026
20000,0.58,20045.71;359.8969
20000,0.58,20045.71;359.8969
20000,0.58,20045.71;359.8969
20000,0.58,20045.71;359.8969
20000,0.58,20045.71;359.8969
20000,0.58,20045.71;359.8969
20000,0.58,20045.71;359.8969
20000,0.58,20045.71;359.8969
20000,0.58,20045.71;359.8969
20000,0.58,20045.71;359.8969
20000,0.58,20045.71;359.8969
20000,0.58,20045.71;359.8969
20000,0.58,20045.71;359.8969
20000,0.58,20045.71;359.8969
20000,0.58,20045.71;359.8911
20000,0.58,20045.71;359.8911
20000,0.58,20045.71;359.8911
20000,0.58,20045.71;359.8911
20000,0.58,20045.71;359.8911
20000,0.58,20045.71;359.8911
20000,0.58,20045.71;359.8911
20000,0.58,20045.71;359.8911
20000,0.58,20045.71;359.8911
20000,0.58,20045.72;359.8911
20000,0.58,20045.72;359.8911
20000,0.58,20045.72;359.8911
20000,0.58,20045.72;359.8911
20000,0.58,20045.72;359.8911
20000,0.58,20045.72;359.8911
20000,0.58,20045.72;359.8911
20000,0.58,20045.72;359.8911
20000,0.58,20045.72;359.8911
20000,0.58,20045.72;359.8911
20000,0.58,20045.72;359.8911
20000,0.58,20045.72;359.8911
20000,0.58,20043.72;359.8911
20000,0.58,20041.72;359.8911
20000,0.58,20039.72;359.8911
20000,0.58,20037.72;359.8911
20000,0.58,20035.72;359.8911
20000,0.58,20033.72;359.8911
20000,0.58,20031.72;359.8911
20000,0.58,20029.72;359.8911
20000,0.58,20029.72;359.8911
20000,0.58,20029.72;359.8911
20000,0.58,20029.72;359.8911
20000,0.58,20029.72;359.8911
20000,0.58,20029.72;359.8911
20000,0.58,20029.72;359.8911
20000,0.58,20029.72;359.8911
20000,0.58,20029.72;359.8911
20000,0.58,20029.72;359.8911
20000,0.58,20029.72;359.8911
20000,0.58,20029.72;359.8911
20000,0.58,20029.72;359.8911
20000,0.58,20029.72;359.8911
20000,0.58,20029.72;359.8911
20000,0.58,20029.72;359.8911
20000,0.58,20029.72;359.8911
20000,0.58,20029.72;359.8911
20000,0.58,20029.72;359.8911
20000,0.58,20029.72;359.8911
20000,0.58,20029.72;359.8911
20000,0.58,20029.72;359.8911
20000,0.58,20029.72;359.8911
20000,0.58,20029.72;359.8911
20000,0.58,20029.72;359.8911
20000,0.58,20029.72;359.8911
20000,0.58,20029.72;359.8911
20000,0.58,20029.72;359.8911
20000,0.58,20029.72;359.8911
20000,0.58,20029.73;359.8854
20000,0.58,20029.73;359.8854
20000,0.58,20029.73;359.8854
20000,0.58,20029.73;359.8854
20000,0.58,20029.73;359.8854
20000,0.58,20029.73;359.8854
20000,0.58,20029.73;359.8854
20000,0.58,20029.73;359.8854
20000,0.58,20029.73;359.8854
20000,0.58,20029.73;359.8854
20000,0.58,20029.73;359.8797
20000,0.58,20029.73;359.8797
20000,0.58,20029.73;359.8797
20000,0.58,20029.73;359.8797
20000,0.58,20029.73;359.8797
20000,0.58,20029.73;359.874
20000,0.58,20029.73;359.8682
20000,0.58,20029.73;359.8682
20000,0.58,20029.73;359.8682
20000,0.58,20029.73;359.8682
20000,0.58,20029.73;359.8682
20000,0.58,20029.73;359.8682
20000,0.58,20029.73;359.8682
20000,0.58,20029.73;359.8625
20000,0.58,20029.73;359.8625
20000,0.58,20029.73;359.8625
20000,0.58,20029.73;359.8625
20000,0.58,20029.73;359.8625
20000,0.58,20029.73;359.8568
20000,0.58,20029.73;359.8568
20000,0.58,20029.73;359.851
20000,0.58,20029.73;359.851
20000,0.58,20029.73;359.851
20000,0.58,20029.73;359.851
20000,0.58,20029.73;359.851
20000,0.58,20029.73;359.851
20000,0.58,20029.73;359.851
20000,0.58,20029.73;359.851
20000,0.58,20029.73;359.851
20000,0.58,20029.73;359.851
20000,0.58,20029.73;359.8453
20000,0.58,20029.73;359.8396
20000,0.58,20029.73;359.8396
20000,0.58,20029.73;359.8396
20000,0.58,20029.73;359.8396
20000,0.58,20029.73;359.8396
20000,0.58,20029.74;359.8339
20000,0.58,20029.74;359.8339
20000,0.58,20029.74;359.8339
20000,0.58,20029.74;359.8339
20000,0.58,20029.74;359.8281
20000,0.58,20029.74;359.8281
20000,0.58,20029.74;359.8281
20000,0.58,20029.74;359.8281
20000,0.58,20029.74;359.8281
20000,0.58,20029.74;359.8281
20000,0.58,20029.74;359.8281
20000,0.58,20029.74;359.8281
20000,0.58,20029.74;359.8224
20000,0.58,20029.74;359.8224
20000,0.58,20029.74;359.8224
20000,0.58,20029.74;359.8167
20000,0.58,20029.74;359.8167
20000,0.58,20029.74;359.8109
20000,0.58,20029.74;359.8109
20000,0.58,20029.74;359.8052
20000,0.58,20029.74;359.8052
20000,0.58,20029.74;359.8052
20000,0.58,20029.74;359.8052
20000,0.58,20029.74;359.8052
20000,0.58,20029.74;359.7995
20000,0.58,20029.74;359.7995
20000,0.58,20029.75;359.7938
20000,0.58,20029.75;359.7938
20000,0.58,20029.75;359.7938
20000,0.58,20029.75;359.788
20000,0.58,20029.75;359.788
20000,0.58,20029.75;359.788
20000,0.58,20029.75;359.788
20000,0.58,20029.75;359.788
20000,0.58,20029.75;359.788
20000,0.58,20029.75;359.788
20000,0.58,20029.75;359.7823
20000,0.58,20029.75;359.7823
20000,0.58,20029.75;359.7823
20000,0.58,20029.75;359.7823
20000,0.58,20029.75;359.7766
20000,0.58,20029.75;359.7766
20000,0.58,20029.75;359.7708
20000,0.58,20029.75;359.7708
20000,0.58,20029.75;359.7708
20000,0.58,20029.75;359.7708
20000,0.58,20029.75;359.7708
20000,0.58,20029.75;359.7708
20000,0.58,20029.75;359.7708
20000,0.58,20029.76;359.7651
20000,0.58,20029.76;359.7651
20000,0.58,20029.76;359.7594
20000,0.58,20029.76;359.7594
20000,0.58,20029.76;359.7536
20000,0.58,20029.76;359.7536
20000,0.58,20029.76;359.7536
20000,0.58,20029.76;359.7479
20000,0.58,20029.76;359.7479
20000,0.58,20029.76;359.7422
20000,0.58,20029.76;359.7422
20000,0.58,20029.76;359.7422
20000,0.58,20029.76;359.7422
20000,0.58,20029.76;359.7365
20000,0.58,20029.76;359.7365
20000,0.58,20029.76;359.7307
20000,0.58,20029.76;359.7307
20000,0.58,20029.76;359.7307
20000,0.58,20029.76;359.725
20000,0.58,20029.76;359.725
20000,0.58,20029.76;359.725
20000,0.58,20029.76;359.725
20000,0.58,20029.76;359.725
20000,0.58,20029.76;359.725
20000,0.58,20029.76;359.725
20000,0.58,20029.76;359.725
20000,0.58,20029.77;359.7193
20000,0.58,20029.77;359.7193
20000,0.58,20029.77;359.7193
20000,0.58,20029.77;359.7193
20000,0.58,20029.77;359.7193
20000,0.58,20029.77;359.7193
20000,0.58,20029.77;359.7193
20000,0.58,20029.77;359.7193
20000,0.58,20029.77;359.7193
20000,0.58,20029.77;359.7193
20000,0.58,20029.77;359.7135
20000,0.58,20029.77;359.7135
20000,0.58,20029.77;359.7078
20000,0.58,20029.77;359.7078
20000,0.58,20029.77;359.7078
20000,0.58,20029.77;359.7078
20000,0.58,20029.77;359.7021
20000,0.58,20029.77;359.7021
20000,0.58,20029.77;359.7021
20000,0.58,20029.77;359.7021
20000,0.58,20029.77;359.7021
20000,0.58,20029.77;359.7021
20000,0.58,20029.77;359.7021
20000,0.58,20029.77;359.6964
20000,0.58,20029.77;359.6964
20000,0.58,20029.77;359.6964
20000,0.58,20029.77;359.6964
20000,0.58,20029.77;359.6964
20000,0.58,20029.78;359.6906
20000,0.58,20029.78;359.6906
20000,0.58,20029.78;359.6906
20000,0.58,20029.78;359.6906
20000,0.58,20029.78;359.6906
20000,0.58,20029.78;359.6906
20000,0.58,20029.78;359.6849
20000,0.58,20029.78;359.6849
20000,0.58,20029.78;359.6849
20000,0.58,20029.78;359.6906
20000,0.58,20029.78;359.6964
20000,0.58,20029.78;359.6964
20000,0.58,20029.78;359.6906
20000,0.58,20029.78;359.6906
20000,0.58,20029.79;359.6849
20000,0.58,20029.79;359.6849
20000,0.58,20029.79;359.6849
20000,0.58,20029.79;359.6849
20000,0.58,20029.79;359.6906
20000,0.58,20029.79;359.6964
20000,0.58,20029.79;359.6964
20000,0.58,20029.79;359.6964
20000,0.58,20029.79;359.6964
20000,0.58,20029.79;359.6964
20000,0.58,20029.79;359.6964
20000,0.58,20029.79;359.6964
20000,0.58,20029.79;359.6964
20000,0.58,20029.79;359.6964
20000,0.58,20029.79;359.7021
20000,0.58,20029.79;359.7021
20000,0.58,20029.79;359.7021
20000,0.58,20029.79;359.7021
20000,0.58,20029.79;359.6964
20000,0.58,20029.79;359.6964
20000,0.58,20029.79;359.6964
20000,0.58,20029.79;359.6906
20000,0.58,20029.79;359.6906
20000,0.58,20029.79;359.6906
20000,0.58,20029.79;359.6906
20000,0.58,20029.79;359.6906
20000,0.58,20029.79;359.6906
20000,0.58,20029.79;359.6906
20000,0.58,20029.8;359.6906
20000,0.58,20029.8;359.6906
20000,0.58,20029.8;359.6906
20000,0.58,20029.8;359.6906
20000,0.58,20029.8;359.6849
20000,0.58,20029.8;359.6849
20000,0.58,20029.8;359.6792
20000,0.58,20029.8;359.6792
20000,0.58,20029.8;359.6792
20000,0.58,20029.8;359.6792
20000,0.58,20029.8;359.6792
20000,0.58,20029.8;359.6734
20000,0.58,20029.8;359.6734
20000,0.58,20029.8;359.6734
20000,0.58,20029.8;359.6734
20000,0.58,20029.8;359.6677
20000,0.58,20029.8;359.6677
20000,0.58,20029.8;359.662
20000,0.58,20029.8;359.662
20000,0.58,20029.8;359.662
20000,0.58,20029.8;359.662
20000,0.58,20029.8;359.6563
20000,0.58,20029.8;359.6563
20000,0.58,20029.8;359.6563
20000,0.58,20029.8;359.6563
20000,0.58,20029.8;359.6563
20000,0.58,20029.8;359.6505
20000,0.58,20029.8;359.6505
20000,0.58,20029.79;359.6448
20000,0.58,20029.79;359.6448
20000,0.58,20029.79;359.6448
20000,0.58,20029.79;359.6448
20000,0.58,20029.79;359.6448
20000,0.58,20029.79;359.6448
20000,0.58,20029.79;359.6391
20000,0.58,20029.79;359.6391
20000,0.58,20029.79;359.6391
20000,0.58,20029.79;359.6391
20000,0.58,20029.79;359.6333
20000,0.58,20029.79;359.6333
20000,0.58,20029.79;359.6333
20000,0.58,20029.79;359.6333
20000,0.58,20029.79;359.6333
20000,0.58,20029.79;359.6333
20000,0.58,20029.79;359.6333
20000,0.58,20029.79;359.6276
20000,0.58,20029.79;359.6276
20000,0.58,20029.79;359.6219
20000,0.58,20029.79;359.6219
20000,0.58,20029.79;359.6219
20000,0.58,20029.79;359.6219
20000,0.58,20029.79;359.6219
20000,0.58,20029.79;359.6219
20000,0.58,20029.79;359.6219
20000,0.58,20029.79;359.6219
20000,0.58,20029.79;359.6219
20000,0.58,20029.79;359.6219
20000,0.58,20029.79;359.6219
20000,0.58,20029.79;359.6219
20000,0.58,20029.79;359.6161
20000,0.58,20029.79;359.6161
20000,0.58,20029.79;359.6161
20000,0.58,20029.79;359.6161
20000,0.58,20029.79;359.6161
20000,0.58,20029.79;359.6161
20000,0.58,20029.79;359.6161
20000,0.58,20029.79;359.6161
20000,0.58,20029.79;359.6161
20000,0.58,20029.79;359.6161
20000,0.58,20029.79;359.6161
20000,0.58,20029.79;359.6161
20000,0.58,20029.79;359.6161
20000,0.58,20029.79;359.6161
20000,0.58,20029.79;359.6161
20000,0.58,20029.79;359.6104
20000,0.58,20029.79;359.6104
20000,0.58,20029.79;359.6104
20000,0.58,20029.79;359.6104
20000,0.58,20029.79;359.6104
20000,0.58,20029.79;359.6104
20000,0.58,20029.79;359.6047
20000,0.58,20029.79;359.6047
20000,0.58,20029.79;359.6047
20000,0.58,20029.79;359.6047
20000,0.58,20029.79;359.6047
20000,0.58,20029.79;359.6047
20000,0.58,20029.79;359.6047
20000,0.58,20029.79;359.6047
20000,0.58,20029.79;359.6047
20000,0.58,20029.79;359.6104
20000,0.58,20029.79;359.6104
20000,0.58,20029.79;359.6104
20000,0.58,20029.79;359.6104
20000,0.58,20029.79;359.6104
20000,0.58,20029.79;359.6104
20000,0.58,20029.79;359.6104
20000,0.58,20029.79;359.6104
20000,0.58,20029.79;359.6104
20000,0.58,20029.79;359.6104
20000,0.58,20029.79;359.6104
20000,0.58,20029.79;359.6104
20000,0.58,20029.78;359.6161
20000,0.58,20029.78;359.6161
20000,0.58,20029.78;359.6161
20000,0.58,20029.78;359.6219
20000,0.58,20029.78;359.6219
20000,0.58,20029.78;359.6219
20000,0.58,20029.78;359.6219
20000,0.58,20029.78;359.6276
20000,0.58,20029.78;359.6276
20000,0.58,20029.78;359.6276
20000,0.58,20029.78;359.6276
20000,0.58,20029.78;359.6276
20000,0.58,20029.78;359.6276
20000,0.58,20029.78;359.6276
20000,0.58,20029.78;359.6276
20000,0.58,20029.78;359.6276
20000,0.58,20029.78;359.6276
20000,0.58,20029.78;359.6333
20000,0.58,20029.78;359.6333
20000,0.58,20029.78;359.6391
20000,0.58,20029.78;359.6391
20000,0.58,20029.78;359.6448
20000,0.58,20029.78;359.6448
20000,0.58,20029.78;359.6448
20000,0.58,20029.78;359.6448
20000,0.58,20029.78;359.6448
20000,0.58,20029.78;359.6448
20000,0.58,20029.78;359.6448
20000,0.58,20029.78;359.6505
20000,0.58,20029.78;359.6505
20000,0.58,20029.78;359.6505
20000,0.58,20029.78;359.6505
20000,0.58,20029.78;359.6505
20000,0.58,20029.77;359.6563
20000,0.58,20029.77;359.6563
20000,0.58,20029.77;359.6563
20000,0.58,20029.77;359.6563
20000,0.58,20029.77;359.6563
20000,0.58,20029.77;359.6563
20000,0.58,20029.77;359.662
20000,0.58,20029.77;359.662
20000,0.58,20029.77;359.662
20000,0.58,20029.77;359.662
20000,0.58,20029.77;359.662
20000,0.58,20029.77;359.662
20000,0.58,20029.77;359.662
20000,0.58,20029.77;359.6677
20000,0.58,20029.77;359.6677
20000,0.58,20029.77;359.6677
20000,0.58,20029.77;359.6677
20000,0.58,20029.77;359.6677
20000,0.58,20029.77;359.6677
20000,0.58,20029.77;359.6677
20000,0.58,20029.77;359.6734
20000,0.58,20029.77;359.6734
20000,0.58,20029.77;359.6734
20000,0.58,20029.77;359.6792
20000,0.58,20029.77;359.6792
20000,0.58,20029.77;359.6792
20000,0.58,20029.77;359.6792
20000,0.58,20029.77;359.6792
20000,0.58,20029.77;359.6792
20000,0.58,20029.77;359.6792
20000,0.58,20029.77;359.6792
20000,0.58,20029.77;359.6792
20000,0.58,20029.77;359.6792
20000,0.58,20029.77;359.6792
20000,0.58,20029.77;359.6792
20000,0.58,20029.77;359.6792
20000,0.58,20029.77;359.6792
20000,0.58,20029.77;359.6792
20000,0.58,20029.77;359.6792
20000,0.58,20029.76;359.6849
20000,0.58,20029.76;359.6849
20000,0.58,20029.76;359.6849
20000,0.58,20029.76;359.6849
20000,0.58,20029.76;359.6849
20000,0.58,20029.76;359.6906
20000,0.58,20029.76;359.6906
20000,0.58,20029.76;359.6906
20000,0.58,20029.76;359.6906
20000,0.58,20029.76;359.6964
20000,0.58,20029.76;359.6964
20000,0.58,20029.76;359.6964
20000,0.58,20029.76;359.6964
20000,0.58,20029.76;359.6964
20000,0.58,20029.76;359.6964
20000,0.58,20029.76;359.6964
20000,0.58,20029.76;359.7021
20000,0.58,20029.76;359.7078
20000,0.58,20029.76;359.7078
20000,0.58,20029.76;359.7078
20000,0.58,20029.76;359.7078
20000,0.58,20029.76;359.7078
20000,0.58,20029.76;359.7078
20000,0.58,20029.76;359.7078
20000,0.58,20029.76;359.7078
20000,0.58,20029.76;359.7078
20000,0.58,20029.76;359.7078
20000,0.58,20029.76;359.7078
20000,0.58,20029.76;359.7135
20000,0.58,20029.76;359.7135
20000,0.58,20029.76;359.7135
20000,0.58,20029.76;359.7135
20000,0.58,20029.76;359.7135
20000,0.58,20029.76;359.7135
20000,0.58,20029.76;359.7193
20000,0.58,20029.76;359.7193
20000,0.58,20029.76;359.7193
20000,0.58,20029.76;359.7193
20000,0.58,20029.76;359.7193
20000,0.58,20029.76;359.725
20000,0.58,20029.76;359.725
20000,0.58,20029.76;359.725
20000,0.58,20029.76;359.725
20000,0.58,20029.76;359.725
20000,0.58,20029.76;359.725
20000,0.58,20029.76;359.725
20000,0.58,20029.76;359.725
20000,0.58,20029.76;359.725
20000,0.58,20029.76;359.725
20000,0.58,20029.76;359.725
20000,0.58,20029.76;359.725
20000,0.58,20029.76;359.725
20000,0.58,20029.76;359.725
20000,0.58,20029.76;359.725
20000,0.58,20029.76;359.725
20000,0.58,20029.76;359.725
20000,0.58,20029.76;359.725
20000,0.58,20029.76;359.7307
20000,0.58,20029.76;359.7307
20000,0.58,20029.76;359.7307
20000,0.58,20029.76;359.7307
20000,0.58,20029.76;359.7307
20000,0.58,20029.76;359.7307
20000,0.58,20029.76;359.7307
20000,0.58,20029.76;359.7307
20000,0.58,20029.76;359.7307
20000,0.58,20029.76;359.7307
20000,0.58,20029.76;359.7307
20000,0.58,20029.75;359.7365
20000,0.58,20029.75;359.7365
20000,0.58,20029.75;359.7365
20000,0.58,20029.75;359.7365
20000,0.58,20029.75;359.7365
20000,0.58,20029.75;359.7365
20000,0.58,20029.75;359.7365
20000,0.58,20029.75;359.7365
20000,0.58,20029.75;359.7365
20000,0.58,20029.75;359.7422
20000,0.58,20029.75;359.7422
20000,0.58,20029.75;359.7422
20000,0.58,20029.75;359.7422
20000,0.58,20029.75;359.7422
20000,0.58,20029.75;359.7479
20000,0.58,20029.75;359.7479
20000,0.58,20029.75;359.7479
20000,0.58,20029.75;359.7479
20000,0.58,20029.75;359.7479
20000,0.58,20029.75;359.7479
20000,0.58,20029.75;359.7479
20000,0.58,20029.75;359.7479
20000,0.58,20029.75;359.7536
20000,0.58,20029.75;359.7536
20000,0.58,20029.75;359.7536
20000,0.58,20029.75;359.7594
20000,0.58,20029.75;359.7594
20000,0.58,20029.75;359.7594
20000,0.58,20029.75;359.7594
20000,0.58,20029.75;359.7594
20000,0.58,20029.75;359.7594
20000,0.58,20029.75;359.7594
20000,0.58,20029.75;359.7594
20000,0.58,20029.75;359.7594
20000,0.58,20029.75;359.7594
20000,0.58,20029.75;359.7594
20000,0.58,20029.75;359.7594
20000,0.58,20029.75;359.7594
20000,0.58,20029.75;359.7594
20000,0.58,20029.75;359.7594
20000,0.58,20029.75;359.7594
20000,0.58,20029.75;359.7594
20000,0.58,20029.75;359.7651
20000,0.58,20029.75;359.7708
20000,0.58,20029.75;359.7708
20000,0.58,20029.75;359.7708
20000,0.58,20029.75;359.7708
20000,0.58,20029.75;359.7708
20000,0.58,20029.75;359.7708
20000,0.58,20029.75;359.7708
20000,0.58,20029.75;359.7708
20000,0.58,20029.75;359.7708
20000,0.58,20029.75;359.7708
20000,0.58,20029.75;359.7708
20000,0.58,20029.75;359.7708
20000,0.58,20029.75;359.7708
20000,0.58,20029.75;359.7708
20000,0.58,20029.75;359.7708
20000,0.58,20029.75;359.7708
20000,0.58,20029.75;359.7708
20000,0.58,20029.75;359.7708
20000,0.58,20029.75;359.7708
20000,0.58,20029.75;359.7708
20000,0.58,20029.75;359.7708
20000,0.58,20029.75;359.7708
20000,0.58,20029.75;359.7708
20000,0.58,20029.75;359.7708
20000,0.58,20029.75;359.7708
20000,0.58,20029.75;359.7708
20000,0.58,20029.75;359.7708
20000,0.58,20029.75;359.7708
20000,0.58,20029.75;359.7708
20000,0.58,20029.75;359.7708
20000,0.58,20029.75;359.7708
20000,0.58,20029.75;359.7708
20000,0.58,20029.75;359.7708
20000,0.58,20029.75;359.7708
20000,0.58,20029.75;359.7708
20000,0.58,20029.75;359.7708
20000,0.58,20029.75;359.7708
20000,0.58,20029.75;359.7708
20000,0.58,20029.75;359.7708
20000,0.58,20029.75;359.7708
20000,0.58,20029.75;359.7708
20000,0.58,20029.75;359.7708
20000,0.58,20029.75;359.7708
20000,0.58,20029.75;359.7708
20000,0.58,20029.75;359.7708
20000,0.58,20029.75;359.7708
20000,0.58,20029.75;359.7708
20000,0.58,20029.75;359.7708
20000,0.58,20029.75;359.7708
20000,0.58,20029.75;359.7708
20000,0.58,20029.75;359.7708
20000,0.58,20029.75;359.7708
20000,0.58,20029.75;359.7708
20000,0.58,20029.75;359.7708
20000,0.58,20029.75;359.7708
20000,0.58,20029.75;359.7708
20000,0.58,20029.75;359.7708
20000,0.58,20029.75;359.7708
20000,0.58,20029.75;359.7708
20000,0.58,20029.75;359.7708
20000,0.58,20029.75;359.7708
20000,0.58,20029.75;359.7708
20000,0.58,20029.75;359.7708
20000,0.58,20029.75;359.7708
20000,0.58,20029.75;359.7708
20000,0.58,20029.75;359.7708
20000,0.58,20029.75;359.7708
20000,0.58,20029.75;359.7766
20000,0.58,20029.75;359.7766
20000,0.58,20029.75;359.7766
20000,0.58,20029.75;359.7766
20000,0.58,20029.75;359.7766
20000,0.58,20029.75;359.7766
20000,0.58,20029.75;359.7766
20000,0.58,20029.75;359.7766
20000,0.58,20029.75;359.7766
20000,0.58,20029.75;359.7766
20000,0.58,20029.75;359.7766
20000,0.58,20029.75;359.7766
20000,0.58,20029.75;359.7766
20000,0.58,20029.75;359.7766
20000,0.58,20029.75;359.7766
20000,0.58,20029.75;359.7766
20000,0.58,20029.75;359.7766
20000,0.58,20029.75;359.7766
20000,0.58,20029.75;359.7708
20000,0.58,20029.75;359.7708
20000,0.58,20029.75;359.7708
20000,0.58,20029.75;359.7708
20000,0.58,20029.75;359.7651
20000,0.58,20029.75;359.7651
20000,0.58,20029.75;359.7651
20000,0.58,20029.75;359.7651
20000,0.58,20029.75;359.7651
20000,0.58,20029.75;359.7651
20000,0.58,20029.75;359.7651
20000,0.58,20029.75;359.7651
20000,0.58,20029.75;359.7651
20000,0.58,20029.75;359.7651
20000,0.58,20029.75;359.7651
20000,0.58,20029.75;359.7651
20000,0.58,20029.75;359.7651
20000,0.58,20029.75;359.7651
20000,0.58,20029.75;359.7594
20000,0.58,20029.75;359.7594
20000,0.58,20029.75;359.7594
20000,0.58,20029.75;359.7594
20000,0.58,20029.75;359.7594
20000,0.58,20029.75;359.7594
20000,0.58,20029.75;359.7594
20000,0.58,20029.75;359.7594
20000,0.58,20029.75;359.7594
20000,0.58,20029.75;359.7594
20000,0.58,20029.75;359.7594
20000,0.58,20029.75;359.7536
20000,0.58,20029.75;359.7536
20000,0.58,20029.75;359.7536
20000,0.58,20029.75;359.7536
20000,0.58,20029.75;359.7536
20000,0.58,20029.75;359.7536
20000,0.58,20029.75;359.7536
20000,0.58,20029.75;359.7536
20000,0.58,20029.75;359.7536
20000,0.58,20029.75;359.7479
20000,0.58,20029.75;359.7479
20000,0.58,20029.75;359.7479
20000,0.58,20029.75;359.7422
20000,0.58,20029.75;359.7422
20000,0.58,20029.75;359.7422
20000,0.58,20029.75;359.7422
20000,0.58,20029.75;359.7422
20000,0.58,20029.75;359.7365
20000,0.58,20029.75;359.7365
20000,0.58,20029.75;359.7365
20000,0.58,20029.75;359.7365
20000,0.58,20029.75;359.7365
20000,0.58,20029.75;359.7365
20000,0.58,20029.75;359.7365
20000,0.58,20029.75;359.7365
20000,0.58,20029.75;359.7307
20000,0.58,20029.75;359.7307
20000,0.58,20029.75;359.7307
20000,0.58,20029.75;359.725
20000,0.58,20029.75;359.725
20000,0.58,20029.75;359.725
20000,0.58,20029.75;359.725
20000,0.58,20029.75;359.725
20000,0.58,20029.75;359.7193
20000,0.58,20029.75;359.7193
20000,0.58,20029.74;359.7135
20000,0.58,20029.74;359.7135
20000,0.58,20029.74;359.7135
20000,0.58,20029.74;359.7135
20000,0.58,20029.74;359.7078
20000,0.58,20029.74;359.7078
20000,0.58,20029.74;359.7078
20000,0.58,20029.74;359.7021
20000,0.58,20029.74;359.7021
20000,0.58,20029.74;359.7021
20000,0.58,20029.74;359.7021
20000,0.58,20029.74;359.6964
20000,0.58,20029.74;359.6964
20000,0.58,20029.74;359.6906
20000,0.58,20029.74;359.6906
20000,0.58,20029.74;359.6849
20000,0.58,20029.74;359.6849
20000,0.58,20029.74;359.6792
20000,0.58,20029.74;359.6792
20000,0.58,20029.74;359.6792
20000,0.58,20029.74;359.6734
20000,0.58,20029.74;359.6734
20000,0.58,20029.74;359.6677
20000,0.58,20029.74;359.662
20000,0.58,20029.74;359.6563
20000,0.58,20029.74;359.6563
20000,0.58,20029.74;359.6563
20000,0.58,20029.74;359.6563
20000,0.58,20029.74;359.6505
20000,0.58,20029.74;359.6505
20000,0.58,20029.74;359.6505
20000,0.58,20029.74;359.6505
20000,0.58,20029.74;359.6448
20000,0.58,20029.74;359.6448
20000,0.58,20029.74;359.6391
20000,0.58,20029.74;359.6391
20000,0.58,20029.74;359.6391
20000,0.58,20029.74;359.6333
20000,0.58,20029.74;359.6333
20000,0.58,20029.74;359.6333
20000,0.58,20029.74;359.6276
20000,0.58,20029.74;359.6219
20000,0.58,20029.74;359.6219
20000,0.58,20029.74;359.6219
20000,0.58,20029.74;359.6161
20000,0.58,20029.74;359.6161
20000,0.58,20029.74;359.6104
20000,0.58,20029.74;359.6104
20000,0.58,20029.74;359.6104
20000,0.58,20029.74;359.6047
20000,0.58,20029.74;359.6047
20000,0.58,20029.74;359.6047
20000,0.58,20029.74;359.599
20000,0.58,20029.74;359.599
20000,0.58,20029.74;359.599
20000,0.58,20029.75;359.5932
20000,0.58,20029.75;359.5875
20000,0.58,20029.75;359.5818
20000,0.58,20029.75;359.5818
20000,0.58,20029.75;359.5818
20000,0.58,20029.75;359.5818
20000,0.58,20029.75;359.576
20000,0.58,20029.75;359.576
20000,0.58,20029.75;359.5703
20000,0.58,20029.75;359.5646
20000,0.58,20029.75;359.5588
20000,0.58,20029.75;359.5588
20000,0.58,20029.75;359.5588
20000,0.58,20029.75;359.5531
20000,0.58,20029.76;359.5474
20000,0.58,20029.76;359.5474
20000,0.58,20029.76;359.5474
20000,0.58,20029.76;359.5474
20000,0.58,20029.76;359.5417
20000,0.58,20029.76;359.5359
20000,0.58,20029.76;359.5302
20000,0.58,20029.76;359.5302
20000,0.58,20029.76;359.5245
20000,0.58,20029.76;359.5245
20000,0.58,20029.76;359.5245
20000,0.58,20029.76;359.5187
20000,0.58,20029.76;359.513
20000,0.58,20029.76;359.513
20000,0.58,20029.76;359.513
20000,0.58,20029.76;359.5073
20000,0.58,20029.76;359.5016
20000,0.58,20029.76;359.5016
20000,0.58,20029.76;359.4958
20000,0.58,20029.76;359.4958
20000,0.58,20029.76;359.4958
20000,0.58,20029.76;359.4901
20000,0.58,20029.76;359.4901
20000,0.58,20029.76;359.4844
20000,0.58,20029.76;359.4844
20000,0.58,20029.76;359.4844
20000,0.58,20029.76;359.4844
20000,0.58,20029.76;359.4786
20000,0.58,20029.76;359.4729
20000,0.58,20029.76;359.4672
20000,0.58,20029.76;359.4672
20000,0.58,20029.76;359.4672
20000,0.58,20029.76;359.4615
20000,0.58,20029.76;359.4557
20000,0.58,20029.76;359.45
20000,0.58,20029.76;359.45
20000,0.58,20029.76;359.4443
20000,0.58,20029.76;359.4443
20000,0.58,20029.76;359.4385
20000,0.58,20029.76;359.4385
20000,0.58,20029.76;359.4328
20000,0.58,20029.76;359.4271
20000,0.58,20029.76;359.4271
20000,0.58,20029.76;359.4271
20000,0.58,20029.76;359.4214
20000,0.58,20029.76;359.4156
20000,0.58,20029.76;359.4156
20000,0.58,20029.76;359.4156
20000,0.58,20029.76;359.4099
20000,0.58,20029.77;359.4042
20000,0.58,20029.77;359.4042
20000,0.58,20029.77;359.4042
20000,0.58,20029.77;359.4042
20000,0.58,20029.77;359.4042
20000,0.58,20029.77;359.4042
20000,0.58,20029.77;359.3984
20000,0.58,20029.77;359.3927
20000,0.58,20029.77;359.387
20000,0.58,20029.77;359.3813
20000,0.58,20029.77;359.3813
20000,0.58,20029.77;359.3813
20000,0.58,20029.78;359.3755
20000,0.58,20029.78;359.3755
20000,0.58,20029.78;359.3698
20000,0.58,20029.78;359.364
20000,0.58,20029.78;359.3583
20000,0.58,20029.78;359.3526
20000,0.58,20029.78;359.3526
20000,0.58,20029.78;359.3526
20000,0.58,20029.78;359.3469
20000,0.58,20029.78;359.3469
20000,0.58,20029.78;359.3412
20000,0.58,20029.79;359.3354
20000,0.58,20029.79;359.3354
20000,0.58,20029.79;359.3297
20000,0.58,20029.79;359.3297
20000,0.58,20029.79;359.3239
20000,0.58,20029.79;359.3182
20000,0.58,20029.79;359.3125
20000,0.58,20029.79;359.3125
20000,0.58,20029.79;359.3068
20000,0.58,20029.79;359.301
20000,0.58,20029.79;359.2953
20000,0.58,20029.79;359.2953
20000,0.58,20029.79;359.2953
20000,0.58,20029.79;359.2896
20000,0.58,20029.79;359.2838
20000,0.58,20029.79;359.2781
20000,0.58,20029.79;359.2724
20000,0.58,20029.79;359.2724
20000,0.58,20029.79;359.2667
20000,0.58,20029.79;359.2609
20000,0.58,20029.79;359.2609
20000,0.58,20029.79;359.2552
20000,0.58,20029.79;359.2495
20000,0.58,20029.79;359.2437
20000,0.58,20029.79;359.238
20000,0.58,20029.79;359.2323
20000,0.58,20029.79;359.2266
20000,0.58,20029.79;359.2266
20000,0.58,20029.79;359.2266
20000,0.58,20029.79;359.2208
20000,0.58,20029.79;359.2151
20000,0.58,20029.79;359.2094
20000,0.58,20029.79;359.2036
20000,0.58,20029.79;359.2036
20000,0.58,20029.79;359.2036
20000,0.58,20029.79;359.2036
20000,0.58,20029.79;359.2036
20000,0.58,20029.79;359.1979
20000,0.58,20029.79;359.1922
20000,0.58,20029.79;359.1865
20000,0.58,20029.79;359.1865
20000,0.58,20029.79;359.1807
20000,0.58,20029.79;359.175
20000,0.58,20029.79;359.175
20000,0.58,20029.79;359.1693
20000,0.58,20029.79;359.1693
20000,0.58,20029.79;359.1635
20000,0.58,20029.79;359.1578
20000,0.58,20029.79;359.1521
20000,0.58,20029.79;359.1521
20000,0.58,20029.79;359.1464
20000,0.58,20029.79;359.1464
20000,0.58,20029.79;359.1464
20000,0.58,20029.79;359.1406
20000,0.58,20029.79;359.1406
20000,0.58,20029.79;359.1349
20000,0.58,20029.79;359.1349
20000,0.58,20029.79;359.1349
20000,0.58,20029.79;359.1349
20000,0.58,20029.79;359.1292
20000,0.58,20029.79;359.1234
20000,0.58,20029.79;359.1177
20000,0.58,20029.79;359.112
20000,0.58,20029.79;359.1062
20000,0.58,20029.79;359.1005
20000,0.58,20029.79;359.1005
20000,0.58,20029.79;359.1005
20000,0.58,20029.79;359.0948
20000,0.58,20029.79;359.0948
20000,0.58,20029.79;359.0891
20000,0.58,20029.79;359.0833
20000,0.58,20029.79;359.0833
20000,0.58,20029.79;359.0776
20000,0.58,20029.8;359.0719
20000,0.58,20029.8;359.0719
20000,0.58,20029.8;359.0661
20000,0.58,20029.8;359.0604
20000,0.58,20029.8;359.0547
20000,0.58,20029.8;359.0547
20000,0.58,20029.8;359.049
20000,0.58,20029.8;359.049
20000,0.58,20029.8;359.0432
20000,0.58,20029.8;359.0375
20000,0.58,20029.8;359.0375
20000,0.58,20029.8;359.0318
20000,0.58,20029.8;359.026
20000,0.58,20029.8;359.026
20000,0.58,20029.8;359.0203
20000,0.58,20029.8;359.0203
20000,0.58,20029.8;359.0203
20000,0.58,20029.8;359.0146
20000,0.58,20029.8;359.0146
20000,0.58,20029.8;359.0146
20000,0.58,20029.8;359.0146
20000,0.58,20029.8;359.0146
20000,0.58,20029.8;359.0089
20000,0.58,20029.8;359.0089
20000,0.58,20029.8;359.0089
20000,0.58,20029.8;359.0089
20000,0.58,20029.8;359.0031
20000,0.58,20029.8;359.0031
20000,0.58,20029.8;359.0031
20000,0.58,20029.8;358.9974
20000,0.58,20029.8;358.9974
20000,0.58,20029.8;358.9974
20000,0.58,20029.8;359.0031
20000,0.58,20029.8;359.0089
20000,0.58,20029.8;359.0089
20000,0.58,20029.8;359.0089
20000,0.58,20029.8;359.0089
20000,0.58,20029.8;359.0146
20000,0.58,20029.8;359.0146
20000,0.58,20029.8;359.0146
20000,0.58,20029.8;359.0146
20000,0.58,20029.8;359.0203
20000,0.58,20029.8;359.0203
20000,0.58,20029.8;359.0203
20000,0.58,20029.8;359.0203
20000,0.58,20029.8;359.026
20000,0.58,20029.8;359.026
20000,0.58,20029.8;359.026
20000,0.58,20029.8;359.026
20000,0.58,20029.8;359.026
20000,0.58,20029.8;359.026
20000,0.58,20029.8;359.026
20000,0.58,20029.8;359.026
20000,0.58,20029.8;359.026
20000,0.58,20029.8;359.026
20000,0.58,20029.8;359.026
20000,0.58,20029.8;359.026
20000,0.58,20029.8;359.026
20000,0.58,20029.8;359.026
20000,0.58,20029.8;359.026
20000,0.58,20029.8;359.026
20000,0.58,20029.8;359.026
20000,0.58,20029.8;359.026
20000,0.58,20029.8;359.026
20000,0.58,20029.8;359.026
20000,0.58,20029.8;359.026
20000,0.58,20029.8;359.026
20000,0.58,20029.8;359.026
20000,0.58,20029.8;359.026
20000,0.58,20029.8;359.026
20000,0.58,20029.8;359.026
20000,0.58,20029.8;359.026
20000,0.58,20029.8;359.026
20000,0.58,20029.8;359.026
20000,0.58,20029.8;359.0203
20000,0.58,20029.8;359.0203
20000,0.58,20029.8;359.0203
20000,0.58,20029.8;359.0203
20000,0.58,20029.8;359.0203
20000,0.58,20029.8;359.0203
20000,0.58,20029.8;359.0203
20000,0.58,20029.8;359.0203
20000,0.58,20029.8;359.0203
20000,0.58,20029.8;359.0203
20000,0.58,20029.8;359.0203
20000,0.58,20029.8;359.0146
20000,0.58,20029.8;359.0146
20000,0.58,20029.8;359.0146
20000,0.58,20029.8;359.0146
20000,0.58,20029.8;359.0146
20000,0.58,20029.8;359.0146
20000,0.58,20029.8;359.0146
20000,0.58,20029.8;359.0146
20000,0.58,20029.8;359.0146
20000,0.58,20029.8;359.0146
20000,0.58,20029.8;359.0146
20000,0.58,20029.8;359.0146
20000,0.58,20029.8;359.0146
20000,0.58,20029.8;359.0146
20000,0.58,20029.8;359.0146
20000,0.58,20029.8;359.0146
20000,0.58,20029.8;359.0146
20000,0.58,20029.8;359.0146
20000,0.58,20029.8;359.0146
20000,0.58,20029.8;359.0089
20000,0.58,20029.8;359.0089
20000,0.58,20029.8;359.0089
20000,0.58,20029.8;359.0089
20000,0.58,20029.79;359.0146
20000,0.58,20029.79;359.0146
20000,0.58,20029.79;359.0146
20000,0.58,20029.79;359.0146
20000,0.58,20029.79;359.0146
20000,0.58,20029.79;359.0146
20000,0.58,20029.79;359.0146
20000,0.58,20029.79;359.0146
20000,0.58,20029.79;359.0203
20000,0.58,20029.79;359.026
20000,0.58,20029.79;359.026
20000,0.58,20029.79;359.026
20000,0.58,20029.79;359.026
20000,0.58,20029.79;359.026
20000,0.58,20029.79;359.026
20000,0.58,20029.79;359.026
20000,0.58,20029.79;359.026
20000,0.58,20029.79;359.026
20000,0.58,20029.79;359.0318
20000,0.58,20029.79;359.0318
20000,0.58,20029.79;359.0318
20000,0.58,20029.79;359.0318
20000,0.58,20029.79;359.0318
20000,0.58,20029.79;359.0375
20000,0.58,20029.79;359.0375
20000,0.58,20029.79;359.0375
20000,0.58,20029.79;359.0432
20000,0.58,20029.79;359.0432
20000,0.58,20029.79;359.0432
20000,0.58,20029.79;359.0432
20000,0.58,20029.79;359.0432
20000,0.58,20029.78;359.049
20000,0.58,20029.78;359.049
20000,0.58,20029.78;359.049
20000,0.58,20029.78;359.049
20000,0.58,20029.78;359.0547
20000,0.58,20029.78;359.0547
20000,0.58,20029.78;359.0604
20000,0.58,20029.78;359.0604
20000,0.58,20029.78;359.0604
20000,0.58,20029.78;359.0604
20000,0.58,20029.78;359.0604
20000,0.58,20029.78;359.0604
20000,0.58,20029.78;359.0661
20000,0.58,20029.78;359.0661
20000,0.58,20029.78;359.0661
20000,0.58,20029.78;359.0661
20000,0.58,20029.78;359.0661
20000,0.58,20029.78;359.0661
20000,0.58,20029.78;359.0719
20000,0.58,20029.77;359.0776
20000,0.58,20029.77;359.0776
20000,0.58,20029.77;359.0776
20000,0.58,20029.77;359.0776
20000,0.58,20029.77;359.0776
20000,0.58,20029.77;359.0776
20000,0.58,20029.77;359.0776
20000,0.58,20029.77;359.0776
20000,0.58,20029.77;359.0776
20000,0.58,20029.77;359.0776
20000,0.58,20029.77;359.0776
20000,0.58,20029.77;359.0776
20000,0.58,20029.77;359.0833
20000,0.58,20029.77;359.0833
20000,0.58,20029.77;359.0891
20000,0.58,20029.77;359.0891
20000,0.58,20029.77;359.0891
20000,0.58,20029.77;359.0891
20000,0.58,20029.77;359.0891
20000,0.58,20029.77;359.0891
20000,0.58,20029.77;359.0948
20000,0.58,20029.77;359.0948
20000,0.58,20029.77;359.1005
20000,0.58,20029.77;359.1005
20000,0.58,20029.77;359.1005
20000,0.58,20029.77;359.1005
20000,0.58,20029.77;359.1005
20000,0.58,20029.77;359.1062
20000,0.58,20029.77;359.1062
20000,0.58,20029.77;359.1062
20000,0.58,20029.77;359.1062
20000,0.58,20029.77;359.1062
20000,0.58,20029.77;359.1062
20000,0.58,20029.77;359.112
20000,0.58,20029.77;359.112
20000,0.58,20029.77;359.112
20000,0.58,20029.77;359.112
20000,0.58,20029.77;359.112
20000,0.58,20029.77;359.112
20000,0.58,20029.76;359.1177
20000,0.58,20029.76;359.1177
20000,0.58,20029.76;359.1177
20000,0.58,20029.76;359.1177
20000,0.58,20029.76;359.1177
20000,0.58,20029.76;359.1177
20000,0.58,20029.76;359.1234
20000,0.58,20029.76;359.1234
20000,0.58,20029.76;359.1234
20000,0.58,20029.76;359.1234
20000,0.58,20029.76;359.1234
20000,0.58,20029.76;359.1292
20000,0.58,20029.76;359.1349
20000,0.58,20029.76;359.1349
20000,0.58,20029.76;359.1349
20000,0.58,20029.76;359.1349
20000,0.58,20029.76;359.1349
20000,0.58,20029.76;359.1349
20000,0.58,20029.76;359.1349
20000,0.58,20029.76;359.1406
20000,0.58,20029.76;359.1406
20000,0.58,20029.76;359.1406
20000,0.58,20029.76;359.1464
20000,0.58,20029.76;359.1464
20000,0.58,20029.76;359.1464
20000,0.58,20029.76;359.1521
20000,0.58,20029.76;359.1521
20000,0.58,20029.76;359.1521
20000,0.58,20029.76;359.1521
20000,0.58,20029.76;359.1521
20000,0.58,20029.76;359.1521
20000,0.58,20029.75;359.1578
20000,0.58,20029.75;359.1578
20000,0.58,20029.75;359.1578
20000,0.58,20029.75;359.1578
20000,0.58,20029.75;359.1578
20000,0.58,20029.75;359.1578
20000,0.58,20029.75;359.1578
20000,0.58,20029.75;359.1578
20000,0.58,20029.75;359.1635
20000,0.58,20029.75;359.1693
20000,0.58,20029.75;359.1693
20000,0.58,20029.75;359.1693
20000,0.58,20029.75;359.175
20000,0.58,20029.75;359.175
20000,0.58,20029.75;359.175
20000,0.58,20029.75;359.175
20000,0.58,20029.75;359.1807
20000,0.58,20029.75;359.1807
20000,0.58,20029.75;359.1807
20000,0.58,20029.75;359.1807
20000,0.58,20029.75;359.1807
20000,0.58,20029.75;359.1807
20000,0.58,20029.75;359.1807
20000,0.58,20029.74;359.1865
20000,0.58,20029.74;359.1922
20000,0.58,20029.74;359.1922
20000,0.58,20029.74;359.1922
20000,0.58,20029.74;359.1922
20000,0.58,20029.74;359.1922
20000,0.58,20029.74;359.1922
20000,0.58,20029.74;359.1922
20000,0.58,20029.74;359.1922
20000,0.58,20029.74;359.1922
20000,0.58,20029.74;359.1979
20000,0.58,20029.74;359.1979
20000,0.58,20029.74;359.1979
20000,0.58,20029.74;359.1979
20000,0.58,20029.74;359.1979
20000,0.58,20029.73;359.2036
20000,0.58,20029.73;359.2036
20000,0.58,20029.73;359.2036
20000,0.58,20029.73;359.2036
20000,0.58,20029.73;359.2036
20000,0.58,20029.73;359.2036
20000,0.58,20029.73;359.2036
20000,0.58,20029.73;359.2036
20000,0.58,20029.73;359.2036
20000,0.58,20029.73;359.2036
20000,0.58,20029.73;359.2036
20000,0.58,20029.73;359.2036
20000,0.58,20029.73;359.2094
20000,0.58,20029.73;359.2094
20000,0.58,20029.73;359.2094
20000,0.58,20029.73;359.2151
20000,0.58,20029.73;359.2151
20000,0.58,20029.73;359.2151
20000,0.58,20029.73;359.2208
20000,0.58,20029.73;359.2208
20000,0.58,20029.73;359.2208
20000,0.58,20029.73;359.2208
20000,0.58,20029.72;359.2266
20000,0.58,20029.72;359.2266
20000,0.58,20029.72;359.2266
20000,0.58,20029.72;359.2266
20000,0.58,20029.72;359.2266
20000,0.58,20029.72;359.2266
20000,0.58,20029.72;359.2266
20000,0.58,20029.72;359.2266
20000,0.58,20029.72;359.2266
20000,0.58,20029.72;359.2266
20000,0.58,20029.72;359.2266
20000,0.58,20029.72;359.2266
20000,0.58,20029.72;359.2266
20000,0.58,20029.72;359.2266
20000,0.58,20029.72;359.2266
20000,0.58,20029.72;359.2266
20000,0.58,20029.72;359.2266
20000,0.58,20029.72;359.2266
20000,0.58,20029.72;359.2266
20000,0.58,20029.72;359.2266
20000,0.58,20029.72;359.2266
20000,0.58,20029.72;359.2266
20000,0.58,20029.72;359.2266
20000,0.58,20029.72;359.2266
20000,0.58,20029.72;359.2266
20000,0.58,20029.72;359.2266
20000,0.58,20029.72;359.2266
20000,0.58,20029.71;359.2266
20000,0.58,20029.71;359.2266
20000,0.58,20029.71;359.2266
20000,0.58,20029.71;359.2266
20000,0.58,20029.71;359.2266
20000,0.58,20029.71;359.2266
20000,0.58,20029.71;359.2266
20000,0.58,20029.71;359.2266
20000,0.58,20029.71;359.2266
20000,0.58,20029.71;359.2266
20000,0.58,20029.71;359.2266
20000,0.58,20029.71;359.2266
20000,0.58,20029.71;359.2266
20000,0.58,20029.71;359.2323
20000,0.58,20029.71;359.2323
20000,0.58,20029.71;359.238
20000,0.58,20029.71;359.238
20000,0.58,20029.71;359.238
20000,0.58,20029.71;359.238
20000,0.58,20029.71;359.238
20000,0.58,20029.71;359.238
20000,0.58,20029.71;359.238
20000,0.58,20029.71;359.238
20000,0.58,20029.71;359.238
20000,0.58,20029.71;359.238
20000,0.58,20029.71;359.238
20000,0.58,20029.71;359.2437
20000,0.58,20029.71;359.2437
20000,0.58,20029.71;359.2437
20000,0.58,20029.71;359.2437
20000,0.58,20029.71;359.2437
20000,0.58,20029.71;359.2437
20000,0.58,20029.71;359.2495
20000,0.58,20029.71;359.2495
20000,0.58,20029.71;359.2495
20000,0.58,20029.71;359.2495
20000,0.58,20029.71;359.2495
20000,0.58,20029.71;359.2495
20000,0.58,20029.71;359.2495
20000,0.58,20029.71;359.2495
20000,0.58,20029.71;359.2552
20000,0.58,20029.71;359.2552
20000,0.58,20029.71;359.2552
20000,0.58,20029.71;359.2552
20000,0.58,20029.71;359.2609
20000,0.58,20029.71;359.2609
20000,0.58,20029.71;359.2609
20000,0.58,20029.71;359.2609
20000,0.58,20029.71;359.2609
20000,0.58,20029.71;359.2609
20000,0.58,20029.71;359.2609
20000,0.58,20029.71;359.2609
20000,0.58,20029.7;359.2609
20000,0.58,20029.7;359.2609
20000,0.58,20029.7;359.2609
20000,0.58,20029.7;359.2609
20000,0.58,20029.7;359.2609
20000,0.58,20029.7;359.2609
20000,0.58,20029.7;359.2609
20000,0.58,20029.7;359.2609
20000,0.58,20029.7;359.2609
20000,0.58,20029.7;359.2609
20000,0.58,20029.7;359.2609
20000,0.58,20029.7;359.2609
20000,0.58,20029.7;359.2609
20000,0.58,20029.7;359.2609
20000,0.58,20029.7;359.2609
20000,0.58,20029.7;359.2609
20000,0.58,20029.7;359.2609
20000,0.58,20029.7;359.2609
20000,0.58,20029.7;359.2609
20000,0.58,20029.7;359.2609
20000,0.58,20029.7;359.2609
20000,0.58,20029.7;359.2609
20000,0.58,20029.7;359.2609
20000,0.58,20029.7;359.2609
20000,0.58,20029.7;359.2609
20000,0.58,20029.7;359.2609
20000,0.58,20029.7;359.2609
20000,0.58,20029.7;359.2609
20000,0.58,20029.7;359.2609
20000,0.58,20029.7;359.2609
20000,0.58,20029.7;359.2609
20000,0.58,20029.7;359.2609
20000,0.58,20029.71;359.2609
20000,0.58,20029.71;359.2609
20000,0.58,20029.71;359.2609
20000,0.58,20029.71;359.2609
20000,0.58,20029.71;359.2609
20000,0.58,20029.71;359.2609
20000,0.58,20029.71;359.2609
20000,0.58,20029.71;359.2609
20000,0.58,20029.71;359.2609
20000,0.58,20029.71;359.2609
20000,0.58,20029.71;359.2609
20000,0.58,20029.71;359.2609
20000,0.58,20029.71;359.2609
20000,0.58,20029.71;359.2609
20000,0.58,20029.71;359.2609
20000,0.58,20029.71;359.2609
20000,0.58,20029.71;359.2609
20000,0.58,20029.71;359.2552
20000,0.58,20029.71;359.2552
20000,0.58,20029.71;359.2495
20000,0.58,20029.71;359.2495
20000,0.58,20029.71;359.2495
20000,0.58,20029.71;359.2495
20000,0.58,20029.71;359.2495
20000,0.58,20029.71;359.2495
20000,0.58,20029.71;359.2437
20000,0.58,20029.71;359.238
20000,0.58,20029.71;359.238
20000,0.58,20029.71;359.238
20000,0.58,20029.71;359.238
20000,0.58,20029.71;359.238
20000,0.58,20029.71;359.238
20000,0.58,20029.71;359.2323
20000,0.58,20029.71;359.2323
20000,0.58,20029.71;359.2266
20000,0.58,20029.71;359.2266
20000,0.58,20029.71;359.2266
20000,0.58,20029.71;359.2266
20000,0.58,20029.72;359.2208
20000,0.58,20029.72;359.2208
20000,0.58,20029.72;359.2208
20000,0.58,20029.72;359.2208
20000,0.58,20029.72;359.2151
20000,0.58,20029.72;359.2151
20000,0.58,20029.72;359.2151
20000,0.58,20029.72;359.2151
20000,0.58,20029.72;359.2094
20000,0.58,20029.72;359.2094
20000,0.58,20029.72;359.2094
20000,0.58,20029.72;359.2036
20000,0.58,20029.72;359.2036
20000,0.58,20029.72;359.2036
20000,0.58,20029.72;359.2036
20000,0.58,20029.72;359.2036
20000,0.58,20029.72;359.2036
20000,0.58,20029.72;359.2036
20000,0.58,20029.72;359.1979
20000,0.58,20029.73;359.1979
20000,0.58,20029.73;359.1979
20000,0.58,20029.73;359.1979
20000,0.58,20029.73;359.1979
20000,0.58,20029.73;359.1922
20000,0.58,20029.73;359.1922
20000,0.58,20029.73;359.1922
20000,0.58,20029.73;359.1922
20000,0.58,20029.73;359.1865
20000,0.58,20029.73;359.1865
20000,0.58,20029.73;359.1865
20000,0.58,20029.74;359.1807
20000,0.58,20029.74;359.1807
20000,0.58,20029.74;359.1807
20000,0.58,20029.74;359.1807
20000,0.58,20029.74;359.175
20000,0.58,20029.74;359.175
20000,0.58,20029.74;359.175
20000,0.58,20029.74;359.1693
20000,0.58,20029.74;359.1693
20000,0.58,20029.74;359.1693
20000,0.58,20029.74;359.1693
20000,0.58,20029.74;359.1693
20000,0.58,20029.74;359.1635
20000,0.58,20029.74;359.1578
20000,0.58,20029.74;359.1578
20000,0.58,20029.74;359.1578
20000,0.58,20029.74;359.1578
20000,0.58,20029.75;359.1521
20000,0.58,20029.75;359.1521
20000,0.58,20029.75;359.1521
20000,0.58,20029.75;359.1464
20000,0.58,20029.75;359.1464
20000,0.58,20029.75;359.1464
20000,0.58,20029.75;359.1464
20000,0.58,20029.75;359.1406
20000,0.58,20029.75;359.1406
20000,0.58,20029.75;359.1406
20000,0.58,20029.75;359.1406
20000,0.58,20029.75;359.1406
20000,0.58,20029.75;359.1406
20000,0.58,20029.75;359.1406
20000,0.58,20029.75;359.1349
20000,0.58,20029.75;359.1349
20000,0.58,20029.75;359.1349
20000,0.58,20029.75;359.1292
20000,0.58,20029.75;359.1292
20000,0.58,20029.75;359.1292
20000,0.58,20029.75;359.1234
20000,0.58,20029.75;359.1234
20000,0.58,20029.75;359.1234
20000,0.58,20029.75;359.1234
20000,0.58,20029.76;359.1177
20000,0.58,20029.76;359.1177
20000,0.58,20029.76;359.1177
20000,0.58,20029.76;359.1177
20000,0.58,20029.76;359.1177
20000,0.58,20029.76;359.112
20000,0.58,20029.76;359.112
20000,0.58,20029.76;359.112
20000,0.58,20029.76;359.1062
20000,0.58,20029.76;359.1005
20000,0.58,20029.76;359.1005
20000,0.58,20029.76;359.1005
20000,0.58,20029.76;359.0948
20000,0.58,20029.76;359.0948
20000,0.58,20029.76;359.0948
20000,0.58,20029.76;359.0948
20000,0.58,20029.77;359.0891
20000,0.58,20029.77;359.0891
20000,0.58,20029.77;359.0833
20000,0.58,20029.77;359.0776
20000,0.58,20029.77;359.0776
20000,0.58,20029.77;359.0776
20000,0.58,20029.77;359.0719
20000,0.58,20029.77;359.0719
20000,0.58,20029.77;359.0661
20000,0.58,20029.77;359.0661
20000,0.58,20029.77;359.0661
20000,0.58,20029.77;359.0661
20000,0.58,20029.77;359.0604
20000,0.58,20029.77;359.0547
20000,0.58,20029.77;359.0547
20000,0.58,20029.77;359.049
20000,0.58,20029.77;359.049
20000,0.58,20029.77;359.049
20000,0.58,20029.77;359.049
20000,0.58,20029.77;359.049
20000,0.58,20029.78;359.0547
20000,0.58,20029.78;359.0547
20000,0.58,20029.78;359.0547
20000,0.58,20029.78;359.049
20000,0.58,20029.78;359.0432
20000,0.58,20029.78;359.0432
20000,0.58,20029.78;359.0432
20000,0.58,20029.78;359.0432
20000,0.58,20029.78;359.0432
20000,0.58,20029.78;359.0375
20000,0.58,20029.78;359.0375
20000,0.58,20029.78;359.0375
20000,0.58,20029.78;359.0318
20000,0.58,20029.78;359.0318
20000,0.58,20029.78;359.0318
20000,0.58,20029.78;359.0318
20000,0.58,20029.79;359.026
20000,0.58,20029.79;359.0203
20000,0.58,20029.79;359.0146
20000,0.58,20029.79;359.0146
20000,0.58,20029.79;359.0146
20000,0.58,20029.79;359.0089
20000,0.58,20029.79;359.0089
20000,0.58,20029.79;359.0031
20000,0.58,20029.79;359.0031
20000,0.58,20029.79;358.9974
20000,0.58,20029.79;358.9974
20000,0.58,20029.79;358.9917
20000,0.58,20029.79;358.9859
20000,0.58,20029.79;358.9859
20000,0.58,20029.79;358.9859
20000,0.58,20029.79;358.9802
20000,0.58,20029.79;358.9802
20000,0.58,20029.79;358.9745
20000,0.58,20029.79;358.9688
20000,0.58,20029.79;358.9688
20000,0.58,20029.79;358.9688
20000,0.58,20029.79;358.963
20000,0.58,20029.79;358.963
20000,0.58,20029.79;358.963
20000,0.58,20029.79;358.963
20000,0.58,20029.79;358.963
20000,0.58,20029.79;358.963
20000,0.58,20029.79;358.963
20000,0.58,20029.8;358.9573
20000,0.58,20029.8;358.9516
20000,0.58,20029.8;358.9516
20000,0.58,20029.8;358.9458
20000,0.58,20029.8;358.9401
20000,0.58,20029.8;358.9401
20000,0.58,20029.8;358.9401
20000,0.58,20029.8;358.9344
20000,0.58,20029.8;358.9344
20000,0.58,20029.8;358.9344
20000,0.58,20029.8;358.9286
20000,0.58,20029.8;358.9286
20000,0.58,20029.8;358.9286
20000,0.58,20029.8;358.9229
20000,0.58,20029.8;358.9229
20000,0.58,20029.8;358.9229
20000,0.58,20029.81;358.9172
20000,0.58,20029.81;358.9114
20000,0.58,20029.81;358.9114
20000,0.58,20029.81;358.9114
20000,0.58,20029.81;358.9057
20000,0.58,20029.81;358.9057
20000,0.58,20029.81;358.9057
20000,0.58,20029.81;358.9
20000,0.58,20029.81;358.9
20000,0.58,20029.81;358.8943
20000,0.58,20029.81;358.8885
20000,0.58,20029.81;358.8828
20000,0.58,20029.81;358.8828
20000,0.58,20029.81;358.8828
20000,0.58,20029.81;358.8828
20000,0.58,20029.81;358.8771
20000,0.58,20029.81;358.8771
20000,0.58,20029.81;358.8771
20000,0.58,20029.81;358.8771
20000,0.58,20029.81;358.8713
20000,0.58,20029.81;358.8656
20000,0.58,20029.81;358.8599
20000,0.58,20029.81;358.8599
20000,0.58,20029.81;358.8599
20000,0.58,20029.81;358.8599
20000,0.58,20029.81;358.8542
20000,0.58,20029.81;358.8542
20000,0.58,20029.81;358.8484
20000,0.58,20029.81;358.8484
20000,0.58,20029.81;358.8484
20000,0.58,20029.81;358.8484
20000,0.58,20029.81;358.8427
20000,0.58,20029.81;358.8427
20000,0.58,20029.82;358.8427
20000,0.58,20029.82;358.8427
20000,0.58,20029.82;358.8427
20000,0.58,20029.82;358.8427
20000,0.58,20029.82;358.8427
20000,0.58,20029.82;358.8427
20000,0.58,20029.82;358.837
20000,0.58,20029.82;358.837
20000,0.58,20029.83;358.837
20000,0.58,20029.83;358.837
20000,0.58,20029.83;358.8427
20000,0.58,20029.83;358.8484
20000,0.58,20029.83;358.8484
20000,0.58,20029.83;358.8427
20000,0.58,20029.84;358.837
20000,0.58,20029.84;358.837
20000,0.58,20029.84;358.837
20000,0.58,20029.84;358.8312
20000,0.58,20029.84;358.8312
20000,0.58,20029.84;358.837
20000,0.58,20029.84;358.8427
20000,0.58,20029.84;358.837
20000,0.58,20029.85;358.8312
20000,0.58,20029.85;358.8312
20000,0.58,20029.85;358.8312
20000,0.58,20029.85;358.837
20000,0.58,20029.85;358.8427
20000,0.58,20029.85;358.8427
20000,0.58,20029.85;358.8427
20000,0.58,20029.85;358.837
20000,0.58,20029.85;358.837
20000,0.58,20029.85;358.837
20000,0.58,20029.85;358.837
20000,0.58,20029.86;358.8427
20000,0.58,20029.86;358.8484
20000,0.58,20029.86;358.8484
20000,0.58,20029.86;358.8484
20000,0.58,20029.86;358.8484
20000,0.58,20029.86;358.8427
20000,0.58,20029.86;358.8427
20000,0.58,20029.86;358.8484
20000,0.58,20029.86;358.8484
20000,0.58,20029.86;358.8484
20000,0.58,20029.86;358.8484
20000,0.58,20029.86;358.8484
20000,0.58,20029.86;358.8484
20000,0.58,20029.86;358.8484
20000,0.58,20029.86;358.8484
20000,0.58,20029.86;358.8484
20000,0.58,20029.86;358.8484
20000,0.58,20029.86;358.8484
20000,0.58,20029.86;358.8427
20000,0.58,20029.86;358.8427
20000,0.58,20029.86;358.8427
20000,0.58,20029.86;358.8427
20000,0.58,20029.86;358.837
20000,0.58,20029.86;358.837
20000,0.58,20029.86;358.837
20000,0.58,20029.86;358.837
20000,0.58,20029.86;358.837
20000,0.58,20029.86;358.837
20000,0.58,20029.86;358.837
20000,0.58,20029.86;358.837
20000,0.58,20029.86;358.8312
20000,0.58,20029.86;358.8312
20000,0.58,20029.86;358.8312
20000,0.58,20029.86;358.8312
20000,0.58,20029.86;358.8255
20000,0.58,20029.86;358.8255
20000,0.58,20029.86;358.8255
20000,0.58,20029.86;358.8198
20000,0.58,20029.86;358.8198
20000,0.58,20029.86;358.8198
20000,0.58,20029.85;358.8198
20000,0.58,20029.85;358.8198
20000,0.58,20029.85;358.8198
20000,0.58,20029.85;358.8198
20000,0.58,20029.85;358.8198
20000,0.58,20029.85;358.8198
20000,0.58,20029.85;358.8198
20000,0.58,20029.85;358.8198
20000,0.58,20029.85;358.8198
20000,0.58,20029.85;358.8198
20000,0.58,20029.85;358.8198
20000,0.58,20029.85;358.8198
20000,0.58,20029.85;358.8198
20000,0.58,20029.85;358.8198
20000,0.58,20029.85;358.8198
20000,0.58,20029.85;358.8198
20000,0.58,20029.85;358.8198
20000,0.58,20029.85;358.8198
20000,0.58,20029.85;358.8198
20000,0.58,20029.85;358.8198
20000,0.58,20029.85;358.8198
20000,0.58,20029.85;358.8198
20000,0.58,20029.85;358.8198
20000,0.58,20029.85;358.8198
20000,0.58,20029.85;358.8198
20000,0.58,20029.85;358.8198
20000,0.58,20029.85;358.8198
20000,0.58,20029.84;358.8198
20000,0.58,20029.84;358.8198
20000,0.58,20029.84;358.8198
20000,0.58,20029.84;358.8198
20000,0.58,20029.84;358.8198
20000,0.58,20029.84;358.8198
20000,0.58,20029.84;358.8198
20000,0.58,20029.84;358.8198
20000,0.58,20029.84;358.8198
20000,0.58,20029.84;358.8198
20000,0.58,20029.84;358.8198
20000,0.58,20029.84;358.8198
20000,0.58,20029.84;358.8198
20000,0.58,20029.84;358.8198
20000,0.58,20029.84;358.8198
20000,0.58,20029.84;358.8198
20000,0.58,20029.84;358.8198
20000,0.58,20029.84;358.8198
20000,0.58,20029.84;358.8198
20000,0.58,20029.84;358.8198
20000,0.58,20029.83;358.8198
20000,0.58,20029.83;358.8198
20000,0.58,20029.83;358.8198
20000,0.58,20029.83;358.8198
20000,0.58,20029.83;358.8198
20000,0.58,20029.83;358.8198
20000,0.58,20029.83;358.8198
20000,0.58,20029.83;358.8198
20000,0.58,20029.83;358.8198
20000,0.58,20029.83;358.8198
20000,0.58,20029.83;358.8198
20000,0.58,20029.83;358.8198
20000,0.58,20029.83;358.8198
20000,0.58,20029.83;358.8198
20000,0.58,20029.83;358.8198
20000,0.58,20029.83;358.8255
20000,0.58,20029.83;358.8255
20000,0.58,20029.82;358.8312
20000,0.58,20029.82;358.8312
20000,0.58,20029.82;358.8312
20000,0.58,20029.82;358.837
20000,0.58,20029.82;358.837
20000,0.58,20029.82;358.837
20000,0.58,20029.82;358.837
20000,0.58,20029.82;358.837
20000,0.58,20029.82;358.8427
20000,0.58,20029.82;358.8427
20000,0.58,20029.82;358.8427
20000,0.58,20029.82;358.8484
20000,0.58,20029.81;358.8542
20000,0.58,20029.81;358.8599
20000,0.58,20029.81;358.8599
20000,0.58,20029.81;358.8599
20000,0.58,20029.81;358.8599
20000,0.58,20029.81;358.8656
20000,0.58,20029.81;358.8656
20000,0.58,20029.81;358.8713
20000,0.58,20029.81;358.8771
20000,0.58,20029.81;358.8771
20000,0.58,20029.81;358.8771
20000,0.58,20029.81;358.8771
20000,0.58,20029.81;358.8771
20000,0.58,20029.8;358.8828
20000,0.58,20029.8;358.8828
20000,0.58,20029.8;358.8885
20000,0.58,20029.8;358.8885
20000,0.58,20029.8;358.8943
20000,0.58,20029.8;358.8943
20000,0.58,20029.8;358.8943
20000,0.58,20029.8;358.9
20000,0.58,20029.8;358.9
20000,0.58,20029.8;358.9
20000,0.58,20029.8;358.9
20000,0.58,20029.8;358.9
20000,0.58,20029.8;358.9057
20000,0.58,20029.8;358.9114
20000,0.58,20029.8;358.9114
20000,0.58,20029.8;358.9114
20000,0.58,20029.79;358.9172
20000,0.58,20029.79;358.9229
20000,0.58,20029.79;358.9229
20000,0.58,20029.79;358.9229
20000,0.58,20029.79;358.9286
20000,0.58,20029.79;358.9286
20000,0.58,20029.79;358.9344
20000,0.58,20029.79;358.9344
20000,0.58,20029.79;358.9344
20000,0.58,20029.79;358.9344
20000,0.58,20029.79;358.9401
20000,0.58,20029.79;358.9401
20000,0.58,20029.79;358.9401
20000,0.58,20029.79;358.9401
20000,0.58,20029.79;358.9401
20000,0.58,20029.79;358.9401
20000,0.58,20029.78;358.9401
20000,0.58,20029.78;358.9401
20000,0.58,20029.78;358.9401
20000,0.58,20029.78;358.9401
20000,0.58,20029.78;358.9401
20000,0.58,20029.78;358.9401
20000,0.58,20029.78;358.9344
20000,0.58,20029.78;358.9286
20000,0.58,20029.78;358.9286
20000,0.58,20029.77;358.9229
20000,0.58,20029.77;358.9229
20000,0.58,20029.77;358.9229
20000,0.58,20029.77;358.9229
20000,0.58,20029.77;358.9229
20000,0.58,20029.77;358.9229
20000,0.58,20029.77;358.9229
20000,0.58,20029.77;358.9229
20000,0.58,20029.77;358.9229
20000,0.58,20029.77;358.9229
20000,0.58,20029.76;358.9229
20000,0.58,20029.76;358.9229
20000,0.58,20029.76;358.9229
20000,0.58,20029.76;358.9229
20000,0.58,20029.76;358.9229
20000,0.58,20029.76;358.9229
20000,0.58,20029.76;358.9229
20000,0.58,20029.76;358.9229
20000,0.58,20029.75;358.9229
20000,0.58,20029.75;358.9229
20000,0.58,20029.75;358.9229
20000,0.58,20029.75;358.9229
20000,0.58,20029.75;358.9229
20000,0.58,20029.75;358.9229
20000,0.58,20029.75;358.9229
20000,0.58,20029.75;358.9229
20000,0.58,20029.75;358.9286
20000,0.58,20029.75;358.9344
20000,0.58,20029.75;358.9344
20000,0.58,20029.75;358.9344
20000,0.58,20029.75;358.9344
20000,0.58,20029.75;358.9344
20000,0.58,20029.75;358.9344
20000,0.58,20029.75;358.9344
20000,0.58,20029.75;358.9344
20000,0.58,20029.75;358.9344
20000,0.58,20029.75;358.9344
20000,0.58,20029.75;358.9344
20000,0.58,20029.74;358.9401
20000,0.58,20029.74;358.9458
20000,0.58,20029.74;358.9458
20000,0.58,20029.74;358.9458
20000,0.58,20029.74;358.9458
20000,0.58,20029.74;358.9458
20000,0.58,20029.74;358.9458
20000,0.58,20029.74;358.9458
20000,0.58,20029.74;358.9458
20000,0.58,20029.74;358.9458
20000,0.58,20029.74;358.9458
20000,0.58,20029.74;358.9516
20000,0.58,20029.74;358.9573
20000,0.58,20029.74;358.9573
20000,0.58,20029.74;358.9573
20000,0.58,20029.74;358.9573
20000,0.58,20029.74;358.9573
20000,0.58,20029.74;358.9573
20000,0.58,20029.74;358.9573
20000,0.58,20029.74;358.9573
20000,0.58,20029.74;358.9573
20000,0.58,20029.74;358.9573
20000,0.58,20029.74;358.9573
20000,0.58,20029.74;358.9573
20000,0.58,20029.74;358.9573
20000,0.58,20029.74;358.963
20000,0.58,20029.74;358.963
20000,0.58,20029.74;358.963
20000,0.58,20029.74;358.963
20000,0.58,20029.74;358.963
20000,0.58,20029.74;358.963
20000,0.58,20029.74;358.963
20000,0.58,20029.74;358.963
20000,0.58,20029.74;358.963
20000,0.58,20029.74;358.963
20000,0.58,20029.74;358.963
20000,0.58,20029.74;358.963
20000,0.58,20029.74;358.963
20000,0.58,20029.74;358.963
20000,0.58,20029.74;358.963
20000,0.58,20029.74;358.963
20000,0.58,20029.74;358.963
20000,0.58,20029.74;358.963
20000,0.58,20029.74;358.963
20000,0.58,20029.74;358.963
20000,0.58,20029.74;358.963
20000,0.58,20029.74;358.963
20000,0.58,20029.74;358.963
20000,0.58,20029.74;358.9688
20000,0.58,20029.74;358.9688
20000,0.58,20029.74;358.9688
20000,0.58,20029.74;358.9688
20000,0.58,20029.74;358.9688
20000,0.58,20029.74;358.9688
20000,0.58,20029.74;358.9688
20000,0.58,20029.74;358.9688
20000,0.58,20029.74;358.9688
20000,0.58,20029.74;358.9688
20000,0.58,20029.74;358.9688
20000,0.58,20029.74;358.9688
20000,0.58,20029.74;358.9688
20000,0.58,20029.74;358.9688
20000,0.58,20029.74;358.9688
20000,0.58,20029.74;358.9688
20000,0.58,20029.74;358.9688
20000,0.58,20029.74;358.9688
20000,0.58,20029.74;358.9688
20000,0.58,20029.74;358.9688
20000,0.58,20029.74;358.9688
20000,0.58,20029.74;358.9688
20000,0.58,20029.74;358.9688
20000,0.58,20029.74;358.9688
20000,0.58,20029.74;358.9688
20000,0.58,20029.74;358.9688
20000,0.58,20029.74;358.9688
20000,0.58,20029.74;358.9688
20000,0.58,20029.74;358.9688
20000,0.58,20029.74;358.9688
20000,0.58,20029.74;358.9688
20000,0.58,20029.74;358.9688
20000,0.58,20029.74;358.9688
20000,0.58,20029.74;358.9688
20000,0.58,20029.74;358.9688
20000,0.58,20029.74;358.9745
20000,0.58,20029.74;358.9745
20000,0.58,20029.74;358.9745
20000,0.58,20029.74;358.9745
20000,0.58,20029.74;358.9745
20000,0.58,20029.74;358.9802
20000,0.58,20029.74;358.9802
20000,0.58,20029.74;358.9802
20000,0.58,20029.74;358.9802
20000,0.58,20029.74;358.9802
20000,0.58,20029.74;358.9859
20000,0.58,20029.74;358.9859
20000,0.58,20029.74;358.9859
20000,0.58,20029.74;358.9859
20000,0.58,20029.74;358.9859
20000,0.58,20029.74;358.9859
20000,0.58,20029.74;358.9859
20000,0.58,20029.74;358.9859
20000,0.58,20029.74;358.9859
20000,0.58,20029.74;358.9859
20000,0.58,20029.74;358.9859
20000,0.58,20029.74;358.9859
20000,0.58,20029.74;358.9859
20000,0.58,20029.74;358.9859
20000,0.58,20029.74;358.9859
20000,0.58,20029.74;358.9859
20000,0.58,20029.74;358.9859
20000,0.58,20029.74;358.9859
20000,0.58,20029.74;358.9859
20000,0.58,20029.74;358.9859
20000,0.58,20029.74;358.9859
20000,0.58,20029.74;358.9859
20000,0.58,20029.74;358.9859
20000,0.58,20029.74;358.9802
20000,0.58,20029.74;358.9802
20000,0.58,20029.74;358.9802
20000,0.58,20029.74;358.9802
20000,0.58,20029.74;358.9802
20000,0.58,20029.74;358.9802
20000,0.58,20029.74;358.9802
20000,0.58,20029.74;358.9802
20000,0.58,20029.74;358.9802
20000,0.58,20029.75;358.9802
20000,0.58,20029.75;358.9802
20000,0.58,20029.75;358.9802
20000,0.58,20029.75;358.9802
20000,0.58,20029.75;358.9802
20000,0.58,20029.75;358.9802
20000,0.58,20029.75;358.9802
20000,0.58,20029.75;358.9802
20000,0.58,20029.75;358.9802
20000,0.58,20029.75;358.9802
20000,0.58,20029.75;358.9802
20000,0.58,20029.75;358.9802
20000,0.58,20029.75;358.9802
20000,0.58,20029.75;358.9802
20000,0.58,20029.75;358.9802
20000,0.58,20029.75;358.9802
20000,0.58,20029.75;358.9802
20000,0.58,20029.75;358.9802
20000,0.58,20029.75;358.9802
20000,0.58,20029.75;358.9802
20000,0.58,20029.75;358.9802
20000,0.58,20029.75;358.9802
20000,0.58,20029.75;358.9802
20000,0.58,20029.75;358.9802
20000,0.58,20029.75;358.9802
20000,0.58,20029.75;358.9802
20000,0.58,20029.75;358.9802
20000,0.58,20029.75;358.9802
20000,0.58,20029.75;358.9802
20000,0.58,20029.75;358.9802
20000,0.58,20029.75;358.9802
20000,0.58,20029.75;358.9802
20000,0.58,20029.75;358.9802
20000,0.58,20029.75;358.9802
20000,0.58,20029.75;358.9802
20000,0.58,20029.75;358.9802
20000,0.58,20029.75;358.9802
20000,0.58,20029.75;358.9802
20000,0.58,20029.75;358.9802
20000,0.58,20029.75;358.9802
20000,0.58,20029.75;358.9802
20000,0.58,20029.75;358.9802
20000,0.58,20029.76;358.9802
20000,0.58,20029.76;358.9802
20000,0.58,20029.76;358.9802
20000,0.58,20029.76;358.9802
20000,0.58,20029.76;358.9802
20000,0.58,20029.76;358.9802
20000,0.58,20029.76;358.9802
20000,0.58,20029.76;358.9802
20000,0.58,20029.76;358.9802
20000,0.58,20029.76;358.9802
20000,0.58,20029.76;358.9802
20000,0.58,20029.76;358.9802
20000,0.58,20029.76;358.9802
20000,0.58,20029.76;358.9802
20000,0.58,20029.76;358.9802
20000,0.58,20029.76;358.9802
20000,0.58,20029.76;358.9802
20000,0.58,20029.76;358.9802
20000,0.58,20029.76;358.9802
20000,0.58,20029.76;358.9802
20000,0.58,20029.76;358.9802
20000,0.58,20029.76;358.9802
20000,0.58,20029.76;358.9745
20000,0.58,20029.76;358.9745
20000,0.58,20029.76;358.9745
20000,0.58,20029.76;358.9688
20000,0.58,20029.76;358.9688
20000,0.58,20029.76;358.9745
20000,0.58,20029.76;358.9802
20000,0.58,20029.76;358.9802
20000,0.58,20029.76;358.9745
20000,0.58,20029.76;358.9745
20000,0.58,20029.76;358.9745
20000,0.58,20029.76;358.9745
20000,0.58,20029.76;358.9745
20000,0.58,20029.76;358.9745
20000,0.58,20029.76;358.9745
20000,0.58,20029.76;358.9745
20000,0.58,20029.76;358.9688
20000,0.58,20029.76;358.9688
20000,0.58,20029.76;358.9688
20000,0.58,20029.76;358.9688
20000,0.58,20029.76;358.9745
20000,0.58,20029.76;358.9745
20000,0.58,20029.76;358.9688
20000,0.58,20029.76;358.9688
20000,0.58,20029.76;358.9688
20000,0.58,20029.76;358.9688
20000,0.58,20029.76;358.9688
20000,0.58,20029.76;358.9688
20000,0.58,20029.76;358.9688
20000,0.58,20029.76;358.9688
20000,0.58,20029.76;358.9688
20000,0.58,20029.76;358.9688
20000,0.58,20029.76;358.9688
20000,0.58,20029.76;358.9688
20000,0.58,20029.76;358.9688
20000,0.58,20029.76;358.9688
20000,0.58,20029.76;358.963
20000,0.58,20029.76;358.963
20000,0.58,20029.77;358.9573
20000,0.58,20029.77;358.9573
20000,0.58,20029.77;358.9573
20000,0.58,20029.77;358.9573
20000,0.58,20029.77;358.9573
20000,0.58,20029.77;358.9516
20000,0.58,20029.77;358.9516
20000,0.58,20029.77;358.9516
20000,0.58,20029.77;358.9516
20000,0.58,20029.77;358.9516
20000,0.58,20029.77;358.9516
20000,0.58,20029.77;358.9458
20000,0.58,20029.77;358.9458
20000,0.58,20029.77;358.9458
20000,0.58,20029.77;358.9401
20000,0.58,20029.77;358.9401
20000,0.58,20029.77;358.9344
20000,0.58,20029.77;358.9344
20000,0.58,20029.77;358.9344
20000,0.58,20029.77;358.9344
20000,0.58,20029.77;358.9344
20000,0.58,20029.77;358.9286
20000,0.58,20029.77;358.9286
20000,0.58,20029.77;358.9286
20000,0.58,20029.77;358.9229
20000,0.58,20029.77;358.9229
20000,0.58,20029.77;358.9229
20000,0.58,20029.77;358.9172
20000,0.58,20029.77;358.9172
20000,0.58,20029.77;358.9114
20000,0.58,20029.77;358.9114
20000,0.58,20029.77;358.9114
20000,0.58,20029.77;358.9057
20000,0.58,20029.77;358.9057
20000,0.58,20029.77;358.9057
20000,0.58,20029.77;358.9057
20000,0.58,20029.77;358.9057
20000,0.58,20029.77;358.9
20000,0.58,20029.77;358.8943
20000,0.58,20029.77;358.8943
20000,0.58,20029.77;358.8943
20000,0.58,20029.77;358.8943
20000,0.58,20029.78;358.8885
20000,0.58,20029.78;358.8885
20000,0.58,20029.78;358.8885
20000,0.58,20029.78;358.8828
20000,0.58,20029.78;358.8828
20000,0.58,20029.78;358.8828
20000,0.58,20029.78;358.8828
20000,0.58,20029.78;358.8828
20000,0.58,20029.78;358.8771
20000,0.58,20029.78;358.8713
20000,0.58,20029.78;358.8656
20000,0.58,20029.78;358.8656
20000,0.58,20029.78;358.8656
20000,0.58,20029.78;358.8656
20000,0.58,20029.78;358.8656
20000,0.58,20029.78;358.8599
20000,0.58,20029.78;358.8599
20000,0.58,20029.78;358.8599
20000,0.58,20029.78;358.8599
20000,0.58,20029.78;358.8542
20000,0.58,20029.78;358.8542
20000,0.58,20029.78;358.8484
20000,0.58,20029.78;358.8484
20000,0.58,20029.78;358.8484
20000,0.58,20029.78;358.8427
20000,0.58,20029.78;358.8427
20000,0.58,20029.