20000,0.58,19952;68.00018
20000,0.58,19952;67.99445
20000,0.58,19952;67.99445
20000,0.58,19952;67.99445
20000,0.58,19952;67.99445
20000,0.58,19952;67.99445
20000,0.58,19952;67.99445
20000,0.58,19952;67.99445
20000,0.58,19952;67.99445
20000,0.58,19952;67.99445
20000,0.58,19952;67.99445
20000,0.58,19952;67.99445
20000,0.58,19952;67.99445
20000,0.58,19952;67.98873
20000,0.58,19952;67.98873
20000,0.58,19952;67.98873
20000,0.58,19952;67.98873
20000,0.58,19952;67.98873
20000,0.58,19952;67.98873
20000,0.58,19952;67.98873
20000,0.58,19952;67.98873
20000,0.58,19952;67.98873
20000,0.58,19952;67.98873
20000,0.58,19952;67.98873
20000,0.58,19952;67.98873
20000,0.58,19952;67.98873
20000,0.58,19952;67.98873
20000,0.58,19952;67.98873
20000,0.58,19952;67.98873
20000,0.58,19952;67.98873
20000,0.58,19952;67.98873
20000,0.58,19952;67.98873
20000,0.58,19952;67.98873
20000,0.58,19952;67.98873
20000,0.58,19952;67.98873
20000,0.58,19952;67.98873
20000,0.58,19952;67.98873
20000,0.58,19952;67.98873
20000,0.58,19952;67.98873
20000,0.58,19952;67.98873
20000,0.58,19952;67.98873
20000,0.58,19952;67.98873
20000,0.58,19952;67.98299
20000,0.58,19952;67.98299
20000,0.58,19952;67.98299
20000,0.58,19952;67.98299
20000,0.58,19952;67.98299
20000,0.58,19952;67.98299
20000,0.58,19952;67.98299
20000,0.58,19952;67.98299
19999.99,0.58,19952;67.98873
19999.99,0.58,19952;67.98873
19999.99,0.58,19952;67.98873
19999.99,0.58,19952;67.98873
19999.99,0.58,19952;67.98873
19999.99,0.58,19952;67.98873
19999.99,0.58,19952;67.98873
19999.99,0.58,19952;67.98873
19999.99,0.58,19952;67.98873
19999.99,0.58,19952;67.98873
19999.99,0.58,19952;67.98873
19999.99,0.58,19952;67.98873
19999.99,0.58,19952;67.98873
19999.99,0.58,19952;67.98873
19999.99,0.58,19952;67.98873
19999.99,0.58,19952;67.98873
19999.99,0.58,19952;67.98873
19999.99,0.58,19952;67.98873
19999.99,0.58,19952;67.98873
19999.99,0.58,19952;67.98873
19999.99,0.58,19952;67.98873
19999.99,0.58,19952;67.98873
19999.99,0.58,19952;67.98873
19999.99,0.58,19952;67.98873
19999.99,0.58,19952;67.98873
19999.99,0.58,19952;67.98873
19999.99,0.58,19952;67.98873
19999.99,0.58,19952;67.98873
19999.99,0.58,19952;67.98873
19999.99,0.58,19952;67.98873
19999.99,0.58,19952;67.98873
19999.99,0.58,19952;67.98873
19999.99,0.58,19952;67.98873
19999.99,0.58,19952;67.98873
19999.99,0.58,19952;67.98873
19999.99,0.58,19952;67.98873
19999.99,0.58,19952;67.98873
19999.99,0.58,19952;67.98873
19999.99,0.58,19952;67.98873
19999.99,0.58,19952;67.98873
19999.99,0.58,19952;67.98873
19999.99,0.58,19952;67.98873
19999.99,0.58,19952;67.98873
19999.99,0.58,19952;67.98873
19999.99,0.58,19952;67.98873
19999.99,0.58,19952;67.98873
19999.99,0.58,19952;67.99445
19999.99,0.58,19952;67.99445
19999.99,0.58,19952;67.99445
19999.99,0.58,19952;67.99445
19999.99,0.58,19952;67.99445
19999.99,0.58,19952;67.99445
19999.99,0.58,19952;67.99445
19999.99,0.58,19952;67.99445
19999.99,0.58,19952;67.99445
19999.99,0.58,19952;67.99445
19999.99,0.58,19952;67.99445
19999.99,0.58,19952;67.99445
19999.99,0.58,19952;67.99445
19999.99,0.58,19952;67.99445
19999.99,0.58,19952;67.99445
19999.99,0.58,19952;67.99445
19999.99,0.58,19952;67.99445
19999.99,0.58,19952;67.99445
19999.99,0.58,19952;67.99445
19999.99,0.58,19952;67.99445
19999.99,0.58,19952;67.99445
19999.99,0.58,19952;67.99445
19999.99,0.58,19952;67.99445
19999.99,0.58,19952;68.00018
19999.99,0.58,19952;68.00018
19999.99,0.58,19952;68.00018
19999.99,0.58,19952;68.00018
19999.99,0.58,19952;68.00018
19999.99,0.58,19952;68.00018
19999.99,0.58,19952;68.00018
19999.99,0.58,19952;68.00018
19999.99,0.58,19952;68.00018
19999.99,0.58,19952;68.00018
19999.99,0.58,19952;68.00018
19999.99,0.58,19952;68.00018
19999.99,0.58,19952;68.00018
19999.99,0.58,19952;68.00018
19999.99,0.58,19952;68.00018
19999.99,0.58,19952;68.00018
19999.99,0.58,19952;68.00018
19999.99,0.58,19952;68.00018
19999.99,0.58,19952;68.00018
19999.99,0.58,19952;68.00018
19999.99,0.58,19952;68.00018
19999.99,0.58,19952;68.00018
19999.99,0.58,19952;68.00018
19999.99,0.58,19952;68.00018
19999.99,0.58,19952;68.00018
19999.99,0.58,19952;68.00018
19999.99,0.58,19952;68.00018
19999.99,0.58,19952;68.00018
19999.99,0.58,19952;68.00018
19999.99,0.58,19952;68.00018
19999.99,0.58,19952;68.00018
19999.99,0.58,19952;68.00018
19999.99,0.58,19952;68.00018
19999.99,0.58,19952;68.00018
19999.99,0.58,19952;68.00018
19999.99,0.58,19952;68.00018
19999.99,0.58,19952;68.00018
19999.99,0.58,19952;68.00018
19999.99,0.58,19952;68.00018
19999.99,0.58,19952;68.00018
19999.99,0.58,19952;68.00018
19999.99,0.58,19952;68.00018
19999.99,0.58,19952;68.00018
19999.99,0.58,19952;68.00018
19999.99,0.58,19952;68.00018
19999.99,0.58,19952;68.00018
19999.99,0.58,19952;68.00018
19999.99,0.58,19952;68.00018
19999.99,0.58,19952;68.00018
19999.99,0.58,19952;68.00018
19999.99,0.58,19952;68.00018
19999.99,0.58,19952;68.00018
19999.99,0.58,19952;68.00018
19999.99,0.58,19952;68.00018
19999.99,0.58,19952;68.00018
19999.99,0.58,19952;68.00018
19999.99,0.58,19952;68.00018
19999.99,0.58,19952;68.00018
19999.99,0.58,19952;68.00018
19999.99,0.58,19952;68.00018
19999.99,0.58,19952;68.00018
19999.99,0.58,19952;68.00018
19999.99,0.58,19952;68.00018
19999.99,0.58,19952;68.00018
19999.99,0.58,19952;68.00591
19999.99,0.58,19952;68.00591
19999.99,0.58,19952;68.00591
19999.99,0.58,19952;68.00591
19999.99,0.58,19952;68.00591
19999.99,0.58,19952;68.00591
19999.99,0.58,19952;68.00591
19999.99,0.58,19952;68.00591
19999.99,0.58,19952;68.00591
19999.99,0.58,19952;68.01163
19999.99,0.58,19952;68.01163
19999.99,0.58,19952;68.01163
19999.99,0.58,19952;68.01163
19999.99,0.58,19952;68.01163
19999.99,0.58,19952;68.01163
19999.99,0.58,19952;68.01163
19999.99,0.58,19952;68.01163
19999.99,0.58,19952;68.01163
19999.99,0.58,19952;68.01163
19999.99,0.58,19952;68.01163
19999.99,0.58,19952;68.01163
19999.99,0.58,19952;68.01163
19999.99,0.58,19952;68.01163
19999.99,0.58,19952;68.01163
19999.99,0.58,19952;68.01163
19999.99,0.58,19952;68.01163
19999.99,0.58,19952;68.01163
19999.99,0.58,19952;68.01163
19999.99,0.58,19952;68.01163
19999.99,0.58,19952;68.01163
19999.99,0.58,19952;68.01163
19999.99,0.58,19952;68.01163
19999.99,0.58,19952;68.01163
19999.99,0.58,19952;68.01163
19999.99,0.58,19952;68.01163
20000,0.58,19952;68.01163
20000,0.58,19952;68.01163
20000,0.58,19952;68.01163
20000,0.58,19952;68.01163
20000,0.58,19952;68.01163
20000,0.58,19952;68.01163
20000,0.58,19952;68.01163
20000,0.58,19952;68.01163
20000,0.58,19952;68.01163
20000,0.58,19952;68.01163
20000,0.58,19952;68.01163
20000,0.58,19952;68.01163
20000,0.58,19952;68.01163
20000,0.58,19952;68.01163
20000,0.58,19952;68.01163
20000,0.58,19952;68.01163
20000,0.58,19952;68.01163
20000,0.58,19952;68.01163
20000,0.58,19952;68.01163
20000,0.58,19952;68.01163
20000,0.58,19952;68.01163
20000,0.58,19952;68.01163
20000,0.58,19952;68.01163
20000,0.58,19952;68.01163
20000,0.58,19952;68.01163
20000,0.58,19952;68.01163
20000,0.58,19952;68.01163
20000,0.58,19952;68.01163
20000,0.58,19952;68.01163
20000,0.58,19952;68.01163
20000,0.58,19952;68.01163
20000,0.58,19952;68.01163
20000,0.58,19952;68.01163
20000,0.58,19952;68.01163
20000,0.58,19952;68.01163
20000,0.58,19952;68.01163
20000,0.58,19952;68.01163
20000,0.58,19952;68.01163
20000,0.58,19952;68.01163
20000,0.58,19952;68.01163
20000,0.58,19952;68.01163
20000,0.58,19952;68.01163
20000,0.58,19952;68.01163
20000,0.58,19952;68.01163
20000,0.58,19952;68.01163
20000,0.58,19952;68.01163
20000,0.58,19952;68.01163
20000,0.58,19952;68.01163
20000,0.58,19952;68.01163
20000,0.58,19952;68.01163
20000,0.58,19952;68.01163
20000,0.58,19952;68.01163
20000,0.58,19952;68.01163
20000,0.58,19952;68.01163
20000,0.58,19952;68.01163
20000,0.58,19952;68.01163
20000,0.58,19952;68.01163
20000,0.58,19952;68.01163
20000,0.58,19952;68.01163
20000,0.58,19952;68.01163
20000,0.58,19952;68.01163
20000,0.58,19952;68.01163
20000,0.58,19952;68.01163
20000,0.58,19952;68.01163
20000,0.58,19952;68.01163
20000,0.58,19952;68.01163
20000,0.58,19952;68.01163
20000,0.58,19952;68.01163
20000,0.58,19952;68.01163
20000,0.58,19952;68.01163
20000,0.58,19952;68.01163
20000,0.58,19952;68.01163
20000,0.58,19952;68.01163
20000,0.58,19952;68.01163
20000,0.58,19952;68.01163
20000,0.58,19952;68.01163
20000,0.58,19952;68.01163
20000,0.58,19952;68.01163
19999.99,0.58,19952;68.01163
19999.99,0.58,19952;68.01163
19999.99,0.58,19952;68.01163
19999.99,0.58,19952;68.01163
19999.99,0.58,19952;68.01163
19999.99,0.58,19952;68.01163
19999.99,0.58,19952;68.01163
19999.99,0.58,19952;68.01163
19999.99,0.58,19952;68.01163
19999.99,0.58,19952;68.01163
19999.99,0.58,19952;68.01163
19999.99,0.58,19952;68.01163
19999.99,0.58,19952;68.01163
19999.99,0.58,19952;68.01163
19999.99,0.58,19952;68.01163
19999.99,0.58,19952;68.01163
19999.99,0.58,19952;68.00591
19999.99,0.58,19952;68.00591
19999.99,0.58,19952;68.00591
19999.99,0.58,19952;68.00018
19999.99,0.58,19952;68.00018
19999.99,0.58,19951.99;68.00018
19999.98,0.58,19951.99;68.00018
19999.98,0.58,19951.99;68.00018
19999.98,0.58,19951.99;67.99445
19999.98,0.58,19951.99;67.99445
19999.98,0.58,19951.99;67.99445
19999.98,0.58,19951.99;67.99445
19999.98,0.58,19951.99;68.00018
19999.98,0.58,19951.99;68.00018
19999.98,0.58,19951.99;68.00591
19999.99,0.58,19951.99;68.00591
19999.99,0.58,19951.99;68.00591
19999.99,0.58,19952;68.00591
20000,0.58,19952;68.01163
20000,0.58,19952;68.01163
20000.01,0.58,19952;68.01736
20000.01,0.58,19952.01;68.01736
20000.02,0.58,19952.01;68.02309
20000.03,0.58,19952.01;68.02882
20000.04,0.58,19952.01;68.03454
20000.04,0.58,19952.02;68.04027
20000.05,0.58,19952.02;68.04599
20000.05,0.58,19952.02;68.04599
20000.06,0.58,19952.03;68.04599
20000.06,0.58,19952.03;68.04599
20000.06,0.58,19952.03;68.04599
20000.07,0.58,19952.03;68.04599
20000.07,0.58,19952.03;68.04599
20000.07,0.58,19952.03;68.04599
20000.07,0.58,19952.03;68.04599
20000.07,0.58,19952.03;68.04599
20000.07,0.58,19952.03;68.04599
20000.07,0.58,19952.03;68.04027
20000.06,0.58,19952.03;68.03454
20000.06,0.58,19952.03;68.03454
20000.06,0.58,19952.03;68.03454
20000.06,0.58,19952.03;68.03454
20000.06,0.58,19952.02;68.03454
20000.06,0.58,19952.02;68.03454
20000.06,0.58,19952.02;68.03454
20000.05,0.58,19952.02;68.03454
20000.05,0.58,19952.02;68.03454
20000.05,0.58,19952.02;68.03454
20000.06,0.58,19952.02;68.03454
20000.06,0.58,19952.02;68.03454
20000.06,0.58,19952.02;68.03454
20000.06,0.58,19952.02;68.03454
20000.06,0.58,19952.02;68.03454
20000.06,0.58,19952.03;68.03454
20000.06,0.58,19952.03;68.03454
20000.06,0.58,19952.03;68.03454
20000.06,0.58,19952.03;68.03454
20000.06,0.58,19952.03;68.03454
20000.06,0.58,19952.03;68.03454
20000.06,0.58,19952.03;68.03454
20000.06,0.58,19952.03;68.03454
20000.06,0.58,19952.03;68.03454
20000.06,0.58,19952.03;68.03454
20000.06,0.58,19952.03;68.02882
20000.06,0.58,19952.03;68.02882
20000.06,0.58,19952.03;68.02882
20000.06,0.58,19952.03;68.02882
20000.07,0.58,19952.03;68.02309
20000.07,0.58,19952.03;68.02309
20000.07,0.58,19952.03;68.02309
20000.07,0.58,19952.03;68.02309
20000.07,0.58,19952.03;68.02309
20000.07,0.58,19952.03;68.02309
20000.07,0.58,19952.03;68.02309
20000.07,0.58,19952.03;68.01736
20000.07,0.58,19952.03;68.01736
20000.07,0.58,19952.03;68.01736
20000.07,0.58,19952.03;68.01736
20000.07,0.58,19952.03;68.01736
20000.07,0.58,19952.03;68.01736
20000.07,0.58,19952.03;68.01736
20000.08,0.58,19952.03;68.01736
20000.08,0.58,19952.03;68.01736
20000.08,0.58,19952.03;68.02309
20000.08,0.58,19952.03;68.02309
20000.08,0.58,19952.03;68.02309
20000.09,0.58,19952.04;68.02309
20000.09,0.58,19952.04;68.02309
20000.09,0.58,19952.04;68.02309
20000.09,0.58,19952.04;68.02309
20000.09,0.58,19952.04;68.02309
20000.09,0.58,19952.04;68.02309
20000.09,0.58,19952.04;68.02882
20000.09,0.58,19952.04;68.02882
20000.09,0.58,19952.04;68.02882
20000.09,0.58,19952.04;68.02882
20000.09,0.58,19952.04;68.02882
20000.1,0.58,19952.04;68.02882
20000.1,0.58,19952.04;68.02882
20000.11,0.58,19952.04;68.02882
20000.11,0.58,19952.04;68.03454
20000.11,0.58,19952.04;68.03454
20000.12,0.58,19952.05;68.03454
20000.12,0.58,19952.05;68.03454
20000.12,0.58,19952.05;68.03454
20000.12,0.58,19952.05;68.04027
20000.12,0.58,19952.05;68.04027
20000.12,0.58,19952.05;68.04599
20000.12,0.58,19952.05;68.04599
20000.13,0.58,19952.05;68.04599
20000.13,0.58,19952.05;68.04599
20000.13,0.58,19952.05;68.05172
20000.13,0.58,19952.05;68.05172
20000.13,0.58,19952.05;68.05172
20000.13,0.58,19952.05;68.05172
20000.13,0.58,19952.05;68.05172
20000.13,0.58,19952.05;68.05745
20000.13,0.58,19952.05;68.05745
20000.13,0.58,19952.05;68.05745
20000.14,0.58,19952.05;68.05745
20000.14,0.58,19952.05;68.06317
20000.14,0.58,19952.05;68.06317
20000.14,0.58,19952.05;68.06317
20000.14,0.58,19952.05;68.06317
20000.14,0.58,19952.05;68.0689
20000.14,0.58,19952.05;68.0689
20000.14,0.58,19952.05;68.0689
20000.14,0.58,19952.06;68.07463
20000.14,0.58,19952.06;68.08036
20000.14,0.58,19952.06;68.08036
20000.14,0.58,19952.06;68.08036
20000.14,0.58,19952.06;68.08036
20000.14,0.58,19952.06;68.08609
20000.14,0.58,19952.06;68.09182
20000.14,0.58,19952.06;68.09182
20000.14,0.58,19952.06;68.09182
20000.14,0.58,19952.06;68.09182
20000.14,0.58,19952.06;68.09182
20000.14,0.58,19952.06;68.09756
20000.14,0.58,19952.05;68.09756
20000.14,0.58,19952.05;68.09756
20000.13,0.58,19952.05;68.10329
20000.13,0.58,19952.05;68.10902
20000.13,0.58,19952.05;68.11475
20000.13,0.58,19952.05;68.11475
20000.13,0.58,19952.05;68.11475
20000.13,0.58,19952.05;68.12048
20000.13,0.58,19952.05;68.12048
20000.13,0.58,19952.05;68.12048
20000.13,0.58,19952.05;68.12621
20000.13,0.58,19952.05;68.12621
20000.13,0.58,19952.05;68.13194
20000.13,0.58,19952.05;68.13194
20000.13,0.58,19952.05;68.13194
20000.13,0.58,19952.05;68.13766
20000.13,0.58,19952.05;68.13766
20000.13,0.58,19952.05;68.1434
20000.13,0.58,19952.05;68.1434
20000.13,0.58,19952.05;68.1434
20000.12,0.58,19952.05;68.1434
20000.12,0.58,19952.05;68.1434
20000.12,0.58,19952.05;68.14913
20000.12,0.58,19952.05;68.15486
20000.12,0.58,19952.05;68.1606
20000.11,0.58,19952.04;68.1606
20000.11,0.58,19952.04;68.16633
20000.11,0.58,19952.04;68.16633
20000.11,0.58,19952.04;68.16633
20000.11,0.58,19952.04;68.17206
20000.11,0.58,19952.04;68.17206
20000.1,0.58,19952.04;68.17779
20000.1,0.58,19952.04;68.18353
20000.1,0.58,19952.04;68.18353
20000.1,0.58,19952.04;68.18925
20000.1,0.58,19952.04;68.18925
20000.1,0.58,19952.04;68.18925
20000.1,0.58,19952.04;68.19498
20000.09,0.58,19952.04;68.20071
20000.09,0.58,19952.04;68.20071
20000.09,0.58,19952.04;68.20645
20000.09,0.58,19952.04;68.21218
20000.09,0.58,19952.04;68.21792
20000.09,0.58,19952.04;68.21792
20000.09,0.58,19952.04;68.22365
20000.09,0.58,19952.04;68.22938
20000.09,0.58,19952.04;68.2351
20000.09,0.58,19952.04;68.2351
20000.08,0.58,19952.03;68.2351
20000.08,0.58,19952.03;68.2351
20000.08,0.58,19952.03;68.24082
20000.08,0.58,19952.03;68.24655
20000.08,0.58,19952.03;68.25228
20000.07,0.58,19952.03;68.25802
20000.07,0.58,19952.03;68.26375
20000.07,0.58,19952.03;68.26375
20000.07,0.58,19952.03;68.26947
20000.07,0.58,19952.03;68.2752
20000.07,0.58,19952.03;68.2752
20000.07,0.58,19952.03;68.28093
20000.07,0.58,19952.03;68.28666
20000.07,0.58,19952.03;68.28666
20000.06,0.58,19952.03;68.29239
20000.06,0.58,19952.03;68.29812
20000.06,0.58,19952.03;68.29812
20000.06,0.58,19952.03;68.30385
20000.06,0.58,19952.02;68.30958
20000.06,0.58,19952.02;68.31531
20000.05,0.58,19952.02;68.32103
20000.05,0.58,19952.02;68.32676
20000.05,0.58,19952.02;68.33249
20000.05,0.58,19952.02;68.33822
20000.05,0.58,19952.02;68.34396
20000.05,0.58,19952.02;68.34968
20000.05,0.58,19952.02;68.34968
20000.04,0.58,19952.02;68.35541
20000.04,0.58,19952.02;68.36114
20000.04,0.58,19952.02;68.36687
20000.04,0.58,19952.02;68.3726
20000.04,0.58,19952.02;68.37833
20000.04,0.58,19952.02;68.37833
20000.04,0.58,19952.01;68.38406
20000.03,0.58,19952.01;68.39552
20000.03,0.58,19952.01;68.40698
20000.03,0.58,19952.01;68.41271
20000.03,0.58,19952.01;68.41844
20000.03,0.58,19952.01;68.42418
20000.02,0.58,19952.01;68.42991
20000.02,0.58,19952.01;68.43564
20000.02,0.58,19952.01;68.43564
20000.02,0.58,19952.01;68.44138
20000.02,0.58,19952.01;68.44711
20000.02,0.58,19952.01;68.44711
20000.02,0.58,19952.01;68.45284
20000.01,0.58,19952.01;68.45857
20000.01,0.58,19952.01;68.45857
20000.01,0.58,19952.01;68.46431
20000.01,0.58,19952.01;68.46431
20000.01,0.58,19952.01;68.47003
20000.01,0.58,19952;68.47576
20000.01,0.58,19952;68.48148
20000.01,0.58,19952;68.49294
20000.01,0.58,19952;68.50441
20000,0.58,19952;68.51013
20000,0.58,19952;68.52159
20000,0.58,19952;68.53305
20000,0.58,19952;68.53305
20000,0.58,19952;68.53878
20000,0.58,19952;68.54451
20000,0.58,19952;68.55597
19999.99,0.58,19952;68.56742
19999.99,0.58,19952;68.57888
19999.99,0.58,19952;68.58462
19999.99,0.58,19952;68.59035
19999.99,0.58,19952;68.59035
19999.99,0.58,19952;68.59608
19999.99,0.58,19952;68.59608
19999.99,0.58,19952;68.60181
19999.99,0.58,19952;68.60754
19999.99,0.58,19952;68.60754
19999.99,0.58,19952;68.61327
19999.99,0.58,19952;68.619
19999.98,0.58,19951.99;68.62473
19999.98,0.58,19951.99;68.63046
19999.98,0.58,19951.99;68.63046
19999.98,0.58,19951.99;68.63046
19999.98,0.58,19951.99;68.63619
19999.98,0.58,19951.99;68.64192
19999.98,0.58,19951.99;68.64765
19999.97,0.58,19951.99;68.65338
19999.97,0.58,19951.99;68.65338
19999.97,0.58,19951.99;68.65912
19999.97,0.58,19951.99;68.66485
19999.97,0.58,19951.99;68.66485
19999.97,0.58,19951.99;68.67057
19999.97,0.58,19951.99;68.67631
19999.97,0.58,19951.99;68.68204
19999.97,0.58,19951.99;68.68777
19999.97,0.58,19951.99;68.6935
19999.97,0.58,19951.99;68.69923
19999.97,0.58,19951.99;68.70496
19999.96,0.58,19951.99;68.71069
19999.96,0.58,19951.99;68.71642
19999.96,0.58,19951.99;68.72215
19999.96,0.58,19951.99;68.72787
19999.96,0.58,19951.99;68.7336
19999.96,0.58,19951.98;68.73933
19999.96,0.58,19951.98;68.74506
19999.96,0.58,19951.98;68.74506
19999.96,0.58,19951.98;68.75079
19999.96,0.58,19951.98;68.75652
19999.96,0.58,19951.98;68.76225
19999.96,0.58,19951.98;68.76797
19999.96,0.58,19951.98;68.7737
19999.95,0.58,19951.98;68.77943
19999.95,0.58,19951.98;68.77943
19999.95,0.58,19951.98;68.78516
19999.95,0.58,19951.98;68.79089
19999.95,0.58,19951.98;68.79662
19999.95,0.58,19951.98;68.80235
19999.95,0.58,19951.98;68.80807
19999.94,0.58,19951.98;68.80807
19999.94,0.58,19951.98;68.8138
19999.94,0.58,19951.98;68.8138
19999.94,0.58,19951.98;68.8138
19999.94,0.58,19951.98;68.81953
19999.94,0.58,19951.98;68.81953
19999.94,0.58,19951.98;68.81953
19999.94,0.58,19951.98;68.82527
19999.93,0.58,19951.97;68.83099
19999.93,0.58,19951.97;68.83672
19999.93,0.58,19951.97;68.83672
19999.93,0.58,19951.97;68.84245
19999.93,0.58,19951.97;68.84245
19999.93,0.58,19951.97;68.84245
19999.93,0.58,19951.97;68.84245
19999.93,0.58,19951.97;68.84818
19999.93,0.58,19951.97;68.84818
19999.93,0.58,19951.97;68.84818
19999.93,0.58,19951.97;68.85391
19999.92,0.58,19951.97;68.85391
19999.92,0.58,19951.97;68.85391
19999.92,0.58,19951.97;68.85964
19999.92,0.58,19951.97;68.85964
19999.92,0.58,19951.97;68.85964
19999.92,0.58,19951.97;68.86538
19999.92,0.58,19951.97;68.87111
19999.92,0.58,19951.97;68.87111
19999.91,0.58,19951.97;68.87111
19999.91,0.58,19951.97;68.87111
19999.91,0.58,19951.97;68.87111
19999.91,0.58,19951.97;68.87111
19999.91,0.58,19951.97;68.87111
19999.91,0.58,19951.96;68.87684
19999.91,0.58,19951.96;68.87684
19999.91,0.58,19951.96;68.87684
19999.91,0.58,19951.96;68.88257
19999.91,0.58,19951.96;68.88257
19999.9,0.58,19951.96;68.88257
19999.9,0.58,19951.96;68.88257
19999.9,0.58,19951.96;68.88831
19999.9,0.58,19951.96;68.88831
19999.9,0.58,19951.96;68.88831
19999.9,0.58,19951.96;68.88831
19999.9,0.58,19951.96;68.88831
19999.9,0.58,19951.96;68.88831
19999.89,0.58,19951.96;68.89403
19999.89,0.58,19951.96;68.89403
19999.89,0.58,19951.96;68.89403
19999.89,0.58,19951.96;68.89977
19999.89,0.58,19951.96;68.89977
19999.89,0.58,19951.96;68.89977
19999.89,0.58,19951.96;68.89977
19999.89,0.58,19951.96;68.89977
19999.89,0.58,19951.