20000,0.5,20000;0
20000,0.58,20000.55;359.7852
19999.99,0.58,20001.19;359.556
19999.99,0.58,20001.82;359.3411
19999.98,0.58,20002.46;359.1406
19999.96,0.58,20003.1;358.9114
19999.96,0.58,20003.51;358.7109
19999.94,0.58,20004.06;358.4673
19999.92,0.58,20004.69;358.1809
19999.9,0.58,20005.33;357.8371
19999.87,0.58,20005.96;357.5936
19999.84,0.58,20006.6;357.3214
19999.81,0.58,20007.23;357.0779
19999.77,0.58,20007.87;356.992
19999.74,0.58,20008.5;356.8201
19999.7,0.58,20009.13;356.5049
19999.66,0.58,20009.77;356.2614
19999.62,0.58,20010.4;356.0609
19999.57,0.58,20011.03;355.8174
19999.52,0.58,20011.67;355.5309
19999.47,0.58,20012.3;355.2874
19999.42,0.58,20012.81;355.0296
19999.37,0.58,20013.44;354.829
19999.31,0.58,20014.07;354.7144
19999.25,0.58,20014.71;354.5425
19999.18,0.58,20015.34;354.3564
19999.12,0.58,20015.97;354.1272
19999.05,0.58,20016.6;353.8837
19998.98,0.58,20017.23;353.5685
19998.91,0.58,20017.86;353.3107
19998.83,0.58,20018.49;353.0529
19998.75,0.58,20019.12;352.8094
19998.67,0.58,20019.75;352.5515
19998.58,0.58,20020.38;352.2937
19998.49,0.58,20021.01;352.0072
19998.4,0.58,20021.64;351.778
19998.31,0.58,20022.27;351.5918
19998.21,0.58,20022.89;351.3626
19998.12,0.58,20023.51;351.1048
19998.02,0.58,20024.14;350.9186
19997.92,0.58,20024.77;350.761
19997.81,0.58,20025.39;350.6178
19997.71,0.58,20026.02;350.4172
19997.6,0.58,20026.64;350.2024
19997.59,0.58,20026.7;349.9589
19997.48,0.58,20027.32;349.744
19997.36,0.58,20027.95;349.4719
19997.24,0.58,20028.57;349.2427
19997.12,0.58,20029.19;349.0135
19997,0.58,20029.82;348.7557
19996.87,0.58,20030.44;348.4835
19996.74,0.58,20031.06;348.2257
19996.61,0.58,20031.68;347.9392
19996.47,0.58,20032.3;347.6957
19996.34,0.58,20032.92;347.4951
19996.2,0.58,20033.54;347.3233
19996.05,0.58,20034.16;347.0797
19995.98,0.58,20034.47;346.8792
19995.84,0.58,20035.08;346.693
19995.69,0.58,20035.69;346.4781
19995.54,0.58,20036.31;346.249
19995.39,0.58,20036.93;346.0341
19995.23,0.58,20037.54;345.7763
19995.07,0.58,20038.16;345.5328
19994.91,0.58,20038.77;345.2463
19994.75,0.58,20039.38;345.0028
19994.58,0.58,20040;344.7736
19994.41,0.58,20040.61;344.5301
19994.24,0.58,20041.22;344.2866
19994.06,0.58,20041.83;344.0287
19993.89,0.58,20042.44;343.8568
