20000,0.58,19980;16.00004
20000,0.58,19980;15.94275
20000,0.58,19980;15.94275
20000,0.58,19980;15.94275
20000,0.58,19980;15.94275
20000,0.58,19980;15.94275
20000,0.58,19980;15.94275
20000,0.58,19980;15.94275
20000,0.58,19980;15.94275
20000,0.58,19980;15.94275
20000,0.58,19980;15.94275
20000,0.58,19980;15.94275
20000,0.58,19980;15.94275
20000,0.58,19980;15.94275
20000,0.58,19980;15.94275
20000,0.58,19980;15.94275
20000,0.58,19980;15.94275
20000,0.58,19980;15.94275
20000,0.58,19980;15.94275
20000,0.58,19980;15.94275
20000,0.58,19980;15.94275
20000,0.58,19980;15.94275
20000,0.58,19980;15.94275
20000,0.58,19980;15.94275
20000,0.58,19980;15.94275
20000,0.58,19980;15.94275
20000,0.58,19980;15.94275
20000,0.58,19980;15.94275
20000,0.58,19980;15.94275
20000,0.58,19980;15.94275
20000,0.58,19980;15.94275
20000,0.58,19980;15.94275
20000,0.58,19980;15.94275
20000,0.58,19980;15.94275
20000,0.58,19980;15.94275
20000,0.58,19980;15.94275
20000,0.58,19980;15.94275
20000,0.58,19980;15.94275
20000,0.58,19980;15.94275
20000,0.58,19980;15.94275
20000,0.58,19980;15.94275
20000,0.58,19980;15.94275
20000,0.58,19980;15.94275
20000,0.58,19980;15.94275
20000,0.58,19980;15.94275
20000,0.58,19980;15.94275
20000,0.58,19980;15.94275
20000,0.58,19980;15.94275
20000,0.58,19980;15.94275
20000,0.58,19980;15.94275
20000,0.58,19980;15.94275
20000,0.58,19980;15.94275
20000,0.58,19980;15.94275
20000,0.58,19980;15.94275
20000,0.58,19980;15.94275
20000,0.58,19980;15.94275
20000,0.58,19980;15.94275
20000,0.58,19980;15.94275
20000,0.58,19980;15.94275
20000,0.58,19980;15.94275
20000,0.58,19980;15.94275
20000,0.58,19980;15.94275
20000,0.58,19980;15.94275
20000,0.58,19980;15.94275
20000,0.58,19980;15.94275
20000,0.58,19980;15.94275
20000,0.58,19980;15.94275
20000,0.58,19980;15.94275
20000,0.58,19980;15.94275
20000,0.58,19980;15.94275
20000,0.58,19980;15.94275
20000,0.58,19980;15.94275
20000,0.58,19980;15.94275
20000,0.58,19980;15.94275
20000,0.58,19980;15.94275
20000,0.58,19980;15.94275
20000,0.58,19980;15.94275
20000,0.58,19980;15.94275
20000,0.58,19980;15.94275
20000,0.58,19980;15.94275
20000,0.58,19980;15.94275
20000,0.58,19980;15.94275
20000,0.58,19980;15.94275
20000,0.58,19980;15.94275
20000,0.58,19980;15.94275
20000,0.58,19980;15.94275
20000,0.58,19980;15.94275
20000,0.58,19980;15.94275
20000,0.58,19980;15.94275
20000,0.58,19980;15.94275
20000,0.58,19980;15.94275
20000,0.58,19980;15.94275
20000,0.58,19980;15.94275
20000,0.58,19980;15.94275
20000,0.58,19980;15.94275
20000,0.58,19980;15.94275
20000,0.58,19980;15.94275
20000,0.58,19980;15.94275
20000,0.58,19980;15.94275
20000,0.58,19980;15.94275
20000,0.58,19980;15.94275
20000,0.58,19980;15.94275
20000,0.58,19980;15.94275
20000,0.58,19980;15.94275
20000,0.58,19980;15.94275
20000,0.58,19980;15.94275
20000,0.58,19980;15.94275
20000,0.58,19980;15.94275
20000,0.58,19980;15.94275
20000,0.58,19980;15.94275
20000,0.58,19980;15.94275
20000,0.58,19980;15.94275
20000,0.58,19980;15.94275
20000,0.58,19980;15.94275
20000,0.58,19980;15.94275
20000,0.58,19980;15.94275
20000,0.58,19980;15.94275
20000,0.58,19980;15.94275
20000,0.58,19980;15.94275
20000,0.58,19980;15.94275
20000,0.58,19980;15.94275
20000,0.58,19980;15.94275
20000,0.58,19980;15.94275
20000,0.58,19980;15.94275
20000,0.58,19980;15.94275
20000,0.58,19980;15.94275
20000,0.58,19980;15.94275
20000,0.58,19980;15.94275
20000,0.58,19980;15.94275
20000,0.58,19980;15.94275
20000,0.58,19980;15.94275
20000,0.58,19980;15.94275
20000,0.58,19980;15.94275
20000,0.58,19980;15.94275
20000,0.58,19980;15.94275
20000,0.58,19980;15.94275
20000,0.58,19980;15.94275
20000,0.58,19982;15.94275
20000,0.58,19984;15.94275
20000,0.58,19986;15.94275
20000,0.58,19988;15.94275
20000,0.58,19988;15.94275
20000,0.58,19988;15.94275
20000,0.58,19988;15.94275
20000,0.58,19988;15.94275
20000,0.58,19988;15.94275
20000,0.58,19988;15.94275
20000,0.58,19988;15.94275
20000,0.58,19988;15.94275
20000,0.58,19988;15.94275
20000,0.58,19988;15.94275
20000,0.58,19988;15.94275
20000,0.58,19988;15.94275
20000,0.58,19988;15.94275
20000,0.58,19988;15.94275
20000,0.58,19988;15.94275
20000,0.58,19988;15.94275
20000,0.58,19988;15.94275
20000,0.58,19988;15.94275
20000,0.58,19988;15.94275
20000,0.58,19988;15.94275
20000,0.58,19988;15.94275
20000,0.58,19988;15.94275
20000,0.58,19988;15.94275
20000,0.58,19988;15.94275
20000,0.58,19988;15.94275
20000,0.58,19988;15.94275
20000,0.58,19988;15.94275
20000,0.58,19988;15.94275
20000,0.58,19988;15.94275
20000,0.58,19986;15.94275
20000,0.58,19984;15.94275
20000,0.58,19982;15.94275
20000,0.58,19980;15.94275
20000,0.58,19980;15.94275
20000,0.58,19980;15.94275
20000,0.58,19980;15.94275
20000,0.58,19980;15.94275
20000,0.58,19980;15.94275
20000,0.58,19980;15.94275
20000,0.58,19980;15.94275
20000,0.58,19980;15.94275
20000,0.58,19980;15.94275
20000,0.58,19980;15.94275
20000,0.58,19980;15.94275
20000,0.58,19980;15.94275
20000,0.58,19980;15.94275
20000,0.58,19980;15.94275
20000,0.58,19980;15.94275
20000,0.58,19980;15.94275
20000,0.58,19982;15.94275
20000,0.58,19984;15.94275
20000,0.58,19986;15.94275
20000,0.58,19988;15.94275
20000,0.58,19990;15.94275
20000,0.58,19990;15.94275
20000,0.58,19990;15.94275
20000,0.58,19990;15.94275
20000,0.58,19990;15.94275
20000,0.58,19990;15.94275
20000,0.58,19990;15.94275
20000,0.58,19990;15.94275
20000,0.58,19990;15.94275
20000,0.58,19990;15.94275
20000,0.58,19990;15.94275
20000,0.58,19990;15.94275
20000,0.58,19990;15.94275
20000,0.58,19990;15.94275
20000,0.58,19990;15.94275
20000,0.58,19990;15.94275
20000,0.58,19990;15.94275
20000,0.58,19990;15.94275
20000,0.58,19990;15.94275
20000,0.58,19990;15.94275
20000,0.58,19990;15.94275
20000,0.58,19990;15.94275
20000,0.58,19990;15.94275
20000,0.58,19990;15.94275
20000,0.58,19990;15.94275
20000,0.58,19990;15.94275
20000,0.58,19990;15.94275
20000,0.58,19990;15.94275
20000,0.58,19990;15.94275
20000,0.58,19990;15.94275
20000,0.58,19990;15.94275
20000,0.58,19990;15.94275
20000,0.58,19990;15.94275
20000,0.58,19990;15.94275
20000,0.58,19990;15.94275
20000,0.58,19990;15.94275
20000,0.58,19990;15.94275
20000,0.58,19990;15.94275
20000,0.58,19990;15.94275
20000,0.58,19990;15.94275
20000,0.58,19990;15.94275
20000,0.58,19990;15.94275
20000,0.58,19990;15.94275
20000,0.58,19990;15.94275
20000,0.58,19990;15.94275
20000,0.58,19990;15.94275
20000,0.58,19990;15.94275
20000,0.58,19990;15.94275
20000,0.58,19990;15.94275
20000,0.58,19990;15.94275
20000,0.58,19990;15.94275
20000,0.58,19990;15.94275
20000,0.58,19990;15.94275
20000,0.58,19990;15.94275
20000,0.58,19990;15.94275
20000,0.58,19990;15.94275
20000,0.58,19990;15.94275
20000,0.58,19990;15.94275
20000,0.58,19990;15.94275
20000,0.58,19990;15.94275
20000,0.58,19990;15.94275
20000,0.58,19990;15.94275
20000,0.58,19990;15.94275
20000,0.58,19990;15.94275
20000,0.58,19990;15.94275
20000,0.58,19990;15.94275
20000,0.58,19990;15.94275
20000,0.58,19990;15.94275
20000,0.58,19990;15.94275
20000,0.58,19990;15.94275
20000,0.58,19990;15.94275
20000,0.58,19990;15.94275
20000,0.58,19990;15.94275
20000,0.58,19990;15.94275
20000,0.58,19990;15.94275
20000,0.58,19990;15.94275
20000,0.58,19990;15.94275
20000,0.58,19990;15.94275
20000,0.58,19990;15.94275
20000,0.58,19990;15.94275
20000,0.58,19990;15.94275
20000,0.58,19990;15.94275
20000,0.58,19990;15.94275
20000,0.58,19990;15.94275
20000,0.58,19990;15.94275
20000,0.58,19990;15.94275
20000,0.58,19990;15.94275
20000,0.58,19990;15.94275
20000,0.58,19990;15.94275
20000,0.58,19990;15.94275
20000,0.58,19990;15.94275
20000,0.58,19990;15.94275
20000,0.58,19990;15.94275
20000,0.58,19990;15.94275
20000,0.58,19990;15.94275
20000,0.58,19990;15.94275
20000,0.58,19990;15.94275
20000,0.58,19990;15.94275
20000,0.58,19990;15.94275
20000,0.58,19990;15.94275
20000,0.58,19990;15.94275
20000,0.58,19990;15.94275
20000,0.58,19990;15.94275
20000,0.58,19990;15.94275
20000,0.58,19990;15.94275
20000,0.58,19990;15.94275
20000,0.58,19990;15.94275
20000,0.58,19990;15.94275
20000,0.58,19990;15.94275
20000,0.58,19990;15.94275
20000,0.58,19990;15.94275
20000,0.58,19990;15.94275
20000,0.58,19990;15.94275
20000,0.58,19990;15.94275
20000,0.58,19990;15.94275
20000,0.58,19990;15.94275
20000,0.58,19990;15.94275
20000,0.58,19990;15.94275
20000,0.58,19990;15.94275
20000,0.58,19990;15.94275
20000,0.58,19990;15.94275
20000,0.58,19990;15.94275
20000,0.58,19990;15.94275
20000,0.58,19990;15.94275
20000,0.58,19990;15.94275
20000,0.58,19990;15.94275
20000,0.58,19990;15.94275
20000,0.58,19990;15.94275
20000,0.58,19990;15.94275
20000,0.58,19990;15.94275
20000,0.58,19990;15.94275
20000,0.58,19990;15.94275
20000,0.58,19990;15.94275
20000,0.58,19990;15.94275
20000,0.58,19992;15.94275
20000,0.58,19994;15.94275
20000,0.58,19996;15.94275
20000,0.58,19998;15.94275
20000,0.58,20000;15.94275
20000,0.58,20000;15.94275
20000,0.58,20000;15.94275
20000,0.58,20000;15.94275
20000,0.58,20000;15.94275
20000,0.58,20000;15.94275
20000,0.58,20000;15.94275
20000,0.58,20000;15.94275
20000,0.58,20000;15.94275
20000,0.58,20000;15.94275
20000,0.58,20000;15.94275
20000,0.58,20000;15.94275
20000,0.58,20000;15.94275
20000,0.58,20000;15.94275
20000,0.58,20000;15.94275
20000,0.58,20000;15.94275
20000,0.58,20000;15.94275
20000,0.58,20000;15.94275
20000,0.58,20000;15.94275
20000,0.58,20000;15.94275
20000,0.58,20002;15.94275
20000,0.58,20004;15.94275
20000,0.58,20006;15.94275
20000,0.58,20008;15.94275
20000,0.58,20010;15.94275
20000,0.58,20010;15.94275
20000,0.58,20010;15.94275
20000,0.58,20010;15.94275
20000,0.58,20010;15.94275
20000,0.58,20010;15.94275
20000,0.58,20010;15.94275
20000,0.58,20010;15.94275
20000,0.58,20010;15.94275
20000,0.58,20010;15.94275
20000,0.58,20010;15.94275
20000,0.58,20010;15.94275
20000,0.58,20010;15.94275
20000,0.58,20010;15.94275
20000,0.58,20010;15.94275
20000,0.58,20010;15.94275
20000,0.58,20010;15.94275
20000,0.58,20010;15.94275
20000,0.58,20010;15.94275
20000,0.58,20010;15.94275
20000,0.58,20010;15.94275
20000,0.58,20012;15.94275
20000,0.58,20014;15.94275
20000,0.58,20016;15.94275
20000,0.58,20018;15.94275
20000,0.58,20020;15.94275
20000,0.58,20020;15.94275
20000,0.58,20020;15.94275
20000,0.58,20020;15.94275
20000,0.58,20020;15.94275
20000,0.58,20020;15.94275
20000,0.58,20020;15.94275
20000,0.58,20020;15.94275
20000,0.58,20020;15.94275
20000,0.58,20020;15.94275
20000,0.58,20020;15.94275
20000,0.58,20020;15.94275
20000,0.58,20020;15.94275
20000,0.58,20020;15.94275
20000,0.58,20020;15.94275
20000,0.58,20020;15.94275
20000,0.58,20020;15.94275
20000,0.58,20020;15.94275
20000,0.58,20020;15.94275
20000,0.58,20020;15.94275
20000,0.58,20020;15.94275
20000,0.58,20020;15.94275
20000,0.58,20022;15.94275
20000,0.58,20024;15.94275
20000,0.58,20026;15.94275
20000,0.58,20028;15.94275
20000,0.58,20030;15.94275
20000,0.58,20030;15.94275
20000,0.58,20030;15.94275
20000,0.58,20030;15.94275
20000,0.58,20030;15.94275
20000,0.58,20030;15.94275
20000,0.58,20030;15.94275
20000,0.58,20030;15.94275
20000,0.58,20030;15.94275
20000,0.58,20030;15.94275
20000,0.58,20030;15.94275
20000,0.58,20030;15.94275
20000,0.58,20030;15.94275
20000,0.58,20030;15.94275
20000,0.58,20030;15.94275
20000,0.58,20030;15.94275
20000,0.58,20030;15.94275
20000,0.58,20030;15.94275
20000,0.58,20030;15.94275
20000,0.58,20030;15.94275
20000,0.58,20030;15.94275
20000,0.58,20030;15.94275
20000,0.58,20030;15.94275
20000,0.58,20030;15.94275
20000,0.58,20030;15.94275
20000,0.58,20030;15.94275
20000,0.58,20030;15.94275
20000,0.58,20030;15.94275
20000,0.58,20030;15.94275
20000,0.58,20030;15.94275
20000,0.58,20030;15.94275
20000,0.58,20030;15.94275
20000,0.58,20030;15.94275
20000,0.58,20030;15.94275
20000,0.58,20030;15.94275
20002,0.58,20030;15.94275
20004,0.58,20030;15.94275
20006,0.58,20030;15.94275
20008,0.58,20030;15.94275
20010,0.58,20030;15.94275
20012,0.58,20030;15.94275
20012,0.58,20030;15.94275
20012,0.58,20030;15.94275
20012,0.58,20030;15.94275
20012,0.58,20030;15.94275
20012,0.58,20030;15.94275
20012,0.58,20030;15.94275
20012,0.58,20030;15.94275
20012,0.58,20030;15.94275
20012,0.58,20030;15.94275
20012,0.58,20030;15.94275
20012,0.58,20030;15.94275
20012,0.58,20030;15.94275
20012,0.58,20030;15.94275
20012,0.58,20030;15.94275
20012,0.58,20030;15.94275
20012,0.58,20030;15.94275
20010,0.58,20030;15.94275
20008,0.58,20030;15.94275
20006,0.58,20030;15.94275
20004,0.58,20030;15.94275
20002,0.58,20030;15.94275
20000,0.58,20030;15.94275
19998,0.58,20030;15.94275
19996,0.58,20030;15.94275
19994,0.58,20030;15.94275
19994,0.58,20030;15.94275
19994,0.58,20030;15.94275
19994,0.58,20030;15.94275
19994,0.58,20030;15.94275
19994,0.58,20030;15.94275
19994,0.58,20030;15.94275
19994,0.58,20030;15.94275
19994,0.58,20030;15.94275
19994,0.58,20030;15.94275
19994,0.58,20030;15.94275
19994,0.58,20030;15.94275
19994,0.58,20030;15.94275
19992,0.58,20030;15.94275
19990,0.58,20030;15.94275
19988,0.58,20030;15.94275
19986,0.58,20030;15.94275
19984,0.58,20030;15.94275
19982,0.58,20030;15.94275
19980,0.58,20030;15.94275
19978,0.58,20030;15.94275
19976,0.58,20030;15.94275
19976,0.58,20030;15.94275
19976,0.58,20030;15.94275
19976,0.58,20030;15.94275
19976,0.58,20030;15.94275
19976,0.58,20030;15.94275
19976,0.58,20030;15.94275
19976,0.58,20030;15.94275
19976,0.58,20030;15.94275
19976,0.58,20030;15.94275
19976,0.58,20030;15.94275
19976,0.58,20030;15.94275
19974,0.58,20030;15.94275
19972,0.58,20030;15.94275
19970,0.58,20030;15.94275
19968,0.58,20030;15.94275
19966,0.58,20030;15.94275
19964,0.58,20030;15.94275
19962,0.58,20030;15.94275
19960,0.58,20030;15.94275
19958,0.58,20030;15.94275
19958,0.58,20030;15.94275
19958,0.58,20030;15.94275
19958,0.58,20030;15.94275
19958,0.58,20030;15.94275
19958,0.58,20030;15.94275
19958,0.58,20030;15.94275
19958,0.58,20030;15.94275
19958,0.58,20030;15.94275
19960,0.58,20030;15.94275
19962,0.58,20030;15.94275
19964,0.58,20030;15.94275
19966,0.58,20030;15.94275
19968,0.58,20030;15.94275
19970,0.58,20030;15.94275
19972,0.58,20030;15.94275
19974,0.58,20030;15.94275
19976,0.58,20030;15.94275
19978,0.58,20030;15.94275
19980,0.58,20030;15.94275
19982,0.58,20030;15.94275
19984,0.58,20030;15.94275
19986,0.58,20030;15.94275
19988,0.58,20030;15.94275
19990,0.58,20030;15.94275
19992,0.58,20030;15.94275
19994,0.58,20030;15.94275
19996,0.58,20030;15.94275
19998,0.58,20030;15.94275
20000,0.58,20030;15.94275
20002,0.58,20030;15.94275
20002,0.58,20030;15.94275
20002,0.58,20030;15.94275
20002,0.58,20030;15.94275
20002,0.58,20030;15.94275
20002,0.58,20030;15.94275
20002,0.58,20030;15.94275
20002,0.58,20030;15.94275
20002,0.58,20030;15.94275
20002,0.58,20030;15.94275
20002,0.58,20030;15.94275
20002,0.58,20030;15.94275
20002,0.58,20030;15.94275
20002,0.58,20030;15.94275
20002,0.58,20030;15.94275
20002,0.58,20030;15.94275
20002,0.58,20030;15.94275
20002,0.58,20030;15.94275
20002,0.58,20030;15.94275
20002,0.58,20030;15.94275
20004,0.58,20030;15.94275
20006,0.58,20030;15.94275
20008,0.58,20030;15.94275
20010,0.58,20030;15.94275
20012,0.58,20030;15.94275
20014,0.58,20030;15.94275
20016,0.58,20030;15.94275
20018,0.58,20030;15.94275
20020,0.58,20030;15.94275
20022,0.58,20030;15.94275
20022,0.58,20030;15.94275
20022,0.58,20030;15.94275
20022,0.58,20030;15.94275
20022,0.58,20030;15.94275
20022,0.58,20030;15.94275
20022,0.58,20030;15.94275
20022,0.58,20030;15.94275
20022,0.58,20030;15.94275
20022,0.58,20030;15.94275
20022,0.58,20030;15.94275
20020,0.58,20030;15.94275
20018,0.58,20030;15.94275
20016,0.58,20030;15.94275
20014,0.58,20030;15.94275
20012,0.58,20030;15.94275
20010,0.58,20030;15.94275
20008,0.58,20030;15.94275
20006,0.58,20030;15.94275
20004,0.58,20030;15.94275
20002,0.58,20030;15.94275
20000,0.58,20030;15.94275
19998,0.58,20030;15.94275
19996,0.58,20030;15.94275
19996,0.58,20030;15.94275
19996,0.58,20030;15.94275
19996,0.58,20030;15.94275
19996,0.58,20030;15.94275
19996,0.58,20030;15.94275
19996,0.58,20030;15.94275
19996,0.58,20030;15.94275
19996,0.58,20030;15.94275
19996,0.58,20030;15.94275
19996,0.58,20030;15.94275
19996,0.58,20030;15.94275
19996,0.58,20030;15.94275
19996,0.58,20030;15.94275
19996,0.58,20030;15.94275
19996,0.58,20030;15.94275
19998,0.58,20030;15.94275
20000,0.58,20030;15.94275
20002,0.58,20030;15.94275
20004,0.58,20030;15.94275
20006,0.58,20030;15.94275
20008,0.58,20030;15.94275
20010,0.58,20030;15.94275
20012,0.58,20030;15.94275
20014,0.58,20030;15.94275
20016,0.58,20030;15.94275
20016,0.58,20030;15.94275
20016,0.58,20030;15.94275
20016,0.58,20030;15.94275
20016,0.58,20030;15.94275
20016,0.58,20030;15.94275
20016,0.58,20030;15.94275
20016,0.58,20030;15.94275
20016,0.58,20030;15.94275
20016,0.58,20030;15.94275
20016,0.58,20030;15.94275
20016,0.58,20032;15.94275
20016,0.58,20034;15.94275
20016,0.58,20036;15.94275
20016,0.58,20038;15.94275
20016,0.58,20040;15.94275
20016,0.58,20042;15.94275
20016,0.58,20044;15.94275
20016,0.58,20046;15.94275
20016,0.58,20048;15.94275
20016,0.58,20050;15.94275
20016,0.58,20052;15.94275
20016,0.58,20054;15.94275
20016,0.58,20056;15.94275
20016,0.58,20056;15.94275
20016,0.58,20056;15.94275
20016,0.58,20056;15.94275
20016,0.58,20056;15.94275
20016,0.58,20056;15.94275
20016,0.58,20056;15.94275
20016,0.58,20056;15.94275
20016,0.58,20056;15.94275
20016,0.58,20056;15.94275
20016,0.58,20056;15.94275
20016,0.58,20056;15.94275
20016,0.58,20058;15.94275
20016,0.58,20060;15.94275
20016,0.58,20062;15.94275
20016,0.58,20064;15.94275
20016,0.58,20066;15.94275
20016,0.58,20068;15.94275
20016,0.58,20070;15.94275
20016,0.58,20072;15.94275
20016,0.58,20074;15.94275
20016,0.58,20076;15.94275
20016,0.58,20078;15.94275
20016,0.58,20080;15.94275
20016,0.58,20082;15.94275
20016,0.58,20084;15.94275
20016,0.58,20086;15.94275
20016,0.58,20088;15.94275
20016,0.58,20090;15.94275
20016,0.58,20092;15.94275
20016,0.58,20094;15.94275
20016,0.58,20096;15.94275
20016,0.58,20098;15.94275
20016,0.58,20100;15.94275
20016,0.58,20102;15.94275
20016,0.58,20104;15.94275
20016,0.58,20106;15.94275
20016,0.58,20108;15.94275
20016,0.58,20108;15.94275
20016,0.58,20108;15.94275
20016,0.58,20108;15.94275
20016,0.58,20108;15.94275
20016,0.58,20108;15.94275
20016,0.58,20108;15.94275
20016,0.58,20108;15.94275
20016,0.58,20108;15.94275
20016,0.58,20108;15.94275
20016,0.58,20108;15.94275
20016,0.58,20108;15.94275
20016,0.58,20108;15.94275
20016,0.58,20108;15.94275
20016,0.58,20108;15.94275
20016,0.58,20108;15.94275
20016,0.58,20106;15.94275
20016,0.58,20104;15.94275
20016,0.58,20102;15.94275
20016,0.58,20100;15.94275
20016,0.58,20098;15.94275
20016,0.58,20096;15.94275
20016,0.58,20094;15.94275
20016,0.58,20092;15.94275
20016,0.58,20090;15.94275
20016,0.58,20088;15.94275
20016,0.58,20086;15.94275
20016,0.58,20084;15.94275
20016,0.58,20082;15.94275
20016,0.58,20082;15.94275
20016,0.58,20082;15.94275
20016,0.58,20082;15.94275
20016,0.58,20082;15.94275
20016,0.58,20082;15.94275
20016,0.58,20082;15.94275
20016,0.58,20082;15.94275
20016,0.58,20082;15.94275
20016,0.58,20082;15.94275
20016,0.58,20082;15.94275
20016,0.58,20082;15.94275
20016,0.58,20082;15.94275
20016,0.58,20082;15.94275
20016,0.58,20082;15.94275
20016,0.58,20082;15.94275
20016,0.58,20082;15.94275
20016,0.58,20082;15.94275
20016,0.58,20080;15.94275
20016,0.58,20078;15.94275
20016,0.58,20076;15.94275
20016,0.58,20074;15.94275
20016,0.58,20072;15.94275
20016,0.58,20070;15.94275
20016,0.58,20068;15.94275
20016,0.58,20066;15.94275
20016,0.58,20064;15.94275
20016,0.58,20062;15.94275
20016,0.58,20060;15.94275
20016,0.58,20058;15.94275
20016,0.58,20056;15.94275
20016,0.58,20054;15.94275
20016,0.58,20052;15.94275
20016,0.58,20050;15.94275
20016,0.58,20048;15.94275
20016,0.58,20046;15.94275
20016,0.58,20044;15.94275
20016,0.58,20042;15.94275
20016,0.58,20040;15.94275
20016,0.58,20038;15.94275
20016,0.58,20036;15.94275
20016,0.58,20034;15.94275
20016,0.58,20032;15.94275
20016,0.58,20030;15.94275
20016,0.58,20030;15.94275
20016,0.58,20030;15.94275
20016,0.58,20030;15.94275
20016,0.58,20030;15.94275
20016,0.58,20030;15.94275
20016,0.58,20030;15.94275
20016,0.58,20030;15.94275
20016,0.58,20030;15.94275
20016,0.58,20030;15.94275
20016,0.58,20030;15.94275
20016,0.58,20030;15.94275
20016,0.58,20030;15.94275
20016,0.58,20030;15.94275
20016,0.58,20030;15.94275
20016,0.58,20030;15.94275
20016,0.58,20030;15.94275
20016,0.58,20030;15.94275
20016,0.58,20030;15.94275
20016,0.58,20030;15.94275
20016,0.58,20030;15.94275
20016,0.58,20030;15.94275
20016,0.58,20030;15.94275
20016,0.58,20030;15.94275
20016,0.58,20030;15.94275
20016,0.58,20030;15.94275
20016,0.58,20030;15.94275
20016,0.58,20030;15.94275
20016,0.58,20030;15.94275
20016,0.58,20032;15.94275
20016,0.58,20034;15.94275
20016,0.58,20036;15.94275
20016,0.58,20038;15.94275
20016,0.58,20040;15.94275
20016,0.58,20042;15.94275
20016,0.58,20044;15.94275
20016,0.58,20046;15.94275
20016,0.58,20046;15.94275
20016,0.58,20046;15.94275
20016,0.58,20046;15.94275
20016,0.58,20046;15.94275
20016,0.58,20046;15.94275
20016,0.58,20046;15.94275
20016,0.58,20046;15.94275
20016,0.58,20046;15.94275
20016,0.58,20046;15.94275
20016,0.58,20046;15.94275
20016,0.58,20046;15.94275
20016,0.58,20046;15.94275
20016,0.58,20046;15.94275
20016,0.58,20046;15.94275
20016,0.58,20046;15.94275
20016,0.58,20044;15.94275
20016,0.58,20042;15.88545
20016,0.58,20040;15.88545
20016,0.58,20038;15.88545
20016,0.58,20036;15.88545
20016,0.58,20034;15.88545
20016,0.58,20032;15.88545
20016,0.58,20030;15.88545
20016,0.58,20030;15.88545
20016,0.58,20030;15.88545
20016,0.58,20030;15.88545
20016,0.58,20030;15.88545
20016,0.58,20030;15.88545
20016,0.58,20030;15.88545
20016,0.58,20030;15.88545
20016,0.58,20030;15.88545
20014,0.58,20030;15.88545
20012,0.58,20030;15.88545
20010,0.58,20030;15.88545
20008,0.58,20030;15.88545
20006,0.58,20030;15.88545
20004,0.58,20030;15.88545
20002,0.58,20030;15.88545
20000,0.58,20030;15.88545
19998,0.58,20030;15.88545
19996,0.58,20030;15.88545
19994,0.58,20030;15.88545
19992,0.58,20030;15.88545
19990,0.58,20030;15.88545
19988,0.58,20030;15.88545
19986,0.58,20030;15.88545
19986,0.58,20030;15.88545
19986,0.58,20030;15.88545
19986,0.58,20030;15.88545
19986,0.58,20030;15.88545
19986,0.58,20030;15.88545
19986,0.58,20030;15.88545
19986,0.58,20030;15.88545
19986,0.58,20030;15.88545
19986,0.58,20030;15.88545
19986,0.58,20030;15.88545
19986,0.58,20030;15.88545
19986,0.58,20030;15.88545
19986,0.58,20030;15.88545
19986,0.58,20030;15.88545
19986,0.58,20030;15.88545
19986,0.58,20030;15.88545
19986,0.58,20030;15.88545
19984,0.58,20030;15.88545
19982,0.58,20030;15.88545
19980,0.58,20030;15.88545
19978,0.58,20030;15.88545
19976,0.58,20030;15.88545
19974,0.58,20030;15.88545
19972,0.58,20030;15.88545
19970,0.58,20030;15.88545
19970,0.58,20030;15.88545
19970,0.58,20030;15.88545
19970,0.58,20030;15.88545
19970,0.58,20030;15.88545
19970,0.58,20030;15.88545
19970,0.58,20030;15.88545
19970,0.58,20030;15.88545
19970,0.58,20030;15.88545
19970,0.58,20030;15.88545
19972,0.58,20030;15.88545
19974,0.58,20030;15.88545
19976,0.58,20030;15.88545
19978,0.58,20030;15.88545
19980,0.58,20030;15.88545
19982,0.58,20030;15.88545
19984,0.58,20030;15.88545
19986,0.58,20030;15.88545
19988,0.58,20030;15.88545
19990,0.58,20030;15.88545
19992,0.58,20030;15.88545
19994,0.58,20030;15.88545
19996,0.58,20030;15.88545
19998,0.58,20030;15.88545
20000,0.58,20030;15.88545
20002,0.58,20030;15.88545
20004,0.58,20030;15.88545
20006,0.58,20030;15.88545
20008,0.58,20030;15.88545
20010,0.58,20030;15.88545
20012,0.58,20030;15.88545
20014,0.58,20030;15.88545
20016,0.58,20030;15.88545
20018,0.58,20030;15.88545
20018,0.58,20030;15.88545
20018,0.58,20030;15.88545
20018,0.58,20030;15.88545
20018,0.58,20030;15.88545
20018,0.58,20030;15.88545
20018,0.58,20030;15.88545
20018,0.58,20030;15.88545
20018,0.58,20030;15.88545
20018,0.58,20030;15.88545
20018,0.58,20030;15.88545
20018,0.58,20030;15.88545
20018,0.58,20030;15.88545
20018,0.58,20030;15.88545
20020,0.58,20030;15.88545
20022,0.58,20030;15.88545
20024,0.58,20030;15.88545
20026,0.58,20030;15.88545
20028,0.58,20030;15.88545
20030,0.58,20030;15.88545
20032,0.58,20030;15.88545
20034,0.58,20030;15.88545
20036,0.58,20030;15.88545
20038,0.58,20030;15.88545
20038,0.58,20030;15.88545
20038,0.58,20030;15.88545
20038,0.58,20030;15.88545
20038,0.58,20030;15.88545
20038,0.58,20030;15.88545
20038,0.58,20030;15.88545
20038,0.58,20030;15.88545
20038,0.58,20030;15.88545
20038,0.58,20030;15.88545
20038,0.58,20030;15.88545
20038,0.58,20030;15.88545
20038,0.58,20030;15.88545
20038,0.58,20030;15.88545
20038,0.58,20030;15.88545
20038,0.58,20030;15.88545
20038,0.58,20030;15.88545
20038,0.58,20030;15.88545
20038,0.58,20030;15.88545
20038,0.58,20030;15.88545
20038,0.58,20030;15.88545
20038,0.58,20030;15.88545
20038,0.58,20030;15.88545
20038,0.58,20030;15.88545
20038,0.58,20030;15.88545
20038,0.58,20030;15.88545
20036,0.58,20030;15.88545
20034,0.58,20030;15.88545
20032,0.58,20030;15.88545
20030,0.58,20030;15.88545
20028,0.58,20030;15.88545
20026,0.58,20030;15.88545
20024,0.58,20030;15.88545
20022,0.58,20030;15.88545
20020,0.58,20030;15.88545
20018,0.58,20030;15.88545
20016,0.58,20030;15.88545
20014,0.58,20030;15.88545
20012,0.58,20030;15.88545
20010,0.58,20030;15.88545
20008,0.58,20030;15.88545
20006,0.58,20030;15.88545
20004,0.58,20030;15.88545
20002,0.58,20030;15.88545
20002,0.58,20030;15.88545
20002,0.58,20030;15.88545
20002,0.58,20030;15.88545
20002,0.58,20030;15.88545
20002,0.58,20030;15.88545
20002,0.58,20030;15.88545
20002,0.58,20030;15.88545
20002,0.58,20030;15.88545
20002,0.58,20030;15.88545
20002,0.58,20030;15.88545
20002,0.58,20030;15.88545
20002,0.58,20030;15.88545
20002,0.58,20030;15.88545
20002,0.58,20030;15.88545
20002,0.58,20030;15.88545
20002,0.58,20030;15.88545
20002,0.58,20030;15.88545
20002,0.58,20030;15.88545
20002,0.58,20030;15.88545
20002,0.58,20030;15.88545
20002,0.58,20030;15.88545
20002,0.58,20030;15.88545
20002,0.58,20030;15.88545
20002,0.58,20030;15.88545
20002,0.58,20030;15.88545
20002,0.58,20030;15.88545
20002,0.58,20030;15.88545
20002,0.58,20030;15.88545
20002,0.58,20030;15.88545
20002,0.58,20030;15.88545
20002,0.58,20030;15.88545
20002,0.58,20030;15.88545
20002,0.58,20030;15.88545
20002,0.58,20030;15.88545
20002,0.58,20030;15.88545
20002,0.58,20030;15.88545
20002,0.58,20030;15.88545
20002,0.58,20030;15.88545
20002,0.58,20030;15.88545
20002,0.58,20030;15.88545
20002,0.58,20030;15.88545
20002,0.58,20030;15.88545
20002,0.58,20030;15.88545
20002,0.58,20030;15.88545
20002,0.58,20030;15.88545
20002,0.58,20030;15.88545
20002,0.58,20030;15.88545
20002,0.58,20030;15.88545
20002,0.58,20030;15.88545
20002,0.58,20030;15.88545
20002,0.58,20030;15.88545
20002,0.58,20030;15.88545
20002,0.58,20030;15.88545
20002,0.58,20030;15.88545
20002,0.58,20030;15.88545
20002,0.58,20030;15.88545
20002,0.58,20030;15.88545
20002,0.58,20030;15.88545
20002,0.58,20030;15.88545
20002,0.58,20030;15.88545
20002,0.58,20030;15.88545
20002,0.58,20030;15.88545
20002,0.58,20030;15.88545
20002,0.58,20030;15.88545
20002,0.58,20030;15.88545
20002,0.58,20030;15.88545
20002,0.58,20030;15.88545
20002,0.58,20030;15.88545
20002,0.58,20030;15.88545
20002,0.58,20030;15.88545
20002,0.58,20030;15.88545
20002,0.58,20030;15.88545
20002,0.58,20030;15.88545
20002,0.58,20030;15.88545
20002,0.58,20030;15.88545
20002,0.58,20030;15.88545
20002,0.58,20030;15.88545
20002,0.58,20030;15.88545
20002,0.58,20030;15.88545
20002,0.58,20030;15.88545
20002,0.58,20030;15.88545
20002,0.58,20030;15.88545
20002,0.58,20030;15.88545
20002,0.58,20030;15.88545
20002,0.58,20030;15.88545
20002,0.58,20030;15.88545
20002,0.58,20030;15.88545
20002,0.58,20030;15.88545
20002,0.58,20030;15.88545
20002,0.58,20030;15.88545
20002,0.58,20030;15.88545
20002,0.58,20030;15.88545
20002,0.58,20030;15.88545
20002,0.58,20030;15.88545
20002,0.58,20030;15.88545
20002,0.58,20030;15.88545
20002,0.58,20030;15.88545
20002,0.58,20030;15.88545
20002,0.58,20030;15.88545
20002,0.58,20030;15.88545
20002,0.58,20030;15.88545
20002,0.58,20030;15.88545
20002,0.58,20030;15.88545
20002,0.58,20030;15.88545
20002,0.58,20030;15.88545
20002,0.58,20030;15.88545
20002,0.58,20030;15.88545
20002,0.58,20030;15.88545
20002,0.58,20030;15.88545
20002,0.58,20030;15.88545
20002,0.58,20030;15.88545
20002,0.58,20030;15.88545
20002,0.58,20030;15.88545
20002,0.58,20030;15.88545
20002,0.58,20030;15.88545
20002,0.58,20030;15.88545
20002,0.58,20030;15.88545
20002,0.58,20030;15.88545
20002,0.58,20030;15.88545
20002,0.58,20030;15.88545
20002,0.58,20030;15.88545
20002,0.58,20030;15.88545
20002,0.58,20030;15.88545
20002,0.58,20030;15.88545
20002,0.58,20030;15.88545
20002,0.58,20030;15.88545
20002,0.58,20030;15.88545
20002,0.58,20030;15.88545
20002,0.58,20030;15.88545
20002,0.58,20030;15.88545
20002,0.58,20030;15.88545
20002,0.58,20030;15.88545
20002,0.58,20030;15.88545
20002,0.58,20030;15.88545
20002,0.58,20030;15.88545
20002,0.58,20030;15.88545
20002,0.58,20030;15.88545
20002,0.58,20030;15.88545
20002,0.58,20030;15.88545
20002,0.58,20030;15.88545
20002,0.58,20030;15.88545
20002,0.58,20030;15.88545
20002,0.58,20030;15.88545
20002,0.58,20030;15.88545
20002,0.58,20030;15.88545
20002,0.58,20030;15.88545
20002,0.58,20030;15.88545
20002,0.58,20030;15.88545
20002,0.58,20030;15.88545
20002,0.58,20030;15.88545
20002,0.58,20030;15.88545
20002,0.58,20030;15.88545
20002,0.58,20030;15.88545
20002,0.58,20030;15.88545
20002,0.58,20030;15.88545
20002,0.58,20030;15.88545
20002,0.58,20030;15.88545
20002,0.58,20030;15.88545
20002,0.58,20030;15.88545
20002,0.58,20030;15.88545
20002,0.58,20030;15.88545
20002,0.58,20030;15.88545
20002,0.58,20030;15.88545
20002,0.58,20030;15.88545
20002,0.58,20030;15.88545
20002,0.58,20030;15.88545
20002,0.58,20030;15.88545
20002,0.58,20030;15.88545
20002,0.58,20030;15.88545
20002,0.58,20030;15.88545
20002,0.58,20030;15.88545
20002,0.58,20030;15.88545
20002,0.58,20030;15.88545
20002,0.58,20030;15.88545
20002,0.58,20030;15.88545
20002,0.58,20030;15.88545
20002,0.58,20030;15.88545
20002,0.58,20030;15.88545
20002,0.58,20030;15.88545
20002,0.58,20030;15.88545
20002,0.58,20030;15.88545
20002,0.58,20030;15.88545
20002,0.58,20030;15.88545
20002,0.58,20030;15.88545
20002,0.58,20030;15.88545
20002,0.58,20030;15.88545
20002,0.58,20030;15.88545
20002,0.58,20030;15.88545
20002,0.58,20030;15.88545
20002,0.58,20030;15.88545
20002,0.58,20030;15.88545
20002,0.58,20030;15.88545
20002,0.58,20030;15.88545
20002,0.58,20030;15.88545
20002,0.58,20030;15.88545
20002,0.58,20030;15.88545
20002,0.58,20030;15.88545
20002,0.58,20030;15.88545
20002,0.58,20030;15.88545
20002,0.58,20030;15.88545
20002,0.58,20030;15.88545
20002,0.58,20030;15.88545
20002,0.58,20030;15.88545
20002,0.58,20030;15.88545
20002,0.58,20030;15.88545
20002,0.58,20030;15.88545
20002,0.58,20030;15.88545
20002,0.58,20030;15.88545
20002,0.58,20030;15.88545
20002,0.58,20030;15.88545
20002,0.58,20030;15.88545
20002,0.58,20030;15.88545
20002,0.58,20030;15.88545
20002,0.58,20030;15.88545
20002,0.58,20030;15.88545
20002,0.58,20030;15.88545
20002,0.58,20030;15.88545
20002,0.58,20030;15.88545
20002,0.58,20030;15.88545
20002,0.58,20030;15.88545
20002,0.58,20030;15.88545
20002,0.58,20030;15.88545
20002,0.58,20030;15.88545
20002,0.58,20030;15.88545
20002,0.58,20030;15.88545
20002,0.58,20030;15.88545
20002,0.58,20030;15.88545
20002,0.58,20030;15.88545
20002,0.58,20030;15.88545
20002,0.58,20030;15.88545
20002,0.58,20030;15.88545
20002,0.58,20030;15.88545
20002,0.58,20030;15.88545
20002,0.58,20030;15.88545
20002,0.58,20030;15.88545
20002,0.58,20030;15.88545
20002,0.58,20030;15.88545
20002,0.58,20030;15.88545
20002,0.58,20030;15.88545
20002,0.58,20030;15.88545
20002,0.58,20030;15.88545
20002,0.58,20030;15.88545
20002,0.58,20030;15.88545
20002,0.58,20030;15.88545
20002,0.58,20030;15.88545
20002,0.58,20030;15.75176
20002,0.58,20029.99;15.49393
20002,0.58,20029.99;15.17307
20002,0.58,20029.98;14.89805
20001.99,0.58,20029.98;14.76054
20001.99,0.58,20029.97;14.86367
20001.99,0.58,20029.97;15.3335
20001.99,0.58,20029.98;16.17002
20002,0.58,20029.99;17.24718
20002.01,0.58,20030.02;18.43893
20002.02,0.58,20030.06;19.63067
20002.04,0.58,20030.11;20.67345
20002.06,0.58,20030.16;21.54435
20002.09,0.58,20030.22;22.14023
20002.11,0.58,20030.29;22.44963
20002.14,0.58,20030.36;22.52983
20002.17,0.58,20030.43;22.50692
20002.2,0.58,20030.5;22.39233
20002.23,0.58,20030.57;22.25482
20002.26,0.58,20030.64;22.10585
20002.28,0.58,20030.7;21.97979
20002.31,0.58,20030.77;21.84228
20002.34,0.58,20030.83;21.70477
20002.36,0.58,20030.9;21.59018
20002.39,0.58,20030.96;21.4985
20002.41,0.58,20031.03;21.40682
20002.44,0.58,20031.09;21.32661
20002.46,0.58,20031.15;21.23493
20002.48,0.58,20031.21;21.16619
20002.5,0.58,20031.26;21.28078
20002.52,0.58,20031.3;21.46412
20002.53,0.58,20031.32;21.59018
20002.53,0.58,20031.33;21.16619
20002.53,0.58,20031.33;19.99735
20002.52,0.58,20031.31;18.02638
20002.52,0.58,20031.29;15.20743
20002.51,0.58,20031.26;11.57489
20002.51,0.58,20031.22;7.701691
20002.5,0.58,20031.19;3.977465
20002.5,0.58,20031.16;0.3907508
20002.51,0.58,20031.13;357.3426
20002.51,0.58,20031.11;354.9362
20002.51,0.58,20031.08;353.2746
20002.52,0.58,20031.05;352.1631
20002.52,0.58,20031.02;351.5672
20002.52,0.58,20030.99;351.2463
20002.53,0.58,20030.96;351.1891
20002.53,0.58,20030.93;351.2922
20002.54,0.58,20030.91;351.7162
20002.54,0.58,20030.9;352.4725
20002.54,0.58,20030.91;353.1944
20002.53,0.58,20030.95;353.882
20002.53,0.58,20031;354.4664
20002.52,0.58,20031.08;354.7185
20002.51,0.58,20031.18;354.6154
20002.5,0.58,20031.27;354.5237
20002.49,0.58,20031.37;354.432
20002.48,0.58,20031.46;354.3403
20002.47,0.58,20031.55;354.2601
20002.46,0.58,20031.64;354.1799
20002.46,0.58,20031.74;354.1111
20002.45,0.58,20031.83;354.0195
20002.44,0.58,20031.92;353.9278
20002.43,0.58,20032.01;353.859
20002.42,0.58,20032.1;353.9622
20002.41,0.58,20032.18;354.432
20002.4,0.58,20032.25;355.406
20002.4,0.58,20032.31;356.5863
20002.4,0.58,20032.35;357.8354
20002.4,0.58,20032.39;358.9469
20002.4,0.58,20032.42;359.7032
20002.4,0.58,20032.45;359.9897
20002.4,0.58,20032.47;0.08137392
20002.4,0.58,20032.47;0.08137392
20002.4,0.58,20032.5;0.1042907
20002.4,0.58,20032.53;0.1157491
20002.4,0.58,20032.53;0.1157491
20002.4,0.58,20032.55;0.1157491
20002.4,0.58,20032.58;0.1157491
20002.4,0.58,20032.58;0.1157491
20002.4,0.58,20032.6;0.1157491
20002.4,0.58,20032.63;0.1157491
20002.4,0.58,20032.64;0.1157491
20002.4,0.58,20032.64;0.1157491
20002.4,0.58,20032.64;0.1157491
20002.4,0.58,20032.66;0.1157491
20002.4,0.58,20032.68;0.1157491
20002.4,0.58,20032.68;0.1157491
20002.4,0.58,20032.68;0.1157491
20002.4,0.58,20032.7;0.1157491
20002.4,0.58,20032.71;0.1157491
20002.4,0.58,20032.71;0.1157491
20002.4,0.58,20032.71;0.1157491
20002.4,0.58,20032.72;0.1157491
20002.4,0.58,20032.72;0.1157491
20002.4,0.58,20032.72;0.1157491
20002.4,0.58,20032.72;0.1157491
20002.4,0.58,20032.72;0.1157491
20002.4,0.58,20032.72;0.1157491
20002.4,0.58,20032.72;0.1157491
20002.4,0.58,20032.72;0.1157491
20002.4,0.58,20032.72;0.1157491
20002.4,0.58,20032.72;0.1157491
20002.4,0.58,20032.72;0.1157491
20002.4,0.58,20032.72;0.1157491
20002.4,0.58,20032.72;0.1157491
20002.4,0.58,20032.72;0.1157491
20002.4,0.58,20032.72;0.1157491
20002.4,0.58,20032.72;0.1157491
20002.4,0.58,20032.72;0.1157491
20002.4,0.58,20032.72;0.1157491
20002.4,0.58,20032.72;0.1157491
20002.4,0.58,20032.72;0.1157491
20002.4,0.58,20032.72;0.1157491
20002.4,0.58,20032.72;0.1157491
20002.4,0.58,20032.72;0.1157491
20002.4,0.58,20032.72;0.1157491
20002.4,0.58,20032.72;0.1157491
20002.4,0.58,20032.72;0.1157491
20002.4,0.58,20032.72;0.1157491
20002.4,0.58,20032.72;0.1157491
20002.4,0.58,20032.73;0.1157491
20002.4,0.58,20032.73;0.1157491
20002.4,0.58,20032.73;0.1272075
20002.4,0.58,20032.73;0.1272075
20002.4,0.58,20032.72;0.1386659
20002.4,0.58,20032.71;0.1501243
20002.4,0.58,20032.69;0.1730411
20002.4,0.58,20032.67;0.2074163
20002.4,0.58,20032.65;0.2303331
20002.4,0.58,20032.65;0.2303331
20002.4,0.58,20032.63;0.2532499
20002.4,0.58,20032.61;0.2761667
20002.4,0.58,20032.58;0.2876251
20002.4,0.58,20032.56;0.2876251
20002.4,0.58,20032.53;0.2876251
20002.4,0.58,20032.51;0.2876251
20002.4,0.58,20032.48;0.2990835
20002.4,0.58,20032.45;0.3220003
20002.4,0.58,20032.42;0.344917
20002.4,0.58,20032.39;0.3678339
20002.4,0.58,20032.36;0.402209
20002.4,0.58,20032.33;0.4251258
20002.39,0.58,20032.3;0.4365842
20002.39,0.58,20032.26;0.4480425
20002.39,0.58,20032.23;0.4709594
20002.39,0.58,20032.23;0.4709594
20002.39,0.58,20032.2;0.4824178
20002.39,0.58,20032.16;0.4938762
20002.39,0.58,20032.12;0.5053346
20002.39,0.58,20032.08;0.5282513
20002.39,0.58,20032.04;0.5511681
20002.39,0.58,20032.04;0.5511681
20002.39,0.58,20032;0.5855433
20002.39,0.58,20031.96;0.6313768
20002.39,0.58,20031.92;0.6772105
20002.39,0.58,20031.88;0.7345024
20002.39,0.58,20031.84;0.7917944
20002.39,0.58,20031.8;0.8376279
20002.39,0.58,20031.75;0.8720031
20002.39,0.58,20031.71;0.9178368
20002.39,0.58,20031.66;0.9636703
20002.39,0.58,20031.62;0.9980454
20002.39,0.58,20031.58;1.032421
20002.38,0.58,20031.53;1.078254
20002.38,0.58,20031.53;1.078254
20002.38,0.58,20031.49;1.112629
20002.38,0.58,20031.44;1.147004
20002.38,0.58,20031.44;1.147004
20002.38,0.58,20031.44;1.147004
20002.38,0.58,20031.4;1.18138
20002.38,0.58,20031.35;1.238671
20002.38,0.58,20031.3;1.295964
20002.38,0.58,20031.25;1.353256
20002.38,0.58,20031.2;1.387631
20002.38,0.58,20031.14;1.433464
20002.38,0.58,20031.09;1.46784
20002.38,0.58,20031.04;1.502215
20002.37,0.58,20030.99;1.53659
20002.37,0.58,20030.94;1.593882
20002.37,0.58,20030.89;1.639715
20002.37,0.58,20030.84;1.685549
20002.37,0.58,20030.79;1.731382
20002.37,0.58,20030.76;1.777216
20002.37,0.58,20030.72;1.811591
20002.36,0.58,20030.68;1.857425
20002.36,0.58,20030.64;1.8918
20002.36,0.58,20030.59;1.926175
20002.36,0.58,20030.54;1.983467
20002.36,0.58,20030.48;2.029301
20002.36,0.58,20030.42;2.075134
20002.35,0.58,20030.37;2.132426
20002.35,0.58,20030.31;2.212635
20002.35,0.58,20030.25;2.269927
20002.35,0.58,20030.19;2.338677
20002.34,0.58,20030.13;2.407428
20002.34,0.58,20030.07;2.487637
20002.34,0.58,20030.01;2.544929
20002.34,0.58,20029.96;2.613679
20002.33,0.58,20029.89;2.682429
20002.33,0.58,20029.83;2.762638
20002.33,0.58,20029.77;2.842847
20002.32,0.58,20029.71;2.911598
20002.32,0.58,20029.65;2.980348
20002.32,0.58,20029.59;3.049098
20002.32,0.58,20029.59;3.049098
20002.31,0.58,20029.52;3.10639
20002.31,0.58,20029.46;3.152224
20002.31,0.58,20029.39;3.209516
20002.3,0.58,20029.33;3.266808
20002.3,0.58,20029.26;3.3241
20002.29,0.58,20029.19;3.381392
20002.29,0.58,20029.13;3.438684
20002.29,0.58,20029.06;3.495975
20002.28,0.58,20028.99;3.564726
20002.28,0.58,20028.92;3.633477
20002.27,0.58,20028.86;3.702227
20002.27,0.58,20028.79;3.782436
20002.27,0.58,20028.72;3.862644
20002.26,0.58,20028.66;3.931395
20002.26,0.58,20028.59;3.988688
20002.25,0.58,20028.53;4.057437
20002.25,0.58,20028.46;4.103271
20002.24,0.58,20028.39;4.137647
20002.24,0.58,20028.33;4.194938
20002.23,0.58,20028.27;4.26369
20002.23,0.58,20028.2;4.309523
20002.22,0.58,20028.14;4.366815
20002.22,0.58,20028.08;4.447023
20002.21,0.58,20028.02;4.492857
20002.21,0.58,20028.02;4.492857
20002.21,0.58,20028.02;4.492857
20002.21,0.58,20028.02;4.492857
20002.21,0.58,20028.02;4.492857
20002.21,0.58,20028.02;4.492857
20002.21,0.58,20028.02;4.492857
20002.21,0.58,20028.02;4.492857
20002.21,0.58,20028.02;4.492857
20002.21,0.58,20028.02;4.492857
20002.21,0.58,20028.02;4.492857
20002.21,0.58,20028.02;4.492857
20002.21,0.58,20028.02;4.492857
20002.21,0.58,20028.02;4.492857
20002.21,0.58,20028.02;4.492857
20002.21,0.58,20028.02;4.492857
20002.21,0.58,20028.02;4.492857
20002.21,0.58,20028.02;4.492857
20002.21,0.58,20028.02;4.492857
20002.21,0.58,20028.02;4.492857
20002.21,0.58,20028.02;4.492857
20002.21,0.58,20028.02;4.492857
20002.21,0.58,20028.02;4.492857
20002.21,0.58,20028.02;4.492857
20002.21,0.58,20028.02;4.492857
20002.21,0.58,20028.02;4.492857
20002.21,0.58,20028.02;4.492857
20002.21,0.58,20028.02;4.492857
20002.21,0.58,20028.02;4.492857
20002.21,0.58,20028.02;4.492857
20002.21,0.58,20028.02;4.492857
20002.21,0.58,20028.02;4.492857
20002.21,0.58,20028.02;4.492857
20002.21,0.58,20028.02;4.492857
20002.21,0.58,20028.02;4.492857
20002.21,0.58,20028.02;4.492857
20002.21,0.58,20028.02;4.492857
20002.21,0.58,20028.02;4.492857
20002.21,0.58,20028.02;4.492857
20002.21,0.58,20028.02;4.492857
20002.21,0.58,20028.02;4.492857
20002.21,0.58,20028.02;4.492857
20002.21,0.58,20028.02;4.492857
20002.21,0.58,20028.02;4.492857
20002.21,0.58,20028.02;4.492857
20002.21,0.58,20028.02;4.492857
20002.21,0.58,20028.02;4.492857
20002.21,0.58,20028.02;4.492857
20002.21,0.58,20028.02;4.492857
20002.21,0.58,20028.02;4.492857
20002.21,0.58,20028.02;4.492857
20002.21,0.58,20028.02;4.492857
20002.21,0.58,20028.02;4.492857
20002.21,0.58,20028.02;4.492857
20002.21,0.58,20028.02;4.492857
20002.21,0.58,20028.02;4.492857
20002.21,0.58,20028.02;4.492857
20002.21,0.58,20028.02;4.492857
20002.21,0.58,20028.02;4.492857
20002.21,0.58,20028.02;4.492857
20002.21,0.58,20028.02;4.492857
20002.21,0.58,20028.02;4.492857
20002.21,0.58,20028.02;4.492857
20002.21,0.58,20028.02;4.492857
20002.21,0.58,20028.02;4.492857
20002.21,0.58,20028.02;4.492857
20002.21,0.58,20028.02;4.492857
20002.21,0.58,20028.02;4.492857
20002.21,0.58,20028.02;4.492857
20002.21,0.58,20028.02;4.492857
20002.21,0.58,20028.02;4.492857
20002.21,0.58,20028.02;4.492857
20002.21,0.58,20028.02;4.492857
20002.21,0.58,20028.02;4.492857
20002.21,0.58,20028.02;4.492857
20002.21,0.58,20028.02;4.492857
20002.21,0.58,20028.02;4.492857
20002.21,0.58,20028.02;4.492857
20002.21,0.58,20028.02;4.492857
20002.21,0.58,20028.02;4.492857
20002.21,0.58,20028.02;4.492857
20002.21,0.58,20028.02;4.492857
20002.21,0.58,20028.02;4.492857
20002.21,0.58,20028.02;4.492857
20002.21,0.58,20028.02;4.492857
20002.21,0.58,20028.02;4.492857
20002.21,0.58,20028.02;4.492857
20002.21,0.58,20028.02;4.492857
20002.21,0.58,20028.02;4.492857
20002.21,0.58,20028.02;4.492857
20002.21,0.58,20028.02;4.492857
20002.21,0.58,20028.02;4.492857
20002.21,0.58,20028.02;4.492857
20002.21,0.58,20028.02;4.492857
20002.21,0.58,20028.02;4.492857
20002.21,0.58,20028.02;4.492857
20002.21,0.58,20028.02;4.492857
20002.21,0.58,20028.02;4.492857
20002.21,0.58,20028.02;4.492857
20002.21,0.58,20028.02;4.492857
20002.21,0.58,20028.02;4.492857
20002.21,0.58,20028.02;4.492857
20002.21,0.58,20028.02;4.492857
20002.21,0.58,20028.02;4.492857
20002.21,0.58,20028.02;4.492857
20002.21,0.58,20028.02;4.492857
20002.21,0.58,20028.02;4.492857
20002.21,0.58,20028.02;4.492857
20002.21,0.58,20028.02;4.492857
20002.21,0.58,20028.02;4.492857
20002.21,0.58,20028.02;4.492857
20002.21,0.58,20028.02;4.492857
20002.21,0.58,20028.02;4.492857
20002.21,0.58,20028.02;4.492857
20002.21,0.58,20028.02;4.492857
20002.21,0.58,20028.02;4.492857
20002.21,0.58,20028.02;4.492857
20002.21,0.58,20028.02;4.492857
20002.21,0.58,20028.02;4.492857
20002.21,0.58,20028.02;4.492857
20002.21,0.58,20028.02;4.492857
20002.21,0.58,20028.02;4.492857
20002.21,0.58,20028.02;4.492857
20002.21,0.58,20028.02;4.492857
20002.21,0.58,20028.02;4.492857
20002.21,0.58,20028.02;4.492857
20002.21,0.58,20028.02;4.492857
20002.21,0.58,20028.02;4.492857
20002.21,0.58,20028.02;4.492857
20002.21,0.58,20028.02;4.492857
20002.21,0.58,20028.02;4.492857
20002.21,0.58,20028.02;4.492857
20002.21,0.58,20028.02;4.492857
20002.21,0.58,20028.02;4.492857
20002.21,0.58,20028.02;4.492857
20002.21,0.58,20028.02;4.492857
20002.21,0.58,20028.02;4.492857
20002.21,0.58,20028.02;4.492857
20002.21,0.58,20028.02;4.492857
20002.21,0.58,20028.02;4.492857
20002.21,0.58,20028.02;4.492857
20002.21,0.58,20028.02;4.492857
20002.21,0.58,20028.02;4.492857
20002.21,0.58,20028.02;4.492857
20002.21,0.58,20028.02;4.492857
20002.21,0.58,20028.02;4.492857
20002.21,0.58,20028.02;4.492857
20002.21,0.58,20028.02;4.492857
20002.21,0.58,20028.02;4.492857
20002.21,0.58,20028.02;4.492857
20002.21,0.58,20028.02;4.492857
20002.21,0.58,20028.02;4.492857
20002.21,0.58,20028.02;4.492857
20002.21,0.58,20028.02;4.492857
20002.21,0.58,20028.02;4.492857
20002.21,0.58,20028.02;4.492857
20002.21,0.58,20028.02;4.492857
20002.21,0.58,20028.02;4.492857
20002.21,0.58,20028.02;4.492857
20002.21,0.58,20028.02;4.492857
20002.21,0.58,20028.02;4.492857
20002.21,0.58,20028.02;4.492857
20002.21,0.58,20028.02;4.492857
20002.21,0.58,20028.02;4.492857
20002.21,0.58,20028.02;4.492857
20002.21,0.58,20028.02;4.492857
20002.21,0.58,20028.02;4.492857
20002.21,0.58,20028.02;4.492857
20002.21,0.58,20028.02;4.492857
20002.21,0.58,20028.02;4.492857
20002.21,0.58,20028.02;4.492857
20002.21,0.58,20028.02;4.492857
20002.21,0.58,20028.02;4.492857
20002.21,0.58,20028.02;4.492857
20002.21,0.58,20028.02;4.492857
20002.21,0.58,20028.02;4.492857
20002.21,0.58,20028.02;4.492857
20002.21,0.58,20028.02;4.492857
20002.21,0.58,20028.02;4.492857
20002.21,0.58,20028.02;4.492857
20002.21,0.58,20028.02;4.492857
20002.21,0.58,20028.02;4.492857
20002.21,0.58,20028.02;4.492857
20002.21,0.58,20028.02;4.492857
20002.21,0.58,20028.02;4.492857
20002.21,0.58,20028.02;4.492857
20002.21,0.58,20028.02;4.492857
20002.21,0.58,20028.02;4.492857
20002.21,0.58,20028.02;4.492857
20002.21,0.58,20028.02;4.492857
20002.21,0.58,20028.02;4.492857
20002.21,0.58,20028.02;4.492857
20002.21,0.58,20028.02;4.492857
20002.21,0.58,20028.02;4.492857
20002.21,0.58,20028.02;4.492857
20002.21,0.58,20028.02;4.492857
20002.21,0.58,20028.02;4.492857
20002.21,0.58,20028.02;4.492857
20002.21,0.58,20028.02;4.492857
20002.21,0.58,20028.02;4.492857
20002.21,0.58,20028.02;4.492857
20002.21,0.58,20028.02;4.492857
20002.21,0.58,20028.02;4.492857
20002.21,0.58,20028.02;4.492857
20002.21,0.58,20028.02;4.492857
20002.21,0.58,20028.02;4.492857
20002.21,0.58,20028.02;4.492857
20002.21,0.58,20028.02;4.492857
20002.21,0.58,20028.02;4.492857
20002.21,0.58,20028.02;4.492857
20002.21,0.58,20028.02;4.492857
20002.21,0.58,20028.02;4.492857
20002.21,0.58,20028.02;4.492857
20002.21,0.58,20028.02;4.492857
20002.21,0.58,20028.02;4.492857
20002.21,0.58,20028.02;4.492857
20002.21,0.58,20028.02;4.492857
20002.21,0.58,20028.02;4.492857
20002.21,0.58,20028.02;4.492857
20002.21,0.58,20028.02;4.492857
20002.21,0.58,20028.02;4.492857
20002.21,0.58,20028.02;4.492857
20002.21,0.58,20028.02;4.492857
20002.21,0.58,20028.02;4.492857
20002.21,0.58,20028.02;4.492857
20002.21,0.58,20028.02;4.492857
20002.21,0.58,20028.02;4.492857
20002.21,0.58,20028.02;4.492857
20002.21,0.58,20028.02;4.492857
20002.21,0.58,20028.02;4.492857
20002.21,0.58,20028.02;4.492857
20002.21,0.58,20028.02;4.492857
20002.21,0.58,20028.02;4.492857
20002.21,0.58,20028.02;4.492857
20002.21,0.58,20028.02;4.492857
20002.21,0.58,20028.02;4.492857
20002.21,0.58,20028.02;4.492857
20002.21,0.58,20028.02;4.492857
20002.21,0.58,20028.02;4.492857
20002.21,0.58,20028.02;4.492857
20002.21,0.58,20028.02;4.492857
20002.21,0.58,20028.02;4.492857
20002.21,0.58,20028.02;4.492857
20002.21,0.58,20028.02;4.492857
20002.21,0.58,20028.02;4.492857
20002.21,0.58,20028.02;4.492857
20002.21,0.58,20028.02;4.492857
20002.21,0.58,20028.02;4.492857
20002.21,0.58,20028.02;4.492857
20002.21,0.58,20028.02;4.492857
20002.21,0.58,20028.02;4.492857
20002.21,0.58,20028.02;4.492857
20002.21,0.58,20028.02;4.492857
20002.21,0.58,20028.02;4.492857
20002.21,0.58,20028.02;4.492857
20002.21,0.58,20028.02;4.492857
20002.21,0.58,20028.02;4.492857
20002.21,0.58,20028.02;4.492857
20002.21,0.58,20028.02;4.492857
20002.21,0.58,20028.02;4.492857
20002.21,0.58,20028.02;4.492857
20002.21,0.58,20028.02;4.492857
20002.21,0.58,20028.02;4.492857
20002.21,0.58,20028.02;4.492857
20002.21,0.58,20028.02;4.492857
20002.21,0.58,20028.02;4.492857
20002.21,0.58,20028.02;4.492857
20002.21,0.58,20028.02;4.492857
20002.21,0.58,20028.02;4.492857
20002.21,0.58,20028.02;4.492857
20002.21,0.58,20028.02;4.492857
20002.21,0.58,20028.02;4.492857
20002.21,0.58,20028.02;4.492857
20002.21,0.58,20028.02;4.492857
20002.21,0.58,20028.02;4.492857
20002.21,0.58,20028.02;4.492857
20002.21,0.58,20028.02;4.492857
20002.21,0.58,20028.02;4.492857
20002.21,0.58,20028.02;4.492857
20002.21,0.58,20028.02;4.492857
20002.21,0.58,20028.02;4.492857
20002.21,0.58,20028.02;4.492857
20002.21,0.58,20028.02;4.492857
20002.21,0.58,20028.02;4.492857
20002.21,0.58,20028.02;4.492857
20002.21,0.58,20028.02;4.492857
20002.21,0.58,20028.02;4.492857
20002.21,0.58,20028.02;4.492857
20002.21,0.58,20028.02;4.492857
20002.21,0.58,20028.02;4.492857
20002.21,0.58,20028.02;4.492857
20002.21,0.58,20028.02;4.492857
20002.21,0.58,20028.02;4.492857
20002.21,0.58,20028.02;4.492857
20002.21,0.58,20028.02;4.492857
20002.21,0.58,20028.02;4.492857
20002.21,0.58,20028.02;4.492857
20002.21,0.58,20028.02;4.492857
20002.21,0.58,20028.02;4.492857
20002.21,0.58,20028.02;4.492857
20002.21,0.58,20028.02;4.492857
20002.21,0.58,20028.02;4.492857
20002.21,0.58,20028.02;4.492857
20002.21,0.58,20028.02;4.492857
20002.21,0.58,20028.02;4.492857
20002.21,0.58,20028.02;4.492857
20002.21,0.58,20028.02;4.492857
20002.21,0.58,20028.02;4.492857
20002.21,0.58,20028.02;4.492857
20002.21,0.58,20028.02;4.492857
20002.21,0.58,20028.02;4.492857
20002.21,0.58,20028.02;4.492857
20002.21,0.58,20028.02;4.492857
20002.21,0.58,20028.02;4.492857
20002.21,0.58,20028.02;4.492857
20002.21,0.58,20028.02;4.492857
20002.21,0.58,20028.02;4.492857
20002.21,0.58,20028.02;4.492857
20002.21,0.58,20028.02;4.492857
20002.21,0.58,20028.02;4.492857
20002.21,0.58,20028.02;4.492857
20002.21,0.58,20028.02;4.492857
20002.21,0.58,20028.02;4.492857
20002.21,0.58,20028.02;4.492857
20002.21,0.58,20028.02;4.492857
20002.21,0.58,20028.02;4.492857
20002.21,0.58,20028.02;4.492857
20002.21,0.58,20028.02;4.492857
20002.21,0.58,20028.02;4.492857
20002.21,0.58,20028.02;4.492857
20002.21,0.58,20028.02;4.492857
20002.21,0.58,20028.02;4.492857
20002.21,0.58,20028.02;4.492857
20002.21,0.58,20028.02;4.492857
20002.21,0.58,20028.02;4.492857
20002.21,0.58,20028.02;4.492857
20002.21,0.58,20028.02;4.492857
20002.21,0.58,20028.02;4.492857
20002.21,0.58,20028.02;4.492857
20002.21,0.58,20028.02;4.492857
20002.21,0.58,20028.02;4.492857
20002.21,0.58,20028.02;4.492857
20002.21,0.58,20028.02;4.492857
20002.21,0.58,20028.02;4.492857
20002.21,0.58,20028.02;4.492857
20002.21,0.58,20028.02;4.492857
20002.21,0.58,20028.02;4.492857
20002.21,0.58,20028.02;4.492857
20002.21,0.58,20028.02;4.492857
20002.21,0.58,20028.02;4.492857
20002.21,0.58,20028.02;4.492857
20002.21,0.58,20028.02;4.492857
20002.21,0.58,20028.02;4.492857
20002.21,0.58,20028.02;4.492857
20002.21,0.58,20028.02;4.492857
20002.21,0.58,20028.02;4.492857
20002.21,0.58,20028.02;4.492857
20002.21,0.58,20028.02;4.492857
20002.21,0.58,20028.02;4.492857
20002.21,0.58,20028.02;4.492857
20002.21,0.58,20028.02;4.492857
20002.21,0.58,20028.02;4.492857
20002.21,0.58,20028.02;4.492857
20002.21,0.58,20028.02;4.492857
20002.21,0.58,20028.02;4.492857
20002.21,0.58,20028.02;4.492857
20002.21,0.58,20028.02;4.492857
20002.21,0.58,20028.02;4.492857
20002.21,0.58,20028.02;4.492857
20002.21,0.58,20028.02;4.492857
20002.21,0.58,20028.02;4.492857
20002.21,0.58,20028.02;4.492857
20002.21,0.58,20028.02;4.492857
20002.21,0.58,20028.02;4.492857
20002.21,0.58,20028.02;4.492857
20002.21,0.58,20028.02;4.492857
20002.21,0.58,20028.02;4.492857
20002.21,0.58,20028.02;4.492857
20002.21,0.58,20028.02;4.492857
20002.21,0.58,20028.02;4.492857
20002.21,0.58,20028.02;4.492857
20002.21,0.58,20028.02;4.492857
20002.21,0.58,20028.02;4.492857
20002.21,0.58,20028.02;4.492857
20002.21,0.58,20028.02;4.492857
20002.21,0.58,20028.02;4.492857
20002.21,0.58,20028.02;4.492857
20002.21,0.58,20028.02;4.492857
20002.21,0.58,20028.02;4.492857
20002.21,0.58,20028.02;4.492857
20002.21,0.58,20028.02;4.492857
20002.21,0.58,20028.02;4.492857
20002.21,0.58,20028.02;4.492857
20002.21,0.58,20028.02;4.492857
20002.21,0.58,20028.02;4.492857
20002.21,0.58,20028.02;4.492857
20002.21,0.58,20028.02;4.492857
20002.21,0.58,20028.02;4.492857
20002.21,0.58,20028.02;4.492857
20002.21,0.58,20028.02;4.492857
20002.21,0.58,20028.02;4.492857
20002.21,0.58,20028.02;4.