20000,0.5,20000;0
20000,0.58,20000.25;0
20000,0.58,20000.51;359.9599
20000,0.58,20000.51;359.9599
20000,0.58,20000.76;359.9198
20000,0.58,20001.02;359.7937
20000,0.58,20001.02;359.7937
20000,0.58,20001.02;359.7937
20000,0.58,20001.27;359.6734
20000,0.58,20001.27;359.6734
20000,0.58,20001.27;359.6734
20000,0.58,20001.52;359.5588
19999.99,0.58,20001.78;359.4442
19999.99,0.58,20002.03;359.3067
19999.99,0.58,20002.03;359.3067
19999.99,0.58,20002.29;359.1807
19999.99,0.58,20002.29;359.1807
19999.99,0.58,20002.29;359.1807
19999.98,0.58,20002.54;359.1062
19999.98,0.58,20002.54;359.1062
19999.98,0.58,20002.54;359.1062
19999.98,0.58,20002.79;358.9572
19999.97,0.58,20003.05;358.8082
19999.97,0.58,20003.3;358.665
19999.97,0.58,20003.3;358.665
19999.96,0.58,20003.55;358.5218
19999.95,0.58,20003.81;358.4072
19999.95,0.58,20003.81;358.4072
19999.95,0.58,20004.06;358.2926
19999.94,0.58,20004.32;358.1608
19999.94,0.58,20004.32;358.1608
19999.94,0.58,20004.32;358.1608
19999.93,0.58,20004.57;357.9946
19999.92,0.58,20004.82;357.8285
19999.91,0.58,20005.08;357.6909
19999.91,0.58,20005.08;357.6909
19999.9,0.58,20005.33;357.5534
19999.88,0.58,20005.59;357.393
19999.88,0.58,20005.59;357.393
19999.87,0.58,20005.84;357.2326
19999.86,0.58,20006.09;357.0722
19999.86,0.58,20006.09;357.0722
19999.85,0.58,20006.24;356.969
19999.85,0.58,20006.24;356.969
19999.84,0.58,20006.5;356.8544
19999.84,0.58,20006.5;356.8544
19999.84,0.58,20006.5;356.8544
19999.82,0.58,20006.75;356.8372
19999.82,0.58,20006.75;356.8372
19999.82,0.58,20006.75;356.8372
19999.81,0.58,20007;356.8201
19999.8,0.58,20007.26;356.7857
19999.78,0.58,20007.51;356.7857
19999.78,0.58,20007.51;356.7857
19999.77,0.58,20007.77;356.7857
19999.75,0.58,20008.02;356.7284
19999.75,0.58,20008.02;356.7284
19999.75,0.58,20008.02;356.7284
19999.74,0.58,20008.27;356.6654
19999.74,0.58,20008.27;356.6654
19999.74,0.58,20008.27;356.6654
19999.72,0.58,20008.53;356.6024
19999.72,0.58,20008.53;356.6024
19999.71,0.58,20008.72;356.5393
19999.71,0.58,20008.72;356.5393
19999.7,0.58,20008.97;356.4763
19999.7,0.58,20008.97;356.4763
19999.7,0.58,20008.97;356.4763
19999.68,0.58,20009.23;356.4133
19999.68,0.58,20009.23;356.4133
19999.68,0.58,20009.23;356.4133
19999.66,0.58,20009.48;356.3503
19999.66,0.58,20009.48;356.3503
19999.65,0.58,20009.74;356.2872
19999.65,0.58,20009.74;356.2872
19999.65,0.58,20009.74;356.2872
19999.63,0.58,20009.99;356.2242
19999.63,0.58,20009.99;356.2242
19999.63,0.58,20009.99;356.2242
19999.61,0.58,20010.24;356.1612
19999.61,0.58,20010.24;356.1612
19999.6,0.58,20010.5;356.0982
19999.6,0.58,20010.5;356.0982
19999.58,0.58,20010.75;356.0352
19999.58,0.58,20010.75;356.0352
19999.58,0.58,20010.75;356.0352
19999.56,0.58,20011;355.9721
19999.56,0.58,20011;355.9721
19999.56,0.58,20011;355.9721
19999.54,0.58,20011.26;355.9091
19999.53,0.58,20011.51;355.9091
19999.53,0.58,20011.51;355.9091
19999.51,0.58,20011.76;355.9091
19999.49,0.58,20012.02;355.9091
19999.47,0.58,20012.27;355.8404
19999.47,0.58,20012.27;355.8404
19999.45,0.58,20012.52;355.7716
19999.43,0.58,20012.78;355.6341
19999.43,0.58,20012.78;355.6341
19999.41,0.58,20013.03;355.4966
19999.39,0.58,20013.28;355.3419
19999.39,0.58,20013.28;355.3419
19999.37,0.58,20013.54;355.1872
19999.35,0.58,20013.79;355.0268
19999.33,0.58,20014.04;354.8663
19999.3,0.58,20014.29;354.7346
19999.3,0.58,20014.29;354.7346
19999.28,0.58,20014.55;354.6028
19999.25,0.58,20014.8;354.4481
19999.25,0.58,20014.8;354.4481
19999.23,0.58,20015.05;354.2934
19999.2,0.58,20015.3;354.1444
19999.2,0.58,20015.3;354.1444
19999.18,0.58,20015.56;353.9954
19999.15,0.58,20015.81;353.8694
19999.12,0.58,20016.06;353.7204
19999.09,0.58,20016.31;353.5714
19999.06,0.58,20016.57;353.4167
19999.06,0.58,20016.57;353.4167
19999.03,0.58,20016.82;353.2621
19999,0.58,20017.07;353.136
19998.97,0.58,20017.32;353.0099
19998.94,0.58,20017.58;352.8552
19998.91,0.58,20017.83;352.7005
19998.88,0.58,20018.08;352.5802
19998.88,0.58,20018.08;352.5802
19998.84,0.58,20018.33;352.4599
19998.81,0.58,20018.58;352.3568
19998.81,0.58,20018.58;352.3568
19998.78,0.58,20018.84;352.2536
19998.74,0.58,20019.09;352.1447
19998.74,0.58,20019.09;352.1447
19998.71,0.58,20019.34;352.0473
19998.67,0.58,20019.59;351.95
19998.63,0.58,20019.84;351.9156
19998.63,0.58,20019.84;351.9156
19998.6,0.58,20020.09;351.8812
19998.6,0.58,20020.09;351.8812
19998.6,0.58,20020.09;351.8812
19998.57,0.58,20020.28;351.8468
19998.54,0.58,20020.47;351.8468
19998.54,0.58,20020.47;351.8468
19998.51,0.58,20020.72;351.8124
19998.47,0.58,20020.97;351.7781
19998.44,0.58,20021.22;351.7609
19998.44,0.58,20021.22;351.7609
19998.4,0.58,20021.47;351.7437
19998.36,0.58,20021.73;351.7265
19998.36,0.58,20021.73;351.7265
19998.36,0.58,20021.73;351.7265
19998.32,0.58,20021.98;351.7208
19998.32,0.58,20021.98;351.7208
19998.29,0.58,20022.23;351.7151
19998.29,0.58,20022.23;351.7151
19998.25,0.58,20022.48;351.7151
19998.25,0.58,20022.48;351.7151
19998.25,0.58,20022.48;351.7151
19998.24,0.58,20022.58;351.7151
19998.24,0.58,20022.58;351.7151
19998.24,0.58,20022.58;351.7151
19998.2,0.58,20022.83;351.7151
19998.2,0.58,20022.83;351.7151
19998.16,0.58,20023.09;351.7151
19998.16,0.58,20023.09;351.7151
19998.13,0.58,20023.34;351.7151
19998.09,0.58,20023.59;351.7093
19998.09,0.58,20023.59;351.7093
19998.05,0.58,20023.84;351.7036
19998.05,0.58,20023.84;351.7036
19998.05,0.58,20023.84;351.7036
19998.02,0.58,20024.09;351.6978
19998.02,0.58,20024.09;351.6978
19997.98,0.58,20024.34;351.6921
19997.98,0.58,20024.34;351.6921
19997.98,0.58,20024.34;351.6921
19997.95,0.58,20024.59;351.6864
19997.95,0.58,20024.59;351.6864
19997.95,0.58,20024.59;351.6864
19997.91,0.58,20024.84;351.6807
19997.87,0.58,20025.09;351.6807
19997.87,0.58,20025.09;351.6807
19997.83,0.58,20025.34;351.6807
19997.8,0.58,20025.59;351.6348
19997.76,0.58,20025.84;351.5604
19997.76,0.58,20025.84;351.5604
19997.72,0.58,20026.09;351.4859
19997.69,0.58,20026.34;351.3942
19997.69,0.58,20026.34;351.3942
19997.65,0.58,20026.6;351.3025
19997.61,0.58,20026.85;351.2051
19997.61,0.58,20026.85;351.2051
19997.57,0.58,20027.1;351.1077
19997.53,0.58,20027.35;351.0275
19997.49,0.58,20027.6;350.9473
19997.45,0.58,20027.85;350.8556
19997.45,0.58,20027.85;350.8556
19997.41,0.58,20028.1;350.7639
19997.37,0.58,20028.35;350.6722
19997.37,0.58,20028.35;350.6722
19997.32,0.58,20028.6;350.5806
19997.28,0.58,20028.85;350.4717
19997.28,0.58,20028.85;350.4717
19997.24,0.58,20029.1;350.3629
19997.2,0.58,20029.35;350.254
19997.15,0.58,20029.6;350.1566
19997.15,0.58,20029.6;350.1566
19997.11,0.58,20029.85;350.0592
19997.07,0.58,20030.1;349.9503
19997.07,0.58,20030.1;349.9503
19997.02,0.58,20030.35;349.8414
19996.97,0.58,20030.6;349.7383
19996.97,0.58,20030.6;349.7383
19996.93,0.58,20030.85;349.6352
19996.88,0.58,20031.1;349.5263
19996.84,0.58,20031.35;349.4174
19996.79,0.58,20031.6;349.3028
19996.79,0.58,20031.6;349.3028
19996.74,0.58,20031.85;349.1882
19996.69,0.58,20032.1;349.0736
19996.69,0.58,20032.1;349.0736
19996.64,0.58,20032.35;348.959
19996.6,0.58,20032.6;348.8502
19996.6,0.58,20032.6;348.8502
19996.55,0.58,20032.85;348.7413
19996.5,0.58,20033.1;348.6153
19996.45,0.58,20033.35;348.5007
19996.45,0.58,20033.35;348.5007
19996.45,0.58,20033.35;348.5007
19996.39,0.58,20033.6;348.3975
19996.39,0.58,20033.6;348.3975
19996.39,0.58,20033.6;348.3975
19996.34,0.58,20033.84;348.3288
19996.34,0.58,20033.84;348.3288
19996.34,0.58,20033.84;348.3288
19996.29,0.58,20034.09;348.2428
19996.24,0.58,20034.34;348.1569
19996.19,0.58,20034.59;348.134
19996.19,0.58,20034.59;348.134
19996.13,0.58,20034.84;348.1111
19996.08,0.58,20035.09;348.1111
19996.08,0.58,20035.09;348.1111
19996.03,0.58,20035.34;348.1111
19995.98,0.58,20035.58;348.1053
19995.98,0.58,20035.58;348.1053
19995.93,0.58,20035.83;348.0996
19995.93,0.58,20035.83;348.0996
19995.89,0.58,20036.02;348.0939
19995.89,0.58,20036.02;348.0939
19995.89,0.58,20036.02;348.0939
19995.84,0.58,20036.24;348.0881
19995.84,0.58,20036.24;348.0881
19995.84,0.58,20036.24;348.0881
19995.79,0.58,20036.48;348.0824
19995.79,0.58,20036.48;348.0824
19995.79,0.58,20036.48;348.0824
19995.74,0.58,20036.73;348.0767
19995.68,0.58,20036.98;348.071
19995.68,0.58,20036.98;348.071
19995.68,0.58,20036.98;348.071
19995.63,0.58,20037.23;348.0652
19995.63,0.58,20037.23;348.0652
19995.63,0.58,20037.23;348.0652
19995.58,0.58,20037.48;348.0595
19995.58,0.58,20037.48;348.0595
19995.58,0.58,20037.48;348.0595
19995.53,0.58,20037.73;348.0538
19995.53,0.58,20037.73;348.0538
19995.47,0.58,20037.96;348.048
19995.47,0.58,20037.96;348.048
19995.42,0.58,20038.21;348.0423
19995.42,0.58,20038.21;348.0423
19995.42,0.58,20038.21;348.0423
19995.37,0.58,20038.46;348.0366
19995.37,0.58,20038.46;348.0366
19995.37,0.58,20038.46;348.0366
19995.32,0.58,20038.71;348.0309
19995.32,0.58,20038.71;348.0309
19995.27,0.58,20038.96;348.0366
19995.27,0.58,20038.96;348.0366
19995.27,0.58,20038.96;348.0366
19995.21,0.58,20039.2;348.0309
19995.21,0.58,20039.2;348.0309
19995.21,0.58,20039.2;348.0309
19995.16,0.58,20039.45;348.0251
19995.11,0.58,20039.7;348.0137
19995.05,0.58,20039.95;347.9048
19995.05,0.58,20039.95;347.9048
19995,0.58,20040.19;347.7959
19994.95,0.58,20040.44;347.7043
19994.95,0.58,20040.44;347.7043
19994.89,0.58,20040.69;347.6126
19994.84,0.58,20040.94;347.498
19994.84,0.58,20040.94;347.498
19994.84,0.58,20040.94;347.498
19994.78,0.58,20041.18;347.3948
19994.73,0.58,20041.41;347.2917
19994.68,0.58,20041.64;347.2
19994.68,0.58,20041.64;347.2
19994.62,0.58,20041.89;347.1083
19994.57,0.58,20042.13;346.9995
19994.57,0.58,20042.13;346.9995
19994.51,0.58,20042.38;346.8906
19994.45,0.58,20042.62;346.7818
19994.45,0.58,20042.62;346.7818
