20000,0.5,20000;0
20000,0.5799998,20000.11;359.8424
20000,0.58,20000.19;359.7135
20000,0.58,20000.29;359.556
20000,0.58,20000.38;359.3984
20000,0.58,20000.47;359.2408
19999.99,0.58,20000.57;359.1262
19999.99,0.58,20000.67;358.9687
19999.99,0.58,20000.75;358.8254
19999.99,0.58,20000.84;358.6822
19999.99,0.58,20000.93;358.5246
19999.98,0.58,20001.02;358.41
19999.98,0.58,20001.1;358.2668
19999.98,0.58,20001.17;358.1092
19999.98,0.58,20001.25;357.9517
19999.97,0.58,20001.33;357.8228
19999.97,0.58,20001.41;357.6795
19999.97,0.58,20001.48;357.5649
19999.96,0.58,20001.56;357.4503
19999.96,0.58,20001.63;357.3357
19999.96,0.58,20001.69;357.2211
19999.96,0.58,20001.75;357.1208
19999.95,0.58,20001.83;356.9919
19999.95,0.58,20001.9;356.8773
19999.94,0.58,20001.96;356.7771
19999.94,0.58,20002.03;356.6768
19999.94,0.58,20002.1;356.5479
19999.93,0.58,20002.15;356.419
19999.93,0.58,20002.21;356.3187
19999.92,0.58,20002.28;356.2041
19999.92,0.58,20002.34;356.0752
19999.92,0.58,20002.4;355.9749
19999.91,0.58,20002.46;355.846
19999.91,0.58,20002.52;355.7171
19999.9,0.58,20002.58;355.6025
19999.9,0.58,20002.63;355.4879
19999.89,0.58,20002.69;355.3733
19999.89,0.58,20002.75;355.2444
19999.88,0.58,20002.8;355.1441
19999.88,0.58,20002.86;355.0152
19999.87,0.58,20002.92;354.8863
19999.87,0.58,20002.97;354.7717
19999.87,0.58,20003.02;354.6714
19999.86,0.58,20003.07;354.5568
19999.85,0.58,20003.13;354.4279
19999.85,0.58,20003.18;354.3276
19999.84,0.58,20003.22;354.1987
19999.84,0.58,20003.28;354.0698
19999.83,0.58,20003.32;353.9695
19999.83,0.58,20003.38;353.8692
19999.82,0.58,20003.43;353.7403
19999.82,0.58,20003.47;353.6114
19999.81,0.58,20003.52;353.5111
19999.8,0.58,20003.57;353.3679
19999.8,0.58,20003.61;353.2246
19999.8,0.58,20003.65;353.11
19999.79,0.58,20003.7;352.9811
19999.79,0.58,20003.75;352.8665
19999.78,0.58,20003.8;352.7663
19999.77,0.58,20003.85;352.666
19999.77,0.58,20003.88;352.5371
19999.76,0.58,20003.94;352.4368
19999.75,0.58,20003.98;352.3365
19999.75,0.58,20004.02;352.2363
19999.74,0.58,20004.07;352.136
19999.73,0.58,20004.12;352.05
19999.73,0.58,20004.17;351.9927
19999.72,0.58,20004.21;351.9498
19999.71,0.58,20004.26;351.9498
19999.71,0.58,20004.31;351.9498
19999.7,0.58,20004.35;351.9498
19999.7,0.58,20004.39;351.9498
19999.7,0.58,20004.37;351.9498
19999.7,0.58,20004.37;351.9498
19999.71,0.58,20004.34;351.8065
19999.71,0.58,20004.33;351.7206
19999.7,0.58,20004.34;351.6633
19999.7,0.58,20004.37;351.606
19999.69,0.58,20004.42;351.5774
19999.68,0.58,20004.47;351.4771
19999.68,0.58,20004.52;351.3339
19999.66,0.58,20004.61;351.1476
19999.64,0.58,20004.73;350.8039
19999.62,0.58,20004.85;350.3312
19999.59,0.58,20005.01;349.8585
19999.56,0.58,20005.16;349.3285
19999.54,0.58,20005.31;348.6266
19999.5,0.58,20005.5;347.8102
19999.45,0.58,20005.68;347.094
19999.41,0.58,20005.85;346.3778
19999.36,0.58,20006.06;345.4611
19999.29,0.58,20006.29;344.4584
19999.23,0.58,20006.5;343.4843
19999.16,0.58,20006.71;342.2525
19999.08,0.58,20006.97;341.5506
19998.98,0.58,20007.25;340.7198
19998.89,0.58,20007.5;339.5739
19998.77,0.58,20007.79;338.342
19998.64,0.58,20008.1;337.2104
19998.53,0.58,20008.35;335.8497
19998.39,0.58,20008.63;334.5605
19998.26,0.58,20008.91;333.2714
19998.13,0.58,20009.14;332.1827
19997.98,0.58,20009.41;330.9366
19997.82,0.58,20009.69;329.6904
19997.66,0.58,20009.96;328.702
19997.51,0.58,20010.18;327.3842
19997.34,0.58,20010.44;326.0521
19997.19,0.58,20010.65;324.9205
19997.02,0.58,20010.89;323.7889
19996.88,0.58,20011.07;322.4711
19996.73,0.58,20011.25;321.1676
19996.54,0.58,20011.49;320.0504
19996.37,0.58,20011.68;318.7755
19996.17,0.58,20011.9;317.4434
19995.99,0.58,20012.09;316.3118
19995.77,0.58,20012.3;315.1802
19995.56,0.58,20012.51;313.9054
19995.37,0.58,20012.68;312.6306
19995.15,0.58,20012.88;311.5562
19994.92,0.58,20013.07;310.2814
19994.7,0.58,20013.25;309.0209
19994.49,0.58,20013.41;308.0182
19994.29,0.58,20013.57;306.9296
19994.29,0.58,20013.57;306.1132
19994.29,0.58,20013.57;305.268
19994.22,0.58,20013.61;304.4945
19994.15,0.58,20013.66;303.8929
19994.15,0.58,20013.66;303.8929
19994.09,0.58,20013.7;303.32
19994.02,0.58,20013.74;302.8043
19993.95,0.58,20013.79;302.4749
19993.92,0.58,20013.81;302.2027
19993.74,0.58,20013.92;302.0451
19993.53,0.58,20014.05;302.0022
19993.33,0.58,20014.18;301.9592
19993.08,0.58,20014.33;301.9305
19992.82,0.58,20014.49;301.8876
19992.61,0.58,20014.62;301.773
19992.46,0.58,20014.72;301.7014
19992.27,0.58,20014.84;301.73
19992.07,0.58,20014.96;301.7873
19991.9,0.58,20015.06;301.8446
19991.72,0.58,20015.17;301.8876
19991.53,0.58,20015.3;301.8589
19991.35,0.58,20015.4;301.8159
19991.16,0.58,20015.52;301.73
19990.97,0.58,20015.64;301.687
19990.8,0.58,20015.74;301.6441
19990.61,0.58,20015.86;301.6154
19990.41,0.58,20015.98;301.6154
19990.25,0.58,20016.08;301.6011
19990.08,0.58,20016.19;301.5724
19989.89,0.58,20016.3;301.5295
19989.72,0.58,20016.41;301.5009
19989.56,0.58,20016.51;301.4579
19989.37,0.58,20016.63;301.4292
19989.2,0.58,20016.72;301.4006
19989.02,0.58,20016.84;301.3719
19988.83,0.58,20016.95;301.3433
19988.64,0.58,20017.07;301.329
19988.48,0.58,20017.16;301.3003
19988.32,0.58,20017.26;301.2717
19988.13,0.58,20017.37;301.243
19987.97,0.58,20017.47;301.2287
19987.79,0.58,20017.58;301.2144
19987.6,0.58,20017.7;301.1857
19987.44,0.58,20017.79;301.1571
19987.25,0.58,20017.91;301.1284
19987.07,0.58,20018.02;301.1141
19986.88,0.58,20018.13;301.0712
19986.71,0.58,20018.23;301.0568
19986.53,0.58,20018.35;301.0282
19986.34,0.58,20018.46;300.9995
19986.18,0.58,20018.55;300.9709
19985.99,0.58,20018.67;300.9423
19985.8,0.58,20018.78;300.8993
19985.63,0.58,20018.88;300.8563
19985.45,0.58,20018.99;300.8134
19985.26,0.58,20019.1;300.7704
19985.1,0.58,20019.2;300.7417
19984.92,0.58,20019.31;300.6988
19984.73,0.58,20019.42;300.6558
19984.58,0.58,20019.51;300.6271
19984.43,0.58,20019.6;300.5699
19984.28,0.58,20019.69;300.4982
19984.15,0.58,20019.76;300.4409
19984.07,0.58,20019.81;300.4266
19983.97,0.58,20019.86;300.4123
19983.87,0.58,20019.93;300.398
19983.76,0.58,20019.99;300.398
19983.61,0.58,20020.08;300.398
19983.46,0.58,20020.17;300.4123
19983.3,0.58,20020.26;300.4553
19983.15,0.58,20020.35;300.4409
19983,0.58,20020.43;300.4409
19982.87,0.58,20020.52;300.4553
19982.75,0.58,20020.58;300.4839
19982.62,0.58,20020.66;300.5125
19982.49,0.58,20020.74;300.5555
19982.36,0.58,20020.81;300.5985
19982.25,0.58,20020.88;300.6128
19982.12,0.58,20020.96;300.6128
19982.02,0.58,20021.02;300.6128
19981.89,0.58,20021.09;300.6128
19981.77,0.58,20021.16;300.6128
19981.65,0.58,20021.23;300.6414
19981.55,0.58,20021.29;300.6701
19981.44,0.58,20021.36;300.6988
19981.32,0.58,20021.43;300.7131
19981.21,0.58,20021.49;300.7274
19981.11,0.58,20021.55;300.756
19981,0.58,20021.62;300.756
19980.9,0.58,20021.68;300.756
19980.88,0.58,20021.69;300.756
19980.89,0.58,20021.68;300.756
19980.92,0.58,20021.67;300.756
19980.95,0.58,20021.65;300.756
19981,0.58,20021.62;300.756
19981.06,0.58,20021.58;300.756
19981.06,0.58,20021.58;300.756
19981.17,0.58,20021.52;300.756
19981.31,0.58,20021.44;301.0282
19981.45,0.58,20021.35;301.3147
19981.63,0.58,20021.24;301.6298
19981.83,0.58,20021.11;302.0309
19982.02,0.58,20020.99;302.4319
19982.24,0.58,20020.85;302.8903
19982.49,0.58,20020.69;303.2628
19982.73,0.58,20020.52;303.7211
19982.96,0.58,20020.37;304.1508
19983.25,0.58,20020.17;304.5089
19983.53,0.58,20019.97;304.9243
19983.79,0.58,20019.79;305.3827
19984.07,0.58,20019.59;305.8411
19984.35,0.58,20019.38;306.2851
19984.59,0.58,20019.21;306.7292
19984.87,0.58,20018.99;307.1589
19985.14,0.58,20018.78;307.5313
19985.42,0.58,20018.56;307.9753
19985.66,0.58,20018.38;308.448
19985.93,0.58,20018.16;308.8348
19986.2,0.58,20017.93;309.2788
19986.43,0.58,20017.74;309.7372
19986.71,0.58,20017.51;310.1096
19986.97,0.58,20017.28;310.482
19987.21,0.58,20017.08;310.9117
19987.47,0.58,20016.85;311.3558
19987.7,0.58,20016.65;311.7282
19987.96,0.58,20016.41;312.1723
19988.21,0.58,20016.18;312.6306
19988.47,0.58,20015.94;313.0174
19988.69,0.58,20015.73;313.4757
19988.95,0.58,20015.48;313.9484
19989.21,0.58,20015.23;314.3352
19989.43,0.58,20015;314.7935
19989.69,0.58,20014.75;315.2376
19989.94,0.58,20014.48;315.696
19990.16,0.58,20014.25;316.0684
19990.42,0.58,20013.98;316.5267
19990.67,0.58,20013.71;316.9135
19990.88,0.58,20013.48;317.3575
19991.13,0.58,20013.21;317.7873
19991.38,0.58,20012.93;318.217
19991.59,0.58,20012.7;318.5894
19991.79,0.58,20012.46;319.0191
19992.03,0.58,20012.19;319.4345
19992.26,0.58,20011.91;319.8069
19992.46,0.58,20011.68;320.2367
19992.68,0.58,20011.4;320.6664
19992.9,0.58,20011.13;321.0961
19993.12,0.58,20010.86;321.4828
19993.33,0.58,20010.59;321.9126
19993.54,0.58,20010.32;322.3566
19993.75,0.58,20010.04;322.729
19993.92,0.58,20009.81;323.1731
19994.12,0.58,20009.54;323.6171
19994.31,0.58,20009.28;324.0039
19994.39,0.58,20009.17;324.3906
19994.47,0.58,20009.05;324.8347
19994.65,0.58,20008.8;325.2787
19994.8,0.58,20008.58;325.6654
19994.97,0.58,20008.32;326.1095
19995.11,0.58,20008.11;326.5822
19995.25,0.58,20007.89;327.0549
19995.39,0.58,20007.67;327.4702
19995.52,0.58,20007.46;327.9859
19995.62,0.58,20007.31;328.4729
19995.71,0.58,20007.16;329.0889
19995.77,0.58,20007.05;329.7334
19995.82,0.58,20006.96;330.378
19995.87,0.58,20006.88;330.8793
19995.91,0.58,20006.8;331.4093
19995.95,0.58,20006.72;331.882
19995.99,0.58,20006.66;332.2401
19996.03,0.58,20006.58;332.5552
19996.05,0.58,20006.52;332.7988
19996.07,0.58,20006.5;333.0423
19996.07,0.58,20006.49;333.1998
19996.07,0.58,20006.49;333.3287
19996.07,0.58,20006.5;333.386
19996.06,0.58,20006.52;333.429
19996.04,0.58,20006.55;333.5006
19996.01,0.58,20006.6;333.5866
19995.99,0.58,20006.65;333.6439
19995.96,0.58,20006.7;333.7155
19995.94,0.58,20006.76;333.7871
19995.92,0.58,20006.8;333.8587
19995.89,0.58,20006.85;333.916
19995.87,0.58,20006.89;334.002
19995.85,0.58,20006.94;334.0879
19995.82,0.58,20006.99;334.1595
19995.8,0.58,20007.05;334.2455
19995.77,0.58,20007.1;334.3314
19995.75,0.58,20007.15;334.3887
19995.72,0.58,20007.2;334.4603
19995.7,0.58,20007.26;334.532
19995.67,0.58,20007.3;334.6035
19995.65,0.58,20007.36;334.6895
19995.62,0.58,20007.42;334.7755
19995.59,0.58,20007.48;334.8614
19995.57,0.58,20007.53;334.933
19995.54,0.58,20007.59;334.9903
19995.52,0.58,20007.64;335.0763
19995.49,0.58,20007.7;335.1335
19995.46,0.58,20007.76;335.2195
19995.44,0.58,20007.81;335.3055
19995.41,0.58,20007.88;335.377
19995.38,0.58,20007.94;335.4487
19995.36,0.58,20007.99;335.5203
19995.33,0.58,20008.05;335.5919
19995.3,0.58,20008.12;335.6492
19995.3,0.58,20008.12;335.7065
19995.3,0.58,20008.12;335.5632
19995.31,0.58,20008.08;335.5203
19995.33,0.58,20008.06;335.506
19995.33,0.58,20008.05;335.4916
19995.33,0.58,20008.05;335.4916
19995.31,0.58,20008.09;335.4773
19995.3,0.58,20008.12;335.4057
19995.28,0.58,20008.16;335.2625
19995.26,0.58,20008.21;335.0333
19995.24,0.58,20008.24;334.8041
19995.23,0.58,20008.27;334.489
19995.2,0.58,20008.32;334.0592
19995.17,0.58,20008.39;333.6152
19995.13,0.58,20008.46;333.1855
19995.09,0.58,20008.54;332.6555
19995.06,0.58,20008.59;332.0825
19995.04,0.58,20008.63;331.5096
19995.04,0.58,20008.64;331.0226
19995.03,0.58,20008.66;330.4066
19995.03,0.58,20008.66;329.805
19995.03,0.58,20008.66;329.2894
19995.03,0.58,20008.66;328.6591
19995.03,0.58,20008.66;328.0288
19995.03,0.58,20008.66;327.3556
19995.03,0.58,20008.66;326.7397
19995.03,0.58,20008.66;326.0521
19995.03,0.58,20008.66;325.3646
19995.03,0.58,20008.66;324.7773
19995.03,0.58,20008.66;324.1327
19995.03,0.58,20008.66;323.4738
19995.03,0.58,20008.66;322.9152
19995.03,0.58,20008.66;322.242
19995.03,0.58,20008.66;321.5688
19995.03,0.58,20008.66;320.9958
19995.03,0.58,20008.66;320.4228
19995.03,0.58,20008.66;319.7782
19995.03,0.58,20008.66;319.1623
19995.03,0.58,20008.66;318.661
19995.03,0.58,20008.66;318.0164
19995.01,0.58,20008.68;317.4005
19994.98,0.58,20008.71;316.9421
19994.96,0.58,20008.73;316.5697
19994.95,0.58,20008.75;316.3405
19994.94,0.58,20008.75;316.1829
19994.93,0.58,20008.76;316.0254
19994.93,0.58,20008.77;315.8678
19994.93,0.58,20008.77;315.5813
19994.93,0.58,20008.77;315.1516
19994.89,0.58,20008.8;314.4354
19994.84,0.58,20008.86;314.2778
19994.72,0.58,20008.97;314.1203
19994.58,0.58,20009.1;313.9914
19994.53,0.58,20009.15;313.0317
19994.5,0.58,20009.17;312.1149
19994.48,0.58,20009.19;311.1982
19994.46,0.58,20009.21;310.0236
19994.39,0.58,20009.27;308.7202
19994.36,0.58,20009.29;307.5313
19994.36,0.58,20009.29;306.1418
19994.23,0.58,20009.38;304.8383
19994.05,0.58,20009.5;303.5062
19993.88,0.58,20009.61;302.1741
19993.65,0.58,20009.74;300.9852
19993.43,0.58,20009.87;299.5528
19993.23,0.58,20009.98;298.1491
19993.01,0.58,20010.09;296.7883
19992.88,0.58,20010.15;296.1437
19992.64,0.58,20010.27;295.4991
19992.45,0.58,20010.36;294.6254
19992.26,0.58,20010.44;293.2216
19992.07,0.58,20010.51;291.9897
19991.84,0.58,20010.6;290.5144
19991.63,0.58,20010.67;289.1966
19991.4,0.58,20010.74;287.6639
19991.16,0.58,20010.81;286.1313
19990.95,0.58,20010.87;284.6273
19990.7,0.58,20010.93;283.381
19990.46,0.58,20010.98;281.877
19990.25,0.58,20011.02;280.3587
19990,0.58,20011.06;279.0552
19989.76,0.58,20011.09;277.5082
19989.57,0.58,20011.11;275.9612
19989.35,0.58,20011.13;274.5002
19989.12,0.58,20011.14;273.3543
19988.88,0.58,20011.15;272.1081
19988.68,0.58,20011.15;270.8476
19988.43,0.58,20011.15;269.6444
19988.2,0.58,20011.14;268.4268
19987.92,0.58,20011.13;267.2093
19987.64,0.58,20011.11;266.1923
19987.35,0.58,20011.08;265.075
19987.07,0.58,20011.05;264.0007
19986.73,0.58,20011.01;263.0983
19986.38,0.58,20010.97;262.0813
19986.08,0.58,20010.92;261.0643
19985.73,0.58,20010.86;260.0617
19985.38,0.58,20010.79;259.2166
19985.07,0.58,20010.73;258.2569
19984.77,0.58,20010.66;257.3115
19984.42,0.58,20010.58;256.495
19984.13,0.58,20010.5;255.564
19983.83,0.58,20010.42;254.6759
19983.48,0.58,20010.32;253.9597
19983.18,0.58,20010.22;253.0716
19982.85,0.58,20010.12;252.1978
19982.54,0.58,20010.02;251.3241
19982.29,0.58,20009.93;250.5506
19982.03,0.58,20009.83;249.6625
19981.74,0.58,20009.72;248.889
19981.51,0.58,20009.63;248.6742
19981.47,0.58,20009.61;248.4593
19981.47,0.58,20009.61;248.4593
19981.47,0.58,20009.61;248.4593
19981.47,0.58,20009.61;248.4593
19981.43,0.58,20009.6;248.445
19981.15,0.58,20009.48;247.8577
19980.93,0.58,20009.39;247.0413
19980.71,0.58,20009.29;246.0672
19980.5,0.58,20009.19;245.0216
19980.34,0.58,20009.12;244.0905
19980.27,0.58,20009.08;243.0162
19980.25,0.58,20009.07;241.9706
19980.22,0.58,20009.05;241.0968
19980.22,0.58,20009.05;240.1657
19980.22,0.58,20009.05;239.335
19980.22,0.58,20009.05;238.719
19980.22,0.58,20009.05;238.1747
19980.22,0.58,20009.05;237.831
19980.22,0.58,20009.05;237.6734
19980.22,0.58,20009.06;237.6304
19980.23,0.58,20009.06;237.5875
19980.24,0.58,20009.06;237.6304
19980.24,0.58,20009.07;237.7307
19980.25,0.58,20009.07;237.8596
19980.27,0.58,20009.09;238.0028
19980.29,0.58,20009.1;238.1174
19980.3,0.58,20009.11;238.232
19980.29,0.58,20009.1;238.318
19980.29,0.58,20009.1;238.361
19980.3,0.58,20009.11;238.4039
19980.31,0.58,20009.11;238.4326
19980.31,0.58,20009.11;238.4326
19980.31,0.58,20009.11;238.4182
19980.29,0.58,20009.1;238.4039
19980.28,0.58,20009.09;238.3323
19980.25,0.58,20009.07;238.2034
19980.21,0.58,20009.04;237.9169
19980.14,0.58,20009.01;237.5445
19980.06,0.58,20008.95;237.1721
19979.96,0.58,20008.88;236.6564
19979.83,0.58,20008.8;236.0691
19979.72,0.58,20008.72;235.5105
19979.6,0.58,20008.64;234.9519
19979.59,0.58,20008.63;234.2643
19979.58,0.58,20008.62;233.5051
19979.56,0.58,20008.61;232.8176
19979.57,0.58,20008.62;232.0298
19979.57,0.58,20008.62;231.2276
19979.51,0.58,20008.57;230.5401
19979.32,0.58,20008.41;229.695
19979.13,0.58,20008.24;228.9788
19978.96,0.58,20008.09;228.2626
19978.8,0.58,20007.94;227.6323
19978.61,0.58,20007.77;227.0021
19978.46,0.58,20007.62;226.3575
19978.28,0.58,20007.45;226.0997
19978.28,0.58,20007.45;226.0997
19978.1,0.58,20007.27;225.8562
19977.92,0.58,20007.09;225.3262
19977.74,0.58,20006.92;224.7962
19977.59,0.58,20006.76;224.567
19977.42,0.58,20006.59;224.3378
19977.24,0.58,20006.41;224.1086
19977.24,0.58,20006.41;224.1086
19977.09,0.58,20006.25;223.8795
19976.92,0.58,20006.07;223.6503
19976.75,0.58,20005.88;223.3352
19976.61,0.58,20005.73;223.0487
19976.44,0.58,20005.55;222.7622
19976.27,0.58,20005.37;221.9028
19976.13,0.58,20005.21;221.2009
19976,0.58,20005.05;220.6566
19975.83,0.58,20004.86;220.055
19975.67,0.58,20004.66;219.9404
19975.54,0.58,20004.5;219.8258
19975.38,0.58,20004.31;219.7112
19975.21,0.58,20004.11;219.5966
19975.07,0.58,20003.94;219.482
19975.07,0.58,20003.94;219.482
19974.9,0.58,20003.73;219.3101
19974.73,0.58,20003.51;218.7229
19974.57,0.58,20003.32;218.1356
19974.4,0.58,20003.09;217.4623
19974.21,0.58,20002.85;216.8607
19974.06,0.58,20002.64;216.2591
19973.88,0.58,20002.39;215.457
19973.73,0.58,20002.16;214.6548
19973.61,0.58,20001.98;213.7954
19973.47,0.58,20001.77;212.9503
19973.33,0.58,20001.54;212.2198
19973.14,0.58,20001.24;211.346
19972.99,0.58,20000.97;210.4723
19972.86,0.58,20000.76;210.3004
19972.86,0.58,20000.76;210.3004
19972.72,0.58,20000.52;210.1285
19972.56,0.58,20000.24;209.9566
19972.42,0.58,19999.99;209.7847
19972.25,0.58,19999.7;209.6128
19972.25,0.58,19999.7;209.6128
19972.1,0.58,19999.42;209.441
19971.94,0.58,19999.15;209.2691
19971.81,0.58,19998.9;209.0972
19971.65,0.58,19998.62;208.9253
19971.51,0.58,19998.37;208.7534
19971.35,0.58,19998.08;208.5815
19971.2,0.58,19997.79;208.4096
19971.07,0.58,19997.55;208.2377
19971.07,0.58,19997.55;208.2377
19970.91,0.58,19997.26;208.0659
19970.76,0.58,19996.98;207.894
19970.62,0.58,19996.7;207.7221
19970.62,0.58,19996.7;207.7221
19970.5,0.58,19996.47;207.5502
19970.38,0.58,19996.24;207.3783
19970.26,0.58,19996.01;207.2064
19970.15,0.58,19995.79;207.0345
19970.03,0.58,19995.55;206.1894
19969.95,0.58,19995.37;205.5162
19969.88,0.58,19995.22;204.9289
19969.8,0.58,19995.05;204.3273
19969.72,0.58,19994.87;203.6827
19969.65,0.58,19994.71;203.1241
19969.57,0.58,19994.51;202.5655
19969.5,0.58,19994.34;201.8923
19969.43,0.58,19994.16;201.2477
19969.34,0.58,19993.91;200.4742
19969.26,0.58,19993.69;199.672
19969.18,0.58,19993.46;198.9558
19969.09,0.58,19993.19;198.1107
19969.01,0.58,19992.93;197.2656
19968.94,0.58,19992.7;196.5064
19968.87,0.58,19992.45;195.7473
19968.8,0.58,19992.19;194.8449
19968.75,0.58,19991.96;193.8995
19968.68,0.58,19991.7;193.0973
19968.63,0.58,19991.43;192.1376
19968.57,0.58,19991.16;191.1636
19968.54,0.58,19990.95;190.3185
19968.49,0.58,19990.68;190.0607
19968.44,0.58,19990.41;189.8028
19968.4,0.58,19990.18;189.545
19968.36,0.58,19989.92;189.2872
19968.36,0.58,19989.92;189.2872
19968.32,0.58,19989.65;189.0293
19968.28,0.58,19989.43;189.015
19968.24,0.58,19989.17;188.2558
19968.21,0.58,19988.91;187.4966
19968.18,0.58,19988.68;187.1242
19968.15,0.58,19988.42;186.9094
19968.12,0.58,19988.15;186.6945
19968.09,0.58,19987.92;186.4797
19968.06,0.58,19987.66;186.2648
19968.04,0.58,19987.39;186.05
19968.01,0.58,19987.16;185.2192
19967.99,0.58,19986.88;184.3597
19967.97,0.58,19986.62;183.7295
19967.96,0.58,19986.36;182.7554
19967.96,0.58,19986.17;181.853
19967.95,0.58,19985.95;180.922
19967.95,0.58,19985.75;180.0912
19967.95,0.58,19985.59;179.4896
19967.96,0.58,19985.42;178.888
19967.96,0.58,19985.27;178.2434
19967.97,0.58,19985.11;177.5988
19967.97,0.58,19985.01;177.0115
19967.98,0.58,19984.86;176.281
19968,0.58,19984.71;175.4645
19968.01,0.58,19984.53;174.734
19968.03,0.58,19984.34;173.7886
19968.06,0.58,19984.15;172.8003
19968.09,0.58,19983.91;171.8692
19968.13,0.58,19983.66;170.9382
19968.17,0.58,19983.46;169.7493
19968.21,0.58,19983.26;168.5174
19968.26,0.58,19983.01;167.4001
19968.31,0.58,19982.82;166.0967
19968.37,0.58,19982.6;164.7072
19968.44,0.58,19982.38;163.6759
19968.44,0.58,19982.38;163.6759
19968.49,0.58,19982.2;163.6473
19968.56,0.58,19981.97;162.7305
19968.63,0.58,19981.75;161.2981
19968.7,0.58,19981.56;159.8657
19968.78,0.58,19981.38;158.4477
19968.81,0.58,19981.3;157.2445
19968.9,0.58,19981.1;155.855
19968.98,0.58,19980.94;154.4656
19969.08,0.58,19980.73;153.0762
19969.19,0.58,19980.53;151.873
19969.29,0.58,19980.36;150.4836
19969.38,0.58,19980.19;149.2517
19969.51,0.58,19980;147.8479
19969.63,0.58,19979.81;146.4585
19969.72,0.58,19979.67;145.2696
19969.86,0.58,19979.49;143.8659
19969.99,0.58,19979.31;142.5051
19970.12,0.58,19979.16;141.1443
19970.27,0.58,19978.98;139.9411
19970.42,0.58,19978.81;138.5374
19970.55,0.58,19978.67;137.1336
19970.69,0.58,19978.53;135.9447
19970.86,0.58,19978.36;134.5553
19971.03,0.58,19978.2;133.1802
19971.18,0.58,19978.07;131.9627
19971.36,0.58,19977.91;130.5733
19971.53,0.58,19977.77;129.1695
19971.69,0.58,19977.65;127.9806
19971.88,0.58,19977.51;126.5912
19972.07,0.58,19977.37;125.2018
19972.24,0.58,19977.26;123.798
19972.41,0.58,19977.15;122.5805
19972.61,0.58,19977.03;121.1624
19972.81,0.58,19976.92;119.7873
19972.98,0.58,19976.82;118.5698
19973.19,0.58,19976.71;117.1803
19973.39,0.58,19976.62;115.7909
19973.58,0.58,19976.53;114.3872
19973.79,0.58,19976.44;113.1696
19974,0.58,19976.36;111.7659
19974.22,0.58,19976.28;110.3478
19974.22,0.58,19976.28;110.3478
19974.22,0.58,19976.28;110.3478
19974.22,0.58,19976.28;110.3478
19974.22,0.58,19976.28;110.3478
19974.22,0.58,19976.28;110.3478
19974.22,0.58,19976.28;110.3478
19974.22,0.58,19976.28;110.3478
19974.22,0.58,19976.28;110.3478
19974.22,0.58,19976.28;110.3478
19974.22,0.58,19976.28;110.3478
19974.22,0.58,19976.28;110.3478
19974.22,0.58,19976.28;110.3478
19974.22,0.58,19976.28;110.3478
19974.22,0.58,19976.28;110.3478
19974.22,0.58,19976.28;110.3478
19974.22,0.58,19976.28;110.3478
19974.22,0.58,19976.28;110.3478
19974.22,0.58,19976.28;110.3478
19974.22,0.58,19976.28;110.3478
19974.22,0.58,19976.28;110.3478
19974.22,0.58,19976.28;110.3478
19974.22,0.58,19976.28;110.3478
19974.22,0.58,19976.28;110.3478
19974.22,0.58,19976.28;110.3478
19974.22,0.58,19976.28;110.3478
19974.22,0.58,19976.28;110.3478
19974.22,0.58,19976.28;110.3478
19974.22,0.58,19976.28;110.3478
19974.22,0.58,19976.28;110.3478
19974.22,0.58,19976.28;110.3478
19974.22,0.58,19976.28;110.3478
19974.22,0.58,19976.28;110.3478
19974.22,0.58,19976.28;110.3478
19974.22,0.58,19976.28;110.3478
19974.22,0.58,19976.28;110.3478
19974.22,0.58,19976.28;110.3478
19974.22,0.58,19976.28;110.3478
19974.22,0.58,19976.28;110.3478
19974.22,0.58,19976.28;110.3478
19974.22,0.58,19976.28;110.3478
19974.22,0.58,19976.28;110.3478
19974.22,0.58,19976.28;110.3478
19974.22,0.58,19976.28;110.3478
19974.22,0.58,19976.28;110.3478
19974.22,0.58,19976.28;110.3478
19974.22,0.58,19976.28;110.3478
19974.22,0.58,19976.28;110.3478
19974.22,0.58,19976.28;110.3478
19974.22,0.58,19976.28;110.3478
19974.22,0.58,19976.28;110.3478
19974.22,0.58,19976.28;110.3478
19974.22,0.58,19976.28;110.3478
19974.22,0.58,19976.28;110.3478
19974.22,0.58,19976.28;110.3478
19974.22,0.58,19976.28;110.3478
19974.22,0.58,19976.28;110.3478
19974.22,0.58,19976.28;110.3478
19974.22,0.58,19976.28;110.3478
19974.22,0.58,19976.28;110.3478
19974.22,0.58,19976.28;110.3478
19974.22,0.58,19976.28;110.3478
19974.22,0.58,19976.28;110.3478
19974.22,0.58,19976.28;110.3478
19974.22,0.58,19976.28;110.3478
19974.22,0.58,19976.28;110.3478
19974.22,0.58,19976.28;110.3478
19974.22,0.58,19976.28;110.3478
19974.22,0.58,19976.28;110.3478
19974.22,0.58,19976.28;110.3478
19974.22,0.58,19976.28;110.3478
19974.22,0.58,19976.28;110.3478
19974.22,0.58,19976.28;110.3478
19974.22,0.58,19976.28;110.3478
19974.22,0.58,19976.28;110.3478
19974.22,0.58,19976.28;110.3478
19974.22,0.58,19976.28;110.3478
19974.22,0.58,19976.28;110.3478
19974.22,0.58,19976.28;110.3478
19974.22,0.58,19976.28;110.3478
19974.22,0.58,19976.28;110.3478
19974.22,0.58,19976.28;110.3478
19974.22,0.58,19976.28;110.3478
19974.22,0.58,19976.28;110.3478
19974.22,0.58,19976.28;110.3478
19974.22,0.58,19976.28;110.3478
19974.22,0.58,19976.28;110.3478
19974.22,0.58,19976.28;110.3478
19974.22,0.58,19976.28;110.3478
19974.22,0.58,19976.28;110.3478
19974.22,0.58,19