20000,0.5,20000;0
20000,0.58,20000.25;0
20000,0.58,20000.25;0
20000,0.58,20000.25;0
20000,0.58,20000.51;0
20000,0.58,20000.51;0
20000,0.58,20000.76;0
20000,0.58,20001.02;0
20000,0.58,20001.02;0
20000,0.58,20001.27;0
20000,0.58,20001.52;0
20000,0.58,20001.78;0
20000,0.58,20001.78;0
20000,0.58,20001.78;0
20000,0.58,20002.03;0
20000,0.58,20002.29;0
20000,0.58,20002.29;0
20000,0.58,20002.54;0
20000,0.58,20002.54;0
20000,0.58,20002.75;0
20000,0.58,20002.97;0
20000,0.58,20003.22;0
20000,0.58,20003.48;0
20000,0.58,20003.48;0
20000,0.58,20003.73;0
20000,0.58,20003.98;0
20000,0.58,20003.98;0
20000,0.58,20004.24;0
20000,0.58,20004.49;0
20000,0.58,20004.49;0
20000,0.58,20004.75;0
20000,0.58,20005;0
20000,0.58,20005.25;0
20000,0.58,20005.25;0
20000,0.58,20005.44;0
20000,0.58,20005.62;-0.005729198
20000,0.58,20005.62;-0.005729198
20000,0.58,20005.88;-0.005729198
20000,0.58,20005.88;-0.005729198
20000,0.58,20006.13;-0.005729198
20000,0.58,20006.38;-0.005729198
20000,0.58,20006.64;-0.005729198
20000,0.58,20006.89;-0.005729198
20000,0.58,20006.89;-0.005729198
20000,0.58,20007.15;-0.005729198
20000,0.58,20007.4;-0.005729198
20000,0.58,20007.4;-0.005729198
20000,0.58,20007.65;-0.005729198
20000,0.58,20007.9;-0.005729198
20000,0.58,20007.9;-0.005729198
20000,0.58,20008.03;-0.005729198
20000,0.58,20008.12;-0.005729198
20000,0.58,20008.22;-0.005729198
20000,0.58,20008.22;-0.005729198
20000,0.58,20008.34;-0.005729198
20000,0.58,20008.46;-0.005729198
20000,0.58,20008.46;-0.005729198
20000,0.58,20008.54;-0.005729198
20000,0.58,20008.63;-0.005729198
20000,0.58,20008.63;-0.005729198
20000,0.58,20008.82;-0.005729198
20000,0.58,20008.82;-0.005729198
20000,0.58,20009.07;-0.005729198
20000,0.58,20009.32;-0.005729198
20000,0.58,20009.32;-0.005729198
20000,0.58,20009.58;-0.005729198
20000,0.58,20009.83;-0.005729198
20000,0.58,20009.83;-0.005729198
20000,0.58,20010.09;-0.005729198
20000,0.58,20010.34;359.9886
20000,0.58,20010.34;359.9886
20000,0.58,20010.5;359.9771
20000,0.58,20010.5;359.9771
20000,0.58,20010.6;359.9771
20000,0.58,20010.6;359.9771
20000,0.58,20010.6;359.9771
20000,0.58,20010.85;359.9771
20000,0.58,20010.85;359.9771
20000,0.58,20010.85;359.9771
20000,0.58,20011.11;359.9771
20000,0.58,20011.36;359.9713
20000,0.58,20011.59;359.9713
20000,0.58,20011.59;359.9713
20000,0.58,20011.84;359.9713
20000,0.58,20012.1;359.9656
20000,0.58,20012.1;359.9656
20000,0.58,20012.35;359.9599
20000,0.58,20012.61;359.9542
20000,0.58,20012.61;359.9542
20000,0.58,20012.61;359.9542
20000,0.58,20012.86;359.9484
20000,0.58,20013.11;359.9427
20000,0.58,20013.11;359.9427
20000,0.58,20013.11;359.9427
20000,0.58,20013.37;359.937
20000,0.58,20013.37;359.937
20000,0.58,20013.37;359.937
20000,0.58,20013.62;359.9312
20000,0.58,20013.62;359.9312
20000,0.58,20013.62;359.9312
20000,0.58,20013.88;359.9255
20000,0.58,20014.13;359.9255
20000,0.58,20014.38;359.9255
20000,0.58,20014.38;359.9255
20000,0.58,20014.38;359.9255
20000,0.58,20014.64;359.9255
20000,0.58,20014.89;359.9255
20000,0.58,20014.89;359.9255
20000,0.58,20015.1;359.9198
20000,0.58,20015.1;359.9198
20000,0.58,20015.1;359.9198
19999.99,0.58,20015.32;359.9198
19999.99,0.58,20015.55;359.9198
19999.99,0.58,20015.78;359.9198
19999.99,0.58,20015.78;359.9198
19999.99,0.58,20016.03;359.9198
19999.99,0.58,20016.29;359.9198
19999.99,0.58,20016.29;359.9198
19999.99,0.58,20016.54;359.9198
19999.99,0.58,20016.79;359.9198
19999.99,0.58,20016.79;359.9198
19999.99,0.58,20017.04;359.9198
19999.99,0.58,20017.29;359.9198
19999.99,0.58,20017.55;359.9198
19999.99,0.58,20017.8;359.9141
19999.99,0.58,20017.8;359.9141
19999.99,0.58,20018.06;359.9083
19999.99,0.58,20018.31;359.9083
19999.99,0.58,20018.31;359.9083
19999.99,0.58,20018.56;359.9083
19999.99,0.58,20018.81;359.9083
19999.99,0.58,20018.81;359.9083
19999.99,0.58,20019.02;359.9083
19999.99,0.58,20019.16;359.9083
19999.99,0.58,20019.31;359.9083
19999.99,0.58,20019.34;359.9083
19999.99,0.58,20019.37;359.9083
19999.99,0.58,20019.37;359.9083
19999.99,0.58,20019.37;359.9083
19999.99,0.58,20019.39;359.9083
19999.99,0.58,20019.39;359.9083
19999.99,0.58,20019.39;359.9083
19999.99,0.58,20019.42;359.9083
19999.99,0.58,20019.45;359.9083
19999.99,0.58,20019.45;359.9083
19999.99,0.58,20019.45;359.9083
19999.99,0.58,20019.6;359.9083
19999.99,0.58,20019.6;359.9083
19999.99,0.58,20019.6;359.9083
19999.99,0.58,20019.75;359.9083
19999.99,0.58,20019.75;359.9083
19999.99,0.58,20019.91;359.9083
19999.99,0.58,20019.91;359.9083
19999.99,0.58,20019.93;359.8969
19999.99,0.58,20019.93;359.8969
19999.99,0.58,20020.06;359.8854
19999.99,0.58,20020.19;359.8797
19999.99,0.58,20020.19;359.8797
19999.99,0.58,20020.42;359.874
19999.99,0.58,20020.65;359.874
19999.99,0.58,20020.65;359.874
19999.99,0.58,20020.9;359.874
19999.99,0.58,20020.9;359.874
19999.99,0.58,20021.15;359.874
19999.98,0.58,20021.39;359.874
19999.98,0.58,20021.39;359.874
19999.98,0.58,20021.65;359.874
19999.98,0.58,20021.9;359.874
19999.98,0.58,20021.9;359.874
19999.98,0.58,20022.15;359.874
19999.98,0.58,20022.41;359.874
19999.98,0.58,20022.41;359.874
19999.98,0.58,20022.66;359.8682
19999.98,0.58,20022.9;359.8625
19999.98,0.58,20023.14;359.851
19999.98,0.58,20023.14;359.851
19999.98,0.58,20023.14;359.851
19999.98,0.58,20023.4;359.8453
19999.98,0.58,20023.4;359.8453
19999.98,0.58,20023.4;359.8453
19999.98,0.58,20023.65;359.8453
19999.98,0.58,20023.65;359.8453
19999.98,0.58,20023.89;359.8396
19999.98,0.58,20024.14;359.8339
19999.98,0.58,20024.39;359.8281
19999.98,0.58,20024.39;359.8281
19999.98,0.58,20024.65;359.8224
19999.98,0.58,20024.9;359.8224
19999.98,0.58,20024.9;359.8224
19999.97,0.58,20025.13;359.8224
19999.97,0.58,20025.36;359.8167
19999.97,0.58,20025.62;359.8052
19999.97,0.58,20025.62;359.8052
19999.97,0.58,20025.62;359.8052
19999.97,0.58,20025.85;359.7938
19999.97,0.58,20026.08;359.7938
19999.97,0.58,20026.08;359.7938
19999.97,0.58,20026.33;359.7938
19999.97,0.58,20026.33;359.7938
19999.97,0.58,20026.33;359.7938
19999.97,0.58,20026.58;359.7938
19999.97,0.58,20026.81;359.7938
19999.97,0.58,20027.04;359.7938
19999.97,0.58,20027.04;359.7938
19999.97,0.58,20027.27;359.7938
19999.97,0.58,20027.5;359.8167
19999.97,0.58,20027.5;359.8167
19999.97,0.58,20027.58;359.8396
19999.97,0.58,20027.66;359.9198
19999.97,0.58,20027.66;359.9198
19999.97,0.58,20027.68;-6.670106E-09
19999.97,0.58,20027.71;0.09167789
19999.97,0.58,20027.73;0.1317823
19999.97,0.58,20027.73;0.1317823
19999.97,0.58,20027.75;0.1718867
19999.97,0.58,20027.76;0.1375115
19999.97,0.58,20027.76;0.1375115
19999.97,0.58,20027.76;0.1375115
19999.97,0.58,20027.77;0.09740707
19999.97,0.58,20027.77;0.09740707
19999.97,0.58,20027.77;0.09740707
19999.97,0.58,20027.78;0.09167787
19999.97,0.58,20027.78;0.08594867
19999.97,0.58,20027.79;0.09167787
19999.97,0.58,20027.79;0.09167787
19999.97,0.58,20027.79;0.09167787
19999.97,0.58,20027.79;0.09167787
19999.97,0.58,20027.79;0.09167787
19999.97,0.58,20027.79;0.09167787
19999.97,0.58,20027.79;0.08594867
19999.97,0.58,20027.79;0.08594867
19999.97,0.58,20027.79;0.08594867
19999.97,0.58,20027.8;0.06303188
19999.97,0.58,20027.81;0.04011508
19999.97,0.58,20027.81;0.04011508
19999.97,0.58,20027.81;0.04011508
19999.97,0.58,20027.81;0.02865669
19999.97,0.58,20027.81;0.01719829
19999.97,0.58,20027.81;0.0114691
19999.97,0.58,20027.81;0.0114691
19999.97,0.58,20027.81;0.005739897
19999.97,0.58,20027.82;359.9886
19999.97,0.58,20027.82;359.9714
19999.97,0.58,20027.83;359.9485
19999.97,0.58,20027.83;359.9485
19999.97,0.58,20027.84;359.9255
19999.97,0.58,20027.86;359.8969
19999.97,0.58,20027.86;359.8969
19999.97,0.58,20027.87;359.8682
19999.97,0.58,20027.89;359.8396
19999.97,0.58,20027.89;359.8396
19999.97,0.58,20027.91;359.8052
19999.97,0.58,20027.91;359.8052
19999.97,0.58,20027.92;359.7651
19999.97,0.58,20027.92;359.7651
19999.97,0.58,20027.92;359.7651
19999.97,0.58,20027.94;359.7365
19999.97,0.58,20027.94;359.7365
19999.97,0.58,20027.94;359.7365
19999.97,0.58,20027.96;359.7078
19999.97,0.58,20027.98;359.6849
19999.97,0.58,20027.98;359.6849
19999.97,0.58,20028;359.6734
19999.96,0.58,20028.03;359.662
19999.96,0.58,20028.05;359.6505
19999.96,0.58,20028.05;359.6505
19999.96,0.58,20028.08;359.6391
19999.96,0.58,20028.1;359.6219
19999.96,0.58,20028.1;359.6219
19999.96,0.58,20028.1;359.6219
19999.96,0.58,20028.12;359.6047
19999.96,0.58,20028.12;359.6047
19999.96,0.58,20028.14;359.5818
19999.96,0.58,20028.14;359.5818
19999.96,0.58,20028.17;359.5589
19999.96,0.58,20028.19;359.5302
19999.96,0.58,20028.19;359.5302
19999.96,0.58,20028.21;359.5016
19999.96,0.58,20028.23;359.4729
19999.96,0.58,20028.23;359.4729
19999.96,0.58,20028.25;359.4443
19999.96,0.58,20028.28;359.4271
19999.96,0.58,20028.28;359.4271
19999.96,0.58,20028.3;359.4099
19999.96,0.58,20028.32;359.3927
19999.96,0.58,20028.34;359.3755
19999.96,0.58,20028.34;359.3755
19999.96,0.58,20028.36;359.3583
19999.96,0.58,20028.38;359.3469
19999.96,0.58,20028.38;359.3469
19999.96,0.58,20028.38;359.3469
19999.96,0.58,20028.4;359.3182
19999.96,0.58,20028.4;359.3182
19999.96,0.58,20028.42;359.2953
19999.96,0.58,20028.42;359.2953
19999.96,0.58,20028.44;359.2724
19999.96,0.58,20028.46;359.2495
19999.96,0.58,20028.46;359.2495
19999.96,0.58,20028.48;359.2266
19999.96,0.58,20028.5;359.2036
19999.96,0.58,20028.5;359.2036
19999.96,0.58,20028.52;359.1807
19999.96,0.58,20028.54;359.1635
19999.96,0.58,20028.56;359.1464
19999.96,0.58,20028.56;359.1464
19999.96,0.58,20028.56;359.1464
19999.96,0.58,20028.58;359.1234
19999.96,0.58,20028.58;359.1234
19999.96,0.58,20028.58;359.1234
19999.96,0.58,20028.6;359.1005
19999.96,0.58,20028.62;359.0776
19999.96,0.58,20028.62;359.0776
19999.96,0.58,20028.64;359.0547
19999.96,0.58,20028.66;359.0318
19999.96,0.58,20028.68;359.0089
19999.96,0.58,20028.68;359.0089
19999.96,0.58,20028.68;359.0089
19999.96,0.58,20028.7;358.9859
19999.96,0.58,20028.71;358.9688
19999.96,0.58,20028.71;358.9688
19999.96,0.58,20028.73;358.9516
19999.96,0.58,20028.75;358.9344
19999.96,0.58,20028.75;358.9344
19999.96,0.58,20028.77;358.9172
19999.96,0.58,20028.79;358.8943
19999.96,0.58,20028.81;358.8714
19999.96,0.58,20028.81;358.8714
19999.96,0.58,20028.81;358.8714
19999.96,0.58,20028.83;358.8484
19999.96,0.58,20028.85;358.8255
19999.96,0.58,20028.85;358.8255
19999.96,0.58,20028.87;358.8026
19999.96,0.58,20028.89;358.7797
19999.95,0.58,20028.9;358.7625
19999.95,0.58,20028.92;358.7453
19999.95,0.58,20028.94;358.7281
19999.95,0.58,20028.94;358.7281
19999.95,0.58,20028.96;358.7109
19999.95,0.58,20028.98;358.688
19999.95,0.58,20028.98;358.688
19999.95,0.58,20029;358.6651
19999.95,0.58,20029.02;358.6422
19999.95,0.58,20029.02;358.6422
19999.95,0.58,20029.04;358.6193
19999.95,0.58,20029.06;358.5963
19999.95,0.58,20029.07;358.5734
19999.95,0.58,20029.07;358.5734
19999.95,0.58,20029.07;358.5734
19999.95,0.58,20029.09;358.5562
19999.95,0.58,20029.09;358.5562
19999.95,0.58,20029.09;358.5562
19999.95,0.58,20029.11;358.5391
19999.95,0.58,20029.13;358.5219
19999.95,0.58,20029.13;358.5219
19999.95,0.58,20029.15;358.499
19999.95,0.58,20029.17;358.476
19999.95,0.58,20029.19;358.4531
19999.95,0.58,20029.19;358.4531
19999.95,0.58,20029.21;358.4302
19999.95,0.58,20029.23;358.4073
19999.95,0.58,20029.23;358.4073
19999.95,0.58,20029.24;358.3844
19999.95,0.58,20029.26;358.3615
19999.95,0.58,20029.28;358.3443
19999.94,0.58,20029.3;358.3271
19999.94,0.58,20029.32;358.3099
19999.94,0.58,20029.32;358.3099
19999.94,0.58,20029.32;358.3099
19999.94,0.58,20029.33;358.287
19999.94,0.58,20029.33;358.287
19999.94,0.58,20029.35;358.2641
19999.94,0.58,20029.37;358.2411
19999.94,0.58,20029.37;358.2411
19999.94,0.58,20029.37;358.2411
19999.94,0.58,20029.39;358.2182
19999.94,0.58,20029.41;358.1953
19999.94,0.58,20029.42;358.1724
19999.94,0.58,20029.42;358.1724
19999.94,0.58,20029.44;358.1495
19999.94,0.58,20029.46;358.1323
19999.94,0.58,20029.46;358.1323
19999.94,0.58,20029.48;358.1151
19999.94,0.58,20029.5;358.0979
19999.94,0.58,20029.5;358.0979
19999.94,0.58,20029.52;358.0693
19999.94,0.58,20029.52;358.0693
19999.94,0.58,20029.54;358.0521
19999.94,0.58,20029.54;358.0521
19999.94,0.58,20029.54;358.0521
19999.94,0.58,20029.55;358.0292
19999.94,0.58,20029.55;358.0292
19999.94,0.58,20029.55;358.0292
19999.94,0.58,20029.57;358.0063
19999.94,0.58,20029.57;358.0063
19999.93,0.58,20029.59;357.9833
19999.93,0.58,20029.59;357.9833
19999.93,0.58,20029.61;357.9604
19999.93,0.58,20029.63;357.9432
19999.93,0.58,20029.63;357.9432
19999.93,0.58,20029.64;357.9261
19999.93,0.58,20029.66;357.9031
19999.93,0.58,20029.66;357.9031
19999.93,0.58,20029.68;357.8802
19999.93,0.58,20029.7;357.8573
19999.93,0.58,20029.71;357.8344
19999.93,0.58,20029.73;357.8172
19999.93,0.58,20029.73;357.8172
19999.93,0.58,20029.75;357.8
19999.93,0.58,20029.77;357.7771
19999.93,0.58,20029.77;357.7771
19999.93,0.58,20029.78;357.7542
19999.93,0.58,20029.8;357.7313
19999.93,0.58,20029.8;357.7313
19999.93,0.58,20029.82;357.7083
19999.93,0.58,20029.84;357.6911
19999.92,0.58,20029.86;357.6625
19999.92,0.58,20029.86;357.6625
19999.92,0.58,20029.88;357.6339
19999.92,0.58,20029.89;357.6167
19999.92,0.58,20029.89;357.6167
19999.92,0.58,20029.91;357.5995
19999.92,0.58,20029.93;357.5766
19999.92,0.58,20029.93;357.5766
19999.92,0.58,20029.95;357.5536
19999.92,0.58,20029.96;357.5307
19999.92,0.58,20029.98;357.5078
19999.92,0.58,20030;357.4849
19999.92,0.58,20030.02;357.462
19999.92,0.58,20030.04;357.4448
19999.92,0.58,20030.04;357.4448
19999.92,0.58,20030.06;357.4276
19999.91,0.58,20030.07;357.4047
19999.91,0.58,20030.07;357.4047
19999.91,0.58,20030.09;357.3818
19999.91,0.58,20030.11;357.3589
19999.91,0.58,20030.13;357.3359
19999.91,0.58,20030.13;357.3359
19999.91,0.58,20030.13;357.3359
19999.91,0.58,20030.15;357.313
19999.91,0.58,20030.15;357.313
19999.91,0.58,20030.15;357.313
19999.91,0.58,20030.17;357.2958
19999.91,0.58,20030.17;357.2958
19999.91,0.58,20030.17;357.2958
19999.91,0.58,20030.19;357.2672
19999.91,0.58,20030.21;357.2385
19999.91,0.58,20030.23;357.2213
19999.91,0.58,20030.23;357.2213
19999.91,0.58,20030.25;357.2042
19999.91,0.58,20030.27;357.1812
19999.91,0.58,20030.27;357.1812
19999.9,0.58,20030.29;357.1583
19999.9,0.58,20030.31;357.1354
19999.9,0.58,20030.31;357.1354
19999.9,0.58,20030.33;357.1125
19999.9,0.58,20030.35;357.0896
19999.9,0.58,20030.37;357.0667
19999.9,0.58,20030.37;357.0667
19999.9,0.58,20030.37;357.0667
19999.9,0.58,20030.39;357.0437
19999.9,0.58,20030.39;357.0437
19999.9,0.58,20030.39;357.0437
19999.9,0.58,20030.41;357.0208
19999.9,0.58,20030.41;357.0208
19999.9,0.58,20030.41;357.0208
19999.9,0.58,20030.44;357.0036
19999.9,0.58,20030.46;356.9865
19999.89,0.58,20030.48;356.9635
19999.89,0.58,20030.48;356.9635
19999.89,0.58,20030.5;356.9406
19999.89,0.58,20030.52;356.912
19999.89,0.58,20030.52;356.912
19999.89,0.58,20030.54;356.8833
19999.89,0.58,20030.56;356.8661
19999.89,0.58,20030.56;356.8661
19999.89,0.58,20030.59;356.8432
19999.89,0.58,20030.59;356.8432
19999.89,0.58,20030.61;356.8203
19999.89,0.58,20030.61;356.8203
19999.89,0.58,20030.61;356.8203
19999.89,0.58,20030.63;356.7974
19999.88,0.58,20030.65;356.7745
19999.88,0.58,20030.65;356.7745
19999.88,0.58,20030.67;356.7516
19999.88,0.58,20030.67;356.7516
19999.88,0.58,20030.67;356.7516
19999.88,0.58,20030.7;356.7286
19999.88,0.58,20030.72;356.7057
19999.88,0.58,20030.74;356.6828
19999.88,0.58,20030.74;356.6828
19999.88,0.58,20030.76;356.6599
19999.88,0.58,20030.79;356.637
19999.88,0.58,20030.79;356.637
19999.88,0.58,20030.81;356.614
19999.88,0.58,20030.83;356.5911
19999.88,0.58,20030.83;356.5911
19999.87,0.58,20030.86;356.5682
19999.87,0.58,20030.88;356.5453
19999.87,0.58,20030.9;356.5224
19999.87,0.58,20030.9;356.5224
19999.87,0.58,20030.93;356.4995
19999.87,0.58,20030.96;356.4766
19999.87,0.58,20030.96;356.4766
19999.87,0.58,20030.96;356.4766
19999.87,0.58,20030.98;356.4536
19999.87,0.58,20030.98;356.4536
19999.87,0.58,20031;356.4307
19999.87,0.58,20031;356.4307
19999.86,0.58,20031.03;356.4078
19999.86,0.58,20031.05;356.3792
19999.86,0.58,20031.05;356.3792
19999.86,0.58,20031.08;356.3505
19999.86,0.58,20031.1;356.3333
19999.86,0.58,20031.1;356.3333
19999.86,0.58,20031.13;356.3161
19999.86,0.58,20031.15;356.2932
19999.85,0.58,20031.18;356.2646
19999.85,0.58,20031.18;356.2646
19999.85,0.58,20031.21;356.2359
19999.85,0.58,20031.23;356.213
19999.85,0.58,20031.23;356.213
19999.85,0.58,20031.23;356.213
19999.85,0.58,20031.26;356.1901
19999.85,0.58,20031.28;356.1672
19999.84,0.58,20031.31;356.1443
19999.84,0.58,20031.34;356.1213
19999.84,0.58,20031.34;356.1213
19999.84,0.58,20031.34;356.1213
19999.84,0.58,20031.36;356.0984
19999.84,0.58,20031.38;356.0755
19999.84,0.58,20031.38;356.0755
19999.84,0.58,20031.41;356.0526
19999.84,0.58,20031.44;356.024
19999.84,0.58,20031.44;356.024
19999.83,0.58,20031.47;355.9953
19999.83,0.58,20031.49;355.9724
19999.83,0.58,20031.52;355.9495
19999.83,0.58,20031.52;355.9495
19999.83,0.58,20031.55;355.9265
19999.83,0.58,20031.58;355.8979
19999.83,0.58,20031.58;355.8979
19999.83,0.58,20031.58;355.8979
19999.82,0.58,20031.61;355.875
19999.82,0.58,20031.61;355.875
19999.82,0.58,20031.61;355.875
19999.82,0.58,20031.63;355.8463
19999.82,0.58,20031.66;355.8177
19999.82,0.58,20031.69;355.7948
19999.82,0.58,20031.69;355.7948
19999.81,0.58,20031.72;355.7719
19999.81,0.58,20031.75;355.7489
19999.81,0.58,20031.75;355.7489
19999.81,0.58,20031.78;355.726
19999.81,0.58,20031.81;355.7031
19999.81,0.58,20031.81;355.7031
19999.81,0.58,20031.84;355.6802
19999.8,0.58,20031.87;355.6516
19999.8,0.58,20031.9;355.6229
19999.8,0.58,20031.94;355.6
19999.8,0.58,20031.94;355.6
19999.8,0.58,20031.96;355.5771
19999.79,0.58,20031.99;355.5484
19999.79,0.58,20031.99;355.5484
19999.79,0.58,20032.02;355.5198
19999.79,0.58,20032.02;355.5198
19999.79,0.58,20032.02;355.5198
19999.79,0.58,20032.05;355.4969
19999.79,0.58,20032.08;355.4739
19999.79,0.58,20032.11;355.451
19999.79,0.58,20032.11;355.451
19999.79,0.58,20032.11;355.451
19999.78,0.58,20032.14;355.4224
19999.78,0.58,20032.14;355.4224
19999.78,0.58,20032.17;355.3937
19999.78,0.58,20032.21;355.3708
19999.78,0.58,20032.21;355.3708
19999.78,0.58,20032.21;355.3708
19999.78,0.58,20032.23;355.3422
19999.77,0.58,20032.27;355.3135
19999.77,0.58,20032.31;355.2906
19999.77,0.58,20032.31;355.2906
19999.77,0.58,20032.34;355.2677
19999.76,0.58,20032.38;355.239
19999.76,0.58,20032.38;355.239
19999.76,0.58,20032.4;355.2104
19999.76,0.58,20032.43;355.1875
19999.76,0.58,20032.43;355.1875
19999.76,0.58,20032.47;355.1588
19999.75,0.58,20032.5;355.1302
19999.75,0.58,20032.53;355.1073
19999.75,0.58,20032.53;355.1073
19999.75,0.58,20032.53;355.1073
19999.75,0.58,20032.56;355.0786
19999.75,0.58,20032.56;355.0786
19999.75,0.58,20032.56;355.0786
19999.74,0.58,20032.6;355.0557
19999.74,0.58,20032.6;355.0557
19999.74,0.58,20032.63;355.0328
19999.74,0.58,20032.63;355.0328
19999.74,0.58,20032.65;355.0099
19999.74,0.58,20032.66;354.9812
19999.74,0.58,20032.66;354.9812
19999.74,0.58,20032.66;354.9812
19999.74,0.58,20032.67;354.9469
19999.74,0.58,20032.67;354.9469
19999.74,0.58,20032.67;354.9469
19999.74,0.58,20032.68;354.9297
19999.74,0.58,20032.68;354.9297
19999.74,0.58,20032.7;354.901
19999.74,0.58,20032.7;354.901
19999.74,0.58,20032.7;354.901
19999.73,0.58,20032.71;354.8781
19999.73,0.58,20032.71;354.8781
19999.73,0.58,20032.71;354.8781
19999.73,0.58,20032.72;354.8552
19999.73,0.58,20032.72;354.8552
19999.73,0.58,20032.74;354.8323
19999.73,0.58,20032.77;354.8036
19999.73,0.58,20032.81;354.7807
19999.73,0.58,20032.81;354.7807
19999.72,0.58,20032.85;354.7578
19999.72,0.58,20032.85;354.7578
19999.72,0.58,20032.88;354.7349
19999.72,0.58,20032.91;354.7119
19999.72,0.58,20032.91;354.7119
19999.71,0.58,20032.94;354.689
19999.71,0.58,20032.98;354.6718
19999.71,0.58,20033.01;354.6489
19999.71,0.58,20033.01;354.6489
19999.71,0.58,20033.01;354.6489
19999.7,0.58,20033.04;354.626
19999.7,0.58,20033.04;354.626
19999.7,0.58,20033.04;354.626
19999.7,0.58,20033.08;354.6088
19999.7,0.58,20033.08;354.6088
19999.7,0.58,20033.11;354.5916
19999.7,0.58,20033.14;354.5802
19999.69,0.58,20033.17;354.563
19999.69,0.58,20033.17;354.563
19999.69,0.58,20033.2;354.5458
19999.69,0.58,20033.24;354.5344
19999.69,0.58,20033.24;354.5344
19999.69,0.58,20033.24;354.5344
19999.68,0.58,20033.26;354.5286
19999.68,0.58,20033.26;354.5286
19999.68,0.58,20033.26;354.5286
19999.68,0.58,20033.27;354.5172
19999.68,0.58,20033.27;354.5172
19999.68,0.58,20033.29;354.5
19999.68,0.58,20033.29;354.5
19999.68,0.58,20033.29;354.5
19999.68,0.58,20033.29;354.4885
19999.68,0.58,20033.29;354.4885
19999.68,0.58,20033.31;354.4771
19999.68,0.58,20033.32;354.4656
19999.68,0.58,20033.32;354.4656
19999.68,0.58,20033.34;354.4541
19999.67,0.58,20033.37;354.4427
19999.67,0.58,20033.39;354.4312
19999.67,0.58,20033.41;354.4198
19999.67,0.58,20033.41;354.4198
19999.67,0.58,20033.44;354.4083
19999.66,0.58,20033.47;354.4026
19999.66,0.58,20033.47;354.4026
19999.66,0.58,20033.5;354.3969
19999.66,0.58,20033.53;354.3854
19999.66,0.58,20033.53;354.3854
19999.65,0.58,20033.55;354.3739
19999.65,0.58,20033.57;354.3568
19999.65,0.58,20033.6;354.3453
19999.65,0.58,20033.6;354.3453
19999.65,0.58,20033.6;354.3453
19999.65,0.58,20033.63;354.3338
19999.65,0.58,20033.63;354.3338
19999.65,0.58,20033.63;354.3338
19999.65,0.58,20033.64;354.3224
19999.64,0.58,20033.66;354.3109
19999.64,0.58,20033.66;354.3109
19999.64,0.58,20033.69;354.2995
19999.64,0.58,20033.71;354.288
19999.64,0.58,20033.73;354.2708
19999.64,0.58,20033.73;354.2708
19999.64,0.58,20033.73;354.2708
19999.64,0.58,20033.74;354.2593
19999.64,0.58,20033.74;354.2593
19999.64,0.58,20033.74;354.2593
19999.63,0.58,20033.76;354.2479
19999.63,0.58,20033.76;354.2479
19999.63,0.58,20033.78;354.2365
19999.63,0.58,20033.78;354.2365
19999.63,0.58,20033.78;354.2365
19999.63,0.58,20033.8;354.225
19999.63,0.58,20033.8;354.225
19999.63,0.58,20033.82;354.2135
19999.63,0.58,20033.83;354.2021
19999.63,0.58,20033.83;354.2021
19999.63,0.58,20033.86;354.1906
19999.62,0.58,20033.88;354.1791
19999.62,0.58,20033.88;354.1791
19999.62,0.58,20033.9;354.162
19999.62,0.58,20033.92;354.1448
19999.62,0.58,20033.94;354.1333
19999.62,0.58,20033.94;354.1333
19999.61,0.58,20033.96;354.1219
19999.61,0.58,20033.99;354.1104
19999.61,0.58,20033.99;354.1104
19999.61,0.58,20034.01;354.0989
19999.61,0.58,20034.03;354.0818
19999.61,0.58,20034.03;354.0818
19999.6,0.58,20034.05;354.0703
19999.6,0.58,20034.05;354.0703
19999.6,0.58,20034.07;354.0588
19999.6,0.58,20034.09;354.0474
19999.6,0.58,20034.09;354.0474
19999.6,0.58,20034.12;354.0359
19999.6,0.58,20034.14;354.0187
19999.6,0.58,20034.14;354.0187
19999.59,0.58,20034.17;354.0015
19999.59,0.58,20034.19;353.9843
19999.59,0.58,20034.21;353.9729
19999.59,0.58,20034.24;353.9614
19999.58,0.58,20034.26;353.9442
19999.58,0.58,20034.26;353.9442
19999.58,0.58,20034.28;353.9271
19999.58,0.58,20034.3;353.9099
19999.58,0.58,20034.3;353.9099
19999.58,0.58,20034.33;353.8927
19999.57,0.58,20034.35;353.8812
19999.57,0.58,20034.37;353.864
19999.57,0.58,20034.37;353.864
19999.57,0.58,20034.37;353.864
19999.57,0.58,20034.4;353.8469
19999.57,0.58,20034.4;353.8469
19999.57,0.58,20034.4;353.8469
19999.56,0.58,20034.42;353.8297
19999.56,0.58,20034.44;353.8182
19999.56,0.58,20034.44;353.8182
19999.56,0.58,20034.46;353.8067
19999.56,0.58,20034.49;353.7896
19999.55,0.58,20034.51;353.7724
19999.55,0.58,20034.51;353.7724
19999.55,0.58,20034.53;353.7552
19999.55,0.58,20034.55;353.738
19999.55,0.58,20034.55;353.738
19999.55,0.58,20034.58;353.7208
19999.54,0.58,20034.6;353.7036
19999.54,0.58,20034.6;353.7036
19999.54,0.58,20034.62;353.6864
19999.54,0.58,20034.65;353.675
19999.54,0.58,20034.67;353.6635
19999.54,0.58,20034.69;353.6521
19999.54,0.58,20034.69;353.6521
19999.53,0.58,20034.72;353.6406
19999.53,0.58,20034.74;353.6234
19999.53,0.58,20034.74;353.6234
19999.53,0.58,20034.76;353.6062
19999.53,0.58,20034.79;353.589
19999.53,0.58,20034.79;353.589
19999.52,0.58,20034.81;353.5718
19999.52,0.58,20034.83;353.5604
19999.52,0.58,20034.85;353.5432
19999.52,0.58,20034.85;353.5432
19999.52,0.58,20034.85;353.5432
19999.51,0.58,20034.88;353.5317
19999.51,0.58,20034.88;353.5317
19999.51,0.58,20034.88;353.5317
19999.51,0.58,20034.9;353.5146
19999.51,0.58,20034.9;353.5146
19999.51,0.58,20034.9;353.5146
19999.51,0.58,20034.92;353.5031
19999.51,0.58,20034.94;353.4916
19999.5,0.58,20034.96;353.4745
19999.5,0.58,20034.96;353.4745
19999.5,0.58,20034.98;353.4573
19999.5,0.58,20035;353.4458
19999.5,0.58,20035;353.4458
19999.5,0.58,20035.02;353.4344
19999.5,0.58,20035.04;353.4171
19999.5,0.58,20035.04;353.4171
19999.49,0.58,20035.06;353.4
19999.49,0.58,20035.08;353.3885
19999.49,0.58,20035.1;353.377
19999.49,0.58,20035.1;353.377
19999.49,0.58,20035.1;353.377
19999.49,0.58,20035.12;353.3656
19999.49,0.58,20035.12;353.3656
19999.49,0.58,20035.12;353.3656
19999.48,0.58,20035.14;353.3484
19999.48,0.58,20035.14;353.3484
19999.48,0.58,20035.14;353.3484
19999.48,0.58,20035.16;353.3369
19999.48,0.58,20035.18;353.3255
19999.48,0.58,20035.2;353.314
19999.48,0.58,20035.2;353.314
19999.47,0.58,20035.22;353.3026
19999.47,0.58,20035.24;353.2911
19999.47,0.58,20035.24;353.2911
19999.47,0.58,20035.25;353.2797
19999.47,0.58,20035.27;353.2625
19999.47,0.58,20035.27;353.2625
19999.47,0.58,20035.29;353.251
19999.47,0.58,20035.29;353.251
19999.46,0.58,20035.3;353.2453
19999.46,0.58,20035.3;353.2453
19999.46,0.58,20035.3;353.2453
19999.46,0.58,20035.32;353.2396
19999.46,0.58,20035.34;353.2224
19999.46,0.58,20035.34;353.2224
19999.46,0.58,20035.35;353.2052
19999.46,0.58,20035.37;353.1995
19999.46,0.58,20035.37;353.1995
19999.46,0.58,20035.38;353.1937
19999.45,0.58,20035.4;353.188
19999.45,0.58,20035.42;353.1823
19999.45,0.58,20035.42;353.1823
19999.45,0.58,20035.43;353.1708
19999.45,0.58,20035.43;353.1708
19999.45,0.58,20035.45;353.1593
19999.45,0.58,20035.46;353.1479
19999.45,0.58,20035.46;353.1479
19999.44,0.58,20035.48;353.1364
19999.44,0.58,20035.48;353.1364
19999.44,0.58,20035.49;353.1307
19999.44,0.58,20035.49;353.1307
19999.44,0.58,20035.49;353.1307
19999.44,0.58,20035.51;353.125
19999.44,0.58,20035.51;353.125
19999.44,0.58,20035.51;353.125
19999.44,0.58,20035.52;353.1192
19999.44,0.58,20035.52;353.1192
19999.44,0.58,20035.54;353.1192
19999.44,0.58,20035.54;353.1192
19999.44,0.58,20035.55;353.1192
19999.43,0.58,20035.56;353.1192
19999.43,0.58,20035.56;353.1192
19999.43,0.58,20035.58;353.1192
19999.43,0.58,20035.59;353.1192
19999.43,0.58,20035.59;353.1192
19999.43,0.58,20035.61;353.1192
19999.43,0.58,20035.62;353.1192
19999.43,0.58,20035.63;353.1192
19999.43,0.58,20035.63;353.1192
19999.43,0.58,20035.63;353.1192
19999.42,0.58,20035.65;353.1192
19999.42,0.58,20035.66;353.1192
19999.42,0.58,20035.66;353.1192
19999.42,0.58,20035.68;353.1192
19999.42,0.58,20035.68;353.1192
19999.42,0.58,20035.68;353.1192
19999.42,0.58,20035.69;353.1135
19999.42,0.58,20035.7;353.1078
19999.42,0.58,20035.72;353.1078
19999.42,0.58,20035.72;353.1078
19999.41,0.58,20035.73;353.1078
19999.41,0.58,20035.75;353.1021
19999.41,0.58,20035.75;353.1021
19999.41,0.58,20035.76;353.0963
19999.41,0.58,20035.77;353.0849
19999.41,0.58,20035.77;353.0849
19999.41,0.58,20035.78;353.0734
19999.41,0.58,20035.79;353.0677
19999.4,0.58,20035.8;353.0562
19999.4,0.58,20035.8;353.0562
19999.4,0.58,20035.8;353.0562
19999.4,0.58,20035.81;353.0448
19999.4,0.58,20035.81;353.0448
19999.4,0.58,20035.81;353.0448
19999.4,0.58,20035.82;353.0333
19999.4,0.58,20035.82;353.0333
19999.4,0.58,20035.82;353.0333
19999.4,0.58,20035.84;353.0219
19999.4,0.58,20035.85;353.0047
19999.4,0.58,20035.86;352.9932
19999.4,0.58,20035.86;352.9932
19999.4,0.58,20035.87;352.9818
19999.39,0.58,20035.88;352.9588
19999.39,0.58,20035.88;352.9588
19999.39,0.58,20035.9;352.9359
19999.39,0.58,20035.91;352.913
19999.39,0.58,20035.91;352.913
19999.39,0.58,20035.92;352.8901
19999.39,0.58,20035.93;352.8729
19999.39,0.58,20035.95;352.8557
19999.38,0.58,20035.96;352.8328
19999.38,0.58,20035.96;352.8328
19999.38,0.58,20035.97;352.8099
19999.38,0.58,20035.98;352.7927
19999.38,0.58,20035.98;352.7927
19999.38,0.58,20036;352.7812
19999.38,0.58,20036;352.7812
19999.38,0.58,20036;352.7812
19999.38,0.58,20036.01;352.764
19999.38,0.58,20036.02;352.7469
19999.38,0.58,20036.04;352.7354
19999.38,0.58,20036.04;352.7354
19999.38,0.58,20036.05;352.7239
19999.37,0.58,20036.06;352.7125
19999.37,0.58,20036.06;352.7125
19999.37,0.58,20036.08;352.701
19999.37,0.58,20036.09;352.6838
19999.37,0.58,20036.09;352.6838
19999.37,0.58,20036.1;352.6666
19999.37,0.58,20036.12;352.6552
19999.36,0.58,20036.13;352.638
19999.36,0.58,20036.13;352.638
19999.36,0.58,20036.13;352.638
19999.36,0.58,20036.14;352.6208
19999.36,0.58,20036.16;352.6036
19999.36,0.58,20036.16;352.6036
19999.36,0.58,20036.17;352.5922
19999.36,0.58,20036.17;352.5922
19999.36,0.58,20036.18;352.5807
19999.36,0.58,20036.19;352.5692
19999.35,0.58,20036.2;352.5521
19999.35,0.58,20036.2;352.5521
19999.35,0.58,20036.21;352.5349
19999.35,0.58,20036.23;352.5234
19999.35,0.58,20036.23;352.5234
19999.35,0.58,20036.24;352.5119
19999.35,0.58,20036.25;352.5005
19999.35,0.58,20036.25;352.5005
19999.35,0.58,20036.26;352.4833
19999.35,0.58,20036.26;352.4833
19999.35,0.58,20036.27;352.4661
19999.34,0.58,20036.28;352.4547
19999.34,0.58,20036.28;352.4547
19999.34,0.58,20036.29;352.4432
19999.34,0.58,20036.3;352.4317
19999.34,0.58,20036.3;352.4317
19999.34,0.58,20036.31;352.4203
19999.34,0.58,20036.32;352.4088
19999.34,0.58,20036.33;352.3974
19999.34,0.58,20036.33;352.3974
19999.34,0.58,20036.34;352.3859
19999.33,0.58,20036.35;352.3745
19999.33,0.58,20036.35;352.3745
19999.33,0.58,20036.36;352.363
19999.33,0.58,20036.37;352.3515
19999.33,0.58,20036.37;352.3515
19999.33,0.58,20036.37;352.3401
19999.33,0.58,20036.38;352.3229
19999.33,0.58,20036.38;352.3229
19999.33,0.58,20036.39;352.3114
19999.33,0.58,20036.39;352.3114
19999.33,0.58,20036.39;352.3
19999.33,0.58,20036.4;352.2885
19999.33,0.58,20036.4;352.2885
19999.33,0.58,20036.41;352.277
19999.33,0.58,20036.41;352.2656
19999.33,0.58,20036.41;352.2656
19999.33,0.58,20036.42;352.2541
19999.32,0.58,20036.43;352.2427
19999.32,0.58,20036.43;352.2369
19999.32,0.58,20036.43;352.2369
19999.32,0.58,20036.43;352.2312
19999.32,0.58,20036.44;352.2255
19999.32,0.58,20036.44;352.2255
19999.32,0.58,20036.44;352.2255
19999.32,0.58,20036.44;352.2198
19999.32,0.58,20036.44;352.2198
19999.32,0.58,20036.44;352.2198
19999.32,0.58,20036.45;352.214
19999.32,0.58,20036.45;352.2083
19999.32,0.58,20036.46;352.2026
19999.32,0.58,20036.46;352.2026
19999.32,0.58,20036.46;352.1968
19999.32,0.58,20036.46;352.1854
19999.32,0.58,20036.46;352.1854
19999.32,0.58,20036.46;352.1739
19999.32,0.58,20036.47;352.1739
19999.32,0.58,20036.47;352.1739
19999.32,0.58,20036.47;352.1739
19999.32,0.58,20036.47;352.1739
19999.32,0.58,20036.47;352.1682
19999.32,0.58,20036.47;352.1682
19999.32,0.58,20036.47;352.1682
19999.32,0.58,20036.47;352.1625
19999.32,0.58,20036.47;352.1625
19999.32,0.58,20036.47;352.1625
19999.32,0.58,20036.48;352.1567
19999.32,0.58,20036.48;352.1567
19999.32,0.58,20036.48;352.1567
19999.32,0.58,20036.48;352.1567
19999.32,0.58,20036.48;352.1567
19999.32,0.58,20036.48;352.151
19999.32,0.58,20036.48;352.151
19999.32,0.58,20036.48;352.151
19999.32,0.58,20036.48;352.151
19999.32,0.58,20036.48;352.151
19999.32,0.58,20036.48;352.151
19999.32,0.58,20036.49;352.151
19999.32,0.58,20036.49;352.151
19999.32,0.58,20036.49;352.151
19999.32,0.58,20036.49;352.151
19999.32,0.58,20036.49;352.1453
19999.32,0.58,20036.49;352.1453
19999.32,0.58,20036.49;352.1453
19999.32,0.58,20036.49;352.1396
19999.32,0.58,20036.49;352.1396
19999.32,0.58,20036.49;352.1396
19999.32,0.58,20036.49;352.1396
19999.32,0.58,20036.49;352.1396
19999.32,0.58,20036.49;352.1396
19999.32,0.58,20036.48;352.1396
19999.32,0.58,20036.48;352.1396
19999.32,0.58,20036.48;352.1396
19999.32,0.58,20036.48;352.1396
19999.32,0.58,20036.47;352.1396
19999.32,0.58,20036.47;352.1396
19999.32,0.58,20036.47;352.1396
19999.32,0.58,20036.47;352.1396
19999.32,0.58,20036.47;352.1396
19999.32,0.58,20036.47;352.1396
19999.32,0.58,20036.46;352.1396
19999.32,0.58,20036.46;352.1396
19999.32,0.58,20036.46;352.1396
19999.32,0.58,20036.46;352.1396
19999.32,0.58,20036.46;352.1396
19999.32,0.58,20036.46;352.1396
19999.32,0.58,20036.45;352.1396
19999.32,0.58,20036.45;352.1396
19999.32,0.58,20036.45;352.1396
19999.32,0.58,20036.45;352.1396
19999.32,0.58,20036.45;352.1396
19999.32,0.58,20036.44;352.1396
19999.32,0.58,20036.44;352.1396
19999.32,0.58,20036.44;352.1396
19999.32,0.58,20036.44;352.1396
19999.32,0.58,20036.44;352.1396
19999.32,0.58,20036.44;352.1396
19999.32,0.58,20036.43;352.1396
19999.32,0.58,20036.43;352.1396
19999.32,0.58,20036.43;352.1396
19999.33,0.58,20036.42;352.1396
19999.33,0.58,20036.42;352.1396
19999.33,0.58,20036.41;352.1396
19999.33,0.58,20036.41;352.1396
19999.33,0.58,20036.41;352.1396
19999.33,0.58,20036.41;352.1396
19999.33,0.58,20036.41;352.1396
19999.33,0.58,20036.41;352.1396
19999.33,0.58,20036.4;352.1396
19999.33,0.58,20036.4;352.1396
19999.33,0.58,20036.39;352.1396
19999.33,0.58,20036.39;352.1396
19999.33,0.58,20036.39;352.1396
19999.33,0.58,20036.39;352.1396
19999.33,0.58,20036.39;352.1396
19999.33,0.58,20036.38;352.1396
19999.33,0.58,20036.38;352.1396
19999.33,0.58,20036.38;352.1396
19999.33,0.58,20036.37;352.1396
19999.33,0.58,20036.37;352.1396
19999.33,0.58,20036.36;352.1396
19999.33,0.58,20036.36;352.1396
19999.33,0.58,20036.36;352.1396
19999.33,0.58,20036.36;352.1396
19999.33,0.58,20036.36;352.1396
19999.33,0.58,20036.36;352.1396
19999.34,0.58,20036.35;352.1396
19999.34,0.58,20036.35;352.1396
19999.34,0.58,20036.35;352.1396
19999.34,0.58,20036.34;352.1396
19999.34,0.58,20036.34;352.1396
19999.34,0.58,20036.33;352.1396
19999.34,0.58,20036.33;352.1396
19999.34,0.58,20036.33;352.1396
19999.34,0.58,20036.32;352.1396
19999.34,0.58,20036.31;352.1453
19999.34,0.58,20036.31;352.1453
19999.34,0.58,20036.3;352.151
19999.34,0.58,20036.3;352.151
19999.34,0.58,20036.3;352.151
19999.34,0.58,20036.29;352.1567
19999.34,0.58,20036.29;352.1567
19999.35,0.58,20036.28;352.1624
19999.35,0.58,20036.28;352.1624
19999.35,0.58,20036.28;352.1624
19999.35,0.58,20036.27;352.1682
19999.35,0.58,20036.27;352.1682
19999.35,0.58,20036.27;352.1682
19999.35,0.58,20036.26;352.1739
19999.35,0.58,20036.26;352.1739
19999.35,0.58,20036.26;352.1739
19999.35,0.58,20036.25;352.1797
19999.35,0.58,20036.24;352.1854
19999.35,0.58,20036.24;352.1854
19999.35,0.58,20036.24;352.1854
19999.35,0.58,20036.23;352.1911
19999.35,0.58,20036.23;352.1911
19999.35,0.58,20036.23;352.1911
19999.35,0.58,20036.22;352.1968
19999.35,0.58,20036.22;352.1968
19999.35,0.58,20036.22;352.1968
19999.36,0.58,20036.21;352.2026
19999.36,0.58,20036.21;352.2026
19999.36,0.58,20036.2;352.2083
19999.36,0.58,20036.2;352.2083
19999.36,0.58,20036.2;352.2083
19999.36,0.58,20036.19;352.214
19999.36,0.58,20036.19;352.214
19999.36,0.58,20036.19;352.214
19999.36,0.58,20036.18;352.2198
19999.36,0.58,20036.18;352.2198
19999.36,0.58,20036.18;352.2198
19999.36,0.58,20036.16;352.2255
19999.36,0.58,20036.16;352.2312
19999.36,0.58,20036.16;352.2312
19999.36,0.58,20036.16;352.2312
19999.36,0.58,20036.14;352.2369
19999.36,0.58,20036.14;352.2369
19999.36,0.58,20036.14;352.2369
19999.37,0.58,20036.13;352.2427
19999.37,0.58,20036.13;352.2427
19999.37,0.58,20036.13;352.2427
19999.37,0.58,20036.13;352.2427
19999.37,0.58,20036.13;352.2484
19999.37,0.58,20036.12;352.2541
19999.37,0.58,20036.12;352.2541
19999.37,0.58,20036.12;352.2541
19999.37,0.58,20036.11;352.2599
19999.37,0.58,20036.11;352.2599
19999.37,0.58,20036.1;352.2656
19999.37,0.58,20036.1;352.2656
19999.37,0.58,20036.1;352.2656
19999.37,0.58,20036.09;352.2656
19999.37,0.58,20036.09;352.2656
19999.37,0.58,20036.08;352.2656
19999.37,0.58,20036.08;352.2656
19999.37,0.58,20036.08;352.2656
19999.37,0.58,20036.07;352.2656
19999.37,0.58,20036.07;352.2656
19999.37,0.58,20036.07;352.2656
19999.38,0.58,20036.06;352.2656
19999.38,0.58,20036.06;352.2656
19999.38,0.58,20036.06;352.2656
19999.38,0.58,20036.06;352.2656
19999.38,0.58,20036.05;352.2656
19999.38,0.58,20036.04;352.2656
19999.38,0.58,20036.04;352.2656
19999.38,0.58,20036.04;352.2656
19999.38,0.58,20036.03;352.2656
19999.38,0.58,20036.03;352.2656
19999.38,0.58,20036.03;352.2656
19999.38,0.58,20036.03;352.2656
19999.38,0.58,20036.02;352.2656
19999.38,0.58,20036.02;352.2656
19999.38,0.58,20036.02;352.2656
19999.38,0.58,20036.01;352.2656
19999.38,0.58,20036.01;352.2656
19999.38,0.58,20036.01;352.2656
19999.38,0.58,20036.01;352.2656
19999.38,0.58,20036.01;352.2656
19999.38,0.58,20036.01;352.2656
19999.38,0.58,20036.01;352.2656
19999.38,0.58,20036.01;352.2656
19999.38,0.58,20036;352.2656
19999.38,0.58,20036;352.2656
19999.38,0.58,20036;352.2656
19999.38,0.58,20036;352.2599
19999.38,0.58,20036;352.2599
19999.38,0.58,20036;352.2541
19999.38,0.58,20036;352.2541
19999.38,0.58,20036;352.2541
19999.38,0.58,20036;352.2541
19999.38,0.58,20036;352.2541
19999.38,0.58,20036;352.2541
19999.38,0.58,20036;352.2541
19999.38,0.58,20036;352.2541
19999.38,0.58,20036;352.2541
19999.38,0.58,20036;352.2541
19999.38,0.58,20036;352.2541
19999.38,0.58,20036.01;352.2541
19999.38,0.58,20036.01;352.2541
19999.38,0.58,20036.01;352.2541
19999.38,0.58,20036.01;352.2541
19999.38,0.58,20036.02;352.2484
19999.38,0.58,20036.02;352.2484
19999.38,0.58,20036.02;352.2484
19999.38,0.58,20036.02;352.2484
19999.38,0.58,20036.03;352.2484
19999.38,0.58,20036.03;352.2484
19999.38,0.58,20036.03;352.2484
19999.38,0.58,20036.03;352.2484
19999.38,0.58,20036.03;352.2484
19999.38,0.58,20036.04;352.2484
19999.38,0.58,20036.04;352.2427
19999.38,0.58,20036.05;352.2427
19999.38,0.58,20036.05;352.2427
19999.38,0.58,20036.05;352.2427
19999.38,0.58,20036.06;352.2427
19999.38,0.58,20036.06;352.2427
19999.38,0.58,20036.06;352.2427
19999.37,0.58,20036.07;352.2369
19999.37,0.58,20036.07;352.2369
19999.37,0.58,20036.07;352.2369
19999.37,0.58,20036.07;352.2369
19999.37,0.58,20036.08;352.2369
19999.37,0.58,20036.08;352.2312
19999.37,0.58,20036.08;352.2312
19999.37,0.58,20036.08;352.2312
19999.37,0.58,20036.09;352.2255
19999.37,0.58,20036.09;352.2255
19999.37,0.58,20036.09;352.2255
19999.37,0.58,20036.1;352.214
19999.37,0.58,20036.1;352.214
19999.37,0.58,20036.1;352.214
19999.37,0.58,20036.11;352.2083
19999.37,0.58,20036.12;352.2026
19999.37,0.58,20036.12;352.2026
19999.37,0.58,20036.12;352.2026
19999.37,0.58,20036.13;352.1968
19999.36,0.58,20036.15;352.1854
19999.36,0.58,20036.15;352.1854
19999.36,0.58,20036.17;352.1739
19999.36,0.58,20036.17;352.1739
19999.36,0.58,20036.17;352.1739
19999.36,0.58,20036.18;352.1624
19999.36,0.58,20036.2;352.151
19999.35,0.58,20036.22;352.1395
19999.35,0.58,20036.22;352.1395
19999.35,0.58,20036.24;352.1281
19999.35,0.58,20036.26;352.1109
19999.35,0.58,20036.26;352.1109
19999.35,0.58,20036.28;352.0937
19999.34,0.58,20036.29;352.0822
19999.34,0.58,20036.29;352.0822
19999.34,0.58,20036.32;352.0708
19999.34,0.58,20036.34;352.0536
19999.33,0.58,20036.36;352.0364
19999.33,0.58,20036.38;352.0192
19999.33,0.58,20036.38;352.0192
19999.33,0.58,20036.4;352.002
19999.33,0.58,20036.42;351.9849
19999.33,0.58,20036.42;351.9849
19999.32,0.58,20036.44;351.9677
19999.32,0.58,20036.47;351.9562
19999.32,0.58,20036.47;351.9562
19999.31,0.58,20036.49;351.939
19999.31,0.58,20036.52;351.9218
19999.31,0.58,20036.54;351.9046
19999.31,0.58,20036.54;351.9046
19999.3,0.58,20036.56;351.8875
19999.3,0.58,20036.59;351.8703
19999.3,0.58,20036.59;351.8703
19999.3,0.58,20036.59;351.8703
19999.3,0.58,20036.62;351.8531
19999.3,0.58,20036.62;351.8531
19999.29,0.58,20036.64;351.8359
19999.29,0.58,20036.64;351.8359
19999.29,0.58,20036.67;351.8187
19999.29,0.58,20036.7;351.8015
19999.29,0.58,20036.7;351.8015
19999.28,0.58,20036.72;351.7843
19999.28,0.58,20036.75;351.7672
19999.28,0.58,20036.75;351.7672
19999.27,0.58,20036.78;351.7499
19999.27,0.58,20036.81;351.7328
19999.27,0.58,20036.81;351.7328
19999.27,0.58,20036.84;351.7098
19999.27,0.58,20036.84;351.7098
19999.26,0.58,20036.87;351.6927
19999.26,0.58,20036.87;351.6927
19999.26,0.58,20036.87;351.6927
19999.26,0.58,20036.89;351.6697
19999.26,0.58,20036.89;351.6697
19999.26,0.58,20036.89;351.6697
19999.25,0.58,20036.93;351.6526
19999.25,0.58,20036.93;351.6526
19999.25,0.58,20036.96;351.6354
19999.25,0.58,20036.96;351.6354
19999.24,0.58,20036.99;351.6182
19999.24,0.58,20037.03;351.5953
19999.24,0.58,20037.03;351.5953
19999.23,0.58,20037.06;351.5724
19999.23,0.58,20037.1;351.5551
19999.23,0.58,20037.1;351.5551
19999.22,0.58,20037.12;351.538
19999.22,0.58,20037.15;351.5208
19999.21,0.58,20037.19;351.4979
19999.21,0.58,20037.19;351.4979
19999.21,0.58,20037.19;351.4979
19999.21,0.58,20037.22;351.4749
19999.21,0.58,20037.22;351.4749
19999.21,0.58,20037.22;351.4749
19999.2,0.58,20037.25;351.452
19999.2,0.58,20037.25;351.452
19999.2,0.58,20037.25;351.452
19999.2,0.58,20037.29;351.4291
19999.19,0.58,20037.32;351.4119
19999.19,0.58,20037.35;351.3947
19999.19,0.58,20037.35;351.3947
19999.19,0.58,20037.38;351.3776
19999.18,0.58,20037.41;351.3546
19999.18,0.58,20037.41;351.3546
19999.17,0.58,20037.45;351.3317
19999.17,0.58,20037.48;351.3145
19999.17,0.58,20037.48;351.3145
19999.16,0.58,20037.53;351.2973
19999.16,0.58,20037.57;351.2802
19999.15,0.58,20037.6;351.263
19999.15,0.58,20037.63;351.2401
19999.15,0.58,20037.63;351.2401
19999.14,0.58,20037.67;351.2171
19999.13,0.58,20037.71;351.1942
19999.13,0.58,20037.71;351.1942
19999.13,0.58,20037.75;351.1713
19999.12,0.58,20037.78;351.1541
19999.12,0.58,20037.78;351.1541
19999.12,0.58,20037.81;351.1369
19999.11,0.58,20037.85;351.114
19999.11,0.58,20037.89;351.0968
19999.11,0.58,20037.89;351.0968
19999.11,0.58,20037.89;351.0968
19999.1,0.58,20037.93;351.0796
19999.09,0.58,20037.97;351.0567
19999.09,0.58,20037.97;351.0567
19999.09,0.58,20038;351.0338
19999.08,0.58,20038.04;351.0166
19999.08,0.58,20038.04;351.0166
19999.08,0.58,20038.08;350.9937
19999.07,0.58,20038.12;350.9708
19999.06,0.58,20038.16;350.9536
19999.06,0.58,20038.16;350.9536
19999.06,0.58,20038.16;350.9536
19999.06,0.58,20038.2;350.9307
19999.06,0.58,20038.2;350.9307
19999.06,0.58,20038.2;350.9307
19999.05,0.58,20038.24;350.9135
19999.05,0.58,20038.24;350.9135
19999.05,0.58,20038.24;350.9135
19999.04,0.58,20038.29;350.8963
19999.04,0.58,20038.33;350.8791
19999.03,0.58,20038.36;350.8562
19999.02,0.58,20038.41;350.8333
19999.02,0.58,20038.45;350.8161
19999.02,0.58,20038.45;350.8161
19999.01,0.58,20038.49;350.7989
19999,0.58,20038.54;350.776
19999,0.58,20038.54;350.776
19999,0.58,20038.57;350.7588
19998.99,0.58,20038.62;350.7416
19998.98,0.58,20038.66;350.7244
19998.98,0.58,20038.66;350.7244
19998.98,0.58,20038.7;350.7072
19998.97,0.58,20038.74;350.69
19998.97,0.58,20038.74;350.69
19998.96,0.58,20038.78;350.6729
19998.96,0.58,20038.82;350.6499
19998.96,0.58,20038.82;350.6499
19998.95,0.58,20038.87;350.6328
19998.95,0.58,20038.87;350.6328
19998.94,0.58,20038.91;350.6156
19998.93,0.58,20038.95;350.5984
19998.93,0.58,20038.95;350.5984
19998.93,0.58,20039;350.5812
19998.92,0.58,20039.04;350.5583
19998.92,0.58,20039.04;350.5583
19998.91,0.58,20039.09;350.5354
19998.9,0.58,20039.13;350.5182
19998.9,0.58,20039.18;350.4952
19998.9,0.58,20039.18;350.4952
19998.89,0.58,20039.22;350.4723
19998.88,0.58,20039.27;350.4551
19998.88,0.58,20039.27;350.4551
19998.87,0.58,20039.32;350.438
19998.87,0.58,20039.36;350.4208
19998.87,0.58,20039.36;350.4208
19998.86,0.58,20039.41;350.4036
19998.85,0.58,20039.46;350.3807
19998.85,0.58,20039.46;350.3807
19998.84,0.58,20039.5;350.3635
19998.84,0.58,20039.5;350.3635
19998.83,0.58,20039.54;350.3463
19998.83,0.58,20039.59;350.3234
19998.83,0.58,20039.59;350.3234
19998.82,0.58,20039.64;350.3004
19998.81,0.58,20039.69;350.2833
19998.81,0.58,20039.69;350.2833
19998.8,0.58,20039.73;350.2661
19998.79,0.58,20039.77;350.2432
19998.79,0.58,20039.82;350.226
19998.79,0.58,20039.82;350.226
19998.79,0.58,20039.82;350.226
19998.78,0.58,20039.87;350.2031
19998.78,0.58,20039.87;350.2031
19998.78,0.58,20039.87;350.2031
19998.77,0.58,20039.91;350.1859
19998.77,0.58,20039.91;350.1859
19998.77,0.58,20039.91;350.1859
19998.76,0.58,20039.96;350.1687
19998.75,0.58,20040.02;350.1515
19998.74,0.58,20040.06;350.1343
19998.74,0.58,20040.06;350.1343
19998.74,0.58,20040.11;350.1171
19998.73,0.58,20040.15;350.0942
19998.73,0.58,20040.15;350.0942
19998.72,0.58,20040.2;350.0713
19998.71,0.58,20040.25;350.0541
19998.71,0.58,20040.25;350.0541
19998.71,0.58,20040.3;350.0369
19998.7,0.58,20040.34;350.0197
19998.69,0.58,20040.39;350.0025
19998.68,0.58,20040.44;349.9796
19998.68,0.58,20040.44;349.9796
19998.67,0.58,20040.47;349.9567
19998.67,0.58,20040.51;349.9395
19998.67,0.58,20040.51;349.9395
19998.66,0.58,20040.55;349.9223
19998.65,0.58,20040.59;349.9052
19998.65,0.58,20040.59;349.9052
19998.64,0.58,20040.64;349.8879
19998.63,0.58,20040.7;349.8708
19998.62,0.58,20040.75;349.8478
19998.62,0.58,20040.75;349.8478
19998.62,0.58,20040.8;349.8249
19998.61,0.58,20040.84;349.8077
19998.61,0.58,20040.84;349.8077
19998.6,0.58,20040.9;349.7906
19998.59,0.58,20040.95;349.7676
19998.59,0.58,20040.95;349.7676
19998.58,0.58,20041.01;349.7447
19998.57,0.58,20041.06;349.7275
19998.56,0.58,20041.1;349.7104
19998.56,0.58,20041.1;349.7104
19998.56,0.58,20041.1;349.7104
19998.55,0.58,20041.16;349.6874
19998.55,0.58,20041.16;349.6874
19998.54,0.58,20041.21;349.6703
19998.54,0.58,20041.21;349.6703
19998.54,0.58,20041.21;349.6703
19998.53,0.58,20041.26;349.6588
19998.53,0.58,20041.29;349.6473
19998.52,0.58,20041.31;349.6244
19998.52,0.58,20041.31;349.6244
19998.52,0.58,20041.31;349.6244
19998.52,0.58,20041.34;349.6072
19998.52,0.58,20041.34;349.6072
19998.51,0.58,20041.37;349.59
19998.51,0.58,20041.4;349.5728
19998.51,0.58,20041.4;349.5728
19998.49,0.58,20041.46;349.5499
19998.49,0.58,20041.46;349.5499
19998.48,0.58,20041.52;349.5327
19998.48,0.58,20041.52;349.5327
19998.48,0.58,20041.52;349.5327
19998.47,0.58,20041.56;349.5098
19998.47,0.58,20041.56;349.5098
19998.47,0.58,20041.56;349.5098
19998.46,0.58,20041.62;349.4926
19998.46,0.58,20041.62;349.4926
19998.46,0.58,20041.62;349.4926
19998.46,0.58,20041.68;349.4755
19998.45,0.58,20041.72;349.4583
19998.44,0.58,20041.77;349.4353
19998.44,0.58,20041.77;349.4353
19998.43,0.58,20041.83;349.4124
19998.42,0.58,20041.89;349.3895
19998.42,0.58,20041.89;349.3895
19998.41,0.58,20041.91;349.3666
19998.41,0.58,20041.94;349.3494
19998.41,0.58,20041.94;349.3494
19998.4,0.58,20041.98;349.3322
19998.4,0.58,20041.98;349.3322
19998.4,0.58,20041.99;349.315
19998.39,0.58,20041.99;349.2921
19998.39,0.58,20041.99;349.2921
19998.38,0.58,20042.04;349.2692
19998.38,0.58,20042.09;349.252
19998.38,0.58,20042.09;349.252
19998.37,0.58,20042.15;349.2348
19998.36,0.58,20042.21;349.2119
19998.34,0.58,20042.26;349.189
19998.34,0.58,20042.26;349.189
19998.34,0.58,20042.26;349.189
19998.34,0.58,20042.31;349.1718
19998.34,0.58,20042.31;349.1718
19998.34,0.58,20042.31;349.1718
19998.32,0.58,20042.37;349.1546
19998.32,0.58,20042.37;349.1546
19998.32,0.58,20042.37;349.1546
19998.31,0.58,20042.42;349.1317
19998.31,0.58,20042.42;349.1317
19998.3,0.58,20042.48;349.1145
19998.3,0.58,20042.48;349.1145
19998.3,0.58,20042.48;349.1145
19998.29,0.58,20042.54;349.0916
19998.29,0.58,20042.54;349.0916
19998.28,0.58,20042.6;349.0687
19998.27,0.58,20042.65;349.0515
