20000,0.5,20000;0
20000,0.58,20000.46;359.6706
19999.99,0.58,20001.1;359.3698
19999.98,0.58,20001.73;359.0546
19999.97,0.58,20002.21;358.7252
19999.95,0.58,20002.79;358.3671
19999.93,0.58,20003.42;357.9947
19999.9,0.58,20004.05;357.6938
19999.88,0.58,20004.65;357.4074
19999.85,0.58,20005.25;357.0779
19999.81,0.58,20005.89;356.7771
19999.77,0.58,20006.52;356.4047
19999.73,0.58,20007.15;356.0323
19999.68,0.58,20007.79;355.6599
19999.63,0.58,20008.4;355.359
19999.58,0.58,20009.03;355.0726
19999.52,0.58,20009.66;354.7288
19999.46,0.58,20010.3;354.3994
19999.4,0.58,20010.81;354.0413
19999.33,0.58,20011.43;353.7548
19999.26,0.58,20012.06;353.4396
19999.19,0.58,20012.69;353.0815
19999.11,0.58,20013.32;352.7951
19999.03,0.58,20013.88;352.4799
19998.95,0.58,20014.45;352.1648
19998.86,0.58,20015.08;351.7924
19998.78,0.58,20015.62;351.3913
19998.7,0.58,20016.16;351.0189
19998.59,0.58,20016.79;350.7038
19998.5,0.58,20017.32;350.3457
19998.39,0.58,20017.95;350.0019
19998.28,0.58,20018.56;349.6438
19998.18,0.58,20019.07;349.257
19998.07,0.58,20019.66;348.9133
19997.95,0.58,20020.24;348.6411
19997.82,0.58,20020.85;348.326
19997.7,0.58,20021.46;347.9966
19997.56,0.58,20022.06;347.7244
19997.45,0.58,20022.56;347.3949
19997.32,0.58,20023.16;347.1228
19997.18,0.58,20023.73;346.822
19997.05,0.58,20024.28;346.5498
19996.9,0.58,20024.9;346.2347
19996.76,0.58,20025.47;345.9769
19996.72,0.58,20025.6;345.6617
19996.69,0.58,20025.74;345.318
19996.64,0.58,20025.92;344.9599
19996.48,0.58,20026.48;344.6018
19996.31,0.58,20027.09;344.3153
19996.16,0.58,20027.63;343.9715
19996,0.58,20028.17;343.6993
19995.82,0.58,20028.78;343.3699
19995.63,0.58,20029.38;343.0834
19995.44,0.58,20029.99;342.7397
19995.28,0.58,20030.51;342.3815
19995.09,0.58,20031.1;342.0234
19994.9,0.58,20031.67;341.7513
19994.71,0.58,20032.25;341.5078
19994.53,0.58,20032.76;341.164
19994.34,0.58,20033.33;340.8632
19994.17,0.58,20033.81;340.5194
19993.98,0.58,20034.32;340.19
19993.77,0.58,20034.9;339.8319
19993.55,0.58,20035.48;339.5311
19993.33,0.58,20036.06;339.2016
19993.1,0.58,20036.65;338.9151
19992.9,0.58,20037.16;338.5857
19992.7,0.58,20037.67;338.3135
19992.46,0.58,20038.26;337.9841
19992.26,0.58,20038.75;337.626
19992.02,0.58,20039.33;337.3538
19991.78,0.58,20039.89;337.0244
19991.54,0.58,20040.45;336.7236
19991.33,0.58,20040.93;336.4228
19991.09,0.58,20041.48;336.036
19990.88,0.58,20041.94;335.7066
