20018,0.58,20000;0
20018,1.08,20000;359.9427
20018,1.08,20000;359.9427
20018,1.08,20000;359.9427
20018,1.08,20000;359.9427
20018,1.08,20000;359.9427
20018,1.08,20000;359.9427
20018,1.08,20000;359.9427
20018,1.08,20000;359.9427
20018,1.08,20000;359.9427
20018,1.08,20000;359.9427
20018,1.08,20000;359.9427
20018,1.08,20000;359.9427
20018,1.08,20000;359.9427
20018,1.08,20000;359.9427
20018,1.08,20000;359.9427
20018,1.08,20000;359.9427
20018,1.08,20000;359.9427
20018,1.08,20000;359.9427
20018,1.08,20000;359.9427
20018,1.08,20000;359.9427
20018,1.08,20000;359.9427
20018,1.08,20000;359.9427
20018,1.08,20000;359.9427
20018,1.08,20000;359.9427
20018,1.08,20000;359.9427
20018,1.08,20000;359.9427
20018,1.08,20000;359.9427
20018,1.08,20000;359.9427
20018,1.08,20000;359.9427
20018,1.08,20000;359.9427
20018,1.08,20000;359.9427
20018,1.08,20000;359.9427
20018,1.08,20000;359.9427
20018,1.08,20000;359.9427
20018,1.08,20000;359.9427
20018,1.08,20000;359.9427
20018,1.08,20000;359.9427
20018,1.08,20000;359.9427
20018,1.08,20000;359.9427
20018,1.08,20000;359.9427
20018,1.08,20000;359.9427
20018,1.08,20000;359.9427
20018,1.08,20000;359.9427
20018,1.08,20000;359.9427
20018,1.08,20000;359.9427
20018,1.08,20000;359.9427
20018,1.08,20000;359.9427
20018,1.08,20000;359.9427
20018,1.08,20000;359.9427
20018,1.08,20000;359.9427
20018,1.58,20000;359.9427
20018,1.58,20000;359.9427
20018,1.58,20000;359.9427
20018,1.58,20000;359.9427
20018,1.58,20000;359.9427
20018,1.58,20000;359.9427
20018,1.58,20000;359.9427
20018,1.58,20000;359.9427
20018,1.58,20000;359.9427
20018,1.58,20000;359.9427
20018,1.58,20000;359.9427
20018,1.58,20000;359.9427
20018,1.58,20000;359.9427
20018,1.58,20000;359.9427
20018,1.58,20000;359.9427
20018,1.58,20000;359.9427
20018,1.58,20000;359.9427
20018,1.58,20000;359.9427
20018,1.58,20000;359.9427
20018,1.58,20000;359.9427
20018,1.58,20000;359.9427
20018,1.58,20000;359.9427
20018,1.58,20000;359.9427
20018,1.58,20000;359.9427
20018,1.58,20000;359.9427
20018,1.58,20000;359.9427
20018,1.58,20000;359.9427
20018,1.58,20000;359.9427
20018,1.58,20000;359.9427
20018,1.58,20000;359.9427
20018,1.58,20000;359.9427
20018,1.58,20000;359.9427
20018,1.58,20000;359.9427
20018,1.58,20000;359.9427
20018,1.58,20000;359.9427
20018,1.58,20000;359.9427
20018,1.58,20000;359.9427
20018,1.58,20000;359.9427
20018,1.58,20000;359.9427
20018,1.58,20000;359.9427
20018,1.58,20000;359.9427
20018,1.58,20000;359.9427
20018,1.58,20000;359.9427
20018,1.58,20000;359.9427
20018,1.58,20000;359.9427
20018,1.58,20000;359.9427
20018,1.58,20000;359.9427
20018,1.58,20000;359.9427
20018,1.58,20000;359.9427
20018,1.58,20000;359.9427
20018,1.58,20000;359.9427
20018,1.58,20000;359.9427
20018,1.58,20000;359.9427
20018,1.58,20000;359.9427
20018,1.58,20000;359.9427
20018,1.58,20000;359.9427
20018,1.58,20000;359.9427
20018,1.58,20000;359.9427
20018,1.58,20000;359.9427
20018,1.58,20000;359.9427
20018,1.58,20000;359.9427
20018,1.58,20000;359.9427
20018,1.58,20000;359.9427
20018,1.58,20000;359.9427
20018,1.58,20000;359.9427
20018,1.58,20000;359.9427
20018,1.58,20000;359.9427
20018,1.58,20000;359.9427
20018,1.58,20000;359.9427
20018,1.58,20000;359.9427
20018,1.58,20000;359.9427
20018,1.58,20000;359.9427
20018,1.58,20000;359.9427
20018,1.58,20000;359.9427
20018,1.58,20000;359.9427
20018,1.58,20000;359.9427
20018,1.58,20000;359.9427
20018,1.58,20000;359.9427
20018,1.58,20000;359.9427
20018,1.58,20000;359.9427
20018,1.58,20000;359.9427
20018,1.58,20000;359.9427
20018,1.58,20000;359.9427
20018,1.58,20000;359.9427
20018,1.58,20000;359.9427
20018,1.58,20000;359.9427
20018,1.58,20000;359.9427
20018,1.58,20000;359.9427
20018,1.58,20000;359.9427
20018,1.58,20000;359.9427
20018,1.58,20000;359.9427
20018,1.58,20000;359.9427
20018,1.58,20000;359.9427
20018,1.58,20000;359.9427
20018,1.58,20000;359.9427
20018,1.58,20000;359.9427
20018,1.58,20000;359.9427
20018,1.58,20000;359.9427
20016,2.08,20000;359.9427
20014,2.08,20000;359.9427
20012,2.08,20000;359.9427
20010,2.08,20000;359.9427
20008,2.08,20000;359.9427
20006,2.08,20000;359.9427
20004,2.08,20000;359.9427
20002,2.08,20000;359.9427
20000,2.08,20000;359.9427
19998,2.08,20000;359.9427
19996,2.08,20000;359.9427
19994,2.08,20000;359.9427
19994,2.08,20000;359.9427
19994,2.08,20000;359.9427
19994,2.08,20000;359.9427
19994,2.08,20000;359.9427
19994,2.08,20000;359.9427
19994,2.08,20000;359.9427
19994,2.08,20000;359.9427
19994,2.08,20000;359.9427
19994,2.08,20000;359.9427
19994,2.08,20000;359.9427
19994,2.08,20000;359.9427
19994,2.08,20000;359.9427
19994,2.08,20000;359.9427
19994,2.08,20000;359.9427
19994,2.08,20000;359.9427
19994,2.08,20000;359.9427
19994,2.08,20000;359.9427
19994,2.08,20000;359.9427
19994,2.08,20000;359.9427
19994,2.08,20000;359.9427
19994,2.08,20000;359.9427
19994,2.08,20000;359.9427
19994,2.08,20000;359.9427
19994,2.08,20000;359.9427
19994,2.08,20000;359.9427
19996,2.08,20000;359.9427
19998,2.08,20000;359.9427
20000,2.08,20000;359.9427
20002,2.08,20000;359.9427
20004,2.08,20000;359.9427
20006,2.08,20000;359.9427
20008,2.08,20000;359.9427
20010,2.08,20000;359.9427
20012,2.08,20000;359.9427
20014,2.08,20000;359.9427
20016,2.08,20000;359.9427
20017.72,2.08,20000;359.9427
20017.72,2.08,20000;359.9427
20017.72,2.08,20000;359.9427
20017.72,2.08,20000;359.9427
20017.72,2.08,20000;359.9427
20017.72,2.08,20000;359.9427
20017.72,2.08,20000;359.9427
20017.72,2.08,20000;359.9427
20017.72,2.08,20000;359.9427
20017.72,2.08,20000;359.9427
20017.72,2.08,20000;359.9427
20017.72,2.08,20000;359.9427
20017.72,2.08,20000;359.9427
20017.72,2.08,20000;359.9427
20017.72,2.08,20000;359.9427
20017.72,2.08,20000;359.9427
20017.72,2.08,20000;359.9427
20017.72,2.08,20000;359.9427
20017.72,2.08,20000;359.9427
20017.72,2.08,20000;359.9427
20017.72,2.08,20000;359.9427
20017.72,2.08,20000;359.9427
20017.72,2.08,20000;359.9427
20017.72,2.08,20000;359.9427
20017.72,2.08,20000;359.9427
20017.72,2.08,20000;359.9427
20017.72,2.08,20000;359.9427
20017.72,2.08,20000;359.9427
20017.72,2.08,20000;359.9427
20017.72,2.08,20000;359.9427
20017.72,2.08,20000;359.9427
20017.72,2.08,20000;359.9427
20017.72,2.08,20000;359.9427
20017.72,2.08,20000;359.9427
20017.72,2.08,20000;359.9427
20017.72,2.08,20000;359.9427
20017.72,2.08,20000;359.9427
20017.72,2.08,20000;359.9427
20017.72,2.08,20000;359.9427
20017.72,2.08,20000;359.9427
20017.72,2.08,20000;359.9427
20017.72,2.08,20000;359.9427
20017.72,2.08,20000;359.9427
20017.72,2.08,20000;359.9427
20017.72,2.08,20000;359.9427
20017.72,2.08,20000;359.9618
20017.72,2.08,20000;359.9618
20017.72,2.08,20000;359.9618
20017.72,2.08,20000;359.9618
20017.72,2.08,20000;359.9618
20017.72,2.08,20000;359.9618
20015.72,2.08,20000;359.9618
20013.72,2.08,20000;359.9618
20011.72,2.08,20000;359.9618
20009.72,2.08,20000;359.9618
20007.72,2.08,20000;359.9618
20005.72,2.08,20000;359.9618
20003.72,2.08,20000;359.9618
20001.72,2.08,20000;359.9618
19999.72,2.08,20000;359.9618
19997.72,2.08,20000;359.9618
19995.72,2.08,20000;359.9618
19993.72,2.08,20000;359.9618
19991.72,2.08,20000;359.9618
19989.72,2.08,20000;359.9618
19987.72,2.08,20000;359.9618
19985.72,2.08,20000;359.9618
19985.72,2.08,20000;359.9618
19985.72,2.08,20000;359.9618
19985.72,2.08,20000;359.9904
19985.72,2.08,20000;359.9904
19985.72,2.08,20000;359.9904
19985.72,2.08,20000;359.9904
19985.72,2.08,20000;359.9904
19985.72,2.08,20000;359.9904
19985.72,2.08,20000;359.9904
19985.72,2.08,20000;359.9904
19985.72,2.08,20000;359.9904
19985.72,2.08,20000;359.9904
19985.72,2.08,20000;359.9904
19985.72,2.08,20000;359.9904
19985.72,2.08,20000;359.9904
19985.72,2.08,20000;359.9904
19985.72,2.08,20000;359.9904
19985.72,2.08,20000;359.9904
19985.72,2.08,20000;359.9904
19985.72,2.08,20000;359.9904
19985.72,2.08,20000;359.9904
19985.72,2.08,20000;359.9904
19985.72,2.08,20000;359.9904
19985.72,2.08,20000;359.9904
19987.72,2.08,20000;359.9904
19989.72,2.08,20000;359.9904
19991.72,2.08,20000;359.9904
19993.72,2.08,20000;359.9904
19995.72,2.08,20000;359.9904
19997.72,2.08,20000;359.9904
19999.72,2.08,20000;359.9904
20001.72,2.08,20000;359.9904
20001.72,2.08,20000;359.9904
20001.72,2.08,20000;359.9904
20001.72,2.08,20000;359.9904
20001.72,2.08,20000;359.9904
20001.72,2.08,20000;359.9904
20001.72,2.08,20000;359.9904
20001.72,2.08,20000;359.9904
20001.72,2.08,20000;359.9904
20001.72,2.08,20000;359.9904
20001.72,2.08,20000;359.9904
20001.72,2.08,20000;359.9904
20001.72,2.08,20000;359.9904
20001.72,2.08,20000;359.9904
20001.72,2.08,20000;359.9904
20001.72,2.08,20000;359.9904
20001.72,2.08,20000;359.9904
20001.72,2.08,20000;359.9904
20001.72,2.08,20000;359.9904
20001.72,2.08,20000;359.9904
20001.72,2.08,20000;359.9904
20001.72,2.08,20000;359.9904
20001.72,2.08,20000;359.9904
20001.72,2.08,20000;359.9904
20001.72,2.08,20000;359.9904
20001.72,2.08,20000;359.9904
20001.72,2.08,20000;359.9904
20001.72,2.08,20000;359.9904
20001.72,2.08,20000;359.9904
20001.72,2.08,20000;359.9904
20001.72,2.08,20000;359.9904
20001.72,2.08,20000;359.9904
20001.72,2.08,20000;359.9904
20001.72,2.08,20000;359.9904
20001.72,2.08,20000;359.9904
20001.72,2.08,20000;0.001909728
20001.72,2.08,20000;0.001909728
20001.72,2.08,20000;0.001909728
20001.72,2.08,20000;0.001909728
20001.72,2.08,20000;0.001909728
20001.72,2.08,20000;0.001909728
20001.72,2.08,20000;0.001909728
20001.72,2.08,20000;0.001909728
20001.72,2.08,20000;0.001909728
20001.72,2.08,20000;0.001909728
20001.72,2.08,20000;0.001909728
20001.72,2.08,20000;0.001909728
20001.72,2.08,20000;0.001909728
20001.72,2.08,20000;0.001909728
20001.72,2.08,20000;0.001909728
20001.72,2.08,20000;0.001909728
20001.72,2.08,20000;0.001909728
20001.72,2.08,20000;0.001909728
20001.72,2.08,20000;0.001909728
20001.72,2.08,20000;0.001909728
20001.72,2.08,20002;0.001909728
20001.72,2.08,20004;0.001909728
20001.72,2.08,20006;0.001909728
20001.72,2.08,20008;0.001909728
20001.72,2.08,20010;0.001909728
20001.72,2.08,20012;0.001909728
20001.72,2.08,20014;0.001909728
20001.72,2.08,20016;0.001909728
20001.72,2.08,20018;0.001909728
20001.72,2.08,20020;0.001909728
20001.72,2.08,20022;0.001909728
20001.72,2.08,20024;0.001909728
20001.72,2.08,20024;0.001909728
20001.72,2.08,20024;0.001909728
20001.72,2.08,20024;0.001909728
20001.72,2.08,20024;0.001909728
20001.72,2.08,20024;0.001909728
20001.72,2.08,20024;0.001909728
20001.72,2.08,20024;0.001909728
20001.72,2.08,20024;0.001909728
20001.72,2.08,20024;0.001909728
20001.72,2.08,20024;0.001909728
20001.72,2.08,20024;0.001909728
20001.72,2.08,20024;0.001909728
20001.72,2.08,20024;0.001909728
20001.72,2.08,20024;0.001909728
20001.72,2.08,20024;0.001909728
20001.72,2.08,20024;0.001909728
20001.72,2.08,20026;0.001909728
20001.72,2.08,20028;0.001909728
20001.72,2.08,20030;0.001909728
20001.72,2.08,20032;0.001909728
20001.72,2.08,20034;0.001909728
20001.72,2.08,20036;0.001909728
20001.72,2.08,20036;0.001909728
20001.72,2.08,20036;0.001909728
20001.72,2.08,20036;0.001909728
20001.72,2.08,20036;0.001909728
20001.72,2.08,20036;0.001909728
20001.72,2.08,20036;0.001909728
20001.72,2.08,20036;0.001909728
20001.72,2.08,20036;0.001909728
20001.72,2.08,20036;0.001909728
20001.72,2.08,20036;0.001909728
20001.72,2.08,20036;0.001909728
20001.72,2.08,20036;0.001909728
20001.72,2.08,20036;0.001909728
20001.72,2.08,20036;0.001909728
20001.72,2.08,20036;0.001909728
20001.72,2.08,20036;0.03628492
20001.72,2.08,20036;0.03628492
20001.72,2.08,20036;0.03628492
20001.72,2.08,20036;0.03628492
20001.72,2.08,20036;0.03628492
20001.72,2.08,20036;0.03628492
20001.72,2.08,20036;0.03628492
20001.72,2.08,20038;0.03628492
20001.72,2.08,20040;0.03628492
20001.72,2.08,20042;0.03628492
20001.72,2.08,20044;0.03628492
20001.72,2.08,20046;0.03628492
20001.72,2.08,20048;0.03628492
20001.72,2.08,20050;0.03628492
20001.72,2.08,20052;0.03628492
20000,0.5,20000;0
20000,0.5,20000;0
20000,0.5,20000;0
20000,0.5,20000;0
20000,0.5,20000;0
20000,0.5,20000;0
20000,0.5,20000;0
20000,0.5,20000;0
20000,0.5,20000;0
20000,0.5,20000;0
20000,0.5,20000;0
20000,0.5,20000;0
20000,0.5,20000;0
20000,0.5,20000;0
20000,0.5,20000;0
20000,0.5,20000;0
20000,0.5,20000;0
20000,0.5,20000;0
20000,0.5,20000;0
20000,0.5,20000;0
20000,0.5,20000;0
20000,0.5,20000;0
20000,0.5,20000;0
20000,0.5,20000;0
20000,0.5,20000;0
20000,0.5,20000;0
20000,0.5,20000;0
20000,0.5,20000;0
20000,0.5,20000;0
20000,0.5,20000;0
20000,0.5,20000;0
20000,0.5,20000;0
20000,0.5,20000;0
20000,0.5,20000;0
20000,0.5,20000;0
20000,0.5,20000;0
20000,0.5,20000;0
20000,0.5,20000;0
20000,0.5,20000;0
20000,0.5,20000;0
20000,0.5,20000;0
20000,0.5,20000;0
20000,0.5,20000;0
20000,0.5,20000;0
20000,0.5,20000;0
20000,0.5,20000;0
20000,0.5,20000;0
20000,0.5,20000;0
20000,0.5,20000;0
20000,0.5,20000;0
20000,0.5,20000;0
20000,0.5,20000;0
20000,0.5,20000;0
20000,0.5,20000;0
20000,0.5,20000;0
20000,0.5,20000;0
20000,0.5,20000;0
20000,0.5,20000;0
20000,0.5,20000;0
20000,0.5,20000;0
20000,0.5,20000;0
20000,0.5,20000;0
20000,0.5,20000;0
20000,0.5,20000;0
20000,0.5,20000;0
20000,0.5,20000;0
20000,0.5,20000;0
20000,0.5,20000;0
20000,0.5,20000;0
20000,0.5,20000;0
20000,0.5,20000;0
20000,0.5,20000;0
20000,0.5,20000;0
20000,0.5,20000;0
20000,0.5,20000;0
20000,0.5,20000;0
20000,0.5,20000;0
20000,0.5,20000;0
20000,0.5,20000;0
20000,0.5,20000;0
20000,0.5,20000;0
20000,0.5,20000;0
20000,0.5,20000;0
20000,0.5,20000;0
20000,0.5,20000;0
20000,0.5,20000;0
20000,0.5,20000;0
20000,0.5,20000;0
20000,0.5,20000;0
20000,0.5,20000;0
20000,0.5,20000;0
20000,0.5,20000;0
20000,0.5,20000;0
20000,0.5,20000;0
20000,0.5,20000;0
20000,0.5,20000;0
20000,0.5,20000;0
20000,0.5,20000;0
20000,0.5,20000;0
20000,0.5,20000;0
20000,0.5,20000;0
20000,0.5,20000;0
20000,0.5,20000;0
20000,0.5,20000;0
20000,0.5,20000;0
20000,0.5,20000;0
20000,0.5,20000;0
20000,0.5,20000;0
20000,0.5,20000;0
20000,0.5,20000;0
20000,0.5,20000;0
20000,0.5,20000;0
20000,0.5,20000;0
20000,0.5,20000;0
20000,0.5,20000;0
20000,0.5,20000;0
20000,0.5,20000;0
20000,0.5,20000;0
20000,0.5,20000;0
20000,0.5,20000;0
20000,0.5,20000;0
20000,0.5,20000;0
20000,0.5,20000;0
20000,0.5,20000;0
20000,0.5,20000;0
20000,0.5,20000;0
20000,0.5,20000;0
20000,0.5,20000;0
20000,0.5,20000;0
20000,0.5,20000;0
20000,0.5,20000;0
20000,0.5,20000;0
20000,0.5,20000;0
20000,0.5,20000;0
20000,0.5,20000;0
20000,0.5,20000;0
20000,0.5,20000;0
20000,0.5,20000;0
20000,0.5,20000;0
20000,0.5,20000;0
20000,0.5,20000;0
20000,0.5,20000;0
20000,0.5,20000;0
20000,0.5,20000;0
20000,0.5,20000;0
20000,0.5,20000;0
20000,0.5,20000;0
20000,0.5,20000;0
20000,0.5,20000;0
20000,0.5,20000;0
20000,0.5,20000;0
20000,0.5,20000;0
20000,0.5,20000;0
20000,0.5,20000;0
20000,0.5,20000;0
20000,0.5,20000;0
20000,0.5,20000;0
20000,0.5,20000;0
20000,0.5,20000;0
20000,0.5,20000;0
20000,0.5,20000;0
20000,0.5,20000;0
20000,0.5,20000;0
20000,0.5,20000;0
20000,0.5,20000;0
20000,0.5,20000;0
20000,0.5,20000;0
20000,0.5,20000;0
20000,0.5,20000;0
20000,0.5,20000;0
20000,0.5,20000;0
20000,0.5,20000;0
20000,0.5,20000;0
20000,0.5,20000;0
20000,0.5,20000;0
20000,0.5,20000;0
20000,0.5,20000;0
20000,0.5,20000;0
20000,0.5,20000;0
20000,0.5,20000;0
20000,0.5,20000;0
20000,0.5,20000;0
20000,0.5,20000;0
20000,0.5,20000;0
20000,0.5,20000;0
20000,0.5,20000;0
20000,0.5,20000;0
20000,0.5,20000;0
20000,0.5,20000;0
20000,0.5,20000;0
20000,0.5,20000;0
20000,0.5,20000;0
20000,0.5,20000;0
20000,0.5,20000;0
20000,0.5,20000;0
20000,0.5,20000;0
20000,0.5,20000;0
20000,0.5,20000;0
20000,0.5,20000;0
20000,0.5,20000;0
20000,0.5,20000;0
20000,0.5,20000;0
20000,0.5,20000;0
20000,0.5,20000;0
20000,0.5,20000;0
20000,0.5,20000;0
20000,0.5,20000;0
20000,0.5,20000;0
20000,0.5,20000;0
20000,0.5,20000;0
20000,0.5,20000;0
20000,0.5,20000;0
20000,0.5,20000;0
20000,0.5,20000;0
20000,0.5,20000;0
20000,0.5,20000;0
20000,0.5,20000;0
20000,0.5,20000;0
20000,0.5,20000;0
20000,0.5,20000;0
20000,0.5,20000;0
20000,0.5,20000;0
20000,0.5,20000;0
20000,0.5,20000;0
20000,0.5,20000;0
20000,0.5,20000;0
20000,0.5,20000;0
20000,0.5,20000;0
20000,0.5,20000;0
20000,0.5,20000;0
20000,0.5,20000;0
20000,0.5,20000;0
20000,0.5,20000;0
20000,0.5,20000;0
20000,0.5,20000;0
20000,0.5,20000;0
20000,0.5,20000;0
20000,0.5,20000;0
20000,0.5,20000;0
20000,0.5,20000;0
20000,0.5,20000;0
20000,0.5,20000;0
20000,0.5,20000;0
20000,0.5,20000;0
20000,0.5,20000;0
20000,0.5,20000;0
20000,0.5,20000;0
20000,0.5,20000;0
20000,0.5,20000;0
20000,0.5,20000;0
20000,0.5,20000;0
20000,0.5,20000;0
20000,0.5,20000;0
20000,0.5,20000;0
20000,0.5,20000;0
20000,0.5,20000;0
20000,0.5,20000;0
20000,0.5,20000;0
20000,0.5,20000;0
20000,0.5,20000;0
20000,0.5,20000;0
20000,0.5,20000;0
20000,0.5,20000;0
20000,0.5,20000;0
20000,0.5,20000;0
20000,0.5,20000;0
20000,0.5,20000;0
20000,0.5,20000;0
20000,0.5,20000;0
20000,0.5,20000;0
20000,0.5,20000;0
20000,0.5,20000;0
20000,0.5,20000;0
20000,0.5,20000;0
20000,0.5,20000;0
20000,0.5,20000;0
20000,0.5,20000;0
20000,0.5,20000;0
20000,0.5,20000;0
20000,0.5,20000;0
20000,0.5,20000;0
20000,0.5,20000;0
20000,0.5,20000;0
20000,0.5,20000;0
20000,0.5,20000;0
20000,0.5,20000;0
20000,0.5,20000;0
20000,0.5,20000;0
20000,0.5,20000;0
20000,0.5,20000;0
20000,0.5,20000;0
20000,0.5,20000;0
20000,0.5,20000;0
20000,0.5,20000;0
20000,0.5,20000;0
20000,0.5,20000;0
20000,0.5,20000;0
20000,0.5,20000;0
20000,0.5,20000;0
20000,0.5,20000;0
20000,0.5,20000;0
20000,0.5,20000;0
20000,0.5,20000;0
20000,0.5,20000;0
20000,0.5,20000;0
20000,0.5,20000;0
20000,0.5,20000;0
20000,0.5,20000;0
20000,0.5,20000;0
20000,0.5,20000;0
20000,0.5,20000;0
20000,0.5,20000;0
20000,0.5,20000;0
20000,0.5,20000;0
20000,0.5,20000;0
20000,0.5,20000;0
20000,0.5,20000;0
20000,0.5,20000;0
20000,0.5,20000;0
20000,0.5,20000;0
20000,0.5,20000;0
20000,0.5,20000;0
20000,0.5,20000;0
20000,0.5,20000;0
20000,0.5,20000;0
20000,0.5,20000;0
20000,0.5,20000;0
20000,0.5,20000;0
20000,0.5,20000;0
20000,0.5,20000;0
20000,0.5,20000;0
20000,0.5,20000;0
20000,0.5,20000;0
20000,0.5,20000;0
20000,0.5,20000;0
20000,0.5,20000;0
20000,0.5,20000;0
20000,0.5,20000;0
20000,0.5,20000;0
20000,0.5,20000;0
20000,0.5,20000;0
20000,0.5,20000;0
20000,0.5,20000;0
20000,0.5,20000;0
20000,0.5,20000;0
20000,0.5,20000;0
20000,0.5,20000;0
20000,0.5,20000;0
20000,0.5,20000;0
20000,0.5,20000;0
20000,0.5,20000;0
20000,0.5,20000;0
20000,0.5,20000;0
20000,0.5,20000;0
20000,0.5,20000;0
20000,0.5,20000;0
20000,0.5,20000;0
20000,0.5,20000;0
20000,0.5,20000;0
20000,0.5,20000;0
20000,0.5,20000;0
20000,0.5,20000;0
20000,0.5,20000;0
20000,0.5,20000;0
20000,0.5,20000;0
20000,0.5,20000;0
20000,0.5,20000;0
20000,0.5,20000;0
20000,0.5,20000;0
20000,0.5,20000;0
20000,0.5,20000;0
20000,0.5,20000;0
20000,0.5,20000;0
20000,0.5,20000;0
20000,0.5,20000;0
20000,0.5,20000;0
20000,0.5,20000;0
20000,0.5,20000;0
20000,0.5,20000;0
20000,0.5,20000;0
20000,0.5,20000;0
20000,0.5,20000;0
20000,0.5,20000;0
20000,0.5,20000;0
20000,0.5,20000;0
20000,0.5,20000;0
20000,0.5,20000;0
20000,0.5,20000;0
20000,0.5,20000;0
20000,0.5,20000;0
20000,0.5,20000;0
20000,0.5,20000;0
20000,0.5,20000;0
20000,0.5,20000;0
20000,0.5,20000;0
