20000,0.5,20000;0
20000,0.5800001,20000.06;-0.005729198
20000,0.5800001,20000.32;359.9886
20000,0.5800001,20000.32;359.9886
20000,0.5800001,20000.57;359.9828
20000,0.5800001,20000.57;359.9828
20000,0.5800001,20000.83;359.9771
20000,0.5800001,20001.08;359.9255
20000,0.5800001,20001.08;359.9255
20000,0.5800001,20001.33;359.874
20000,0.5800001,20001.59;359.8339
20000,0.5800001,20001.59;359.8339
20000,0.5800001,20001.84;359.7021
20000,0.5800001,20001.84;359.7021
20000,0.5800001,20002.1;359.662
20000,0.5800001,20002.1;359.662
19999.99,0.5800001,20002.35;359.6219
19999.99,0.5800001,20002.35;359.6219
19999.99,0.5800001,20002.35;359.6219
19999.99,0.5800001,20002.6;359.5818
19999.99,0.5800001,20002.6;359.5818
19999.99,0.5800001,20002.6;359.5818
19999.99,0.5800001,20002.86;359.5417
19999.99,0.5800001,20003.11;359.5187
19999.98,0.5800001,20003.37;359.4442
19999.98,0.5800001,20003.37;359.4442
19999.98,0.5800001,20003.37;359.4442
19999.98,0.5800001,20003.62;359.3698
19999.98,0.5800001,20003.87;359.2838
19999.98,0.5800001,20004.13;359.1979
19999.97,0.5800001,20004.38;359.1119
19999.97,0.5800001,20004.38;359.1119
19999.97,0.5800001,20004.64;359.026
19999.96,0.5800001,20004.89;358.94
19999.96,0.5800001,20005.14;358.8541
19999.95,0.5800001,20005.4;358.7509
19999.95,0.5800001,20005.4;358.7509
19999.95,0.5800001,20005.65;358.6478
19999.94,0.5800001,20005.91;358.5332
19999.94,0.5800001,20005.91;358.5332
19999.93,0.5800001,20006.16;358.4186
19999.93,0.5800001,20006.41;358.3212
19999.93,0.5800001,20006.41;358.3212
19999.92,0.5800001,20006.67;358.2238
19999.91,0.5800001,20006.92;358.1551
19999.9,0.5800001,20007.18;358.0405
19999.9,0.5800001,20007.18;358.0405
19999.89,0.5800001,20007.43;357.9259
19999.88,0.5800001,20007.68;357.8285
19999.88,0.5800001,20007.68;357.8285
19999.88,0.5800001,20007.68;357.8285
19999.87,0.5800001,20007.94;357.6967
19999.87,0.5800001,20007.94;357.6967
19999.87,0.5800001,20007.94;357.6967
19999.86,0.5800001,20008.19;357.5878
19999.86,0.5800001,20008.19;357.5878
19999.85,0.5800001,20008.44;357.5019
19999.85,0.5800001,20008.44;357.5019
19999.84,0.5800001,20008.57;357.4159
19999.84,0.5800001,20008.7;357.307
19999.84,0.5800001,20008.7;357.307
19999.84,0.5800001,20008.71;357.1982
19999.84,0.5800001,20008.73;357.118
19999.84,0.5800001,20008.73;357.118
19999.83,0.5800001,20008.81;357.0378
19999.83,0.5800001,20008.89;357.0034
19999.82,0.5800001,20008.96;356.9289
19999.82,0.5800001,20008.96;356.9289
19999.82,0.5800001,20008.96;356.9289
19999.82,0.5800001,20009;356.8831
19999.82,0.5800001,20009;356.8831
19999.82,0.5800001,20009;356.8831
19999.82,0.5800001,20009.01;356.8716
19999.82,0.5800001,20009.01;356.8716
19999.82,0.5800001,20009.01;356.8716
19999.81,0.5800001,20009.26;356.8659
19999.79,0.5800001,20009.5;356.8602
19999.78,0.5800001,20009.75;356.8544
19999.78,0.5800001,20009.75;356.8544
19999.77,0.5800001,20010;356.8487
19999.77,0.5800001,20010;356.8487
19999.77,0.5800001,20010;356.8487
19999.75,0.5800001,20010.26;356.843
19999.75,0.5800001,20010.26;356.843
19999.75,0.5800001,20010.26;356.843
19999.74,0.5800001,20010.49;356.8372
19999.74,0.5800001,20010.49;356.8372
19999.73,0.5800001,20010.75;356.8315
19999.71,0.5800001,20011;356.8315
19999.71,0.5800001,20011;356.8315
19999.7,0.5800001,20011.26;356.8315
19999.68,0.5800001,20011.51;356.8315
19999.68,0.5800001,20011.51;356.8315
19999.67,0.5800001,20011.75;356.8315
19999.66,0.5800001,20011.99;356.8258
19999.66,0.5800001,20011.99;356.8258
19999.64,0.5800001,20012.24;356.8258
19999.64,0.5800001,20012.24;356.8258
19999.63,0.5800001,20012.5;356.8201
19999.63,0.5800001,20012.5;356.8201
19999.63,0.5800001,20012.5;356.8201
19999.62,0.5800001,20012.74;356.8086
19999.62,0.5800001,20012.74;356.8086
19999.62,0.5800001,20012.74;356.8086
19999.6,0.5800001,20012.99;356.7971
19999.59,0.5800001,20013.24;356.78
19999.57,0.5800001,20013.5;356.7628
19999.57,0.5800001,20013.5;356.7628
19999.56,0.5800001,20013.72;356.7456
19999.55,0.5800001,20013.95;356.7341
19999.55,0.5800001,20013.95;356.7341
19999.53,0.5800001,20014.2;356.7227
19999.53,0.5800001,20014.2;356.7227
19999.53,0.5800001,20014.2;356.7227
19999.52,0.5800001,20014.44;356.7112
19999.52,0.5800001,20014.44;356.7112
19999.52,0.5800001,20014.44;356.7112
19999.51,0.5800001,20014.65;356.7112
19999.51,0.5800001,20014.65;356.7112
19999.49,0.5800001,20014.9;356.7112
19999.48,0.5800001,20015.15;356.7112
19999.48,0.5800001,20015.15;356.7112
19999.46,0.5800001,20015.37;356.7112
19999.45,0.5800001,20015.59;356.7112
19999.44,0.5800001,20015.84;356.7112
19999.42,0.5800001,20016.1;356.7112
19999.41,0.5800001,20016.35;356.7055
19999.41,0.5800001,20016.35;356.7055
19999.39,0.5800001,20016.6;356.6997
19999.38,0.5800001,20016.86;356.6826
19999.38,0.5800001,20016.86;356.6826
19999.38,0.5800001,20016.86;356.6826
19999.37,0.5800001,20017.09;356.6539
19999.35,0.5800001,20017.34;356.6253
19999.34,0.5800001,20017.59;356.6195
19999.32,0.5800001,20017.82;356.6138
19999.32,0.5800001,20017.82;356.6138
19999.32,0.5800001,20017.82;356.6138
19999.31,0.5800001,20018.08;356.6138
19999.31,0.5800001,20018.08;356.6138
19999.31,0.5800001,20018.08;356.6138
19999.29,0.5800001,20018.33;356.5966
19999.29,0.5800001,20018.33;356.5966
19999.29,0.5800001,20018.33;356.5966
19999.28,0.5800001,20018.56;356.5794
19999.28,0.5800001,20018.56;356.5794
19999.26,0.5800001,20018.81;356.545
19999.26,0.5800001,20018.81;356.545
19999.25,0.5800001,20019.06;356.5107
19999.23,0.5800001,20019.32;356.4935
19999.23,0.5800001,20019.32;356.4935
19999.22,0.5800001,20019.55;356.4763
19999.2,0.5800001,20019.79;356.4477
19999.2,0.5800001,20019.79;356.4477
19999.2,0.5800001,20019.92;356.419
19999.19,0.5800001,20020.05;356.3846
19999.18,0.5800001,20020.18;356.3445
19999.18,0.5800001,20020.18;356.3445
19999.18,0.5800001,20020.18;356.3445
19999.18,0.5800001,20020.18;356.3445
19999.17,0.5800001,20020.31;356.3388
19999.17,0.5800001,20020.31;356.3388
19999.16,0.5800001,20020.44;356.3331
19999.16,0.5800001,20020.44;356.3331
19999.16,0.5800001,20020.44;356.3331
19999.15,0.5800001,20020.57;356.3216
19999.15,0.5800001,20020.57;356.3216
19999.15,0.5800001,20020.7;356.3159
19999.15,0.5800001,20020.7;356.3159
19999.15,0.5800001,20020.7;356.3159
19999.14,0.5800001,20020.83;356.3102
19999.14,0.5800001,20020.83;356.3102
19999.14,0.5800001,20020.83;356.3102
19999.13,0.5800001,20020.96;356.3102
19999.13,0.5800001,20020.96;356.3102
19999.13,0.5800001,20020.96;356.3102
19999.12,0.5800001,20021.09;356.3102
19999.12,0.5800001,20021.09;356.3102
19999.11,0.5800001,20021.22;356.3102
19999.11,0.5800001,20021.22;356.3102
19999.11,0.5800001,20021.22;356.3102
19999.1,0.5800001,20021.35;356.3102
19999.1,0.5800001,20021.35;356.3102
19999.1,0.5800001,20021.35;356.3102
19999.1,0.5800001,20021.48;356.3102
19999.1,0.5800001,20021.48;356.3102
19999.09,0.5800001,20021.52;356.3159
19999.09,0.5800001,20021.52;356.3159
19999.09,0.5800001,20021.62;356.3159
19999.09,0.5800001,20021.62;356.3159
19999.09,0.5800001,20021.62;356.3159
19999.09,0.5800001,20021.62;356.3159
19999.09,0.5800001,20021.62;356.3159
19999.09,0.5800001,20021.62;356.3159
19999.09,0.5800001,20021.62;356.3159
19999.09,0.5800001,20021.62;356.3159
19999.09,0.5800001,20021.62;356.3159
19999.08,0.5800001,20021.75;356.3159
19999.07,0.5800001,20021.92;356.3159
19999.06,0.5800001,20022.09;356.3159
19999.06,0.5800001,20022.09;356.3159
19999.06,0.5800001,20022.09;356.3159
19999.04,0.5800001,20022.28;356.3159
19999.04,0.5800001,20022.28;356.3159
19999.04,0.5800001,20022.28;356.3159
19999.03,0.5800001,20022.48;356.3159
19999.03,0.5800001,20022.48;356.3159
19999.02,0.5800001,20022.65;356.3159
19999.02,0.5800001,20022.65;356.3159
19999.01,0.5800001,20022.84;356.3159
19998.99,0.5800001,20023.04;356.3159
19998.99,0.5800001,20023.04;356.3159
19998.98,0.5800001,20023.24;356.3159
19998.97,0.5800001,20023.43;356.3159
19998.97,0.5800001,20023.43;356.3159
19998.97,0.5800001,20023.48;356.3159
19998.96,0.5800001,20023.52;356.3102
19998.95,0.5800001,20023.69;356.3102
19998.95,0.5800001,20023.69;356.3102
19998.95,0.5800001,20023.69;356.3102
19998.94,0.5800001,20023.86;356.3102
19998.94,0.5800001,20023.86;356.3102
19998.94,0.5800001,20023.86;356.3102
19998.93,0.5800001,20024.04;356.3102
19998.92,0.5800001,20024.23;356.3102
19998.92,0.5800001,20024.23;356.3102
19998.91,0.5800001,20024.41;356.3102
19998.91,0.5800001,20024.41;356.3102
19998.9,0.5800001,20024.56;356.3102
19998.9,0.5800001,20024.56;356.3102
19998.89,0.5800001,20024.73;356.3102
19998.89,0.5800001,20024.73;356.3102
19998.89,0.5800001,20024.73;356.3102
19998.88,0.5800001,20024.9;356.3102
19998.86,0.5800001,20025.08;356.3102
19998.86,0.5800001,20025.08;356.3102
19998.85,0.5800001,20025.25;356.3102
19998.84,0.5800001,20025.42;356.3102
19998.83,0.5800001,20025.57;356.3102
19998.82,0.5800001,20025.72;356.3102
19998.82,0.5800001,20025.72;356.3102
19998.81,0.5800001,20025.89;356.3102
19998.8,0.5800001,20026.07;356.3102
19998.79,0.5800001,20026.22;356.3102
19998.79,0.5800001,20026.22;356.3102
19998.79,0.5800001,20026.22;356.3102
19998.78,0.5800001,20026.39;356.3102
19998.77,0.5800001,20026.56;356.3102
19998.76,0.5800001,20026.73;356.3102
19998.76,0.5800001,20026.73;356.3102
19998.75,0.5800001,20026.88;356.3102
19998.74,0.5800001,20027.03;356.3102
19998.74,0.5800001,20027.03;356.3102
19998.73,0.5800001,20027.21;356.3102
19998.71,0.5800001,20027.38;356.3102
19998.71,0.5800001,20027.38;356.3102
19998.71,0.5800001,20027.38;356.3102
19998.71,0.5800001,20027.53;356.3102
19998.7,0.5800001,20027.62;356.3102
19998.69,0.5800001,20027.71;356.3102
19998.69,0.5800001,20027.71;356.3102
19998.69,0.5800001,20027.77;356.3102
19998.69,0.5800001,20027.77;356.3102
19998.69,0.5800001,20027.77;356.3102
19998.69,0.5800001,20027.84;356.3102
19998.68,0.5800001,20027.9;356.3159
19998.68,0.5800001,20027.9;356.3159
19998.68,0.5800001,20027.98;356.3216
19998.67,0.5800001,20028.06;356.293
19998.67,0.5800001,20028.14;356.2299
19998.67,0.5800001,20028.14;356.2299
19998.67,0.5800001,20028.14;356.2299
19998.65,0.5800001,20028.34;356.1669
19998.65,0.5800001,20028.34;356.1669
19998.65,0.5800001,20028.34;356.1669
19998.64,0.5800001,20028.56;356.1039
19998.62,0.5800001,20028.79;356.0294
19998.62,0.5800001,20028.79;356.0294
19998.6,0.5800001,20029.04;355.8976
19998.58,0.5800001,20029.29;355.7659
19998.56,0.5800001,20029.55;355.5883
19998.56,0.5800001,20029.55;355.5883
19998.54,0.5800001,20029.8;355.4106
19998.52,0.5800001,20030.05;355.233
19998.52,0.5800001,20030.05;355.233
19998.5,0.5800001,20030.31;355.0554
19998.48,0.5800001,20030.56;354.8148
19998.48,0.5800001,20030.56;354.8148
19998.46,0.5800001,20030.79;354.6142
19998.46,0.5800001,20030.79;354.6142
19998.44,0.5800001,20030.94;354.4023
19998.44,0.5800001,20030.94;354.4023
19998.44,0.5800001,20030.94;354.4023
19998.44,0.5800001,20030.95;354.2303
19998.44,0.5800001,20030.95;354.2303
19998.44,0.5800001,20030.95;354.2303
19998.44,0.5800001,20030.95;354.2303
19998.44,0.5800001,20030.97;354.0356
19998.44,0.5800001,20030.97;354.0356
19998.44,0.5800001,20030.98;353.8694
19998.44,0.5800001,20030.98;353.8694
19998.44,0.5800001,20031;353.7605
19998.44,0.5800001,20031;353.7605
19998.44,0.5800001,20031;353.7605
19998.43,0.5800001,20031.02;353.6746
19998.43,0.5800001,20031.02;353.6746
19998.43,0.5800001,20031.09;353.5886
19998.42,0.5800001,20031.16;353.5313
19998.42,0.5800001,20031.16;353.5313
19998.39,0.5800001,20031.42;353.4855
19998.39,0.5800001,20031.42;353.4855
19998.36,0.5800001,20031.67;353.3251
19998.36,0.5800001,20031.67;353.3251
19998.36,0.5800001,20031.67;353.3251
19998.33,0.5800001,20031.92;353.1646
19998.3,0.5800001,20032.17;352.9756
19998.3,0.5800001,20032.17;352.9756
19998.27,0.5800001,20032.42;352.7865
19998.23,0.5800001,20032.68;352.5917
19998.2,0.5800001,20032.93;352.4084
19998.2,0.5800001,20032.93;352.4084
19998.17,0.5800001,20033.18;352.225
19998.13,0.5800001,20033.43;352.0016
19998.13,0.5800001,20033.43;352.0016
19998.13,0.5800001,20033.43;352.0016
19998.09,0.5800001,20033.68;351.8068
19998.09,0.5800001,20033.68;351.8068
19998.06,0.5800001,20033.93;351.6119
19998.02,0.5800001,20034.19;351.4229
19998.02,0.5800001,20034.19;351.4229
19997.98,0.5800001,20034.44;351.2567
19997.98,0.5800001,20034.44;351.2567
19997.94,0.5800001,20034.69;351.0905
19997.9,0.5800001,20034.94;351.0734
19997.9,0.5800001,20034.94;351.0734
19997.86,0.5800001,20035.19;351.0562
19997.82,0.5800001,20035.44;350.89
19997.82,0.5800001,20035.44;350.89
19997.78,0.5800001,20035.69;350.7239
19997.74,0.5800001,20035.94;350.5405
19997.7,0.5800001,20036.19;350.3572
19997.65,0.5800001,20036.44;350.1796
19997.61,0.5800001,20036.69;349.9619
19997.61,0.5800001,20036.69;349.9619
19997.56,0.5800001,20036.94;349.7441
19997.52,0.5800001,20037.19;349.5207
19997.52,0.5800001,20037.19;349.5207
19997.47,0.5800001,20037.44;349.2972
19997.42,0.5800001,20037.69;349.1196
19997.38,0.5800001,20037.94;348.942
19997.32,0.5800001,20038.19;348.7415
19997.32,0.5800001,20038.19;348.7415
19997.32,0.5800001,20038.19;348.7415
19997.27,0.5800001,20038.44;348.5352
19997.27,0.5800001,20038.44;348.5352
19997.27,0.5800001,20038.44;348.5352
19997.22,0.5800001,20038.69;348.3748
19997.22,0.5800001,20038.69;348.3748
19997.22,0.5800001,20038.69;348.3748
19997.19,0.5800001,20038.86;348.2086
19997.15,0.5800001,20039.03;348.0424
19997.15,0.5800001,20039.03;348.0424
19997.15,0.5800001,20039.03;348.0424
19997.15,0.5800001,20039.05;347.9279
19997.15,0.5800001,20039.05;347.9279
19997.15,0.5800001,20039.05;347.9279
19997.11,0.5800001,20039.24;347.8133
19997.06,0.5800001,20039.44;347.7216
19997.06,0.5800001,20039.44;347.7216
19997.06,0.5800001,20039.44;347.7216
19997.01,0.5800001,20039.68;347.6758
19996.96,0.5800001,20039.93;347.6643
19996.96,0.5800001,20039.93;347.6643
19996.9,0.5800001,20040.17;347.6528
19996.9,0.5800001,20040.17;347.6528
19996.9,0.5800001,20040.17;347.6528
19996.85,0.5800001,20040.41;347.6414
19996.79,0.5800001,20040.66;347.6414
19996.79,0.5800001,20040.66;347.6414
19996.74,0.5800001,20040.91;347.6414
19996.69,0.5800001,20041.16;347.5784
19996.63,0.5800001,20041.41;347.4351
19996.63,0.5800001,20041.41;347.4351
19996.63,0.5800001,20041.41;347.4351
19996.57,0.5800001,20041.65;347.2804
19996.57,0.5800001,20041.65;347.2804
19996.57,0.5800001,20041.65;347.2804
19996.52,0.5800001,20041.9;347.1486
19996.52,0.5800001,20041.9;347.1486
19996.52,0.5800001,20041.9;347.1486
19996.46,0.5800001,20042.15;347.0398
19996.4,0.5800001,20042.4;346.9309
19996.35,0.5800001,20042.64;346.8965
19996.35,0.5800001,20042.64;346.8965
19996.29,0.5800001,20042.89;346.8622
19996.29,0.5800001,20042.89;346.8622
