20000,0.5,20000;0
20000,0.58,20000.25;0
20000,0.58,20000.32;0
20000,0.58,20000.39;0
20000,0.58,20000.39;0
20000,0.58,20000.45;0
20000,0.58,20000.45;0
20000,0.58,20000.45;0
20000,0.58,20000.52;0
20000,0.58,20000.52;0
20000,0.58,20000.6;0
20000,0.58,20000.68;0
20000,0.58,20000.68;0
20000,0.58,20000.93;0
20000,0.58,20001.17;0
20000,0.58,20001.42;0
20000,0.58,20001.42;0
20000,0.58,20001.68;0
20000,0.58,20001.68;0
20000,0.58,20001.68;0
20000,0.58,20001.93;0
20000,0.58,20001.93;0
20000,0.58,20001.93;0
20000,0.58,20002.19;0
20000,0.58,20002.19;0
20000,0.58,20002.44;0
20000,0.58,20002.44;0
20000,0.58,20002.69;0
20000,0.58,20002.95;0
20000,0.58,20002.95;0
20000,0.58,20003.2;0
20000,0.58,20003.46;0
20000,0.58,20003.46;0
20000,0.58,20003.71;0
20000,0.58,20003.96;0
20000,0.58,20004.22;0
20000,0.58,20004.22;0
20000,0.58,20004.22;0
20000,0.58,20004.47;0
20000,0.58,20004.47;0
20000,0.58,20004.73;0
20000,0.58,20004.98;0
20000,0.58,20004.98;0
20000,0.58,20005.23;0
20000,0.58,20005.49;0
20000,0.58,20005.74;0
20000,0.58,20006;0
20000,0.58,20006;0
20000,0.58,20006.25;0
20000,0.58,20006.5;0
20000,0.58,20006.5;0
20000,0.58,20006.76;0
20000,0.58,20007.01;0
20000,0.58,20007.01;0
20000,0.58,20007.27;0
20000,0.58,20007.52;0
20000,0.58,20007.77;0
20000,0.58,20007.77;0
20000,0.58,20008.03;0
20000,0.58,20008.28;0
20000,0.58,20008.28;0
20000,0.58,20008.28;0
20000,0.58,20008.5;0
20000,0.58,20008.5;0
20000,0.58,20008.5;0
20000,0.58,20008.71;0
20000,0.58,20008.71;0
20000,0.58,20008.92;0
20000,0.58,20008.92;0
20000,0.58,20008.93;0
20000,0.58,20008.93;0
20000,0.58,20008.93;0
20000,0.58,20008.98;0
20000,0.58,20009.04;0
20000,0.58,20009.04;0
20000,0.58,20009.1;0
20000,0.58,20009.16;0
20000,0.58,20009.23;0
20000,0.58,20009.23;0
20000,0.58,20009.35;0
20000,0.58,20009.47;0
20000,0.58,20009.47;0
20000,0.58,20009.72;0
20000,0.58,20009.97;0
20000,0.58,20009.97;0
20000,0.58,20010.23;0
20000,0.58,20010.48;0
20000,0.58,20010.74;0
20000,0.58,20010.74;0
20000,0.58,20010.99;0
20000,0.58,20011.24;0
20000,0.58,20011.24;0
20000,0.58,20011.5;0
20000,0.58,20011.5;0
20000,0.58,20011.75;0
20000,0.58,20012.01;0
20000,0.58,20012.26;0
20000,0.58,20012.26;0
20000,0.58,20012.51;0
20000,0.58,20012.77;0
20000,0.58,20012.77;0
20000,0.58,20013.02;0
20000,0.58,20013.28;0
20000,0.58,20013.28;0
20000,0.58,20013.53;0
20000,0.58,20013.78;0
20000,0.58,20014.04;0
20000,0.58,20014.04;0
20000,0.58,20014.29;0
20000,0.58,20014.55;0
20000,0.58,20014.8;0
20000,0.58,20015.05;0
20000,0.58,20015.05;0
20000,0.58,20015.31;0
20000,0.58,20015.56;0
20000,0.58,20015.82;0
20000,0.58,20015.82;0
20000,0.58,20016.07;0
20000,0.58,20016.32;0
20000,0.58,20016.32;0
20000,0.58,20016.58;0
20000,0.58,20016.83;0
20000,0.58,20016.83;0
20000,0.58,20017.09;0
20000,0.58,20017.09;0
20000,0.58,20017.34;0
20000,0.58,20017.59;0
20000,0.58,20017.59;0
20000,0.58,20017.85;0
20000,0.58,20018.1;0
20000,0.58,20018.1;0
20000,0.58,20018.36;0
20000,0.58,20018.61;0
20000,0.58,20018.8;0
20000,0.58,20018.8;0
20000,0.58,20018.8;0
20000,0.58,20018.98;0
20000,0.58,20018.98;0
20000,0.58,20018.98;0
20000,0.58,20019.17;0
20000,0.58,20019.17;0
20000,0.58,20019.17;0
20000,0.58,20019.35;0
20000,0.58,20019.35;0
20000,0.58,20019.54;0
20000,0.58,20019.54;0
20000,0.58,20019.54;0
20000,0.58,20019.73;0
20000,0.58,20019.73;0
20000,0.58,20019.95;0
20000,0.58,20020.17;0
20000,0.58,20020.17;0
20000,0.58,20020.42;0
20000,0.58,20020.68;0
20000,0.58,20020.93;0
20000,0.58,20021.19;0
20000,0.58,20021.19;0
20000,0.58,20021.44;0
20000,0.58,20021.44;0
20000,0.58,20021.44;0
20000,0.58,20021.69;0
20000,0.58,20021.69;0
20000,0.58,20021.69;0
20000,0.58,20021.95;0
20000,0.58,20022.2;0
20000,0.58,20022.46;0
20000,0.58,20022.46;0
20000,0.58,20022.71;0
20000,0.58,20022.96;0
20000,0.58,20022.96;0
20000,0.58,20023.22;0
20000,0.58,20023.47;0
20000,0.58,20023.47;0
20000,0.58,20023.47;0
20000,0.58,20023.73;0
20000,0.58,20023.98;0
20000,0.58,20024.23;0
20000,0.58,20024.23;0
20000,0.58,20024.49;0
20000,0.58,20024.74;0
20000,0.58,20024.74;0
20000,0.58,20025;0
20000,0.58,20025.25;0
20000,0.58,20025.25;0
20000,0.58,20025.5;0
20000,0.58,20025.76;0
20000,0.58,20026.01;0
20000,0.58,20026.01;0
20000,0.58,20026.01;0
20000,0.58,20026.27;0
20000,0.58,20026.27;0
20000,0.58,20026.27;0
20000,0.58,20026.52;0
20000,0.58,20026.52;0
20000,0.58,20026.52;0
20000,0.58,20026.77;0
20000,0.58,20027.03;0
20000,0.58,20027.28;0
20000,0.58,20027.28;0
20000,0.58,20027.31;0
20000,0.58,20027.35;0
20000,0.58,20027.35;0
20000,0.58,20027.35;0
20000,0.58,20027.38;0
20000,0.58,20027.38;0
20000,0.58,20027.41;0
20000,0.58,20027.41;0
20000,0.58,20027.46;0
20000,0.58,20027.46;0
20000,0.58,20027.46;0
20000,0.58,20027.47;0
20000,0.58,20027.56;0
20000,0.58,20027.65;0
20000,0.58,20027.65;0
20000,0.58,20027.65;0
20000,0.58,20027.65;0
20000,0.58,20027.91;0
20000,0.58,20028.16;0
20000,0.58,20028.16;0
20000,0.58,20028.41;0
20000,0.58,20028.41;0
20000,0.58,20028.41;0
20000,0.58,20028.67;0
20000,0.58,20028.92;-0.005729198
20000,0.58,20028.92;-0.005729198
20000,0.58,20029.18;-0.005729198
20000,0.58,20029.43;-0.005729198
20000,0.58,20029.68;-0.005729198
20000,0.58,20029.68;-0.005729198
20000,0.58,20029.94;-0.005729198
20000,0.58,20030.19;-0.005729198
20000,0.58,20030.19;-0.005729198
20000,0.58,20030.45;-0.005729198
20000,0.58,20030.7;-0.005729198
20000,0.58,20030.7;-0.005729198
20000,0.58,20030.95;-0.005729198
20000,0.58,20030.95;-0.005729198
20000,0.58,20031.21;-0.005729198
20000,0.58,20031.46;-0.005729198
20000,0.58,20031.46;-0.005729198
20000,0.58,20031.72;-0.005729198
20000,0.58,20031.97;-0.005729198
20000,0.58,20031.97;-0.005729198
20000,0.58,20032.22;-0.005729198
20000,0.58,20032.48;-0.005729198
20000,0.58,20032.73;-0.005729198
20000,0.58,20032.99;-0.005729198
20000,0.58,20032.99;-0.005729198
20000,0.58,20033.24;-0.005729198
20000,0.58,20033.49;-0.005729198
20000,0.58,20033.49;-0.005729198
20000,0.58,20033.75;-0.005729198
20000,0.58,20034;-0.005729198
20000,0.58,20034;-0.005729198
20000,0.58,20034.26;-0.005729198
20000,0.58,20034.51;-0.005729198
20000,0.58,20034.76;-0.005729198
20000,0.58,20034.76;-0.005729198
20000,0.58,20035.02;-0.005729198
20000,0.58,20035.27;-0.005729198
20000,0.58,20035.27;-0.005729198
20000,0.58,20035.53;-0.005729198
20000,0.58,20035.78;-0.005729198
20000,0.58,20035.78;-0.005729198
20000,0.58,20036.03;-0.005729198
20000,0.58,20036.29;-0.005729198
20000,0.58,20036.54;-0.005729198
20000,0.58,20036.8;-0.005729198
20000,0.58,20036.8;-0.005729198
20000,0.58,20037.05;-0.005729198
20000,0.58,20037.3;-0.005729198
20000,0.58,20037.3;-0.005729198
20000,0.58,20037.56;-0.005729198
20000,0.58,20037.81;-0.005729198
20000,0.58,20037.81;-0.005729198
20000,0.58,20038.07;-0.005729198
20000,0.58,20038.32;-0.005729198
20000,0.58,20038.57;-0.005729198
20000,0.58,20038.57;-0.005729198
20000,0.58,20038.57;-0.005729198
20000,0.58,20038.83;-0.005729198
20000,0.58,20038.83;-0.005729198
20000,0.58,20038.83;-0.005729198
20000,0.58,20039.08;-0.005729198
20000,0.58,20039.08;-0.005729198
20000,0.58,20039.08;-0.005729198
20000,0.58,20039.33;-0.005729198
20000,0.58,20039.59;-0.005729198
20000,0.58,20039.84;-0.005729198
20000,0.58,20039.84;-0.005729198
20000,0.58,20039.88;-0.005729198
20000,0.58,20039.93;-0.005729198
20000,0.58,20039.93;-0.005729198
20000,0.58,20039.97;-0.005729198
20000,0.58,20040.01;-0.005729198
20000,0.58,20040.01;-0.005729198
20000,0.58,20040.02;-0.005729198
20000,0.58,20040.03;-0.005729198
20000,0.58,20040.29;-0.005729198
20000,0.58,20040.54;-0.005729198
20000,0.58,20040.54;-0.005729198
20000,0.58,20040.79;-0.005729198
20000,0.58,20041.05;-0.005729198
20000,0.58,20041.05;-0.005729198
20000,0.58,20041.3;-0.005729198
20000,0.58,20041.56;-0.005729198
20000,0.58,20041.81;-0.005729198
20000,0.58,20042.06;-0.005729198
20000,0.58,20042.32;-0.005729198
20000,0.58,20042.32;-0.005729198
20000,0.58,20042.57;-0.005729198
20000,0.58,20042.83;-0.005729198
20000,0.58,20043.08;-0.005729198
20000,0.58,20043.33;-0.005729198
20000,0.58,20043.33;-0.005729198
20000,0.58,20043.59;-0.005729198
20000,0.58,20043.84;-0.005729198
