20000,0.5,20000;0
20000,0.5799975,20000;359.9886
20000,0.5799975,20000.01;359.9828
20000,0.5799975,20000.01;359.9713
20000,0.5799975,20000.02;359.9599
20000,0.58,20000.02;359.9484
20000,0.58,20000.02;359.937
20000,0.58,20000.03;359.9255
20000,0.58,20000.03;359.9141
20000,0.58,20000.04;359.9026
20000,0.58,20000.04;359.8911
20000,0.58,20000.05;359.8797
20000,0.58,20000.05;359.8682
20000,0.58,20000.06;359.8568
20000,0.58,20000.06;359.8453
20000,0.58,20000.07;359.8339
20000,0.58,20000.08;359.8167
20000,0.58,20000.08;359.8052
20000,0.58,20000.09;359.7938
20000,0.58,20000.09;359.7823
20000,0.58,20000.1;359.7651
20000,0.58,20000.1;359.7536
20000,0.58,20000.11;359.7365
20000,0.58,20000.12;359.725
20000,0.58,20000.12;359.7135
20000,0.58,20000.13;359.6964
20000,0.58,20000.14;359.6849
20000,0.58,20000.14;359.6677
20000,0.58,20000.15;359.6563
20000,0.58,20000.16;359.6448
20000,0.58,20000.16;359.6276
20000,0.58,20000.17;359.6161
20000,0.58,20000.17;359.599
20000,0.58,20000.18;359.5875
20000,0.58,20000.19;359.5703
20000,0.58,20000.2;359.5531
20000,0.58,20000.2;359.5359
20000,0.58,20000.21;359.5187
20000,0.58,20000.22;359.4958
20000,0.58,20000.22;359.4786
20000,0.58,20000.23;359.4615
20000,0.58,20000.24;359.4443
20000,0.58,20000.25;359.4271
20000,0.58,20000.25;359.4042
20000,0.58,20000.26;359.3927
20000,0.58,20000.27;359.3698
20000,0.58,20000.28;359.3469
20000,0.58,20000.28;359.3354
20000,0.58,20000.29;359.3125
20000,0.58,20000.3;359.2953
20000,0.58,20000.31;359.2781
20000,0.58,20000.32;359.2552
20000,0.58,20000.32;359.2323
20000,0.58,20000.33;359.2151
20000,0.58,20000.34;359.1922
20000,0.58,20000.35;359.1807
20000,0.58,20000.36;359.1578
20000,0.58,20000.37;359.1464
20000,0.58,20000.37;359.1349
20000,0.58,20000.38;359.112
20000,0.58,20000.39;359.0948
20000,0.58,20000.4;359.0776
20000,0.58,20000.41;359.0604
20000,0.58,20000.41;359.0375
20000,0.58,20000.42;359.0146
20000,0.58,20000.43;358.9974
20000,0.58,20000.44;358.9802
20000,0.58,20000.45;358.9573
20000,0.58,20000.46;358.9401
20000,0.58,20000.46;358.9229
20000,0.58,20000.47;358.9057
20000,0.58,20000.48;358.8828
19999.99,0.58,20000.49;358.8656
19999.99,0.58,20000.5;358.8484
19999.99,0.58,20000.5;358.8255
19999.99,0.58,20000.51;358.8026
19999.99,0.58,20000.52;358.7854
19999.99,0.58,20000.53;358.7625
19999.99,0.58,20000.54;358.7396
19999.99,0.58,20000.55;358.7224
19999.99,0.58,20000.56;358.7052
19999.99,0.58,20000.57;358.688
19999.99,0.58,20000.57;358.6651
19999.99,0.58,20000.58;358.6479
19999.99,0.58,20000.61;358.6364
19999.99,0.58,20000.66;358.6364
19999.99,0.58,20000.73;358.6422
19999.99,0.58,20000.81;358.6479
19999.99,0.58,20000.88;358.6938
19999.98,0.58,20000.93;358.7281
19999.98,0.58,20001.01;358.7625
19999.98,0.58,20001.08;358.7797
19999.98,0.58,20001.15;358.7797
19999.98,0.58,20001.22;358.7797
19999.98,0.58,20001.3;358.7625
19999.97,0.58,20001.38;358.7281
19999.97,0.58,20001.47;358.688
19999.97,0.58,20001.59;358.6536
19999.97,0.58,20001.71;358.6135
19999.96,0.58,20001.81;358.5734
19999.96,0.58,20001.91;358.5333
19999.96,0.58,20002.04;358.5047
19999.96,0.58,20002.16;358.4588
19999.95,0.58,20002.26;358.4073
19999.95,0.58,20002.38;358.3557
19999.95,0.58,20002.5;358.3156
19999.94,0.58,20002.63;358.264
19999.94,0.58,20002.72;358.2182
19999.94,0.58,20002.85;358.1838
19999.93,0.58,20002.96;358.138
19999.93,0.58,20003.07;358.0922
19999.92,0.58,20003.17;358.0464
19999.92,0.58,20003.29;358.0005
19999.92,0.58,20003.39;357.9489
19999.91,0.58,20003.5;357.8974
19999.91,0.58,20003.62;357.8516
19999.9,0.58,20003.71;357.8057
19999.9,0.58,20003.81;357.7542
19999.9,0.58,20003.92;357.6911
19999.89,0.58,20004.03;357.6453
19999.89,0.58,20004.12;357.5708
19999.88,0.58,20004.23;357.5135
19999.88,0.58,20004.33;357.4562
19999.87,0.58,20004.44;357.4104
19999.87,0.58,20004.53;357.3474
19999.87,0.58,20004.63;357.2958
19999.86,0.58,20004.74;357.25
19999.86,0.58,20004.82;357.1984
19999.85,0.58,20004.92;357.1469
19999.85,0.58,20005.02;357.0838
19999.84,0.58,20005.12;357.038
19999.84,0.58,20005.21;356.9807
19999.83,0.58,20005.31;356.9291
19999.83,0.58,20005.4;356.8776
19999.82,0.58,20005.5;356.8318
19999.81,0.58,20005.58;356.7802
19999.81,0.58,20005.68;356.7229
19999.8,0.58,20005.78;356.6713
19999.8,0.58,20005.86;356.6198
19999.79,0.58,20005.95;356.5682
19999.79,0.58,20006.05;356.5109
19999.78,0.58,20006.13;356.4594
19999.78,0.58,20006.23;356.4021
19999.77,0.58,20006.32;356.3448
19999.77,0.58,20006.41;356.299
19999.76,0.58,20006.49;356.2531
19999.75,0.58,20006.58;356.2015
19999.75,0.58,20006.67;356.15
19999.74,0.58,20006.76;356.0984
19999.74,0.58,20006.84;356.0468
19999.73,0.58,20006.94;355.9896
19999.72,0.58,20007.03;355.9323
19999.72,0.58,20007.11;355.8635
19999.71,0.58,20007.17;355.7661
19999.71,0.58,20007.22;355.6687
19999.71,0.58,20007.25;355.5999
19999.71,0.58,20007.27;355.5656
19999.7,0.58,20007.29;355.5312
19999.7,0.58,20007.32;355.5255
19999.7,0.58,20007.35;355.514
19999.69,0.58,20007.4;355.4854
19999.69,0.58,20007.47;355.4338
19999.68,0.58,20007.53;355.3822
19999.68,0.58,20007.59;355.325
19999.67,0.58,20007.66;355.2505
19999.67,0.58,20007.72;355.1703
19999.66,0.58,20007.79;355.1072
19999.66,0.58,20007.87;355.0328
19999.65,0.58,20007.96;354.9583
19999.64,0.58,20008.06;354.8895
19999.63,0.58,20008.16;354.8208
19999.62,0.58,20008.29;354.7406
19999.6,0.58,20008.44;354.6718
19999.59,0.58,20008.58;354.6145
19999.57,0.58,20008.76;354.5573
19999.55,0.58,20008.94;354.5172
19999.54,0.58,20009.13;354.4885
19999.52,0.58,20009.29;354.4484
19999.5,0.58,20009.46;354.4083
19999.49,0.58,20009.61;354.3682
19999.48,0.58,20009.71;354.3281
19999.47,0.58,20009.82;354.288
19999.45,0.58,20010;354.2593
19999.43,0.58,20010.19;354.2192
19999.41,0.58,20010.36;354.1734
19999.39,0.58,20010.56;354.1276
19999.37,0.58,20010.76;354.0817
19999.35,0.58,20010.95;354.0416
19999.34,0.58,20011.12;354.0187
19999.31,0.58,20011.32;353.9729
19999.3,0.58,20011.49;353.927
19999.28,0.58,20011.69;353.8812
19999.25,0.58,20011.89;353.8239
19999.23,0.58,20012.09;353.7666
19999.21,0.58,20012.26;353.7151
19999.19,0.58,20012.46;353.6577
19999.17,0.58,20012.66;353.5947
19999.15,0.58,20012.83;353.5317
19999.13,0.58,20013.03;353.4744
19999.1,0.58,20013.22;353.4114
19999.08,0.58,20013.42;353.3427
19999.06,0.58,20013.59;353.2911
19999.04,0.58,20013.78;353.2281
19999.02,0.58,20013.97;353.165
19998.99,0.58,20014.17;353.102
19998.97,0.58,20014.33;353.0505
19998.95,0.58,20014.53;352.9932
19998.92,0.58,20014.71;352.9359
19998.9,0.58,20014.88;352.8786
19998.88,0.58,20015.07;352.8213
19998.86,0.58,20015.26;352.7755
19998.83,0.58,20015.44;352.7239
19998.81,0.58,20015.59;352.6781
19998.79,0.58,20015.78;352.6322
19998.77,0.58,20015.96;352.5864
19998.74,0.58,20016.15;352.5463
19998.71,0.58,20016.34;352.5062
19998.69,0.58,20016.5;352.4604
19998.67,0.58,20016.69;352.4088
19998.65,0.58,20016.85;352.363
19998.62,0.58,20017.03;352.3171
19998.6,0.58,20017.21;352.2598
19998.57,0.58,20017.38;352.1911
19998.55,0.58,20017.54;352.1453
19998.53,0.58,20017.71;352.088
19998.51,0.58,20017.88;352.0364
19998.48,0.58,20018.03;351.9848
19998.46,0.58,20018.21;351.9447
19998.44,0.58,20018.38;351.8932
19998.41,0.58,20018.55;351.8416
19998.39,0.58,20018.7;351.8015
19998.37,0.58,20018.87;351.7843
19998.34,0.58,20019.04;351.7671
19998.31,0.58,20019.22;351.7499
19998.29,0.58,20019.37;351.7328
19998.27,0.58,20019.52;351.7156
19998.27,0.58,20019.56;351.6984
19998.26,0.58,20019.6;351.6296
19998.26,0.58,20019.6;351.6296
19998.25,0.58,20019.64;351.5379
19998.25,0.58,20019.65;351.4749
19998.25,0.58,20019.66;351.452
19998.25,0.58,20019.68;351.4463
19998.24,0.58,20019.72;351.452
19998.23,0.58,20019.76;351.4577
19998.23,0.58,20019.8;351.4577
19998.22,0.58,20019.85;351.4692
19998.21,0.58,20019.89;351.4864
19998.21,0.58,20019.95;351.5208
19998.21,0.58,20019.99;351.5551
19998.21,0.5800001,20020.03;351.5952
19998.21,0.58,20020.07;351.6411
19998.21,0.5800001,20020.11;351.6697
19998.21,0.5800001,20020.14;351.7098
19998.21,0.5800002,20020.19;351.7442
19998.21,0.5800001,20020.24;351.7786
19998.21,0.5800001,20020.29;351.8072
19998.21,0.5800001,20020.35;351.8473
19998.21,0.5800001,20020.43;351.876
19998.21,0.58,20020.49;351.9103
19998.21,0.5800001,20020.57;351.939
19998.21,0.58,20020.63;351.9677
19998.21,0.58,20020.69;351.9848
19998.21,0.5800001,20020.74;352.0135
19998.21,0.5800001,20020.8;352.0479
19998.21,0.5800001,20020.87;352.0708
19998.21,0.5800002,20020.92;352.0822
19998.21,0.5800001,20020.99;352.0937
19998.21,0.5800001,20021.06;352.0937
19998.21,0.5800001,20021.12;352.088
19998.21,0.5800001,20021.18;352.0822
19998.21,0.5800002,20021.24;352.0822
19998.21,0.5800002,20021.3;352.0822
19998.21,0.5800002,20021.37;352.088
19998.21,0.5800002,20021.43;352.0994
19998.21,0.5800001,20021.5;352.0994
19998.21,0.5800001,20021.56;352.0994
19998.21,0.5800001,20021.62;352.0994
19998.21,0.5800001,20021.69;352.0994
19998.21,0.5800002,20021.76;352.0994
19998.21,0.5800002,20021.8;352.0994
19998.21,0.5800002,20021.87;352.0994
19998.21,0.5800002,20021.94;352.0994
19998.21,0.5800002,20022;352.0994
19998.21,0.5800001,20022.07;352.0994
19998.21,0.5800001,20022.14;352.0994
19998.21,0.5800001,20022.22;352.0994
19998.21,0.5800001,20022.28;352.0994
19998.21,0.5800002,20022.36;352.0994
19998.21,0.5800001,20022.43;352.0994
19998.21,0.5800001,20022.5;352.0994
19998.21,0.5800001,20022.56;352.0994
19998.21,0.5800001,20022.64;352.0994
19998.21,0.5800001,20022.72;352.0994
19998.21,0.5800001,20022.79;352.0994
19998.21,0.5800001,20022.86;352.0994
19998.21,0.58,20022.93;352.0994
19998.21,0.58,20023;352.0994
19998.21,0.5800002,20023.08;352.0994
19998.21,0.5800002,20023.14;352.0421
19998.21,0.5800002,20023.16;351.9677
19998.21,0.5800002,20023.18;351.939
19998.21,0.5800002,20023.18;351.9103
19998.21,0.5800002,20023.19;351.8932
19998.21,0.5800002,20023.2;351.8817
19998.21,0.5800002,20023.21;351.8874
19998.21,0.5800002,20023.22;351.9161
19998.21,0.5800002,20023.23;351.9677
19998.21,0.5800002,20023.24;352.0192
19998.21,0.5800002,20023.25;352.065
19998.21,0.5800002,20023.26;352.1395
19998.21,0.5800002,20023.27;352.2484
19998.21,0.5800002,20023.28;352.363
19998.21,0.5800002,20023.29;352.4776
19998.21,0.5800002,20023.3;352.638
19998.21,0.5800002,20023.31;352.8385
19998.21,0.5800002,20023.31;353.0391
19998.21,0.5800002,20023.31;353.3083
19998.21,0.5800002,20023.31;353.6063
19998.21,0.5800002,20023.31;353.9042
19998.21,0.5800002,20023.31;354.1621
19998.21,0.5800002,20023.31;354.4485
19998.21,0.5800002,20023.31;354.7293
19998.21,0.5800002,20023.29;354.9642
19998.21,0.5800002,20023.27;355.1991
19998.21,0.5800002,20023.25;355.4799
19998.21,0.5800002,20023.23;355.7606
19998.22,0.5800002,20023.21;356.007
19998.22,0.5800002,20023.19;356.282
19998.22,0.5800002,20023.17;356.5055
19998.22,0.5800002,20023.14;356.7289
19998.22,0.5800002,20023.13;356.981
19998.22,0.5800002,20023.1;357.2331
19998.22,0.5800002,20023.08;357.4509
19998.22,0.5800002,20023.06;357.7087
19998.23,0.5800002,20023.04;357.9723
19998.23,0.5800002,20023.01;358.2014
19998.23,0.5800002,20022.99;358.4536
19998.23,0.5800002,20022.97;358.7057
19998.23,0.5800002,20022.96;358.9578
19998.23,0.5800002,20022.95;359.1526
19998.23,0.5800002,20022.97;359.3474
19998.23,0.5800002,20022.99;359.5078
19998.23,0.5800002,20023.01;359.6224
19998.23,0.5800002,20023.02;359.737
19998.23,0.5800002,20023.04;359.7484
19998.23,0.5800002,20023.05;359.7141
19998.23,0.5800002,20023.09;359.6797
19998.23,0.5800002,20023.15;359.6281
19998.23,0.5800002,20023.19;359.5766
19998.23,0.5800002,20023.23;359.5135
19998.23,0.5800002,20023.28;359.4906
19998.22,0.5800002,20023.34;359.4849
19998.22,0.5800002,20023.4;359.4849
19998.22,0.5800002,20023.5;359.4792
19998.22,0.5800002,20023.63;359.4734
19998.22,0.5800002,20023.77;359.4792
19998.22,0.5800002,20023.91;359.525
19998.22,0.5800002,20024.1;359.588
19998.22,0.5800002,20024.3;359.6854
19998.22,0.5800002,20024.47;359.8058
19998.22,0.5800002,20024.68;359.9261
19998.22,0.5800002,20024.89;0.02921003
19998.22,0.5800002,20025.1;0.1495339
19998.22,0.5800002,20025.27;0.246941
19998.22,0.5800002,20025.48;0.3156914
19998.22,0.5800002,20025.69;0.390171
19998.22,0.5800002,20025.88;0.4646505
19998.22,0.5800002,20026.06;0.5448592
19998.23,0.5800002,20026.28;0.6136097
19998.23,0.5800002,20026.46;0.7110168
19998.23,0.5800002,20026.67;0.8084238
19998.23,0.5800002,20026.88;0.9058309
19998.24,0.5800002,20027.06;0.9860398
19998.24,0.5800002,20027.25;1.077718
19998.25,0.5800002,20027.45;1.157926
19998.25,0.5800002,20027.66;1.232406
19998.25,0.5800002,20027.83;1.318354
19998.26,0.5800002,20028.03;1.404303
19998.26,0.5800002,20028.23;1.507439
19998.27,0.5800002,20028.44;1.593388
19998.28,0.5800002,20028.62;1.696525
19998.28,0.5800002,20028.82;1.793932
19998.29,0.5800002,20029.02;1.874141
19998.29,0.5800002,20029.2;1.954349
19998.3,0.5800002,20029.4;2.046027
19998.31,0.5800002,20029.61;2.131976
19998.32,0.5800002,20029.8;2.183538
19998.32,0.5800002,20029.93;2.275216
19998.33,0.5800002,20030.02;2.372623
19998.33,0.5800002,20030.04;2.47003
19998.33,0.5800002,20030.04;2.527323
19998.33,0.5800002,20030.04;2.527323
19998.33,0.5800002,20030.05;2.584615
19998.33,0.5800002,20030.07;2.584615
19998.33,0.5800002,20030.09;2.578885
19998.33,0.5800002,20030.12;2.573156
19998.33,0.5800002,20030.14;2.578885
19998.33,0.5800002,20030.17;2.601802
19998.33,0.5800002,20030.21;2.630448
19998.34,0.5800002,20030.25;2.647635
19998.34,0.5800002,20030.3;2.664823
19998.34,0.5800002,20030.36;2.682011
19998.34,0.5800002,20030.42;2.699198
19998.35,0.5800002,20030.49;2.716386
19998.35,0.5800002,20030.55;2.727844
19998.36,0.5800002,20030.64;2.76222
19998.36,0.5800002,20030.76;2.796595
19998.37,0.5800002,20030.88;2.83097
19998.37,0.5800002,20031.01;2.865345
19998.38,0.5800002,20031.15;2.882533
19998.39,0.5800002,20031.29;2.882533
19998.39,0.5800002,20031.4;2.905449
19998.4,0.5800002,20031.53;2.928366
19998.41,0.5800002,20031.66;2.9742
19998.41,0.5800002,20031.79;2.997117
19998.42,0.5800002,20031.9;3.031492
19998.43,0.5800002,20032.04;3.060138
19998.43,0.5800002,20032.17;3.065867
19998.44,0.5800002,20032.28;3.071596
19998.45,0.5800002,20032.4;3.083054
19998.45,0.5800002,20032.53;3.105971
19998.46,0.5800002,20032.65;3.128888
19998.46,0.5800002,20032.75;3.168993
19998.47,0.5800002,20032.88;3.209096
19998.48,0.5800002,20033;3.249201
19998.49,0.5800002,20033.13;3.272118
19998.49,0.5800002,20033.24;3.300763
19998.5,0.5800002,20033.36;3.323681
19998.51,0.5800002,20033.47;3.346597
19998.51,0.5800002,20033.57;3.380973
19998.52,0.5800002,20033.69;3.415348
19998.53,0.5800002,20033.8;3.449723
19998.53,0.5800002,20033.91;3.466911
19998.53,0.5800002,20033.92;3.438265
19998.53,0.5800002,20033.93;3.455452
19998.53,0.5800002,20033.93;3.455452
19998.53,0.5800002,20033.94;3.501285
19998.54,0.5800002,20033.95;3.552848
19998.54,0.5800002,20033.97;3.575765
19998.54,0.5800002,20034.01;3.581494
19998.54,0.5800002,20034.05;3.570036
19998.54,0.5800002,20034.12;3.558578
19998.55,0.5800002,20034.18;3.535661
19998.55,0.5800002,20034.24;3.518473
19998.56,0.5800002,20034.32;3.495557
19998.56,0.5800002,20034.4;3.466911
19998.57,0.5800002,20034.47;3.438265
19998.57,0.5800002,20034.55;3.409619
19998.58,0.5800002,20034.63;3.363785
19998.58,0.5800002,20034.71;3.32941
19998.58,0.5800002,20034.78;3.323681
19998.59,0.5800002,20034.87;3.323681
19998.6,0.5800002,20034.96;3.312222
19998.6,0.5800002,20035.04;3.300764
19998.6,0.5800002,20035.11;3.272118
19998.61,0.5800002,20035.21;3.232014
19998.61,0.5800002,20035.29;3.180451
19998.62,0.5800002,20035.37;3.140347
19998.62,0.5800002,20035.46;3.088784
19998.63,0.5800002,20035.55;3.037221
19998.63,0.5800002,20035.64;2.991387
19998.64,0.5800002,20035.72;2.962741
19998.64,0.5800002,20035.81;2.922637
19998.65,0.5800002,20035.9;2.882532
19998.65,0.5800002,20035.98;2.842428
19998.65,0.5800002,20036.07;2.802323
19998.66,0.5800002,20036.17;2.75649
19998.66,0.5800002,20036.26;2.710656
19998.67,0.5800002,20036.33;2.670552
19998.67,0.5800002,20036.41;2.618989
19998.67,0.5800002,20036.48;2.567426
19998.68,0.5800002,20036.55;2.527322
19998.68,0.5800002,20036.6;2.510134
19998.68,0.5800002,20036.63;2.504405
19998.68,0.5800002,20036.65;2.527322
19998.68,0.5800002,20036.66;2.555968
19998.68,0.5800002,20036.66;2.578885
19998.68,0.5800002,20036.65;2.601802
19998.68,0.5800002,20036.65;2.618989
19998.68,0.5800002,20036.64;2.624718
19998.68,0.5800002,20036.63;2.641906
19998.68,0.5800002,20036.62;2.664823
19998.68,0.5800002,20036.61;2.682011
19998.68,0.5800002,20036.61;2.699198
19998.68,0.5800002,20036.6;2.710657
19998.68,0.5800002,20036.6;2.722116
19998.68,0.5800002,20036.6;2.733574
19998.68,0.5800002,20036.6;2.745032
19998.68,0.5800002,20036.6;2.75649
19998.68,0.5800002,20036.61;2.773678
19998.68,0.5800002,20036.62;2.779408
19998.68,0.5800002,20036.63;2.785136
19998.68,0.5800002,20036.64;2.785136
19998.68,0.5800002,20036.65;2.779408
19998.68,0.5800002,20036.65;2.773678
19998.68,0.5800002,20036.66;2.76222
19998.68,0.5800002,20036.66;2.739303
19998.68,0.5800002,20036.65;2.733574
19998.68,0.5800002,20036.64;2.727844
19998.68,0.5800002,20036.63;2.727844
19998.68,0.5800002,20036.61;2.727844
19998.68,0.5800002,20036.59;2.727844
19998.68,0.5800002,20036.57;2.739303
19998.68,0.5800002,20036.54;2.739303
19998.67,0.5800002,20036.5;2.739303
19998.67,0.5800002,20036.46;2.739303
19998.67,0.5800002,20036.42;2.739303
19998.67,0.5800002,20036.37;2.750761
19998.66,0.5800002,20036.32;2.767949
19998.66,0.5800002,20036.27;2.779407
19998.66,0.5800002,20036.23;2.779407
19998.66,0.5800002,20036.18;2.779407
19998.66,0.5800002,20036.13;2.779407
19998.65,0.5800002,20036.08;2.779407
19998.65,0.5800002,20036.04;2.779407
19998.65,0.5800002,20035.99;2.779407
19998.65,0.5800002,20035.95;2.779407
19998.64,0.5800002,20035.9;2.779407
19998.64,0.5800002,20035.85;2.779407
19998.64,0.5800002,20035.8;2.779407
19998.64,0.5800002,20035.76;2.779407
19998.63,0.5800002,20035.71;2.779407
19998.63,0.5800002,20035.66;2.779407
19998.63,0.5800002,20035.64;2.779407
19998.63,0.5800002,20035.64;2.790866
19998.63,0.5800002,20035.63;2.796595
19998.63,0.5800002,20035.64;2.802324
19998.63,0.5800002,20035.65;2.819511
19998.63,0.5800002,20035.67;2.83097
19998.63,0.5800002,20035.7;2.842428
19998.64,0.5800002,20035.72;2.848157
19998.64,0.5800002,20035.75;2.848157
19998.64,0.5800002,20035.79;2.848157
19998.64,0.5800002,20035.82;2.842428
19998.64,0.5800002,20035.86;2.836699
19998.64,0.5800002,20035.89;2.83097
19998.65,0.5800002,20035.92;2.83097
19998.65,0.5800002,20035.95;2.842428
19998.65,0.5800002,20035.98;2.853886
19998.65,0.5800002,20036;2.871074
19998.65,0.5800002,20036.01;2.888261
19998.65,0.5800002,20036.03;2.893991
19998.65,0.5800002,20036.04;2.89972
19998.65,0.5800002,20036.05;2.89972
19998.65,0.5800002,20036.06;2.893991
19998.65,0.5800002,20036.07;2.893991
19998.65,0.5800002,20036.07;2.893991
19998.65,0.5800002,20036.07;2.893991
19998.65,0.5800002,20036.07;2.89972
19998.65,0.5800002,20036.08;2.916907
19998.65,0.5800002,20036.08;2.934095
19998.65,0.5800002,20036.08;2.96847
19998.65,0.5800002,20036.08;3.002845
19998.65,0.5800002,20036.09;3.048679
19998.65,0.5800002,20036.09;3.088783
19998.65,0.5800002,20036.09;3.123158
19998.65,0.5800002,20036.09;3.123158
19998.65,0.5800002,20036.07;3.123158
19998.65,0.5800002,20036.06;3.100242
19998.65,0.5800002,20036.06;3.083054
19998.65,0.5800002,20036.05;3.077325
19998.65,0.5800002,20036.04;3.065867
19998.65,0.5800002,20036.04;3.065867
19998.65,0.5800002,20036.04;3.065867
19998.65,0.5800002,20036.04;3.060138
19998.65,0.5800002,20036.05;3.065867
19998.65,0.5800002,20036.05;3.071595
19998.65,0.5800002,20036.05;3.048679
19998.65,0.5800002,20036.06;3.008574
19998.65,0.5800002,20036.06;2.96847
19998.65,0.5800002,20036.06;2.934095
19998.65,0.5800002,20036.06;2.905449
19998.65,0.5800002,20036.06;2.888261
19998.65,0.5800002,20036.06;2.848157
19998.65,0.5800002,20036.06;2.808052
19998.65,0.5800002,20036.05;2.767948
19998.65,0.5800002,20036.05;2.756489
19998.65,0.5800002,20036.04;2.756489
19998.65,0.5800002,20036.04;2.762219
19998.65,0.5800002,20036.04;2.773677
19998.65,0.5800002,20036.03;2.779406
19998.65,0.5800002,20036.03;2.779406
19998.65,0.5800002,20036.03;2.785135
19998.65,0.5800002,20036.03;2.790864
19998.65,0.5800002,20036.02;2.785135
19998.65,0.5800002,20036.02;2.779406
19998.65,0.5800002,20036.01;2.773677
19998.65,0.5800002,20036.02;2.767948
19998.65,0.5800002,20036.02;2.756489
19998.65,0.5800002,20036.02;2.739301
19998.65,0.5800002,20036.03;2.722114
19998.65,0.5800002,20036.03;2.716385
19998.65,0.5800002,20036.03;2.722114
19998.65,0.5800002,20036.03;2.727843
19998.65,0.5800002,20036.03;2.727843
19998.65,0.5800002,20036.02;2.722114
19998.65,0.5800002,20036.02;2.716385
19998.65,0.5800002,20036.02;2.716385
19998.65,0.5800002,20036.02;2.716385
19998.65,0.5800002,20036.02;2.716385
19998.65,0.5800002,20036.02;2.722114
19998.65,0.5800002,20036.03;2.727843
19998.65,0.5800002,20036.03;2.727843
19998.65,0.5800002,20036.03;2.733572
19998.65,0.5800002,20036.03;2.739301
19998.65,0.5800002,20036.04;2.739301
19998.65,0.5800002,20036.04;2.733572
19998.65,0.5800002,20036.05;2.710655
19998.65,0.5800002,20036.06;2.693468
19998.65,0.5800002,20036.06;2.67628
19998.65,0.5800002,20036.06;2.659092
19998.65,0.5800002,20036.07;2.647634
19998.65,0.5800002,20036.07;2.647634
19998.65,0.5800002,20036.06;2.636176
19998.65,0.5800002,20036.06;2.636176
19998.65,0.5800002,20036.06;2.636176
19998.65,0.5800002,20036.06;2.636176
19998.65,0.5800002,20036.06;2.636176
19998.65,0.5800002,20036.06;2.630446
19998.65,0.5800002,20036.06;2.630446
19998.65,0.5800002,20036.07;2.624717
19998.65,0.5800002,20036.07;2.618988
19998.65,0.5800002,20036.08;2.618988
19998.65,0.5800002,20036.08;2.60753
19998.65,0.5800002,20036.09;2.590342
19998.65,0.5800002,20036.09;2.584613
19998.65,0.5800002,20036.09;2.578884
19998.65,0.5800002,20036.09;2.573154
19998.65,0.5800002,20036.09;2.567425
19998.65,0.5800002,20036.09;2.567425
19998.65,0.5800002,20036.09;2.567425
19998.65,0.5800002,20036.09;2.578884
19998.65,0.5800002,20036.09;2.578884
19998.65,0.5800002,20036.09;2.578884
19998.65,0.5800002,20036.09;2.584613
19998.65,0.5800002,20036.08;2.590342
19998.65,0.5800002,20036.08;2.6018
19998.65,0.5800002,20036.08;2.6018
19998.65,0.5800002,20036.08;2.60753
19998.65,0.5800002,20036.08;2.60753
19998.65,0.5800002,20036.08;2.613259
19998.65,0.5800002,20036.08;2.613259
19998.65,0.5800002,20036.08;2.618988
19998.65,0.5800002,20036.08;2.624717
19998.65,0.5800002,20036.08;2.624717
19998.65,0.5800002,20036.08;2.630446
19998.65,0.5800002,20036.08;2.636176
19998.65,0.5800002,20036.08;2.636176
19998.65,0.5800002,20036.08;2.636176
19998.65,0.5800002,20036.08;2.636176
19998.65,0.5800002,20036.08;2.641905
19998.65,0.5800002,20036.08;2.647635
19998.65,0.5800002,20036.08;2.653364
19998.65,0.5800002,20036.08;2.659093
19998.65,0.5800002,20036.08;2.670551
19998.65,0.5800002,20036.08;2.687739
19998.65,0.5800002,20036.07;2.704927
19998.65,0.5800002,20036.07;2.727843
19998.65,0.5800002,20036.07;2.745031
19998.65,0.5800002,20036.06;2.762218
19998.65,0.5800002,20036.06;2.779406
19998.65,0.5800002,20036.06;2.790865
19998.65,0.5800002,20036.05;2.802323
19998.65,0.5800002,20036.05;2.808052
19998.65,0.5800002,20036.05;2.81951
19998.65,0.5800002,20036.05;2.82524
19998.65,0.5800002,20036.04;2.836698
19998.65,0.5800002,20036.05;2.848157
19998.65,0.5800002,20036.05;2.859615
19998.65,0.5800002,20036.05;2.865345
19998.65,0.5800002,20036.05;2.871073
19998.65,0.5800002,20036.06;2.871073
19998.65,0.5800002,20036.06;2.876802
19998.65,0.5800002,20036.06;2.882532
19998.65,0.5800002,20036.06;2.882532
19998.65,0.5800002,20036.06;2.888261
19998.65,0.5800002,20036.06;2.888261
19998.65,0.5800002,20036.06;2.89399
19998.65,0.5800002,20036.06;2.89399
19998.65,0.5800002,20036.06;2.89399
19998.65,0.5800002,20036.06;2.89399
19998.65,0.5800002,20036.06;2.89399
19998.65,0.5800002,20036.06;2.899719
19998.65,0.5800002,20036.06;2.899719
19998.65,0.5800002,20036.06;2.905448
19998.65,0.5800002,20036.06;2.916906
19998.65,0.5800002,20036.06;2.928365
19998.65,0.5800002,20036.07;2.939823
19998.65,0.5800002,20036.07;2.951282
19998.65,0.5800002,20036.07;2.957011
19998.65,0.5800002,20036.07;2.968469
19998.65,0.5800002,20036.07;2.979928
19998.65,0.5800002,20036.06;2.985657
19998.65,0.5800002,20036.06;2.997115
19998.65,0.5800002,20036.06;3.002845
19998.65,0.5800002,20036.06;3.014303
19998.65,0.5800002,20036.05;3.025762
19998.65,0.5800002,20036.05;3.03722
19998.65,0.5800002,20036.04;3.054408
19998.65,0.5800002,20036.04;3.071595
19998.65,0.5800002,20036.04;3.094512
19998.65,0.5800002,20036.03;3.117429
19998.65,0.5800002,20036.03;3.140346
19998.65,0.5800002,20036.03;3.163263
19998.65,0.5800002,20036.03;3.186179
19998.65,0.5800002,20036.02;3.209096
19998.65,0.5800002,20036.02;3.220555
19998.65,0.5800002,20036.02;3.226284
19998.65,0.5800002,20036.01;3.232013
19998.65,0.5800002,20036.02;3.237742
19998.65,0.5800002,20036.02;3.232013
19998.65,0.5800002,20036.02;3.232013
19998.65,0.5800002,20036.03;3.226284
19998.65,0.5800002,20036.03;3.220555
19998.65,0.5800002,20036.04;3.214825
19998.65,0.5800002,20036.04;3.209096
19998.65,0.5800002,20036.04;3.209096
19998.65,0.5800002,20036.05;3.209096
19998.65,0.5800002,20036.05;3.214825
19998.65,0.5800002,20036.06;3.209096
19998.65,0.5800002,20036.06;3.203367
19998.65,0.5800002,20036.07;3.203367
19998.65,0.5800002,20036.07;3.191908
19998.65,0.5800002,20036.07;3.174721
19998.65,0.5800002,20036.08;3.163262
19998.65,0.5800002,20036.08;3.168992
19998.65,0.5800002,20036.08;3.174721
19998.65,0.5800002,20036.08;3.197638
19998.65,0.5800002,20036.07;3.232013
19998.65,0.5800002,20036.07;3.272117
19998.65,0.5800002,20036.07;3.317951
19998.65,0.5800002,20036.07;3.363785
19998.65,0.5800002,20036.07;3.409618
19998.65,0.5800002,20036.07;3.443994
19998.65,0.5800002,20036.08;3.484098
19998.65,0.5800002,20036.07;3.512744
19998.65,0.5800002,20036.07;3.535661
19998.65,0.5800002,20036.07;3.570036
19998.65,0.5800002,20036.06;3.604411
19998.65,0.5800002,20036.06;3.638786
19998.65,0.5800002,20036.06;3.655974
19998.65,0.5800002,20036.06;3.667432
19998.65,0.5800002,20036.06;3.667432
19998.65,0.5800002,20036.06;3.667432
19998.65,0.5800002,20036.06;3.667432
19998.65,0.5800002,20036.07;3.655974
19998.65,0.5800002,20036.07;3.650244
19998.65,0.5800002,20036.07;3.650244
19998.65,0.5800002,20036.07;3.655974
19998.65,0.5800002,20036.07;3.661702
19998.65,0.5800002,20036.07;3.673161
19998.65,0.5800002,20036.06;3.701807
19998.65,0.5800002,20036.05;3.724724
19998.65,0.5800002,20036.05;3.741911
19998.65,0.5800002,20036.04;3.759099
19998.65,0.5800002,20036.03;3.776287
19998.65,0.5800002,20036.03;3.793474
19998.65,0.5800002,20036.02;3.804933
19998.65,0.5800002,20036.02;3.816392
19998.65,0.5800002,20036.02;3.82212
19998.65,0.5800002,20036.02;3.82212
19998.65,0.5800002,20036.02;3.82212
19998.65,0.5800002,20036.03;3.816392
19998.65,0.5800002,20036.03;3.810663
19998.65,0.5800002,20036.04;3.810663
19998.65,0.5800002,20036.04;3.810663
19998.65,0.5800002,20036.04;3.810663
19998.65,0.5800002,20036.04;3.810663
19998.65,0.5800002,20036.04;3.804933
19998.65,0.5800002,20036.05;3.799204
19998.65,0.5800002,20036.05;3.793475
19998.65,0.5800002,20036.05;3.787745
19998.65,0.5800002,20036.06;3.782016
19998.65,0.5800002,20036.06;3.782016
19998.65,0.5800002,20036.06;3.782016
19998.65,0.5800002,20036.06;3.776287
19998.65,0.5800002,20036.06;3.776287
19998.65,0.5800002,20036.06;3.782016
19998.65,0.5800002,20036.06;3.787745
19998.65,0.5800002,20036.06;3.793475
19998.65,0.5800002,20036.06;3.799204
19998.65,0.5800002,20036.06;3.804934
19998.65,0.5800002,20036.06;3.810663
19998.65,0.5800002,20036.06;3.816393
19998.65,0.5800002,20036.06;3.816393
19998.65,0.5800002,20036.06;3.816393
19998.65,0.5800002,20036.06;3.816393
19998.65,0.5800002,20036.06;3.816393
19998.65,0.5800002,20036.05;3.816393
19998.65,0.5800002,20036.05;3.816393
19998.65,0.5800002,20036.05;3.816393
19998.65,0.5800002,20036.05;3.816393
19998.65,0.5800002,20036.05;3.810663
19998.65,0.5800002,20036.05;3.804934
19998.65,0.5800002,20036.05;3.799205
19998.65,0.5800002,20036.05;3.799205
19998.65,0.5800002,20036.05;3.799205
19998.65,0.5800002,20036.05;3.793476
19998.65,0.5800002,20036.05;3.793476
19998.65,0.5800002,20036.05;3.793476
19998.65,0.5800002,20036.05;3.793476
19998.65,0.5800002,20036.05;3.787746
19998.65,0.5800002,20036.05;3.787746
19998.65,0.5800002,20036.05;3.787746
19998.65,0.5800002,20036.05;3.782017
19998.65,0.5800002,20036.05;3.782017
19998.65,0.5800002,20036.05;3.782017
19998.65,0.5800002,20036.05;3.782017
19998.65,0.5800002,20036.05;3.782017
19998.65,0.5800002,20036.05;3.787746
19998.65,0.5800002,20036.05;3.787746
19998.65,0.5800002,20036.05;3.793476
19998.65,0.5800002,20036.05;3.793476
19998.65,0.5800002,20036.05;3.793476
19998.65,0.5800002,20036.05;3.799205
19998.65,0.5800002,20036.05;3.799205
19998.65,0.5800002,20036.06;3.799205
19998.65,0.5800002,20036.06;3.799205
19998.65,0.5800002,20036.05;3.799205
19998.65,0.5800002,20036.05;3.799205
19998.65,0.5800002,20036.05;3.799205
19998.65,0.5800002,20036.05;3.799205
19998.65,0.5800002,20036.05;3.804935
19998.65,0.5800002,20036.05;3.804935
19998.65,0.5800002,20036.05;3.810664
19998.65,0.5800002,20036.05;3.810664
19998.65,0.5800002,20036.05;3.810664
19998.65,0.5800002,20036.06;3.810664
19998.65,0.5800002,20036.06;3.810664
19998.65,0.5800002,20036.06;3.810664
19998.65,0.5800002,20036.06;3.810664
19998.65,0.5800002,20036.06;3.810664
19998.65,0.5800002,20036.06;3.810664
19998.65,0.5800002,20036.06;3.810664
19998.65,0.5800002,20036.06;3.810664
19998.65,0.5800002,20036.06;3.810664
19998.65,0.5800002,20036.05;3.810664
19998.65,0.5800002,20036.05;3.810664
19998.65,0.5800002,20036.05;3.810664
19998.65,0.5800002,20036.05;3.810664
19998.65,0.5800002,20036.06;3.810664
19998.65,0.5800002,20036.06;3.816393
19998.65,0.5800002,20036.06;3.822122
19998.65,0.5800002,20036.06;3.827852
19998.65,0.5800002,20036.06;3.827852
19998.65,0.5800002,20036.06;3.827852
19998.65,0.5800002,20036.06;3.827852
19998.65,0.5800002,20036.06;3.827852
19998.65,0.5800002,20036.06;3.827852
19998.65,0.5800002,20036.06;3.827852
19998.65,0.5800002,20036.06;3.827852
19998.65,0.5800002,20036.05;3.827852
19998.65,0.5800002,20036.05;3.83358
19998.65,0.5800002,20036.05;3.839309
19998.65,0.5800002,20036.05;3.839309
19998.65,0.5800002,20036.05;3.839309
19998.65,0.5800002,20036.05;3.839309
19998.65,0.5800002,20036.05;3.839309
19998.65,0.5800002,20036.05;3.839309
19998.65,0.5800002,20036.05;3.839309
19998.65,0.5800002,20036.05;3.839309
19998.65,0.5800002,20036.05;3.839309
19998.65,0.5800002,20036.05;3.839309
19998.65,0.5800002,20036.05;3.839309
19998.65,0.5800002,20036.04;3.839309
19998.65,0.5800002,20036.04;3.839309
19998.65,0.5800002,20036.04;3.839309
19998.65,0.5800002,20036.04;3.839309
19998.65,0.5800002,20036.04;3.839309
19998.65,0.5800002,20036.04;3.839309
19998.65,0.5800002,20036.04;3.83358
19998.65,0.5800002,20036.04;3.827852
19998.65,0.5800002,20036.04;3.822122
19998.65,0.5800002,20036.04;3.822122
19998.65,0.5800002,20036.04;3.827852
19998.65,0.5800002,20036.04;3.827852
19998.65,0.5800002,20036.04;3.827852
19998.65,0.5800002,20036.04;3.827852
19998.65,0.5800002,20036.04;3.827852
19998.65,0.5800002,20036.04;3.827852
19998.65,0.5800002,20036.04;3.827852
19998.65,0.5800002,20036.04;3.827852
19998.65,0.5800002,20036.03;3.827852
19998.65,0.5800002,20036.03;3.827852
19998.65,0.5800002,20036.03;3.83358
19998.65,0.5800002,20036.03;3.83358
19998.65,0.5800002,20036.03;3.83358
19998.65,0.5800002,20036.03;3.83358
19998.65,0.5800002,20036.03;3.839309
19998.65,0.5800002,20036.03;3.839309
19998.65,0.5800002,20036.03;3.839309
19998.65,0.5800002,20036.03;3.845038
19998.65,0.5800002,20036.04;3.845038
19998.65,0.5800002,20036.04;3.839309
19998.65,0.5800002,20036.04;3.83358
19998.65,0.5800002,20036.04;3.822122
19998.65,0.5800002,20036.04;3.810663
19998.65,0.5800002,20036.04;3.804934
19998.65,0.5800002,20036.04;3.804934
19998.65,0.5800002,20036.04;3.799205
19998.65,0.5800002,20036.04;3.793476
19998.65,0.5800002,20036.04;3.793476
19998.65,0.5800002,20036.04;3.799205
19998.65,0.5800002,20036.04;3.810664
19998.65,0.5800002,20036.04;3.816393
19998.65,0.5800002,20036.04;3.822122
19998.65,0.5800002,20036.04;3.827851
19998.65,0.5800002,20036.04;3.827851
19998.65,0.5800002,20036.04;3.827851
19998.65,0.5800002,20036.05;3.827851
19998.65,0.5800002,20036.05;3.822122
19998.65,0.5800002,20036.05;3.822122
19998.65,0.5800002,20036.05;3.822122
19998.65,0.5800002,20036.05;3.816393
19998.65,0.5800002,20036.05;3.810664
19998.65,0.5800002,20036.04;3.810664
19998.65,0.5800002,20036.04;3.816393
19998.65,0.5800002,20036.04;3.822122
19998.65,0.5800002,20036.04;3.827851
19998.65,0.5800002,20036.04;3.83358
19998.65,0.5800002,20036.04;3.839309
19998.65,0.5800002,20036.04;3.839309
19998.65,0.5800002,20036.04;3.839309
19998.65,0.5800002,20036.05;3.822121
19998.65,0.5800002,20036.05;3.804934
19998.65,0.5800002,20036.05;3.793475
19998.65,0.5800002,20036.05;3.782017
19998.65,0.5800002,20036.06;3.770559
19998.65,0.5800002,20036.06;3.764829
19998.65,0.5800002,20036.06;3.764829
19998.65,0.5800002,20036.05;3.770559
19998.65,0.5800002,20036.05;3.770559
19998.65,0.5800002,20036.05;3.776288
19998.65,0.5800002,20036.05;3.776288
19998.65,0.5800002,20036.05;3.782018
19998.65,0.5800002,20036.05;3.782018
19998.65,0.5800002,20036.05;3.787747
19998.65,0.5800002,20036.06;3.793477
19998.65,0.5800002,20036.06;3.793477
19998.65,0.5800002,20036.06;3.787747
19998.65,0.5800002,20036.06;3.782018
19998.65,0.5800002,20036.06;3.77056
19998.65,0.5800002,20036.06;3.753372
19998.65,0.5800002,20036.06;3.736185
19998.65,0.5800002,20036.06;3.730455
19998.65,0.5800002,20036.06;3.724726
19998.65,0.5800002,20036.06;3.724726
19998.65,0.5800002,20036.05;3.724726
19998.65,0.5800002,20036.05;3.736185
19998.65,0.5800002,20036.05;3.747644
19998.65,0.5800002,20036.05;3.753373
19998.65,0.5800002,20036.04;3.764831
19998.65,0.5800002,20036.04;3.764831
19998.65,0.5800002,20036.05;3.77056
19998.65,0.5800002,20036.05;3.77056
19998.65,0.5800002,20036.05;3.77056
19998.65,0.5800002,20036.05;3.77056
19998.65,0.5800002,20036.05;3.764831
19998.65,0.5800002,20036.06;3.759102
19998.65,0.5800002,20036.06;3.753372
19998.65,0.5800002,20036.06;3.747643
19998.65,0.5800002,20036.05;3.741914
19998.65,0.5800002,20036.05;3.741914
19998.65,0.5800002,20036.05;3.747643
19998.65,0.5800002,20036.05;3.747643
19998.65,0.5800002,20036.05;3.753372
19998.65,0.5800002,20036.05;3.759102
19998.65,0.5800002,20036.05;3.764831
19998.65,0.5800002,20036.05;3.77056
19998.65,0.5800002,20036.06;3.77629
19998.65,0.5800002,20036.06;3.77629
19998.65,0.5800002,20036.06;3.77056
19998.65,0.5800002,20036.06;3.77056
19998.65,0.5800002,20036.07;3.759102
19998.65,0.5800002,20036.07;3.753373
19998.65,0.5800002,20036.07;3.741915
19998.65,0.5800002,20036.07;3.730456
19998.65,0.5800002,20036.07;3.736186
19998.65,0.5800002,20036.07;3.741915
19998.65,0.5800002,20036.06;3.753373
19998.65,0.5800002,20036.06;3.764832
19998.65,0.5800002,20036.06;3.776289
19998.65,0.5800002,20036.06;3.776289
19998.65,0.5800002,20036.06;3.787748
19998.65,0.5800002,20036.07;3.793477
19998.65,0.5800002,20036.07;3.793477
19998.65,0.5800002,20036.07;3.787748
19998.65,0.5800002,20036.07;3.77056
19998.65,0.5800002,20036.07;3.759102
19998.65,0.5800002,20036.07;3.747644
19998.65,0.5800002,20036.07;3.736186
19998.65,0.5800002,20036.07;3.730456
19998.65,0.5800002,20036.07;3.724727
19998.65,0.5800002,20036.07;3.730456
19998.65,0.5800002,20036.07;3.747644
19998.65,0.5800002,20036.06;3.764832
19998.65,0.5800002,20036.06;3.776289
19998.65,0.5800002,20036.05;3.787748
19998.65,0.5800002,20036.05;3.793477
19998.65,0.5800002,20036.05;3.799206
19998.65,0.5800002,20036.06;3.804936
19998.65,0.5800002,20036.06;3.810665
19998.65,0.5800002,20036.07;3.810665
19998.65,0.5800002,20036.07;3.804936
19998.65,0.5800002,20036.07;3.793478
19998.65,0.5800002,20036.07;3.78202
19998.65,0.5800002,20036.07;3.77629
19998.65,0.5800002,20036.07;3.77056
19998.65,0.5800002,20036.07;3.764831
19998.65,0.5800002,20036.07;3.77056
19998.65,0.5800002,20036.06;3.782019
19998.65,0.5800002,20036.06;3.793477
19998.65,0.5800002,20036.06;3.804935
19998.65,0.5800002,20036.06;3.816394
19998.65,0.5800002,20036.06;3.822123
19998.65,0.5800002,20036.06;3.827852
19998.65,0.5800002,20036.06;3.827852
19998.65,0.5800002,20036.07;3.827852
19998.65,0.5800002,20036.07;3.827852
19998.65,0.5800002,20036.07;3.816394
19998.65,0.5800002,20036.08;3.804935
19998.65,0.5800002,20036.08;3.793476
19998.65,0.5800002,20036.08;3.787747
19998.65,0.5800002,20036.08;3.787747
19998.65,0.5800002,20036.08;3.782018
19998.65,0.5800002,20036.08;3.787747
19998.65,0.5800002,20036.07;3.793477
19998.65,0.5800002,20036.07;3.799206
19998.65,0.5800002,20036.07;3.804936
19998.65,0.5800002,20036.07;3.810665
19998.65,0.5800002,20036.07;3.816394
19998.65,0.5800002,20036.08;3.822123
19998.65,0.5800002,20036.08;3.827852
19998.65,0.5800002,20036.08;3.827852
19998.65,0.5800002,20036.08;3.822123
19998.65,0.5800002,20036.08;3.816394
19998.65,0.5800002,20036.09;3.816394
19998.65,0.5800002,20036.09;3.810665
19998.65,0.5800002,20036.09;3.804936
19998.65,0.5800002,20036.08;3.799206
19998.65,0.5800002,20036.08;3.799206
19998.65,0.5800002,20036.08;3.804936
19998.65,0.5800002,20036.07;3.816395
19998.65,0.5800002,20036.07;3.827854
19998.65,0.5800002,20036.07;3.845041
19998.65,0.5800002,20036.07;3.862228
19998.65,0.5800002,20036.07;3.873687
19998.65,0.5800002,20036.07;3.879416
19998.65,0.5800002,20036.07;3.885145
19998.65,0.5800002,20036.08;3.890874
19998.65,0.5800002,20036.08;3.890874
19998.65,0.5800002,20036.09;3.890874
19998.65,0.5800002,20036.09;3.885145
19998.65,0.5800002,20036.09;3.873687
19998.65,0.5800002,20036.09;3.867958
19998.65,0.5800002,20036.09;3.862229
19998.65,0.5800002,20036.1;3.8565
19998.66,0.5800002,20036.1;3.862229
19998.66,0.5800002,20036.1;3.862229
19998.66,0.5800002,20036.1;3.862229
19998.66,0.5800002,20036.11;3.8565
19998.66,0.5800002,20036.11;3.850771
19998.66,0.5800002,20036.12;3.8565
19998.66,0.5800002,20036.13;3.8565
19998.66,0.5800002,20036.13;3.8565
19998.66,0.5800002,20036.13;3.8565
19998.66,0.5800002,20036.14;3.8565
19998.66,0.5800002,20036.14;3.8565
19998.66,0.5800002,20036.14;3.862229
19998.66,0.5800002,20036.15;3.862229
19998.66,0.5800002,20036.15;3.862229
19998.66,0.5800002,20036.15;3.8565
19998.66,0.5800002,20036.15;3.850771
19998.66,0.5800002,20036.14;3.845042
19998.66,0.5800002,20036.14;3.845042
19998.66,0.5800002,20036.14;3.839313
19998.66,0.5800002,20036.14;3.839313
19998.66,0.5800002,20036.14;3.845042
19998.66,0.5800002,20036.14;3.845042
19998.66,0.5800002,20036.13;3.850771
19998.66,0.5800002,20036.13;3.8565
19998.66,0.5800002,20036.13;3.8565
19998.66,0.5800002,20036.13;3.8565
19998.66,0.5800002,20036.13;3.8565
19998.66,0.5800002,20036.13;3.8565
19998.66,0.5800002,20036.13;3.8565
19998.66,0.5800002,20036.13;3.8565
19998.66,0.5800002,20036.13;3.8565
19998.66,0.5800002,20036.13;3.8565
19998.66,0.5800002,20036.13;3.8565
19998.66,0.5800002,20036.13;3.8565
19998.66,0.5800002,20036.13;3.8565
19998.66,0.5800002,20036.13;3.862229
19998.66,0.5800002,20036.14;3.862229
19998.66,0.5800002,20036.14;3.867958
19998.66,0.5800002,20036.15;3.873688
19998.66,0.5800002,20036.15;3.873688
19998.66,0.5800002,20036.15;3.867958
19998.66,0.5800002,20036.16;3.867958
19998.66,0.5800002,20036.16;3.86223
19998.66,0.5800002,20036.16;3.856501
19998.66,0.5800002,20036.16;3.856501
19998.66,0.5800002,20036.16;3.850771
19998.66,0.5800002,20036.16;3.850771
19998.66,0.5800002,20036.16;3.86223
19998.66,0.5800002,20036.15;3.867959
19998.66,0.5800002,20036.15;3.873688
19998.66,0.5800002,20036.15;3.879417
19998.66,0.5800002,20036.15;3.885146
19998.66,0.5800002,20036.14;3.885146
19998.66,0.5800002,20036.14;3.890875
19998.66,0.5800002,20036.14;3.890875
19998.66,0.5800002,20036.14;3.890875
19998.66,0.5800002,20036.13;3.890875
19998.66,0.5800002,20036.13;3.890875
19998.66,0.5800002,20036.13;3.890875
19998.66,0.5800002,20036.13;3.890875
19998.66,0.5800002,20036.13;3.896604
19998.66,0.5800002,20036.12;3.902333
19998.66,0.5800002,20036.12;3.908063
19998.66,0.5800002,20036.12;3.919522
19998.66,0.5800002,20036.12;3.93098
19998.66,0.5800002,20036.11;3.936709
19998.66,0.5800002,20036.11;3.936709
19998.66,0.5800002,20036.12;3.942438
19998.66,0.5800002,20036.12;3.942438
19998.66,0.5800002,20036.12;3.936709
19998.66,0.5800002,20036.13;3.925251
19998.66,0.5800002,20036.13;3.913791
19998.66,0.5800002,20036.13;3.902333
19998.66,0.5800002,20036.13;3.890875
19998.66,0.5800002,20036.13;3.885147
19998.66,0.5800002,20036.13;3.879417
19998.66,0.5800002,20036.13;3.885147
19998.66,0.5800002,20036.13;3.896605
19998.66,0.5800002,20036.12;3.913792
19998.66,0.5800002,20036.12;3.93098
19998.66,0.5800002,20036.12;3.942439
19998.66,0.5800002,20036.11;3.953897
19998.66,0.5800002,20036.11;3.953897
19998.66,0.5800002,20036.11;3.959626
19998.66,0.5800002,20036.11;3.953897
19998.66,0.5800002,20036.11;3.948167
19998.66,0.5800002,20036.11;3.942439
19998.66,0.5800002,20036.11;3.936709
19998.66,0.5800002,20036.11;3.925251
19998.66,0.5800002,20036.11;3.925251
19998.66,0.5800002,20036.11;3.919521
19998.66,0.5800002,20036.11;3.913792
19998.66,0.5800002,20036.11;3.919522
19998.66,0.5800002,20036.11;3.919522
19998.66,0.5800002,20036.1;3.93098
19998.66,0.5800002,20036.1;3.942439
19998.66,0.5800002,20036.1;3.948167
19998.66,0.5800002,20036.1;3.948167
19998.66,0.5800002,20036.1;3.948167
19998.66,0.5800002,20036.1;3.953897
19998.66,0.5800002,20036.1;3.953897
19998.66,0.5800002,20036.11;3.953897
19998.66,0.5800002,20036.11;3.953897
19998.66,0.5800002,20036.11;3.942439
19998.66,0.5800002,20036.12;3.93098
19998.66,0.5800002,20036.12;3.919521
19998.66,0.5800002,20036.12;3.919521
19998.66,0.5800002,20036.12;3.908063
19998.66,0.5800002,20036.12;3.896605
19998.66,0.5800002,20036.11;3.908063
19998.66,0.5800002,20036.11;3.925251
19998.66,0.5800002,20036.11;3.93098
19998.66,0.5800002,20036.11;3.942439
19998.66,0.5800002,20036.11;3.948167
19998.66,0.5800002,20036.11;3.953897
19998.66,0.5800002,20036.11;3.953897
19998.66,0.5800002,20036.11;3.953897
19998.66,0.5800002,20036.11;3.942439
19998.66,0.5800002,20036.12;3.93098
19998.66,0.5800002,20036.12;3.919521
19998.66,0.5800002,20036.12;3.908063
19998.66,0.5800002,20036.12;3.902334
19998.66,0.5800002,20036.12;3.902334
19998.66,0.5800002,20036.12;3.902334
19998.66,0.5800002,20036.12;3.913792
19998.66,0.5800002,20036.11;3.93098
19998.66,0.5800002,20036.11;3.948167
19998.66,0.5800002,20036.11;3.959626
19998.66,0.5800002,20036.11;3.965356
19998.66,0.5800002,20036.11;3.965356
19998.66,0.5800002,20036.11;3.971085
19998.66,0.5800002,20036.11;3.976814
19998.66,0.5800002,20036.11;3.976814
19998.66,0.5800002,20036.12;3.965356
19998.66,0.5800002,20036.12;3.953897
19998.66,0.5800002,20036.13;3.942439
19998.66,0.5800002,20036.13;3.936709
19998.66,0.5800002,20036.13;3.936709
19998.66,0.5800002,20036.13;3.936709
19998.66,0.5800002,20036.13;3.936709
19998.66,0.5800002,20036.12;3.948167
19998.66,0.5800002,20036.12;3.953897
19998.66,0.5800002,20036.12;3.965356
19998.66,0.5800002,20036.12;3.976814
19998.66,0.5800002,20036.11;3.982543
19998.66,0.5800002,20036.11;3.988273
19998.66,0.5800002,20036.11;3.988273
19998.66,0.5800002,20036.11;3.988273
19998.66,0.5800002,20036.12;3.982543
19998.66,0.5800002,20036.12;3.976814
19998.66,0.5800002,20036.12;3.965356
19998.66,0.5800002,20036.12;3.948167
19998.66,0.5800002,20036.12;3.936709
19998.66,0.5800002,20036.12;3.925251
19998.66,0.5800002,20036.11;3.913792
19998.66,0.5800002,20036.11;3.913792
19998.66,0.5800002,20036.11;3.925251
19998.66,0.5800002,20036.11;3.942439
19998.66,0.5800002,20036.1;3.953897
19998.66,0.5800002,20036.1;3.965356
19998.66,0.5800002,20036.1;3.976814
19998.66,0.5800002,20036.1;3.988273
19998.66,0.5800002,20036.11;3.994002
19998.66,0.5800002,20036.11;3.994002
19998.66,0.5800002,20036.11;3.988273
19998.66,0.5800002,20036.12;3.982543
19998.66,0.5800002,20036.12;3.976814
19998.66,0.5800002,20036.12;3.965356
19998.66,0.5800002,20036.12;3.948167
19998.66,0.5800002,20036.12;3.942439
19998.66,0.5800002,20036.12;3.942439
19998.66,0.5800002,20036.12;3.936709
19998.66,0.5800002,20036.12;3.942439
19998.66,0.5800002,20036.12;3.953897
19998.66,0.5800002,20036.12;3.965356
19998.66,0.5800002,20036.11;3.976814
19998.66,0.5800002,20036.12;3.982543
19998.66,0.5800002,20036.12;3.988273
19998.66,0.5800002,20036.12;3.994002
19998.66,0.5800002,20036.12;3.994002
19998.66,0.5800002,20036.13;3.982544
19998.66,0.5800002,20036.13;3.971085
19998.66,0.5800002,20036.13;3.953897
19998.66,0.5800002,20036.13;3.953897
19998.66,0.5800002,20036.13;3.948168
19998.66,0.5800002,20036.13;3.948168
19998.66,0.5800002,20036.13;3.953897
19998.66,0.5800002,20036.12;3.971086
19998.66,0.5800002,20036.12;3.988273
19998.66,0.5800002,20036.11;4.005461
19998.66,0.5800002,20036.11;4.022648
19998.66,0.5800002,20036.11;4.028378
19998.66,0.5800002,20036.11;4.034107
19998.66,0.5800002,20036.11;4.034107
19998.66,0.5800002,20036.12;4.028378
19998.66,0.5800002,20036.12;4.022648
19998.66,0.5800002,20036.13;4.011189
19998.66,0.5800002,20036.13;3.994002
19998.66,0.5800002,20036.13;3.976815
19998.66,0.5800002,20036.13;3.965356
19998.66,0.5800002,20036.13;3.959627
19998.66,0.5800002,20036.13;3.953897
19998.66,0.5800002,20036.13;3.959627
19998.66,0.5800002,20036.13;3.976815
19998.66,0.5800002,20036.13;3.994002
19998.66,0.5800002,20036.13;4.00546
19998.66,0.5800002,20036.13;4.00546
19998.66,0.5800002,20036.13;4.011189
19998.66,0.5800002,20036.13;4.011189
19998.66,0.5800002,20036.13;4.016919
19998.66,0.5800002,20036.13;4.016919
19998.66,0.5800002,20036.13;4.005461
19998.66,0.5800002,20036.13;3.994003
19998.66,0.5800002,20036.13;3.982545
19998.66,0.5800002,20036.14;3.971086
19998.66,0.5800002,20036.14;3.965357
19998.66,0.5800002,20036.14;3.965357
19998.66,0.5800002,20036.13;3.982545
19998.66,0.5800002,20036.13;3.999732
19998.66,0.5800002,20036.13;4.01692
19998.66,0.5800002,20036.12;4.034107
19998.66,0.5800002,20036.12;4.039837
19998.66,0.5800002,20036.12;4.045566
19998.66,0.5800002,20036.12;4.045566
19998.66,0.5800002,20036.12;4.051296
19998.66,0.5800002,20036.13;4.045567
19998.66,0.5800002,20036.13;4.039837
19998.66,0.5800002,20036.13;4.022649
19998.66,0.5800002,20036.14;4.005462
19998.66,0.5800002,20036.14;3.988274
19998.66,0.5800002,20036.14;3.988274
19998.66,0.5800002,20036.14;3.988274
19998.66,0.5800002,20036.14;3.988274
19998.66,0.5800002,20036.14;3.994004
19998.66,0.5800002,20036.13;4.011191
19998.66,0.5800002,20036.13;4.028378
19998.66,0.5800002,20036.13;4.045567
19998.66,0.5800002,20036.13;4.057025
19998.66,0.5800002,20036.13;4.068483
19998.66,0.5800002,20036.13;4.068483
19998.66,0.5800002,20036.13;4.068483
19998.66,0.5800002,20036.13;4.068483
19998.66,0.5800002,20036.13;4.057024
19998.66,0.5800002,20036.14;4.045567
19998.66,0.5800002,20036.14;4.034108
19998.66,0.5800002,20036.14;4.02265
19998.66,0.5800002,20036.14;4.02265
19998.66,0.5800002,20036.14;4.011191
19998.66,0.5800002,20036.14;4.011191
19998.66,0.5800002,20036.13;4.02265
19998.66,0.5800002,20036.13;4.039837
19998.66,0.5800002,20036.13;4.051295
19998.66,0.5800002,20036.13;4.062755
19998.66,0.5800002,20036.13;4.062755
19998.66,0.5800002,20036.13;4.062755
19998.66,0.5800002,20036.13;4.074213
19998.66,0.5800002,20036.13;4.068484
19998.66,0.5800002,20036.13;4.057025
19998.66,0.5800002,20036.14;4.045567
19998.66,0.5800002,20036.14;4.034109
19998.66,0.5800002,20036.14;4.02265
19998.66,0.5800002,20036.14;4.011192
19998.66,0.5800002,20036.14;4.011192
19998.66,0.5800002,20036.14;4.016922
19998.66,0.5800002,20036.13;4.02265
19998.66,0.5800002,20036.13;4.034109
19998.66,0.5800002,20036.13;4.051296
19998.66,0.5800002,20036.13;4.068484
19998.66,0.5800002,20036.13;4.074213
19998.66,0.5800002,20036.13;4.079942
19998.66,0.5800002,20036.13;4.085671
19998.66,0.5800002,20036.13;4.085671
19998.66,0.5800002,20036.13;4.074213
19998.66,0.5800002,20036.13;4.062755
19998.66,0.5800002,20036.13;4.045567
19998.66,0.5800002,20036.14;4.028379
19998.66,0.5800002,20036.14;4.016921
19998.66,0.5800002,20036.14;4.011191
19998.66,0.5800002,20036.14;4.005463
19998.66,0.5800002,20036.14;4.02265
19998.66,0.5800002,20036.13;4.039837
19998.66,0.5800002,20036.13;4.051295
19998.66,0.5800002,20036.13;4.062755
19998.66,0.5800002,20036.13;4.074213
19998.66,0.5800002,20036.13;4.079941
19998.66,0.5800002,20036.13;4.079941
19998.66,0.5800002,20036.13;4.068483
19998.66,0.5800002,20036.14;4.057024
19998.66,0.5800002,20036.14;4.045566
19998.66,0.5800002,20036.15;4.028378
19998.66,0.5800002,20036.15;4.005462
19998.66,0.5800002,20036.16;3.994004
19998.66,0.5800002,20036.16;3.988274
19998.66,0.5800002,20036.16;3.988274
19998.66,0.5800002,20036.16;3.988274
19998.66,0.5800002,20036.15;3.999733
19998.66,0.5800002,20036.15;4.016921
19998.66,0.5800002,20036.14;4.039837
19998.66,0.5800002,20036.14;4.051295
19998.66,0.5800002,20036.14;4.062755
19998.66,0.5800002,20036.14;4.074213
19998.66,0.5800002,20036.14;4.074213
19998.66,0.5800002,20036.14;4.079942
19998.66,0.5800002,20036.15;4.068483
19998.66,0.5800002,20036.15;4.057024
19998.66,0.5800002,20036.16;4.039837
19998.66,0.5800002,20036.16;4.028379
19998.66,0.5800002,20036.16;4.011191
19998.66,0.5800002,20036.16;3.999734
19998.66,0.5800002,20036.16;3.999734
19998.66,0.5800002,20036.16;3.988275
19998.66,0.5800002,20036.16;3.994004
19998.66,0.5800002,20036.15;4.005463
19998.66,0.5800002,20036.15;4.028379
19998.66,0.5800002,20036.15;4.039838
19998.66,0.5800002,20036.15;4.057026
19998.66,0.5800002,20036.15;4.074213
19998.66,0.5800002,20036.16;4.0914
19998.66,0.5800002,20036.16;4.0914
19998.66,0.5800002,20036.17;4.085671
19998.66,0.5800002,20036.19;4.074213
19998.66,0.5800002,20036.2;4.051296
19998.66,0.5800002,20036.21;4.028379
19998.66,0.5800002,20036.22;4.011192
19998.66,0.5800002,20036.23;3.999734
19998.66,0.5800002,20036.23;3.988276
19998.66,0.5800002,20036.23;3.982546
19998.67,0.5800002,20036.24;3.971088
19998.67,0.5800002,20036.24;3.959629
19998.67,0.5800002,20036.24;3.9539
19998.67,0.5800002,20036.24;3.9539
19998.67,0.5800002,20036.24;3.94817
19998.67,0.5800002,20036.24;3.94817
19998.67,0.5800002,20036.24;3.94817
19998.67,0.5800002,20036.24;3.9539
19998.67,0.5800002,20036.24;3.959629
19998.67,0.5800002,20036.24;3.971088
19998.67,0.5800002,20036.24;3.982546
19998.66,0.5800002,20036.23;3.994005
19998.66,0.5800002,20036.23;4.005463
19998.66,0.5800002,20036.22;4.011192
19998.66,0.5800002,20036.22;4.02265
19998.66,0.5800002,20036.21;4.034109
19998.66,0.5800002,20036.2;4.051296
19998.66,0.5800002,20036.2;4.079942
19998.66,0.5800002,20036.19;4.108588
19998.66,0.5800002,20036.19;4.131505
19998.66,0.5800002,20036.18;4.160151
19998.66,0.5800002,20036.18;4.188797
19998.66,0.5800002,20036.18;4.211714
19998.66,0.5800002,20036.18;4.234631
19998.66,0.5800002,20036.18;4.257548
19998.66,0.5800002,20036.18;4.269006
19998.66,0.5800002,20036.18;4.274735
19998.66,0.5800002,20036.18;4.274735
19998.66,0.5800002,20036.17;4.274735
19998.66,0.5800002,20036.17;4.274735
19998.66,0.5800002,20036.16;4.274735
19998.66,0.5800002,20036.15;4.274735
19998.66,0.5800002,20036.15;4.286193
19998.66,0.5800002,20036.14;4.297652
19998.66,0.5800002,20036.13;4.31484
19998.66,0.5800002,20036.13;4.332027
19998.66,0.5800002,20036.12;4.349215
19998.66,0.5800002,20036.12;4.360674
19998.66,0.5800002,20036.12;4.372131
19998.66,0.5800002,20036.11;4.38359
19998.66,0.5800002,20036.11;4.389319
19998.66,0.5800002,20036.11;4.400778
19998.66,0.5800002,20036.11;4.400778
19998.66,0.5800002,20036.11;4.406507
19998.66,0.5800002,20036.11;4.412236
19998.66,0.5800002,20036.1;4.412236
19998.65,0.5800002,20036.1;4.412236
19998.65,0.5800002,20036.09;4.412236
19998.65,0.5800002,20036.09;4.417965
19998.65,0.5800002,20036.08;4.429423
19998.65,0.5800002,20036.07;4.440882
19998.65,0.5800002,20036.07;4.458069
19998.65,0.5800002,20036.06;4.469527
19998.65,0.5800002,20036.05;4.480985
19998.65,0.5800002,20036.04;4.492445
19998.65,0.5800002,20036.03;4.503902
19998.65,0.5800002,20036.02;4.515361
19998.65,0.5800002,20036.01;4.532548
19998.65,0.5800002,20035.99;4.538277
19998.64,0.5800002,20035.96;4.544006
19998.64,0.5800002,20035.94;4.555465
19998.64,0.5800002,20035.92;4.572653
19998.64,0.5800002,20035.9;4.59557
19998.64,0.5800002,20035.87;4.618486
19998.63,0.5800002,20035.84;4.641403
19998.63,0.5800002,20035.81;4.670049
19998.63,0.5800002,20035.79;4.704424
19998.63,0.5800002,20035.76;4.750258
19998.63,0.5800002,20035.74;4.790361
19998.62,0.5800002,20035.71;4.841924
19998.62,0.5800002,20035.69;4.893487
19998.62,0.5800002,20035.66;4.939321
19998.62,0.5800002,20035.64;4.985154
19998.62,0.5800002,20035.62;5.036716
19998.61,0.5800002,20035.59;5.08255
19998.61,0.5800002,20035.57;5.128383
19998.61,0.5800002,20035.54;5.174217
19998.61,0.5800002,20035.51;5.220051
19998.6,0.5800002,20035.49;5.265884
19998.6,0.5800002,20035.46;5.311718
19998.6,0.5800002,20035.44;5.357552
19998.6,0.5800002,20035.41;5.403386
19998.59,0.5800002,20035.39;5.44922
19998.59,0.5800002,20035.36;5.500782
19998.59,0.5800002,20035.33;5.552345
19998.59,0.5800002,20035.31;5.598179
19998.58,0.5800002,20035.28;5.644013
19998.58,0.5800002,20035.25;5.689847
19998.58,0.5800002,20035.23;5.735681
19998.58,0.5800002,20035.2;5.787244
19998.57,0.5800002,20035.17;5.827348
19998.57,0.5800002,20035.15;5.878911
19998.57,0.5800002,20035.12;5.930473
19998.56,0.5800002,20035.09;5.982036
19998.56,0.5800002,20035.06;6.02214
19998.56,0.5800002,20035.03;6.073703
19998.56,0.5800002,20035.01;6.125266
19998.55,0.5800002,20035;6.16537
19998.55,0.5800002,20035;6.211204
19998.55,0.5800002,20035;6.257037
19998.55,0.5800002,20035;6.314329
19998.55,0.5800002,20035;6.371621
19998.56,0.5800002,20035.03;6.4461
19998.56,0.5800002,20035.06;6.514851
19998.57,0.5800002,20035.12;6.583601
19998.57,0.5800002,20035.17;6.635164
19998.58,0.5800002,20035.22;6.703915
19998.59,0.5800002,20035.28;6.761206
19998.59,0.5800002,20035.33;6.847155
19998.6,0.5800002,20035.38;6.944561
19998.61,0.5800002,20035.43;7.041968
19998.61,0.5800002,20035.48;7.116448
19998.62,0.5800002,20035.54;7.190928
19998.63,0.5800002,20035.59;7.265407
19998.63,0.5800002,20035.64;7.322699
19998.64,0.5800002,20035.69;7.39145
19998.65,0.5800002,20035.74;7.460202
19998.65,0.5800002,20035.79;7.53468
19998.66,0.5800002,20035.83;7.597701
19998.66,0.5800002,20035.88;7.672181
19998.67,0.5800002,20035.94;7.752389
19998.68,0.5800002,20035.98;7.809682
19998.69,0.5800002,20036.03;7.866974
19998.69,0.5800002,20036.08;7.929996
19998.7,0.5800002,20036.13;7.993018
19998.71,0.5800002,20036.17;8.027393
19998.71,0.5800002,20036.17;8.021663
19998.7,0.5800002,20036.16;8.021663
19998.7,0.5800002,20036.14;8.021663
19998.7,0.5800002,20036.13;8.015935
19998.7,0.5800002,20036.12;8.015935
19998.7,0.5800002,20036.1;8.015935
19998.69,0.5800002,20036.09;8.004477
19998.69,0.5800002,20036.07;7.987289
19998.69,0.5800002,20036.07;7.987289
19998.69,0.5800002,20036.06;7.970102
19998.69,0.5800002,20036.05;7.98156
19998.69,0.5800002,20036.05;8.010206
19998.69,0.5800002,20036.06;8.021664
19998.69,0.5800002,20036.08;8.033123
19998.69,0.5800002,20036.09;8.044581
19998.69,0.5800002,20036.09;8.044581
19998.69,0.5800002,20036.09;8.05604
19998.69,0.5800002,20036.09;8.021664
19998.69,0.5800002,20036.1;7.98156
19998.69,0.5800002,20036.1;7.941455
19998.7,0.5800002,20036.1;7.918539
19998.7,0.5800002,20036.1;7.901351
19998.7,0.5800002,20036.1;7.884164
19998.7,0.5800002,20036.1;7.849789
19998.7,0.5800002,20036.1;7.821143
19998.7,0.5800002,20036.1;7.792497
19998.7,0.5800002,20036.1;7.746664
19998.69,0.5800002,20036.1;7.70083
19998.69,0.5800002,20036.1;7.672184
19998.69,0.5800002,20036.1;7.637808
19998.69,0.5800002,20036.1;7.609163
19998.69,0.5800002,20036.1;7.580517
19998.69,0.5800002,20036.1;7.551871
19998.69,0.5800002,20036.1;7.517496
19998.69,0.5800002,20036.1;7.483121
19998.69,0.5800002,20036.1;7.448746
19998.69,0.5800002,20036.09;7.41437
19998.69,0.5800002,20036.09;7.379995
19998.69,0.5800002,20036.09;7.322702
19998.69,0.5800002,20036.09;7.253953
19998.69,0.5800002,20036.07;7.202389
19998.69,0.5800002,20036.05;7.190932
19998.69,0.5800002,20036.04;7.179474
19998.68,0.5800002,20036.02;7.179474
19998.68,0.5800002,20036;7.185203
19998.68,0.5800002,20035.98;7.20812
19998.67,