20000,0.5,20000;0
20000,0.58,20000.05;0.2005327
20000,0.58,20000.06;0.4153883
20000,0.58,20000.08;0.644567
20000,0.58,20000.09;0.9024023
20000,0.58,20000.11;1.145915
20000,0.58,20000.17;1.389427
20000,0.58,20000.2;1.63294
20000,0.58,20000.25;1.890775
20000.01,0.58,20000.25;2.119954
20000.01,0.58,20000.26;2.177246
20000.01,0.58,20000.26;1.991036
20000.01,0.58,20000.26;1.776181
20000.01,0.58,20000.27;1.589971
20000.01,0.58,20000.26;1.547002
20000.01,0.58,20000.26;1.518356
20000.01,0.58,20000.25;1.446741
20000.01,0.58,20000.25;1.231885
20000.01,0.58,20000.25;1.174594
20000,0.58,20000.24;1.117302
20000,0.58,20000.24;1.045687
20000,0.58,20000.23;1.002718
20000,0.58,20000.23;0.9597487
20000,0.58,20000.22;0.8881338
20000,0.58,20000.22;0.8308418
20000,0.58,20000.21;0.7878727
20000,0.58,20000.2;0.7305808
20000,0.58,20000.2;0.6732888
20000,0.58,20000.18;0.6303198
20000,0.58,20000.17;0.6016739
20000,0.58,20000.15;0.5300589
20000,0.58,20000.14;0.3008803
20000,0.58,20000.13;0.05736785
20000,0.58,20000.11;359.9428
20000,0.58,20000.1;359.8568
20000,0.58,20000.08;359.8138
20000,0.58,20000.07;359.7852
20000,0.58,20000.06;359.7422
20000,0.58,20000.04;359.7136
20000,0.58,20000.03;359.6849
20000,0.58,20000.01;359.6563
20000,0.58,20000;359.5847
20000,0.58,19999.99;359.4701
20000,0.58,19999.97;359.4701
20000,0.58,19999.96;359.4701
20000,0.58,19999.94;359.3412
20000.01,0.58,19999.93;359.2409
20000.01,0.58,19999.92;359.1693
20000.01,0.58,19999.9;359.1263
20000.01,0.58,19999.89;359.0977
20000.01,0.58,19999.87;359.0833
20000.01,0.58,19999.86;359.0833
20000.01,0.58,19999.85;359.0833
20000.01,0.58,19999.83;359.0833
20000.01,0.58,19999.82;359.0404
20000.01,0.58,19999.84;359.0261
20000.01,0.58,19999.86;359.0261
20000.01,0.58,19999.89;359.0261
20000.01,0.58,19999.91;358.9974
20000,0.58,19999.93;358.9974
20000,0.58,19999.95;358.9974
20000,0.58,19999.97;358.9974
20000,0.58,19999.99;358.9974
20000,0.58,20000.01;358.9974
20000,0.58,20000.03;358.9974
20000,0.58,20000.04;358.9974
20000,0.58,20000.06;358.9974
20000,0.58,20000.07;358.9974
20000,0.58,20000.09;358.9974
20000,0.58,20000.09;359.0977
20000,0.58,20000.08;359.1836
20000,0.58,20000.04;359.0977
20000,0.58,20000.02;358.9115
20000,0.58,20000.01;358.7826
20000,0.58,19999.99;358.7109
20000,0.58,19999.96;358.6537
20000.01,0.58,19999.93;358.5391
20000.01,0.58,19999.92;358.4531
20000.01,0.58,19999.91;358.4388
20000.01,0.58,19999.9;358.4531
20000.01,0.58,19999.89;358.4818
20000.01,0.58,19999.89;358.5247
20000.01,0.58,19999.88;358.582
20000.01,0.58,19999.88;358.6107
20000.01,0.58,19999.87;358.5963
20000.01,0.58,19999.87;358.582
20000.01,0.58,19999.86;358.5534
20000.01,0.58,19999.86;358.539
20000.01,0.58,19999.85;358.539
20000.01,0.58,19999.84;358.5247
20000.01,0.58,19999.84;358.5104
20000.01,0.58,19999.84;358.5247
20000.01,0.58,19999.83;358.5247
20000.01,0.58,19999.82;358.5534
20000.01,0.58,19999.81;358.582
20000.01,0.58,19999.81;358.5677
20000.01,0.58,19999.8;358.5247
20000.01,0.58,19999.8;358.5104
20000.01,0.58,19999.8;358.5534
20000.01,0.58,19999.8;358.6107
20000.01,0.58,19999.79;358.582
20000.01,0.58,19999.79;358.5677
20000.01,0.58,19999.79;358.5534
20000.01,0.58,19999.79;358.5677
20000.01,0.58,19999.79;358.668
20000.01,0.58,19999.77;358.7109
20000.01,0.58,19999.76;358.7253
20000.01,0.58,19999.74;358.7539
20000.01,0.58,19999.72;358.8112
20000.01,0.58,19999.7;358.8398
20000.01,0.58,19999.68;358.9258
20000.01,0.58,19999.66;358.9401
20000.01,0.58,19999.64;358.9258
20000.01,0.58,19999.63;358.9401
20000.01,0.58,19999.64;358.9688
20000.01,0.58,19999.64;358.9401
20000.01,0.58,19999.65;359.0117
20000.01,0.58,19999.66;358.9974
20000.01,0.58,19999.66;358.9544
20000.01,0.58,19999.67;358.9401
20000.01,0.58,19999.67;358.9115
20000.01,0.58,19999.68;358.8971
20000.01,0.58,19999.69;358.8971
20000.01,0.58,19999.69;358.9115
20000.01,0.58,19999.7;358.9115
20000.01,0.58,19999.7;358.9115
20000.01,0.58,19999.71;358.8828
20000.01,0.58,19999.72;358.8255
20000.01,0.58,19999.72;358.7969
20000.01,0.58,19999.73;358.7826
20000.01,0.58,19999.73;358.7682
20000.01,0.58,19999.73;358.7396
20000.01,0.58,19999.71;358.7109
20000.01,0.58,19999.7;358.6537
20000.01,0.58,19999.7;358.582
20000.01,0.58,19999.69;358.5391
20000.01,0.58,19999.69;358.625
20000.01,0.58,19999.69;358.7253
20000.01,0.58,19999.71;358.7682
20000.01,0.58,19999.73;358.7969
20000.01,0.58,19999.74;358.7539
20000.01,0.58,19999.75;358.711
20000.01,0.58,19999.77;358.6107
20000.01,0.58,19999.78;358.5104
20000.01,0.58,19999.8;358.4102
20000.01,0.58,19999.81;358.3528
20000.01,0.58,19999.82;358.3385
20000.01,0.58,19999.84;358.2669
20000.01,0.58,19999.85;358.2383
20000.01,0.58,19999.87;358.2813
20000.01,0.58,19999.88;358.2956
20000,0.58,20000.09;358.1953
19999.99,0.58,20000.34;358.0234
19999.98,0.58,20000.6;357.8802
19999.97,0.58,20000.85;357.7513
19999.96,0.58,20001.1;357.6796
19999.95,0.58,20001.36;357.608
19999.94,0.58,20001.61;357.5937
19999.93,0.58,20001.87;357.608
19999.92,0.58,20002.12;357.6223
19999.91,0.58,20002.37;357.5507
19999.9,0.58,20002.63;357.3359
19999.88,0.58,20002.88;357.121
19999.87,0.58,20003.13;356.8918
19999.86,0.58,20003.39;356.8202
19999.84,0.58,20003.64;356.7343
19999.84,0.58,20003.66;356.4908
19999.84,0.58,20003.67;356.4048
19999.84,0.58,20003.67;356.1899
19999.82,0.58,20003.92;355.9894
19999.8,0.58,20004.18;355.9464
19999.79,0.58,20004.43;355.8032
19999.77,0.58,20004.66;355.6886
19999.75,0.58,20004.92;355.574
19999.73,0.58,20005.17;355.5454
19999.71,0.58,20005.42;355.5454
19999.69,0.58,20005.68;355.4021
19999.67,0.58,20005.93;355.3162
19999.65,0.58,20006.18;355.2016
19999.63,0.58,20006.43;355.044
19999.6,0.58,20006.69;354.9151
19999.58,0.58,20006.91;354.7432
19999.58,0.58,20006.92;354.4997
19999.56,0.58,20007.07;354.3422
19999.54,0.58,20007.32;354.2705
19999.52,0.58,20007.57;354.2705
19999.49,0.58,20007.83;354.1846
19999.46,0.58,20008.08;353.9984
19999.44,0.58,20008.33;353.9697
19999.41,0.58,20008.59;353.9411
19999.38,0.58,20008.84;353.9554
19999.36,0.58,20009.09;353.9268
19999.33,0.58,20009.34;353.6976
19999.3,0.58,20009.6;353.5544
19999.27,0.58,20009.85;353.3824
19999.24,0.58,20010.1;353.2249
19999.21,0.58,20010.35;353.01
19999.18,0.58,20010.6;352.7522
19999.14,0.58,20010.86;352.7092
19999.11,0.58,20011.11;352.6663
19999.08,0.58,20011.32;352.48
19999.06,0.58,20011.52;352.3082
19999.06,0.58,20011.53;352.1076
19999.05,0.58,20011.54;352.1076
19999.02,0.58,20011.79;351.9501
19998.98,0.58,20012.04;351.7639
19998.95,0.58,20012.29;351.7639
19998.91,0.58,20012.54;351.6493
19998.87,0.58,20012.79;351.5347
19998.84,0.58,20013.04;351.506
19998.8,0.58,20013.29;351.4774
19998.76,0.58,20013.54;351.4774
19998.72,0.58,20013.79;351.463
19998.68,0.58,20014.04;351.4487
19998.65,0.58,20014.29;351.4344
19998.61,0.58,20014.53;351.4201
19998.57,0.58,20014.78;351.4058
19998.54,0.58,20015.01;351.3914
19998.51,0.58,20015.18;351.3771
19998.51,0.58,20015.18;351.3771
19998.48,0.58,20015.41;351.2195
19998.44,0.58,20015.66;351.2195
19998.4,0.58,20015.91;351.1909
19998.36,0.58,20016.16;351.1623
19998.32,0.58,20016.41;351.1336
19998.28,0.58,20016.67;350.9617
19998.24,0.58,20016.92;350.7469
19998.2,0.58,20017.17;350.5463
19998.16,0.58,20017.42;350.3601
19998.11,0.58,20017.67;350.2026
19998.07,0.58,20017.92;350.1023
19998.03,0.58,20018.17;349.9018
19997.98,0.58,20018.42;349.6869
19997.93,0.58,20018.67;349.5007
19997.89,0.58,20018.92;349.5007
19997.84,0.58,20019.16;349.5007
19997.79,0.58,20019.41;349.5007
19997.75,0.58,20019.64;349.4864
19997.73,0.58,20019.76;349.4434
19997.73,0.58,20019.76;349.3288
19997.73,0.58,20019.77;349.2142
19997.72,0.58,20019.79;349.2142
19997.68,0.58,20020.01;349.0423
19997.63,0.58,20020.26;348.8848
19997.59,0.58,20020.49;348.7845
19997.54,0.58,20020.73;348.6842
19997.49,0.58,20020.98;348.584
19997.44,0.58,20021.23;348.4837
19997.39,0.58,20021.48;348.4837
19997.34,0.58,20021.73;348.4264
19997.29,0.58,20021.97;348.2402
19997.23,0.58,20022.22;348.1256
19997.18,0.58,20022.47;348.011
19997.13,0.58,20022.72;348.011
19997.07,0.58,20022.97;347.9107
19997.03,0.58,20023.18;347.8105
19996.97,0.58,20023.43;347.7102
19996.92,0.58,20023.68;347.6099
19996.9,0.58,20023.76;347.5812
19996.88,0.58,20023.84;347.5383
19996.88,0.58,20023.86;347.481
19996.83,0.58,20024.07;347.3377
19996.78,0.58,20024.31;347.1659
19996.72,0.58,20024.54;347.0226
19996.67,0.58,20024.79;346.8937
19996.61,0.58,20025.03;346.7218
19996.55,0.58,20025.28;346.5499
19996.49,0.58,20025.53;346.3494
19996.43,0.58,20025.76;346.1632
19996.37,0.58,20026.01;346.02
19996.31,0.58,20026.24;345.8624
19996.25,0.58,20026.49;345.7048
19996.19,0.58,20026.73;345.5043
19996.13,0.58,20026.96;345.3324
19996.07,0.58,20027.18;345.1748
19996.01,0.58,20027.4;345.0602
19995.96,0.58,20027.6;344.9027
19995.9,0.58,20027.81;344.7165
19995.84,0.58,20028.01;344.5589
19995.84,0.58,20028.01;344.43
19995.79,0.58,20028.18;344.2724
19995.72,0.58,20028.43;344.1149
19995.65,0.58,20028.67;343.9716
19995.58,0.58,20028.91;343.9
19995.52,0.58,20029.14;343.8284
19995.45,0.58,20029.38;343.8427
19995.38,0.58,20029.63;343.7281
19995.31,0.58,20029.87;343.7281
19995.24,0.58,20030.09;343.7138
19995.18,0.58,20030.31;343.6995
19995.1,0.58,20030.56;343.5276
19995.04,0.58,20030.77;343.37
19994.97,0.58,20031;343.1981
19994.9,0.58,20031.23;343.0835
19994.84,0.58,20031.43;342.9689
19994.83,0.58,20031.47;342.9832
19994.81,0.58,20031.51;342.8687
19994.81,0.58,20031.52;342.7254
19994.75,0.58,20031.72;342.5679
19994.69,0.58,20031.92;342.4389
19994.61,0.58,20032.15;342.31
19994.54,0.58,20032.37;342.1811
19994.46,0.58,20032.61;342.0236
19994.38,0.58,20032.85;341.823
19994.31,0.58,20033.09;341.6654
19994.22,0.58,20033.33;341.5079
19994.14,0.58,20033.57;341.3647
19994.07,0.58,20033.79;341.2214
19994,0.58,20034.01;341.0495
19993.91,0.58,20034.25;340.8633
19993.83,0.58,20034.48;340.6914
19993.76,0.58,20034.68;340.5482
19993.68,0.58,20034.91;340.4193
19993.61,0.58,20035.1;340.2903
19993.53,0.58,20035.33;340.1471
19993.51,0.58,20035.39;339.9895
19993.49,0.58,20035.45;339.8749
19993.48,0.58,20035.45;339.7317
19993.4,0.58,20035.67;339.6314
19993.33,0.58,20035.86;339.4882
19993.25,0.58,20036.08;339.3593
19993.18,0.58,20036.27;339.2447
19993.09,0.58,20036.5;339.1301
19993,0.58,20036.74;339.0155
19992.9,0.58,20036.98;338.9295
19992.82,0.58,20037.19;338.8436
19992.73,0.58,20037.43;338.7576
19992.65,0.58,20037.63;338.6717
19992.56,0.58,20037.87;338.5858
19992.48,0.58,20038.07;338.4998
19992.39,0.58,20038.3;338.4138
19992.31,0.58,20038.5;338.3279
19992.23,0.58,20038.7;338.156
19992.14,0.58,20038.93;338.0128
19992.05,0.58,20039.14;337.8409
19991.97,0.58,20039.32;337.712
19991.89,0.58,20039.53;337.6117
19991.81,0.58,20039.71;337.5401
19991.81,0.58,20039.72;337.4398
19991.8,0.58,20039.74;337.3252
19991.72,0.58,20039.94;337.1963
19991.65,0.58,20040.11;337.0817
19991.56,0.58,20040.31;336.9384
19991.47,0.58,20040.51;336.8239
19991.38,0.58,20040.73;336.7093
19991.3,0.58,20040.92;336.5804
19991.2,0.58,20041.14;336.4084
19991.12,0.58,20041.34;336.2509
19991.02,0.58,20041.56;336.1076
