20000,0.5,20000;0
20000,0.58,20000.25;359.9026
20000,0.58,20000.25;359.9026
20000,0.58,20000.51;359.8052
20000,0.58,20000.76;359.725
20000,0.58,20001.01;359.6218
20000,0.58,20001.01;359.6218
19999.99,0.58,20001.19;359.5187
19999.99,0.58,20001.36;359.4156
19999.99,0.58,20001.36;359.4156
19999.99,0.58,20001.36;359.4156
19999.99,0.58,20001.59;359.3239
19999.99,0.58,20001.59;359.3239
19999.99,0.58,20001.59;359.3239
19999.99,0.58,20001.81;359.2208
19999.98,0.58,20001.96;359.1176
19999.98,0.58,20002.11;359.0145
19999.98,0.58,20002.11;359.0145
19999.98,0.58,20002.23;358.9113
19999.98,0.58,20002.35;358.8139
19999.98,0.58,20002.35;358.8139
19999.97,0.58,20002.5;358.7165
19999.97,0.58,20002.65;358.6077
19999.97,0.58,20002.65;358.6077
19999.97,0.58,20002.8;358.5332
19999.97,0.58,20002.8;358.5332
19999.96,0.58,20002.91;358.4702
19999.96,0.58,20002.91;358.4702
19999.96,0.58,20003.03;358.4071
19999.96,0.58,20003.16;358.304
19999.96,0.58,20003.16;358.304
19999.95,0.58,20003.41;358.2009
19999.94,0.58,20003.66;358.1493
19999.94,0.58,20003.66;358.1493
19999.93,0.58,20003.91;358.092
19999.93,0.58,20003.91;358.092
19999.93,0.58,20004.09;358.0347
19999.92,0.58,20004.27;357.9717
19999.92,0.58,20004.27;357.9717
19999.91,0.58,20004.5;357.9431
19999.91,0.58,20004.5;357.9431
19999.9,0.58,20004.75;357.9144
19999.89,0.58,20005;357.8915
19999.89,0.58,20005.15;357.8915
19999.89,0.58,20005.15;357.8915
19999.88,0.58,20005.41;357.8915
19999.87,0.58,20005.66;357.8743
19999.87,0.58,20005.66;357.8743
19999.86,0.58,20005.91;357.8571
19999.85,0.58,20006.17;357.8514
19999.85,0.58,20006.17;357.8514
19999.85,0.58,20006.17;357.8514
19999.84,0.58,20006.4;357.8514
19999.84,0.58,20006.4;357.8514
19999.83,0.58,20006.65;357.817
19999.83,0.58,20006.65;357.817
19999.82,0.58,20006.9;357.7827
19999.81,0.58,20007.16;357.7483
19999.81,0.58,20007.16;357.7483
19999.8,0.58,20007.39;357.7139
19999.79,0.58,20007.63;357.6337
19999.79,0.58,20007.63;357.6337
19999.78,0.58,20007.88;357.5535
19999.77,0.58,20008.14;357.4675
19999.76,0.58,20008.39;357.3988
19999.76,0.58,20008.39;357.3988
19999.76,0.58,20008.39;357.3988
19999.75,0.58,20008.62;357.33
19999.75,0.58,20008.62;357.33
19999.75,0.58,20008.62;357.33
19999.74,0.58,20008.88;357.2957
19999.74,0.58,20008.88;357.2957
19999.74,0.58,20008.88;357.2957
19999.72,0.58,20009.13;357.2727
19999.71,0.58,20009.35;357.2498
19999.7,0.58,20009.56;357.2383
19999.7,0.58,20009.56;357.2383
19999.69,0.58,20009.81;357.2269
19999.69,0.58,20009.81;357.2269
19999.69,0.58,20009.81;357.2269
19999.68,0.58,20010.05;357.2155
19999.68,0.58,20010.05;357.2155
19999.67,0.58,20010.26;357.204
19999.66,0.58,20010.47;357.1982
19999.65,0.58,20010.71;357.1581
19999.65,0.58,20010.71;357.1581
19999.65,0.58,20010.71;357.1581
19999.64,0.58,20010.93;357.141
19999.64,0.58,20010.93;357.141
19999.64,0.58,20010.93;357.141
19999.62,0.58,20011.18;357.0722
19999.62,0.58,20011.18;357.0722
19999.62,0.58,20011.18;357.0722
19999.61,0.58,20011.42;357.0034
19999.6,0.58,20011.63;356.9347
19999.59,0.58,20011.85;356.8717
19999.59,0.58,20011.85;356.8717
19999.57,0.58,20012.09;356.8087
19999.56,0.58,20012.34;356.7285
19999.56,0.58,20012.34;356.7285
19999.54,0.58,20012.59;356.6483
19999.53,0.58,20012.84;356.5852
19999.53,0.58,20012.84;356.5852
19999.52,0.58,20013.06;356.5222
19999.5,0.58,20013.31;356.4535
19999.48,0.58,20013.57;356.379
19999.48,0.58,20013.57;356.379
19999.47,0.58,20013.82;356.3045
19999.45,0.58,20014.07;356.2415
19999.45,0.58,20014.07;356.2415
19999.44,0.58,20014.29;356.1785
19999.42,0.58,20014.5;356.104
19999.42,0.58,20014.5;356.104
19999.41,0.58,20014.75;356.0295
19999.39,0.58,20015;355.9493
19999.37,0.58,20015.24;355.8691
19999.35,0.58,20015.48;355.7889
19999.35,0.58,20015.48;355.7889
19999.34,0.58,20015.68;355.7086
19999.32,0.58,20015.88;355.6227
19999.32,0.58,20015.88;355.6227
19999.3,0.58,20016.13;355.5368
19999.29,0.58,20016.37;355.4795
19999.29,0.58,20016.37;355.4795
19999.27,0.58,20016.62;355.4279
19999.27,0.58,20016.62;355.4279
19999.25,0.58,20016.82;355.3763
19999.23,0.58,20017.03;355.3191
19999.23,0.58,20017.03;355.3191
19999.21,0.58,20017.27;355.2617
19999.19,0.58,20017.51;355.2159
19999.19,0.58,20017.51;355.2159
19999.17,0.58,20017.74;355.1701
19999.15,0.58,20017.97;355.1243
19999.15,0.58,20017.97;355.1243
19999.13,0.58,20018.17;355.0956
19999.12,0.58,20018.37;355.067
19999.1,0.58,20018.57;355.0383
19999.1,0.58,20018.57;355.0383
19999.08,0.58,20018.75;355.0097
19999.07,0.58,20018.93;354.981
19999.07,0.58,20018.93;354.981
19999.06,0.58,20019.07;354.9524
19999.04,0.58,20019.21;354.9123
19999.04,0.58,20019.21;354.9123
19999.03,0.58,20019.38;354.8951
19999.03,0.58,20019.38;354.8951
19999.01,0.58,20019.54;354.8779
19999,0.58,20019.69;354.8492
19999,0.58,20019.69;354.8492
19998.98,0.58,20019.86;354.8206
19998.97,0.58,20020.03;354.7862
19998.97,0.58,20020.03;354.7862
19998.96,0.58,20020.18;354.7519
19998.94,0.58,20020.33;354.7232
19998.94,0.58,20020.33;354.7232
19998.93,0.58,20020.45;354.7175
19998.93,0.58,20020.45;354.7175
19998.92,0.58,20020.58;354.7003
19998.92,0.58,20020.58;354.7003
19998.92,0.58,20020.58;354.7003
19998.91,0.58,20020.73;354.6831
19998.91,0.58,20020.73;354.6831
19998.91,0.58,20020.73;354.6831
19998.89,0.58,20020.92;354.6602
19998.89,0.58,20020.92;354.6602
19998.87,0.58,20021.09;354.6316
19998.87,0.58,20021.09;354.6316
19998.86,0.58,20021.24;354.6029
19998.84,0.58,20021.39;354.58
19998.84,0.58,20021.39;354.58
19998.82,0.58,20021.58;354.5571
19998.81,0.58,20021.77;354.5341
19998.81,0.58,20021.77;354.5341
19998.79,0.58,20021.93;354.5112
19998.78,0.58,20022.1;354.4826
19998.76,0.58,20022.29;354.4597
19998.76,0.58,20022.29;354.4597
19998.76,0.58,20022.29;354.4597
19998.74,0.58,20022.48;354.4368
19998.74,0.58,20022.48;354.4368
19998.74,0.58,20022.48;354.4368
19998.72,0.58,20022.65;354.4253
19998.72,0.58,20022.65;354.4253
19998.72,0.58,20022.65;354.4253
19998.7,0.58,20022.84;354.4138
19998.69,0.58,20023;354.4081
19998.67,0.58,20023.16;354.4024
19998.67,0.58,20023.16;354.4024
19998.65,0.58,20023.34;354.3966
19998.63,0.58,20023.53;354.3966
19998.63,0.58,20023.53;354.3966
19998.62,0.58,20023.71;354.3966
19998.6,0.58,20023.9;354.3909
19998.6,0.58,20023.9;354.3909
19998.58,0.58,20024.06;354.3852
19998.57,0.58,20024.22;354.3852
19998.55,0.58,20024.4;354.3852
19998.53,0.58,20024.59;354.3795
19998.53,0.58,20024.59;354.3795
19998.51,0.58,20024.78;354.3737
19998.49,0.58,20024.96;354.368
19998.49,0.58,20024.96;354.368
19998.48,0.58,20025.12;354.3623
19998.46,0.58,20025.28;354.3623
19998.46,0.58,20025.28;354.3623
19998.45,0.58,20025.45;354.3623
19998.43,0.58,20025.63;354.3565
19998.41,0.58,20025.81;354.3451
19998.41,0.58,20025.81;354.3451
19998.41,0.58,20025.81;354.3451
19998.4,0.58,20025.96;354.3164
19998.4,0.58,20025.96;354.3164
19998.4,0.58,20025.96;354.3164
19998.38,0.58,20026.13;354.2763
19998.38,0.58,20026.13;354.2763
19998.38,0.58,20026.13;354.2763
19998.36,0.58,20026.3;354.2305
19998.35,0.58,20026.45;354.1847
19998.33,0.58,20026.6;354.1617
19998.33,0.58,20026.6;354.1617
19998.31,0.58,20026.77;354.1388
19998.29,0.58,20026.94;354.1216
19998.29,0.58,20026.94;354.1216
19998.28,0.58,20027.11;354.1045
19998.26,0.58,20027.28;354.0815
19998.26,0.58,20027.28;354.0815
19998.24,0.58,20027.43;354.0586
19998.23,0.58,20027.59;354.0357
19998.21,0.58,20027.76;354.0128
19998.19,0.58,20027.94;353.9899
19998.17,0.58,20028.11;353.9612
19998.17,0.58,20028.11;353.9612
19998.17,0.58,20028.11;353.9612
19998.16,0.58,20028.26;353.9326
19998.16,0.58,20028.26;353.9326
19998.16,0.58,20028.26;353.9326
19998.14,0.58,20028.43;353.9154
19998.12,0.58,20028.6;353.8982
19998.1,0.58,20028.77;353.8753
19998.1,0.58,20028.77;353.8753
19998.09,0.58,20028.92;353.8524
19998.07,0.58,20029.07;353.8352
19998.07,0.58,20029.07;353.8352
19998.05,0.58,20029.24;353.818
19998.03,0.58,20029.42;353.7894
19998.03,0.58,20029.42;353.7894
19998.01,0.58,20029.59;353.7607
19998.01,0.58,20029.59;353.7607
19998,0.58,20029.75;353.7321
19997.98,0.58,20029.9;353.7034
19997.98,0.58,20029.9;353.7034
19997.96,0.58,20030.08;353.6748
19997.94,0.58,20030.25;353.6519
19997.94,0.58,20030.25;353.6519
19997.92,0.58,20030.43;353.6289
19997.9,0.58,20030.61;353.6003
19997.9,0.58,20030.61;353.6003
19997.88,0.58,20030.76;353.5717
19997.86,0.58,20030.94;353.543
19997.84,0.58,20031.11;353.5316
19997.84,0.58,20031.11;353.5316
19997.82,0.58,20031.29;353.5201
19997.8,0.58,20031.46;353.5086
19997.8,0.58,20031.46;353.5086
19997.79,0.58,20031.61;353.4972
19997.77,0.58,20031.76;353.4685
19997.77,0.58,20031.76;353.4685
19997.75,0.58,20031.93;353.4456
19997.75,0.58,20031.93;353.4456
19997.73,0.58,20032.09;353.4227
19997.71,0.58,20032.25;353.3883
19997.71,0.58,20032.25;353.3883
19997.7,0.58,20032.37;353.3539
19997.69,0.58,20032.49;353.3539
19997.69,0.58,20032.49;353.3539
19997.67,0.58,20032.6;353.3539
19997.66,0.58,20032.71;353.3482
19997.65,0.58,20032.8;353.3654
19997.65,0.58,20032.8;353.3654
19997.65,0.58,20032.8;353.3654
19997.63,0.58,20032.95;353.3711
19997.63,0.58,20032.95;353.3711
19997.63,0.58,20032.95;353.3711
19997.62,0.58,20033.03;353.3425
19997.62,0.58,20033.03;353.3425
19997.62,0.58,20033.03;353.3425
19997.62,0.58,20033.05;353.2222
19997.62,0.58,20033.05;353.2222
19997.62,0.58,20033.07;353.0331
19997.62,0.58,20033.07;353.0331
19997.62,0.58,20033.07;353.0331
19997.62,0.58,20033.09;352.844
19997.62,0.58,20033.09;352.844
19997.62,0.58,20033.09;352.844
19997.61,0.58,20033.11;352.6836
19997.61,0.58,20033.11;352.6836
19997.61,0.58,20033.11;352.6836
19997.61,0.58,20033.12;352.5117
19997.61,0.58,20033.14;352.3455
19997.61,0.58,20033.14;352.3455
19997.61,0.58,20033.14;352.3455
19997.61,0.58,20033.14;352.3455
19997.61,0.58,20033.16;352.208
19997.61,0.58,20033.16;352.208
19997.61,0.58,20033.16;352.208
19997.6,0.58,20033.18;352.0419
19997.6,0.58,20033.18;352.0419
19997.6,0.58,20033.18;352.0419
19997.59,0.58,20033.26;352.0018
19997.59,0.58,20033.26;352.0018
19997.59,0.58,20033.26;352.0018
19997.59,0.58,20033.26;352.0018
19997.58,0.58,20033.35;352.0018
19997.58,0.58,20033.35;352.0018
19997.56,0.58,20033.5;352.0018
19997.54,0.58,20033.64;351.9903
19997.54,0.58,20033.64;351.9903
19997.5,0.58,20033.9;351.9789
19997.47,0.58,20034.15;351.9789
19997.43,0.58,20034.4;351.9789
19997.4,0.58,20034.65;351.9273
19997.4,0.58,20034.65;351.9273
19997.36,0.58,20034.9;351.8757
19997.32,0.58,20035.15;351.784
19997.32,0.58,20035.15;351.784
19997.29,0.58,20035.4;351.6924
19997.25,0.58,20035.66;351.5548
19997.25,0.58,20035.66;351.5548
19997.21,0.58,20035.91;351.4173
19997.17,0.58,20036.16;351.2798
19997.13,0.58,20036.41;351.1194
19997.1,0.58,20036.61;350.959
19997.07,0.58,20036.82;350.9131
19997.07,0.58,20036.82;350.9131
19997.03,0.58,20037.07;350.8673
19996.99,0.58,20037.32;350.8501
19996.99,0.58,20037.32;350.8501
19996.95,0.58,20037.57;350.8329
19996.95,0.58,20037.57;350.8329
19996.91,0.58,20037.82;350.8157
19996.91,0.58,20037.82;350.8157
19996.91,0.58,20037.82;350.8157
19996.87,0.58,20038.07;350.7986
19996.87,0.58,20038.07;350.7986
19996.87,0.58,20038.07;350.7986
19996.83,0.58,20038.32;350.7814
19996.83,0.58,20038.32;350.7814
19996.83,0.58,20038.32;350.7814
19996.79,0.58,20038.57;350.7699
19996.74,0.58,20038.83;350.7585
19996.7,0.58,20039.08;350.6095
19996.7,0.58,20039.08;350.6095
19996.66,0.58,20039.33;350.4605
19996.62,0.58,20039.58;350.3058
19996.62,0.58,20039.58;350.3058
19996.57,0.58,20039.83;350.1511
19996.53,0.58,20040.08;350.0136
19996.49,0.58,20040.33;349.8589
19996.49,0.58,20040.33;349.8589
19996.44,0.58,20040.58;349.7042
19996.39,0.58,20040.83;349.5495
19996.39,0.58,20040.83;349.5495
19996.35,0.58,20041.08;349.3948
19996.3,0.58,20041.33;349.263
19996.3,0.58,20041.33;349.263
19996.25,0.58,20041.58;349.1312
19996.2,0.58,20041.82;348.9823
19996.15,0.58,20042.07;348.8448
19996.15,0.58,20042.07;348.8448
19996.11,0.58,20042.32;348.7072
19996.05,0.58,20042.57;348.5697
19996.05,0.58,20042.57;348.5697
19996,0.58,20042.82;348.4322
19995.95,0.58,20043.07;348.2775
19995.95,0.58,20043.07;348.2775
