20000,0.5,20000;0
20000,0.58,19999.98;0
20000,0.58,19999.96;0
20000,0.58,19999.95;0
20000,0.58,19999.93;0
20000,0.58,19999.93;0
20000,0.58,19999.93;0
20000,0.58,19999.91;0
20000,0.58,19999.91;0
20000,0.58,19999.91;0
20000,0.58,19999.89;0
20000,0.58,19999.89;0
20000,0.58,19999.89;0
20000,0.58,19999.87;0
20000,0.58,19999.85;-0.005729198
20000,0.58,19999.84;359.9886
20000,0.58,19999.84;359.9886
20000,0.58,19999.82;359.9828
20000,0.58,19999.79;359.9771
20000,0.58,19999.79;359.9771
20000,0.58,19999.77;359.9713
20000,0.58,19999.75;359.9656
20000,0.58,19999.75;359.9656
20000,0.58,19999.73;359.9599
20000,0.58,19999.71;359.9599
20000,0.58,19999.69;359.9599
20000,0.58,19999.67;359.9542
20000,0.58,19999.67;359.9542
20000,0.58,19999.65;359.9484
20000,0.58,19999.63;359.9427
20000,0.58,19999.63;359.9427
20000,0.58,19999.61;359.937
20000,0.58,19999.59;359.9255
20000,0.58,19999.59;359.9255
20000,0.58,19999.57;359.9141
20000,0.58,19999.55;359.9083
20000,0.58,19999.53;359.9026
20000,0.58,19999.53;359.9026
20000,0.58,19999.51;359.8969
20000,0.58,19999.5;359.8969
20000,0.58,19999.5;359.8969
20000,0.58,19999.47;359.8969
20000,0.58,19999.45;359.8911
20000,0.58,19999.43;359.8854
20000,0.58,19999.41;359.8797
20000,0.58,19999.38;359.874
20000,0.58,19999.38;359.874
20000,0.58,19999.36;359.8682
20000,0.58,19999.34;359.8625
20000,0.58,19999.34;359.8625
20000,0.58,19999.32;359.8568
20000,0.58,19999.32;359.8568
20000,0.58,19999.32;359.8568
20000,0.58,19999.29;359.851
20000,0.58,19999.27;359.8453
20000,0.58,19999.27;359.8453
20000,0.58,19999.27;359.8453
20000,0.58,19999.25;359.8396
20000,0.58,19999.25;359.8396
20000,0.58,19999.25;359.8396
20000,0.58,19999.22;359.8339
20000,0.58,19999.2;359.8281
20000,0.58,19999.2;359.8281
20000,0.58,19999.18;359.8224
20000,0.58,19999.18;359.8224
20000,0.58,19999.16;359.8167
20000,0.58,19999.16;359.8167
20000,0.58,19999.16;359.8167
20000,0.58,19999.13;359.8109
20000,0.58,19999.13;359.8109
20000,0.58,19999.13;359.8109
20000,0.58,19999.11;359.8052
20000,0.58,19999.11;359.8052
20000,0.58,19999.08;359.7995
20000,0.58,19999.08;359.7995
20000,0.58,19999.06;359.7938
20000,0.58,19999.03;359.7823
20000,0.58,19999.03;359.7823
20000,0.58,19999.01;359.7708
20000,0.58,19998.98;359.7651
20000,0.58,19998.98;359.7651
20000,0.58,19998.96;359.7594
20000,0.58,19998.93;359.7536
20000,0.58,19998.93;359.7536
20000,0.58,19998.91;359.7479
20000,0.58,19998.91;359.7479
20000,0.58,19998.88;359.7422
20000,0.58,19998.88;359.7422
20000,0.58,19998.88;359.7422
20000,0.58,19998.85;359.7365
20000,0.58,19998.85;359.7365
20000,0.58,19998.85;359.7365
20000,0.58,19998.83;359.7307
20000,0.58,19998.81;359.725
20000,0.58,19998.82;359.7365
20000,0.58,19998.82;359.7365
20000,0.58,19998.86;359.7479
20000,0.58,19998.9;359.7823
20000,0.58,19998.9;359.7823
20000,0.58,19998.99;359.8167
20000,0.58,19999.07;359.8396
20000,0.58,19999.07;359.8396
20000,0.58,19999.19;359.8625
20000,0.58,19999.19;359.8625
20000,0.58,19999.33;359.8854
20000,0.58,19999.33;359.8854
20000,0.58,19999.58;359.9083
20000,0.58,19999.58;359.9083
20000,0.58,19999.58;359.9083
20000,0.58,19999.83;359.9312
20000,0.58,19999.83;359.9312
20000,0.58,19999.83;359.9312
20000,0.58,20000.09;359.9542
20000,0.58,20000.09;359.9542
20000,0.58,20000.34;359.9771
20000,0.58,20000.34;359.9771
20000,0.58,20000.34;359.9771
20000,0.58,20000.59;-1.250645E-07
20000,0.58,20000.59;-1.250645E-07
20000,0.58,20000.85;0.02291667
20000,0.58,20001.1;0.07447945
20000,0.58,20001.1;0.07447945
20000,0.58,20001.36;0.1260422
20000,0.58,20001.61;0.2349077
20000,0.58,20001.86;0.3265856
20000,0.58,20001.86;0.3265856
20000.01,0.58,20002.12;0.4182635
20000.01,0.58,20002.37;0.527129
20000.01,0.58,20002.37;0.527129
20000.01,0.58,20002.37;0.527129
20000.01,0.58,20002.63;0.6302653
20000.01,0.58,20002.63;0.6302653
20000.01,0.58,20002.88;0.7334016
20000.02,0.58,20003.13;0.8193504
20000.02,0.58,20003.39;0.9396744
20000.02,0.58,20003.39;0.9396744
20000.03,0.58,20003.64;1.059998
20000.03,0.58,20003.9;1.180322
20000.03,0.58,20003.9;1.180322
20000.04,0.58,20004.15;1.300646
20000.04,0.58,20004.4;1.409512
20000.04,0.58,20004.4;1.409512
20000.05,0.58,20004.66;1.518377
20000.06,0.58,20004.91;1.627242
20000.06,0.58,20005.17;1.71892
20000.06,0.58,20005.17;1.71892
20000.06,0.58,20005.17;1.71892
20000.07,0.58,20005.42;1.7934
20000.07,0.58,20005.42;1.7934
20000.08,0.58,20005.67;1.867879
20000.09,0.58,20005.93;1.93663
20000.09,0.58,20005.93;1.93663
20000.1,0.58,20006.18;2.00538
20000.11,0.58,20006.44;2.102787
20000.12,0.58,20006.69;2.200194
20000.12,0.58,20006.69;2.200194
20000.12,0.58,20006.69;2.200194
20000.13,0.58,20006.94;2.297601
20000.14,0.58,20007.2;2.429384
20000.14,0.58,20007.2;2.429384
20000.15,0.58,20007.45;2.572625
20000.15,0.58,20007.45;2.572625
20000.16,0.58,20007.62;2.715865
20000.17,0.58,20007.8;2.824731
20000.18,0.58,20008.05;2.945055
20000.18,0.58,20008.05;2.945055
20000.18,0.58,20008.05;2.945055
20000.19,0.58,20008.3;3.059649
20000.19,0.58,20008.3;3.059649
20000.19,0.58,20008.3;3.059649
20000.21,0.58,20008.56;3.162786
20000.21,0.58,20008.56;3.162786
20000.22,0.58,20008.81;3.306027
20000.22,0.58,20008.81;3.306027
20000.24,0.58,20009.06;3.449268
20000.25,0.58,20009.32;3.592508
20000.25,0.58,20009.32;3.592508
20000.27,0.58,20009.57;3.707103
20000.27,0.58,20009.57;3.707103
20000.27,0.58,20009.57;3.707103
20000.29,0.58,20009.83;3.844615
20000.29,0.58,20009.83;3.844615
20000.3,0.58,20010.08;3.970668
20000.3,0.58,20010.08;3.970668
20000.32,0.58,20010.33;4.09672
20000.34,0.58,20010.59;4.217044
20000.34,0.58,20010.59;4.217044
20000.36,0.58,20010.84;4.337368
20000.38,0.58,20011.09;4.480609
20000.38,0.58,20011.09;4.480609
20000.4,0.58,20011.35;4.62385
20000.42,0.58,20011.6;4.761362
20000.44,0.58,20011.85;4.858768
20000.44,0.58,20011.85;4.858768
20000.46,0.58,20012.11;4.956176
20000.49,0.58,20012.36;5.059313
20000.49,0.58,20012.36;5.059313
20000.51,0.58,20012.61;5.162449
20000.53,0.58,20012.86;5.259856
20000.53,0.58,20012.86;5.259856
20000.56,0.58,20013.12;5.357263
20000.58,0.58,20013.37;5.45467
20000.61,0.58,20013.62;5.557806
20000.61,0.58,20013.62;5.557806
20000.63,0.58,20013.88;5.660943
20000.66,0.58,20014.13;5.781267
20000.66,0.58,20014.13;5.781267
20000.68,0.58,20014.38;5.901591
20000.71,0.58,20014.63;6.004727
20000.71,0.58,20014.63;6.004727
20000.74,0.58,20014.88;6.107863
20000.76,0.58,20015.14;6.193811
20000.79,0.58,20015.39;6.210999
20000.79,0.58,20015.39;6.210999
20000.82,0.58,20015.64;6.228188
20000.85,0.58,20015.89;6.233917
20000.85,0.58,20015.89;6.233917
20000.88,0.58,20016.15;6.239646
20000.88,0.58,20016.15;6.239646
20000.88,0.58,20016.15;6.239646
20000.9,0.58,20016.4;6.245375
20000.9,0.58,20016.4;6.245375
20000.93,0.58,20016.65;6.251105
20000.93,0.58,20016.65;6.251105
20000.96,0.58,20016.91;6.256835
20000.96,0.58,20016.91;6.256835
20000.96,0.58,20016.91;6.256835
20000.98,0.58,20017.16;6.262563
20000.98,0.58,20017.16;6.262563
20000.98,0.58,20017.16;6.262563
20001.01,0.58,20017.41;6.268292
20001.04,0.58,20017.66;6.268292
20001.07,0.58,20017.92;6.268292
20001.1,0.58,20018.17;6.296939
20001.1,0.58,20018.17;6.296939
20001.13,0.58,20018.42;6.411533
20001.13,0.58,20018.42;6.411533
20001.15,0.58,20018.67;6.526128
20001.18,0.58,20018.93;6.623536
20001.21,0.58,20019.18;6.720942
20001.24,0.58,20019.43;6.835536
20001.27,0.58,20019.68;6.921484
20001.27,0.58,20019.68;6.921484
20001.27,0.58,20019.68;6.921484
20001.3,0.58,20019.93;7.030351
20001.3,0.58,20019.93;7.030351
20001.34,0.58,20020.19;7.139215
20001.37,0.58,20020.44;7.259539
20001.37,0.58,20020.44;7.259539
20001.4,0.58,20020.69;7.379863
20001.43,0.58,20020.94;7.494459
20001.47,0.58,20021.19;7.586137
20001.47,0.58,20021.19;7.586137
20001.5,0.58,20021.45;7.677814
20001.54,0.58,20021.7;7.78668
20001.54,0.58,20021.7;7.78668
20001.57,0.58,20021.95;7.872628
20001.57,0.58,20021.95;7.872628
20001.61,0.58,20022.2;7.958577
20001.64,0.58,20022.45;8.038785
20001.68,0.58,20022.7;8.124734
20001.68,0.58,20022.7;8.124734
20001.71,0.58,20022.95;8.210682
20001.75,0.58,20023.21;8.290891
20001.75,0.58,20023.21;8.290891
20001.79,0.58,20023.46;8.371099
20001.79,0.5800001,20023.71;8.457047
20001.79,0.5800001,20023.71;8.457047
20001.79,0.5800004,20023.96;8.577373
20001.79,0.5800004,20024.21;8.674779
20001.79,0.5800004,20024.21;8.674779
20001.79,0.5800004,20024.46;8.772184
20001.79,0.5800007,20024.71;8.898237
20001.79,0.5800007,20024.71;8.898237
20001.79,0.5800008,20024.96;9.024291
20001.79,0.5800007,20025.21;9.156073
20001.79,0.5800007,20025.21;9.156073
20001.79,0.5800006,20025.46;9.270667
20001.79,0.5800008,20025.71;9.385262
20001.79,0.5800008,20025.96;9.511316
20001.79,0.5800008,20025.96;9.511316
20001.79,0.5800007,20026.22;9.625911
20001.79,0.5800007,20026.22;9.625911
20001.79,0.5800007,20026.47;9.740504
20001.79,0.5800007,20026.72;9.849371
20001.79,0.5800008,20026.97;9.981153
20001.79,0.5800008,20026.97;9.981153
20001.79,0.5800008,20027.22;10.11294
20001.79,0.5800008,20027.47;10.25045
20001.79,0.5800008,20027.47;10.25045
20001.79,0.5800008,20027.72;10.38796
20001.79,0.5800007,20027.97;10.50828
20001.79,0.5800007,20027.97;10.50828
20001.79,0.5800009,20028.22;10.64579
20001.79,0.5800009,20028.22;10.64579
20001.79,0.5800009,20028.46;10.77758
20001.79,0.5800009,20028.46;10.77758
20001.79,0.5800006,20028.71;10.90936
20001.79,0.5800002,20028.96;11.01822
20001.79,0.5800002,20028.96;11.01822
20001.79,0.5800003,20029.21;11.12709
20001.79,0.5800008,20029.46;11.25315
20001.79,0.5800008,20029.46;11.25315
20001.79,0.5800006,20029.71;11.3792
20001.79,0.5800009,20029.96;11.49379
20001.79,0.5800008,20030.21;11.5912
20001.79,0.5800008,20030.21;11.5912
20001.79,0.5800011,20030.46;11.68861
20001.79,0.5800012,20030.71;11.78028
20001.79,0.5800012,20030.71;11.78028
20001.79,0.5800012,20030.96;11.87196
20001.79,0.5800014,20031.2;11.96937
20001.79,0.5800014,20031.2;11.96937
20001.79,0.5800015,20031.45;12.04957
20001.79,0.5800017,20031.7;12.12978
20001.79,0.5800017,20031.7;12.12978
