20000,0.5,20000;0
20000,0.58,20000.13;359.9542
20000,0.58,20000.26;359.9026
20000,0.58,20000.38;359.851
20000,0.58,20000.51;359.7938
20000,0.58,20000.64;359.7422
20000,0.58,20000.75;359.6964
20000,0.58,20000.88;359.6448
20000,0.58,20001.01;359.5932
19999.99,0.58,20001.13;359.5474
19999.99,0.58,20001.26;359.4901
19999.99,0.58,20001.39;359.4385
19999.99,0.58,20001.5;359.3927
19999.99,0.58,20001.63;359.3354
19999.99,0.58,20001.74;359.1635
19999.99,0.58,20001.75;359.0661
19999.99,0.58,20001.75;359.0604
19999.99,0.58,20001.76;359.0547
19999.99,0.58,20001.77;359.0776
19999.99,0.58,20001.77;359.1062
19999.99,0.58,20001.78;359.1292
19999.99,0.58,20001.78;359.1349
19999.99,0.58,20001.79;359.1119
19999.99,0.58,20001.79;359.0776
19999.99,0.58,20001.81;359.0432
19999.99,0.58,20001.82;359.0088
19999.99,0.58,20001.84;358.9687
19999.99,0.58,20001.85;358.9229
19999.99,0.58,20001.85;358.8943
19999.99,0.58,20001.85;358.8828
19999.99,0.58,20001.86;358.8943
19999.99,0.58,20001.86;358.9286
19999.99,0.58,20001.87;358.9687
19999.99,0.58,20001.88;359.0088
19999.99,0.58,20001.89;359.0375
19999.99,0.58,20001.9;359.0317
19999.99,0.58,20001.91;359.0088
19999.98,0.58,20001.92;358.9859
19999.98,0.58,20001.93;358.9573
19999.98,0.58,20001.94;358.9229
19999.98,0.58,20001.94;358.9
19999.98,0.58,20001.95;358.8828
19999.98,0.58,20001.96;358.8713
19999.98,0.58,20001.97;358.8541
19999.98,0.58,20001.97;358.8427
19999.98,0.58,20001.98;358.8255
19999.98,0.58,20001.99;358.8083
19999.98,0.58,20002;358.7911
19999.98,0.58,20002.01;358.7739
19999.98,0.58,20002.02;358.7567
19999.98,0.58,20002.02;358.7396
19999.98,0.58,20002.03;358.7281
19999.98,0.58,20002.04;358.7109
19999.98,0.58,20002.04;358.6937
19999.98,0.58,20002.05;358.6823
19999.98,0.58,20002.06;358.6651
19999.98,0.58,20002.07;358.6479
19999.98,0.58,20002.08;358.6364
19999.98,0.58,20002.08;358.6192
19999.98,0.58,20002.09;358.6021
19999.98,0.58,20002.09;358.5849
19999.98,0.58,20002.1;358.5734
19999.98,0.58,20002.11;358.562
19999.98,0.58,20002.12;358.5448
19999.98,0.58,20002.12;358.5276
19999.98,0.58,20002.12;358.5161
19999.98,0.58,20002.13;358.4989
19999.98,0.58,20002.14;358.476
19999.98,0.58,20002.15;358.4645
19999.98,0.58,20002.15;358.4474
19999.98,0.58,20002.16;358.4244
19999.98,0.58,20002.17;358.4073
19999.98,0.58,20002.18;358.3901
19999.98,0.58,20002.19;358.3729
19999.98,0.58,20002.2;358.35
19999.98,0.58,20002.21;358.3328
19999.98,0.58,20002.22;358.3156
19999.98,0.58,20002.22;358.2927
19999.98,0.58,20002.23;358.2755
19999.98,0.58,20002.24;358.2583
19999.98,0.58,20002.25;358.2354
19999.98,0.58,20002.26;358.2125
19999.98,0.58,20002.27;358.1895
19999.98,0.58,20002.28;358.1666
19999.98,0.58,20002.29;358.138
19999.97,0.58,20002.3;358.1208
19999.97,0.58,20002.31;358.0979
19999.97,0.58,20002.32;358.0807
19999.97,0.58,20002.34;358.0578
19999.97,0.58,20002.35;358.0349
19999.97,0.58,20002.36;358.0005
19999.97,0.58,20002.37;357.9776
19999.97,0.58,20002.38;357.9547
19999.97,0.58,20002.39;357.9317
19999.97,0.58,20002.4;357.9088
19999.97,0.58,20002.42;357.8802
19999.97,0.58,20002.43;357.8515
19999.97,0.58,20002.44;357.8229
19999.97,0.58,20002.45;357.8
19999.97,0.58,20002.46;357.7656
19999.97,0.58,20002.48;357.7369
19999.97,0.58,20002.49;357.714
19999.97,0.58,20002.51;357.6854
19999.97,0.58,20002.52;357.6625
19999.97,0.58,20002.53;357.6281
19999.97,0.58,20002.54;357.5937
19999.96,0.58,20002.56;357.5708
19999.96,0.58,20002.57;357.5364
19999.96,0.58,20002.59;357.5135
19999.96,0.58,20002.6;357.4791
19999.96,0.58,20002.62;357.4448
19999.96,0.58,20002.63;357.4104
19999.96,0.58,20002.65;357.3817
19999.96,0.58,20002.66;357.3474
19999.96,0.58,20002.68;357.313
19999.96,0.58,20002.69;357.2786
19999.96,0.58,20002.71;357.2442
19999.96,0.58,20002.72;357.2099
19999.96,0.58,20002.74;357.1755
19999.96,0.58,20002.76;357.1411
19999.96,0.58,20002.78;357.101
19999.96,0.58,20002.79;357.0666
19999.95,0.58,20002.81;357.0323
19999.95,0.58,20002.83;356.9922
19999.95,0.58,20002.85;356.9521
19999.95,0.58,20002.87;356.9177
19999.95,0.58,20002.88;356.8776
19999.95,0.58,20002.9;356.8375
19999.95,0.58,20002.92;356.7974
19999.95,0.58,20002.94;356.7573
19999.95,0.58,20002.96;356.7229
19999.95,0.58,20002.97;356.6885
19999.94,0.58,20002.99;356.6427
19999.94,0.58,20003.01;356.5968
19999.94,0.58,20003.03;356.5625
19999.94,0.58,20003.05;356.5166
19999.94,0.58,20003.07;356.4708
19999.94,0.58,20003.09;356.4307
19999.94,0.58,20003.11;356.3849
19999.94,0.58,20003.13;356.339
19999.93,0.58,20003.15;356.2932
19999.93,0.58,20003.17;356.2473
19999.93,0.58,20003.2;356.2015
19999.93,0.58,20003.21;356.1557
19999.93,0.58,20003.24;356.1156
19999.93,0.58,20003.26;356.0698
19999.93,0.58,20003.28;356.0182
19999.92,0.58,20003.3;355.9724
19999.92,0.58,20003.32;355.9265
19999.92,0.58,20003.34;355.875
19999.92,0.58,20003.37;355.8291
19999.92,0.58,20003.39;355.7776
19999.92,0.58,20003.41;355.726
19999.91,0.58,20003.44;355.6859
19999.91,0.58,20003.46;355.6286
19999.91,0.58,20003.48;355.5713
19999.91,0.58,20003.5;355.5255
19999.91,0.58,20003.53;355.4739
19999.9,0.58,20003.55;355.4224
19999.9,0.58,20003.58;355.3765
19999.9,0.58,20003.6;355.3192
19999.9,0.58,20003.62;355.2619
19999.9,0.58,20003.64;355.2047
19999.89,0.58,20003.67;355.1531
19999.89,0.58,20003.7;355.0958
19999.89,0.58,20003.72;355.0385
19999.89,0.58,20003.74;354.9926
19999.89,0.58,20003.77;354.9354
19999.88,0.58,20003.79;354.8781
19999.88,0.58,20003.82;354.8208
19999.88,0.58,20003.84;354.7692
19999.88,0.58,20003.87;354.7119
19999.88,0.58,20003.9;354.6489
19999.87,0.58,20003.92;354.5916
19999.87,0.58,20003.95;354.5343
19999.87,0.58,20003.97;354.4828
19999.87,0.58,20004;354.4197
19999.86,0.58,20004.02;354.3567
19999.86,0.58,20004.05;354.3051
19999.86,0.58,20004.08;354.2536
19999.85,0.58,20004.1;354.1963
19999.85,0.58,20004.13;354.1333
19999.85,0.58,20004.15;354.076
19999.85,0.58,20004.18;354.013
19999.84,0.58,20004.21;353.95
19999.84,0.58,20004.23;353.8984
19999.84,0.58,20004.26;353.8354
19999.83,0.58,20004.29;353.7723
19999.83,0.58,20004.31;353.7208
19999.83,0.58,20004.34;353.6577
19999.83,0.58,20004.37;353.6005
19999.82,0.58,20004.39;353.5432
19999.82,0.58,20004.42;353.4859
19999.82,0.58,20004.45;353.4229
19999.81,0.58,20004.47;353.3541
19999.81,0.58,20004.5;353.3026
19999.81,0.58,20004.53;353.2395
19999.8,0.58,20004.55;353.1765
19999.8,0.58,20004.58;353.1192
19999.8,0.58,20004.61;353.0562
19999.79,0.58,20004.63;352.9874
19999.79,0.58,20004.66;352.9359
19999.79,0.58,20004.69;352.8843
19999.79,0.58,20004.71;352.8213
19999.78,0.58,20004.73;352.7583
19999.78,0.58,20004.77;352.701
19999.77,0.58,20004.79;352.638
19999.77,0.58,20004.82;352.5749
19999.77,0.58,20004.84;352.5234
19999.76,0.58,20004.87;352.4604
19999.76,0.58,20004.9;352.3916
19999.76,0.58,20004.93;352.34
19999.75,0.58,20004.95;352.277
19999.75,0.58,20004.98;352.214
19999.75,0.58,20005;352.1624
19999.74,0.58,20005.03;352.0994
19999.74,0.58,20005.06;352.0364
19999.73,0.58,20005.08;351.9791
19999.73,0.58,20005.11;351.9218
19999.73,0.58,20005.13;351.8645
19999.72,0.58,20005.16;351.8072
19999.72,0.58,20005.19;351.7499
19999.72,0.58,20005.21;351.6869
19999.71,0.58,20005.24;351.6239
19999.71,0.58,20005.27;351.5666
19999.71,0.58,20005.29;351.5036
19999.7,0.58,20005.31;351.4406
19999.7,0.58,20005.34;351.389
19999.69,0.58,20005.37;351.3317
19999.69,0.58,20005.39;351.2687
19999.69,0.58,20005.42;351.2171
19999.68,0.58,20005.44;351.1541
19999.68,0.58,20005.46;351.1025
19999.67,0.58,20005.49;351.0395
19999.67,0.58,20005.51;350.9765
19999.67,0.58,20005.54;350.9249
19999.66,0.58,20005.56;350.8734
19999.66,0.58,20005.58;350.8103
19999.66,0.58,20005.61;350.7473
19999.65,0.58,20005.63;350.6957
19999.65,0.58,20005.66;350.6327
19999.64,0.58,20005.68;350.5697
19999.64,0.58,20005.71;350.5182
19999.63,0.58,20005.72;350.4551
19999.63,0.58,20005.75;350.3978
19999.63,0.58,20005.77;350.3463
19999.62,0.58,20005.79;350.2775
19999.62,0.58,20005.82;350.2145
19999.62,0.58,20005.84;350.1629
19999.61,0.58,20005.87;350.0999
19999.61,0.58,20005.89;350.0369
19999.6,0.58,20005.91;349.9853
19999.6,0.58,20005.93;349.9223
19999.6,0.58,20005.95;349.8593
19999.59,0.58,20005.98;349.7963
19999.59,0.58,20006;349.7447
19999.58,0.58,20006.02;349.6817
19999.58,0.58,20006.04;349.6187
19999.58,0.58,20006.06;349.5614
19999.57,0.58,20006.09;349.4984
19999.57,0.58,20006.11;349.4411
19999.56,0.58,20006.13;349.3838
19999.56,0.58,20006.15;349.315
19999.56,0.58,20006.17;349.252
19999.55,0.58,20006.19;349.2004
19999.55,0.58,20006.21;349.1374
19999.54,0.58,20006.23;349.0744
19999.54,0.58,20006.25;349.0228
19999.54,0.58,20006.27;348.9713
19999.53,0.58,20006.29;348.9025
19999.53,0.58,20006.31;348.851
19999.53,0.58,20006.33;348.7879
19999.52,0.58,20006.35;348.7249
19999.52,0.58,20006.37;348.6733
19999.51,0.58,20006.39;348.6046
19999.51,0.58,20006.41;348.5416
19999.51,0.58,20006.42;348.4843
19999.5,0.58,20006.44;348.4213
19999.5,0.58,20006.46;348.3582
19999.49,0.58,20006.48;348.3067
19999.49,0.58,20006.49;348.2551
19999.49,0.58,20006.51;348.1921
19999.48,0.58,20006.53;348.1291
19999.48,0.58,20006.54;348.0718
19999.48,0.58,20006.56;348.0088
19999.47,0.58,20006.57;347.9515
19999.47,0.58,20006.58;347.8942
19999.47,0.58,20006.6;347.8311
19999.47,0.58,20006.61;347.7681
19999.46,0.58,20006.63;347.7108
19999.46,0.58,20006.64;347.6535
19999.46,0.58,20006.65;347.5963
19999.46,0.58,20006.67;347.5332
19999.45,0.58,20006.68;347.4817
19999.45,0.58,20006.69;347.4129
19999.45,0.58,20006.7;347.3499
19999.44,0.58,20006.71;347.2983
19999.44,0.58,20006.72;347.2353
19999.44,0.58,20006.73;347.178
19999.44,0.58,20006.75;347.1265
19999.43,0.58,20006.76;347.0634
19999.43,0.58,20006.77;347.0004
19999.43,0.58,20006.78;346.9489
19999.43,0.58,20006.79;346.8858
19999.42,0.58,20006.8;346.8286
19999.42,0.58,20006.81;346.777
19999.42,0.58,20006.81;346.714
19999.42,0.58,20006.82;346.6509
19999.42,0.58,20006.83;346.5994
19999.41,0.58,20006.84;346.5478
19999.41,0.58,20006.85;346.4905
19999.41,0.58,20006.85;346.4332
19999.41,0.58,20006.86;346.3817
19999.41,0.58,20006.87;346.3186
19999.41,0.58,20006.87;346.2614
19999.4,0.58,20006.88;346.1983
19999.4,0.58,20006.89;346.1353
19999.4,0.58,20006.89;346.078
19999.4,0.58,20006.9;346.0207
19999.4,0.58,20006.9;345.9692
19999.4,0.58,20006.9;345.9119
19999.4,0.58,20006.91;345.8546
19999.4,0.58,20006.91;345.803
19999.4,0.58,20006.91;345.74
19999.39,0.58,20006.92;345.677
19999.39,0.58,20006.92;345.6311
19999.39,0.58,20006.93;345.5681
19999.39,0.58,20006.93;345.5108
19999.39,0.58,20006.93;345.465
19999.39,0.58,20006.93;345.4077
19999.39,0.58,20006.93;345.3447
19999.39,0.58,20006.93;345.2816
19999.39,0.58,20006.93;345.2301
19999.39,0.58,20006.93;345.1728
19999.39,0.58,20006.93;345.1155
19999.39,0.58,20006.93;345.0639
19999.39,0.58,20006.93;345.0067
19999.39,0.58,20006.93;344.9494
19999.39,0.58,20006.93;344.9035
19999.39,0.58,20006.93;344.8463
19999.39,0.58,20006.93;344.7889
19999.39,0.58,20006.93;344.7317
19999.39,0.58,20006.93;344.6743
19999.39,0.58,20006.93;344.6228
19999.39,0.58,20006.93;344.5712
19999.39,0.58,20006.93;344.5139
19999.39,0.58,20006.93;344.4624
19999.39,0.58,20006.93;344.4108
19999.39,0.58,20006.93;344.3593
19999.39,0.58,20006.93;344.3077
19999.39,0.58,20006.93;344.2504
19999.39,0.58,20006.93;344.1989
19999.39,0.58,20006.93;344.1473
19999.39,0.58,20006.92;344.09
19999.39,0.58,20006.92;344.0327
19999.39,0.58,20006.92;343.9754
19999.39,0.58,20006.92;343.9296
19999.4,0.58,20006.92;343.8723
19999.4,0.58,20006.91;343.815
19999.4,0.58,20006.91;343.7692
19999.4,0.58,20006.91;343.7233
19999.4,0.58,20006.9;343.6718
19999.4,0.58,20006.9;343.6202
19999.4,0.58,20006.9;343.5744
19999.4,0.58,20006.9;343.5342
19999.4,0.58,20006.9;343.4999
19999.4,0.58,20006.9;343.4655
19999.4,0.58,20006.91;343.4483
19999.4,0.58,20006.91;343.4311
19999.39,0.58,20006.92;343.4197
19999.39,0.58,20006.93;343.4082
19999.39,0.58,20006.93;343.391
19999.39,0.58,20006.94;343.3738
19999.39,0.58,20006.95;343.3509
19999.38,0.58,20006.96;343.3223
19999.38,0.58,20006.96;343.2936
19999.38,0.58,20006.97;343.2707
19999.38,0.58,20006.98;343.2535
19999.37,0.58,20007;343.2363
19999.37,0.58,20007.01;343.2306
19999.37,0.58,20007.02;343.2191
19999.36,0.58,20007.04;343.2077
19999.36,0.58,20007.05;343.1962
19999.35,0.58,20007.06;343.179
19999.35,0.58,20007.07;343.1619
19999.35,0.58,20007.08;343.1504
19999.34,0.58,20007.1;343.1389
19999.34,0.58,20007.11;343.1275
19999.33,0.58,20007.12;343.116
19999.33,0.58,20007.13;343.1046
19999.33,0.58,20007.14;343.0931
19999.32,0.58,20007.15;343.0874
19999.32,0.58,20007.16;343.0702
19999.32,0.58,20007.17;343.0587
19999.31,0.58,20007.18;343.0473
19999.31,0.58,20007.19;343.0301
19999.31,0.58,20007.2;343.0244
19999.31,0.58,20007.21;343.0186
19999.3,0.58,20007.22;343.0072
19999.3,0.58,20007.23;342.9957
19999.3,0.58,20007.24;342.9843
19999.3,0.58,20007.24;342.9785
19999.29,0.58,20007.25;342.9613
19999.29,0.58,20007.26;342.9499
19999.29,0.58,20007.26;342.9442
19999.29,0.58,20007.27;342.9384
19999.29,0.58,20007.28;342.927
19999.29,0.58,20007.28;342.9212
19999.28,0.58,20007.29;342.9098
19999.28,0.58,20007.29;342.8983
19999.28,0.58,20007.3;342.8869
19999.28,0.58,20007.3;342.8754
19999.28,0.58,20007.3;342.864
19999.28,0.58,20007.31;342.8525
19999.28,0.58,20007.31;342.8467
19999.28,0.58,20007.31;342.841
19999.28,0.58,20007.32;342.8296
19999.27,0.58,20007.32;342.8238
19999.27,0.58,20007.32;342.8181
19999.27,0.58,20007.32;342.8066
19999.27,0.58,20007.32;342.7952
19999.27,0.58,20007.32;342.7895
19999.27,0.58,20007.32;342.7837
19999.27,0.58,20007.32;342.7723
19999.27,0.58,20007.32;342.7665
19999.27,0.58,20007.32;342.7608
19999.27,0.58,20007.32;342.7551
19999.27,0.58,20007.32;342.7494
19999.28,0.58,20007.32;342.7436
19999.28,0.58,20007.31;342.7322
19999.28,0.58,20007.31;342.7207
19999.28,0.58,20007.3;342.715
19999.28,0.58,20007.3;342.7093
19999.28,0.58,20007.3;342.6978
19999.28,0.58,20007.29;342.6921
19999.28,0.58,20007.29;342.6863
19999.29,0.58,20007.28;342.6806
19999.29,0.58,20007.27;342.6749
19999.29,0.58,20007.27;342.6692
19999.29,0.58,20007.26;342.6634
19999.29,0.58,20007.25;342.6577
19999.3,0.58,20007.25;342.652
19999.3,0.58,20007.24;342.6462
19999.3,0.58,20007.23;342.6405
19999.3,0.58,20007.22;342.6348
19999.31,0.58,20007.21;342.629
19999.31,0.58,20007.2;342.6233
19999.31,0.58,20007.19;342.6176
19999.32,0.58,20007.18;342.6118
19999.32,0.58,20007.17;342.6061
19999.32,0.58,20007.16;342.6004
19999.33,0.58,20007.15;342.5947
19999.33,0.58,20007.14;342.5889
19999.33,0.58,20007.12;342.5832
19999.34,0.58,20007.11;342.5775
19999.34,0.58,20007.1;342.5717
19999.35,0.58,20007.09;342.566
19999.35,0.58,20007.07;342.5603
19999.36,0.58,20007.06;342.5546
19999.36,0.58,20007.04;342.5488
19999.36,0.58,20007.03;342.5431
19999.37,0.58,20007.02;342.5374
19999.37,0.58,20007;342.5316
19999.38,0.58,20006.99;342.5259
19999.38,0.58,20006.97;342.5202
19999.39,0.58,20006.95;342.5145
19999.39,0.58,20006.94;342.5087
19999.4,0.58,20006.92;342.503
19999.4,0.58,20006.91;342.4973
19999.41,0.58,20006.89;342.4915
19999.41,0.58,20006.88;342.4858
19999.42,0.58,20006.86;342.4801
19999.42,0.58,20006.85;342.4744
19999.43,0.58,20006.83;342.4686
19999.43,0.58,20006.81;342.4629
19999.43,0.58,20006.81;342.4629
19999.44,0.58,20006.8;342.4629
19999.44,0.58,20006.78;342.4629
19999.45,0.58,20006.77;342.4629
19999.45,0.58,20006.77;342.4629
19999.45,0.58,20006.75;342.4629
19999.46,0.58,20006.73;342.4686
19999.46,0.58,20006.72;342.4744
19999.47,0.58,20006.7;342.4801
19999.47,0.58,20006.69;342.4858
19999.48,0.58,20006.67;342.4915
19999.48,0.58,20006.66;342.4973
19999.49,0.58,20006.64;342.5087
19999.49,0.58,20006.63;342.5145
19999.5,0.58,20006.61;342.5259
19999.5,0.58,20006.6;342.5374
19999.51,0.58,20006.58;342.5488
19999.51,0.58,20006.57;342.5603
19999.51,0.58,20006.55;342.5717
19999.52,0.58,20006.54;342.5889
19999.52,0.58,20006.53;342.6061
19999.53,0.58,20006.52;342.6233
19999.53,0.58,20006.5;342.6405
19999.54,0.58,20006.49;342.6577
19999.54,0.58,20006.47;342.6863
19999.54,0.58,20006.46;342.715
19999.55,0.58,20006.44;342.7321
19999.55,0.58,20006.43;342.7608
19999.56,0.58,20006.42;342.7952
19999.56,0.58,20006.4;342.8181
19999.56,0.58,20006.39;342.8525
19999.57,0.58,20006.38;342.8811
19999.57,0.58,20006.37;342.9212
19999.58,0.58,20006.35;342.9556
19999.58,0.58,20006.34;342.9843
19999.58,0.58,20006.33;343.0244
19999.59,0.58,20006.32;343.0587
19999.59,0.58,20006.31;343.0874
19999.59,0.58,20006.3;343.1217
19999.6,0.58,20006.29;343.1619
19999.6,0.58,20006.28;343.1905
19999.6,0.58,20006.27;343.2249
19999.6,0.58,20006.26;343.2592
19999.61,0.58,20006.26;343.2936
19999.61,0.58,20006.25;343.3223
19999.61,0.58,20006.24;343.3624
19999.62,0.58,20006.23;343.391
19999.62,0.58,20006.22;343.4197
19999.62,0.58,20006.21;343.454
19999.62,0.58,20006.2;343.4884
19999.63,0.58,20006.19;343.5114
19999.63,0.58,20006.18;343.54
19999.63,0.58,20006.18;343.5686
19999.63,0.58,20006.17;343.5973
19999.63,0.58,20006.16;343.6259
19999.64,0.58,20006.15;343.6488
19999.64,0.58,20006.14;343.6775
19999.64,0.58,20006.13;343.7061
19999.65,0.58,20006.12;343.729
19999.65,0.58,20006.11;343.752
19999.65,0.58,20006.1;343.7749
19999.65,0.58,20006.09;343.7978
19999.66,0.58,20006.08;343.8264
19999.66,0.58,20006.07;343.8436
19999.66,0.58,20006.06;343.8723
19999.67,0.58,20006.05;343.9009
19999.67,0.58,20006.04;343.9181
19999.67,0.58,20006.03;343.9467
19999.68,0.58,20006.02;343.9754
19999.68,0.58,20006.01;343.9983
19999.68,0.58,20005.99;344.027
19999.69,0.58,20005.98;344.0556
19999.69,0.58,20005.97;344.0843
19999.69,0.58,20005.96;344.1072
19999.7,0.58,20005.94;344.1358
19999.7,0.58,20005.93;344.1645
19999.7,0.58,20005.92;344.1874
19999.71,0.58,20005.9;344.216
19999.71,0.58,20005.89;344.2504
19999.71,0.58,20005.88;344.2848
19999.72,0.58,20005.87;344.3134
19999.72,0.58,20005.86;344.3478
19999.73,0.58,20005.84;344.3765
19999.73,0.58,20005.82;344.4051
19999.73,0.58,20005.81;344.4395
19999.74,0.58,20005.79;344.4796
19999.74,0.58,20005.78;344.5082
19999.75,0.58,20005.77;344.5426
19999.75,0.58,20005.75;344.577
19999.76,0.58,20005.73;344.6056
19999.76,0.58,20005.71;344.6342
19999.76,0.58,20005.7;344.6744
19999.77,0.58,20005.68;344.7087
19999.77,0.58,20005.67;344.7488
19999.78,0.58,20005.65;344.7889
19999.78,0.58,20005.63;344.8233
19999.79,0.58,20005.62;344.8577
19999.79,0.58,20005.6;344.9035
19999.8,0.58,20005.58;344.9436
19999.8,0.58,20005.56;344.9895
19999.81,0.58,20005.55;345.0353
19999.81,0.58,20005.53;345.0754
19999.82,0.58,20005.51;345.1212
19999.82,0.58,20005.49;345.1671
19999.83,0.58,20005.47;345.2129
19999.83,0.58,20005.45;345.2645
19999.84,0.58,20005.43;345.316
19999.84,0.58,20005.41;345.3676
19999.85,0.58,20005.39;345.4077
19999.85,0.58,20005.37;345.4593
19999.86,0.58,20005.35;345.5108
19999.87,0.58,20005.32;345.5567
19999.87,0.58,20005.3;345.614
19999.88,0.58,20005.28;345.6655
19999.88,0.58,20005.26;345.7171
19999.89,0.58,20005.24;345.7572
19999.89,0.58,20005.21;345.8145
19999.9,0.58,20005.19;345.8718
19999.9,0.58,20005.17;345.9176
19999.91,0.58,20005.15;345.9749
19999.91,0.58,20005.13;346.0322
19999.92,0.58,20005.1;346.0838
19999.93,0.58,20005.08;346.1411
19999.93,0.58,20005.06;346.2041
19999.94,0.58,20005.03;346.2556
19999.94,0.58,20005.01;346.3187
19999.95,0.58,20004.98;346.3759
19999.96,0.58,20004.96;346.4275
19999.96,0.58,20004.94;346.4791
19999.97,0.58,20004.91;346.5421
19999.97,0.58,20004.88;346.6108
19999.98,0.58,20004.86;346.6624
19999.98,0.58,20004.83;346.7369
19999.99,0.58,20004.81;346.7999
20000,0.58,20004.78;346.8572
20000,0.58,20004.76;346.926
20000.01,0.58,20004.73;346.989
20000.02,0.58,20004.7;347.0463
20000.02,0.58,20004.68;347.1093
20000.03,0.58,20004.65;347.1723
20000.04,0.58,20004.62;347.2296
20000.04,0.58,20004.59;347.2983
20000.05,0.58,20004.57;347.3728
20000.05,0.58,20004.54;347.4359
20000.06,0.58,20004.51;347.4989
20000.06,0.58,20004.48;347.5676
20000.07,0.58,20004.46;347.6421
20000.08,0.58,20004.43;347.6994
20000.08,0.58,20004.4;347.7624
20000.09,0.58,20004.38;347.8197
20000.1,0.58,20004.35;347.877
20000.1,0.58,20004.32;347.9515
20000.11,0.58,20004.29;348.0317
20000.11,0.58,20004.26;348.0947
20000.12,0.58,20004.23;348.1692
20000.13,0.58,20004.2;348.2437
20000.13,0.58,20004.18;348.3067
20000.14,0.58,20004.15;348.3754
20000.14,0.58,20004.12;348.4442
20000.15,0.58,20004.09;348.5129
20000.15,0.58,20004.06;348.5817
20000.16,0.58,20004.04;348.6562
20000.16,0.58,20004.01;348.7249
20000.17,0.58,20003.98;348.7879
20000.18,0.58,20003.95;348.8567
20000.18,0.58,20003.92;348.9254
20000.19,0.58,20003.9;348.9885
20000.19,0.58,20003.87;349.0629
20000.2,0.58,20003.84;349.1259
20000.2,0.58,20003.81;349.1947
20000.21,0.58,20003.78;349.2635
20000.21,0.58,20003.75;349.3265
20000.22,0.58,20003.72;349.3895
20000.22,0.58,20003.7;349.4583
20000.23,0.58,20003.67;349.527
20000.24,0.58,20003.63;349.59
20000.24,0.58,20003.61;349.6588
20000.25,0.58,20003.58;349.7275
20000.25,0.58,20003.55;349.7906
20000.26,0.58,20003.53;349.865
20000.26,0.58,20003.49;349.9338
20000.27,0.58,20003.46;349.9911
20000.27,0.58,20003.44;350.0541
20000.28,0.58,20003.41;350.1228
20000.28,0.58,20003.38;350.1801
20000.29,0.58,20003.36;350.2432
20000.29,0.58,20003.33;350.3119
20000.29,0.58,20003.3;350.3749
20000.3,0.58,20003.28;350.438
20000.3,0.58,20003.25;350.501
20000.31,0.58,20003.22;350.564
20000.31,0.58,20003.2;350.6213
20000.32,0.58,20003.17;350.6786
20000.32,0.58,20003.14;350.7416
20000.32,0.58,20003.12;350.7989
20000.33,0.58,20003.09;350.8619
20000.33,0.58,20003.06;350.9249
20000.34,0.58,20003.04;350.9822
20000.34,0.58,20003.01;351.0453
20000.35,0.58,20002.99;351.1083
20000.35,0.58,20002.96;351.1656
20000.35,0.58,20002.94;351.2114
20000.36,0.58,20002.91;351.2687
20000.36,0.58,20002.88;351.326
20000.37,0.58,20002.86;351.3775
20000.37,0.58,20002.84;351.4348
20000.37,0.58,20002.81;351.4921
20000.38,0.58,20002.79;351.5437
20000.38,0.58,20002.77;351.5952
20000.38,0.58,20002.74;351.6468
20000.38,0.58,20002.72;351.6984
20000.39,0.58,20002.7;351.7499
20000.39,0.58,20002.68;351.79
20000.39,0.58,20002.66;351.8416
20000.4,0.58,20002.63;351.8989
20000.4,0.58,20002.61;351.939
20000.4,0.58,20002.59;351.9791
20000.41,0.58,20002.57;352.0307
20000.41,0.58,20002.55;352.0765
20000.41,0.58,20002.53;352.1223
20000.42,0.58,20002.51;352.1624
20000.42,0.58,20002.49;352.2083
20000.42,0.58,20002.47;352.2541
20000.42,0.58,20002.45;352.2942
20000.43,0.58,20002.43;352.3401
20000.43,0.58,20002.42;352.3859
20000.43,0.58,20002.4;352.4317
20000.43,0.58,20002.38;352.4661
20000.44,0.58,20002.36;352.5062
20000.44,0.58,20002.34;352.5463
20000.44,0.58,20002.32;352.5807
20000.44,0.58,20002.31;352.6265
20000.45,0.58,20002.29;352.6666
20000.45,0.58,20002.27;352.701
20000.45,0.58,20002.26;352.7354
20000.45,0.58,20002.24;352.7697
20000.45,0.58,20002.23;352.8041
20000.46,0.58,20002.21;352.8385
20000.46,0.58,20002.2;352.8671
20000.46,0.58,20002.18;352.9015
20000.46,0.58,20002.17;352.9359
20000.46,0.58,20002.16;352.9703
20000.46,0.58,20002.14;352.9989
20000.46,0.58,20002.13;353.0276
20000.47,0.58,20002.12;353.0619
20000.47,0.58,20002.11;353.0906
20000.47,0.58,20002.09;353.1192
20000.47,0.58,20002.08;353.1479
20000.47,0.58,20002.07;353.1708
20000.47,0.58,20002.06;353.1994
20000.47,0.58,20002.04;353.2281
20000.48,0.58,20002.04;353.2453
20000.48,0.58,20002.02;353.2739
20000.48,0.58,20002.01;353.2968
20000.48,0.58,20002;353.3197
20000.48,0.58,20001.99;353.3369
20000.48,0.58,20001.98;353.3599
20000.48,0.58,20001.97;353.3885
20000.48,0.58,20001.97;353.4057
20000.48,0.58,20001.96;353.4286
20000.49,0.58,20001.95;353.4458
20000.49,0.58,20001.95;353.4572
20000.49,0.58,20001.94;353.4744
20000.49,0.58,20001.93;353.4916
20000.49,0.58,20001.92;353.5088
20000.49,0.58,20001.92;353.526
20000.49,0.58,20001.91;353.5432
20000.49,0.58,20001.91;353.5546
20000.49,0.58,20001.9;353.5661
20000.49,0.58,20001.9;353.5775
20000.49,0.58,20001.89;353.589
20000.49,0.58,20001.89;353.6005
20000.49,0.58,20001.88;353.6119
20000.49,0.58,20001.88;353.6291
20000.49,0.58,20001.88;353.6349
20000.5,0.58,20001.87;353.6406
20000.5,0.58,20001.87;353.6463
20000.5,0.58,20001.87;353.652
20000.5,0.58,20001.86;353.6578
20000.5,0.58,20001.86;353.6635
20000.5,0.58,20001.86;353.6692
20000.5,0.58,20001.86;353.6807
20000.5,0.58,20001.86;353.6921
20000.5,0.58,20001.86;353.6979
20000.5,0.58,20001.85;353.7036
20000.5,0.58,20001.85;353.7093
20000.5,0.58,20001.85;353.7093
20000.5,0.58,20001.85;353.7208
20000.5,0.58,20001.85;353.7322
20000.5,0.58,20001.86;353.738
20000.5,0.58,20001.86;353.738
20000.5,0.58,20001.86;353.7437
20000.5,0.58,20001.86;353.738
20000.5,0.58,20001.86;353.738
20000.5,0.58,20001.86;353.738
20000.5,0.58,20001.86;353.738
20000.5,0.58,20001.87;353.738
20000.49,0.58,20001.87;353.738
20000.49,0.58,20001.88;353.738
20000.49,0.58,20001.88;353.7265
20000.49,0.58,20001.88;353.7208
20000.49,0.58,20001.89;353.7151
20000.49,0.58,20001.89;353.7093
20000.49,0.58,20001.89;353.7093
20000.49,0.58,20001.9;353.7036
20000.49,0.58,20001.9;353.6979
20000.49,0.58,20001.91;353.6864
20000.49,0.58,20001.91;353.675
20000.49,0.58,20001.92;353.6635
20000.49,0.58,20001.93;353.652
20000.49,0.58,20001.93;353.6463
20000.49,0.58,20001.94;353.6349
20000.49,0.58,20001.95;353.6234
20000.49,0.58,20001.96;353.6119
20000.48,0.58,20001.96;353.6062
20000.48,0.58,20001.97;353.5948
20000.48,0.58,20001.98;353.5833
20000.48,0.58,20001.99;353.5718
20000.48,0.58,20002;353.5604
20000.48,0.58,20002.01;353.5489
20000.48,0.58,20002.02;353.5374
20000.48,0.58,20002.03;353.526
20000.48,0.58,20002.04;353.5145
20000.47,0.58,20002.05;353.5031
20000.47,0.58,20002.06;353.4859
20000.47,0.58,20002.07;353.4687
20000.47,0.58,20002.08;353.4515
20000.47,0.58,20002.09;353.4286
20000.47,0.58,20002.11;353.4114
20000.47,0.58,20002.12;353.3885
20000.46,0.58,20002.13;353.3656
20000.46,0.58,20002.15;353.3427
20000.46,0.58,20002.16;353.3255
20000.46,0.58,20002.17;353.3026
20000.46,0.58,20002.19;353.2796
20000.46,0.58,20002.2;353.2567
20000.46,0.58,20002.21;353.2224
20000.45,0.58,20002.23;353.188
20000.45,0.58,20002.25;353.1536
20000.45,0.58,20002.26;353.1192
20000.45,0.58,20002.28;353.0906
20000.45,0.58,20002.29;353.0619
20000.45,0.58,20002.31;353.0333
20000.44,0.58,20002.32;352.9932
20000.44,0.58,20002.34;352.9531
20000.44,0.58,20002.36;352.9187
20000.44,0.58,20002.37;352.8843
20000.43,0.58,20002.39;352.8499
20000.43,0.58,20002.41;352.8156
20000.43,0.58,20002.43;352.7812
20000.43,0.58,20002.44;352.7354
20000.43,0.58,20002.46;352.701
20000.42,0.58,20002.48;352.6552
20000.42,0.58,20002.5;352.6093
20000.42,0.58,20002.52;352.5635
20000.41,0.58,20002.54;352.5234
20000.41,0.58,20002.56;352.4775
20000.41,0.58,20002.58;352.4317
20000.41,0.58,20002.6;352.3916
20000.4,0.58,20002.62;352.3401
20000.4,0.58,20002.64;352.2942
20000.4,0.58,20002.66;352.2541
20000.4,0.58,20002.68;352.2025
20000.39,0.58,20002.71;352.151
20000.39,0.58,20002.72;352.0994
20000.39,0.58,20002.74;352.0593
20000.38,0.58,20002.77;352.002
20000.38,0.58,20002.79;351.9505
20000.38,0.58,20002.81;351.8989
20000.38,0.58,20002.83;351.8474
20000.37,0.58,20002.86;351.7958
20000.37,0.58,20002.88;351.7499
20000.37,0.58,20002.9;351.6984
20000.36,0.58,20002.93;351.6411
20000.36,0.58,20002.95;351.5952
20000.35,0.58,20002.97;351.538
20000.35,0.58,20003;351.4749
20000.35,0.58,20003.02;351.4234
20000.34,0.58,20003.05;351.3661
20000.34,0.58,20003.07;351.3088
20000.34,0.58,20003.09;351.2458
20000.33,0.58,20003.12;351.2
20000.33,0.58,20003.15;351.1426
20000.32,0.58,20003.17;351.0796
20000.32,0.58,20003.2;351.0281
20000.32,0.58,20003.22;350.9651
20000.31,0.58,20003.25;350.9077
20000.31,0.58,20003.28;350.8562
20000.3,0.58,20003.3;350.7874
20000.3,0.58,20003.33;350.7301
20000.29,0.58,20003.35;350.6729
20000.29,0.58,20003.38;350.6098
20000.29,0.58,20003.41;350.5526
20000.28,0.58,20003.44;350.4952
20000.28,0.58,20003.46;350.438
20000.27,0.58,20003.49;350.3749
20000.27,0.58,20003.52;350.3176
20000.26,0.58,20003.54;350.2432
20000.26,0.58,20003.57;350.1801
20000.25,0.58,20003.59;350.1228
20000.25,0.58,20003.62;350.0541
20000.24,0.58,20003.65;349.9911
20000.24,0.58,20003.68;349.9338
20000.23,0.58,20003.71;349.865
20000.23,0.58,20003.73;349.7906
20000.22,0.58,20003.76;349.7333
20000.22,0.58,20003.79;349.6645
20000.21,0.58,20003.82;349.5958
20000.21,0.58,20003.84;349.5385
20000.2,0.58,20003.87;349.4812
20000.2,0.58,20003.9;349.4124
20000.19,0.58,20003.93;349.3437
20000.19,0.58,20003.96;349.2864
20000.18,0.58,20003.98;349.2176
20000.18,0.58,20004.02;349.1489
20000.17,0.58,20004.04;349.0916
20000.17,0.58,20004.07;349.0171
20000.16,0.58,20004.1;348.9426
20000.15,0.58,20004.12;348.8739
20000.15,0.58,20004.15;348.8109
20000.14,0.58,20004.18;348.7421
20000.14,0.58,20004.21;348.6734
20000.13,0.58,20004.24;348.6161
20000.13,0.58,20004.27;348.5473
20000.12,0.58,20004.29;348.4786
20000.12,0.58,20004.32;348.4213
20000.11,0.58,20004.35;348.3468
20000.1,0.58,20004.38;348.278
20000.1,0.58,20004.4;348.215
20000.09,0.58,20004.42;348.1405
20000.09,0.58,20004.45;348.0661
20000.08,0.58,20004.48;347.9973
20000.08,0.58,20004.5;347.9457
20000.07,0.58,20004.53;347.877
20000.07,0.58,20004.55;347.8197
20000.06,0.58,20004.58;347.7567
20000.05,0.58,20004.61;347.6879
20000.05,0.58,20004.63;347.6306
20000.04,0.58,20004.66;347.5734
20000.04,0.58,20004.69;347.5103
20000.03,0.58,20004.71;347.4473
20000.03,0.58,20004.73;347.39
20000.02,0.58,20004.76;347.327
20000.02,0.58,20004.78;347.264
20000.01,0.58,20004.81;347.2124
20000,0.58,20004.83;347.1609
20000,0.58,20004.86;347.0978
19999.99,0.58,20004.88;347.0348
19999.99,0.58,20004.9;346.9775
19999.98,0.58,20004.92;346.9145
19999.98,0.58,20004.95;346.8515
19999.97,0.58,20004.96;346.7999
19999.97,0.58,20004.99;346.7426
19999.96,0.58,20005.01;346.6853
19999.96,0.58,20005.03;346.6338
19999.95,0.58,20005.05;346.5707
19999.95,0.58,20005.07;346.5077
19999.94,0.58,20005.09;346.4561
19999.94,0.58,20005.11;346.3989
19999.94,0.58,20005.13;346.3416
19999.93,0.58,20005.15;346.2957
19999.93,0.58,20005.16;346.2499
19999.92,0.58,20005.18;346.1869
19999.92,0.58,20005.2;346.1296
19999.91,0.58,20005.21;346.0838
19999.91,0.58,20005.23;346.0265
19999.9,0.58,20005.25;345.9749
19999.9,0.58,20005.27;345.9348
19999.89,0.58,20005.29;345.889
19999.89,0.58,20005.3;345.8374
19999.89,0.58,20005.32;345.803
19999.88,0.58,20005.34;345.7515
19999.88,0.58,20005.36;345.7056
19999.87,0.58,20005.38;345.6598
19999.87,0.58,20005.4;345.6254
19999.86,0.58,20005.42;345.5796
19999.86,0.58,20005.43;345.5395
19999.85,0.58,20005.46;345.5051
19999.85,0.58,20005.47;345.4593
19999.84,0.58,20005.49;345.4192
19999.84,0.58,20005.51;345.3791
19999.83,0.58,20005.53;345.339
19999.83,0.58,20005.55;345.3103
19999.82,0.58,20005.57;345.2759
19999.82,0.58,20005.59;345.2416
19999.81,0.58,20005.6;345.2072
19999.81,0.58,20005.62;345.1728
19999.81,0.58,20005.63;345.1385
19999.8,0.58,20005.64;345.1041
19999.8,0.58,20005.66;345.0754
19999.79,0.58,20005.67;345.041
19999.79,0.58,20005.69;345.0067
19999.79,0.58,20005.7;344.9723
19999.79,0.58,20005.71;344.9379
19999.78,0.58,20005.72;344.9093
19999.78,0.58,20005.73;344.8749
19999.78,0.58,20005.75;344.8463
19999.77,0.58,20005.76;344.8234
19999.77,0.58,20005.77;344.8004
19999.77,0.58,20005.78;344.7718
19999.76,0.58,20005.79;344.7489
19999.76,0.58,20005.8;344.726
19999.76,0.58,20005.8;344.6973
19999.76,0.58,20005.81;344.6687
19999.75,0.58,20005.82;344.6515
19999.75,0.58,20005.83;344.6286
19999.75,0.58,20005.84;344.5999
19999.75,0.58,20005.85;344.577
19999.74,0.58,20005.86;344.5541
19999.74,0.58,20005.87;344.5312
19999.74,0.58,20005.88;344.514
19999.74,0.58,20005.88;344.5025
19999.74,0.58,20005.89;344.4853
19999.73,0.58,20005.9;344.4681
19999.73,0.58,20005.91;344.451
19999.73,0.58,20005.91;344.4395
19999.73,0.58,20005.92;344.4223
19999.73,0.58,20005.93;344.4108
19999.72,0.58,20005.93;344.3994
19999.72,0.58,20005.94;344.3879
19999.72,0.58,20005.94;344.3765
19999.72,0.58,20005.95;344.365
19999.72,0.58,20005.95;344.3535
19999.72,0.58,20005.96;344.3421
19999.72,0.58,20005.96;344.3364
19999.71,0.58,20005.96;344.3306
19999.71,0.58,20005.97;344.3192
19999.71,0.58,20005.97;344.3077
19999.71,0.58,20005.97;344.2963
19999.71,0.58,20005.97;344.2905
19999.71,0.58,20005.98;344.2848
19999.71,0.58,20005.98;344.2791
19999.71,0.58,20005.98;344.2733
19999.71,0.58,20005.98;344.2676
19999.71,0.58,20005.98;344.2676
19999.71,0.58,20005.98;344.2619
19999.71,0.58,20005.98;344.2619
19999.71,0.58,20005.98;344.2561
19999.71,0.58,20005.98;344.2561
19999.71,0.58,20005.99;344.2504
19999.71,0.58,20005.99;344.2504
19999.71,0.58,20005.99;344.2447
19999.71,0.58,20005.99;344.2447
19999.71,0.58,20005.98;344.239
19999.71,0.58,20005.98;344.239
19999.71,0.58,20005.98;344.2504
19999.71,0.58,20005.98;344.2619
19999.71,0.58,20005.98;344.2676
19999.71,0.58,20005.98;344.2733
19999.71,0.58,20005.97;344.2848
19999.71,0.58,20005.97;344.2905
19999.71,0.58,20005.97;344.302
19999.71,0.58,20005.96;344.3134
19999.72,0.58,20005.96;344.3249
19999.72,0.58,20005.96;344.3364
19999.72,0.58,20005.95;344.3421
19999.72,0.58,20005.95;344.3535
19999.72,0.58,20005.94;344.3593
19999.72,0.58,20005.94;344.3707
19999.72,0.58,20005.94;344.3822
19999.72,0.58,20005.93;344.3994
19999.73,0.58,20005.92;344.4166
19999.73,0.58,20005.92;344.428
19999.73,0.58,20005.91;344.4395
19999.73,0.58,20005.9;344.4567
19999.73,0.58,20005.89;344.4738
19999.74,0.58,20005.89;344.4968
19999.74,0.58,20005.88;344.5139
19999.74,0.58,20005.87;344.5312
19999.74,0.58,20005.87;344.5483
19999.74,0.58,20005.86;344.5655
19999.75,0.58,20005.85;344.5827
19999.75,0.58,20005.84;344.6056
19999.75,0.58,20005.83;344.6343
19999.75,0.58,20005.82;344.6572
19999.76,0.58,20005.81;344.6801
19999.76,0.58,20005.8;344.6973
19999.76,0.58,20005.79;344.7202
19999.77,0.58,20005.78;344.7488
19999.77,0.58,20005.77;344.7775
19999.77,0.58,20005.76;344.8062
19999.78,0.58,20005.75;344.8405
19999.78,0.58,20005.74;344.8577
19999.78,0.58,20005.72;344.8864
19999.79,0.58,20005.71;344.9207
19999.79,0.58,20005.7;344.9494
19999.79,0.58,20005.69;344.9838
19999.79,0.58,20005.67;345.0181
19999.8,0.58,20005.66;345.0525
19999.8,0.58,20005.64;345.0754
19999.81,0.58,20005.63;345.1098
19999.81,0.58,20005.62;345.1442
19999.81,0.58,20005.6;345.1786
19999.82,0.58,20005.58;345.2129
19999.82,0.58,20005.56;345.2416
19999.83,0.58,20005.54;345.2702
19999.83,0.58,20005.53;345.3103
19999.84,0.58,20005.51;345.3562
19999.84,0.58,20005.5;345.3963
19999.85,0.58,20005.48;345.4364
19999.85,0.58,20005.46;345.4765
19999.85,0.58,20005.45;345.5166
19999.86,0.58,20005.43;345.5567
19999.86,0.58,20005.41;345.5968
19999.87,0.58,20005.4;345.6483
19999.87,0.58,20005.39;345.6884
19999.88,0.58,20005.37;345.7343
19999.88,0.58,20005.35;345.7744
19999.88,0.58,20005.33;345.8145
19999.89,0.58,20005.31;345.8603
19999.89,0.58,20005.29;345.9176
19999.9,0.58,20005.28;345.9577
19999.9,0.58,20005.26;345.9978
19999.91,0.58,20005.24;346.0437
19999.91,0.58,20005.22;346.0952
19999.92,0.58,20005.2;346.1353
19999.92,0.58,20005.17;346.1869
19999.93,0.58,20005.15;346.2385
19999.93,0.58,20005.13;346.2843
19999.94,0.58,20005.11;346.3358
19999.95,0.58,20005.09;346.3932
19999.95,0.58,20005.07;346.439
19999.96,0.58,20005.04;346.4963
19999.96,0.58,20005.02;346.5536
19999.96,0.58,20005;346.6051
19999.97,0.58,20004.97;346.6567
19999.98,0.58,20004.95;346.7025
19999.98,0.58,20004.93;346.7541
19999.99,0.58,20004.9;346.8057
19999.99,0.58,20004.88;346.8629
20000,0.58,20004.85;346.9145
20000.01,0.58,20004.82;346.9718
20000.01,0.58,20004.8;347.0348
20000.02,0.58,20004.78;347.0807
20000.02,0.58,20004.75;347.1437
20000.03,0.58,20004.72;347.201
20000.04,0.58,20004.7;347.2583
20000.04,0.58,20004.68;347.3156
20000.04,0.58,20004.65;347.3786
20000.05,0.58,20004.63;347.4359
20000.06,0.58,20004.6;347.4874
20000.06,0.58,20004.58;347.5504
20000.07,0.58,20004.55;347.6135
20000.07,0.58,20004.53;347.665
20000.08,0.58,20004.51;347.7338
20000.08,0.58,20004.48;347.8025
20000.09,0.58,20004.46;347.8655
20000.09,0.58,20004.44;347.9229
20000.1,0.58,20004.42;347.9859
20000.1,0.58,20004.4;348.0489
20000.11,0.58,20004.38;348.1062
20000.11,0.58,20004.35;348.1692
20000.12,0.58,20004.32;348.2379
20000.12,0.58,20004.3;348.2895
20000.13,0.58,20004.27;348.3