20000,0.5,20000;0
20000,0.5800976,20000;0
20000,0.5800976,20000;0
20000,0.5800976,20000;0
20000,0.5800976,20000;0
20000,0.5800976,20000;0
20000,0.5800976,20000;0
20000,0.5800976,20000;0
20000,0.5800976,20000;0
20000,0.5800976,20000;0
20000,0.5800976,20000;0
20000,0.5800976,20000;0
20000,0.5800976,20000;0
20000,0.5800976,20000;0
20000,0.5800976,20000;0.005729198
20000,0.5800976,20000;0.005729198
20000,0.5800976,20000;0.005729198
20000,0.5800976,20000;0.005729198
20000,0.5800976,20000;0.005729198
20000,0.5800976,20000;0.005729198
20000,0.5800976,20000;0.005729198
20000,0.5800976,20000;0.005729198
20000,0.5800976,20000;0.005729198
20000,0.5800976,20000;0.005729198
20000,0.5800976,20000;0.005729198
20000,0.5800976,20000;0.005729198
20000,0.5800976,20000;0.005729198
20000,0.5800976,20000;0.005729198
20000,0.5800976,20000;0.005729198
20000,0.5800976,20000;0.005729198
20000,0.5800976,20000;0.005729198
20000,0.5800976,20000;0.005729198
20000,0.5800976,20000;0.005729198
20000,0.5800976,20000;0.005729198
20000,0.5800976,20000;0.005729198
20000,0.5800976,20000;0.005729198
20000,0.5800976,20000;0.0114584
20000,0.5800976,20000;0.0114584
20000,0.5800976,20002;0.0114584
20000,0.5800976,20004;0.0114584
20000,0.5800976,20006;0.0114584
20000,0.5800976,20008;0.0114584
20000,0.5800976,20010;0.0114584
20000,0.5800976,20012;0.0114584
20000,0.5800976,20014;0.0114584
20000,0.5800976,20016;0.0114584
20000,0.5800976,20018;0.01718759
20000,0.5800976,20020;0.01718759
20000,0.5800976,20022;0.01718759
20000,0.5800976,20024;0.01718759
20000,0.5800976,20026;0.01718759
20000,0.5800976,20028;0.01718759
20000,0.5800976,20030;0.01718759
20000,0.5800976,20032;0.01718759
20000,0.5800976,20034;0.01718759
20000,0.5800976,20034;0.01718759
20000,0.5800976,20034;0.01718759
20000,0.5800976,20034;0.01718759
20000,0.5800976,20034;0.01718759
20000,0.5800976,20034;0.01718759
20000,0.5800976,20034;0.01718759
20000,0.5800976,20034;0.02291679
20000,0.5800976,20034;0.02291679
20000,0.5800976,20034;0.02291679
20000,0.5800976,20034;0.02291679
20000,0.5800976,20034;0.02291679
20000,0.5800976,20034;0.02291679
20000,0.5800976,20034;0.02291679
20000,0.5800976,20034;0.02864599
20000,0.5800976,20034;0.02864599
20000,0.5800976,20034;0.02864599
20000,0.5800976,20034;0.02864599
20000,0.5800976,20034;0.02864599
20000,0.5800976,20034;0.02864599
20000,0.5800976,20034;0.02864599
20000,0.5800976,20034;0.02864599
20000,0.5800976,20034;0.02864599
20000,0.5800976,20034;0.02864599
20000,0.5800976,20034;0.02864599
20000,0.5800976,20034;0.02864599
20000,0.5800976,20034;0.02864599
20000,0.5800976,20034;0.02864599
20000,0.5800976,20034;0.02864599
20000,0.5800976,20034;0.02864599
20000,0.5800976,20034;0.02864599
20000,0.5800976,20034;0.02864599
20000,0.5800976,20034;0.02864599
20000,0.5800976,20034;0.02864599
20000,0.5800976,20034;0.02864599
20000,0.5800976,20034;0.02864599
20000,0.5800976,20034;0.02864599
20000,0.5800976,20034;0.02864599
20000,0.5800976,20034;0.02864599
20000,0.5800976,20034;0.02864599
20000,0.5800976,20034;0.02864599
20000,0.5800976,20034;0.02864599
20000,0.5800976,20034;0.02864599
20000,0.5800976,20034;0.02864599
20000,0.5800976,20034;0.02864599
20000,0.5800976,20034;0.02864599
20000,0.5800976,20034;0.02864599
20000,0.5800976,20034;0.02864599
20000,0.5800976,20034;0.02864599
20000,0.5800976,20034;0.02864599
20000,0.5800976,20034;0.02864599
20000,0.5800976,20034;0.02864599
20000,0.5800976,20034;0.02864599
20000,0.5800976,20034;0.02864599
20000,0.5800976,20034;0.02864599
20000,0.5800976,20034;0.02864599
20000,0.5800976,20034;0.02864599
20000,0.5800976,20034;0.02864599
20000,0.5800976,20034;0.02864599
20000,0.5800976,20036;0.02864599
20000,0.5800976,20038;0.02864599
20000,0.5800976,20040;0.02864599
20000,0.5800976,20042;0.02864599
20000,0.5800976,20044;0.02864599
20000,0.5800976,20045.72;0.02864599
20000,0.5800976,20045.72;0.02864599
20000,0.5800976,20045.72;0.02864599
20000,0.5800976,20045.72;0.02864599
20000,0.5800976,20045.72;0.02864599
20000,0.5800976,20045.72;0.02864599
20000,0.5800976,20045.72;0.02864599
20000,0.5800976,20045.72;0.02864599
20000,0.5800976,20045.72;0.02864599
20000,0.5800976,20045.72;0.03437519
20000,0.5800976,20045.72;0.03437519
20000,0.5800976,20045.72;0.03437519
20000,0.5800976,20045.72;0.03437519
20000,0.5800976,20045.72;0.03437519
20000,0.5800976,20045.72;0.03437519
20000,0.5800976,20045.72;0.03437519
20000,0.5800976,20045.72;0.03437519
20000,0.5800976,20045.72;0.03437519
20000,0.5800976,20045.72;0.03437519
20000,0.5800976,20045.72;0.03437519
20000,0.5800976,20045.72;0.03437519
20000,0.5800976,20045.72;0.03437519
20000,0.5800976,20045.72;0.03437519
20000,0.5800976,20045.72;0.03437519
20000,0.5800976,20045.72;0.03437519
20000,0.5800976,20045.72;0.03437519
20000,0.5800976,20045.72;0.03437519
20000,0.5800976,20045.72;0.03437519
20000,0.5800976,20045.72;0.03437519
20000,0.5800976,20045.72;0.03437519
20000,0.5800976,20045.72;0.03437519
20000,0.5800976,20045.72;0.03437519
20000,0.5800976,20045.72;0.03437519
20000,0.5800976,20045.72;0.03437519
20000,0.5800976,20045.72;0.03437519
20000,0.5800976,20045.72;0.03437519
20000,0.5800976,20045.72;0.03437519
20000,0.5800976,20045.72;0.03437519
20000,0.5800976,20045.72;0.03437519
20000,0.5800976,20045.72;0.03437519
20000,0.5800976,20045.72;0.03437519
20000,0.5800976,20045.72;0.03437519
20000,0.5800976,20045.72;0.03437519
20000,0.5800976,20045.72;0.03437519
20000,0.5800976,20045.72;0.03437519
20000,0.5800976,20045.72;0.03437519
20000,0.5800976,20045.72;0.03437519
20000,0.5800976,20045.72;0.03437519
20000,0.5800976,20045.72;0.03437519
20000,0.5800976,20045.72;0.03437519
20000,0.5800976,20045.72;0.03437519
20000,0.5800976,20045.72;0.03437519
20000,0.5800976,20045.72;0.03437519
20000,0.5800976,20045.72;0.03437519
20000,0.5800976,20045.72;0.04010438
20000,0.5800976,20045.72;0.04010438
20000,0.5800976,20045.72;0.04010438
20000,0.5800976,20045.72;0.04010438
20000,0.5800976,20045.72;0.04010438
20000,0.5800976,20045.72;0.04010438
20000,0.5800976,20045.72;0.04010438
20000,0.5800976,20045.72;0.04010438
20000,0.5800976,20045.72;0.04010438
20000,0.5800976,20045.71;0.04010438
20000,0.5800976,20045.71;0.04010438
20000,0.5800976,20045.71;0.04010438
20000,0.5800976,20045.71;0.04010438
20000,0.5800976,20045.71;0.04010438
20000,0.5800976,20045.71;0.04010438
20000,0.5800976,20045.71;0.04010438
20000,0.5800976,20045.71;0.04010438
20000,0.5800976,20045.71;0.04010438
20000,0.5800976,20045.72;0.04010438
20000,0.5800976,20045.72;0.04010438
20000,0.5800976,20045.72;0.04010438
20000,0.5800976,20045.72;0.04010438
20000,0.5800976,20045.72;0.04010438
20000,0.5800976,20045.72;0.04010438
20000,0.5800976,20045.72;0.04010438
20000,0.5800976,20045.72;0.04010438
20000,0.5800976,20045.72;0.04010438
20000,0.5800976,20045.72;0.04010438
20000,0.5800976,20045.72;0.04010438
20000,0.5800976,20045.72;0.04010438
20000,0.5800976,20045.72;0.04010438
20000,0.5800976,20045.72;0.04010438
20000,0.5800976,20045.72;0.04010438
20000,0.5800976,20045.72;0.04010438
20000,0.5800976,20045.72;0.04010438
20000,0.5800976,20045.72;0.04010438
20000,0.5800976,20045.72;0.04010438
20000,0.5800976,20045.72;0.04010438
20000,0.5800976,20045.72;0.04010438
20000,0.5800976,20045.72;0.04010438
20000,0.5800976,20045.71;0.04010438
20000,0.5800976,20045.71;0.04010438
20000,0.5800976,20045.71;0.04010438
20000,0.5800976,20045.71;0.04010438
20000,0.5800976,20045.71;0.04010438
20000,0.5800976,20045.71;0.04010438
20000,0.5800976,20045.71;0.04010438
20000,0.5800976,20045.71;0.04010438
20000,0.5800976,20045.71;0.04010438
20000,0.5800976,20045.71;0.04010438
20000,0.5800976,20045.71;0.04010438
20000,0.5800976,20045.71;0.04010438
20000,0.5800976,20045.71;0.04010438
20000,0.5800976,20045.71;0.04010438
20000,0.5800976,20045.71;0.04010438
20000,0.5800976,20045.71;0.04010438
20000,0.5800976,20045.71;0.04010438
20000,0.5800976,20045.71;0.04010438
20000,0.5800976,20045.71;0.04010438
20000,0.5800976,20045.71;0.04010438
20000,0.5800976,20045.71;0.04010438
20000,0.5800976,20045.71;0.04010438
20000,0.5800976,20045.71;0.04010438
20000,0.5800976,20045.71;0.04010438
20000,0.5800976,20045.71;0.04010438
20000,0.5800976,20045.71;0.04010438
20000,0.5800976,20045.71;0.04010438
20000,0.5800976,20045.71;0.04010438
20000,0.5800976,20045.71;0.04010438
20000,0.5800976,20045.71;0.04010438
20000,0.5800976,20045.71;0.04010438
20000,0.5800976,20045.71;0.04010438
20000,0.5800976,20045.71;0.04010438
20000,0.5800976,20045.71;0.04010438
20000,0.5800976,20045.71;0.04010438
20000,0.5800976,20045.71;0.04010438
20000,0.5800976,20045.71;0.04010438
20000,0.5800976,20045.71;0.04010438
20000,0.5800976,20045.71;0.04010438
20000,0.5800976,20045.71;0.04010438
20000,0.5800976,20045.71;0.04010438
20000,0.5800976,20045.71;0.04010438
20000,0.5800976,20045.71;0.04010438
20000,0.5800976,20045.71;0.04010438
20000,0.5800976,20045.71;0.04010438
20000,0.5800976,20045.71;0.04010438
20000,0.5800976,20045.71;0.04010438
20000,0.5800976,20045.71;0.04010438
20000,0.5800976,20045.71;0.04010438
20000,0.5800976,20045.71;0.04010438
20000,0.5800976,20045.71;0.04010438
20000,0.5800976,20045.71;0.04010438
20000,0.5800976,20045.71;0.04010438
20000,0.5800976,20045.71;0.04010438
20000,0.5800976,20045.71;0.04010438
20000,0.5800976,20045.71;0.04010438
20000,0.5800976,20045.71;0.04010438
20000,0.5800976,20045.71;0.04010438
20000,0.5800976,20045.71;0.04010438
20000,0.5800976,20045.71;0.04010438
20000,0.5800976,20045.71;0.04010438
20000,0.5800976,20045.71;0.04010438
20000,0.5800976,20045.71;0.04010438
20000,0.5800976,20045.71;0.04010438
20000,0.5800976,20045.72;0.03437519
20000,0.5800976,20045.72;0.03437519
20000,0.5800976,20045.72;0.03437519
20000,0.5800976,20045.72;0.03437519
20000,0.5800976,20045.72;0.03437519
20000,0.5800976,20045.72;0.03437519
20000,0.5800976,20045.72;0.03437519
20000,0.5800976,20045.72;0.03437519
20000,0.5800976,20045.72;0.03437519
20000,0.5800976,20045.72;0.03437519
20000,0.5800976,20045.72;0.03437519
20000,0.5800976,20045.72;0.03437519
20000,0.5800976,20045.72;0.03437519
20000,0.5800976,20045.72;0.02864599
20000,0.5800976,20045.72;0.02864599
20000,0.5800976,20045.72;0.02864599
20000,0.5800976,20045.72;0.02864599
20000,0.5800976,20045.72;0.02864599
20000,0.5800976,20045.72;0.02864599
20000,0.5800976,20045.72;0.02864599
20000,0.5800976,20045.72;0.02864599
20000,0.5800976,20045.72;0.02864599
20000,0.5800976,20045.72;0.02864599
20000,0.5800976,20045.72;0.02864599
20000,0.5800976,20045.72;0.02864599
20000,0.5800976,20045.72;0.02864599
20000,0.5800976,20045.72;0.02864599
20000,0.5800976,20045.72;0.02864599
20000,0.5800976,20045.72;0.02864599
20000,0.5800976,20045.72;0.02864599
20000,0.5800976,20045.72;0.02291679
20000,0.5800976,20045.72;0.02291679
20000,0.5800976,20045.72;0.02291679
20000,0.5800976,20045.72;0.02291679
20000,0.5800976,20045.72;0.02291679
20000,0.5800976,20045.72;0.02291679
20000,0.5800976,20045.72;0.02291679
20000,0.5800976,20045.72;0.02291679
20000,0.5800976,20045.72;0.02291679
20000,0.5800976,20045.72;0.02291679
20000,0.5800976,20045.72;0.02291679
20000,0.5800976,20045.72;0.02291679
20000,0.5800976,20045.72;0.02291679
20000,0.5800976,20045.72;0.02291679
20000,0.5800976,20045.72;0.02291679
20000,0.5800976,20045.72;0.02291679
20000,0.5800976,20045.72;0.02291679
20000,0.5800976,20045.72;0.02291679
20000,0.5800976,20045.72;0.02291679
20000,0.5800976,20045.72;0.02291679
20000,0.5800976,20045.72;0.02291679
20000,0.5800976,20045.72;0.02291679
20000,0.5800976,20045.72;0.02291679
20000,0.5800976,20045.72;0.02291679
20000,0.5800976,20045.72;0.02291679
20000,0.5800976,20045.72;0.02291679
20000,0.5800976,20045.72;0.02291679
20000,0.5800976,20045.72;0.02291679
20000,0.5800976,20045.72;0.02291679
20000,0.5800976,20045.72;0.02291679
20000,0.5800976,20045.72;0.02291679
20000,0.5800976,20045.72;0.02291679
20000,0.5800976,20045.72;0.02291679
20000,0.5800976,20045.72;0.02291679
20000,0.5800976,20045.72;0.02291679
20000,0.5800976,20045.72;0.02291679
20000,0.5800976,20045.72;0.02291679
20000,0.5800976,20045.72;0.02291679
20000,0.5800976,20045.72;0.02291679
20000,0.5800976,20045.72;0.02291679
20000,0.5800976,20045.72;0.02291679
20000,0.5800976,20045.72;0.01718759
20000,0.5800976,20045.72;0.01718759
20000,0.5800976,20045.72;0.01718759
20000,0.5800976,20045.72;0.01718759
20000,0.5800976,20045.72;0.01718759
20000,0.5800976,20045.72;0.01718759
20000,0.5800976,20045.72;0.01718759
20000,0.5800976,20045.72;0.01718759
20000,0.5800976,20045.72;0.01718759
20000,0.5800976,20045.72;0.01718759
20000,0.5800976,20045.72;0.01718759
20000,0.5800976,20045.72;0.01718759
20000,0.5800976,20045.72;0.01718759
20000,0.5800976,20045.72;0.01718759
20000,0.5800976,20045.72;0.01718759
20000,0.5800976,20045.72;0.0114584
20000,0.5800976,20045.72;0.0114584
20000,0.5800976,20045.72;0.0114584
20000,0.5800976,20045.72;0.0114584
20000,0.5800976,20045.72;0.0114584
20000,0.5800976,20045.71;0.005729198
20000,0.5800976,20045.71;0.005729198
20000,0.5800976,20045.71;0.005729198
20000,0.5800976,20045.71;0.005729198
20000,0.5800976,20045.71;0.005729198
20000,0.5800976,20045.71;0.005729198
20000,0.5800976,20045.71;0.005729198
20000,0.5800976,20045.71;0.005729198
20000,0.5800976,20045.71;0.005729198
20000,0.5800976,20045.71;0.005729198
20000,0.5800976,20045.71;0.005729198
20000,0.5800976,20045.71;0.005729198
20000,0.5800976,20045.71;0.005729198
20000,0.5800976,20045.71;0.005729198
20000,0.5800976,20045.71;0.005729198
20000,0.5800976,20045.71;0.005729198
20000,0.5800976,20045.71;0.005729198
20000,0.5800976,20045.71;0.005729198
20000,0.5800976,20045.71;0.005729198
20000,0.5800976,20045.71;0.005729198
20000,0.5800976,20045.71;0.005729198
20000,0.5800976,20045.71;0.005729198
20000,0.5800976,20045.71;0.005729198
20000,0.5800976,20045.71;0.005729198
20000,0.5800976,20045.71;0.005729198
20000,0.5800976,20045.71;0.005729198
20000,0.5800976,20045.71;0.005729198
20000,0.5800976,20045.71;0.005729198
20000,0.5800976,20045.71;0.005729198
20000,0.5800976,20045.71;0.005729198
20000,0.5800976,20045.71;0.005729198
20000,0.5800976,20045.71;0.005729198
20000,0.5800976,20045.71;0.005729198
20000,0.5800976,20045.71;0.005729198
20000,0.5800976,20045.71;0.005729198
20000,0.5800976,20045.71;0.005729198
20000,0.5800976,20045.71;0.005729198
20000,0.5800976,20045.71;0.005729198
20000,0.5800976,20045.71;0.005729198
20000,0.5800976,20045.71;0.005729198
20000,0.5800976,20045.71;0.005729198
20000,0.5800976,20045.71;0.005729198
20000,0.5800976,20045.71;0.005729198
20000,0.5800976,20045.71;0.005729198
20000,0.5800976,20045.71;0.005729198
20000,0.5800976,20045.71;0.005729198
20000,0.5800976,20045.71;0.005729198
20000,0.5800976,20045.71;0.005729198
20000,0.5800976,20045.71;0.005729198
20000,0.5800976,20045.71;0.005729198
20000,0.5800976,20045.71;0
20000,0.5800976,20045.71;0
20000,0.5800976,20045.71;0
20000,0.5800976,20045.71;0
20000,0.5800976,20045.71;0.005729198
20000,0.5800976,20045.71;0.005729198
20000,0.5800976,20045.71;0.005729198
20000,0.5800976,20045.71;0.005729198
20000,0.5800976,20045.71;0.005729198
20000,0.5800976,20045.71;0.005729198
20000,0.5800976,20045.71;0.005729198
20000,0.5800976,20045.71;0.005729198
20000,0.5800976,20045.71;0.005729198
20000,0.5800976,20045.71;0.0114584
20000,0.5800976,20045.71;0.0114584
20000,0.5800976,20045.71;0.0114584
20000,0.5800976,20045.71;0.01718759
20000,0.5800976,20045.71;0.01718759
20000,0.5800976,20045.71;0.01718759
20000,0.5800976,20045.71;0.01718759
20000,0.5800976,20045.71;0.01718759
20000,0.5800976,20045.71;0.01718759
20000,0.5800976,20045.71;0.01718759
20000,0.5800976,20045.71;0.01718759
20000,0.5800976,20045.71;0.01718759
20000,0.5800976,20045.71;0.01718759
20000,0.5800976,20045.71;0.01718759
20000,0.5800976,20045.71;0.01718759
20000,0.5800976,20045.71;0.01718759
20000,0.5800976,20045.71;0.01718759
20000,0.5800976,20045.71;0.01718759
20000,0.5800976,20045.71;0.01718759
20000,0.5800976,20045.71;0.01718759
20000,0.5800976,20045.71;0.01718759
20000,0.5800976,20045.71;0.01718759
20000,0.5800976,20045.71;0.01718759
20000,0.5800976,20045.71;0.01718759
20000,0.5800976,20045.71;0.01718759
20000,0.5800976,20045.71;0.01718759
20000,0.5800976,20045.71;0.01718759
20000,0.5800976,20045.71;0.01718759
20000,0.5800976,20045.71;0.01718759
20000,0.5800976,20045.71;0.01718759
20000,0.5800976,20045.71;0.01718759
20000,0.5800976,20045.71;0.01718759
20000,0.5800976,20045.71;0.01718759
20000,0.5800976,20045.71;0.01718759
20000,0.5800976,20045.71;0.01718759
20000,0.5800976,20045.71;0.01718759
20000,0.5800976,20045.71;0.01718759
20000,0.5800976,20045.71;0.01718759
20000,0.5800976,20045.71;0.01718759
20000,0.5800976,20045.71;0.01718759
20000,0.5800976,20045.71;0.01718759
20000,0.5800976,20045.71;0.01718759
20000,0.5800976,20045.71;0.01718759
20000,0.5800976,20045.71;0.01718759
20000,0.5800976,20045.71;0.01718759
20000,0.5800976,20045.71;0.01718759
20000,0.5800976,20045.71;0.01718759
20000,0.5800976,20045.71;0.01718759
20000,0.5800976,20045.71;0.01718759
20000,0.5800976,20045.71;0.01718759
20000,0.5800976,20045.71;0.01718759
20000,0.5800976,20045.71;0.01718759
20000,0.5800976,20045.71;0.01718759
20000,0.5800976,20045.71;0.01718759
20000,0.5800976,20045.71;0.01718759
20000,0.5800976,20045.71;0.01718759
20000,0.5800976,20045.71;0.01718759
20000,0.5800976,20045.71;0.01718759
20000,0.5800976,20045.71;0.01718759
20000,0.5800976,20045.71;0.01718759
20000,0.5800976,20045.71;0.01718759
20000,0.5800976,20045.71;0.01718759
20000,0.5800976,20045.71;0.01718759
20000,0.5800976,20045.71;0.01718759
20000,0.5800976,20045.71;0.01718759
20000,0.5800976,20045.71;0.01718759
20000,0.5800976,20045.71;0.01718759
20000,0.5800976,20045.71;0.02291679
20000,0.5800976,20045.71;0.02291679
20000,0.5800976,20045.71;0.02291679
20000,0.5800976,20045.71;0.02291679
20000,0.5800976,20045.71;0.02291679
20000,0.5800976,20045.71;0.02291679
20000,0.5800976,20045.71;0.02291679
20000,0.5800976,20045.71;0.02291679
20000,0.5800976,20045.71;0.02291679
20000,0.5800976,20045.71;0.02291679
20000,0.5800976,20045.71;0.02291679
20000,0.5800976,20045.71;0.02291679
20000,0.5800976,20045.71;0.02291679
20000,0.5800976,20045.71;0.02291679
20000,0.5800976,20045.71;0.02291679
20000,0.5800976,20045.71;0.02291679
20000,0.5800976,20045.71;0.02291679
20000,0.5800976,20045.71;0.02291679
20000,0.5800976,20045.71;0.02291679
20000,0.5800976,20045.71;0.02291679
20000,0.5800976,20045.71;0.02291679
20000,0.5800976,20045.71;0.02291679
20000,0.5800976,20045.71;0.02291679
20000,0.5800976,20045.71;0.02291679
20000,0.5800976,20045.71;0.02291679
20000,0.5800976,20045.71;0.02291679
20000,0.5800976,20045.71;0.02291679
20000,0.5800976,20045.71;0.02291679
20000,0.5800976,20045.71;0.02291679
20000,0.5800976,20045.71;0.02291679
20000,0.5800976,20045.71;0.02291679
20000,0.5800976,20045.71;0.02291679
20000,0.5800976,20045.71;0.02291679
20000,0.5800976,20045.71;0.02291679
20000,0.5800976,20045.71;0.02291679
20000,0.5800976,20045.71;0.02291679
20000,0.5800976,20045.71;0.02291679
20000,0.5800976,20045.71;0.02291679
20000,0.5800976,20045.71;0.02291679
20000,0.5800976,20045.71;0.01718759
20000,0.5800976,20045.71;0.01718759
20000,0.5800976,20045.71;0.01718759
20000,0.5800976,20045.71;0.01718759
20000,0.5800976,20045.71;0.01718759
20000,0.5800976,20045.71;0.02291679
20000,0.5800976,20045.71;0.02291679
20000,0.5800976,20045.71;0.02291679
20000,0.5800976,20045.71;0.02291679
20000,0.5800976,20045.71;0.02291679
20000,0.5800976,20045.71;0.02291679
20000,0.5800976,20045.71;0.02291679
20000,0.5800976,20045.71;0.02864599
20000,0.5800976,20045.71;0.02864599
20000,0.5800976,20045.71;0.02864599
20000,0.5800976,20045.71;0.03437519
20000,0.5800976,20045.71;0.03437519
20000,0.5800976,20045.71;0.03437519
20000,0.5800976,20045.71;0.03437519
20000,0.5800976,20045.71;0.03437519
20000,0.5800976,20045.71;0.03437519
20000,0.5800976,20045.71;0.03437519
20000,0.5800976,20045.71;0.03437519
20000,0.5800976,20045.71;0.03437519
20000,0.5800976,20045.71;0.03437519
20000,0.5800976,20045.71;0.04010438
20000,0.5800976,20045.71;0.04583358
20000,0.5800976,20045.71;0.04583358
20000,0.5800976,20045.71;0.04583358
20000,0.5800976,20045.71;0.04583358
20000,0.5800976,20045.71;0.04583358
20000,0.5800976,20045.71;0.04583358
20000,0.5800976,20045.71;0.04583358
20000,0.5800976,20045.71;0.04583358
20000,0.5800976,20045.71;0.04583358
20000,0.5800976,20045.71;0.04583358
20000,0.5800976,20045.71;0.04583358
20000,0.5800976,20045.71;0.04583358
20000,0.5800976,20045.71;0.04583358
20000,0.5800976,20045.71;0.04583358
20000,0.5800976,20045.71;0.04583358
20000,0.5800976,20045.72;0.05156277
20000,0.5800976,20045.72;0.05156277
20000,0.5800976,20045.72;0.05156277
20000,0.5800976,20045.72;0.05156277
20000,0.5800976,20045.72;0.05156277
20000,0.5800976,20045.72;0.05156277
20000,0.5800976,20045.72;0.05156277
20000,0.5800976,20045.72;0.05156277
20000,0.5800976,20045.72;0.05156277
20000,0.5800976,20045.72;0.05156277
20000,0.5800976,20045.72;0.05156277
20000,0.5800976,20045.72;0.05156277
20000,0.5800976,20045.72;0.05156277
19998,0.5800976,20045.72;0.05156277
19996,0.5800976,20045.72;0.05156277
19994,0.5800976,20045.72;0.05156277
19992,0.5800976,20045.72;0.05156277
19990,0.5800976,20045.72;0.05156277
19988,0.5800976,20045.72;0.05156277
19988,0.5800976,20045.72;0.05156277
19988,0.5800976,20045.72;0.05156277
19988,0.5800976,20045.72;0.04583358
19988,0.5800976,20045.72;0.04583358
19988,0.5800976,20045.72;0.04583358
19988,0.5800976,20045.72;0.04583358
19988,0.5800976,20045.72;0.04583358
19988,0.5800976,20045.72;0.04583358
19988,0.5800976,20045.72;0.04583358
19988,0.5800976,20045.72;0.04583358
19988,0.5800976,20045.72;0.04583358
19988,0.5800976,20045.72;0.04010438
19988,0.5800976,20045.72;0.03437519
19988,0.5800976,20045.72;0.03437519
19988,0.5800976,20045.72;0.03437519
19988,0.5800976,20045.72;0.03437519
19988,0.5800976,20045.72;0.03437519
19988,0.5800976,20045.72;0.03437519
19988,0.5800976,20045.72;0.02864599
19988,0.5800976,20045.72;0.02864599
19988,0.5800976,20045.72;0.02864599
19988,0.5800976,20045.72;0.02864599
19988,0.5800976,20045.72;0.02864599
19988,0.5800976,20045.72;0.02864599
19988,0.5800976,20045.72;0.02864599
19988,0.5800976,20045.72;0.02291679
19988,0.5800976,20045.72;0.02291679
19988,0.5800976,20045.72;0.02291679
19988,0.5800976,20045.72;0.02291679
19988,0.5800976,20045.72;0.02291679
19988,0.5800976,20045.72;0.02291679
19988,0.5800976,20045.72;0.02291679
19988,0.5800976,20045.72;0.02291679
19988,0.5800976,20045.72;0.02291679
19988,0.5800976,20045.72;0.02291679
19988,0.5800976,20045.72;0.02291679
19988,0.5800976,20045.72;0.02291679
19988,0.5800976,20045.72;0.02291679
19988,0.5800976,20045.72;0.02291679
19988,0.5800976,20045.72;0.02291679
19988,0.5800976,20045.72;0.02291679
19988,0.5800976,20045.72;0.02291679
19988,0.5800976,20045.72;0.02291679
19988,0.5800976,20045.72;0.02291679
19988,0.5800976,20045.72;0.02291679
19988,0.5800976,20045.72;0.02291679
19988,0.5800976,20045.72;0.02291679
19988,0.5800976,20045.72;0.02291679
19988,0.5800976,20045.72;0.02291679
19988,0.5800976,20045.72;0.02291679
19988,0.5800976,20045.72;0.02291679
19988,0.5800976,20045.72;0.02291679
19988,0.5800976,20045.72;0.02291679
19988,0.5800976,20045.72;0.02291679
19988,0.5800976,20045.72;0.02291679
19988,0.5800976,20045.72;0.02291679
19988,0.5800976,20045.72;0.02291679
19988,0.5800976,20045.72;0.02291679
19988,0.5800976,20045.72;0.02291679
19988,0.5800976,20045.72;0.02291679
19988,0.5800976,20045.72;0.02291679
19988,0.5800976,20045.72;0.02291679
19988,0.5800976,20045.72;0.02291679
19988,0.5800976,20045.72;0.02291679
19988,0.5800976,20045.72;0.02291679
19988,0.5800976,20045.72;0.02291679
19988,0.5800976,20045.72;0.02291679
19988,0.5800976,20045.72;0.02291679
19988,0.5800976,20045.72;0.02291679
19988,0.5800976,20045.72;0.02291679
19988,0.5800976,20045.72;0.02291679
19988,0.5800976,20045.72;0.02291679
19988,0.5800976,20045.72;0.02291679
19988,0.5800976,20045.72;0.02291679
19988,0.5800976,20045.72;0.02291679
19988,0.5800976,20045.72;0.02291679
19988,0.5800976,20043.72;0.02291679
19988,0.5800976,20041.72;0.02291679
19988,0.5800976,20039.72;0.02291679
19988,0.5800976,20039.28;0.02291679
19988,0.5800976,20039.28;0.02291679
19988,0.5800976,20039.28;0.02291679
19988,0.5800976,20039.28;0.02291679
19988,0.5800976,20039.28;0.02291679
19988,0.5800976,20039.28;0.02291679
19988,0.5800976,20039.28;0.02291679
19988,0.5800976,20039.28;0.02291679
19988,0.5800976,20039.28;0.02291679
19988,0.5800976,20039.28;0.02291679
19988,0.5800976,20039.28;0.02291679
19988,0.5800976,20039.28;0.02291679
19988,0.5800976,20039.28;0.02291679
19988,0.5800976,20039.28;0.02291679
19988,0.5800976,20039.28;0.02291679
19988,0.5800976,20039.28;0.02291679
19988,0.5800976,20039.28;0.02291679
19988,0.5800976,20039.28;0.02291679
19988,0.5800976,20039.28;0.02291679
19988,0.5800976,20039.28;0.02291679
19988,0.5800976,20039.28;0.02291679
19988,0.5800976,20039.28;0.02291679
19988,0.5800976,20039.28;0.02291679
19988,0.5800976,20039.28;0.02291679
19988,0.5800976,20039.28;0.02291679
19988,0.5800976,20039.28;0.02291679
19988,0.5800976,20039.28;0.02291679
19988,0.5800976,20039.28;0.02291679
19988,0.5800976,20039.28;0.02291679
19988,0.5800976,20039.28;0.02291679
19988,0.5800976,20039.28;0.02291679
19988,0.5800976,20039.28;0.02291679
19988,0.5800976,20039.28;0.02291679
19988,0.5800976,20039.28;0.02291679
19988,0.5800976,20039.28;0.02291679
19988,0.5800976,20039.28;0.02291679
19988,0.5800976,20039.28;0.02291679
19988,0.5800976,20039.28;0.02291679
19988,0.5800976,20039.28;0.02291679
19988,0.5800976,20039.28;0.02291679
19988,0.5800976,20039.28;0.02291679
19988,0.5800976,20039.28;0.02291679
19988,0.5800976,20039.28;0.02291679
19988,0.5800976,20039.28;0.02291679
19988,0.5800976,20039.28;0.02291679
19988,0.5800976,20039.28;0.02291679
19990,0.5800976,20039.28;0.02291679
19992,0.5800976,20039.28;0.02291679
19994,0.5800976,20039.28;0.02291679
19996,0.5800976,20039.28;0.02291679
19998,0.5800976,20039.28;0.02291679
20000,0.5800976,20039.28;0.02291679
20000,0.5800976,20039.28;0.02291679
20000,0.5800976,20039.28;0.02291679
20000,0.5800976,20039.28;0.02291679
20000,0.5800976,20039.28;0.02291679
20000,0.5800976,20039.28;0.02291679
20000,0.5800976,20039.28;0.02291679
20000,0.5800976,20039.28;0.02291679
20000,0.5800976,20039.28;0.02291679
20000,0.5800976,20039.28;0.02291679
20000,0.5800976,20039.28;0.02291679
20000,0.5800976,20039.28;0.02291679
20000,0.5800976,20039.28;0.02291679
20000,0.5800976,20039.28;0.02291679
20000,0.5800976,20039.28;0.02291679
20000,0.5800976,20039.28;0.02291679
20000,0.5800976,20039.28;0.02291679
20000,0.5800976,20039.28;0.02291679
20000,0.5800976,20039.28;0.02291679
20000,0.5800976,20039.28;0.02291679
20000,0.5800976,20039.28;0.02291679
20000,0.5800976,20039.28;0.02291679
20000,0.5800976,20039.28;0.01718759
20000,0.5800976,20039.28;0.01718759
20000,0.5800976,20039.28;0.01718759
20000,0.5800976,20039.28;0.01718759
20000,0.5800976,20039.28;0.01718759
20000,0.5800976,20039.28;0.01718759
20000,0.5800976,20039.28;0.01718759
20000,0.5800976,20039.28;0.01718759
20000,0.5800976,20039.28;0.01718759
20000,0.5800976,20039.28;0.01718759
20000,0.5800976,20039.28;0.01718759
20000,0.5800976,20039.28;0.01718759
19998,0.5800976,20039.28;0.01718759
19996,0.5800976,20039.28;0.01718759
19994,0.5800976,20039.28;0.01718759
19992,0.5800976,20039.29;0.0114584
19990,0.5800976,20039.28;0.005729198
19988,0.5800976,20039.28;0.005729198
19988,0.5800976,20039.28;0.005729198
19988,0.5800976,20039.28;0.005729198
19988,0.5800976,20039.28;0.005729198
19988,0.5800976,20039.28;0.005729198
19988,0.5800976,20039.28;0.005729198
19988,0.5800976,20039.28;0.005729198
19988,0.5800976,20039.28;0.005729198
19988,0.5800976,20039.28;0.005729198
19988,0.5800976,20039.29;0
19988,0.5800976,20039.29;0
19988,0.5800976,20039.29;0
19988,0.5800976,20039.29;0
19988,0.5800976,20039.29;0
19988,0.5800976,20039.29;0
19988,0.5800976,20039.29;0
19988,0.5800976,20039.29;0
19988,0.5800976,20039.29;0
19988,0.5800976,20039.29;0
19988,0.5800976,20039.29;0
19988,0.5800976,20039.29;0
19988,0.5800976,20039.29;0
19988,0.5800976,20039.29;-0.005729198
19988,0.5800976,20039.29;-0.005729198
19988,0.5800976,20039.29;-0.005729198
19988,0.5800976,20039.29;-0.005729198
19988,0.5800976,20039.29;-0.005729198
19990,0.5800976,20039.29;-0.005729198
19992,0.5800976,20039.29;-0.005729198
19994,0.5800976,20039.29;-0.005729198
19996,0.5800976,20039.29;-0.005729198
19998,0.5800976,20039.29;-0.005729198
19998,0.5800976,20039.29;359.9886
19998,0.5800976,20039.29;359.9886
19998,0.5800976,20039.29;359.9886
19998,0.5800976,20039.29;359.9886
19998,0.5800976,20039.29;359.9886
19998,0.5800976,20039.29;359.9886
19998,0.5800976,20039.29;359.9828
19998,0.5800976,20039.29;359.9828
19998,0.5800976,20039.29;359.9828
19998,0.5800976,20039.29;359.9828
19998,0.5800976,20039.29;359.9828
19998,0.5800976,20039.29;359.9828
19998,0.5800976,20039.29;359.9828
19998,0.5800976,20039.29;359.9828
19998,0.5800976,20039.29;359.9828
19998,0.5800976,20039.29;359.9828
19998,0.5800976,20039.29;359.9771
19998,0.5800976,20039.29;359.9771
19998,0.5800976,20039.29;359.9771
19998,0.5800976,20039.29;359.9771
19998,0.5800976,20039.29;359.9771
19998,0.5800976,20039.29;359.9771
19998,0.5800976,20039.29;359.9771
19998,0.5800976,20039.29;359.9771
19998,0.5800976,20039.29;359.9771
19998,0.5800976,20039.29;359.9771
19998,0.5800976,20041.29;359.9771
19998,0.5800976,20043.29;359.9771
19998,0.5800976,20045.29;359.9713
19998,0.5800976,20045.29;359.9656
19998,0.5800976,20045.29;359.9656
19998,0.5800976,20045.29;359.9656
19998,0.5800976,20045.29;359.9656
19998,0.5800976,20045.29;359.9656
19998,0.5800976,20045.29;359.9599
19998,0.5800976,20045.29;359.9599
19998,0.5800976,20045.29;359.9599
19998,0.5800976,20045.29;359.9599
19998,0.5800976,20045.29;359.9599
19998,0.5800976,20045.29;359.9599
19998,0.5800976,20045.29;359.9599
19998,0.5800976,20045.29;359.9599
19998,0.5800976,20045.3;359.9542
19998,0.5800976,20045.3;359.9542
19998,0.5800976,20045.3;359.9542
19998,0.5800976,20045.3;359.9542
19998,0.5800976,20045.3;359.9542
19998,0.5800976,20045.3;359.9542
19998,0.5800976,20045.3;359.9542
19998,0.5800976,20045.3;359.9542
19998,0.5800976,20045.3;359.9542
19998,0.5800976,20045.3;359.9542
19998,0.5800976,20045.3;359.9542
19996,0.5800976,20045.3;359.9542
19994,0.5800976,20045.3;359.9542
19992,0.5800976,20045.3;359.9542
19990,0.5800976,20045.3;359.9542
19988,0.5800976,20045.3;359.9542
19988,0.5800976,20045.3;359.9542
19988,0.5800976,20045.3;359.9542
19988,0.5800976,20045.3;359.9542
19988,0.5800976,20045.3;359.9542
19988,0.5800976,20045.3;359.9542
19988,0.5800976,20045.3;359.9542
19988,0.5800976,20045.3;359.9542
19988,0.5800976,20045.3;359.9542
19988,0.5800976,20045.3;359.9542
19988,0.5800976,20045.3;359.9542
19988,0.5800976,20045.3;359.9484
19988,0.5800976,20045.3;359.9484
19988,0.5800976,20045.3;359.9484
19988,0.5800976,20045.3;359.9484
19988,0.5800976,20045.3;359.9484
19988,0.5800976,20045.3;359.9484
19988,0.5800976,20045.3;359.9484
19988,0.5800976,20043.3;359.9484
19988,0.5800976,20041.3;359.9484
19988,0.5800976,20039.3;359.9484
19988,0.5800976,20039.28;359.9484
19988,0.5800976,20039.28;359.9484
19988,0.5800976,20039.28;359.9484
19988,0.5800976,20039.28;359.9484
19988,0.5800976,20039.28;359.9484
19988,0.5800976,20039.28;359.9484
19988,0.5800976,20039.28;359.9484
19988,0.5800976,20039.28;359.9484
19988,0.5800976,20039.28;359.9484
19988,0.5800976,20039.28;359.9484
19988,0.5800976,20039.28;359.9484
19988,0.5800976,20039.28;359.9484
19988,0.5800976,20039.28;359.9484
19988,0.5800976,20039.28;359.9484
19988,0.5800976,20039.28;359.9484
19988,0.5800976,20039.28;359.9484
19988,0.5800976,20039.28;359.9484
19988,0.5800976,20039.28;359.9484
19988,0.5800976,20039.28;359.9484
19988,0.5800976,20039.28;359.9484
19988,0.5800976,20039.28;359.9484
19988,0.5800976,20039.28;359.9484
19988,0.5800976,20039.29;359.9484
19988,0.5800976,20039.29;359.9484
19988,0.5800976,20039.29;359.9484
19988,0.5800976,20039.29;359.9484
19988,0.5800976,20039.29;359.9484
19988,0.5800976,20039.29;359.9484
19988,0.5800976,20039.29;359.9484
19988,0.5800976,20039.29;359.9484
19988,0.5800976,20039.29;359.9484
19988,0.5800976,20039.29;359.9484
19988,0.5800976,20039.29;359.9484
19988,0.5800976,20039.29;359.9484
19988,0.5800976,20039.29;359.9484
19988,0.5800976,20039.29;359.9484
19988,0.5800976,20039.28;359.9484
19988,0.5800976,20039.28;359.9484
19988,0.5800976,20039.28;359.9484
19988,0.5800976,20039.28;359.9484
19986,0.5800976,20039.28;359.9484
19984.28,0.5800976,20039.28;359.9484
19984.28,0.5800976,20039.28;359.9484
19984.28,0.5800976,20039.28;359.9484
19984.28,0.5800976,20039.28;359.9484
19984.28,0.5800976,20039.28;359.9484
19984.28,0.5800976,20039.28;359.9484
19984.28,0.5800976,20039.28;359.9484
19984.28,0.5800976,20039.28;359.9484
19984.28,0.5800976,20039.28;359.9484
19984.28,0.5800976,20039.28;359.9484
19984.28,0.5800976,20039.28;359.9484
19984.28,0.5800976,20039.28;359.9484
19984.28,0.5800976,20039.28;359.9484
19984.28,0.5800976,20039.28;359.9484
19984.28,0.5800976,20039.28;359.9484
19984.28,0.5800976,20039.28;359.9484
19984.28,0.5800976,20039.28;359.9484
19984.28,0.5800976,20039.28;359.9484
19984.28,0.5800976,20039.28;359.9484
19984.28,0.5800976,20039.28;359.9484
19984.28,0.5800976,20039.28;359.9484
19984.28,0.5800976,20039.28;359.9484
19984.28,0.5800976,20039.28;359.9484
19984.28,0.5800976,20039.28;359.9484
19984.28,0.5800976,20039.28;359.9484
19984.28,0.5800976,20039.28;359.9484
19984.28,0.5800976,20039.28;359.9484
19984.28,0.5800976,20039.28;359.9484
19984.28,0.5800976,20041.28;359.9484
19984.28,0.5800976,20043.28;359.9484
19984.28,0.5800976,20045.28;359.9484
19984.28,0.5800976,20045.72;359.9484
19984.28,0.5800976,20045.72;359.9484
19984.28,0.5800976,20045.72;359.9484
19984.28,0.5800976,20045.72;359.9484
19984.28,0.5800976,20045.72;359.9484
19984.28,0.5800976,20045.72;359.9484
19984.28,0.5800976,20045.72;359.9484
19984.28,0.5800976,20045.72;359.9484
19984.28,0.5800976,20045.72;359.9484
19984.28,0.5800976,20045.72;359.9484
19984.28,0.5800976,20045.72;359.9484
19984.28,0.5800976,20045.72;359.9484
19984.28,0.5800976,20045.72;359.9484
19984.28,0.5800976,20045.72;359.9484
19984.28,0.5800976,20045.72;359.9484
19984.28,0.5800976,20045.72;359.9484
19984.28,0.5800976,20045.72;359.9484
19984.28,0.5800976,20045.72;359.9484
19984.28,0.5800976,20045.72;359.9484
19984.28,0.5800976,20045.72;359.9484
19984.28,0.5800976,20045.72;359.9484
19984.28,0.5800976,20045.72;359.9484
19984.28,0.5800976,20045.72;359.9484
19986.28,0.5800976,20045.72;359.9484
19988.28,0.5800976,20045.72;359.9484
19990.28,0.5800976,20045.72;359.9484
19992.28,0.5800976,20045.72;359.9484
19994.28,0.5800976,20045.72;359.9484
19996.28,0.5800976,20045.72;359.9484
19996.28,0.5800976,20045.72;359.9484
19996.28,0.5800976,20045.72;359.9484
19996.28,0.5800976,20045.72;359.9484
19996.28,0.5800976,20045.72;359.9484
19996.28,0.5800976,20045.72;359.9484
19996.28,0.5800976,20045.72;359.9484
19996.28,0.5800976,20045.72;359.9484
19996.28,0.5800976,20045.72;359.9484
19996.28,0.5800976,20045.72;359.9484
19996.28,0.5800976,20045.72;359.9484
19996.28,0.5800976,20045.72;359.9484
19996.28,0.5800976,20045.72;359.9484
19996.28,0.5800976,20045.72;359.9484
19996.28,0.5800976,20045.72;359.9484
19996.28,0.5800976,20045.72;359.9484
19996.28,0.5800976,20045.72;359.9484
19996.28,0.5800976,20045.72;359.9484
19996.28,0.5800976,20045.72;359.9484
19996.28,0.5800976,20043.72;359.9484
19996.28,0.5800976,20041.72;359.9484
19996.28,0.5800976,20039.72;359.9484
19996.49,0.5800829,20039.25;359.9484
19996.49,0.5800829,20037.77;359.9484
19996.49,0.5800829,20037.77;359.9484
19996.49,0.5800829,20037.77;359.9484
19996.49,0.5800829,20037.77;359.9484
19996.49,0.5800829,20037.77;359.9484
19996.49,0.5800829,20037.77;359.9484
19996.49,0.5800829,20037.77;359.9484
19996.49,0.5800829,20037.77;359.9484
19996.49,0.5800829,20037.77;359.9484
19996.49,0.5800829,20037.77;359.9484
19996.49,0.5800829,20037.77;359.9484
19996.49,0.5800829,20037.77;359.9484
19996.49,0.5800829,20037.77;359.9484
19996.49,0.5800829,20037.77;359.9484
19996.49,0.5800829,20037.77;359.9484
19996.49,0.5800829,20037.77;359.9484
19996.49,0.5800829,20037.77;359.9484
19996.49,0.5800829,20037.77;359.9484
19996.49,0.5800829,20037.77;359.9484
19996.49,0.5800829,20037.77;359.9484
19996.49,0.5800829,20037.77;359.9484
19996.49,0.5800829,20037.77;359.9484
19996.49,0.5800829,20037.77;359.9484
19996.49,0.5800829,20037.77;359.9484
19996.49,0.5800829,20037.77;359.9484
19996.49,0.5800829,20037.77;359.9484
19996.49,0.5800829,20037.77;359.9484
19996.49,0.5800829,20037.77;359.9484
19996.49,0.5800829,20037.77;359.9484
19996.49,0.5800829,20037.77;359.9484
19996.49,0.5800829,20037.78;359.9484
19998.49,0.5800829,20037.78;359.9484
20000.49,0.5800829,20037.78;359.9484
20002.49,0.5800829,20037.78;359.9484
20003.47,0.5800829,20037.78;359.9484
20003.47,0.5800829,20037.78;359.9484
20003.47,0.5800829,20037.78;359.9484
20003.47,0.5800829,20037.78;359.9484
20003.47,0.5800829,20037.78;359.9484
20003.47,0.5800829,20037.78;359.9484
20003.47,0.5800829,20037.78;359.9484
20003.47,0.5800829,20037.78;359.9484
20003.47,0.5800829,20037.78;359.9484
20003.47,0.5800829,20037.78;359.9484
20003.47,0.5800829,20037.78;359.9484
20003.47,0.5800829,20037.78;359.9484
20003.47,0.5800829,20037.78;359.9484
20003.47,0.5800829,20037.78;359.9484
20003.47,0.5800829,20037.78;359.9484
20003.47,0.5800829,20037.78;359.9484
20003.47,0.5800829,20037.78;359.9484
20003.47,0.5800829,20037.78;359.9484
20003.47,0.5800829,20037.78;359.9484
20003.47,0.5800829,20037.78;359.9484
20003.47,0.5800829,20037.78;359.9484
20003.47,0.5800829,20037.78;359.9484
20003.47,0.5800829,20037.78;359.9484
20003.47,0.5800829,20037.78;359.9427
20003.47,0.5800829,20037.78;359.9427
20003.47,0.5800829,20037.78;359.9427
20003.47,0.5800829,20037.78;359.9427
20003.47,0.5800829,20037.79;359.9427
20003.47,0.5800829,20037.79;359.9427
20003.47,0.5800829,20037.79;359.9427
20003.47,0.5800829,20037.79;359.9427
20003.47,0.5800829,20037.79;359.9427
20003.47,0.5800829,20037.79;359.9427
20003.47,0.5800829,20037.79;359.9427
20003.47,0.5800829,20037.79;359.9427
20003.47,0.5800829,20037.79;359.9427
20003.47,0.5800829,20037.79;359.9427
20003.47,0.5800829,20037.79;359.9427
20003.47,0.5800829,20037.79;359.937
20003.47,0.5800829,20037.79;359.937
20003.47,0.5800829,20037.79;359.9312
20003.47,0.5800829,20037.79;359.9312
20003.47,0.5800829,20037.79;359.9312
20003.47,0.5800829,20037.79;359.9312
20003.47,0.5800829,20037.79;359.9312
20003.47,0.5800829,20037.79;359.9312
20003.47,0.5800829,20037.79;359.9312
20003.47,0.5800829,20037.79;359.9312
20003.47,0.5800829,20037.79;359.9312
20003.47,0.5800829,20037.79;359.9312
20003.47,0.5800829,20037.79;359.9255
20003.47,0.5800829,20037.79;359.9255
20003.47,0.5800829,20037.79;359.9198
20003.47,0.5800829,20037.79;359.9198
20003.47,0.5800829,20037.79;359.9198
20003.47,0.5800829,20037.79;359.9141
20003.47,0.5800829,20037.79;359.9141
20003.47,0.5800829,20037.79;359.9141
20003.47,0.5800829,20037.79;359.9141
20003.47,0.5800829,20037.79;359.9141
20003.47,0.5800829,20037.79;359.9083
20003.47,0.5800829,20037.79;359.9083
20003.47,0.5800829,20037.79;359.9026
20003.47,0.5800829,20037.79;359.9026
20003.47,0.5800829,20037.79;359.9026
20003.47,0.5800829,20037.79;359.9026
20003.47,0.5800829,20037.79;359.8969
20003.47,0.5800829,20037.79;359.8969
20003.47,0.5800829,20037.79;359.8969
20003.47,0.5800829,20037.79;359.8911
20003.47,0.5800829,20037.79;359.8911
20003.47,0.5800829,20037.79;359.8911
20003.47,0.5800829,20037.79;359.8911
20003.47,0.5800829,20037.79;359.8911
20003.47,0.5800829,20037.79;359.8911
20003.47,0.5800829,20037.79;359.8911
20003.47,0.5800829,20037.79;359.8911
20003.47,0.5800829,20037.8;359.8854
20003.47,0.5800829,20037.8;359.8854
20003.47,0.5800829,20037.8;359.8854
20003.47,0.5800829,20037.8;359.8854
20003.47,0.5800829,20037.8;359.8854
20003.47,0.5800829,20037.8;359.8854
20003.47,0.5800829,20037.8;359.8854
20003.47,0.5800829,20037.8;359.8854
20003.47,0.5800829,20037.8;359.8854
20003.47,0.5800829,20037.8;359.8854
20003.47,0.5800829,20037.8;359.8854
20003.47,0.5800829,20037.8;359.8854
20003.47,0.5800829,20037.8;359.8854
20003.47,0.5800829,20037.8;359.8854
20003.47,0.5800829,20037.8;359.8854
20003.47,0.5800829,20037.8;359.8854
20003.47,0.5800829,20037.8;359.8854
20003.47,0.5800829,20037.8;359.8854
20003.47,0.5800829,20037.8;359.8854
20003.47,0.5800829,20037.8;359.8854
20003.47,0.5800829,20037.8;359.8854
20003.47,0.5800829,20037.8;359.8854
20003.47,0.5800829,20037.8;359.8854
20003.47,0.5800829,20037.8;359.8854
20003.47,0.5800829,20037.8;359.8854
20003.47,0.5800829,20037.8;359.8854
20003.47,0.5800829,20037.8;359.8854
20003.47,0.5800829,20037.8;359.8797
20003.47,0.5800829,20037.8;359.8797
20003.47,0.5800829,20037.8;359.8797
20003.47,0.5800829,20037.8;359.8797
20003.47,0.5800829,20037.8;359.8797
20003.47,0.5800829,20037.8;359.8797
20003.47,0.5800829,20037.8;359.8797
20003.47,0.5800829,20037.8;359.8797
20003.47,0.5800829,20037.8;359.8797
20003.47,0.5800829,20037.8;359.8797
20003.47,0.5800829,20037.8;359.8797
20003.47,0.5800829,20037.8;359.8797
20003.47,0.5800829,20037.8;359.8797
20003.47,0.5800829,20037.8;359.8797
20003.47,0.5800829,20037.8;359.8797
20003.47,0.5800829,20037.8;359.8797
20003.47,0.5800829,20037.8;359.8797
20003.47,0.5800829,20037.8;359.8854
20003.47,0.5800829,20037.8;359.8854
20003.47,0.5800829,20037.8;359.8854
20003.47,0.5800829,20037.8;359.8854
20003.47,0.5800829,20037.8;359.8854
20003.47,0.5800829,20037.8;359.8854
20003.47,0.5800829,20037.8;359.8854
20003.47,0.5800829,20037.8;359.8854
20003.47,0.5800829,20037.8;359.8854
20003.47,0.5800829,20037.8;359.8854
20003.47,0.5800829,20037.8;359.8854
20003.47,0.5800829,20037.8;359.8911
20003.47,0.5800829,20037.8;359.8911
20003.47,0.5800829,20037.8;359.8911
20003.47,0.5800829,20037.8;359.8911
20003.47,0.5800829,20037.81;359.8969
20003.47,0.5800829,20037.81;359.8969
20003.47,0.5800829,20037.81;359.8969
20003.47,0.5800829,20037.81;359.8969
20003.47,0.5800829,20037.81;359.8969
20003.47,0.5800829,20037.81;359.8969
20003.47,0.5800829,20037.81;359.8969
20003.47,0.5800829,20037.81;359.9026
20003.47,0.5800829,20037.81;359.9026
20003.47,0.5800829,20037.81;359.9026
20003.47,0.5800829,20037.81;359.8969
20003.47,0.5800829,20037.81;359.8969
20003.47,0.5800829,20037.81;359.8969
20003.47,0.5800829,20037.81;359.8969
20003.47,0.5800829,20037.81;359.8969
20003.47,0.5800829,20037.81;359.8969
20003.47,0.5800829,20037.81;359.8969
20003.47,0.5800829,20037.81;359.8969
20003.47,0.5800829,20037.81;359.8969
20003.47,0.5800829,20037.81;359.8969
20003.47,0.5800829,20037.81;359.8911
20003.47,0.5800829,20037.81;359.8911
20003.47,0.5800829,20037.81;359.8911
20003.47,0.5800829,20037.81;359.8911
20003.47,0.5800829,20037.81;359.8911
20003.47,0.5800829,20037.81;359.8911
20003.47,0.5800829,20037.81;359.8911
20003.47,0.5800829,20037.81;359.8911
20003.47,0.5800829,20037.81;359.8911
20003.47,0.5800829,20037.81;359.8911
20003.47,0.5800829,20037.81;359.8854
20003.47,0.5800829,20037.81;359.8854
20003.47,0.5800829,20037.81;359.8854
20003.47,0.5800829,20037.81;359.8854
20003.47,0.5800829,20037.8;359.8854
20003.47,0.5800829,20037.8;359.8854
20003.47,0.5800829,20037.8;359.8854
20003.47,0.5800829,20037.8;359.8854
20003.47,0.5800829,20037.8;359.8854
20003.47,0.5800829,20037.8;359.8854
20003.47,0.5800829,20037.8;359.8854
20003.47,0.5800829,20037.8;359.8854
20003.47,0.5800829,20037.8;359.8854
20003.47,0.5800829,20037.8;359.8854
20003.47,0.5800829,20037.79;359.8911
20003.47,0.5800829,20037.79;359.8969
20003.47,0.5800829,20039.79;359.8969
20003.47,0.5800829,20041.79;359.8969
20003.47,0.5800829,20043.79;359.8969
20003.47,0.5800829,20045.72;359.9026
20003.47,0.5800829,20045.72;359.9026
20003.47,0.5800829,20045.72;359.9026
20003.47,0.5800829,20045.72;359.9083
20003.47,0.5800829,20045.72;359.9083
20003.47,0.5800829,20045.72;359.9083
20003.47,0.5800829,20045.72;359.9026
20003.47,0.5800829,20045.72;359.9083
20003.47,0.5800829,20045.72;359.9083
20003.47,0.5800829,20045.71;359.9141
20003.47,0.5800829,20045.71;359.9141
20003.47,0.5800829,20045.71;359.9141
20003.47,0.5800829,20045.71;359.9141
20003.47,0.5800829,20045.71;359.9141
20003.47,0.5800829,20045.71;359.9141
20003.47,0.5800829,20045.71;359.9198
20003.47,0.5800829,20045.71;359.9255
20003.47,0.5800829,20045.71;359.9255
20003.47,0.5800829,20045.71;359.9255
20003.47,0.5800829,20045.71;359.9255
20003.47,0.5800829,20045.71;359.9312
20003.47,0.5800829,20045.71;359.937
20003.47,0.5800829,20045.71;359.937
20003.47,0.5800829,20045.71;359.937
20003.47,0.5800829,20045.71;359.937
20003.47,0.5800829,20045.71;359.9427
20003.47,0.5800829,20045.72;359.9484
20003.47,0.5800829,20045.72;359.9484
20003.47,0.5800829,20045.72;359.9484
20003.47,0.5800829,20045.72;359.9484
20003.47,0.5800829,20045.72;359.9542
20003.47,0.5800829,20045.72;359.9542
20005.47,0.5800829,20045.72;359.9599
20007.47,0.5800829,20045.72;359.9599
20009.47,0.5800829,20045.72;359.9599
20009.47,0.5800829,20045.72;359.9599
20009.47,0.5800829,20045.72;359.9599
