20000,0.5,20000;0
20000,0.58,20002;0
20000,0.58,20004;0
20000,0.58,20006;0
20000,0.58,20008;0
20000,0.58,20010;0
20000,0.58,20012;0
20000,0.58,20014;0
20000,0.58,20016;0
20000,0.58,20018;0
20000,0.58,20020;0
20000,0.58,20020;0
20000,0.58,20020;0
20000,0.58,20020;0
20000,0.58,20020;0
20000,0.58,20020;0
20000,0.58,20020;0
20000,0.58,20020;0
20000,0.58,20020;0
20000,0.58,20020;0
20000,0.58,20020;0
20000,0.58,20020;0
20000,0.58,20020;0
20000,0.58,20020;0
20000,0.58,20020;0
20000,0.58,20020;0
20000,0.58,20020;0
20000,0.58,20020;359.9771
20000,0.58,20020;359.9771
20000,0.58,20020;359.9771
20000,0.58,20020;359.9771
20000,0.58,20020;359.9771
20000,0.58,20020;359.9771
20000,0.58,20020;359.9771
20000,0.58,20020;359.9771
20000,0.58,20020;359.9771
20000,0.58,20020;359.9771
20000,0.58,20020;359.9771
20000,0.58,20020;359.9771
20000,0.58,20020;359.9771
20000,0.58,20020;359.9771
20000,0.58,20020;359.9771
20000,0.58,20020;359.9771
20000,0.58,20020;359.9771
20000,0.58,20020;359.9771
20000,0.58,20020;359.9771
20000,0.58,20020;359.9771
20000,0.58,20020;359.9771
20000,0.58,20020;359.9771
20000,0.58,20020;359.9771
20000,0.58,20020;359.9771
20000,0.58,20020;359.9771
20000,0.58,20020;359.9771
20000,0.58,20020;359.9771
20000,0.58,20020;359.9771
20000,0.58,20020;359.9771
20000,0.58,20020;359.9771
20000,0.58,20020;359.9771
20000,0.58,20020;359.9771
20000,0.58,20020;359.9771
20000,0.58,20020;359.9771
20000,0.58,20020;359.9771
20000,0.58,20020;359.9771
20000,0.58,20020;359.9771
20000,0.58,20020;359.9771
20000,0.58,20020;359.9886
20000,0.58,20020;359.9771
20000,0.58,20020;359.9656
20000,0.58,20020;359.9427
20000,0.58,20020;359.9198
20000,0.58,20020;359.9198
20000,0.58,20020;359.874
20000,0.58,20020;359.8625
20000,0.58,20020;359.8281
20000,0.58,20019.99;359.7479
20000,0.58,20019.99;359.6563
20000,0.58,20019.99;359.6563
20000,0.58,20019.99;359.5531
20000,0.58,20019.99;359.4385
20000,0.58,20019.99;359.4385
20000,0.58,20019.99;359.3354
20000,0.58,20019.99;359.2781
20000,0.58,20019.99;359.2781
20000,0.58,20019.98;359.2093
20000,0.58,20019.98;359.152
20000,0.58,20019.98;359.0718
20000,0.58,20019.98;359.0031
20000,0.58,20019.98;359.0031
20000,0.58,20019.98;358.9114
20000,0.58,20019.98;358.9114
20000,0.58,20019.98;358.8427
20000,0.58,20019.97;358.7625
20000,0.58,20019.97;358.6479
20000,0.58,20019.97;358.5333
20000,0.58,20019.97;358.5333
20000,0.58,20019.97;358.5333
20000,0.58,20019.97;358.5333
20000,0.58,20019.97;358.4187
20000,0.58,20019.97;358.2697
20000,0.58,20019.96;358.1093
20000,0.58,20019.96;358.1093
20000,0.58,20019.96;358.0061
20000,0.58,20019.96;358.0061
20000,0.58,20019.96;357.8915
20000,0.58,20019.96;357.8915
20000,0.58,20019.96;357.8915
20000,0.58,20019.96;357.7655
20000,0.58,20019.96;357.6738
20000,0.58,20019.96;357.605
20000,0.58,20019.96;357.605
20000,0.58,20019.95;357.5019
20000,0.58,20019.95;357.5019
20000,0.58,20019.95;357.3873
20000,0.58,20019.95;357.2842
20000,0.58,20019.95;357.181
20000,0.58,20019.95;357.181
20000,0.58,20019.94;357.055
20000,0.58,20019.94;357.055
20000,0.58,20019.94;357.055
20000,0.58,20019.94;356.9518
20000,0.58,20019.94;356.8716
20000,0.58,20019.94;356.8029
20000,0.58,20019.94;356.8029
20000,0.58,20019.94;356.8029
20000,0.58,20019.94;356.7341
20000,0.58,20019.94;356.6883
20000,0.58,20019.94;356.6539
20000,0.58,20019.93;356.631
20000,0.58,20019.93;356.631
20000,0.58,20019.93;356.631
20000,0.58,20019.93;356.631
20000,0.58,20019.93;356.631
20000,0.58,20019.93;356.631
20000,0.58,20019.93;356.6539
20000,0.58,20019.93;356.7112
20000,0.58,20019.93;356.7112
20000,0.58,20019.92;356.7914
20000,0.58,20019.92;356.7914
20000,0.58,20019.91;356.8373
20000,0.58,20019.89;356.5508
20000.01,0.58,20019.86;355.783
20000.01,0.58,20019.86;355.783
20000.01,0.58,20019.84;354.5569
20000.01,0.58,20019.81;352.987
20000.01,0.58,20019.8;351.3827
20000.01,0.58,20019.82;350.2597
20000.01,0.58,20019.82;350.2597
20000.01,0.58,20019.84;349.8472
20000,0.58,20019.89;350.1795
19999.99,0.58,20019.94;351.2223
19999.98,0.58,20020;352.7463
19999.98,0.58,20020.06;354.4996
19999.98,0.58,20020.06;354.4996
19999.97,0.58,20020.13;356.2299
19999.97,0.58,20020.2;357.88
19999.97,0.58,20020.28;359.3124
19999.97,0.58,20020.37;0.5729288
19999.97,0.58,20020.45;1.67301
19999.97,0.58,20020.45;1.67301
19999.98,0.58,20020.53;2.796008
19999.98,0.58,20020.61;3.930464
19999.99,0.58,20020.69;5.133671
20000,0.58,20020.77;6.313961
20000.01,0.58,20020.86;7.50571
20000.01,0.58,20020.86;7.50571
20000.02,0.58,20020.94;8.663082
20000.04,0.58,20021.02;9.774623
20000.05,0.58,20021.09;10.8747
20000.07,0.58,20021.17;11.98624
20000.07,0.58,20021.17;11.98624
20000.08,0.58,20021.24;13.15507
20000.1,0.58,20021.31;14.40412
20000.12,0.58,20021.37;15.64172
20000.13,0.58,20021.42;16.73034
20000.14,0.58,20021.45;17.65853
20000.14,0.58,20021.45;17.65853
20000.15,0.58,20021.47;18.35754
20000.15,0.58,20021.48;18.8732
20000.15,0.58,20021.48;19.35448
20000.15,0.58,20021.48;19.97328
20000.16,0.58,20021.5;20.69521
20000.16,0.58,20021.5;20.69521
20000.17,0.58,20021.52;21.57755
20000.18,0.58,20021.55;22.54012
20000.2,0.58,20021.6;23.61729
20000.22,0.58,20021.64;24.75175
20000.25,0.58,20021.69;25.94349
20000.25,0.58,20021.69;25.94349
20000.27,0.58,20021.74;27.13525
20000.3,0.58,20021.79;28.34991
20000.32,0.58,20021.84;29.48437
20000.35,0.58,20021.88;30.55007
20000.38,0.58,20021.93;31.5814
20000.38,0.58,20021.93;31.5814
20000.4,0.58,20021.96;32.57834
20000.42,0.58,20022;33.51799
20000.44,0.58,20022.02;34.28576
20000.45,0.58,20022.04;34.82433
20000.45,0.58,20022.04;34.82433
20000.46,0.58,20022.05;34.99623
20000.46,0.58,20022.05;34.72121
20000.46,0.58,20022.04;33.97636
20000.45,0.58,20022.03;32.95649
20000.44,0.58,20022.02;31.75329
20000.44,0.58,20022.02;31.75329
20000.44,0.58,20022.01;30.573
20000.43,0.58,20022.01;29.50729
20000.43,0.58,20022.01;28.6364
20000.44,0.58,20022.01;27.89155
20000.44,0.58,20022.02;27.23838
20000.44,0.58,20022.02;27.23838
20000.45,0.58,20022.03;26.57375
20000.45,0.58,20022.04;25.90912
20000.46,0.58,20022.06;25.22157
20000.46,0.58,20022.07;24.49965
20000.46,0.58,20022.07;24.49965
20000.47,0.58,20022.08;23.73188
20000.47,0.58,20022.09;22.9412
20000.48,0.58,20022.1;22.1276
20000.48,0.58,20022.11;21.26817
20000.48,0.58,20022.12;20.39728
20000.48,0.58,20022.12;20.39728
20000.49,0.58,20022.13;19.50345
20000.49,0.58,20022.14;18.59818
20000.49,0.58,20022.14;17.66998
20000.49,0.58,20022.15;16.73033
20000.5,0.58,20022.16;15.74484
20000.5,0.58,20022.16;15.74484
20000.5,0.58,20022.16;14.73644
20000.5,0.58,20022.17;13.69366
20000.5,0.58,20022.17;12.6165
20000.5,0.58,20022.17;11.50496
20000.5,0.58,20022.18;10.38196
20000.5,0.58,20022.18;10.38196
20000.5,0.58,20022.18;9.224587
20000.5,0.58,20022.18;8.067214
20000.5,0.58,20022.18;6.864007
20000.5,0.58,20022.19;5.6608
20000.5,0.58,20022.19;4.434667
20000.5,0.58,20022.19;4.434667
20000.5,0.58,20022.19;3.185616
20000.5,0.58,20022.19;1.925106
20000.5,0.58,20022.19;0.6531383
20000.5,0.58,20022.19;359.3353
20000.5,0.58,20022.19;359.3353
20000.5,0.58,20022.18;357.9832
20000.5,0.58,20022.18;356.6195
20000.5,0.58,20022.18;355.233
20000.5,0.58,20022.17;353.8349
20000.5,0.58,20022.17;352.4369
20000.5,0.58,20022.17;352.4369
20000.5,0.58,20022.17;351.0045
20000.51,0.58,20022.16;349.595
20000.51,0.58,20022.15;348.1283
20000.51,0.58,20022.15;346.6615
20000.51,0.58,20022.14;345.1718
20000.51,0.58,20022.14;345.1718
20000.51,0.58,20022.13;343.705
20000.51,0.58,20022.13;342.1924
20000.52,0.58,20022.12;340.6913
20000.52,0.58,20022.11;339.1558
20000.52,0.58,20022.1;337.6317
20000.52,0.58,20022.1;337.6317
20000.53,0.58,20022.09;336.0847
20000.53,0.58,20022.08;334.5721
20000.54,0.58,20022.07;333.0481
20000.54,0.58,20022.06;331.5583
20000.55,0.58,20022.05;330.0228
20000.55,0.58,20022.05;330.0228
20000.55,0.58,20022.04;328.4873
20000.56,0.58,20022.03;326.8945
20000.57,0.58,20022.02;325.2787
20000.58,0.58,20022.01;323.6745
20000.58,0.58,20022.01;323.6745
20000.59,0.58,20022;322.0931
20000.59,0.58,20021.99;320.5003
20000.6,0.58,20021.98;318.9304
20000.62,0.58,20021.97;317.3834
20000.63,0.58,20021.96;315.8135
20000.63,0.58,20021.96;315.8135
20000.64,0.58,20021.95;314.1977
20000.65,0.58,20021.93;312.5934
20000.66,0.58,20021.92;310.9662
20000.68,0.58,20021.91;309.3391
20000.69,0.58,20021.9;307.6889
20000.69,0.58,20021.9;307.6889
20000.7,0.58,20021.89;306.0961
20000.72,0.58,20021.88;304.5147
20000.73,0.58,20021.87;302.9448
20000.75,0.58,20021.86;301.3978
20000.76,0.58,20021.85;299.8853
20000.76,0.58,20021.85;299.8853
20000.78,0.58,20021.84;298.3726
20000.8,0.58,20021.83;296.8715
20000.81,0.58,20021.83;295.3932
20000.83,0.58,20021.82;293.9265
20000.85,0.58,20021.81;292.4597
20000.85,0.58,20021.81;292.4597
20000.87,0.58,20021.8;291.0388
20000.89,0.58,20021.8;289.6293
20000.91,0.58,20021.79;288.2313
20000.93,0.58,20021.78;286.8791
20000.95,0.58,20021.78;285.5728
20000.95,0.58,20021.78;285.5728
20000.97,0.58,20021.77;284.2779
20000.99,0.58,20021.77;283.0403
20001.01,0.58,20021.76;281.8485
20001.03,0.58,20021.76;280.6797
20001.03,0.58,20021.76;280.6797
20001.05,0.58,20021.76;279.5567
20001.08,0.58,20021.75;278.4566
20001.1,0.58,20021.75;277.4253
20001.12,0.58,20021.75;276.4513
20001.14,0.58,20021.75;275.5002
20001.14,0.58,20021.75;275.5002
20001.17,0.58,20021.74;274.6063
20001.19,0.58,20021.74;273.7584
20001.21,0.58,20021.74;272.8989
20001.23,0.58,20021.74;272.051
20001.26,0.58,20021.74;271.2717
20001.26,0.58,20021.74;271.2717
20001.28,0.58,20021.74;270.5154
20001.31,0.58,20021.74;269.8164
20001.33,0.58,20021.74;269.1862
20001.36,0.58,20021.74;268.6017
20001.38,0.58,20021.74;268.0517
20001.38,0.58,20021.74;268.0517
20001.4,0.58,20021.74;267.5475
20001.43,0.58,20021.74;267.0777
20001.45,0.58,20021.75;266.6422
20001.47,0.58,20021.75;266.2526
20001.47,0.58,20021.75;266.2526
20001.5,0.58,20021.75;265.9203
20001.52,0.58,20021.75;265.6338
20001.55,0.58,20021.75;265.3817
20001.57,0.58,20021.75;265.1869
20001.6,0.58,20021.76;265.0494
20001.6,0.58,20021.76;265.0494
20001.62,0.58,20021.76;264.9348
20001.65,0.58,20021.76;264.8546
20001.67,0.58,20021.76;264.8202
20001.67,0.58,20021.76;264.8202
20001.7,0.58,20021.77;264.7973
20001.7,0.58,20021.77;264.7973
20001.72,0.58,20021.77;264.7859
20001.75,0.58,20021.77;264.7859
20001.77,0.58,20021.77;264.7973
20001.8,0.58,20021.78;264.8431
20001.8,0.58,20021.78;264.8431
20001.8,0.58,20021.78;264.8431
20001.82,0.58,20021.78;264.9463
20001.85,0.58,20021.78;265.0723
20001.87,0.58,20021.78;265.2328
20001.9,0.58,20021.78;265.4161
20001.9,0.58,20021.78;265.4161
20001.92,0.58,20021.79;265.588
20001.95,0.58,20021.79;265.7369
20001.97,0.58,20021.79;265.8974
20001.99,0.58,20021.79;266.0807
20002.02,0.58,20021.79;266.2641
20002.02,0.58,20021.79;266.2641
20002.04,0.58,20021.79;266.4703
20002.07,0.58,20021.79;266.6651
20002.09,0.58,20021.8;266.8714
20002.11,0.58,20021.8;267.0662
20002.14,0.58,20021.8;267.2495
20002.14,0.58,20021.8;267.2495
20002.16,0.58,20021.8;267.4214
20002.18,0.58,20021.8;267.5933
20002.21,0.58,20021.8;267.7538
20002.23,0.58,20021.8;267.8798
20002.26,0.58,20021.8;268.0059
20002.26,0.58,20021.8;268.0059
20002.28,0.58,20021.8;268.1204
20002.3,0.58,20021.8;268.235
20002.32,0.58,20021.8;268.3382
20002.35,0.58,20021.81;268.4413
20002.35,0.58,20021.81;268.4413
20002.37,0.58,20021.81;268.5444
20002.39,0.58,20021.81;268.6361
20002.41,0.58,20021.81;268.7163
20002.44,0.58,20021.81;268.7965
20002.46,0.58,20021.81;268.8767
20002.48,0.58,20021.81;268.9455
20002.48,0.58,20021.81;268.9455
20002.5,0.58,20021.81;269.0257
20002.52,0.58,20021.81;269.1059
20002.54,0.58,20021.81;269.1861
20002.57,0.58,20021.81;269.2778
20002.59,0.58,20021.81;269.3809
20002.59,0.58,20021.81;269.3809
20002.61,0.58,20021.81;269.4726
20002.61,0.58,20021.81;269.4726
20002.63,0.58,20021.81;269.5757
20002.65,0.58,20021.81;269.6789
20002.67,0.58,20021.81;269.7935
20002.67,0.58,20021.81;269.7935
20002.69,0.58,20021.81;269.8966
20002.71,0.58,20021.81;270.0112
20002.73,0.58,20021.81;270.1373
20002.75,0.58,20021.81;270.2633
20002.77,0.58,20021.81;270.3894
20002.77,0.58,20021.81;270.3894
20002.79,0.58,20021.81;270.5154
20002.81,0.58,20021.81;270.6758
20002.83,0.58,20021.81;270.8134
20002.84,0.58,20021.81;270.9623
20002.86,0.58,20021.81;271.0884
20002.86,0.58,20021.81;271.0884
20002.88,0.58,20021.81;271.2488
20002.9,0.58,20021.81;271.4092
20002.91,0.58,20021.81;271.5926
20002.93,0.58,20021.81;271.7874
20002.93,0.58,20021.81;271.7874
20002.95,0.58,20021.81;272.0166
20002.96,0.58,20021.81;272.2458
20002.98,0.58,20021.8;272.4749
20002.99,0.58,20021.8;272.727
20003.01,0.58,20021.8;272.9906
20003.01,0.58,20021.8;272.9906
20003.03,0.58,20021.8;273.2542
20003.04,0.58,20021.8;273.5177
20003.05,0.58,20021.8;273.7928
20003.07,0.58,20021.8;274.0449
20003.08,0.58,20021.8;274.3199
20003.08,0.58,20021.8;274.3199
20003.1,0.58,20021.8;274.5835
20003.11,0.58,20021.8;274.8585
20003.12,0.58,20021.79;275.122
20003.13,0.58,20021.79;275.4085
20003.15,0.58,20021.79;275.6721
20003.15,0.58,20021.79;275.6721
20003.16,0.58,20021.79;275.9586
20003.17,0.58,20021.79;276.2336
20003.18,0.58,20021.79;276.5086
20003.19,0.58,20021.79;276.7836
20003.2,0.58,20021.79;277.0472
20003.2,0.58,20021.79;277.0472
20003.21,0.58,20021.79;277.2993
20003.22,0.58,20021.79;277.5399
20003.23,0.58,20021.78;277.7806
20003.24,0.58,20021.78;277.9983
20003.25,0.58,20021.78;278.1931
20003.25,0.58,20021.78;278.1931
20003.26,0.58,20021.78;278.3764
20003.27,0.58,20021.78;278.5369
20003.28,0.58,20021.78;278.6515
20003.28,0.58,20021.78;278.7546
20003.28,0.58,20021.78;278.7546
20003.29,0.58,20021.77;278.8463
20003.3,0.58,20021.77;278.915
20003.3,0.58,20021.77;278.915
20003.3,0.58,20021.77;278.915
20003.3,0.58,20021.77;278.915
20003.3,0.58,20021.77;278.915
20003.3,0.58,20021.77;278.915
20003.3,0.58,20021.77;278.9838
20003.3,0.58,20021.77;278.9838
20003.3,0.58,20021.77;278.9838
20003.3,0.58,20021.77;278.9838
20003.3,0.58,20021.77;278.9838
20003.3,0.58,20021.77;278.9838
20003.3,0.58,20021.77;278.9838
20003.3,0.58,20021.77;278.9838
20003.3,0.58,20021.77;278.9838
20003.3,0.58,20021.77;278.9838
20003.3,0.58,20021.77;278.9838
20003.3,0.58,20021.77;278.9838
20003.3,0.58,20021.77;278.9838
20003.3,0.58,20021.77;278.9838
20003.3,0.58,20021.77;278.9838
20003.3,0.58,20021.77;278.9838
20003.3,0.58,20021.77;278.9838
20003.3,0.58,20021.77;278.9838
20003.3,0.58,20021.77;278.9838
20003.3,0.58,20021.77;278.9838
20003.3,0.58,20021.77;278.9838
20003.3,0.58,20021.77;278.9838
20003.3,0.58,20021.77;278.9838
20003.3,0.58,20021.77;278.9838
20003.3,0.58,20021.77;278.9838
20003.3,0.58,20021.77;278.9838
20003.3,0.58,20021.77;278.9838
20003.3,0.58,20021.77;278.9838
20003.3,0.58,20021.77;278.9838
20003.3,0.58,20021.77;278.9838
20003.3,0.58,20021.77;278.9838
20003.3,0.58,20021.77;278.9838
20003.3,0.58,20021.77;278.9838
20003.3,0.58,20021.77;278.9838
20003.3,0.58,20021.77;278.9838
20003.3,0.58,20021.77;278.9838
20003.31,0.58,20021.77;279.064
20003.31,0.58,20021.77;279.064
20003.31,0.58,20021.77;279.064
20003.31,0.58,20021.77;279.064
20003.31,0.58,20021.77;279.064
20003.31,0.58,20021.77;279.064
20003.31,0.58,20021.77;279.064
20003.31,0.58,20021.77;279.064
20003.31,0.58,20021.77;279.064
20003.31,0.58,20021.77;279.064
20003.31,0.58,20021.77;279.064
20003.31,0.58,20021.77;279.064
20003.31,0.58,20021.77;279.064
20003.31,0.58,20021.77;279.064
20003.31,0.58,20021.77;279.064
20003.31,0.58,20021.77;279.064
20003.31,0.58,20021.77;279.064
20003.31,0.58,20021.77;279.064
20003.31,0.58,20021.77;279.064
20003.31,0.58,20021.77;279.064
20003.31,0.58,20021.77;279.064
20003.31,0.58,20021.77;279.064
20003.31,0.58,20021.77;279.064
20003.31,0.58,20021.77;279.064
20003.31,0.58,20021.77;279.064
20003.31,0.58,20021.77;279.064
20003.31,0.58,20021.77;279.064
20003.31,0.58,20021.77;279.064
20003.31,0.58,20021.77;279.064
20003.31,0.58,20021.77;279.064
20003.31,0.58,20021.77;279.064
20003.31,0.58,20021.77;279.064
20003.31,0.58,20021.77;279.064
20003.31,0.58,20021.77;279.064
20003.31,0.58,20021.77;279.064
20003.31,0.58,20021.77;279.064
20003.31,0.58,20021.77;279.064
20003.31,0.58,20021.77;279.064
20003.31,0.58,20021.77;279.064
20003.31,0.58,20021.77;279.064
20003.31,0.58,20021.77;279.064
20003.31,0.58,20021.77;279.064
20003.31,0.58,20021.77;279.064
20003.31,0.58,20021.77;279.064
20003.31,0.58,20021.77;279.064
20003.31,0.58,20021.77;279.064
20003.31,0.58,20021.77;279.064
20003.31,0.58,20021.77;279.064
20003.31,0.58,20021.77;279.064
20003.31,0.58,20021.77;279.064
20003.31,0.58,20021.77;279.064
20003.31,0.58,20021.77;279.064
20003.31,0.58,20021.77;279.064
20003.31,0.58,20021.77;279.064
20003.31,0.58,20021.77;279.064
20003.31,0.58,20021.77;279.064
20003.31,0.58,20021.77;279.064
20003.31,0.58,20021.77;279.064
20003.31,0.58,20021.77;279.064
20003.31,0.58,20021.77;279.064
20003.31,0.58,20021.77;279.064
20003.31,0.58,20021.77;279.064
20003.31,0.58,20021.77;279.064
20003.31,0.58,20021.77;279.064
20003.31,0.58,20021.77;279.064
20003.31,0.58,20021.77;279.064
20003.31,0.58,20021.77;279.064
20003.31,0.58,20021.77;279.064
20003.31,0.58,20021.77;279.064
20003.31,0.58,20021.77;279.064
20003.31,0.58,20021.77;279.064
20003.31,0.58,20021.77;279.064
20003.31,0.58,20021.77;279.064
20003.31,0.58,20021.77;279.064
20003.31,0.58,20021.77;279.064
20003.31,0.58,20021.77;279.064
20003.31,0.58,20021.77;279.064
20003.31,0.58,20021.77;279.064
20003.31,0.58,20021.77;279.064
20003.31,0.58,20021.77;279.064
20003.31,0.58,20021.77;279.064
20003.31,0.58,20021.77;279.064
20003.31,0.58,20021.77;279.064
20003.31,0.58,20021.77;279.064
20003.31,0.58,20021.77;279.064
20003.31,0.58,20021.77;279.064
20003.31,0.58,20021.77;279.064
20003.31,0.58,20021.77;279.064
20003.31,0.58,20021.77;279.064
20003.31,0.58,20021.77;279.064
20003.31,0.58,20021.77;279.064
20003.31,0.58,20021.77;279.064
20003.31,0.58,20021.77;279.064
20003.31,0.58,20021.77;279.064
20003.31,0.58,20021.77;279.064
20003.31,0.58,20021.77;279.064
20003.31,0.58,20021.77;279.064
20003.31,0.58,20021.77;279.064
20003.31,0.58,20021.77;279.064
20003.31,0.58,20021.77;279.064
20003.31,0.58,20021.77;279.064
20003.31,0.58,20021.77;279.064
20003.31,0.58,20021.77;279.064
20003.31,0.58,20021.77;279.064
20003.31,0.58,20021.77;279.064
20003.31,0.58,20021.77;279.064
20003.31,0.58,20021.77;279.064
20003.31,0.58,20021.77;279.064
20003.31,0.58,20021.77;279.064
20003.31,0.58,20021.77;279.064
20003.31,0.58,20021.77;279.064
20003.31,0.58,20021.77;279.064
20003.31,0.58,20021.77;279.064
20003.31,0.58,20021.77;279.064
20003.31,0.58,20021.77;279.064
20003.31,0.58,20021.77;279.064
20003.31,0.58,20021.77;279.064
20003.31,0.58,20021.77;279.064
20003.31,0.58,20021.77;279.064
20003.31,0.58,20021.77;279.064
20003.31,0.58,20021.77;279.064
20003.31,0.58,20021.77;279.064
20003.31,0.58,20021.77;279.064
20003.31,0.58,20021.77;279.064
20003.31,0.58,20021.77;279.064
20003.31,0.58,20021.77;279.064
20003.31,0.58,20021.77;279.064
20003.31,0.58,20021.77;279.064
20003.31,0.58,20021.77;279.064
20003.31,0.58,20021.77;279.064
20003.31,0.58,20021.77;279.064
20003.31,0.58,20021.77;279.064
20003.31,0.58,20021.77;279.064
20003.31,0.58,20021.77;279.064
20003.31,0.58,20021.77;279.064
20003.31,0.58,20021.77;279.064
20003.31,0.58,20021.77;279.064
20003.31,0.58,20021.77;279.064
20003.31,0.58,20021.77;279.064
20003.31,0.58,20021.77;279.064
20003.31,0.58,20021.77;279.064
20003.31,0.58,20021.77;279.064
20003.31,0.58,20021.77;279.064
20003.31,0.58,20021.77;279.064
20003.31,0.58,20021.77;279.064
20003.31,0.58,20021.77;279.064
20003.31,0.58,20021.77;279.064
20003.31,0.58,20021.77;279.064
20003.31,0.58,20021.77;279.064
20003.31,0.58,20021.77;279.064
20003.31,0.58,20021.77;279.064
20003.31,0.58,20021.77;279.064
20003.31,0.58,20021.77;279.064
20003.31,0.58,20021.77;279.064
20003.31,0.58,20021.77;279.064
20003.31,0.58,20021.77;279.064
20003.31,0.58,20021.77;279.064
20003.31,0.58,20021.77;279.064
20003.31,0.58,20021.77;279.064
20003.31,0.58,20021.77;279.064
20003.31,0.58,20021.77;279.064
20003.31,0.58,20021.77;279.064
20003.31,0.58,20021.77;279.064
20003.31,0.58,20021.77;279.064
20003.31,0.58,20021.7