20000,0.58,19894;204.0005
20000.01,0.58,19894.01;203.8172
20000.01,0.58,19894.01;203.8172
20000.01,0.58,19894.03;203.6624
20000.02,0.58,19894.05;203.5077
20000.03,0.58,19894.06;203.3301
20000.03,0.58,19894.06;203.3301
20000.04,0.58,19894.08;203.1468
20000.04,0.58,19894.1;202.9634
20000.05,0.58,19894.11;202.8087
20000.05,0.58,19894.11;202.8087
20000.05,0.58,19894.13;202.6311
20000.05,0.58,19894.13;202.6311
20000.06,0.58,19894.14;202.4478
20000.06,0.58,19894.14;202.4478
20000.07,0.58,19894.16;202.2874
20000.07,0.58,19894.16;202.2874
20000.08,0.58,19894.18;202.1269
20000.08,0.58,19894.2;201.9493
20000.09,0.58,19894.21;201.766
20000.09,0.58,19894.21;201.766
20000.1,0.58,19894.23;201.5826
20000.11,0.58,19894.25;201.4337
20000.11,0.58,19894.25;201.4337
20000.11,0.58,19894.27;201.2618
20000.11,0.58,19894.27;201.2618
20000.12,0.58,19894.29;201.0899
20000.13,0.58,19894.31;200.9237
20000.13,0.58,19894.32;200.7862
20000.13,0.58,19894.32;200.7862
20000.13,0.58,19894.32;200.7862
20000.14,0.58,19894.35;200.6487
20000.15,0.58,19894.38;200.4768
20000.16,0.58,19894.39;200.3107
20000.16,0.58,19894.39;200.3107
20000.16,0.58,19894.39;200.1445
20000.16,0.58,19894.4;199.9898
20000.17,0.58,19894.41;199.8351
20000.17,0.58,19894.43;199.6575
20000.17,0.58,19894.43;199.6575
20000.17,0.58,19894.44;199.4799
20000.18,0.58,19894.45;199.2965
20000.18,0.58,19894.46;199.1418
20000.18,0.58,19894.46;199.1418
20000.18,0.58,19894.46;199.1418
20000.18,0.58,19894.46;198.97
20000.18,0.58,19894.46;198.97
20000.19,0.58,19894.47;198.7866
20000.19,0.58,19894.47;198.7866
20000.19,0.58,19894.47;198.7866
20000.19,0.58,19894.48;198.6376
20000.19,0.58,19894.49;198.4887
20000.19,0.58,19894.49;198.3053
20000.19,0.58,19894.49;198.3053
20000.2,0.58,19894.5;198.122
20000.2,0.58,19894.51;197.9386
20000.2,0.58,19894.51;197.7897
20000.2,0.58,19894.51;197.7897
20000.2,0.58,19894.51;197.7897
20000.2,0.58,19894.52;197.6808
20000.2,0.58,19894.53;197.5719
20000.21,0.58,19894.53;197.5204
20000.21,0.58,19894.53;197.5204
20000.21,0.58,19894.54;197.4688
20000.21,0.58,19894.54;197.4459
20000.21,0.58,19894.54;197.4287
20000.21,0.58,19894.54;197.4287
20000.21,0.58,19894.55;197.4115
20000.21,0.58,19894.55;197.3829
20000.21,0.58,19894.55;197.3542
20000.21,0.58,19894.55;197.3542
20000.21,0.58,19894.55;197.3542
20000.21,0.58,19894.56;197.3256
20000.21,0.58,19894.56;197.3256
20000.21,0.58,19894.56;197.2969
20000.21,0.58,19894.56;197.2969
20000.21,0.58,19894.56;197.2969
20000.22,0.58,19894.57;197.2969
20000.22,0.58,19894.58;197.2969
20000.22,0.58,19894.58;197.2969
20000.22,0.58,19894.58;197.2969
20000.22,0.58,19894.59;197.2969
20000.23,0.58,19894.6;197.2969
20000.23,0.58,19894.6;197.2969
20000.23,0.58,19894.61;197.1021
20000.23,0.58,19894.61;197.1021
20000.23,0.58,19894.62;196.9073
20000.23,0.58,19894.62;196.7125
20000.24,0.58,19894.63;196.5406
20000.24,0.58,19894.63;196.5406
20000.24,0.58,19894.63;196.3687
20000.24,0.58,19894.64;196.174
20000.24,0.58,19894.65;195.9792
20000.24,0.58,19894.65;195.7901
20000.24,0.58,19894.65;195.7901
20000.24,0.58,19894.66;195.6239
20000.25,0.58,19894.66;195.4578
20000.25,0.58,19894.67;195.2802
20000.25,0.58,19894.67;195.2802
20000.25,0.58,19894.67;195.0968
20000.25,0.58,19894.67;195.0968
20000.25,0.58,19894.68;194.9135
20000.25,0.58,19894.68;194.753
20000.25,0.58,19894.68;194.753
20000.25,0.58,19894.69;194.5639
20000.25,0.58,19894.69;194.5639
20000.25,0.58,19894.69;194.3749
20000.25,0.58,19894.7;194.1858
20000.26,0.58,19894.71;194.0311
20000.26,0.58,19894.71;194.0311
20000.26,0.58,19894.72;193.8764
20000.26,0.58,19894.73;193.6931
20000.26,0.58,19894.73;193.6931
20000.27,0.58,19894.74;193.5154
20000.27,0.58,19894.74;193.5154
20000.27,0.58,19894.75;193.3378
20000.27,0.58,19894.75;193.1774
20000.27,0.58,19894.76;192.9998
20000.27,0.58,19894.76;192.9998
20000.27,0.58,19894.77;192.8222
20000.27,0.58,19894.77;192.6388
20000.27,0.58,19894.77;192.6388
20000.27,0.58,19894.77;192.4841
20000.27,0.58,19894.77;192.4841
20000.27,0.58,19894.78;192.3122
20000.27,0.58,19894.78;192.3122
20000.28,0.58,19894.79;192.1404
20000.28,0.58,19894.79;192.1404
20000.28,0.58,19894.79;191.9685
20000.28,0.58,19894.8;191.808
20000.28,0.58,19894.81;191.6476
20000.28,0.58,19894.82;191.4643
20000.28,0.58,19894.82;191.4643
20000.28,0.58,19894.82;191.2809
20000.29,0.58,19894.83;191.0976
20000.29,0.58,19894.84;190.9371
20000.29,0.58,19894.84;190.9371
20000.29,0.58,19894.85;190.7767
20000.29,0.58,19894.86;190.5876
20000.29,0.58,19894.87;190.3986
20000.29,0.58,19894.88;190.2095
20000.29,0.58,19894.88;190.0204
20000.29,0.58,19894.89;189.8657
20000.3,0.58,19894.9;189.6824
20000.3,0.58,19894.9;189.6824
20000.3,0.58,19894.91;189.499
20000.3,0.58,19894.92;189.3157
20000.3,0.58,19894.93;189.1553
20000.3,0.58,19894.93;189.1553
20000.3,0.58,19894.94;188.9948
20000.3,0.58,19894.95;188.8115
20000.31,0.58,19894.96;188.6339
20000.31,0.58,19894.96;188.6339
20000.31,0.58,19894.96;188.4563
20000.31,0.58,19894.97;188.3016
20000.31,0.58,19894.98;188.1182
20000.31,0.58,19894.99;187.9349
20000.31,0.58,19895;187.7171
20000.31,0.58,19895.01;187.4994
20000.32,0.58,19895.02;187.425
20000.32,0.58,19895.02;187.425
20000.32,0.58,19895.04;187.3505
20000.32,0.58,19895.05;187.276
20000.32,0.58,19895.06;187.2588
20000.32,0.58,19895.06;187.2588
20000.32,0.58,19895.07;187.2416
20000.32,0.58,19895.07;187.2416
20000.32,0.58,19895.08;187.2244
20000.32,0.58,19895.08;187.2244
20000.32,0.58,19895.08;187.2244
20000.32,0.58,19895.1;187.2072
20000.33,0.58,19895.11;187.19
20000.33,0.58,19895.11;187.19
20000.33,0.58,19895.11;187.19
20000.33,0.58,19895.12;187.1729
20000.33,0.58,19895.12;187.1729
20000.33,0.58,19895.14;187.1557
20000.33,0.58,19895.14;187.1557
20000.33,0.58,19895.14;187.1557
20000.33,0.58,19895.15;187.1385
20000.33,0.58,19895.17;187.1213
20000.34,0.58,19895.19;187.1213
20000.34,0.58,19895.19;187.1213
20000.34,0.58,19895.2;187.1213
20000.34,0.58,19895.2;187.1213
20000.34,0.58,19895.22;187.1213
20000.34,0.58,19895.23;187.0354
20000.34,0.58,19895.23;187.0354
20000.34,0.58,19895.25;186.852
20000.35,0.58,19895.26;186.6687
20000.35,0.58,19895.28;186.4853
20000.35,0.58,19895.28;186.4853
20000.35,0.58,19895.29;186.3249
20000.35,0.58,19895.29;186.3249
20000.35,0.58,19895.3;186.1645
20000.35,0.58,19895.32;185.9868
20000.35,0.58,19895.32;185.9868
20000.35,0.58,19895.34;185.815
20000.35,0.58,19895.34;185.815
20000.36,0.58,19895.35;185.6431
20000.36,0.58,19895.37;185.4826
20000.36,0.58,19895.38;185.305
20000.36,0.58,19895.38;185.305
20000.36,0.58,19895.4;185.1274
20000.36,0.58,19895.41;184.9441
20000.36,0.58,19895.41;184.9441
20000.36,0.58,19895.43;184.7894
20000.36,0.58,19895.43;184.7894
20000.36,0.58,19895.44;184.6347
20000.37,0.58,19895.46;184.4571
20000.37,0.58,19895.48;184.2852
20000.37,0.58,19895.48;184.2852
20000.37,0.58,19895.48;184.2852
20000.37,0.58,19895.5;184.1534
20000.37,0.58,19895.5;184.1534
20000.37,0.58,19895.51;183.9872
20000.37,0.58,19895.51;183.9872
20000.37,0.58,19895.53;183.8211
20000.37,0.58,19895.54;183.6606
20000.37,0.58,19895.56;183.5174
20000.37,0.58,19895.56;183.5174
20000.37,0.58,19895.56;183.5174
20000.37,0.58,19895.57;183.3742
20000.37,0.58,19895.58;183.208
20000.37,0.58,19895.59;183.0418
20000.37,0.58,19895.59;183.0418
20000.37,0.58,19895.59;183.0418
20000.37,0.58,19895.6;182.8929
20000.37,0.58,19895.6;182.8929
20000.37,0.58,19895.61;182.721
20000.37,0.58,19895.61;182.721
20000.37,0.58,19895.61;182.721
20000.38,0.58,19895.62;182.5491
20000.38,0.58,19895.63;182.4001
20000.38,0.58,19895.63;182.4001
20000.38,0.58,19895.63;182.2512
20000.38,0.58,19895.64;182.0736
20000.38,0.58,19895.64;181.8959
20000.38,0.58,19895.65;181.7183
20000.38,0.58,19895.65;181.7183
20000.38,0.58,19895.65;181.5407
20000.38,0.58,19895.65;181.386
20000.38,0.58,19895.65;181.2084
20000.38,0.58,19895.65;181.2084
20000.38,0.58,19895.65;181.0308
20000.38,0.58,19895.65;180.8531
20000.38,0.58,19895.66;180.6755
20000.38,0.58,19895.66;180.5552
20000.38,0.58,19895.66;180.4349
20000.38,0.58,19895.66;180.3375
20000.38,0.58,19895.67;180.2286
20000.38,0.58,19895.67;180.2286
20000.38,0.58,19895.67;180.1198
20000.38,0.58,19895.68;180.0453
20000.38,0.58,19895.68;179.9651
20000.38,0.58,19895.68;179.9651
20000.38,0.58,19895.68;179.9651
20000.38,0.58,19895.69;179.8849
20000.38,0.58,19895.69;179.8047
20000.38,0.58,19895.69;179.8047
20000.38,0.58,19895.69;179.8047
20000.38,0.58,19895.69;179.8047
20000.38,0.58,19895.69;179.7245
20000.38,0.58,19895.69;179.6442
20000.38,0.58,19895.69;179.6442
20000.38,0.58,19895.69;179.6442
20000.38,0.58,19895.7;179.564
20000.38,0.58,19895.7;179.4838
20000.38,0.58,19895.7;179.4323
20000.38,0.58,19895.7;179.4323
20000.38,0.58,19895.71;179.3807
20000.38,0.58,19895.71;179.163
20000.38,0.58,19895.71;178.9453
20000.38,0.58,19895.71;178.7791
20000.38,0.58,19895.71;178.7791
20000.38,0.58,19895.71;178.59
20000.38,0.58,19895.71;178.401
20000.38,0.58,19895.72;178.2405
20000.38,0.58,19895.72;178.2405
20000.38,0.58,19895.72;178.2405
20000.38,0.58,19895.72;178.0514
20000.38,0.58,19895.73;177.8624
20000.38,0.58,19895.73;177.679
20000.38,0.58,19895.73;177.679
20000.38,0.58,19895.73;177.5186
20000.38,0.58,19895.73;177.5186
20000.38,0.58,19895.74;177.341
20000.38,0.58,19895.74;177.341
20000.38,0.58,19895.74;177.1634
20000.38,0.58,19895.74;177.1634
20000.37,0.58,19895.75;176.9857
20000.37,0.58,19895.75;176.831
20000.37,0.58,19895.75;176.831
20000.37,0.58,19895.76;176.6534
20000.37,0.58,19895.76;176.6534
20000.37,0.58,19895.77;176.4758
20000.37,0.58,19895.77;176.4758
20000.37,0.58,19895.78;176.3326
20000.37,0.58,19895.78;176.3326
20000.37,0.58,19895.79;176.1893
20000.37,0.58,19895.8;176.0117
20000.37,0.58,19895.81;175.8341
20000.37,0.58,19895.81;175.8341
20000.37,0.58,19895.81;175.8341
20000.37,0.58,19895.81;175.6565
20000.37,0.58,19895.82;175.5075
20000.37,0.58,19895.83;175.3299
20000.37,0.58,19895.83;175.3299
20000.37,0.58,19895.83;175.1523
20000.37,0.58,19895.84;174.9861
20000.37,0.58,19895.84;174.8429
20000.37,0.58,19895.84;174.8429
20000.37,0.58,19895.84;174.8429
20000.37,0.58,19895.84;174.6825
20000.37,0.58,19895.85;174.522
20000.37,0.58,19895.85;174.3444
20000.37,0.58,19895.85;174.3444
20000.37,0.58,19895.86;174.1668
20000.37,0.58,19895.86;174.0178
20000.36,0.58,19895.87;173.8689
20000.36,0.58,19895.88;173.6913
20000.36,0.58,19895.88;173.6913
20000.36,0.58,19895.88;173.5136
20000.36,0.58,19895.89;173.3303
20000.36,0.58,19895.9;173.1813
20000.36,0.58,19895.9;173.1813
20000.36,0.58,19895.9;173.1813
20000.36,0.58,19895.9;173.0323
20000.36,0.58,19895.91;172.8547
20000.36,0.58,19895.92;172.6771
20000.36,0.58,19895.92;172.6771
20000.36,0.58,19895.92;172.4995
20000.36,0.58,19895.93;172.3505
20000.36,0.58,19895.94;172.1672
20000.36,0.58,19895.94;172.1672
20000.36,0.58,19895.94;172.1672
20000.35,0.58,19895.95;171.9896
20000.35,0.58,19895.96;171.812
20000.35,0.58,19895.96;171.6572
20000.35,0.58,19895.96;171.6572
20000.35,0.58,19895.96;171.6572
20000.35,0.58,19895.97;171.4854
20000.35,0.58,19895.98;171.3135
20000.35,0.58,19895.99;171.1416
20000.35,0.58,19895.99;171.1416
20000.35,0.58,19896;170.9697
20000.35,0.58,19896.01;170.9124
20000.34,0.58,19896.02;170.7864
20000.34,0.58,19896.02;170.7864
20000.34,0.58,19896.02;170.7864
20000.34,0.58,19896.03;170.6603
20000.34,0.58,19896.04;170.5171
20000.34,0.58,19896.05;170.5056
20000.34,0.58,19896.05;170.5056
20000.34,0.58,19896.06;170.4941
20000.33,0.58,19896.07;170.4884
20000.33,0.58,19896.08;170.4827
20000.33,0.58,19896.08;170.4827
20000.33,0.58,19896.08;170.4827
20000.33,0.58,19896.09;170.477
20000.33,0.58,19896.09;170.477
20000.33,0.58,19896.1;170.4712
20000.33,0.58,19896.1;170.4712
20000.33,0.58,19896.1;170.4712
20000.33,0.58,19896.12;170.4655
20000.33,0.58,19896.13;170.4598
20000.33,0.58,19896.13;170.4598
20000.33,0.58,19896.13;170.4598
20000.33,0.58,19896.13;170.4598
20000.32,0.58,19896.14;170.454
20000.32,0.58,19896.15;170.4483
20000.32,0.58,19896.15;170.4483
20000.32,0.58,19896.15;170.4483
20000.32,0.58,19896.17;170.4426
20000.32,0.58,19896.17;170.4426
20000.32,0.58,19896.18;170.4369
20000.32,0.58,19896.18;170.4369
20000.32,0.58,19896.18;170.4369
20000.31,0.58,19896.2;170.4369
20000.31,0.58,19896.21;170.4369
20000.31,0.58,19896.23;170.4311
20000.31,0.58,19896.23;170.4311
20000.31,0.58,19896.24;170.328
20000.31,0.58,19896.24;170.328
20000.3,0.58,19896.26;170.2249
20000.3,0.58,19896.27;170.0759
20000.3,0.58,19896.27;170.0759
20000.3,0.58,19896.29;169.9097
20000.3,0.58,19896.29;169.9097
20000.29,0.58,19896.3;169.7378
20000.29,0.58,19896.3;169.7378
20000.29,0.58,19896.32;169.5946
20000.29,0.58,19896.32;169.5946
20000.29,0.58,19896.34;169.4514
20000.29,0.58,19896.36;169.2852
20000.28,0.58,19896.37;169.119
20000.28,0.58,19896.37;169.119
20000.28,0.58,19896.38;168.9529
20000.28,0.58,19896.4;168.8154
20000.27,0.58,19896.41;168.6492
20000.27,0.58,19896.41;168.6492
20000.27,0.58,19896.43;168.483
20000.27,0.58,19896.44;168.3112
20000.27,0.58,19896.46;168.1622
20000.27,0.58,19896.46;168.1622
20000.27,0.58,19896.46;168.1622
20000.26,0.58,19896.47;167.996
20000.26,0.58,19896.49;167.8299
20000.26,0.58,19896.5;167.6752
20000.25,0.58,19896.52;167.5205
20000.25,0.58,19896.53;167.383
20000.24,0.58,19896.55;167.234
20000.24,0.58,19896.55;167.234
20000.24,0.58,19896.55;167.234
20000.24,0.58,19896.56;167.085
20000.24,0.58,19896.57;166.9303
20000.24,0.58,19896.58;166.7928
20000.24,0.58,19896.58;166.7928
20000.24,0.58,19896.58;166.7928
20000.23,0.58,19896.6;166.6553
20000.23,0.58,19896.62;166.4949
20000.22,0.58,19896.65;166.3345
20000.22,0.58,19896.65;166.3345
20000.22,0.58,19896.66;166.174
20000.21,0.58,19896.67;166.0251
20000.21,0.58,19896.68;165.8589
20000.21,0.58,19896.68;165.8589
20000.21,0.58,19896.68;165.8589
20000.21,0.58,19896.7;165.6927
20000.21,0.58,19896.7;165.5266
20000.21,0.58,19896.71;165.3833
20000.21,0.58,19896.71;165.3833
20000.21,0.58,19896.71;165.2401
20000.21,0.58,19896.71;165.0682
20000.21,0.58,19896.71;164.9021
20000.21,0.58,19896.71;164.9021
20000.21,0.58,19896.71;164.9021
20000.21,0.58,19896.71;164.9021
20000.21,0.58,19896.71;164.7474
20000.21,0.58,19896.71;164.564
20000.21,0.58,19896.71;164.564
20000.21,0.58,19896.71;164.564
20000.21,0.58,19896.71;164.3864
20000.2,0.58,19896.72;164.2088
20000.2,0.58,19896.72;164.0598
20000.2,0.58,19896.72;164.0598
20000.2,0.58,19896.73;163.9108
20000.2,0.58,19896.73;163.802
20000.2,0.58,19896.73;163.6931
20000.2,0.58,19896.73;163.6358
20000.2,0.58,19896.73;163.6358
20000.2,0.58,19896.73;163.5842
20000.2,0.58,19896.73;163.5327
20000.2,0.58,19896.73;163.4811
20000.2,0.58,19896.73;163.4811
20000.2,0.58,19896.73;163.4811
20000.2,0.58,19896.73;163.4296
20000.2,0.58,19896.73;163.378
20000.2,0.58,19896.73;163.378
20000.2,0.58,19896.73;163.378
20000.2,0.58,19896.73;163.3264
20000.2,0.58,19896.73;163.3264
20000.2,0.58,19896.73;163.2749
20000.2,0.58,19896.73;163.2749
20000.2,0.58,19896.73;163.2749
20000.2,0.58,19896.73;163.2233
20000.2,0.58,19896.74;163.1718
20000.2,0.58,19896.74;163.1718
20000.2,0.58,19896.74;163.1718
20000.2,0.58,19896.74;163.166
20000.2,0.58,19896.74;163.166
20000.2,0.58,19896.74;163.1603
20000.2,0.58,19896.74;163.1603
20000.2,0.58,19896.75;163.0457
20000.2,0.58,19896.75;163.0457
20000.19,0.58,19896.75;162.9311
20000.19,0.58,19896.75;162.7478
20000.19,0.58,19896.75;162.7478
20000.19,0.58,19896.75;162.5931
20000.19,0.58,19896.75;162.5931
20000.19,0.58,19896.75;162.4384
20000.19,0.58,19896.75;162.2607
20000.19,0.58,19896.76;162.0889
20000.19,0.58,19896.76;162.0889
20000.19,0.58,19896.76;161.917
20000.19,0.58,19896.76;161.7737
20000.19,0.58,19896.76;161.6305
20000.19,0.58,19896.77;161.4643
20000.19,0.58,19896.77;161.4643
20000.19,0.58,19896.77;161.2924
20000.19,0.58,19896.77;161.2924
20000.19,0.58,19896.77;161.1435
20000.19,0.58,19896.77;161.1435
20000.19,0.58,19896.77;160.9945
20000.19,0.58,19896.77;160.8226
20000.19,0.58,19896.77;160.645
20000.19,0.58,19896.77;160.645
20000.18,0.58,19896.78;160.4674
20000.18,0.58,19896.79;160.3184
20000.18,0.58,19896.8;160.1694
20000.17,0.58,19896.81;160.009
20000.17,0.58,19896.81;160.009
20000.17,0.58,19896.81;159.8486
20000.17,0.58,19896.82;159.6767
20000.17,0.58,19896.82;159.5334
20000.17,0.58,19896.82;159.5334
20000.17,0.58,19896.82;159.5334
20000.17,0.58,19896.82;159.3616
20000.17,0.58,19896.83;159.1897
20000.17,0.58,19896.83;159.0178
20000.17,0.58,19896.83;159.0178
20000.17,0.58,19896.83;158.8745
20000.16,0.58,19896.83;158.7313
20000.16,0.58,19896.83;158.5766
20000.16,0.58,19896.83;158.5766
20000.16,0.58,19896.83;158.5766
20000.16,0.58,19896.84;158.4334
20000.16,0.58,19896.84;158.2901
20000.16,0.58,19896.84;158.124
20000.16,0.58,19896.85;157.9521
20000.16,0.58,19896.85;157.7802
20000.16,0.58,19896.85;157.6083
20000.16,0.58,19896.85;157.6083
20000.16,0.58,19896.85;157.4364
20000.15,0.58,19896.86;157.2875
20000.15,0.58,19896.86;157.1156
20000.15,0.58,19896.86;157.1156
20000.15,0.58,19896.86;157.1156
20000.15,0.58,19896.86;156.9437
20000.15,0.58,19896.87;156.7661
20000.15,0.58,19896.88;156.6171
20000.15,0.58,19896.88;156.6171
20000.14,0.58,19896.88;156.4681
20000.14,0.58,19896.89;156.2905
20000.14,0.58,19896.89;156.1129
20000.14,0.58,19896.9;155.9639
20000.14,0.58,19896.9;155.9639
20000.13,0.58,19896.9;155.792
20000.13,0.58,19896.91;155.6201
20000.13,0.58,19896.92;155.4482
20000.13,0.58,19896.92;155.4482
20000.13,0.58,19896.92;155.305
20000.13,0.58,19896.92;155.1618
20000.12,0.58,19896.93;154.9956
20000.12,0.58,19896.93;154.9956
20000.12,0.58,19896.93;154.8237
20000.12,0.58,19896.94;154.6518
20000.11,0.58,19896.95;154.5315
20000.11,0.58,19896.95;154.5315
20000.11,0.58,19896.96;154.3654
20000.11,0.58,19896.96;154.1992
20000.1,0.58,19896.97;154.1075
20000.1,0.58,19896.97;154.1075
20000.1,0.58,19896.98;154.1018
20000.09,0.58,19896.99;154.0961
20000.09,0.58,19896.99;154.0961
20000.09,0.58,19896.99;154.0961
20000.09,0.58,19896.99;154.0903
20000.09,0.58,19896.99;154.0903
20000.09,0.58,19897.01;154.0846
20000.09,0.58,19897.01;154.0846
20000.08,0.58,19897.01;154.0789
20000.08,0.58,19897.02;154.0731
20000.08,0.58,19897.02;154.0731
20000.08,0.58,19897.02;154.0731
20000.07,0.58,19897.03;154.0674
20000.07,0.58,19897.03;154.0674
20000.07,0.58,19897.04;154.0617
20000.07,0.58,19897.04;154.0617
20000.06,0.58,19897.06;154.0617
20000.06,0.58,19897.06;154.0617
20000.06,0.58,19897.07;154.0617
20000.05,0.58,19897.08;154.056
20000.04,0.58,19897.09;154.056
20000.04,0.58,19897.09;154.056
20000.04,0.58,19897.1;154.056
20000.03,0.58,19897.11;153.9414
20000.03,0.58,19897.11;153.9414
20000.03,0.58,19897.13;153.7981
20000.03,0.58,19897.13;153.7981
20000.02,0.58,19897.14;153.6549
20000.02,0.58,19897.15;153.483
20000.01,0.58,19897.16;153.3226
20000.01,0.58,19897.16;153.3226
20000.01,0.58,19897.16;153.3226
20000,0.58,19897.17;153.1621
20000,0.58,19897.18;153.0189
19999.99,0.58,19897.2;152.8585
19999.99,0.58,19897.2;152.8585
19999.99,0.58,19897.2;152.8585
19999.99,0.58,19897.21;152.6923
19999.98,0.58,19897.22;152.5261
19999.97,0.58,19897.23;152.3886
19999.97,0.58,19897.23;152.3886
19999.97,0.58,19897.24;152.2511
19999.96,0.58,19897.25;152.0907
19999.96,0.58,19897.26;151.9245
19999.96,0.58,19897.26;151.9245
19999.95,0.58,19897.28;151.7584
19999.94,0.58,19897.29;151.6209
19999.94,0.58,19897.3;151.4547
19999.94,0.58,19897.3;151.4547
19999.94,0.58,19897.3;151.4547
19999.93,0.58,19897.31;151.2886
19999.92,0.58,19897.33;151.1453
19999.91,0.58,19897.34;151.0135
19999.91,0.58,19897.35;150.8817
19999.9,0.58,19897.36;150.7385
19999.9,0.58,19897.37;150.5895
19999.9,0.58,19897.37;150.5895
19999.89,0.58,19897.38;150.4406
19999.88,0.58,19897.39;150.3088
19999.88,0.58,19897.4;150.1483
19999.88,0.58,19897.4;150.1483
19999.88,0.58,19897.4;150.1483
19999.87,0.58,19897.42;149.9879
19999.87,0.58,19897.42;149.8275
19999.87,0.58,19897.43;149.69
19999.87,0.58,19897.43;149.69
19999.87,0.58,19897.43;149.5525
19999.87,0.58,19897.43;149.392
19999.87,0.58,19897.43;149.2316
19999.87,0.58,19897.43;149.2316
19999.87,0.58,19897.43;149.2316
19999.87,0.58,19897.43;149.0884
19999.87,0.58,19897.43;149.0884
19999.87,0.58,19897.43;148.9279
19999.87,0.58,19897.43;148.9279
19999.87,0.58,19897.43;148.9279
19999.87,0.58,19897.43;148.7675
19999.87,0.58,19897.43;148.7675
19999.87,0.58,19897.43;148.6185
19999.87,0.58,19897.43;148.6185
19999.87,0.58,19897.43;148.4409
19999.87,0.58,19897.43;148.2633
19999.87,0.58,19897.43;148.0914
19999.87,0.58,19897.43;148.0914
19999.87,0.58,19897.43;148.0914
19999.87,0.58,19897.43;147.9596
19999.87,0.58,19897.43;147.8279
19999.87,0.58,19897.43;147.7362
19999.87,0.58,19897.43;147.7362
19999.87,0.58,19897.43;147.6617
19999.87,0.58,19897.43;147.5872
19999.87,0.58,19897.43;147.5185
19999.87,0.58,19897.43;147.5185
19999.87,0.58,19897.43;147.4497
19999.87,0.58,19897.43;147.381
19999.87,0.58,19897.43;147.381
19999.87,0.58,19897.43;147.381
19999.87,0.58,19897.43;147.381
19999.87,0.58,19897.43;147.3122
19999.87,0.58,19897.43;147.2435
19999.87,0.58,19897.43;147.2435
19999.87,0.58,19897.43;147.2435
19999.87,0.58,19897.43;147.1747
19999.87,0.58,19897.43;147.1747
19999.87,0.58,19897.43;147.106
19999.87,0.58,19897.43;147.106
19999.86,0.58,19897.43;147.0372
19999.86,0.58,19897.43;147.0372
19999.86,0.58,19897.43;147.0372
19999.86,0.58,19897.43;147.0315
19999.86,0.58,19897.43;147.0315
19999.86,0.58,19897.43;147.0315
19999.86,0.58,19897.43;147.0315
19999.86,0.58,19897.43;147.0315
19999.86,0.58,19897.43;146.871
19999.86,0.58,19897.44;146.6934
19999.86,0.58,19897.44;146.6934
19999.86,0.58,19897.44;146.6934
19999.86,0.58,19897.44;146.5158
19999.86,0.58,19897.44;146.3726
19999.86,0.58,19897.44;146.2064
19999.86,0.58,19897.44;146.2064
19999.86,0.58,19897.44;146.0403
19999.86,0.58,19897.44;145.8913
19999.86,0.58,19897.44;145.8913
19999.86,0.58,19897.44;145.7251
19999.86,0.58,19897.44;145.7251
19999.86,0.58,19897.44;145.559
19999.86,0.58,19897.44;145.3928
19999.86,0.58,19897.44;145.2267
19999.85,0.58,19897.44;145.0777
19999.85,0.58,19897.44;145.0777
19999.85,0.58,19897.44;144.9287
19999.85,0.58,19897.45;144.7568
19999.85,0.58,19897.45;144.5907
19999.85,0.58,19897.45;144.5907
19999.85,0.58,19897.45;144.4245
19999.85,0.58,19897.45;144.2813
19999.85,0.58,19897.45;144.138
19999.84,0.58,19897.46;143.9661
19999.84,0.58,19897.46;143.9661
19999.84,0.58,19897.46;143.7943
19999.84,0.58,19897.47;143.6281
19999.83,0.58,19897.47;143.4849
19999.83,0.58,19897.47;143.4849
19999.83,0.58,19897.47;143.3416
19999.83,0.58,19897.47;143.1697
19999.83,0.58,19897.47;142.9978
19999.83,0.58,19897.47;142.8317
19999.83,0.58,19897.47;142.8317
19999.83,0.58,19897.47;142.6656
19999.83,0.58,19897.47;142.528
19999.83,0.58,19897.47;142.3791
19999.83,0.58,19897.47;142.3791
19999.83,0.58,19897.47;142.3791
19999.83,0.58,19897.47;142.2301
19999.83,0.58,19897.47;142.0811
19999.83,0.58,19897.47;141.9379
19999.83,0.58,19897.47;141.9379
19999.83,0.58,19897.47;141.9379
19999.83,0.58,19897.48;141.7775
19999.83,0.58,19897.48;141.617
19999.83,0.58,19897.48;141.4451
19999.83,0.58,19897.48;141.4451
19999.83,0.58,19897.48;141.2732
19999.82,0.58,19897.48;141.13
19999.82,0.58,19897.48;140.9639
19999.82,0.58,19897.48;140.9639
19999.82,0.58,19897.48;140.9639
19999.82,0.58,19897.48;140.7977
19999.82,0.58,19897.48;140.7977
19999.82,0.58,19897.49;140.6544
19999.82,0.58,19897.49;140.6544
19999.82,0.58,19897.49;140.6544
19999.82,0.58,19897.49;140.4826
19999.82,0.58,19897.49;140.3107
19999.81,0.58,19897.49;140.1388
19999.81,0.58,19897.49;140.1388
19999.81,0.58,19897.5;140.0013
19999.81,0.58,19897.5;140.0013
19999.81,0.58,19897.5;139.8294
19999.81,0.58,19897.5;139.8294
19999.81,0.58,19897.5;139.8294
19999.81,0.58,19897.5;139.669
19999.8,0.58,19897.51;139.5085
19999.8,0.58,19897.51;139.4054
19999.8,0.58,19897.51;139.4054
19999.8,0.58,19897.51;139.3309
19999.79,0.58,19897.52;139.2564
19999.79,0.58,19897.52;139.1361
19999.79,0.58,19897.52;139.1361
19999.79,0.58,19897.53;139.0387
19999.79,0.58,19897.53;139.0387
19999.78,0.58,19897.53;138.9413
19999.78,0.58,19897.54;138.8955
19999.77,0.58,19897.54;138.8496
19999.77,0.58,19897.54;138.8496
19999.77,0.58,19897.55;138.8038
19999.76,0.58,19897.55;138.7751
19999.76,0.58,19897.55;138.7751
19999.76,0.58,19897.56;138.7465
19999.76,0.58,19897.56;138.7465
19999.76,0.58,19897.56;138.7178
19999.76,0.58,19897.56;138.7178
19999.75,0.58,19897.57;138.6892
19999.75,0.58,19897.57;138.6892
19999.75,0.58,19897.57;138.6606
19999.75,0.58,19897.57;138.6606
19999.74,0.58,19897.58;138.6319
19999.74,0.58,19897.58;138.6319
19999.74,0.58,19897.58;138.6319
19999.73,0.58,19897.59;138.6033
19999.73,0.58,19897.59;138.6033
19999.73,0.58,19897.59;138.6033
19999.73,0.58,19897.59;138.6033
19999.73,0.58,19897.59;138.6033
19999.72,0.58,19897.6;138.5804
19999.71,0.58,19897.61;138.5574
19999.71,0.58,19897.62;138.4142
19999.71,0.58,19897.62;138.4142
19999.7,0.58,19897.63;138.271
19999.69,0.58,19897.63;138.1048
19999.69,0.58,19897.64;137.973
19999.69,0.58,19897.64;137.973
19999.69,0.58,19897.64;137.973
19999.68,0.58,19897.65;137.8069
19999.67,0.58,19897.66;137.6407
19999.66,0.58,19897.67;137.4803
19999.66,0.58,19897.67;137.4803
19999.66,0.58,19897.67;137.3199
19999.65,0.58,19897.68;137.1823
19999.64,0.58,19897.69;137.0276
19999.64,0.58,19897.69;137.0276
19999.63,0.58,19897.7;136.8729
19999.63,0.58,19897.71;136.7125
19999.62,0.58,19897.71;136.5807
19999.62,0.58,19897.72;136.4489
19999.61,0.58,19897.72;136.2828
19999.6,0.58,19897.73;136.1223
19999.6,0.58,19897.73;136.1223
19999.59,0.58,19897.74;135.9619
19999.58,0.58,19897.75;135.8244
19999.58,0.58,19897.76;135.6697
19999.58,0.58,19897.76;135.6697
19999.57,0.58,19897.77;135.515
19999.56,0.58,19897.77;135.3718
19999.55,0.58,19897.78;135.2285
19999.54,0.58,19897.79;135.1082
19999.54,0.58,19897.79;135.1082
19999.54,0.58,19897.8;134.9879
19999.53,0.58,19897.8;134.8561
19999.52,0.58,19897.81;134.7186
19999.52,0.58,19897.81;134.7186
19999.52,0.58,19897.81;134.7186
19999.51,0.58,19897.82;134.5925
19999.51,0.58,19897.82;134.4665
19999.51,0.58,19897.82;134.3118
19999.51,0.58,19897.82;134.3118
19999.51,0.58,19897.83;134.1571
19999.51,0.58,19897.83;134.0138
19999.51,0.58,19897.83;134.0138
19999.5,0.58,19897.83;133.8821
19999.5,0.58,19897.83;133.8821
19999.5,0.58,19897.83;133.7274
19999.5,0.58,19897.83;133.5727
19999.5,0.58,19897.83;133.418
19999.5,0.58,19897.83;133.418
19999.5,0.58,19897.83;133.2633
19999.5,0.58,19897.83;133.1315
19999.5,0.58,19897.83;132.9997
19999.5,0.58,19897.83;132.845
19999.5,0.58,19897.83;132.845
19999.5,0.58,19897.84;132.6846
19999.5,0.58,19897.84;132.6846
19999.5,0.58,19897.84;132.5242
19999.49,0.58,19897.84;132.3866
19999.49,0.58,19897.84;132.3866
19999.49,0.58,19897.84;132.2262
19999.49,0.58,19897.84;132.0658
19999.49,0.58,19897.84;131.9054
19999.49,0.58,19897.84;131.9054
19999.49,0.58,19897.84;131.785
19999.49,0.58,19897.84;131.785
19999.49,0.58,19897.84;131.6647
19999.49,0.58,19897.84;131.6017
19999.49,0.58,19897.84;131.5673
19999.49,0.58,19897.84;131.5673
19999.49,0.58,19897.84;131.5673
19999.49,0.58,19897.84;131.5616
19999.49,0.58,19897.84;131.5616
19999.49,0.58,19897.84;131.5444
19999.49,0.58,19897.84;131.5444
19999.49,0.58,19897.84;131.5272
19999.49,0.58,19897.84;131.5272
19999.49,0.58,19897.84;131.51
19999.49,0.58,19897.84;131.51
19999.49,0.58,19897.84;131.4928
19999.49,0.58,19897.84;131.4928
19999.49,0.58,19897.84;131.4928
19999.49,0.58,19897.84;131.4756
19999.49,0.58,19897.84;131.4756
19999.49,0.58,19897.84;131.4585
19999.49,0.58,19897.84;131.4585
19999.49,0.58,19897.84;131.4184
19999.49,0.58,19897.84;131.4184
19999.49,0.58,19897.84;131.4184
19999.49,0.58,19897.84;131.2694
19999.49,0.58,19897.84;131.2694
19999.49,0.58,19897.84;131.1491
19999.49,0.58,19897.84;131.1491
19999.49,0.58,19897.84;131.0287
19999.49,0.58,19897.84;130.8626
19999.49,0.58,19897.84;130.6964
19999.49,0.58,19897.84;130.6964
19999.49,0.58,19897.84;130.6964
19999.49,0.58,19897.84;130.5532
19999.49,0.58,19897.84;130.4099
19999.49,0.58,19897.84;130.2495
19999.49,0.58,19897.84;130.2495
19999.49,0.58,19897.84;130.0891
19999.49,0.58,19897.84;129.9286
19999.49,0.58,19897.84;129.7682
19999.49,0.58,19897.84;129.625
19999.49,0.58,19897.84;129.625
19999.49,0.58,19897.84;129.4646
19999.49,0.58,19897.84;129.4646
19999.49,0.58,19897.84;129.3041
19999.49,0.58,19897.84;129.3041
19999.49,0.58,19897.84;129.1437
19999.49,0.58,19897.84;129.0062
19999.49,0.58,19897.84;128.8687
19999.49,0.58,19897.84;128.7025
19999.49,0.58,19897.84;128.7025
19999.49,0.58,19897.84;128.5364
19999.49,0.58,19897.84;128.3759
19999.49,0.58,19897.85;128.2442
19999.49,0.58,19897.85;128.2442
19999.49,0.58,19897.85;128.2442
19999.48,0.58,19897.85;128.0837
19999.48,0.58,19897.85;127.9233
19999.48,0.58,19897.85;127.7629
19999.48,0.58,19897.85;127.7629
19999.47,0.58,19897.86;127.6024
19999.47,0.58,19897.86;127.4764
19999.47,0.58,19897.86;127.3331
19999.47,0.58,19897.86;127.3331
19999.47,0.58,19897.86;127.3331
19999.47,0.58,19897.86;127.1956
19999.47,0.58,19897.86;127.0581
19999.47,0.58,19897.86;126.9378
19999.47,0.58,19897.86;126.9378
19999.47,0.58,19897.86;126.8175
19999.46,0.58,19897.86;126.6742
19999.46,0.58,19897.87;126.5253
19999.46,0.58,19897.87;126.5253
19999.46,0.58,19897.87;126.5253
19999.46,0.58,19897.87;126.3992
19999.45,0.58,19897.87;126.2732
19999.45,0.58,19897.88;126.1242
19999.45,0.58,19897.88;126.1242
19999.44,0.58,19897.88;125.9752
19999.44,0.58,19897.88;125.8263
19999.43,0.58,19897.88;125.6773
19999.43,0.58,19897.89;125.557
19999.43,0.58,19897.89;125.557
19999.43,0.58,19897.89;125.408
19999.42,0.58,19897.89;125.259
19999.42,0.58,19897.9;125.1101
19999.42,0.58,19897.9;125.1101
19999.41,0.58,19897.9;124.984
19999.41,0.58,19897.9;124.984
19999.41,0.58,19897.9;124.8236
19999.41,0.58,19897.9;124.8236
19999.41,0.58,19897.9;124.8236
19999.4,0.58,19897.91;124.6746
19999.39,0.58,19897.91;124.5256
19999.39,0.58,19897.92;124.3996
19999.39,0.58,19897.92;124.3996
19999.38,0.58,19897.92;124.2506
19999.38,0.58,19897.92;124.2506
19999.38,0.58,19897.93;124.1017
19999.37,0.58,19897.93;123.9584
19999.36,0.58,19897.93;123.8381
19999.36,0.58,19897.93;123.8381
19999.36,0.58,19897.94;123.7178
19999.35,0.58,19897.94;123.5803
19999.34,0.58,19897.95;123.437
19999.34,0.58,19897.95;123.437
19999.34,0.58,19897.95;123.437
19999.33,0.58,19897.95;123.2938
19999.32,0.58,19897.96;123.1563
19999.32,0.58,19897.96;122.9901
19999.32,0.58,19897.96;122.9901
19999.31,0.58,19897.97;122.8239
19999.3,0.58,19897.97;122.7036
19999.3,0.58,19897.97;122.7036
19999.29,0.58,19897.98;122.6406
19999.29,0.58,19897.98;122.6406
19999.29,0.58,19897.98;122.5776
19999.28,0.58,19897.99;122.5661
19999.27,0.58,19898;122.5489
19999.27,0.58,19898;122.5489
19999.26,0.58,19898;122.5318
19999.26,0.58,19898;122.5318
19999.25,0.58,19898.01;122.5145
19999.25,0.58,19898.01;122.5145
19999.25,0.58,19898.01;122.5145
19999.24,0.58,19898.01;122.4974
19999.24,0.58,19898.01;122.4974
19999.23,0.58,19898.02;122.4802
19999.23,0.58,19898.02;122.4802
19999.22,0.58,19898.03;122.463
19999.22,0.58,19898.03;122.463
19999.21,0.58,19898.03;122.4458
19999.21,0.58,19898.03;122.4458
19999.21,0.58,19898.03;122.4458
19999.2,0.58,19898.04;122.4286
19999.18,0.58,19898.05;122.4114
19999.17,0.58,19898.06;122.3312
19999.17,0.58,19898.06;122.3312
19999.16,0.58,19898.06;122.251
19999.15,0.58,19898.07;122.1364
19999.13,0.58,19898.08;122.0046
19999.13,0.58,19898.08;122.0046
19999.12,0.58,19898.09;121.8729
19999.11,0.58,19898.1;121.7239
19999.1,0.58,19898.1;121.5864
19999.1,0.58,19898.1;121.5864
19999.1,0.58,19898.1;121.5864
19999.08,0.58,19898.11;121.466
19999.08,0.58,19898.12;121.3457
19999.07,0.58,19898.12;121.2025
19999.07,0.58,19898.12;121.2025
19999.06,0.58,19898.13;121.0592
19999.05,0.58,19898.13;120.916
19999.04,0.58,19898.14;120.8014
19999.04,0.58,19898.14;120.8014
19999.04,0.58,19898.14;120.8014
19999.02,0.58,19898.15;120.6639
19999.01,0.58,19898.15;120.5264
19999,0.58,19898.16;120.3946
19999,0.58,19898.16;120.3946
19998.99,0.58,19898.17;120.2628
19998.97,0.58,19898.18;120.1482
19998.96,0.58,19898.18;120.0107
19998.96,0.58,19898.18;120.0107
19998.96,0.58,19898.18;120.0107
19998.95,0.58,19898.19;119.8904
19998.94,0.58,19898.2;119.7701
19998.92,0.58,19898.21;119.6383
19998.92,0.58,19898.21;119.6383
19998.91,0.58,19898.21;119.5065
19998.9,0.58,19898.22;119.369
19998.89,0.58,19898.22;119.2315
19998.88,0.58,19898.23;119.1226
19998.88,0.58,19898.23;119.1226
19998.86,0.58,19898.24;118.9966
19998.85,0.58,19898.25;118.8705
19998.83,0.58,19898.26;118.7502
19998.83,0.58,19898.26;118.7502
19998.82,0.58,19898.26;118.647
19998.82,0.58,19898.26;118.647
19998.81,0.58,19898.27;118.5267
19998.81,0.58,19898.27;118.5267
19998.8,0.58,19898.28;118.4007
19998.8,0.58,19898.28;118.4007
19998.79,0.58,19898.28;118.2746
19998.79,0.58,19898.28;118.1715
19998.79,0.58,19898.28;118.1715
19998.78,0.58,19898.29;118.0454
19998.78,0.58,19898.29;118.0454
19998.77,0.58,19898.29;117.9079
19998.77,0.58,19898.29;117.9079
19998.76,0.58,19898.29;117.7933
19998.76,0.58,19898.29;117.7933
19998.75,0.58,19898.3;117.6787
19998.75,0.58,19898.3;117.5527
19998.75,0.58,19898.3;117.5527
19998.74,0.58,19898.3;117.4209
19998.74,0.58,19898.3;117.4209
19998.74,0.58,19898.3;117.2891
19998.74,0.58,19898.31;117.1745
19998.74,0.58,19898.31;117.0313
19998.74,0.58,19898.31;117.0313
19998.73,0.58,19898.31;116.888
19998.73,0.58,19898.31;116.7505
19998.73,0.58,19898.31;116.7505
19998.73,0.58,19898.31;116.6302
19998.73,0.58,19898.31;116.6302
19998.72,0.58,19898.31;116.5099
19998.72,0.58,19898.32;116.3666
19998.72,0.58,19898.32;116.2348
19998.72,0.58,19898.32;116.2348
19998.72,0.58,19898.32;116.2348
19998.71,0.58,19898.32;116.1088
19998.71,0.58,19898.32;116.1088
19998.71,0.58,19898.32;115.9713
19998.71,0.58,19898.32;115.9713
19998.71,0.58,19898.32;115.8337
19998.71,0.58,19898.32;115.8337
19998.71,0.58,19898.32;115.7249
19998.71,0.58,19898.32;115.7249
19998.71,0.58,19898.32;115.7249
19998.71,0.58,19898.32;115.616
19998.71,0.58,19898.32;115.5415
19998.71,0.58,19898.32;115.49
19998.71,0.58,19898.32;115.49
19998.71,0.58,19898.32;115.4384
19998.71,0.58,19898.32;115.4384
19998.71,0.58,19898.32;115.3869
19998.71,0.58,19898.32;115.3811
19998.71,0.58,19898.32;115.3811
19998.71,0.58,19898.32;115.3754
19998.71,0.58,19898.32;115.3754
19998.71,0.58,19898.32;115.3697
19998.71,0.58,19898.32;115.3697
19998.71,0.58,19898.32;115.3697
19998.71,0.58,19898.32;115.3639
19998.71,0.58,19898.32;115.3582
19998.71,0.58,19898.32;115.3582
19998.71,0.58,19898.32;115.3582
19998.71,0.58,19898.32;115.3582
19998.71,0.58,19898.32;115.3525
19998.71,0.58,19898.32;115.3467
19998.71,0.58,19898.32;115.3467
19998.71,0.58,19898.32;115.3467
19998.71,0.58,19898.32;115.341
19998.71,0.58,19898.32;115.341
19998.71,0.58,19898.32;115.3353
19998.71,0.58,19898.32;115.3353
19998.71,0.58,19898.32;115.3353
19998.71,0.58,19898.32;115.3296
19998.71,0.58,19898.32;115.2665
19998.71,0.58,19898.32;115.1806
19998.71,0.58,19898.32;115.1806
19998.71,0.58,19898.32;115.0946
19998.71,0.58,19898.32;115.003
19998.71,0.58,19898.32;114.9113
19998.71,0.58,19898.32;114.7623
19998.71,0.58,19898.32;114.7623
19998.71,0.58,19898.32;114.6133
19998.71,0.58,19898.32;114.4758
19998.7,0.58,19898.32;114.3383
19998.7,0.58,19898.32;114.2123
19998.7,0.58,19898.32;114.2123
19998.7,0.58,19898.32;114.0747
19998.7,0.58,19898.32;113.9372
19998.7,0.58,19898.32;113.7997
19998.7,0.58,19898.32;113.7997
19998.7,0.58,19898.33;113.6851
19998.7,0.58,19898.33;113.6851
19998.7,0.58,19898.33;113.5419
19998.7,0.58,19898.33;113.5419
19998.7,0.58,19898.33;113.5419
19998.69,0.58,19898.33;113.4216
19998.69,0.58,19898.33;113.3012
19998.69,0.58,19898.33;113.1637
19998.69,0.58,19898.33;113.1637
19998.69,0.58,19898.33;113.0262
19998.69,0.58,19898.33;113.0262
19998.68,0.58,19898.33;112.883
19998.68,0.58,19898.33;112.883
19998.68,0.58,19898.33;112.883
19998.68,0.58,19898.33;112.7626
19998.67,0.58,19898.34;112.6423
19998.66,0.58,19898.34;112.4991
19998.66,0.58,19898.34;112.4991
19998.66,0.58,19898.34;112.3673
19998.66,0.58,19898.34;112.3673
19998.65,0.58,19898.35;112.2355
19998.64,0.58,19898.35;112.1152
19998.64,0.58,19898.35;112.1152
19998.64,0.58,19898.35;111.972
19998.64,0.58,19898.35;111.8287
19998.63,0.58,19898.35;111.7027
19998.63,0.58,19898.35;111.7027
19998.63,0.58,19898.35;111.5881
19998.63,0.58,19898.35;111.5881
19998.63,0.58,19898.36;111.4735
19998.62,0.58,19898.36;111.3531
19998.62,0.58,19898.36;111.2214
19998.62,0.58,19898.36;111.2214
19998.61,0.58,19898.36;111.0896
19998.61,0.58,19898.36;110.9807
19998.61,0.58,19898.36;110.9807
19998.6,0.58,19898.36;110.8489
19998.6,0.58,19898.36;110.8489
19998.6,0.58,19898.37;110.7171
19998.6,0.58,19898.37;110.5854
19998.59,0.58,19898.37;110.4708
19998.59,0.58,19898.37;110.4708
19998.59,0.58,19898.37;110.339
19998.58,0.58,19898.37;110.2072
19998.58,0.58,19898.37;110.0926
19998.58,0.58,19898.37;110.0926
19998.57,0.58,19898.38;109.978
19998.56,0.58,19898.38;109.8462
19998.56,0.58,19898.38;109.7087
19998.56,0.58,19898.38;109.7087
19998.56,0.58,19898.38;109.7087
19998.55,0.58,19898.38;109.5712
19998.55,0.58,19898.38;109.4509
19998.54,0.58,19898.39;109.3076
19998.54,0.58,19898.39;109.3076
19998.54,0.58,19898.39;109.1644
19998.53,0.58,19898.39;109.0212
19998.53,0.58,19898.39;108.8779
19998.52,0.58,19898.39;108.7576
19998.52,0.58,19898.39;108.7576
19998.51,0.58,19898.4;108.6373
19998.51,0.58,19898.4;108.4998
19998.51,0.58,19898.4;108.3623
19998.51,0.58,19898.4;108.3623
19998.5,0.58,19898.4;108.2247
19998.49,0.58,19898.4;108.1102
19998.48,0.58,19898.41;107.9726
19998.48,0.58,19898.41;107.9726
19998.48,0.58,19898.41;107.9726
19998.48,0.58,19898.41;107.8409
19998.47,0.58,19898.41;107.7091
19998.46,0.58,19898.41;107.6403
19998.46,0.58,19898.41;107.6403
19998.45,0.58,19898.42;107.5716
19998.45,0.58,19898.42;107.4627
19998.44,0.58,19898.42;107.4226
19998.44,0.58,19898.42;107.4226
19998.44,0.58,19898.42;107.4226
19998.43,0.58,19898.42;107.394
19998.42,0.58,19898.43;107.3653
19998.41,0.58,19898.43;107.3596
19998.41,0.58,19898.43;107.3596
19998.41,0.58,19898.43;107.3538
19998.41,0.58,19898.43;107.3538
19998.4,0.58,19898.43;107.3481
19998.4,0.58,19898.43;107.3481
19998.4,0.58,19898.43;107.3481
19998.39,0.58,19898.44;107.3424
19998.38,0.58,19898.44;107.3366
19998.38,0.58,19898.44;107.3366
19998.38,0.58,19898.44;107.3366
19998.37,0.58,19898.44;107.3309
19998.37,0.58,19898.44;107.3309
19998.36,0.58,19898.44;107.3252
19998.36,0.58,19898.44;107.3252
19998.36,0.58,19898.44;107.3252
19998.35,0.58,19898.45;107.3195
19998.34,0.58,19898.45;107.3137
19998.34,0.58,19898.45;107.3137
19998.34,0.58,19898.45;107.3137
19998.33,0.58,19898.45;107.308
19998.33,0.58,19898.45;107.308
19998.32,0.58,19898.46;107.3023
19998.32,0.58,19898.46;107.3023
19998.32,0.58,19898.46;107.3023
19998.31,0.58,19898.46;107.3023
19998.31,0.58,19898.46;107.3023
19998.29,0.58,19898.46;107.3023
19998.29,0.58,19898.46;107.3023
19998.28,0.58,19898.47;107.1819
19998.28,0.58,19898.47;107.1819
19998.27,0.58,19898.47;107.0616
19998.25,0.58,19898.48;106.947
19998.25,0.58,19898.48;106.947
19998.24,0.58,19898.48;106.821
19998.24,0.58,19898.48;106.821
19998.23,0.58,19898.48;106.6949
19998.22,0.58,19898.49;106.5631
19998.21,0.58,19898.49;106.4485
19998.21,0.58,19898.49;106.4485
19998.21,0.58,19898.49;106.4485
19998.19,0.58,19898.5;106.3339
19998.18,0.58,19898.5;106.2021
19998.17,0.58,19898.5;106.0704
19998.17,0.58,19898.5;106.0704
19998.16,0.58,19898.51;105.9386
19998.15,0.58,19898.51;105.824
19998.13,0.58,19898.51;105.7094
19998.12,0.58,19898.52;105.5776
19998.12,0.58,19898.52;105.5776
19998.11,0.58,19898.52;105.4458
19998.1,0.58,19898.52;105.3198
19998.09,0.58,19898.53;105.2109
19998.09,0.58,19898.53;105.2109
19998.08,0.58,19898.53;105.0791
19998.07,0.58,19898.53;104.9473
19998.07,0.58,19898.53;104.9473
19998.07,0.58,19898.53;104.9473
19998.06,0.58,19898.53;104.8385
19998.04,0.58,19898.54;104.7296
19998.03,0.58,19898.54;104.6093
19998.03,0.58,19898.54;104.6093
19998.02,0.58,19898.54;104.4889
19998,0.58,19898.55;104.3686
19997.99,0.58,19898.55;104.2712
19997.99,0.58,19898.55;104.2712
19997.99,0.58,19898.55;104.2712
19997.98,0.58,19898.55;104.1738
19997.96,0.58,19898.56;104.0592
19997.95,0.58,19898.56;103.9503
19997.95,0.58,19898.56;103.9503
19997.94,0.58,19898.56;103.8415
19997.93,0.58,19898.56;103.7441
19997.93,0.58,19898.57;103.6467
19997.92,0.58,19898.57;103.5206
19997.92,0.58,19898.57;103.5206
19997.91,0.58,19898.57;103.3946
19997.9,0.58,19898.57;103.28
19997.9,0.58,19898.57;103.1711
19997.9,0.58,19898.57;103.1711
19997.9,0.58,19898.57;103.1711
19997.89,0.58,19898.57;103.0508
19997.88,0.58,19898.58;102.9304
19997.88,0.58,19898.58;102.8159
19997.88,0.58,19898.58;102.8159
19997.87,0.58,19898.58;102.7013
19997.87,0.58,19898.58;102.5924
19997.86,0.58,19898.58;102.4663
19997.86,0.58,19898.58;102.4663
19997.86,0.58,19898.58;102.4663
19997.86,0.58,19898.58;102.3403
19997.86,0.58,19898.58;102.3403
19997.86,0.58,19898.58;102.2314
19997.86,0.58,19898.58;102.2314
19997.86,0.58,19898.58;102.1225
19997.86,0.58,19898.58;101.9965
19997.86,0.58,19898.58;101.8704
19997.86,0.58,19898.58;101.7444
19997.86,0.58,19898.58;101.7444
19997.86,0.58,19898.58;101.6355
19997.86,0.58,19898.58;101.5266
19997.85,0.58,19898.58;101.4063
19997.85,0.58,19898.58;101.4063
19997.85,0.58,19898.58;101.4063
19997.85,0.58,19898.58;101.2745
19997.85,0.58,19898.58;101.1427
19997.85,0.58,19898.58;101.0339
19997.85,0.58,19898.58;101.0339
19997.85,0.58,19898.58;100.9136
19997.85,0.58,19898.58;100.9136
19997.85,0.58,19898.58;100.7875
19997.85,0.58,19898.58;100.7875
19997.85,0.58,19898.58;100.7875
19997.85,0.58,19898.58;100.7245
19997.85,0.58,19898.58;100.6615
19997.85,0.58,19898.58;100.6328
19997.85,0.58,19898.58;100.6328
19997.85,0.58,19898.58;100.6042
19997.85,0.58,19898.58;100.5755
19997.85,0.58,19898.58;100.5755
19997.85,0.58,19898.58;100.5755
19997.85,0.58,19898.58;100.5469
19997.85,0.58,19898.58;100.5469
19997.85,0.58,19898.58;100.5182
19997.85,0.58,19898.58;100.5182
19997.85,0.58,19898.58;100.5182
19997.85,0.58,19898.58;100.5182
19997.85,0.58,19898.58;100.5182
19997.85,0.58,19898.58;100.5182
19997.85,0.58,19898.58;100.5182
19997.85,0.58,19898.58;100.5182
19997.85,0.58,19898.58;100.5182
19997.85,0.58,19898.58;100.5182
19997.85,0.58,19898.58;100.5182
19997.85,0.58,19898.58;100.5182
19997.85,0.58,19898.58;100.5182
19997.85,0.58,19898.58;100.5182
19997.85,0.58,19898.58;100.5182
19997.85,0.58,19898.58;100.4953
19997.85,0.58,19898.58;100.3979
19997.85,0.58,19898.58;100.3979
19997.85,0.58,19898.58;100.3005
19997.85,0.58,19898.58;100.1572
19997.85,0.58,19898.58;100.0197
19997.85,0.58,19898.58;99.88222
19997.85,0.58,19898.58;99.76762
19997.85,0.58,19898.58;99.63583
19997.85,0.58,19898.58;99.63583
19997.85,0.58,19898.58;99.50404
19997.85,0.58,19898.58;99.378
19997.85,0.58,19898.58;99.25194
19997.85,0.58,19898.58;99.14307
19997.85,0.58,19898.58;99.14307
19997.85,0.58,19898.58;99.01702
19997.85,0.58,19898.58;98.89096
19997.85,0.58,19898.58;98.76492
19997.85,0.58,19898.58;98.76492
19997.85,0.58,19898.58;98.63885
19997.85,0.58,19898.58;98.52425
19997.85,0.58,19898.58;98.40967
19997.85,0.58,19898.58;98.27789
19997.85,0.58,19898.58;98.27789
19997.84,0.58,19898.58;98.1461
19997.84,0.58,19898.58;98.03724
19997.84,0.58,19898.59;97.90545
19997.84,0.58,19898.59;97.90545
19997.84,0.58,19898.59;97.90545
19997.83,0.58,19898.59;97.77367
19997.82,0.58,19898.59;97.63042
19997.82,0.58,19898.59;97.51583
19997.82,0.58,19898.59;97.51583
19997.81,0.58,19898.59;97.40123
19997.8,0.58,19898.59;97.26945
19997.8,0.58,19898.59;97.13766
19997.8,0.58,19898.59;97.01162
19997.8,0.58,19898.59;97.01162
19997.79,0.58,19898.59;96.88557
19997.79,0.58,19898.59;96.7767
19997.79,0.58,19898.59;96.65638
19997.79,0.58,19898.59;96.65638
19997.79,0.58,19898.59;96.53606
19997.79,0.58,19898.59;96.41573
19997.79,0.58,19898.59;96.3126
19997.79,0.58,19898.59;96.3126
19997.78,0.58,19898.59;96.20947
19997.78,0.58,19898.59;96.08914
19997.77,0.58,19898.59;95.96882
19997.77,0.58,19898.59;95.8485
19997.77,0.58,19898.59;95.8485
19997.76,0.58,19898.59;95.74537
19997.76,0.58,19898.6;95.64223
19997.75,0.58,19898.6;95.51617
19997.75,0.58,19898.6;95.51617
19997.75,0.58,19898.6;95.38438
19997.74,0.58,19898.6;95.2526
19997.74,0.58,19898.6;95.14375
19997.74,0.58,19898.6;95.14375
19997.73,0.58,19898.6;95.01197
19997.73,0.58,19898.6;95.01197
19997.73,0.58,19898.6;94.89165
19997.73,0.58,19898.6;94.89165
19997.73,0.58,19898.6;94.77705
19997.73,0.58,19898.6;94.77705
19997.72,0.58,19898.6;94.66245
19997.71,0.58,19898.6;94.51921
19997.71,0.58,19898.6;94.51921
19997.71,0.58,19898.6;94.3817
19997.71,0.58,19898.6;94.24419
19997.7,0.58,19898.6;94.13533
19997.69,0.58,19898.6;94.00927
19997.69,0.58,19898.6;94.00927
19997.69,0.58,19898.6;93.88322
19997.69,0.58,19898.6;93.88322
19997.68,0.58,19898.6;93.76862
19997.68,0.58,19898.6;93.76862
19997.68,0.58,19898.6;93.64829
19997.68,0.58,19898.6;93.64829
19997.67,0.58,19898.6;93.57381
19997.67,0.58,19898.6;93.57381
19997.67,0.58,19898.6;93.49934
19997.66,0.58,19898.6;93.40194
19997.65,0.58,19898.6;93.31026
19997.65,0.58,19898.6;93.31026
19997.65,0.58,19898.6;93.31026
19997.65,0.58,19898.6;93.21858
19997.64,0.58,19898.6;93.1441
19997.64,0.58,19898.6;93.1441
19997.64,0.58,19898.6;93.1441
19997.63,0.58,19898.6;93.06962
19997.63,0.58,19898.6;93.06962
19997.63,0.58,19898.6;92.99515
19997.63,0.58,19898.6;92.99515
19997.63,0.58,19898.6;92.99515
19997.62,0.58,19898.61;92.92066
19997.61,0.58,19898.61;92.84618
19997.61,0.58,19898.61;92.84618
19997.61,0.58,19898.61;92.84618
19997.6,0.58,19898.61;92.7717
19997.6,0.58,19898.61;92.69723
19997.6,0.58,19898.61;92.69723
19997.6,0.58,19898.61;92.69723
19997.59,0.58,19898.61;92.62274
19997.59,0.58,19898.61;92.62274
19997.58,0.58,19898.61;92.54826
19997.58,0.58,19898.61;92.54826
19997.58,0.58,19898.61;92.54826
19997.56,0.58,19898.61;92.47379
19997.55,0.58,19898.61;92.39931
19997.55,0.58,19898.61;92.39931
19997.55,0.58,19898.61;92.39931
19997.54,0.58,19898.61;92.32483
19997.54,0.58,19898.61;92.32483
19997.53,0.58,19898.61;92.25035
19997.52,0.58,19898.61;92.25035
19997.52,0.58,19898.61;92.25035
19997.51,0.58,19898.61;92.25035
19997.49,0.58,19898.61;92.25035
19997.48,0.58,19898.61;92.1644
19997.48,0.58,19898.61;92.1644
19997.48,0.58,19898.61;92.1644
19997.47,0.58,19898.61;92.07845
19997.46,0.58,19898.61;91.97531
19997.45,0.58,19898.61;91.86073
19997.45,0.58,19898.61;91.86073
19997.44,0.58,19898.61;91.74612
19997.43,0.58,19898.61;91.62582
19997.41,0.58,19898.61;91.5284
19997.41,0.58,19898.61;91.5284
19997.41,0.58,19898.61;91.5284
19997.4,0.58,19898.61;91.40808
19997.39,0.58,19898.61;91.28776
19997.38,0.58,19898.61;91.16743
19997.38,0.58,19898.61;91.16743
19997.37,0.58,19898.61;91.04711
19997.36,0.58,19898.61;90.94398
19997.35,0.58,19898.61;90.84085
19997.34,0.58,19898.61;90.71479
19997.34,0.58,19898.61;90.71479
19997.34,0.58,19898.61;90.58874
19997.33,0.58,19898.61;90.46268
19997.32,0.58,19898.61;90.34809
19997.32,0.58,19898.61;90.34809
19997.32,0.58,19898.61;90.34809
19997.31,0.58,19898.61;90.22776
19997.3,0.58,19898.61;90.10744
19997.29,0.58,19898.61;89.98138
19997.29,0.58,19898.61;89.98138
19997.28,0.58,19898.61;89.88398
19997.28,0.58,19898.61;89.88398
19997.27,0.58,19898.61;89.78658
19997.25,0.58,19898.61;89.68344
19997.25,0.58,19898.61;89.68344
19997.24,0.58,19898.61;89.5803
19997.23,0.58,19898.61;89.47717
19997.22,0.58,19898.61;89.38549
19997.22,0.58,19898.61;89.38549
19997.21,0.58,19898.61;89.27663
19997.21,0.58,19898.61;89.27663
19997.2,0.58,19898.61;89.16776
19997.19,0.58,19898.61;89.05317
19997.19,0.58,19898.61;88.95576
19997.19,0.58,19898.61;88.95576
19997.18,0.58,19898.61;88.85835
19997.18,0.58,19898.61;88.74375
19997.18,0.58,19898.61;88.74375
19997.18,0.58,19898.61;88.62916
19997.18,0.58,19898.61;88.62916
19997.17,0.58,19898.61;88.51456
19997.17,0.58,19898.61;88.41714
19997.17,0.58,19898.61;88.29683
19997.17,0.58,19898.61;88.29683
19997.17,0.58,19898.61;88.29683
19997.17,0.58,19898.61;88.17651
19997.17,0.58,19898.61;88.06191
19997.17,0.58,19898.61;87.95877
19997.17,0.58,19898.61;87.95877
19997.17,0.58,19898.61;87.85564
19997.17,0.58,19898.61;87.73532
19997.16,0.58,19898.61;87.61499
19997.16,0.58,19898.61;87.51186
19997.16,0.58,19898.61;87.39726
19997.16,0.58,19898.61;87.28268
19997.16,0.58,19898.61;87.16234
19997.16,0.58,19898.61;87.16234
19997.16,0.58,19898.61;87.04202
19997.16,0.58,19898.61;86.91597
19997.16,0.58,19898.61;86.78992
19997.16,0.58,19898.61;86.68679
19997.16,0.58,19898.61;86.68679
19997.16,0.58,19898.61;86.58366
19997.16,0.58,19898.61;86.46906
19997.16,0.58,19898.61;86.38885
19997.16,0.58,19898.61;86.38885
19997.16,0.58,19898.61;86.38885
19997.16,0.58,19898.61;86.32583
19997.16,0.58,19898.61;86.2628
19997.16,0.58,19898.61;86.23988
19997.16,0.58,19898.61;86.23988
19997.16,0.58,19898.61;86.21697
19997.16,0.58,19898.61;86.21697
19997.16,0.58,19898.61;86.19405
19997.16,0.58,19898.61;86.19405
19997.16,0.58,19898.61;86.19405
19997.16,0.58,19898.61;86.17113
19997.16,0.58,19898.61;86.17113
19997.16,0.58,19898.61;86.17113
19997.16,0.58,19898.61;86.17113
19997.16,0.58,19898.61;86.17113
19997.16,0.58,19898.61;86.17113
19997.16,0.58,19898.61;86.17113
19997.16,0.58,19898.61;86.17113
19997.16,0.58,19898.61;86.17113
19997.16,0.58,19898.61;86.17113
19997.16,0.58,19898.61;86.17113
19997.16,0.58,19898.61;86.17113
19997.16,0.58,19898.61;86.17113
19997.16,0.58,19898.61;86.17113
19997.16,0.58,19898.61;86.17113
19997.16,0.58,19898.61;86.17113
19997.16,0.58,19898.61;86.17113
19997.16,0.58,19898.61;86.17113
19997.16,0.58,19898.61;86.17113
19997.16,0.58,19898.61;86.17113
19997.16,0.58,19898.61;86.17113
19997.16,0.58,19898.61;86.07946
19997.16,0.58,19898.61;86.07946
19997.16,0.58,19898.61;86.07946
19997.16,0.58,19898.61;85.96487
19997.16,0.58,19898.61;85.85027
19997.16,0.58,19898.61;85.71849
19997.16,0.58,19898.61;85.71849
19997.16,0.58,19898.61;85.5867
19997.16,0.58,19898.61;85.46066
19997.16,0.58,19898.61;85.35751
19997.16,0.58,19898.61;85.35751
19997.16,0.58,19898.61;85.35751
19997.16,0.58,19898.61;85.24293
19997.16,0.58,19898.61;85.12833
19997.16,0.58,19898.61;85.00801
19997.16,0.58,19898.61;85.00801
19997.16,0.58,19898.61;85.00801
19997.16,0.58,19898.61;84.9106
19997.16,0.58,19898.61;84.81319
19997.16,0.58,19898.61;84.69286
19997.16,0.58,19898.61;84.69286
19997.16,0.58,19898.61;84.56681
19997.16,0.58,19898.61;84.44076
19997.16,0.58,19898.61;84.33189
19997.16,0.58,19898.61;84.33189
19997.15,0.58,19898.61;84.20583
19997.15,0.58,19898.61;84.20583
19997.15,0.58,19898.61;84.07977
19997.14,0.58,19898.61;83.95373
19997.14,0.58,19898.61;83.95373
19997.13,0.58,19898.61;83.83913
19997.13,0.58,19898.61;83.83913
19997.13,0.58,19898.61;83.72454
19997.13,0.58,19898.61;83.59848
19997.13,0.58,19898.61;83.47243
19997.13,0.58,19898.61;83.47243
19997.12,0.58,19898.61;83.34637
19997.12,0.58,19898.61;83.24897
19997.12,0.58,19898.61;83.14011
19997.12,0.58,19898.61;83.14011
19997.12,0.58,19898.61;83.03123
19997.12,0.58,19898.61;82.92236
19997.12,0.58,19898.61;82.81923
19997.12,0.58,19898.61;82.81923
19997.11,0.58,19898.61;82.71609
19997.11,0.58,19898.61;82.60149
19997.11,0.58,19898.61;82.48117
19997.11,0.58,19898.61;82.36085
19997.1,0.58,19898.61;82.26344
19997.1,0.58,19898.61;82.26344
19997.1,0.58,19898.61;82.13738
19997.1,0.58,19898.61;82.13738
19997.1,0.58,19898.61;82.01133
19997.1,0.58,19898.61;81.89101
19997.1,0.58,19898.61;81.79361
19997.1,0.58,19898.61;81.79361
19997.1,0.58,19898.61;81.6962
19997.09,0.58,19898.6;81.57587
19997.09,0.58,19898.6;81.45555
19997.09,0.58,19898.6;81.33524
19997.09,0.58,19898.6;81.33524
19997.09,0.58,19898.6;81.2149
19997.08,0.58,19898.6;81.11177
19997.08,0.58,19898.6;80.99144
19997.08,0.58,19898.6;80.99144
19997.08,0.58,19898.6;80.99144
19997.08,0.58,19898.6;80.87112
19997.07,0.58,19898.6;80.74506
19997.07,0.58,19898.6;80.64193
19997.07,0.58,19898.6;80.64193
19997.07,0.58,19898.6;80.64193
19997.06,0.58,19898.6;80.53879
19997.06,0.58,19898.6;80.41846
19997.06,0.58,19898.6;80.29813
19997.06,0.58,19898.6;80.29813
19997.05,0.58,19898.6;80.17783
19997.04,0.58,19898.6;80.08041
19997.04,0.58,19898.6;80.00594
19997.04,0.58,19898.6;80.00594
19997.04,0.58,19898.6;80.00594
19997.04,0.58,19898.59;79.93146
19997.03,0.58,19898.59;79.81113
19997.03,0.58,19898.59;79.75385
19997.03,0.58,19898.59;79.75385
19997.03,0.58,19898.59;79.75385
19997.03,0.58,19898.59;79.69656
19997.02,0.58,19898.59;79.6851
19997.02,0.58,19898.59;79.6851
19997.02,0.58,19898.59;79.6851
19997.02,0.58,19898.59;79.67365
19997.02,0.58,19898.59;79.67365
19997.01,0.58,19898.59;79.66219
19997.01,0.58,19898.59;79.66219
19997.01,0.58,19898.59;79.66219
19997.01,0.58,19898.59;79.65073
19997.01,0.58,19898.59;79.63928
19997.01,0.58,19898.59;79.63928
19997.01,0.58,19898.59;79.63928
19997,0.58,19898.59;79.62782
19997,0.58,19898.59;79.62782
19996.99,0.58,19898.59;79.61636
19996.99,0.58,19898.59;79.61636
19996.99,0.58,19898.59;79.61636
19996.98,0.58,19898.59;79.6049
19996.97,0.58,19898.58;79.59344
19996.97,0.58,19898.58;79.59344
19996.97,0.58,19898.58;79.59344
19996.97,0.58,19898.58;79.59344
19996.97,0.58,19898.58;79.58199
19996.96,0.58,19898.58;79.57053
19996.96,0.58,19898.58;79.57053
19996.96,0.58,19898.58;79.57053
19996.95,0.58,19898.58;79.57053
19996.95,0.58,19898.58;79.57053
19996.94,0.58,19898.58;79.49604
19996.94,0.58,19898.58;79.49604
19996.94,0.58,19898.58;79.49604
19996.93,0.58,19898.58;79.4101
19996.92,0.58,19898.57;79.32414
19996.91,0.58,19898.57;79.1981
19996.91,0.58,19898.57;79.1981
19996.9,0.58,19898.57;79.08924
19996.9,0.58,19898.57;79.08924
19996.89,0.58,19898.57;78.99184
19996.89,0.58,19898.57;78.99184
19996.88,0.58,19898.57;78.88869
19996.88,0.58,19898.57;78.88869
19996.88,0.58,19898.56;78.78556
19996.87,0.58,19898.56;78.6767
19996.86,0.58,19898.56;78.57928
19996.86,0.58,19898.56;78.57928
19996.85,0.58,19898.56;78.48188
19996.85,0.58,19898.56;78.36728
19996.84,0.58,19898.56;78.24696
19996.84,0.58,19898.56;78.24696
19996.84,0.58,19898.56;78.24696
19996.83,0.58,19898.56;78.14384
19996.83,0.58,19898.56;78.14384
19996.83,0.58,19898.55;78.02924
19996.83,0.58,19898.55;78.02924
19996.82,0.58,19898.55;77.91465
19996.81,0.58,19898.55;77.81724
19996.81,0.58,19898.55;77.81724
19996.81,0.58,19898.55;77.81724
19996.8,0.58,19898.55;77.71983
19996.8,0.58,19898.55;77.61669
19996.79,0.58,19898.55;77.51356
19996.78,0.58,19898.54;77.4276
19996.78,0.58,19898.54;77.4276
19996.78,0.58,19898.54;77.3302
19996.77,0.58,19898.54;77.2328
19996.76,0.58,19898.54;77.13539
19996.76,0.58,19898.54;77.13539
19996.75,0.58,19898.54;77.03799
19996.75,0.58,19898.54;76.95204
19996.75,0.58,19898.54;76.84891
19996.75,0.58,19898.54;76.84891
19996.75,0.58,19898.54;76.84891
19996.75,0.58,19898.54;76.74577
19996.75,0.58,19898.54;76.63691
19996.74,0.58,19898.54;76.55096
19996.74,0.58,19898.54;76.55096
19996.74,0.58,19898.54;76.55096
19996.74,0.58,19898.54;76.465
19996.74,0.58,19898.54;76.35615
19996.74,0.58,19898.54;76.25301
19996.74,0.58,19898.54;76.25301
19996.74,0.58,19898.54;76.14986
19996.74,0.58,19898.54;76.05819
19996.73,0.58,19898.53;75.96651
19996.72,0.58,19898.53;75.86337
19996.72,0.58,19898.53;75.86337
19996.72,0.58,19898.53;75.76023
19996.72,0.58,19898.53;75.64564
19996.72,0.58,19898.53;75.5425
19996.72,0.58,19898.53;75.5425
19996.72,0.58,19898.53;75.5425
19996.72,0.58,19898.53;75.43935
19996.72,0.58,19898.53;75.32475
19996.72,0.58,19898.53;75.20443
19996.72,0.58,19898.53;75.20443
19996.72,0.58,19898.53;75.08411
19996.72,0.58,19898.53;74.99242
19996.72,0.58,19898.53;74.90076
19996.72,0.58,19898.53;74.78616
19996.72,0.58,19898.53;74.78616
19996.72,0.58,19898.53;74.69449
19996.72,0.58,19898.53;74.60281
19996.72,0.58,19898.53;74.49394
19996.72,0.58,19898.53;74.49394
19996.72,0.58,19898.53;74.408
19996.72,0.58,19898.53;74.32205
19996.72,0.58,19898.53;74.20745
19996.72,0.58,19898.53;74.20745
19996.72,0.58,19898.53;74.20745
19996.72,0.58,19898.53;74.19026
19996.72,0.58,19898.53;74.17307
19996.72,0.58,19898.53;74.17307
19996.72,0.58,19898.53;74.17307
19996.72,0.58,19898.53;74.15589
19996.72,0.58,19898.53;74.1387
19996.72,0.58,19898.53;74.1387
19996.72,0.58,19898.53;74.1387
19996.72,0.58,19898.53;74.1387
19996.72,0.58,19898.53;74.12151
19996.72,0.58,19898.53;74.10433
19996.72,0.58,19898.53;74.10433
19996.72,0.58,19898.53;74.10433
19996.72,0.5