20000,0.5,20000;0
20000,0.5800001,20000;0.005729198
20000,0.5800001,20000;0.005729198
20000,0.5800001,20000;0.005729198
20000,0.5800001,20000;0.005729198
20000,0.5800001,20000;0.005729198
20000,0.5800001,20000;0.005729198
20000,0.5800001,20000;0.005729198
20000,0.5800001,20000;0.0114584
20000,0.5800001,20000;0.0114584
20000,0.5800001,20000;0.0114584
20000,0.5800001,20000;0.0114584
20000,0.5800001,20000;0.0114584
20000,0.5800001,20000;0.0114584
20000,0.5800001,20000;0.0114584
20000,0.5800001,20000;0.0114584
20000,0.5800001,20000;0.0114584
20000,0.5800001,20000;0.005729198
20000,0.5800001,20000;0.005729198
20000,0.5800001,20000;0.005729198
20000,0.5800001,20000;0.005729198
20000,0.5800001,20000;0.005729198
20000,0.5800001,20000;0.005729198
20000,0.5800001,20000;0.005729198
20000,0.5800001,20000;0.005729198
20000,0.5800001,20000;0.005729198
20000,0.5800001,20000;0.005729198
20000,0.5800001,20000;0.005729198
20000,0.5800001,20000;0.005729198
20000,0.5800001,20000;0.005729198
20000,0.5800001,20000;0.005729198
20000,0.5800001,20000;0.005729198
20000,0.5800001,20000;0.005729198
20000,0.5800001,20000;0.005729198
20000,0.5800001,20000.01;0
20000,0.5800001,20000.01;0
20000,0.5800001,20000.01;0
20000,0.5800001,20000.01;0
20000,0.5800001,20000.01;0
20000,0.5800001,20000.01;0
20000,0.5800001,20000.01;0
20000,0.5800001,20000.01;0
20000,0.5800001,20000.01;0
20000,0.5800001,20000.01;-0.005729198
20000,0.5800001,20000.01;-0.005729198
20000,0.5800001,20000.01;359.9886
20000,0.5800001,20000.01;359.9886
20000,0.5800001,20000.01;359.9886
20000,0.5800001,20000.01;359.9886
20000,0.5800001,20000.01;359.9886
20000,0.5800001,20000.01;359.9886
20000,0.5800001,20000.01;359.9886
20000,0.5800001,20000.01;359.9886
20000,0.5800001,20000.01;359.9886
20000,0.5800001,20000.01;359.9886
20000,0.5800001,20000.01;359.9886
20000,0.5800001,20000.01;359.9886
20000,0.5800001,20000.01;359.9886
20000,0.5800001,20000.01;359.9886
20000,0.5800001,20000.01;359.9886
20000,0.5800001,20000.01;359.9886
20000,0.5800001,20000.01;359.9828
20000,0.5800001,20000.01;359.9828
20000,0.5800001,20000.01;359.9828
20000,0.5800001,20000.01;359.9828
20000,0.5800001,20000.01;359.9828
20000,0.5800001,20000.01;359.9771
20000,0.5800001,20000.01;359.9771
20000,0.5800001,20000.01;359.9771
20000,0.5800001,20000.01;359.9771
20000,0.5800001,20000.01;359.9771
20000,0.5800001,20000.01;359.9771
20000,0.5800001,20000.02;359.9713
20000,0.5800001,20000.02;359.9713
20000,0.5800001,20000.02;359.9713
20000,0.5800001,20000.02;359.9713
20000,0.5800001,20000.02;359.9713
20000,0.5800001,20000.02;359.9713
20000,0.5800001,20000.02;359.9713
20000,0.5800001,20000.02;359.9713
20000,0.5800001,20000.02;359.9713
20000,0.5800001,20000.02;359.9713
20000,0.5800001,20000.02;359.9713
20000,0.5800001,20000.02;359.9713
20000,0.5800001,20000.02;359.9656
20000,0.5800001,20000.02;359.9656
20000,0.5800001,20000.02;359.9656
20000,0.5800001,20000.02;359.9656
20000,0.5800001,20000.02;359.9656
20000,0.5800001,20000.02;359.9656
20000,0.5800001,20000.02;359.9656
20000,0.5800001,20000.02;359.9656
20000,0.5800001,20000.02;359.9656
20000,0.5800001,20000.02;359.9656
20000,0.5800001,20000.02;359.9656
20000,0.5800001,20000.02;359.9656
20000,0.5800001,20000.02;359.9656
20000,0.5800001,20000.02;359.9599
20000,0.5800001,20000.02;359.9599
20000,0.5800001,20000.02;359.9599
20000,0.5800001,20000.02;359.9599
20000,0.5800001,20000.02;359.9599
20000,0.5800001,20000.02;359.9599
20000,0.5800001,20000.02;359.9599
20000,0.5800001,20000.02;359.9599
20000,0.5800001,20000.02;359.9599
20000,0.5800001,20000.02;359.9599
20000,0.5800001,20000.02;359.9599
20000,0.5800001,20000.02;359.9599
20000,0.5800001,20000.02;359.9599
20000,0.5800001,20000.02;359.9599
20000,0.5800001,20000.02;359.9599
20000,0.5800001,20000.02;359.9599
20000,0.5800001,20000.02;359.9599
20000,0.5800001,20000.02;359.9599
20000,0.5800001,20000.02;359.9599
20000,0.5800001,20000.02;359.9599
20000,0.5800001,20000.02;359.9599
20000,0.5800001,20000.02;359.9599
20000,0.5800001,20000.02;359.9599
20000,0.5800001,20000.02;359.9599
20000,0.5800001,20000.02;359.9542
20000,0.5800001,20000.02;359.9542
20000,0.5800001,20000.02;359.9542
20000,0.5800001,20000.02;359.9542
20000,0.5800001,20000.02;359.9542
20000,0.5800001,20000.02;359.9484
20000,0.5800001,20000.02;359.9484
20000,0.5800001,20000.02;359.9484
20000,0.5800001,20000.02;359.9484
20000,0.5800001,20000.02;359.9484
20000,0.5800001,20000.02;359.9484
20000,0.5800001,20000.02;359.9484
20000,0.5800001,20000.02;359.9484
20000,0.5800001,20000.02;359.9484
20000,0.5800001,20000.02;359.9484
20000,0.5800001,20000.02;359.9484
20000,0.5800001,20000.02;359.9484
20000,0.5800001,20000.02;359.9484
20000,0.5800001,20000.02;359.9484
20000,0.5800001,20000.02;359.9484
20000,0.5800001,20000.03;359.9427
20000,0.5800001,20000.03;359.9427
20000,0.5800001,20000.03;359.9427
20000,0.5800001,20000.03;359.9427
20000,0.5800001,20000.03;359.9427
20000,0.5800001,20000.03;359.9427
20000,0.5800001,20000.03;359.9427
20000,0.5800001,20000.03;359.9427
20000,0.5800001,20000.03;359.9427
20000,0.5800001,20000.03;359.9427
20000,0.5800001,20000.03;359.937
20000,0.5800001,20000.03;359.937
20000,0.5800001,20000.03;359.937
20000,0.5800001,20000.03;359.937
20000,0.5800001,20000.03;359.9312
20000,0.5800001,20000.03;359.9312
20000,0.5800001,20000.03;359.9312
20000,0.5800001,20000.03;359.9312
20000,0.5800001,20000.03;359.9312
20000,0.5800001,20000.03;359.9312
20000,0.5800001,20000.03;359.9312
20000,0.5800001,20000.03;359.9312
20000,0.5800001,20000.03;359.9312
20000,0.5800001,20000.03;359.9312
20000,0.5800001,20000.03;359.9312
20000,0.5800001,20000.03;359.9312
20000,0.5800001,20000.03;359.9312
20000,0.5800001,20000.03;359.9312
20000,0.5800001,20000.03;359.9312
20000,0.5800001,20000.03;359.9312
20000,0.5800001,20000.03;359.9312
20000,0.5800001,20000.03;359.9312
20000,0.5800001,20000.03;359.9312
20000,0.5800001,20000.03;359.9312
20000,0.5800001,20000.03;359.9312
20000,0.5800001,20000.03;359.9312
20000,0.5800001,20000.03;359.9312
20000,0.5800001,20000.03;359.9312
20000,0.5800001,20000.03;359.9312
20000,0.5800001,20000.03;359.9312
20000,0.5800001,20000.03;359.9312
20000,0.5800001,20000.03;359.9255
20000,0.5800001,20000.03;359.9255
20000,0.5800001,20000.03;359.9255
20000,0.5800001,20000.03;359.9255
20000,0.5800001,20000.03;359.9255
20000,0.5800001,20000.03;359.9255
20000,0.5800001,20000.03;359.9255
20000,0.5800001,20000.03;359.9255
20000,0.5800001,20000.03;359.9255
20000,0.5800001,20000.03;359.9255
20000,0.5800001,20000.03;359.9255
20000,0.5800001,20000.03;359.9255
20000,0.5800001,20000.03;359.9255
20000,0.5800001,20000.03;359.9255
20000,0.5800001,20000.03;359.9255
20000,0.5800001,20000.03;359.9255
20000,0.5800001,20000.03;359.9255
20000,0.5800001,20000.03;359.9255
20000,0.5800001,20000.03;359.9255
20000,0.5800001,20000.03;359.9255
20000,0.5800001,20000.03;359.9255
20000,0.5800001,20000.03;359.9255
20000,0.5800001,20000.03;359.9255
20000,0.5800001,20000.03;359.9255
20000,0.5800001,20000.03;359.9255
20000,0.5800001,20000.03;359.9255
20000,0.5800001,20000.03;359.9255
20000,0.5800001,20000.03;359.9255
20000,0.5800001,20000.03;359.9255
20000,0.5800001,20000.03;359.9255
20000,0.5800001,20000.03;359.9255
20000,0.5800001,20000.03;359.9255
20000,0.5800001,20000.03;359.9255
20000,0.5800001,20000.03;359.9255
20000,0.5800001,20000.03;359.9255
20000,0.5800001,20000.03;359.9255
20000,0.5800001,20000.03;359.9255
20000,0.5800001,20000.03;359.9255
20000,0.5800001,20000.03;359.9255
20000,0.5800001,20000.03;359.9255
20000,0.5800001,20000.03;359.9255
20000,0.5800001,20000.03;359.9255
20000,0.5800001,20000.03;359.9255
20000,0.5800001,20000.03;359.9255
20000,0.5800001,20000.03;359.9255
20000,0.5800001,20000.03;359.9255
20000,0.5800001,20000.03;359.9255
20000,0.5800001,20000.03;359.9255
20000,0.5800001,20000.03;359.9255
20000,0.5800001,20000.03;359.9255
20000,0.5800001,20000.03;359.9255
20000,0.5800001,20000.03;359.9255
20000,0.5800001,20000.03;359.9255
20000,0.5800001,20000.03;359.9255
20000,0.5800001,20000.03;359.9255
20000,0.5800001,20000.03;359.9255
20000,0.5800001,20000.03;359.9198
20000,0.5800001,20000.03;359.9198
20000,0.5800001,20000.03;359.9141
20000,0.5800001,20000.03;359.9141
20000,0.5800001,20000.03;359.9083
20000,0.5800001,20000.03;359.9083
20000,0.5800001,20000.03;359.9083
20000,0.5800001,20000.03;359.9083
20000,0.5800001,20000.03;359.9083
20000,0.5800001,20000.03;359.9083
20000,0.5800001,20000.03;359.9083
20000,0.5800001,20000.03;359.9026
20000,0.5800001,20000.03;359.9026
20000,0.5800001,20000.03;359.9026
20000,0.5800001,20000.03;359.9026
20000,0.5800001,20000.03;359.9026
20000,0.5800001,20000.03;359.9026
20000,0.5800001,20000.03;359.9026
20000,0.5800001,20000.03;359.9026
20000,0.5800001,20000.03;359.9026
20000,0.5800001,20000.03;359.9026
20000,0.5800001,20000.03;359.9026
20000,0.5800001,20000.03;359.9026
20000,0.5800001,20000.03;359.9026
20000,0.5800001,20000.03;359.9026
20000,0.5800001,20000.03;359.9026
20000,0.5800001,20000.03;359.9083
20000,0.5800001,20000.03;359.9083
20000,0.5800001,20000.02;359.9141
20000,0.5800001,20000.02;359.9141
20000,0.5800001,20000.02;359.9141
20000,0.5800001,20000.02;359.9141
20000,0.5800001,20000.02;359.9141
20000,0.5800001,20000.02;359.9141
20000,0.5800001,20000.02;359.9141
20000,0.5800001,20000.02;359.9141
20000,0.5800001,20000.02;359.9141
20000,0.5800001,20000.02;359.9141
20000,0.5800001,20000.02;359.9141
20000,0.5800001,20000.02;359.9141
20000,0.5800001,20000.02;359.9141
20000,0.5800001,20000.02;359.9141
20000,0.5800001,20000.02;359.9141
20000,0.5800001,20000.02;359.9141
20000,0.5800001,20000.02;359.9141
20000,0.5800001,20000.02;359.9141
20000,0.5800001,20000.02;359.9141
20000,0.5800001,20000.02;359.9141
20000,0.5800001,20000.02;359.9141
20000,0.5800001,20000.02;359.9141
20000,0.5800001,20000.02;359.9141
20000,0.5800001,20000.02;359.9141
20000,0.5800001,20000.02;359.9141
20000,0.5800001,20000.02;359.9141
20000,0.5800001,20000.02;359.9198
20000,0.5800001,20000.02;359.9198
20000,0.5800001,20000.02;359.9198
20000,0.5800001,20000.02;359.9198
20000,0.5800001,20000.02;359.9198
20000,0.5800001,20000.02;359.9198
20000,0.5800001,20000.02;359.9198
20000,0.5800001,20000.02;359.9198
20000,0.5800001,20000.02;359.9255
20000,0.5800001,20000.02;359.9255
20000,0.5800001,20000.02;359.9255
20000,0.5800001,20000.02;359.9255
20000,0.5800001,20000.02;359.9255
20000,0.5800001,20000.02;359.9255
20000,0.5800001,20000.02;359.9255
20000,0.5800001,20000.02;359.9255
20000,0.5800001,20000.02;359.9255
20000,0.5800001,20000.02;359.9255
20000,0.5800001,20000.02;359.9255
20000,0.5800001,20000.02;359.9255
20000,0.5800001,20000.02;359.9255
20000,0.5800001,20000.02;359.9255
20000,0.5800001,20000.02;359.9255
20000,0.5800001,20000.02;359.9255
20000,0.5800001,20000.02;359.9255
20000,0.5800001,20000.02;359.9255
20000,0.5800001,20000.02;359.9312
20000,0.5800001,20000.02;359.9312
20000,0.5800001,20000.02;359.9312
20000,0.5800001,20000.02;359.937
20000,0.5800001,20000.02;359.937
20000,0.5800001,20000.02;359.937
20000,0.5800001,20000.02;359.937
20000,0.5800001,20000.02;359.937
20000,0.5800001,20000.02;359.937
20000,0.5800001,20000.02;359.9427
20000,0.5800001,20000.02;359.9427
20000,0.5800001,20000.02;359.9427
20000,0.5800001,20000.02;359.9427
20000,0.5800001,20000.02;359.9427
20000,0.5800001,20000.02;359.9427
20000,0.5800001,20000.02;359.9427
20000,0.5800001,20000.02;359.9427
20000,0.5800001,20000.02;359.9427
20000,0.5800001,20000.02;359.9427
20000,0.5800001,20000.02;359.9427
20000,0.5800001,20000.02;359.9427
20000,0.5800001,20000.02;359.9427
20000,0.5800001,20000.02;359.9427
20000,0.5800001,20000.02;359.9427
20000,0.5800001,20000.02;359.9427
20000,0.5800001,20000.02;359.9427
20000,0.5800001,20000.02;359.9427
20000,0.5800001,20000.02;359.9427
20000,0.5800001,20000.02;359.9427
20000,0.5800001,20000.02;359.9427
20000,0.5800001,20000.02;359.9427
20000,0.5800001,20000.02;359.9427
20000,0.5800001,20000.02;359.9427
20000,0.5800001,20000.02;359.9427
20000,0.5800001,20000.02;359.9427
20000,0.5800001,20000.02;359.9427
20000,0.5800001,20000.02;359.9427
20000,0.5800001,20000.02;359.9427
20000,0.5800001,20000.02;359.9427
20000,0.5800001,20000.02;359.9427
20000,0.5800001,20000.02;359.9427
20000,0.5800001,20000.02;359.9427
20000,0.5800001,20000.02;359.9484
20000,0.5800001,20000.02;359.9484
20000,0.5800001,20000.02;359.9484
20000,0.5800001,20000.02;359.9484
20000,0.5800001,20000.02;359.9484
20000,0.5800001,20000.02;359.9484
20000,0.5800001,20000.02;359.9484
20000,0.5800001,20000.02;359.9484
20000,0.5800001,20000.02;359.9484
20000,0.5800001,20000.02;359.9484
20000,0.5800001,20000.02;359.9484
20000,0.5800001,20000.02;359.9484
20000,0.5800001,20000.02;359.9484
20000,0.5800001,20000.02;359.9542
20000,0.5800001,20000.02;359.9542
20000,0.5800001,20000.02;359.9542
20000,0.5800001,20000.02;359.9542
20000,0.5800001,20000.02;359.9542
20000,0.5800001,20000.02;359.9542
20000,0.5800001,20000.02;359.9542
20000,0.5800001,20000.02;359.9542
20000,0.5800001,20000.02;359.9542
20000,0.5800001,20000.02;359.9542
20000,0.5800001,20000.02;359.9542
20000,0.5800001,20000.02;359.9599
20000,0.5800001,20000.02;359.9599
20000,0.5800001,20000.02;359.9599
20000,0.5800001,20000.02;359.9599
20000,0.5800001,20000.01;359.9656
20000,0.5800001,20000.01;359.9656
20000,0.5800001,20000.01;359.9656
20000,0.5800001,20000.01;359.9656
20000,0.5800001,20000.01;359.9656
20000,0.5800001,20000.01;359.9656
20000,0.5800001,20000.01;359.9656
20000,0.5800001,20000.01;359.9656
20000,0.5800001,20000.01;359.9713
20000,0.5800001,20000.01;359.9713
20000,0.5800001,20000.01;359.9713
20000,0.5800001,20000.01;359.9713
20000,0.5800001,20000.01;359.9713
20000,0.5800001,20000.01;359.9713
20000,0.5800001,20000.01;359.9713
20000,0.5800001,20000.01;359.9713
20000,0.5800001,20000.01;359.9713
20000,0.5800001,20000.01;359.9713
20000,0.5800001,20000.01;359.9713
20000,0.5800001,20000.01;359.9713
20000,0.5800001,20000.01;359.9713
20000,0.5800001,20000.01;359.9713
20000,0.5800001,20000.01;359.9713
20000,0.5800001,20000.01;359.9713
20000,0.5800001,20000.01;359.9713
20000,0.5800001,20000.01;359.9771
20000,0.5800001,20000.01;359.9771
20000,0.5800001,20000.01;359.9771
20000,0.5800001,20000.01;359.9771
20000,0.5800001,20000.01;359.9771
20000,0.5800001,20000.01;359.9771
20000,0.5800001,20000.01;359.9771
20000,0.5800001,20000.01;359.9771
20000,0.5800001,20000.01;359.9771
20000,0.5800001,20000.01;359.9771
20000,0.5800001,20000.01;359.9771
20000,0.5800001,20000.01;359.9828
20000,0.5800001,20000.01;359.9828
20000,0.5800001,20000.01;359.9828
20000,0.5800001,20000.01;359.9828
20000,0.5800001,20000.01;359.9828
20000,0.5800001,20000.01;359.9828
20000,0.5800001,20000.01;359.9828
20000,0.5800001,20000.01;359.9828
20000,0.5800001,20000.01;359.9828
20000,0.5800001,20000.01;359.9828
20000,0.5800001,20000.01;359.9828
20000,0.5800001,20000.01;359.9828
20000,0.5800001,20000.01;359.9828
20000,0.5800001,20000.01;359.9828
20000,0.5800001,20000.01;359.9828
20000,0.5800001,20000.01;359.9828
20000,0.5800001,20000.01;359.9828
20000,0.5800001,20000.01;359.9828
20000,0.5800001,20000.01;359.9828
20000,0.5800001,20000.01;359.9828
20000,0.5800001,20000.01;359.9828
20000,0.5800001,20000.01;359.9828
20000,0.5800001,20000.01;359.9828
20000,0.5800001,20000.01;359.9828
20000,0.5800001,20000.01;359.9828
20000,0.5800001,20000.01;359.9828
20000,0.5800001,20000.01;359.9828
20000,0.5800001,20000.01;359.9828
20000,0.5800001,20000.01;359.9828
20000,0.5800001,20000.01;359.9828
20000,0.5800001,20000.01;359.9828
20000,0.5800001,20000.01;359.9828
20000,0.5800001,20000.01;359.9828
20000,0.5800001,20000.01;359.9828
20000,0.5800001,20000.01;359.9828
20000,0.5800001,20000;359.9828
20000,0.5800001,20000;359.9828
20000,0.5800001,20000;359.9828
20000,0.5800001,20000;359.9828
20000,0.5800001,20000;359.9828
20000,0.5800001,20000;359.9828
20000,0.5800001,20000;359.9828
20000,0.5800001,20000;359.9828
20000,0.5800001,20000;359.9828
20000,0.5800001,20000;359.9828
20000,0.5800001,20000;359.9828
20000,0.5800001,20000;359.9828
20000,0.5800001,20000;359.9828
20000,0.5800001,20000;359.9828
20000,0.5800001,20000;359.9828
20000,0.5800001,20000;359.9828
20000,0.5800001,20000;359.9828
20000,0.5800001,20000;359.9828
20000,0.5800001,20000;359.9828
20000,0.5800001,20000;359.9828
20000,0.5800001,20000;359.9828
20000,0.5800001,20000;359.9828
20000,0.5800001,20000;359.9828
20000,0.5800001,20000;359.9828
20000,0.5800001,20000;359.9828
20000,0.5800001,20000;359.9828
20000,0.5800001,20000;359.9828
20000,0.5800001,20000;359.9828
20000,0.5800001,20000;359.9828
20000,0.5800001,20000;359.9828
20000,0.5800001,20000;359.9828
20000,0.5800001,20000;359.9828
20000,0.5800001,20000;359.9828
20000,0.5800001,20000;359.9886
20000,0.5800001,20000;359.9886
20000,0.5800001,20000;359.9886
20000,0.5800001,20000;359.9886
20000,0.5800001,20000;359.9886
20000,0.5800001,20000;359.9886
20000,0.5800001,20000;359.9886
20000,0.5800001,20000;359.9886
20000,0.5800001,20000;359.9886
20000,0.5800001,20000;359.9886
20000,0.5800001,20000;359.9886
20000,0.5800001,20000;359.9886
20000,0.5800001,20000;359.9886
20000,0.5800001,20000;359.9886
20000,0.5800001,20000;359.9886
20000,0.5800001,20000;359.9886
20000,0.5800001,20000;359.9886
20000,0.5800001,20000;359.9886
20000,0.5800001,20000;359.9886
20000,0.5800001,20000;359.9886
20000,0.5800001,20000;359.9886
20000,0.5800001,20000;359.9886
20000,0.5800001,20000;359.9886
20000,0.5800001,20000;359.9886
20000,0.5800001,20000;359.9886
20000,0.5800001,20000;359.9886
20000,0.5800001,20000;359.9886
20000,0.5800001,20000;359.9886
20000,0.5800001,20000;359.9886
20000,0.5800001,20000;359.9886
20000,0.5800001,20000;359.9886
20000,0.5800001,20000;359.9828
20000,0.5800001,20000;359.9771
20000,0.5800001,20000;359.9771
20000,0.5800001,20000;359.9771
20000,0.5800001,20000;359.9771
20000,0.5800001,20000;359.9771
20000,0.5800001,20000;359.9771
20000,0.5800001,20000;359.9771
20000,0.5800001,20000;359.9771
20000,0.5800001,20000;359.9771
20000,0.5800001,20000;359.9771
20000,0.5800001,20000;359.9771
20000,0.5800001,20000;359.9771
20000,0.5800001,20000;359.9771
20000,0.5800001,20000;359.9771
20000,0.5800001,20000;359.9771
20000,0.5800001,20000;359.9771
20000,0.5800001,20000;359.9713
20000,0.5800001,20000;359.9713
20000,0.5800001,20000;359.9713
20000,0.5800001,20000;359.9713
20000,0.5800001,20000;359.9713
20000,0.5800001,20000;359.9713
20000,0.5800001,20000;359.9713
20000,0.5800001,20000.01;359.9656
20000,0.5800001,20000.01;359.9656
20000,0.5800001,20000.01;359.9656
20000,0.5800001,20000.01;359.9656
20000,0.5800001,20000.01;359.9656
20000,0.5800001,20000.01;359.9656
20000,0.5800001,20000.01;359.9599
20000,0.5800001,20000.01;359.9599
20000,0.5800001,20000.01;359.9599
20000,0.5800001,20000.01;359.9599
20000,0.5800001,20000.01;359.9599
20000,0.5800001,20000.01;359.9599
20000,0.5800001,20000.01;359.9599
20000,0.5800001,20000.01;359.9599
20000,0.5800001,20000.01;359.9599
20000,0.5800001,20000.01;359.9599
20000,0.5800001,20000.01;359.9599
20000,0.5800001,20000.01;359.9542
20000,0.5800001,20000.01;359.9542
20000,0.5800001,20000.01;359.9542
20000,0.5800001,20000.01;359.9542
20000,0.5800001,20000.01;359.9542
20000,0.5800001,20000.01;359.9542
20000,0.5800001,20000.01;359.9484
20000,0.5800001,20000.01;359.9484
20000,0.5800001,20000.01;359.9484
20000,0.5800001,20000.01;359.9484
20000,0.5800001,20000.01;359.9427
20000,0.5800001,20000.01;359.9427
20000,0.5800001,20000.01;359.9427
20000,0.5800001,20000.01;359.9427
20000,0.5800001,20000.01;359.9427
20000,0.5800001,20000.01;359.9427
20000,0.5800001,20000.01;359.9427
20000,0.5800001,20000.02;359.937
20000,0.5800001,20000.02;359.937
20000,0.5800001,20000.02;359.937
20000,0.5800001,20000.02;359.937
20000,0.5800001,20000.02;359.9312
20000,0.5800001,20000.02;359.9312
20000,0.5800001,20000.02;359.9312
20000,0.5800001,20000.02;359.9312
20000,0.5800001,20000.02;359.9312
20000,0.5800001,20000.02;359.9312
20000,0.5800001,20000.02;359.9312
20000,0.5800001,20000.02;359.9312
20000,0.5800001,20000.02;359.9255
20000,0.5800001,20000.02;359.9255
20000,0.5800001,20000.02;359.9255
20000,0.5800001,20000.02;359.9255
20000,0.5800001,20000.02;359.9255
20000,0.5800001,20000.02;359.9255
20000,0.5800001,20000.02;359.9255
20000,0.5800001,20000.02;359.9198
20000,0.5800001,20000.02;359.9198
20000,0.5800001,20000.02;359.9198
20000,0.5800001,20000.02;359.9198
20000,0.5800001,20000.02;359.9198
20000,0.5800001,20000.02;359.9198
20000,0.5800001,20000.02;359.9198
20000,0.5800001,20000.02;359.9198
20000,0.5800001,20000.02;359.9198
20000,0.5800001,20000.02;359.9198
20000,0.5800001,20000.02;359.9198
20000,0.5800001,20000.02;359.9141
20000,0.5800001,20000.02;359.9141
20000,0.5800001,20000.02;359.9141
20000,0.5800001,20000.02;359.9141
20000,0.5800001,20000.02;359.9141
20000,0.5800001,20000.02;359.9083
20000,0.5800001,20000.02;359.9083
20000,0.5800001,20000.02;359.9083
20000,0.5800001,20000.02;359.9083
20000,0.5800001,20000.03;359.9026
20000,0.5800001,20000.03;359.9026
20000,0.5800001,20000.03;359.9026
20000,0.5800001,20000.03;359.9026
20000,0.5800001,20000.03;359.8969
20000,0.5800001,20000.03;359.8969
20000,0.5800001,20000.03;359.8969
20000,0.5800001,20000.03;359.8969
20000,0.5800001,20000.03;359.8911
20000,0.5800001,20000.03;359.8911
20000,0.5800001,20000.03;359.8911
20000,0.5800001,20000.03;359.8911
20000,0.5800001,20000.03;359.8911
20000,0.5800001,20000.03;359.8911
20000,0.5800001,20000.03;359.8911
20000,0.5800001,20000.03;359.8911
20000,0.5800001,20000.03;359.8911
20000,0.5800001,20000.03;359.8911
20000,0.5800001,20000.03;359.8911
20000,0.5800001,20000.03;359.8854
20000,0.5800001,20000.03;359.8854
20000,0.5800001,20000.03;359.8797
20000,0.5800001,20000.03;359.8797
20000,0.5800001,20000.03;359.8797
20000,0.5800001,20000.03;359.8797
20000,0.5800001,20000.03;359.874
20000,0.5800001,20000.03;359.874
20000,0.5800001,20000.03;359.874
20000,0.5800001,20000.03;359.874
20000,0.5800001,20000.03;359.874
20000,0.5800001,20000.03;359.874
20000,0.5800001,20000.03;359.8682
20000,0.5800001,20000.03;359.8682
20000,0.5800001,20000.03;359.8682
20000,0.5800001,20000.03;359.8682
20000,0.5800001,20000.03;359.8682
20000,0.5800001,20000.03;359.8682
20000,0.5800001,20000.03;359.8682
20000,0.5800001,20000.03;359.8682
20000,0.5800001,20000.03;359.8682
20000,0.5800001,20000.03;359.8682
20000,0.5800001,20000.04;359.8625
20000,0.5800001,20000.04;359.8625
20000,0.5800001,20000.04;359.8625
20000,0.5800001,20000.04;359.8625
20000,0.5800001,20000.04;359.8625
20000,0.5800001,20000.04;359.8625
20000,0.5800001,20000.04;359.8625
20000,0.5800001,20000.04;359.8625
20000,0.5800001,20000.04;359.8625
20000,0.5800001,20000.04;359.8625
20000,0.5800001,20000.04;359.8568
20000,0.5800001,20000.04;359.8568
20000,0.5800001,20000.04;359.851
20000,0.5800001,20000.04;359.851
20000,0.5800001,20000.04;359.851
20000,0.5800001,20000.04;359.851
20000,0.5800001,20000.04;359.851
20000,0.5800001,20000.04;359.851
20000,0.5800001,20000.04;359.851
20000,0.5800001,20000.04;359.851
20000,0.5800001,20000.04;359.851
20000,0.5800001,20000.04;359.851
20000,0.5800001,20000.04;359.851
20000,0.5800001,20000.04;359.851
20000,0.5800001,20000.04;359.851
20000,0.5800001,20000.04;359.851
20000,0.5800001,20000.04;359.851
20000,0.5800001,20000.04;359.851
20000,0.5800001,20000.04;359.851
20000,0.5800001,20000.04;359.851
20000,0.5800001,20000.04;359.851
20000,0.5800001,20000.04;359.851
20000,0.5800001,20000.04;359.851
20000,0.5800001,20000.04;359.851
20000,0.5800001,20000.04;359.851
20000,0.5800001,20000.04;359.851
20000,0.5800001,20000.04;359.851
20000,0.5800001,20000.04;359.851
20000,0.5800001,20000.04;359.851
20000,0.5800001,20000.04;359.851
20000,0.5800001,20000.04;359.851
20000,0.5800001,20000.04;359.851
20000,0.5800001,20000.04;359.851
20000,0.5800001,20000.04;359.851
20000,0.5800001,20000.04;359.851
20000,0.5800001,20000.04;359.851
20000,0.5800001,20000.04;359.851
20000,0.5800001,20000.04;359.851
20000,0.5800001,20000.04;359.851
20000,0.5800001,20000.04;359.851
20000,0.5800001,20000.04;359.851
20000,0.5800001,20000.04;359.851
20000,0.5800001,20000.04;359.851
20000,0.5800001,20000.04;359.851
20000,0.5800001,20000.04;359.851
20000,0.5800001,20000.04;359.851
20000,0.5800001,20000.04;359.851
20000,0.5800001,20000.04;359.851
20000,0.5800001,20000.04;359.851
20000,0.5800001,20000.04;359.851
20000,0.5800001,20000.04;359.851
20000,0.5800001,20000.04;359.8568
20000,0.5800001,20000.04;359.8568
20000,0.5800001,20000.04;359.8568
20000,0.5800001,20000.04;359.8568
20000,0.5800001,20000.04;359.8568
20000,0.5800001,20000.04;359.8568
20000,0.5800001,20000.04;359.8568
20000,0.5800001,20000.04;359.8568
20000,0.5800001,20000.04;359.8568
20000,0.5800001,20000.04;359.8625
20000,0.5800001,20000.04;359.8625
20000,0.5800001,20000.04;359.8625
20000,0.5800001,20000.04;359.8625
20000,0.5800001,20000.04;359.8625
20000,0.5800001,20000.04;359.8625
20000,0.5800001,20000.04;359.8625
20000,0.5800001,20000.04;359.8625
20000,0.5800001,20000.04;359.8625
20000,0.5800001,20000.04;359.8625
20000,0.5800001,20000.04;359.8625
20000,0.5800001,20000.04;359.8625
20000,0.5800001,20000.04;359.8625
20000,0.5800001,20000.04;359.8625
20000,0.5800001,20000.04;359.8625
20000,0.5800001,20000.04;359.8625
20000,0.5800001,20000.04;359.8625
20000,0.5800001,20000.04;359.8625
20000,0.5800001,20000.04;359.8625
20000,0.5800001,20000.04;359.8625
20000,0.5800001,20000.04;359.8625
20000,0.5800001,20000.04;359.8625
20000,0.5800001,20000.04;359.8625
20000,0.5800001,20000.04;359.8625
20000,0.5800001,20000.04;359.8625
20000,0.5800001,20000.04;359.8625
20000,0.5800001,20000.04;359.8625
20000,0.5800001,20000.04;359.8625
20000,0.5800001,20000.04;359.8625
20000,0.5800001,20000.04;359.8625
20000,0.5800001,20000.04;359.8625
20000,0.5800001,20000.04;359.8625
20000,0.5800001,20000.04;359.8625
20000,0.5800001,20000.04;359.8625
20000,0.5800001,20000.04;359.8625
20000,0.5800001,20000.04;359.8625
20000,0.5800001,20000.04;359.8625
20000,0.5800001,20000.04;359.8682
20000,0.5800001,20000.04;359.8682
20000,0.5800001,20000.04;359.8682
20000,0.5800001,20000.04;359.8682
20000,0.5800001,20000.04;359.8682
20000,0.5800001,20000.04;359.8682
20000,0.5800001,20000.04;359.8682
20000,0.5800001,20000.04;359.8682
20000,0.5800001,20000.04;359.8682
20000,0.5800001,20000.04;359.8682
20000,0.5800001,20000.04;359.8682
20000,0.5800001,20000.04;359.8682
20000,0.5800001,20000.04;359.874
20000,0.5800001,20000.03;359.8797
20000,0.5800001,20000.03;359.8797
20000,0.5800001,20000.03;359.8797
20000,0.5800001,20000.03;359.8797
20000,0.5800001,20000.03;359.8797
20000,0.5800001,20000.03;359.8797
20000,0.5800001,20000.03;359.8797
20000,0.5800001,20000.03;359.8797
20000,0.5800001,20000.03;359.8797
20000,0.5800001,20000.03;359.8797
20000,0.5800001,20000.03;359.8797
20000,0.5800001,20000.03;359.8797
20000,0.5800001,20000.03;359.8797
20000,0.5800001,20000.03;359.8797
20000,0.5800001,20000.03;359.8797
20000,0.5800001,20000.03;359.8797
20000,0.5800001,20000.03;359.8797
20000,0.5800001,20000.03;359.8797
20000,0.5800001,20000.03;359.8797
20000,0.5800001,20000.03;359.8797
20000,0.5800001,20000.03;359.8797
20000,0.5800001,20000.03;359.8797
20000,0.5800001,20000.03;359.8797
20000,0.5800001,20000.03;359.8797
20000,0.5800001,20000.03;359.8797
20000,0.5800001,20000.03;359.8854
20000,0.5800001,20000.03;359.8854
20000,0.5800001,20000.03;359.8911
20000,0.5800001,20000.03;359.8911
20000,0.5800001,20000.03;359.8969
20000,0.5800001,20000.03;359.8969
20000,0.5800001,20000.03;359.8969
20000,0.5800001,20000.03;359.8969
20000,0.5800001,20000.03;359.8969
20000,0.5800001,20000.03;359.8969
20000,0.5800001,20000.03;359.8969
20000,0.5800001,20000.03;359.8969
20000,0.5800001,20000.03;359.8969
20000,0.5800001,20000.03;359.8969
20000,0.5800001,20000.03;359.9026
20000,0.5800001,20000.03;359.9026
20000,0.5800001,20000.03;359.9026
20000,0.5800001,20000.03;359.9026
20000,0.5800001,20000.03;359.9026
20000,0.5800001,20000.03;359.9026
20000,0.5800001,20000.03;359.9026
20000,0.5800001,20000.03;359.9026
20000,0.5800001,20000.03;359.9083
20000,0.5800001,20000.03;359.9083
20000,0.5800001,20000.03;359.9083
20000,0.5800001,20000.03;359.9083
20000,0.5800001,20000.03;359.9083
20000,0.5800001,20000.03;359.9083
20000,0.5800001,20000.03;359.9083
20000,0.5800001,20000.03;359.9083
20000,0.5800001,20000.03;359.9083
20000,0.5800001,20000.03;359.9083
20000,0.5800001,20000.03;359.9083
20000,0.5800001,20000.03;359.9083
20000,0.5800001,20000.03;359.9083
20000,0.5800001,20000.03;359.9083
20000,0.5800001,20000.03;359.9083
20000,0.5800001,20000.03;359.9083
20000,0.5800001,20000.03;359.9083
20000,0.5800001,20000.03;359.9083
20000,0.5800001,20000.03;359.9083
20000,0.5800001,20000.03;359.9083
20000,0.5800001,20000.03;359.9083
20000,0.5800001,20000.03;359.9083
20000,0.5800001,20000.03;359.9083
20000,0.5800001,20000.03;359.9083
20000,0.5800001,20000.03;359.9083
20000,0.5800001,20000.03;359.9083
20000,0.5800001,20000.03;359.9083
20000,0.5800001,20000.03;359.9083
20000,0.5800001,20000.03;359.9083
20000,0.5800001,20000.03;359.9083
20000,0.5800001,20000.03;359.9141
20000,0.5800001,20000.03;359.9141
20000,0.5800001,20000.03;359.9141
20000,0.5800001,20000.03;359.9141
20000,0.5800001,20000.03;359.9141
20000,0.5800001,20000.03;359.9141
20000,0.5800001,20000.03;359.9141
20000,0.5800001,20000.03;359.9141
20000,0.5800001,20000.03;359.9141
20000,0.5800001,20000.03;359.9141
20000,0.5800001,20000.03;359.9141
20000,0.5800001,20000.03;359.9141
20000,0.5800001,20000.03;359.9141
20000,0.5800001,20000.03;359.9141
20000,0.5800001,20000.03;359.9141
20000,0.5800001,20000.03;359.9141
20000,0.5800001,20000.03;359.9141
20000,0.5800001,20000.03;359.9141
20000,0.5800001,20000.03;359.9141
20000,0.5800001,20000.03;359.9141
20000,0.5800001,20000.03;359.9141
20000,0.5800001,20000.03;359.9141
20000,0.5800001,20000.03;359.9141
20000,0.5800001,20000.03;359.9141
20000,0.5800001,20000.03;359.9141
20000,0.5800001,20000.03;359.9141
20000,0.5800001,20000.03;359.9141
20000,0.5800001,20000.03;359.9141
20000,0.5800001,20000.03;359.9141
20000,0.5800001,20000.02;359.9198
20000,0.5800001,20000.02;359.9198
20000,0.5800001,20000.02;359.9198
20000,0.5800001,20000.02;359.9198
20000,0.5800001,20000.02;359.9198
20000,0.5800001,20000.02;359.9255
20000,0.5800001,20000.02;359.9255
20000,0.5800001,20000.02;359.9255
20000,0.5800001,20000.02;359.9255
20000,0.5800001,20000.02;359.9255
20000,0.5800001,20000.02;359.9255
20000,0.5800001,20000.02;359.9255
20000,0.5800001,20000.02;359.9255
20000,0.5800001,20000.02;359.9255
20000,0.5800001,20000.02;359.9255
20000,0.5800001,20000.02;359.9255
20000,0.5800001,20000.02;359.9255
20000,0.5800001,20000.02;359.9255
20000,0.5800001,20000.02;359.9255
20000,0.5800001,20000.02;359.9255
20000,0.5800001,20000.02;359.9255
20000,0.5800001,20000.02;359.9255
20000,0.5800001,20000.02;359.9255
20000,0.5800001,20000.02;359.9255
20000,0.5800001,20000.02;359.9255
20000,0.5800001,20000.02;359.9255
20000,0.5800001,20000.02;359.9255
20000,0.5800001,20000.02;359.9255
20000,0.5800001,20000.02;359.9255
20000,0.5800001,20000.02;359.9255
20000,0.5800001,20000.02;359.9255
20000,0.5800001,20000.02;359.9255
20000,0.5800001,20000.02;359.9255
20000,0.5800001,20000.02;359.9255
20000,0.5800001,20000.02;359.9255
20000,0.5800001,20000.02;359.9255
20000,0.5800001,20000.02;359.9255
20000,0.5800001,20000.02;359.9255
20000,0.5800001,20000.02;359.9255
20000,0.5800001,20000.02;359.9255
20000,0.5800001,20000.02;359.9255
20000,0.5800001,20000.02;359.9255
20000,0.5800001,20000.02;359.9255
20000,0.5800001,20000.02;359.9255
20000,0.5800001,20000.02;359.9255
20000,0.5800001,20000.02;359.9255
20000,0.5800001,20000.02;359.9255
20000,0.5800001,20000.02;359.9255
20000,0.5800001,20000.02;359.9255
20000,0.5800001,20000.02;359.9255
20000,0.5800001,20000.02;359.9255
20000,0.5800001,20000.02;359.9255
20000,0.5800001,20000.02;359.9255
20000,0.5800001,20000.02;359.9255
20000,0.5800001,20000.02;359.9255
20000,0.5800001,20000.02;359.9255
20000,0.5800001,20000.02;359.9255
20000,0.5800001,20000.02;359.9255
20000,0.5800001,20000.02;359.9255
20000,0.5800001,20000.02;359.9255
20000,0.5800001,20000.02;359.9255
20000,0.5800001,20000.02;359.9255
20000,0.5800001,20000.02;359.9255
20000,0.5800001,20000.02;359.9255
20000,0.5800001,20000.02;359.9255
20000,0.5800001,20000.02;359.9255
20000,0.5800001,20000.02;359.9255
20000,0.5800001,20000.02;359.9198
20000,0.5800001,20000.02;359.9198
20000,0.5800001,20000.02;359.9198
20000,0.5800001,20000.02;359.9198
20000,0.5800001,20000.03;359.9141
20000,0.5800001,20000.03;359.9141
20000,0.5800001,20000.03;359.9141
20000,0.5800001,20000.03;359.9141
20000,0.5800001,20000.03;359.9141
20000,0.5800001,20000.03;359.9141
20000,0.5800001,20000.03;359.9141
20000,0.5800001,20000.03;359.9141
20000,0.5800001,20000.03;359.9141
20000,0.5800001,20000.03;359.9141
20000,0.5800001,20000.03;359.9141
20000,0.5800001,20000.03;359.9141
20000,0.5800001,20000.03;359.9141
20000,0.5800001,20000.03;359.9141
20000,0.5800001,20000.03;359.9141
20000,0.5800001,20000.03;359.9141
20000,0.5800001,20000.03;359.9141
20000,0.5800001,20000.03;359.9141
20000,0.5800001,20000.03;359.9141
20000,0.5800001,20000.03;359.9141
20000,0.5800001,20000.03;359.9141
20000,0.5800001,20000.03;359.9141
20000,0.5800001,20000.03;359.9083
20000,0.5800001,20000.03;359.9083
20000,0.5800001,20000.03;359.9083
20000,0.5800001,20000.03;359.9083
20000,0.5800001,20000.03;359.9083
20000,0.5800001,20000.03;359.9083
20000,0.5800001,20000.03;359.9083
20000,0.5800001,20000.03;359.9083
20000,0.5800001,20000.03;359.9083
20000,0.5800001,20000.03;359.9083
20000,0.5800001,20000.03;359.9083
20000,0.5800001,20000.03;359.9083
20000,0.5800001,20000.03;359.9083
20000,0.5800001,20000.03;359.9083
20000,0.5800001,20000.03;359.9083
20000,0.5800001,20000.03;359.9083
20000,0.5800001,20000.03;359.9026
20000,0.5800001,20000.03;359.9026
20000,0.5800001,20000.03;359.9026
20000,0.5800001,20000.03;359.9026
20000,0.5800001,20000.03;359.9026
20000,0.5800001,20000.03;359.9083
20000,0.5800001,20000.03;359.9083
20000,0.5800001,20000.03;359.9141
20000,0.5800001,20000.03;359.9141
20000,0.5800001,20000.03;359.9141
20000,0.5800001,20000.03;359.9141
20000,0.5800001,20000.03;359.9198
20000,0.5800001,20000.03;359.9198
20000,0.5800001,20000.03;359.9198
20000,0.5800001,20000.03;359.9255
20000,0.5800001,20000.03;359.9255
20000,0.5800001,20000.03;359.9255
20000,0.5800001,20000.03;359.9255
20000,0.5800001,20000.03;359.9255
20000,0.5800001,20000.04;359.9312
20000,0.5800001,20000.04;359.9312
20000,0.5800001,20000.04;359.9312
20000,0.5800001,20000.04;359.9312
20000,0.5800001,20002.04;359.9312
20000,0.5800001,20004.04;359.9312
20000,0.5800001,20006.04;359.9312
20000,0.5800001,20008.04;359.9312
20000,0.5800001,20010.04;359.9312
20000,0.5800001,20012.04;359.9312
20000,0.5800001,20014.04;359.9312
20000,0.5800001,20016.04;359.9312
20000,0.5800001,20018.04;359.9312
20000,0.5800001,20020.04;359.9312
20000,0.5800001,20022.04;359.9312
20000,0.5800001,20024.04;359.9312
20000,0.5800001,20026.04;359.9312
20000,0.5800001,20028.04;359.9312
20000,0.5800001,20030.04;359.9312
20000,0.5800001,20032.04;359.9312
20000,0.5800001,20034.04;359.9312
20000,0.5800001,20036.04;359.9312
20000,0.5800001,20038.04;359.9312
20000,0.5800001,20040.04;359.9312
20000,0.5800001,20042.04;359.9312
20000,0.5800001,20044.04;359.9312
20000,0.5800001,20045.72;359.9312
20000,0.5800001,20045.72;359.9312
20000,0.5800001,20045.72;359.9312
20000,0.5800001,20045.72;359.9312
20000,0.5800001,20045.72;359.9312
20000,0.5800001,20045.72;359.9312
20000,0.5800001,20045.72;359.937
20000,0.5800001,20045.72;359.937
20000,0.5800001,20045.72;359.937
20000,0.5800001,20045.72;359.937
20000,0.5800001,20045.72;359.937
20000,0.5800001,20045.72;359.937
20000,0.5800001,20045.72;359.937
20000,0.5800001,20045.72;359.937
20000,0.5800001,20045.72;359.937
20000,0.5800001,20045.72;359.937
20000,0.5800001,20045.72;359.937
20000,0.5800001,20045.72;359.937
20000,0.5800001,20045.72;359.937
20000,0.5800001,20045.72;359.9427
20000,0.5800001,20045.72;359.9427
20000,0.5800001,20045.72;359.9427
20000,0.5800001,20045.72;359.9427
20000,0.5800001,20045.72;359.9427
20000,0.5800001,20045.72;359.9484
20000,0.5800001,20045.72;359.9484
20000,0.5800001,20045.72;359.9484
20000,0.5800001,20045.72;359.9484
20000,0.5800001,20045.72;359.9484
20000,0.5800001,20045.72;359.9484
20000,0.5800001,20045.72;359.9484
20000,0.5800001,20045.72;359.9484
20000,0.5800001,20045.72;359.9484
20000,0.5800001,20045.72;359.9484
20000,0.5800001,20045.72;359.9484
20000,0.5800001,20045.72;359.9484
20000,0.5800001,20045.72;359.9484
20000,0.5800001,20045.72;359.9542
20002,0.5800001,20045.71;359.9542
20004,0.5800001,20045.71;359.9542
20006,0.5800001,20045.71;359.9542
20008,0.5800001,20045.71;359.9542
20010,0.5800001,20045.71;359.9542
20012,0.5800001,20045.71;359.9542
20014,0.5800001,20045.71;359.9542
20015.72,0.5800001,20045.71;359.9542
20015.72,0.5800001,20045.71;359.9542
20015.72,0.5800001,20045.71;359.9542
20015.72,0.5800001,20045.71;359.9599
20015.72,0.5800001,20045.71;359.9599
20015.72,0.5800001,20045.71;359.9599
20015.72,0.5800001,20045.71;359.9599
20015.72,0.5800001,20045.71;359.9599
20015.72,0.5800001,20045.71;359.9599
20015.72,0.5800001,20045.71;359.9599
20015.72,0.5800001,20045.71;359.9599
20015.72,0.5800001,20045.71;359.9599
20015.72,0.5800001,20045.71;359.9599
20015.72,0.5800001,20045.71;359.9599
20015.72,0.5800001,20045.71;359.9599
20015.72,0.5800001,20045.71;359.9599
20015.72,0.5800001,20045.71;359.9599
20015.72,0.5800001,20045.71;359.9656
20015.72,0.5800001,20045.71;359.9656
20015.72,0.5800001,20045.71;359.9656
20015.72,0.5800001,20043.71;359.9656
20015.72,0.5800001,20041.71;359.9656
20015.72,0.5800001,20039.71;359.9656
20015.72,0.5800001,20039.28;359.9656
20015.72,0.5800001,20039.28;359.9656
20015.72,0.5800001,20039.28;359.9656
20015.72,0.5800001,20039.28;359.9656
20015.72,0.5800001,20039.28;359.9656
20015.72,0.5800001,20039.28;359.9656
20015.72,0.5800001,20039.28;359.9656
20015.72,0.5800001,20039.28;359.9656
20015.72,0.5800001,20039.28;359.9656
20015.72,0.5800001,20039.28;359.9656
20015.72,0.5800001,20039.28;359.9656
20015.72,0.5800001,20039.28;359.9656
20015.72,0.5800001,20039.28;359.9656
20015.72,0.5800001,20039.28;359.9656
20015.72,0.5800001,20039.28;359.9713
20015.72,0.5800001,20039.28;359.9713
20015.72,0.5800001,20039.28;359.9713
20015.72,0.5800001,20039.28;359.9713
20013.72,0.5800001,20039.28;359.9713
20011.72,0.5800001,20039.28;359.9713
20009.72,0.5800001,20039.28;359.9713
20007.72,0.5800001,20039.28;359.9713
20005.72,0.5800001,20039.28;359.9713
20003.72,0.5800001,20039.28;359.9713
20001.72,0.5800001,20039.28;359.9713
19999.72,0.5800001,20039.28;359.9713
19997.72,0.5800001,20039.28;359.9713
19997.72,0.5800001,20039.28;359.9713
19997.72,0.5800001,20039.28;359.9713
19997.72,0.5800001,20039.28;359.9713
19997.72,0.5800001,20039.28;359.9713
19997.72,0.5800001,20039.28;359.9771
19997.72,0.5800001,20039.28;359.9771
19997.72,0.5800001,20039.28;359.9771
19997.72,0.5800001,20039.28;359.9771
19997.72,0.5800001,20039.28;359.9771
19997.72,0.5800001,20039.28;359.9771
19997.72,0.5800001,20039.28;359.9771
19997.72,0.5800001,20039.28;359.9771
19997.72,0.5800001,20039.28;359.9771
19997.72,0.5800001,20039.28;359.9771
19997.72,0.5800001,20039.28;359.9771
19997.72,0.5800001,20039.28;359.9771
19997.72,0.5800001,20039.28;359.9771
19997.72,0.5800001,20039.28;359.9771
19997.72,0.5800001,20039.28;359.9771
19997.72,0.5800001,20039.28;359.9771
19997.72,0.5800001,20039.28;359.9771
19997.72,0.5800001,20039.28;359.9771
19997.72,0.5800001,20039.28;359.9771
19997.72,0.5800001,20039.28;359.9771
19997.72,0.5800001,20039.28;359.9771
19997.72,0.5800001,20039.28;359.9771
19997.72,0.5800001,20039.28;359.9771
19997.72,0.5800001,20039.27;359.9771
19997.72,0.5800001,20039.27;359.9771
19997.72,0.5800001,20039.27;359.9771
19997.72,0.5800001,20037.77;359.9771
19997.72,0.5800001,20037.77;359.9771
19997.72,0.5800001,20037.77;359.9771
19997.72,0.5800001,20037.77;359.9771
19997.72,0.5800001,20037.77;359.9771
19997.72,0.5800001,20037.77;359.9771
19997.72,0.5800001,20037.77;359.9771
19997.72,0.5800001,20037.77;359.9771
19997.72,0.5800001,20037.77;359.9771
19997.72,0.5800001,20037.77;359.9771
19997.72,0.5800001,20037.77;359.9771
19997.72,0.5800001,20037.77;359.9771
19997.72,0.5800001,20037.77;359.9771
19997.72,0.5800001,20037.77;359.9771
19997.72,0.5800001,20037.77;359.9771
19997.72,0.5800001,20037.77;359.9771
19997.72,0.5800001,20037.77;359.9771
19997.72,0.5800001,20037.77;359.9771
19997.72,0.5800001,20037.77;359.9771
19997.72,0.5800001,20037.77;359.9771
19997.72,0.5800001,20037.77;359.9771
19997.72,0.5800001,20037.77;359.9771
19997.72,0.5800001,20037.77;359.9771
19997.72,0.5800001,20037.77;359.9771
19997.72,0.5800001,20037.77;359.9771
19997.72,0.5800001,20037.77;359.9771
19997.72,0.5800001,20037.77;359.9771
19997.72,0.5800001,20037.77;359.9771
19997.72,0.5800001,20037.77;359.9771
19997.72,0.5800001,20037.77;359.9771
19997.72,0.5800001,20037.77;359.9771
19997.72,0.5800001,20037.77;359.9771
19997.72,0.5800001,20037.77;359.9771
19997.72,0.5800001,20037.77;359.9771
19997.72,0.5800001,20037.77;359.9771
19997.72,0.5800001,20037.77;359.9771
19997.72,0.5800001,20037.77;359.9771
19997.72,0.5800001,20037.77;359.9771
19997.72,0.5800001,20037.77;359.9771
19997.72,0.5800001,20037.77;359.9771
19997.72,0.5800001,20037.77;359.9771
19999.72,0.5800001,20037.77;359.9771
20001.72,0.5800001,20037.77;359.9771
20003.47,0.5800001,20037.77;359.9771
20003.47,0.5800001,20037.77;359.9771
20003.47,0.5800001,20037.77;359.9771
20003.47,0.5800001,20037.77;359.9771
20003.47,0.5800001,20037.77;359.9771
20003.47,0.5800001,20037.77;359.9771
20003.47,0.5800001,20037.77;359.9771
20003.47,0.5800001,20037.77;359.9771
20003.47,0.5800001,20037.77;359.9771
20003.47,0.5800001,20037.77;359.9771
20003.47,0.5800001,20037.77;359.9771
20003.47,0.5800001,20037.77;359.9771
20003.47,0.5800001,20037.77;359.9771
20003.47,0.5800001,20037.77;359.9771
20003.47,0.5800001,20037.77;359.9771
20003.47,0.5800001,20037.77;359.9771
20003.47,0.5800001,20037.77;359.9771
20003.47,0.5800001,20037.77;359.9771
20003.47,0.5800001,20037.77;359.9771
20003.47,0.5800001,20037.77;359.9771
20003.47,0.5800001,20037.77;359.9771
20003.47,0.5800001,20037.77;359.9771
20003.47,0.5800001,20037.77;359.9771
20003.47,0.5800001,20037.77;359.9771
20003.47,0.5800001,20037.77;359.9771
20003.47,0.5800001,20037.77;359.9771
20003.47,0.5800001,20037.77;359.9771
20003.47,0.5800001,20037.77;359.9771
20003.47,0.5800001,20037.77;359.9771
20003.47,0.5800001,20037.77;359.9771
20003.47,0.5800001,20037.77;359.9771
20003.47,0.5800001,20037.77;359.9771
20003.47,0.5800001,20037.77;359.9771
20003.47,0.5800001,20037.77;359.9771
20003.47,0.5800001,20037.77;359.9713
20003.47,0.5800001,20037.77;359.9656
20003.47,0.5800001,20037.77;359.9599
20003.47,0.5800001,20037.77;359.9599
20003.47,0.5800001,20037.77;359.9599
20003.47,0.5800001,20037.77;359.9599
20003.47,0.5800001,20037.77;359.9599
20003.47,0.5800001,20037.77;359.9599
20003.47,0.5800001,20037.77;359.9599
20003.47,0.5800001,20037.77;359.9599
20003.47,0.5800001,20037.77;359.9599
20003.47,0.5800001,20037.77;359.9599
20003.47,0.5800001,20037.77;359.9599
20003.47,0.5800001,20037.77;359.9599
20003.47,0.5800001,20037.77;359.9599
20003.47,0.5800001,20037.77;359.9599
20003.47,0.5800001,20037.77;359.9599
20003.47,0.5800001,20037.77;359.9599
20003.47,0.5800001,20037.77;359.9599
20003.47,0.5800001,20037.77;359.9542
20003.47,0.5800001,20037.77;359.9542
20003.47,0.5800001,20037.77;359.9542
20003.47,0.5800001,20037.77;359.9542
20003.47,0.5800001,20037.77;359.9542
20003.47,0.5800001,20037.78;359.9484
20001.47,0.5800001,20037.78;359.9484
19999.47,0.5800001,20037.78;359.9484
19997.47,0.5800001,20037.78;359.9484
19996.53,0.5800001,20037.78;359.9484
19996.53,0.5800001,20037.78;359.9427
19996.53,0.5800001,20037.78;359.9427
19996.53,0.5800001,20037.78;359.9427
19996.53,0.5800001,20037.78;359.9427
19996.53,0.5800001,20037.78;359.9427
19996.53,0.5800001,20037.78;359.9484
19996.53,0.5800001,20037.78;359.9484
19996.53,0.5800001,20037.78;359.9484
19996.53,0.5800001,20037.78;359.9484
19996.53,0.5800001,20037.78;359.9484
19996.53,0.5800001,20037.78;359.9484
19996.53,0.5800001,20037.78;359.9484
19996.53,0.5800001,20037.78;359.9484
19996.53,0.5800001,20037.78;359.9484
19996.53,0.5800001,20037.78;359.9484
19996.53,0.5800001,20037.78;359.9484
19996.53,0.5800001,20037.78;359.9484
19996.53,0.5800001,20037.78;359.9484
19996.53,0.5800001,20037.78;359.9484
19996.53,0.5800001,20037.78;359.9484
19996.53,0.5800001,20037.78;359.9484
19996.53,0.5800001,20037.78;359.9484
19996.53,0.5800001,20037.78;359.9484
19996.53,0.5800001,20037.78;359.9484
19996.53,0.5800001,20037.78;359.9484
19996.53,0.5800001,20037.78;359.9484
19996.53,0.5800001,20037.78;359.9484
19996.53,0.5800001,20037.78;359.9427
19996.53,0.5800001,20037.78;359.9427
19996.53,0.5800001,20037.78;359.9427
19996.53,0.5800001,20037.78;359.9427
19996.53,0.5800001,20037.78;359.9427
19996.53,0.5800001,20037.78;359.9427
19996.53,0.5800001,20037.78;359.9427
19996.53,0.5800001,20037.78;359.9427
19996.53,0.5800001,20037.78;359.9427
19996.53,0.5800001,20037.78;359.9427
19996.53,0.5800001,20037.78;359.9427
19996.53,0.5800001,20037.78;359.9427
19996.53,0.5800001,20037.78;359.9427
19996.53,0.5800001,20037.78;359.9427
19996.53,0.5800001,20037.78;359.9427
19996.53,0.5800001,20037.78;359.9427
19996.53,0.5800001,20037.78;359.9427
19996.53,0.5800001,20037.78;359.9427
19996.53,0.5800001,20037.78;359.9427
19996.53,0.5800001,20037.78;359.9427
19996.53,0.5800001,20039.78;359.9427
19996.53,0.5800001,20041.78;359.9427
19996.53,0.5800001,20043.78;359.9427
19996.53,0.5800001,20045.72;359.9427
19996.53,0.5800001,20045.72;359.9427
19996.53,0.5800001,20045.72;359.9427
19996.53,0.5800001,20045.72;359.9427
19996.53,0.5800001,20045.72;359.9427
19996.53,0.5800001,20045.72;359.9427
19996.53,0.5800001,20045.72;359.9427
19996.53,0.5800001,20045.72;359.9427
19996.53,0.5800001,20045.72;359.9427
19996.53,0.5800001,20045.72;359.9427
19996.53,0.5800001,20045.72;359.9427
19996.53,0.5800001,20045.72;359.9427
19996.53,0.5800001,20045.72;359.9427
19994.53,0.5800001,20045.72;359.9427
19992.53,0.5800001,20045.72;359.9427
19990.53,0.5800001,20045.72;359.9427
19990.53,0.5800001,20045.72;359.9427
19990.53,0.5800001,20045.72;359.9427
