20000,0.5,20000;0
20000,0.58,20000.11;0
20000,0.58,20000.11;0
20000,0.58,20000.11;0
20000,0.58,20000.11;0
20000,0.58,20000.11;0
20000,0.58,20000.21;0
20000,0.58,20000.3;0
20000,0.58,20000.4;0
20000,0.58,20000.49;0
20000,0.58,20000.59;0
20000,0.58,20000.68;0
20000,0.58,20000.78;0
20000,0.58,20000.87;0
20000,0.58,20000.96;0
20000,0.58,20000.96;0
20000,0.58,20001.05;0
20000,0.58,20001.14;0
20000,0.58,20001.23;0
20000,0.58,20001.32;0
20000,0.58,20001.38;0
20000,0.58,20001.46;0
20000,0.58,20001.47;0
20000,0.58,20001.47;0
20000,0.58,20001.48;0
20000,0.58,20001.5;0
20000,0.58,20001.51;0
20000,0.58,20001.51;0
20000,0.58,20001.51;0
20000,0.58,20001.51;0
20000,0.58,20001.51;0
20000,0.58,20001.51;0
20000,0.58,20001.51;0
20000,0.58,20001.51;0
20000,0.58,20001.51;0
20000,0.58,20001.51;0
20000,0.58,20001.51;0
20000,0.58,20001.51;0
20000,0.58,20001.51;0
20000,0.58,20001.52;0
20000,0.58,20001.52;0
20000,0.58,20001.52;0
20000,0.58,20001.52;0
20000,0.58,20001.52;0
20000,0.58,20001.52;0
20000,0.58,20001.52;0
20000,0.58,20001.52;0
20000,0.58,20001.52;0
20000,0.58,20001.52;0
20000,0.58,20001.52;0
20000,0.58,20001.52;0
20000,0.58,20001.52;0
20000,0.58,20001.52;0
20000,0.58,20001.58;0
20000,0.58,20001.62;0
20000,0.58,20001.62;0
20000,0.58,20001.7;0
20000,0.58,20001.79;0
20000,0.58,20001.87;0
20000,0.58,20001.95;0
20000,0.58,20002.04;0
20000,0.58,20002.12;0
20000,0.58,20002.21;0
20000,0.58,20002.3;0
20000,0.58,20002.38;0
20000,0.58,20002.48;0
20000,0.58,20002.48;0
20000,0.58,20002.57;0
20000,0.58,20002.57;0
20000,0.58,20002.57;0
20000,0.58,20002.57;0
20000,0.58,20002.57;0
20000,0.58,20002.57;0
20000,0.58,20002.57;0
20000,0.58,20002.67;0
20000,0.58,20002.67;0
20000,0.58,20002.77;0
20000,0.58,20002.87;0
20000,0.58,20002.98;0
20000,0.58,20003.09;0
20000,0.58,20003.21;0
20000,0.58,20003.21;0
20000,0.58,20003.21;0
20000,0.58,20003.21;0
20000,0.58,20003.21;0
20000,0.58,20003.21;0
20000,0.58,20003.21;0
20000,0.58,20003.21;0
20000,0.58,20003.21;0
20000,0.58,20003.21;0
20000,0.58,20003.21;0
20000,0.58,20003.21;0
20000,0.58,20003.21;0
20000,0.58,20003.21;0
20000,0.58,20003.21;0
20000,0.58,20003.21;0
20000,0.58,20003.21;0
20000,0.58,20003.21;0
20000,0.58,20003.21;0
20000,0.58,20003.21;0
20000,0.58,20003.21;0
20000,0.58,20003.21;0
20000,0.58,20003.21;0
20000,0.58,20003.21;0
20000,0.58,20003.21;0
20000,0.58,20003.21;0
20000,0.58,20003.21;0
20000,0.58,20003.21;0
20000,0.58,20003.21;0
20000,0.58,20003.21;0
20000,0.58,20003.21;0
20000,0.58,20003.21;0
20000,0.58,20003.21;0
20000,0.58,20003.21;0
20000,0.58,20003.21;0
20000,0.58,20003.21;0
20000,0.58,20003.21;0
20000,0.58,20003.21;0
20000,0.58,20003.21;0
20000,0.58,20003.21;0
20000,0.58,20003.21;0
20000,0.58,20003.34;0
20000,0.58,20003.46;0
20000,0.58,20003.59;0
20000,0.58,20003.72;0
20000,0.58,20003.85;0
20000,0.58,20003.97;0
20000,0.58,20004.1;0
20000,0.58,20004.23;0
20000,0.58,20004.23;0
20000,0.58,20004.35;0
20000,0.58,20004.48;0
20000,0.58,20004.48;0
20000,0.58,20004.48;0
20000,0.58,20004.48;0
20000,0.58,20004.48;0
20000,0.58,20004.48;0
20000,0.58,20004.48;0
20000,0.58,20004.61;0
20000,0.58,20004.61;0
20000,0.58,20004.61;0
20000,0.58,20004.61;0
20000,0.58,20004.61;0
20000,0.58,20004.61;0
20000,0.58,20004.61;0
20000,0.58,20004.61;0
20000,0.58,20004.61;0
20000,0.58,20004.61;0
20000,0.58,20004.61;0
20000,0.58,20004.61;0
20000,0.58,20004.61;0
20000,0.58,20004.61;0
20000,0.58,20004.61;0
20000,0.58,20004.61;0
20000,0.58,20004.73;0
20000,0.58,20004.73;0
20000,0.58,20004.86;0
20000,0.58,20004.99;0
20000,0.58,20005.12;0
20000,0.58,20005.24;0
20000,0.58,20005.37;0
20000,0.58,20005.5;0
20000,0.58,20005.62;0
20000,0.58,20005.62;0
20000,0.58,20005.75;0
20000,0.58,20005.88;0
20000,0.58,20006.01;0
20000,0.58,20006;0
20000,0.58,20006.02;0
20000,0.58,20006.01;0
20000,0.58,20006.01;0
20000,0.58,20006;0
20000,0.58,20005.98;0
20000,0.58,20005.98;0
20000,0.58,20005.99;0
20000,0.58,20005.99;0
20000,0.58,20005.98;0
20000,0.58,20005.99;0
20000,0.58,20005.98;0
20000,0.58,20005.98;0
20000,0.58,20005.98;0
20000,0.58,20005.98;0
20000,0.58,20005.98;0
20000,0.58,20005.98;0
20000,0.58,20005.98;0
20000,0.58,20005.98;0
20000,0.58,20005.99;0
20000,0.58,20005.99;0
20000,0.58,20005.99;0
20000,0.58,20005.99;0
20000,0.58,20006.03;0
20000,0.58,20006.15;0
20000,0.58,20006.15;0
20000,0.58,20006.28;0
20000,0.58,20006.41;0
20000,0.58,20006.54;0
20000,0.58,20006.66;0
20000,0.58,20006.79;0
20000,0.58,20006.92;0
20000,0.58,20007.04;0
20000,0.58,20007.17;0
20000,0.58,20007.17;0
20000,0.58,20007.3;0
20000,0.58,20007.43;0
20000,0.58,20007.55;0
20000,0.58,20007.55;0
20000,0.58,20007.68;0
20000,0.58,20007.68;0
20000,0.58,20007.81;0
20000,0.58,20007.93;0
20000,0.58,20008.06;0
20000,0.58,20008.19;0
20000,0.58,20008.19;0
20000,0.58,20008.31;0
20000,0.58,20008.44;0
20000,0.58,20008.57;0
20000,0.58,20008.7;0
20000,0.58,20008.82;0
20000,0.58,20008.95;0
20000,0.58,20009.08;0
20000,0.58,20009.08;0
20000,0.58,20009.2;0
20000,0.58,20009.33;0
20000,0.58,20009.46;0
20000,0.58,20009.58;0
20000,0.58,20009.71;0
20000,0.58,20009.71;0
20000,0.58,20009.71;0
20000,0.58,20009.71;0
20000,0.58,20009.71;0
20000,0.58,20009.71;0
20000,0.58,20009.84;0
20000,0.58,20009.84;0
20000,0.58,20009.84;0
20000,0.58,20009.84;0
20000,0.58,20009.84;0
20000,0.58,20009.84;0
20000,0.58,20009.84;0
20000,0.58,20009.96;0
20000,0.58,20009.96;0
20000,0.58,20009.96;0
20000,0.58,20009.96;0
20000,0.58,20010.09;0
20000,0.58,20010.22;0
20000,0.58,20010.22;0
20000,0.58,20010.22;0
20000,0.58,20010.35;0
20000,0.58,20010.47;0
20000,0.58,20010.6;0
20000,0.58,20010.73;0
20000,0.58,20010.85;0
20000,0.58,20010.98;0
20000,0.58,20011.11;0
20000,0.58,20011.23;0
20000,0.58,20011.36;0
20000,0.58,20011.49;0
20000,0.58,20011.62;0
20000,0.58,20011.74;0
20000,0.58,20011.87;0
20000,0.58,20012;0
20000,0.58,20012.12;0
20000,0.58,20012.25;0
20000,0.58,20012.38;0
20000,0.58,20012.51;0
20000,0.58,20012.63;0
20000,0.58,20012.63;0
20000,0.58,20012.63;0
20000,0.58,20012.62;0
20000,0.58,20012.68;0
20000,0.58,20012.81;0
20000,0.58,20012.94;0
20000,0.58,20013.06;0
20000,0.58,20013.19;0
20000,0.58,20013.19;0
20000,0.58,20013.32;0
20000,0.58,20013.45;0
20000,0.58,20013.57;0
20000,0.58,20013.7;0
20000,0.58,20013.83;0
20000,0.58,20013.95;0
20000,0.58,20014.02;0
20000,0.58,20014.02;0
20000,0.58,20014.02;0
20000,0.58,20014.02;0
20000,0.58,20014.02;0
20000,0.58,20014.03;0
20000,0.58,20014.03;0
20000,0.58,20014.02;0
20000,0.58,20014.02;0
20000,0.58,20014.05;0
20000,0.58,20014.07;0
20000,0.58,20014.07;0
20000,0.58,20014.08;0
20000,0.58,20014.17;0
20000,0.58,20014.29;0
20000,0.58,20014.42;0
20000,0.58,20014.42;0
20000,0.58,20014.55;0
20000,0.58,20014.68;0
20000,0.58,20014.8;0
20000,0.58,20014.93;0
20000,0.58,20015.06;0
20000,0.58,20015.18;0
20000,0.58,20015.31;0
20000,0.58,20015.44;0
20000,0.58,20015.44;0
20000,0.58,20015.56;0
20000,0.58,20015.69;0
20000,0.58,20015.82;0
20000,0.58,20015.95;0
20000,0.58,20016.07;0
20000,0.58,20016.07;0
20000,0.58,20016.2;0
20000,0.58,20016.33;0
20000,0.58,20016.45;0
20000,0.58,20016.58;0
20000,0.58,20016.58;0
20000,0.58,20016.71;0
20000,0.58,20016.83;0
20000,0.58,20016.96;0
20000,0.58,20017.09;0
20000,0.58,20017.21;0
20000,0.58,20017.21;0
20000,0.58,20017.34;0
20000,0.58,20017.47;0
20000,0.58,20017.47;0
20000,0.58,20017.6;0
20000,0.58,20017.72;0
20000,0.58,20017.72;0
20000,0.58,20017.72;0
20000,0.58,20017.72;0
20000,0.58,20017.72;0
20000,0.58,20017.72;0
20000,0.58,20017.72;0
20000,0.58,20017.85;0
20000,0.58,20017.98;0
20000,0.58,20017.98;0
20000,0.58,20017.98;0
20000,0.58,20017.98;0
20000,0.58,20017.98;0
20000,0.58,20017.98;0
20000,0.58,20017.98;0
20000,0.58,20017.98;0
20000,0.58,20017.98;0
20000,0.58,20017.98;0
20000,0.58,20017.98;0
20000,0.58,20017.98;0
20000,0.58,20017.98;0
20000,0.58,20018.1;0
20000,0.58,20018.23;0
20000,0.58,20018.23;0
20000,0.58,20018.36;0
20000,0.58,20018.48;0
20000,0.58,20018.61;0
20000,0.58,20018.74;0
20000,0.58,20018.87;0
20000,0.58,20018.99;0
20000,0.58,20019.12;0
20000,0.58,20019.25;0
20000,0.58,20019.37;0
20000,0.58,20019.5;0
20000,0.58,20019.63;0
20000,0.58,20019.76;0
20000,0.58,20019.88;0
20000,0.58,20020.01;0
20000,0.58,20020.14;0
20000,0.58,20020.26;0
20000,0.58,20020.26;0
20000,0.58,20020.39;0
20000,0.58,20020.52;0
20000,0.58,20020.64;0
20000,0.58,20020.77;0
20000,0.58,20020.9;0
20000,0.58,20021.03;0
20000,0.58,20021.15;0
20000,0.58,20021.28;0
20000,0.58,20021.41;0
20000,0.58,20021.53;0
20000,0.58,20021.66;0
20000,0.58,20021.79;0
20000,0.58,20021.91;0
20000,0.58,20021.91;0
20000,0.58,20022.04;0
20000,0.58,20022.17;0
20000,0.58,20022.29;0
20000,0.58,20022.42;0
20000,0.58,20022.55;0
20000,0.58,20022.68;0
20000,0.58,20022.8;0
20000,0.58,20022.8;0
20000,0.58,20022.93;0
20000,0.58,20023.06;0
20000,0.58,20023.18;0
20000,0.58,20023.31;0
20000,0.58,20023.44;0
20000,0.58,20023.56;0
20000,0.58,20023.56;0
20000,0.58,20023.69;0
20000,0.58,20023.82;0
20000,0.58,20023.95;0
20000,0.58,20024.07;0
20000,0.58,20024.2;0
20000,0.58,20024.2;0
20000,0.58,20024.33;0
20000,0.58,20024.45;0
20000,0.58,20024.58;0
20000,0.58,20024.71;0
20000,0.58,20024.84;0
20000,0.58,20024.96;0
20000,0.58,20025.09;0
20000,0.58,20025.09;0
20000,0.58,20025.22;0
20000,0.58,20025.34;0
20000,0.58,20025.47;0
20000,0.58,20025.6;0
20000,0.58,20025.72;0
20000,0.58,20025.85;0
20000,0.58,20025.98;0
20000,0.58,20026.11;0
20000,0.58,20026.23;0
20000,0.58,20026.36;0
20000,0.58,20026.36;0
20000,0.58,20026.49;0
20000,0.58,20026.61;0
20000,0.58,20026.74;0
20000,0.58,20026.87;0
20000,0.58,20026.99;0
20000,0.58,20027.12;0
20000,0.58,20027.12;0
20000,0.58,20027.25;0
20000,0.58,20027.38;0
20000,0.58,20027.5;0
20000,0.58,20027.63;0
20000,0.58,20027.76;0
20000,0.58,20027.76;0
20000,0.58,20027.76;0
20000,0.58,20027.88;0
20000,0.58,20028.01;0
20000,0.58,20028.14;0
20000,0.58,20028.14;0
20000,0.58,20028.14;0
20000,0.58,20028.26;0
20000,0.58,20028.39;0
20000,0.58,20028.52;0
20000,0.58,20028.52;0
20000,0.58,20028.52;0
20000,0.58,20028.52;0
20000,0.58,20028.52;0
20000,0.58,20028.52;0
20000,0.58,20028.52;0
20000,0.58,20028.52;0
20000,0.58,20028.52;0
20000,0.58,20028.52;0
20000,0.58,20028.52;0
20000,0.58,20028.52;0
20000,0.58,20028.52;0
20000,0.58,20028.52;0
20000,0.58,20028.52;0
20000,0.58,20028.52;0
20000,0.58,20028.52;0
20000,0.58,20028.64;0
20000,0.58,20028.77;0
20000,0.58,20028.9;0
20000,0.58,20029.03;0
20000,0.58,20029.15;0
20000,0.58,20029.28;0
20000,0.58,20029.41;0
20000,0.58,20029.53;0
20000,0.58,20029.66;0
20000,0.58,20029.66;0
20000,0.58,20029.79;0
20000,0.58,20029.91;0
20000,0.58,20030.04;0
20000,0.58,20030.17;0
20000,0.58,20030.3;0
20000,0.58,20030.42;0
20000,0.58,20030.55;0
20000,0.58,20030.68;0
20000,0.58,20030.8;0
20000,0.58,20030.93;0
20000,0.58,20031.06;0
20000,0.58,20031.06;0
20000,0.58,20031.19;0
20000,0.58,20031.31;0
20000,0.58,20031.44;0
20000,0.58,20031.57;0
20000,0.58,20031.69;0
20000,0.58,20031.82;0
20000,0.58,20031.95;0
20000,0.58,20032.07;0
20000,0.58,20032.2;0
20000,0.58,20032.33;0
20000,0.58,20032.46;0
20000,0.58,20032.58;0
20000,0.58,20032.71;0
20000,0.58,20032.84;0
20000,0.58,20032.96;0
20000,0.58,20033.09;0
20000,0.58,20033.22;0
20000,0.58,20033.34;0
20000,0.58,20033.47;0
20000,0.58,20033.6;0
20000,0.58,20033.72;0
20000,0.58,20033.85;0
20000,0.58,20033.98;0
20000,0.58,20034.11;0
20000,0.58,20034.23;0
20000,0.58,20034.36;0
20000,0.58,20034.49;0
20000,0.58,20034.61;0
20000,0.58,20034.74;0
20000,0.58,20034.87;0
20000,0.58,20034.99;0
20000,0.58,20034.99;0
20000,0.58,20035.12;0
20000,0.58,20035.25;0
20000,0.58,20035.38;0
20000,0.58,20035.5;0
20000,0.58,20035.63;0
20000,0.58,20035.63;0
20000,0.58,20035.76;0
20000,0.58,20035.88;0
20000,0.58,20036.01;0
20000,0.58,20036.14;0
20000,0.58,20036.27;0
20000,0.58,20036.39;0
20000,0.58,20036.39;0
20000,0.58,20036.52;0
20000,0.58,20036.65;0
20000,0.58,20036.77;0
20000,0.58,20036.9;0
20000,0.58,20037.03;0
20000,0.58,20037.15;0
20000,0.58,20037.28;0
20000,0.58,20037.41;0
20000,0.58,20037.54;0
20000,0.58,20037.66;0
20000,0.58,20037.79;0
20000,0.58,20037.92;0
20000,0.58,20038.04;0
20000,0.58,20038.17;0
20000,0.58,20038.3;0
20000,0.58,20038.42;0
20000,0.58,20038.55;0
20000,0.58,20038.55;0
20000,0.58,20038.55;0
20000,0.58,20038.55;0
20000,0.58,20038.68;0
20000,0.58,20038.8;0
20000,0.58,20038.8;0
20000,0.58,20038.8;0
20000,0.58,20038.8;0
20000,0.58,20038.93;0
20000,0.58,20038.93;0
20000,0.58,20039.06;0
20000,0.58,20039.06;0
20000,0.58,20039.06;0
20000,0.58,20039.06;0
20000,0.58,20039.06;0
20000,0.58,20039.06;0
20000,0.58,20039.19;0
20000,0.58,20039.31;0
20000,0.58,20039.44;0
20000,0.58,20039.44;0
20000,0.58,20039.44;0
20000,0.58,20039.44;0
20000,0.58,20039.44;0
20000,0.58,20039.44;0
20000,0.58,20039.57;0
20000,0.58,20039.69;0
20000,0.58,20039.82;0
20000,0.58,20039.95;0
20000,0.58,20040.07;0
20000,0.58,20040.2;0
20000,0.58,20040.33;0
20000,0.58,20040.46;0
20000,0.58,20040.58;0
20000,0.58,20040.71;0
20000,0.58,20040.71;0
20000,0.58,20040.84;0
20000,0.58,20040.96;0
20000,0.58,20041.09;0
20000,0.58,20041.22;0
20000,0.58,20041.35;0
20000,0.58,20041.47;0
20000,0.58,20041.6;0
20000,0.58,20041.73;0
20000,0.58,20041.85;0
20000,0.58,20041.98;0
20000,0.58,20042.11;0
20000,0.58,20042.23;0
20000,0.58,20042.36;0
20000,0.58,20042.49;0
20000,0.58,20042.62;0
20000,0.58,20042.74;0
20000,0.58,20042.87;0
20000,0.58,20043;0
20000,0.58,20043.12;0
20000,0.58,20043.25;0
20000,0.58,20043.38;0
20000,0.58,20043.5;0
20000,0.58,20043.5;0
20000,0.58,20043.63;0
20000,0.58,20043.76;0
20000,0.58,20043.88;0
20000,0.58,20044.01;0
20000,0.58,20044.14;0
20000,0.58,20044.27;0
20000,0.58,20044.39;0
20000,0.58,20044.52;0
20000,0.58,20044.65;0
20000,0.58,20044.77;0
20000,0.58,20044.9;0
20000,0.58,20045.03;0
20000,0.58,20045.15;0
20000,0.58,20045.28;0
20000,0.58,20045.41;0
20000,0.58,20045.54;0
20000,0.58,20045.66;0
20000,0.58,20045.79;0
20000,0.58,20045.92;0
20000,0.58,20046.04;0
20000,0.58,20046.17;0
20000,0.58,20046.3;0
20000,0.58,20046.43;0
20000,0.58,20046.55;0
20000,0.58,20046.68;0
20000,0.58,20046.81;0
20000,0.58,20046.93;0
20000,0.58,20046.93;0
20000,0.58,20047.06;0
20000,0.58,20047.19;0
20000,0.58,20047.31;0
20000,0.58,20047.44;0
20000,0.58,20047.57;0
