20000,0.5,20000;0
20000,0.5800001,20000.24;0.005729198
20000,0.5800001,20000.24;0.005729198
20000,0.5800001,20000.45;0.0114584
20000,0.5800001,20000.45;0.0114584
20000,0.5800001,20000.68;0.01718759
20000,0.5800001,20000.68;0.01718759
20000,0.5800001,20000.92;0.02291679
20000,0.5800001,20000.92;0.02291679
20000,0.5800001,20000.92;0.02291679
20000,0.5800001,20001.11;359.9026
20000,0.5800001,20001.11;359.9026
20000,0.5800001,20001.34;359.7823
20000,0.5800001,20001.57;359.6104
20000,0.5800001,20001.57;359.6104
20000,0.5800001,20001.8;359.427
20000,0.5800001,20001.8;359.427
19999.99,0.5800001,20002.01;359.2437
19999.99,0.5800001,20002.22;359.0775
19999.99,0.5800001,20002.22;359.0775
19999.98,0.5800001,20002.45;358.9114
19999.98,0.5800001,20002.69;358.7624
19999.98,0.5800001,20002.69;358.7624
19999.97,0.5800001,20002.93;358.6134
19999.97,0.5800001,20003.17;358.516
19999.97,0.5800001,20003.17;358.516
19999.96,0.5800001,20003.37;358.3155
19999.95,0.5800001,20003.61;358.115
19999.95,0.5800001,20003.85;357.9316
19999.95,0.5800001,20003.85;357.9316
19999.94,0.5800001,20004.08;357.7483
19999.93,0.5800001,20004.32;357.5477
19999.93,0.5800001,20004.32;357.5477
19999.93,0.5800001,20004.32;357.5477
19999.92,0.5800001,20004.53;357.3529
19999.92,0.5800001,20004.53;357.3529
19999.9,0.5800001,20004.76;357.1868
19999.9,0.5800001,20004.76;357.1868
19999.89,0.5800001,20005;357.0206
19999.88,0.5800001,20005.24;356.8258
19999.88,0.5800001,20005.24;356.8258
19999.87,0.5800001,20005.45;356.631
19999.85,0.5800001,20005.65;356.4305
19999.85,0.5800001,20005.65;356.4305
19999.84,0.5800001,20005.89;356.2299
19999.82,0.5800001,20006.13;356.0523
19999.82,0.5800001,20006.13;356.0523
19999.81,0.5800001,20006.32;355.8461
19999.81,0.5800001,20006.32;355.8461
19999.79,0.5800001,20006.54;355.6398
19999.79,0.5800001,20006.54;355.6398
19999.79,0.5800001,20006.54;355.6398
19999.77,0.5800001,20006.77;355.4679
19999.77,0.5800001,20006.77;355.4679
19999.77,0.5800001,20006.77;355.4679
19999.76,0.5800001,20006.98;355.2617
19999.76,0.5800001,20006.98;355.2617
19999.74,0.5800001,20007.13;355.0554
19999.74,0.5800001,20007.13;355.0554
19999.73,0.5800001,20007.24;354.8492
19999.72,0.5800001,20007.36;354.6715
19999.72,0.5800001,20007.36;354.6715
19999.72,0.5800001,20007.36;354.6715
19999.71,0.5800001,20007.48;354.4767
19999.71,0.5800001,20007.48;354.4767
19999.71,0.5800001,20007.48;354.4767
19999.7,0.5800001,20007.6;354.2877
19999.69,0.5800001,20007.71;354.1387
19999.69,0.5800001,20007.71;354.1387
19999.69,0.5800001,20007.71;354.1387
19999.67,0.5800001,20007.83;353.9725
19999.67,0.5800001,20007.83;353.9725
19999.67,0.5800001,20007.83;353.9725
19999.66,0.5800001,20007.95;353.8235
19999.66,0.5800001,20007.95;353.8235
19999.66,0.5800001,20007.95;353.8235
19999.65,0.5800001,20008.07;353.709
19999.65,0.5800001,20008.07;353.709
19999.63,0.5800001,20008.18;353.5829
19999.63,0.5800001,20008.18;353.5829
19999.63,0.5800001,20008.18;353.5829
19999.62,0.5800001,20008.3;353.4912
19999.61,0.5800001,20008.42;353.3995
19999.61,0.5800001,20008.42;353.3995
19999.61,0.5800001,20008.42;353.3995
19999.59,0.5800001,20008.54;353.2964
19999.59,0.5800001,20008.54;353.1933
19999.59,0.5800001,20008.55;353.1188
19999.59,0.5800001,20008.55;353.1188
19999.57,0.5800001,20008.72;353.0443
19999.55,0.5800001,20008.88;352.987
19999.55,0.5800001,20008.88;352.987
19999.55,0.5800001,20008.89;352.9297
19999.55,0.5800001,20008.9;352.8438
19999.55,0.5800001,20008.9;352.8438
19999.55,0.5800001,20008.9;352.7578
19999.55,0.5800001,20008.9;352.712
19999.55,0.5800001,20008.9;352.712
19999.55,0.5800001,20008.91;352.6318
19999.55,0.5800001,20008.91;352.6318
19999.55,0.5800001,20008.91;352.6318
19999.55,0.5800001,20008.91;352.5573
19999.55,0.5800001,20008.91;352.5573
19999.55,0.5800001,20008.91;352.5573
19999.55,0.5800001,20008.91;352.5
19999.55,0.5800001,20008.91;352.5
19999.55,0.5800001,20008.91;352.5
19999.55,0.5800001,20008.91;352.4255
19999.55,0.5800001,20008.91;352.374
19999.55,0.5800001,20008.91;352.374
19999.55,0.5800001,20008.91;352.374
19999.55,0.5800001,20008.92;352.3224
19999.55,0.5800001,20008.92;352.3224
19999.55,0.5800001,20008.92;352.3224
19999.55,0.5800001,20008.92;352.3224
19999.55,0.5800001,20008.92;352.2537
19999.55,0.5800001,20008.92;352.2537
19999.55,0.5800001,20008.92;352.1906
19999.55,0.5800001,20008.92;352.1906
19999.55,0.5800001,20008.92;352.1448
19999.55,0.5800001,20008.92;352.1448
19999.55,0.5800001,20008.92;352.1448
19999.55,0.5800001,20008.92;352.0818
19999.55,0.5800001,20008.92;352.0818
19999.55,0.5800001,20008.92;352.0818
19999.55,0.5800001,20008.93;352.013
19999.55,0.5800001,20008.93;352.013
19999.55,0.5800001,20008.93;352.013
19999.54,0.5800001,20008.93;351.9557
19999.54,0.5800001,20008.93;351.8927
19999.54,0.5800001,20008.93;351.8927
19999.54,0.5800001,20008.93;351.8927
19999.53,0.5800001,20009.01;351.8297
19999.52,0.5800001,20009.09;351.761
19999.52,0.5800001,20009.09;351.761
19999.5,0.5800001,20009.22;351.6922
19999.48,0.5800001,20009.35;351.6464
19999.48,0.5800001,20009.35;351.6464
19999.46,0.5800001,20009.48;351.5948
19999.45,0.5800001,20009.59;351.5432
19999.43,0.5800001,20009.7;351.4802
19999.43,0.5800001,20009.7;351.4802
19999.41,0.5800001,20009.84;351.4172
19999.39,0.5800001,20009.97;351.3656
19999.39,0.5800001,20009.97;351.3656
19999.38,0.5800001,20010.06;351.3141
19999.36,0.5800001,20010.16;351.251
19999.36,0.5800001,20010.16;351.251
19999.35,0.5800001,20010.26;351.188
19999.35,0.5800001,20010.26;351.188
19999.35,0.5800001,20010.26;351.188
19999.33,0.5800001,20010.36;351.1307
19999.33,0.5800001,20010.36;351.1307
19999.33,0.5800001,20010.36;351.0735
19999.33,0.5800001,20010.36;351.0047
19999.33,0.5800001,20010.36;351.0047
19999.32,0.5800001,20010.45;350.9359
19999.3,0.5800001,20010.53;350.8672
19999.3,0.5800001,20010.53;350.8672
19999.28,0.5800001,20010.66;350.8099
19999.27,0.5800001,20010.76;350.7526
19999.25,0.5800001,20010.87;350.6839
19999.25,0.5800001,20010.87;350.6839
19999.23,0.5800001,20010.99;350.6151
19999.21,0.5800001,20011.12;350.5464
19999.21,0.5800001,20011.12;350.5464
19999.19,0.5800001,20011.24;350.4776
19999.17,0.5800001,20011.36;350.4146
19999.15,0.5800001,20011.46;350.3516
19999.15,0.5800001,20011.46;350.3516
19999.13,0.5800001,20011.58;350.2885
19999.11,0.5800001,20011.7;350.2255
19999.11,0.5800001,20011.7;350.2255
19999.11,0.5800001,20011.7;350.2255
19999.09,0.5800001,20011.82;350.1682
19999.09,0.5800001,20011.82;350.1682
19999.09,0.5800001,20011.82;350.1682
19999.07,0.5800001,20011.92;350.1109
19999.05,0.5800001,20012.04;350.0536
19999.03,0.5800001,20012.15;349.9849
19999.03,0.5800001,20012.15;349.9849
19999.01,0.5800001,20012.27;349.9161
19998.99,0.5800001,20012.38;349.8646
19998.99,0.5800001,20012.38;349.8646
19998.97,0.5800001,20012.48;349.8016
19998.97,0.5800001,20012.48;349.8016
19998.95,0.5800001,20012.6;349.7386
19998.93,0.5800001,20012.71;349.6812
19998.91,0.5800001,20012.83;349.6354
19998.89,0.5800001,20012.93;349.5896
19998.87,0.5800001,20013.03;349.5266
19998.87,0.5800001,20013.03;349.5266
19998.85,0.5800001,20013.15;349.4635
19998.83,0.5800001,20013.26;349.4063
19998.8,0.5800001,20013.38;349.349
19998.78,0.5800001,20013.5;349.3031
19998.76,0.5800001,20013.6;349.2573
19998.74,0.5800001,20013.7;349.1943
19998.74,0.5800001,20013.7;349.1943
19998.72,0.5800001,20013.81;349.1313
19998.7,0.5800001,20013.93;349.0739
19998.7,0.5800001,20013.93;349.0739
19998.68,0.5800001,20014.05;349.0167
19998.65,0.5800001,20014.16;348.9708
19998.65,0.5800001,20014.16;348.9708
19998.63,0.5800001,20014.26;348.925
19998.61,0.5800001,20014.38;348.8677
19998.59,0.5800001,20014.5;348.8161
19998.59,0.5800001,20014.5;348.8161
19998.59,0.5800001,20014.5;348.8161
19998.56,0.5800001,20014.62;348.7703
19998.56,0.5800001,20014.62;348.7703
19998.56,0.5800001,20014.62;348.7703
19998.54,0.5800001,20014.71;348.713
19998.54,0.5800001,20014.71;348.713
19998.54,0.5800001,20014.71;348.713
19998.52,0.5800001,20014.83;348.6557
19998.5,0.5800001,20014.95;348.5984
19998.47,0.5800001,20015.07;348.5526
19998.47,0.5800001,20015.07;348.5526
19998.45,0.5800001,20015.17;348.5068
19998.43,0.5800001,20015.27;348.4495
19998.43,0.5800001,20015.27;348.4495
19998.41,0.5800001,20015.39;348.3922
19998.38,0.5800001,20015.5;348.3349
19998.38,0.5800001,20015.5;348.3349
19998.36,0.5800001,20015.62;348.2891
19998.34,0.5800001,20015.72;348.2432
19998.32,0.5800001,20015.82;348.1917
19998.32,0.5800001,20015.82;348.1917
19998.29,0.5800001,20015.94;348.1401
19998.27,0.5800001,20016.06;348.0885
19998.27,0.5800001,20016.06;348.0885
19998.25,0.5800001,20016.16;348.037
19998.22,0.5800001,20016.26;347.9911
19998.22,0.5800001,20016.26;347.9911
19998.2,0.5800001,20016.38;347.9453
19998.17,0.5800001,20016.5;347.888
19998.15,0.5800001,20016.62;347.8307
19998.12,0.5800001,20016.74;347.7791
19998.12,0.5800001,20016.74;347.7791
19998.1,0.5800001,20016.84;347.7276
19998.08,0.5800001,20016.94;347.6818
19998.08,0.5800001,20016.94;347.6818
19998.05,0.5800001,20017.05;347.6359
19998.03,0.5800001,20017.17;347.5844
19998.03,0.5800001,20017.17;347.5844
19998,0.5800001,20017.29;347.5328
19998,0.5800001,20017.29;347.5328
19997.98,0.5800001,20017.39;347.5156
19997.98,0.5800001,20017.39;347.5156
19997.98,0.5800001,20017.39;347.5156
19997.96,0.5800001,20017.5;347.4755
19997.96,0.5800001,20017.5;347.4755
19997.96,0.5800001,20017.5;347.4755
19997.93,0.5800001,20017.61;347.4354
19997.9,0.5800001,20017.73;347.3896
19997.88,0.5800001,20017.81;347.3724
19997.88,0.5800001,20017.81;347.3724
19997.86,0.5800001,20017.94;347.3552
19997.83,0.5800001,20018.06;347.3438
19997.83,0.5800001,20018.06;347.3438
19997.81,0.5800001,20018.16;347.3323
19997.78,0.5800001,20018.27;347.2807
19997.78,0.5800001,20018.27;347.2807
19997.78,0.5800001,20018.27;347.2807
19997.76,0.5800001,20018.37;347.2234
19997.76,0.5800001,20018.37;347.2234
19997.73,0.5800001,20018.49;347.1661
19997.73,0.5800001,20018.49;347.1661
19997.71,0.5800001,20018.61;347.1089
19997.68,0.5800001,20018.73;347.0573
19997.68,0.5800001,20018.73;347.0573
19997.65,0.5800001,20018.83;347.0057
19997.63,0.5800001,20018.93;346.9542
19997.63,0.5800001,20018.93;346.9542
19997.61,0.5800001,20019.04;346.9026
19997.58,0.5800001,20019.15;346.8568
19997.57,0.5800001,20019.2;346.8109
19997.57,0.5800001,20019.2;346.8109
19997.57,0.5800001,20019.2;346.8109
19997.56,0.5800001,20019.24;346.7766
19997.56,0.5800001,20019.24;346.7766
19997.56,0.5800001,20019.24;346.7766
19997.55,0.5800001,20019.29;346.7422
19997.54,0.5800001,20019.34;346.7078
19997.54,0.5800001,20019.34;346.7078
19997.52,0.5800001,20019.39;346.6792
19997.52,0.5800001,20019.39;346.6792
19997.51,0.5800001,20019.44;346.6563
19997.51,0.5800001,20019.44;346.6563
19997.51,0.5800001,20019.44;346.6563
19997.5,0.5800001,20019.49;346.6333
19997.5,0.5800001,20019.49;346.6333
19997.5,0.5800001,20019.49;346.6333
19997.49,0.5800001,20019.54;346.6219
19997.49,0.5800001,20019.54;346.6219
19997.48,0.5800001,20019.59;346.6219
19997.48,0.5800001,20019.59;346.6219
19997.48,0.5800001,20019.59;346.6219
19997.46,0.5800001,20019.63;346.6219
19997.46,0.5800001,20019.63;346.6219
19997.46,0.5800001,20019.63;346.6219
19997.46,0.5800001,20019.68;346.6219
19997.46,0.5800001,20019.68;346.6219
19997.46,0.5800001,20019.68;346.6219
19997.44,0.5800001,20019.73;346.6219
19997.43,0.5800001,20019.78;346.6219
19997.43,0.5800001,20019.78;346.6219
19997.43,0.5800001,20019.78;346.6219
19997.42,0.5800001,20019.83;346.6219
19997.42,0.5800001,20019.83;346.6219
19997.42,0.5800001,20019.83;346.6219
19997.41,0.5800001,20019.87;346.5989
19997.41,0.5800001,20019.87;346.5989
19997.41,0.5800001,20019.87;346.5989
19997.39,0.5800001,20019.96;346.576
19997.37,0.5800001,20020.04;346.5359
19997.35,0.5800001,20020.13;346.5187
19997.35,0.5800001,20020.13;346.5187
19997.35,0.5800001,20020.13;346.5187
19997.35,0.5800001,20020.13;346.5187
19997.35,0.5800001,20020.13;346.5187
19997.35,0.5800001,20020.13;346.5187
19997.33,0.5800001,20020.21;346.4615
19997.33,0.5800001,20020.21;346.4615
19997.33,0.5800001,20020.21;346.4615
19997.28,0.5800001,20020.41;346.4385
19997.24,0.5800001,20020.59;346.4156
19997.24,0.5800001,20020.59;346.4156
19997.24,0.5800001,20020.59;346.4156
19997.18,0.5800001,20020.84;346.3927
19997.18,0.5800001,20020.84;346.3927
19997.18,0.5800001,20020.84;346.3927
19997.12,0.5800001,20021.08;346.3698
19997.12,0.5800001,20021.08;346.3698
19997.12,0.5800001,20021.08;346.3698
19997.06,0.5800001,20021.33;346.3469
19997.06,0.5800001,20021.33;346.3469
19997,0.5800001,20021.58;346.3239
19996.94,0.5800001,20021.82;346.3239
19996.94,0.5800001,20021.82;346.3239
19996.88,0.5800001,20022.07;346.3239
19996.82,0.5800001,20022.32;346.3239
19996.82,0.5800001,20022.32;346.3239
19996.76,0.5800001,20022.56;346.3239
19996.7,0.5800001,20022.81;346.2667
19996.7,0.5800001,20022.81;346.2667
19996.63,0.5800001,20023.06;346.1292
19996.57,0.5800001,20023.3;345.9916
19996.51,0.5800001,20023.55;345.814
19996.51,0.5800001,20023.55;345.814
19996.45,0.5800001,20023.79;345.6364
19996.38,0.5800001,20024.04;345.4473
19996.38,0.5800001,20024.04;345.4473
19996.38,0.5800001,20024.04;345.4473
19996.32,0.5800001,20024.29;345.2353
19996.32,0.5800001,20024.29;345.2353
19996.26,0.5800001,20024.53;345.0978
19996.26,0.5800001,20024.53;345.0978
19996.19,0.5800001,20024.78;344.9603
19996.12,0.5800001,20025.02;344.777
19996.12,0.5800001,20025.02;344.777
19996.05,0.5800001,20025.27;344.5936
19995.99,0.5800001,20025.51;344.4733
19995.99,0.5800001,20025.51;344.4733
19995.92,0.5800001,20025.76;344.353
19995.85,0.5800001,20026;344.2498
19995.85,0.5800001,20026;344.2498
19995.78,0.5800001,20026.25;344.1868
19995.78,0.5800001,20026.25;344.1868
19995.71,0.5800001,20026.49;344.0665
19995.71,0.5800001,20026.49;344.0665
19995.71,0.5800001,20026.49;344.0665
19995.64,0.5800001,20026.73;343.8946
19995.64,0.5800001,20026.73;343.8946
19995.64,0.5800001,20026.73;343.8946
19995.57,0.5800001,20026.98;343.7227
19995.57,0.5800001,20026.98;343.7227
19995.5,0.5800001,20027.22;343.5852
19995.5,0.5800001,20027.22;343.5852
19995.42,0.5800001,20027.46;343.4477
19995.35,0.5800001,20027.71;343.293
19995.35,0.5800001,20027.71;343.293
19995.28,0.5800001,20027.95;343.1383
19995.2,0.5800001,20028.19;342.9951
19995.2,0.5800001,20028.19;342.9951
19995.13,0.5800001,20028.44;342.8518
19995.05,0.5800001,20028.68;342.6971
19994.98,0.5800001,20028.92;342.5424
19994.98,0.5800001,20028.92;342.5424
19994.96,0.5800001,20028.96;342.3877
19994.95,0.5800001,20029.01;342.2559
19994.95,0.5800001,20029.01;342.2559
19994.91,0.5800001,20029.12;342.1356
19994.91,0.5800001,20029.12;342.1356
19994.91,0.5800001,20029.12;342.1356
19994.88,0.5800001,20029.23;342.0382
19994.85,0.5800001,20029.3;341.9695
19994.85,0.5800001,20029.3;341.9695
19994.85,0.5800001,20029.3;341.9695
19994.84,0.5800001,20029.34;341.9408
19994.84,0.5800001,20029.34;341.9408
19994.84,0.5800001,20029.34;341.9408
19994.84,0.5800001,20029.36;341.9351
19994.84,0.5800001,20029.36;341.9351
19994.84,0.5800001,20029.36;341.9351
19994.76,0.5800001,20029.6;341.9351
19994.75,0.5800001,20029.63;341.9351
19994.75,0.5800001,20029.63;341.9351
19994.75,0.5800001,20029.63;341.9351
19994.75,0.5800001,20029.63;341.9351
19994.68,0.5800001,20029.84;341.9351
19994.68,0.5800001,20029.84;341.9351
19994.68,0.5800001,20029.84;341.9351
19994.6,0.5800001,20030.08;341.895
19994.6,0.5800001,20030.08;341.895
19994.6,0.5800001,20030.08;341.895
19994.52,0.5800001,20030.33;341.8319
19994.44,0.5800001,20030.57;341.7689
19994.36,0.5800001,20030.81;341.7002
19994.36,0.5800001,20030.81;341.7002
19994.28,0.5800001,20031.05;341.6314
19994.2,0.5800001,20031.29;341.5684
19994.2,0.5800001,20031.29;341.5684
19994.12,0.5800001,20031.53;341.5054
19994.04,0.5800001,20031.77;341.471
19994.04,0.5800001,20031.77;341.471
19993.96,0.5800001,20032.01;341.4366
19993.96,0.5800001,20032.01;341.4366
19993.88,0.5800001,20032.25;341.4023
19993.88,0.5800001,20032.25;341.4023
19993.88,0.5800001,20032.25;341.4023
19993.8,0.5800001,20032.49;341.4023
19993.8,0.5800001,20032.49;341.4023
19993.8,0.5800001,20032.49;341.4023
19993.71,0.5800001,20032.73;341.4023
19993.63,0.5800001,20032.97;341.3908
19993.63,0.5800001,20032.97;341.3908
19993.55,0.5800001,20033.21;341.3278
19993.47,0.5800001,20033.46;341.2648
19993.39,0.5800001,20033.7;341.2075
19993.39,0.5800001,20033.7;341.2075
19993.31,0.5800001,20033.94;341.1502
19993.22,0.5800001,20034.18;341.0642
19993.22,0.5800001,20034.18;341.0642
19993.14,0.5800001,20034.42;340.9783
19993.06,0.5800001,20034.66;340.8923
19993.06,0.5800001,20034.66;340.8923
19992.98,0.5800001,20034.9;340.8064
19992.89,0.5800001,20035.14;340.7319
19992.81,0.5800001,20035.38;340.6574
19992.72,0.5800001,20035.62;340.5772
19992.72,0.5800001,20035.62;340.5772
19992.64,0.5800001,20035.86;340.497
19992.55,0.5800001,20036.1;340.4397
19992.55,0.5800001,20036.1;340.4397
19992.49,0.5800001,20036.28;340.3824
19992.42,0.5800001,20036.47;340.348
19992.42,0.5800001,20036.47;340.348
19992.42,0.5800001,20036.48;340.2563
19992.36,0.5800001,20036.63;340.1647
19992.31,0.5800001,20036.78;340.0959
19992.31,0.5800001,20036.78;340.0959
19992.27,0.5800001,20036.88;340.0272
19992.23,0.5800001,20036.98;340.0157
19992.23,0.5800001,20036.98;340.0157
19992.22,0.5800001,20037.02;340.0042
19992.21,0.5800001,20037.06;339.9584
19992.21,0.5800001,20037.06;339.9584
19992.19,0.5800001,20037.1;339.9527
19992.19,0.5800001,20037.1;339.9527
19992.19,0.5800001,20037.1;339.9527
19992.18,0.5800001,20037.13;339.947
19992.18,0.5800001,20037.13;339.947
19992.18,0.5800001,20037.13;339.947
19992.17,0.5800001,20037.17;339.9412
19992.17,0.5800001,20037.17;339.9412
19992.17,0.5800001,20037.17;339.9412
19992.15,0.5800001,20037.21;339.9412
19992.15,0.5800001,20037.21;339.9412
19992.14,0.5800001,20037.25;339.9412
19992.14,0.5800001,20037.25;339.9412
19992.12,0.5800001,20037.28;339.9412
19992.12,0.5800001,20037.28;339.9412
19992.12,0.5800001,20037.28;339.9412
19992.11,0.5800001,20037.32;339.9355
19992.11,0.5800001,20037.32;339.9355
19992.11,0.5800001,20037.32;339.9355
19992.08,0.5800001,20037.39;339.9298
19992.06,0.5800001,20037.47;339.924
19991.97,0.5800001,20037.71;339.9183
19991.97,0.5800001,20037.71;339.9183
19991.88,0.5800001,20037.95;339.9126
19991.79,0.5800001,20038.18;339.9126
19991.79,0.5800001,20038.18;339.9126
19991.71,0.5800001,20038.42;339.9126
19991.71,0.5800001,20038.42;339.9126
19991.63,0.5800001,20038.65;339.9126
19991.54,0.5800001,20038.88;339.9126
19991.46,0.5800001,20039.12;339.9126
19991.46,0.5800001,20039.12;339.9126
19991.46,0.5800001,20039.12;339.9126
19991.37,0.5800001,20039.35;339.9126
19991.28,0.5800001,20039.59;339.9126
19991.28,0.5800001,20039.59;339.9126
19991.19,0.5800001,20039.83;339.9126
19991.11,0.5800001,20040.07;339.9126
19991.11,0.5800001,20040.07;339.9126
19991.02,0.5800001,20040.31;339.9126
19990.93,0.5800001,20040.55;339.9069
19990.84,0.5800001,20040.79;339.9011
19990.84,0.5800001,20040.79;339.9011
19990.84,0.5800001,20040.79;339.9011
19990.76,0.5800001,20041.02;339.9011
19990.76,0.5800001,20041.02;339.9011
19990.76,0.5800001,20041.02;339.9011
19990.67,0.5800001,20041.25;339.9011
19990.67,0.5800001,20041.25;339.9011
19990.67,0.5800001,20041.25;339.9011
19990.59,0.5800001,20041.49;339.9011
19990.5,0.5800001,20041.72;339.9011
19990.41,0.5800001,20041.96;339.9011
19990.41,0.5800001,20041.96;339.9011
19990.33,0.5800001,20042.19;339.9011
19990.25,0.5800001,20042.41;339.9011
19990.25,0.5800001,20042.41;339.9011
19990.16,0.5800001,20042.65;339.9011
