20000,0.5,20000;0
20000,0.58,20000.04;0
20000,0.58,20000.04;0
20000,0.58,20000.04;0
20000,0.58,20000.04;0
20000,0.58,20000.04;0
20000,0.58,20000.04;0
20000,0.58,20000.04;0
20000,0.58,20000.04;0
20000,0.58,20000.04;0
20000,0.58,20000.04;0
20000,0.58,20000.04;0
20000,0.58,20000.04;0
20000,0.58,20000.04;0
20000,0.58,20000.04;0
20000,0.58,20000.04;0
20000,0.58,20000.04;0
20000,0.58,20000.04;0
20000,0.58,20000.04;0
20000,0.58,20000.04;0
20000,0.58,20000.04;0
20000,0.58,20000.04;0
20000,0.58,20000.04;0
20000,0.58,20000.04;0
20000,0.58,20000.04;0
20000,0.58,20000.04;0
20000,0.58,20000.04;0
20000,0.58,20000.05;0
20000,0.58,20000.06;0
20000,0.58,20000.06;0
20000,0.58,20000.06;0
20000,0.58,20000.07;0
20000,0.58,20000.08;0
20000,0.58,20000.09;0
20000,0.58,20000.09;0
20000,0.58,20000.09;0
20000,0.58,20000.1;0
20000,0.58,20000.11;0
20000,0.58,20000.11;0
20000,0.58,20000.12;0
20000,0.58,20000.12;0
20000,0.58,20000.12;0
20000,0.58,20000.13;0
20000,0.58,20000.13;0
20000,0.58,20000.14;0
20000,0.58,20000.14;0
20000,0.58,20000.15;0
20000,0.58,20000.15;0
20000,0.58,20000.15;0
20000,0.58,20000.15;0
20000,0.58,20000.16;0
20000,0.58,20000.16;0
20000,0.58,20000.17;0
20000,0.58,20000.17;0
20000,0.58,20000.17;0
20000,0.58,20000.17;0
20000,0.58,20000.18;0
20000,0.58,20000.18;0
20000,0.58,20000.19;0
20000,0.58,20000.19;0
20000,0.58,20000.19;0
20000,0.58,20000.19;0
20000,0.58,20000.19;0
20000,0.58,20000.19;0
20000,0.58,20000.19;0
20000,0.58,20000.19;0
20000,0.58,20000.19;0
20000,0.58,20000.19;0
20000,0.58,20000.19;0
20000,0.58,20000.19;0
20000,0.58,20000.19;0
20000,0.58,20000.19;0
20000,0.58,20000.19;0
20000,0.58,20000.19;0
20000,0.58,20000.19;0
20000,0.58,20000.19;0
20000,0.58,20000.19;0
20000,0.58,20000.2;0
20000,0.58,20000.21;0
20000,0.58,20000.22;0
20000,0.58,20000.22;0
20000,0.58,20000.22;0
20000,0.58,20000.22;0
20000,0.58,20000.22;0
20000,0.58,20000.22;0
20000,0.58,20000.22;0
20000,0.58,20000.22;0
20000,0.58,20000.22;0
20000,0.58,20000.22;0
20000,0.58,20000.22;0
20000,0.58,20000.22;0
20000,0.58,20000.22;0
20000,0.58,20000.22;0
20000,0.58,20000.22;0
20000,0.58,20000.22;0
20000,0.58,20000.22;0
20000,0.58,20000.22;0
20000,0.58,20000.22;0
20000,0.58,20000.22;0
20000,0.58,20000.22;0
20000,0.58,20000.21;0
20000,0.58,20000.21;0
20000,0.58,20000.2;0
20000,0.58,20000.2;0
20000,0.58,20000.2;0
20000,0.58,20000.2;0
20000,0.58,20000.2;0
20000,0.58,20000.2;0
20000,0.58,20000.2;0
20000,0.58,20000.2;0
20000,0.58,20000.2;0
20000,0.58,20000.2;0
20000,0.58,20000.2;0
20000,0.58,20000.2;0
20000,0.58,20000.2;0
20000,0.58,20000.2;0
20000,0.58,20000.2;0
20000,0.58,20000.2;0
20000,0.58,20000.2;0
20000,0.58,20000.2;0
20000,0.58,20000.21;0
20000,0.58,20000.21;0
20000,0.58,20000.2;0
20000,0.58,20000.2;0
20000,0.58,20000.2;0
20000,0.58,20000.19;0
20000,0.58,20000.18;0
20000,0.58,20000.18;0
20000,0.58,20000.18;0
20000,0.58,20000.18;0
20000,0.58,20000.18;0
20000,0.58,20000.17;0
20000,0.58,20000.15;0
20000,0.58,20000.14;0
20000,0.58,20000.12;0
20000,0.58,20000.12;0
20000,0.58,20000.11;0
20000,0.58,20000.11;0
20000,0.58,20000.11;0
20000,0.58,20000.11;0
20000,0.58,20000.11;0
20000,0.58,20000.11;0
20000,0.58,20000.11;0
20000,0.58,20000.11;0
20000,0.58,20000.11;0
20000,0.58,20000.11;0
20000,0.58,20000.11;0
20000,0.58,20000.11;0
20000,0.58,20000.11;0
20000,0.58,20000.11;0
20000,0.58,20000.11;0
20000,0.58,20000.11;0
20000,0.58,20000.11;0
20000,0.58,20000.11;0
20000,0.58,20000.11;0
20000,0.58,20000.11;0
20000,0.58,20000.11;0
20000,0.58,20000.11;0
20000,0.58,20000.11;0
20000,0.58,20000.11;0
20000,0.58,20000.11;0
20000,0.58,20000.11;0
20000,0.58,20000.11;0
20000,0.58,20000.11;0
20000,0.58,20000.11;0
20000,0.58,20000.11;0
20000,0.58,20000.11;0
20000,0.58,20000.11;0
20000,0.58,20000.11;0
20000,0.58,20000.11;0
20000,0.58,20000.11;0
20000,0.58,20000.11;0
20000,0.58,20000.11;0
20000,0.58,20000.11;0
20000,0.58,20000.11;0
20000,0.58,20000.11;0
20000,0.58,20000.23;0
20000,0.58,20000.23;0
20000,0.58,20000.23;0
20000,0.58,20000.36;0
20000,0.58,20000.49;0
20000,0.58,20000.61;0
20000,0.58,20000.74;0
20000,0.58,20000.74;0
20000,0.58,20000.87;0
20000,0.58,20000.99;0
20000,0.58,20001.12;0
20000,0.58,20001.25;0
20000,0.58,20001.38;0
20000,0.58,20001.38;0
20000,0.58,20001.5;0
20000,0.58,20001.63;0
20000,0.58,20001.76;0
20000,0.58,20001.76;0
20000,0.58,20001.76;0
20000,0.58,20001.76;0
20000,0.58,20001.76;0
20000,0.58,20001.76;0
20000,0.58,20001.76;0
20000,0.58,20001.76;0
20000,0.58,20001.76;0
20000,0.58,20001.76;0
20000,0.58,20001.88;0
20000,0.58,20002.01;0
20000,0.58,20002.01;0
20000,0.58,20002.01;0
20000,0.58,20002.14;0
20000,0.58,20002.14;0
20000,0.58,20002.26;0
20000,0.58,20002.26;0
20000,0.58,20002.26;0
20000,0.58,20002.26;0
20000,0.58,20002.26;0
20000,0.58,20002.26;0
20000,0.58,20002.26;0
20000,0.58,20002.26;0
20000,0.58,20002.26;0
20000,0.58,20002.26;0
20000,0.58,20002.26;0
20000,0.58,20002.26;0
20000,0.58,20002.39;0
20000,0.58,20002.39;0
20000,0.58,20002.39;0
20000,0.58,20002.39;0
20000,0.58,20002.39;0
20000,0.58,20002.39;0
20000,0.58,20002.39;0
20000,0.58,20002.39;0
20000,0.58,20002.39;0
20000,0.58,20002.39;0
20000,0.58,20002.39;0
20000,0.58,20002.39;0
20000,0.58,20002.39;0
20000,0.58,20002.39;0
20000,0.58,20002.39;0
20000,0.58,20002.52;0
20000,0.58,20002.52;0
20000,0.58,20002.64;0
20000,0.58,20002.77;0
20000,0.58,20002.9;0
20000,0.58,20002.9;0
20000,0.58,20003.03;0
20000,0.58,20003.03;0
20000,0.58,20003.03;0
20000,0.58,20003.15;0
20000,0.58,20003.28;0
20000,0.58,20003.41;0
20000,0.58,20003.41;0
20000,0.58,20003.53;0
20000,0.58,20003.66;0
20000,0.58,20003.79;0
20000,0.58,20003.91;0
20000,0.58,20004.04;0
20000,0.58,20004.04;0
20000,0.58,20004.17;0
20000,0.58,20004.3;0
20000,0.58,20004.42;0
20000,0.58,20004.55;0
20000,0.58,20004.68;0
20000,0.58,20004.68;0
20000,0.58,20004.8;0
20000,0.58,20004.93;0
20000,0.58,20005.06;0
20000,0.58,20005.19;0
20000,0.58,20005.31;0
20000,0.58,20005.31;0
20000,0.58,20005.44;0
20000,0.58,20005.57;0
20000,0.58,20005.69;0
20000,0.58,20005.82;0
20000,0.58,20005.95;0
20000,0.58,20005.95;0
20000,0.58,20006.07;0
20000,0.58,20006.2;0
20000,0.58,20006.33;0
20000,0.58,20006.46;0
20000,0.58,20006.46;0
20000,0.58,20006.58;0
20000,0.58,20006.71;0
20000,0.58,20006.84;0
20000,0.58,20006.96;0
20000,0.58,20006.96;0
20000,0.58,20007.09;0
20000,0.58,20007.22;0
20000,0.58,20007.34;0
20000,0.58,20007.47;0
20000,0.58,20007.6;0
20000,0.58,20007.6;0
20000,0.58,20007.6;0
20000,0.58,20007.6;0
20000,0.58,20007.6;0
20000,0.58,20007.6;0
20000,0.58,20007.6;0
20000,0.58,20007.6;0
20000,0.58,20007.6;0
20000,0.58,20007.6;0
20000,0.58,20007.6;0
20000,0.58,20007.6;0
20000,0.58,20007.6;0
20000,0.58,20007.6;0
20000,0.58,20007.6;0
20000,0.58,20007.6;0
20000,0.58,20007.6;0
20000,0.58,20007.6;0
20000,0.58,20007.6;0
20000,0.58,20007.6;0
20000,0.58,20007.6;0
20000,0.58,20007.6;0
20000,0.58,20007.72;0
20000,0.58,20007.72;0
20000,0.58,20007.72;0
20000,0.58,20007.72;0
20000,0.58,20007.72;0
20000,0.58,20007.72;0
20000,0.58,20007.85;0
20000,0.58,20007.98;0
20000,0.58,20008.11;0
20000,0.58,20008.11;0
20000,0.58,20008.23;0
20000,0.58,20008.36;0
20000,0.58,20008.49;0
20000,0.58,20008.61;0
20000,0.58,20008.61;0
20000,0.58,20008.61;0
20000,0.58,20008.74;0
20000,0.58,20008.87;0
20000,0.58,20008.99;0
20000,0.58,20009.12;0
20000,0.58,20009.25;0
20000,0.58,20009.25;0
20000,0.58,20009.38;0
20000,0.58,20009.5;0
20000,0.58,20009.63;0
20000,0.58,20009.76;0
20000,0.58,20009.88;0
20000,0.58,20009.88;0
20000,0.58,20010.01;0
20000,0.58,20010.14;0
20000,0.58,20010.27;0
20000,0.58,20010.39;0
20000,0.58,20010.52;0
20000,0.58,20010.52;0
20000,0.58,20010.52;0
20000,0.58,20010.52;0
20000,0.58,20010.52;0
20000,0.58,20010.52;0
20000,0.58,20010.52;0
20000,0.58,20010.52;0
20000,0.58,20010.52;0
20000,0.58,20010.52;0
20000,0.58,20010.52;0
20000,0.58,20010.52;0
20000,0.58,20010.52;0
20000,0.58,20010.52;0
20000,0.58,20010.52;0
20000,0.58,20010.52;0
20000,0.58,20010.52;0
20000,0.58,20010.52;0
20000,0.58,20010.52;0
20000,0.58,20010.52;0
20000,0.58,20010.52;0
20000,0.58,20010.52;0
20000,0.58,20010.52;0
20000,0.58,20010.52;0
20000,0.58,20010.52;0
20000,0.58,20010.52;0
20000,0.58,20010.65;0
20000,0.58,20010.77;0
20000,0.58,20010.77;0
20000,0.58,20010.9;0
20000,0.58,20010.9;0
20000,0.58,20011.03;0
20000,0.58,20011.03;0
20000,0.58,20011.03;0
20000,0.58,20011.15;0
20000,0.58,20011.28;0
20000,0.58,20011.28;0
20000,0.58,20011.28;0
20000,0.58,20011.41;0
20000,0.58,20011.54;0
20000,0.58,20011.66;0
20000,0.58,20011.79;0
20000,0.58,20011.79;0
20000,0.58,20011.92;0
20000,0.58,20012.04;0
20000,0.58,20012.17;0
20000,0.58,20012.3;0
20000,0.58,20012.42;0
20000,0.58,20012.42;0
20000,0.58,20012.55;0
20000,0.58,20012.68;0
20000,0.58,20012.8;0
20000,0.58,20012.93;0
20000,0.58,20013.06;0
20000,0.58,20013.06;0
20000,0.58,20013.19;0
20000,0.58,20013.31;0
20000,0.58,20013.44;0
20000,0.58,20013.57;0
20000,0.58,20013.69;0
20000,0.58,20013.69;0
20000,0.58,20013.82;0
20000,0.58,20013.95;0
20000,0.58,20014.07;0
20000,0.58,20014.2;0
20000,0.58,20014.33;0
20000,0.58,20014.33;0
20000,0.58,20014.46;0
20000,0.58,20014.58;0
20000,0.58,20014.71;0
20000,0.58,20014.84;0
20000,0.58,20014.84;0
20000,0.58,20014.84;0
20000,0.58,20014.96;0
20000,0.58,20015.09;0
20000,0.58,20015.22;0
20000,0.58,20015.35;0
20000,0.58,20015.47;0
20000,0.58,20015.47;0
20000,0.58,20015.6;0
20000,0.58,20015.73;0
20000,0.58,20015.85;0
20000,0.58,20015.98;0
20000,0.58,20015.98;0
20000,0.58,20016.11;0
20000,0.58,20016.23;0
20000,0.58,20016.36;0
20000,0.58,20016.49;0
20000,0.58,20016.62;0
20000,0.58,20016.74;0
20000,0.58,20016.74;0
20000,0.58,20016.87;0
20000,0.58,20017;0
20000,0.58,20017.12;0
20000,0.58,20017.25;0
20000,0.58,20017.38;0
20000,0.58,20017.38;0
20000,0.58,20017.5;0
20000,0.58,20017.63;0
20000,0.58,20017.76;0
20000,0.58,20017.88;0
20000,0.58,20017.88;0
20000,0.58,20017.88;0
20000,0.58,20018.01;0
20000,0.58,20018.14;0
20000,0.58,20018.14;0
20000,0.58,20018.14;0
20000,0.58,20018.14;0
20000,0.58,20018.14;0
20000,0.58,20018.14;0
20000,0.58,20018.14;0
20000,0.58,20018.14;0
20000,0.58,20018.14;0
20000,0.58,20018.14;0
20000,0.58,20018.14;0
20000,0.58,20018.14;0
20000,0.58,20018.14;0
20000,0.58,20018.14;0
20000,0.58,20018.14;0
20000,0.58,20018.14;0
20000,0.58,20018.14;0
20000,0.58,20018.14;0
20000,0.58,20018.14;0
20000,0.58,20018.14;0
20000,0.58,20018.14;0
20000,0.58,20018.14;0
20000,0.58,20018.27;0
20000,0.58,20018.27;0
20000,0.58,20018.27;0
20000,0.58,20018.27;0
20000,0.58,20018.39;0
20000,0.58,20018.39;0
20000,0.58,20018.39;0
20000,0.58,20018.39;0
20000,0.58,20018.52;0
20000,0.58,20018.65;0
20000,0.58,20018.65;0
20000,0.58,20018.65;0
20000,0.58,20018.65;0
20000,0.58,20018.65;0
20000,0.58,20018.65;0
20000,0.58,20018.65;0
20000,0.58,20018.65;0
20000,0.58,20018.65;0
20000,0.58,20018.77;0
20000,0.58,20018.9;0
20000,0.58,20018.9;0
20000,0.58,20018.9;0
20000,0.58,20018.9;0
20000,0.58,20018.9;0
20000,0.58,20019.03;0
20000,0.58,20019.03;0
20000,0.58,20019.03;0
20000,0.58,20019.03;0
20000,0.58,20019.03;0
20000,0.58,20019.15;0
20000,0.58,20019.15;0
20000,0.58,20019.15;0
20000,0.58,20019.15;0
20000,0.58,20019.15;0
20000,0.58,20019.15;0
20000,0.58,20019.15;0
20000,0.58,20019.15;0
20000,0.58,20019.15;0
20000,0.58,20019.15;0
20000,0.58,20019.15;0
20000,0.58,20019.15;0
20000,0.58,20019.15;0
20000,0.58,20019.15;0
20000,0.58,20019.15;0
20000,0.58,20019.15;0
20000,0.58,20019.15;0
20000,0.58,20019.15;0
20000,0.58,20019.15;0
20000,0.58,20019.15;0
20000,0.58,20019.15;0
20000,0.58,20019.15;0
20000,0.58,20019.15;0
20000,0.58,20019.15;0
20000,0.58,20019.28;0
20000,0.58,20019.41;0
20000,0.58,20019.41;0
20000,0.58,20019.41;0
20000,0.58,20019.41;0
20000,0.58,20019.41;0
20000,0.58,20019.41;0
20000,0.58,20019.41;0
20000,0.58,20019.54;0
20000,0.58,20019.54;0
20000,0.58,20019.66;0
20000,0.58,20019.66;0
20000,0.58,20019.66;0
20000,0.58,20019.66;0
20000,0.58,20019.66;0
20000,0.58,20019.66;0
20000,0.58,20019.66;0
20000,0.58,20019.66;0
20000,0.58,20019.66;0
20000,0.58,20019.66;0
20000,0.58,20019.66;0
20000,0.58,20019.66;0
20000,0.58,20019.79;0
20000,0.58,20019.92;0
20000,0.58,20020.04;0
20000,0.58,20020.17;0
20000,0.58,20020.17;0
20000,0.58,20020.17;0
20000,0.58,20020.17;0
20000,0.58,20020.3;0
20000,0.58,20020.43;0
20000,0.58,20020.55;0
20000,0.58,20020.68;0
20000,0.58,20020.81;0
20000,0.58,20020.81;0
20000,0.58,20020.93;0
20000,0.58,20021.06;0
20000,0.58,20021.19;0
20000,0.58,20021.31;0
20000,0.58,20021.44;0
20000,0.58,20021.44;0
20000,0.58,20021.57;0
20000,0.58,20021.7;0
20000,0.58,20021.7;0
20000,0.58,20021.82;0
20000,0.58,20021.95;0
20000,0.58,20021.95;0
20000,0.58,20022.08;0
20000,0.58,20022.2;0
20000,0.58,20022.2;0
20000,0.58,20022.2;0
20000,0.58,20022.2;0
20000,0.58,20022.2;0
20000,0.58,20022.2;0
20000,0.58,20022.2;0
20000,0.58,20022.2;0
20000,0.58,20022.2;0
20000,0.58,20022.2;0
20000,0.58,20022.2;0
20000,0.58,20022.2;0
20000,0.58,20022.2;0
20000,0.58,20022.2;0
20000,0.58,20022.33;0
20000,0.58,20022.33;0
20000,0.58,20022.46;0
20000,0.58,20022.58;0
20000,0.58,20022.71;0
20000,0.58,20022.84;0
20000,0.58,20022.96;0
20000,0.58,20022.96;0
20000,0.58,20023.09;0
20000,0.58,20023.22;0
20000,0.58,20023.35;0
20000,0.58,20023.47;0
20000,0.58,20023.6;0
20000,0.58,20023.73;0
20000,0.58,20023.73;0
20000,0.58,20023.85;0
20000,0.58,20023.98;0
20000,0.58,20024.11;0
20000,0.58,20024.23;0
20000,0.58,20024.36;0
20000,0.58,20024.36;0
20000,0.58,20024.49;0
20000,0.58,20024.62;0
20000,0.58,20024.74;0
20000,0.58,20024.87;0
20000,0.58,20025;0
20000,0.58,20025;0
20000,0.58,20025.12;0
20000,0.58,20025.25;0
20000,0.58,20025.38;0
20000,0.58,20025.51;0
20000,0.58,20025.51;0
20000,0.58,20025.63;0
20000,0.58,20025.76;0
20000,0.58,20025.89;0
20000,0.58,20026.01;0
20000,0.58,20026.14;0
20000,0.58,20026.14;0
20000,0.58,20026.27;0
20000,0.58,20026.39;0
20000,0.58,20026.52;0
20000,0.58,20026.65;0
20000,0.58,20026.65;0
20000,0.58,20026.78;0
20000,0.58,20026.9;0
20000,0.58,20026.9;0
20000,0.58,20026.9;0
20000,0.58,20026.9;0
20000,0.58,20026.9;0
20000,0.58,20026.9;0
20000,0.58,20026.9;0
20000,0.58,20026.9;0
20000,0.58,20026.9;0
20000,0.58,20026.9;0
20000,0.58,20026.9;0
20000,0.58,20026.9;0
20000,0.58,20026.9;0
20000,0.58,20026.9;0
20000,0.58,20026.9;0
20000,0.58,20026.9;0
20000,0.58,20026.9;0
20000,0.58,20026.9;0
20000,0.58,20026.9;0
20000,0.58,20026.9;0
20000,0.58,20026.9;0
20000,0.58,20026.9;0
20000,0.58,20026.9;0
20000,0.58,20026.9;0
20000,0.58,20026.9;0
20000,0.58,20026.9;0
20000,0.58,20026.9;0
20000,0.58,20026.9;0
20000,0.58,20026.9;0
20000,0.58,20026.9;0
20000,0.58,20026.9;0
20000,0.58,20026.9;0
20000,0.58,20026.9;0
20000,0.58,20026.9;0
20000,0.58,20026.9;0
20000,0.58,20026.9;0
20000,0.58,20026.9;0
20000,0.58,20026.9;0
20000,0.58,20026.9;0
20000,0.58,20026.9;0
20000,0.58,20026.9;0
20000,0.58,20026.9;0
20000,0.58,20026.9;0
20000,0.58,20026.9;0
20000,0.58,20026.9;0
20000,0.58,20026.9;0
20000,0.58,20026.9;0
20000,0.58,20026.9;0
20000,0.58,20026.9;0
20000,0.58,20026.9;0
20000,0.58,20026.9;0
20000,0.58,20026.9;0
20000,0.58,20026.9;0
20000,0.58,20026.9;0
20000,0.58,20026.9;0
20000,0.58,20026.9;0
20000,0.58,20026.9;0
20000,0.58,20026.9;0
20000,0.58,20026.9;0
20000,0.58,20026.9;0
20000,0.58,20026.9;0
20000,0.58,20026.9;0
20000,0.58,20027.03;0
20000,0.58,20027.16;0
20000,0.58,20027.16;0
20000,0.58,20027.28;0
20000,0.58,20027.41;0
20000,0.58,20027.54;0
20000,0.58,20027.66;0
20000,0.58,20027.79;0
20000,0.58,20027.92;0
20000,0.58,20028.04;0
20000,0.58,20028.17;0
20000,0.58,20028.17;0
20000,0.58,20028.3;0
20000,0.58,20028.43;0
20000,0.58,20028.55;0
20000,0.58,20028.55;0
20000,0.58,20028.68;0
20000,0.58,20028.68;0
20000,0.58,20028.81;0
20000,0.58,20028.81;0
20000,0.58,20028.93;0
20000,0.58,20028.93;0
20000,0.58,20028.93;0
20000,0.58,20028.93;0
20000,0.58,20028.93;0
20000,0.58,20028.93;0
20000,0.58,20028.93;0
20000,0.58,20028.93;0
20000,0.58,20028.93;0
20000,0.58,20028.93;0
20000,0.58,20028.93;0
20000,0.58,20028.93;0
20000,0.58,20029.06;0
20000,0.58,20029.19;0
20000,0.58,20029.19;0
20000,0.58,20029.31;0
20000,0.58,20029.31;0
20000,0.58,20029.31;0
20000,0.58,20029.31;0
20000,0.58,20029.31;0
20000,0.58,20029.31;0
20000,0.58,20029.31;0
20000,0.58,20029.31;0
20000,0.58,20029.31;0
20000,0.58,20029.31;0
20000,0.58,20029.31;0
20000,0.58,20029.31;0
20000,0.58,20029.31;0
20000,0.58,20029.31;0
20000,0.58,20029.31;0
20000,0.58,20029.44;0
20000,0.58,20029.44;0
20000,0.58,20029.44;0
20000,0.58,20029.57;0
20000,0.58,20029.57;0
20000,0.58,20029.57;0
20000,0.58,20029.57;0
20000,0.58,20029.57;0
20000,0.58,20029.57;0
20000,0.58,20029.57;0
20000,0.58,20029.7;0
20000,0.58,20029.7;0
20000,0.58,20029.7;0
20000,0.58,20029.7;0
20000,0.58,20029.7;0
20000,0.58,20029.7;0
20000,0.58,20029.7;0
20000,0.58,20029.82;0
20000,0.58,20029.95;0
20000,0.58,20029.95;0
20000,0.58,20030.08;0
20000,0.58,20030.2;0
20000,0.58,20030.2;0
20000,0.58,20030.33;0
20000,0.58,20030.46;0
20000,0.58,20030.59;0
20000,0.58,20030.71;0
20000,0.58,20030.84;0
20000,0.58,20030.84;0
20000,0.58,20030.97;0
20000,0.58,20031.09;0
20000,0.58,20031.22;0
20000,0.58,20031.35;0
20000,0.58,20031.47;0
20000,0.58,20031.47;0
20000,0.58,20031.6;0
20000,0.58,20031.73;0
20000,0.58,20031.86;0
20000,0.58,20031.98;0
20000,0.58,20032.11;0
20000,0.58,20032.11;0
20000,0.58,20032.24;0
20000,0.58,20032.36;0
20000,0.58,20032.49;0
20000,0.58,20032.62;0
20000,0.58,20032.62;0
20000,0.58,20032.74;0
20000,0.58,20032.87;0
20000,0.58,20033;0
20000,0.58,20033.13;0
20000,0.58,20033.25;0
20000,0.58,20033.25;0
20000,0.58,20033.38;0
20000,0.58,20033.51;0
20000,0.58,20033.63;0
20000,0.58,20033.76;0
20000,0.58,20033.89;0
20000,0.58,20033.89;0
20000,0.58,20034.01;0
20000,0.58,20034.14;0
20000,0.58,20034.27;0
20000,0.58,20034.39;0
20000,0.58,20034.52;0
20000,0.58,20034.52;0
20000,0.58,20034.65;0
20000,0.58,20034.78;0
20000,0.58,20034.9;0
20000,0.58,20035.03;0
20000,0.58,20035.16;0
20000,0.58,20035.28;0
20000,0.58,20035.28;0
20000,0.58,20035.41;0
20000,0.58,20035.54;0
20000,0.58,20035.66;0
20000,0.58,20035.79;0
20000,0.58,20035.92;0
20000,0.58,20035.92;0
20000,0.58,20036.05;0
20000,0.58,20036.17;0
20000,0.58,20036.3;0
20000,0.58,20036.43;0
20000,0.58,20036.55;0
20000,0.58,20036.55;0
20000,0.58,20036.68;0
20000,0.58,20036.81;0
20000,0.58,20036.94;0
20000,0.58,20037.06;0
20000,0.58,20037.19;0
20000,0.58,20037.19;0
20000,0.58,20037.32;0
20000,0.58,20037.44;0
20000,0.58,20037.57;0
20000,0.58,20037.7;0
20000,0.58,20037.82;0
20000,0.58,20037.82;0
20000,0.58,20037.95;0
20000,0.58,20038.08;0
20000,0.58,20038.21;0
20000,0.58,20038.33;0
20000,0.58,20038.33;0
20000,0.58,20038.46;0
20000,0.58,20038.59;0
20000,0.58,20038.71;0
20000,0.58,20038.84;0
20000,0.58,20038.84;0
20000,0.58,20038.97;0
20000,0.58,20039.09;0
20000,0.58,20039.22;0
20000,0.58,20039.22;0
20000,0.58,20039.35;0
20000,0.58,20039.47;0
20000,0.58,20039.6;0
20000,0.58,20039.73;0
20000,0.58,20039.86;0
20000,0.58,20039.98;0
20000,0.58,20040.11;0
20000,0.58,20040.24;0
20000,0.58,20040.36;0
20000,0.58,20040.36;0
20000,0.58,20040.49;0
20000,0.58,20040.62;0
20000,0.58,20040.74;0
20000,0.58,20040.87;0
20000,0.58,20040.87;0
20000,0.58,20041;0
20000,0.58,20041.12;0
20000,0.58,20041.22;0
20000,0.58,20041.32;0
20000,0.58,20041.42;0
20000,0.58,20041.42;0
20000,0.58,20041.53;0
20000,0.58,20041.63;0
20000,0.58,20041.73;0
20000,0.58,20041.84;0
20000,0.58,20041.95;0
20000,0.58,20041.95;0
20000,0.58,20042.06;0
20000,0.58,20042.17;0
20000,0.58,20042.27;0
20000,0.58,20042.38;0
20000,0.58,20042.49;0
20000,0.58,20042.49;0
20000,0.58,20042.61;0
20000,0.58,20042.72;0
20000,0.58,20042.83;0
20000,0.58,20042.94;0
20000,0.58,20042.94;0
20000,0.58,20043.05;0
20000,0.58,20043.17;0
20000,0.58,20043.28;0
20000,0.58,20043.39;0
20000,0.58,20043.5;0
20000,0.58,20043.61;0
20000,0.58,20043.61;0
20000,0.58,20043.72;0
20000,0.58,20043.83;0
20000,0.58,20043.93;0
20000,0.58,20044.04;0
20000,0.58,20044.04;0
20000,0.58,20044.15;0
20000,0.58,20044.15;0
20000,0.58,20044.25;0
20000,0.58,20044.36;0
20000,0.58,20044.46;0
20000,0.58,20044.57;0
20000,0.58,20044.67;0
20000,0.58,20044.67;0
20000,0.58,20044.77;0
20000,0.58,20044.88;0
20000,0.58,20044.98;0
20000,0.58,20045.08;0
20000,0.58,20045.19;0
20000,0.58,20045.19;0
20000,0.58,20045.29;0
20000,0.58,20045.4;0
20000,0.58,20045.51;0
20000,0.58,20045.62;0
20000,0.58,20045.72;0
20000,0.58,20045.72;0
20000,0.58,20045.84;0
20000,0.58,20045.95;0
20000,0.58,20046.06;0
20000,0.58,20046.18;0
20000,0.58,20046.18;0
20000,0.58,20046.29;0
20000,0.58,20046.4;0
20000,0.58,20046.52;0
20000,0.58,20046.63;0
20000,0.58,20046.74;0
20000,0.58,20046.74;0
20000,0.58,20046.86;0
20000,0.58,20046.97;0
20000,0.58,20047.09;0
20000,0.58,20047.09;0
20000,0.58,20047.21;0
20000,0.58,20047.32;0
20000,0.58,20047.44;0
20000,0.58,20047.44;0
20000,0.58,20047.56;0
