20000,0.5,20000;0
20000,0.58,20000.14;359.2723
19999.99,0.58,20000.27;358.5447
19999.99,0.58,20000.4;357.817
19999.99,0.58,20000.4;357.817
19999.98,0.58,20000.52;357.0894
19999.97,0.58,20000.65;356.3618
19999.96,0.58,20000.79;355.6341
19999.96,0.58,20000.79;355.6341
19999.96,0.58,20000.79;355.6341
19999.95,0.58,20000.92;354.9064
19999.94,0.58,20001.03;354.1788
19999.93,0.58,20001.14;353.4511
19999.93,0.58,20001.14;353.4511
19999.91,0.58,20001.28;352.7235
19999.9,0.58,20001.39;351.9958
19999.88,0.58,20001.51;351.2682
19999.88,0.58,20001.51;351.2682
19999.88,0.58,20001.51;351.2682
19999.86,0.58,20001.64;350.5405
19999.83,0.58,20001.77;349.8129
19999.81,0.58,20001.9;349.0852
19999.81,0.58,20001.9;349.0852
19999.78,0.58,20002.02;348.3576
19999.78,0.58,20002.02;348.3576
19999.75,0.58,20002.15;347.6299
19999.72,0.58,20002.28;346.9023
19999.72,0.58,20002.28;346.9023
19999.69,0.58,20002.4;346.1746
19999.69,0.58,20002.4;346.1746
19999.67,0.58,20002.51;345.447
19999.64,0.58,20002.62;344.7193
19999.64,0.58,20002.62;344.7193
19999.6,0.58,20002.75;343.9917
19999.6,0.58,20002.75;343.9917
19999.56,0.58,20002.87;343.264
19999.53,0.58,20002.98;342.5364
19999.53,0.58,20002.98;342.5364
19999.51,0.58,20003.04;341.8087
19999.51,0.58,20003.04;341.8087
19999.48,0.58,20003.13;341.0811
19999.48,0.58,20003.13;341.0811
19999.45,0.58,20003.2;340.3534
19999.45,0.58,20003.2;340.3534
19999.42,0.58,20003.29;339.6258
19999.38,0.58,20003.38;338.8981
19999.38,0.58,20003.38;338.8981
19999.34,0.58,20003.49;338.1705
19999.34,0.58,20003.49;338.1705
19999.3,0.58,20003.59;337.4428
19999.25,0.58,20003.69;336.7152
19999.25,0.58,20003.69;336.7152
19999.22,0.58,20003.77;335.9875
19999.22,0.58,20003.77;335.9875
19999.18,0.58,20003.85;335.2599
19999.14,0.58,20003.93;334.5322
19999.09,0.58,20004.04;333.8046
19999.04,0.58,20004.15;333.0769
19999.04,0.58,20004.15;333.0769
19999.01,0.58,20004.2;332.3493
19998.99,0.58,20004.24;331.6216
19998.94,0.58,20004.33;330.894
19998.89,0.58,20004.42;330.1663
19998.89,0.58,20004.42;330.1663
19998.84,0.58,20004.5;329.4387
19998.79,0.58,20004.59;328.711
19998.75,0.58,20004.64;327.9834
19998.72,0.58,20004.69;327.2557
19998.72,0.58,20004.69;327.2557
19998.67,0.58,20004.76;326.528
19998.63,0.58,20004.82;325.8004
19998.59,0.58,20004.88;325.0728
19998.55,0.58,20004.94;324.3451
19998.55,0.58,20004.94;324.3451
19998.49,0.58,20005.02;323.6174
19998.43,0.58,20005.1;323.1705
19998.41,0.58,20005.13;322.4429
19998.41,0.58,20005.13;322.4429
19998.41,0.58,20005.13;322.4429
19998.38,0.58,20005.16;321.7152
19998.31,0.58,20005.25;320.9876
19998.24,0.58,20005.33;320.2599
19998.24,0.58,20005.33;320.2599
19998.24,0.58,20005.33;320.2599
19998.18,0.58,20005.41;319.5323
19998.09,0.58,20005.51;318.8046
19998,0.58,20005.61;318.077
19998,0.58,20005.61;318.077
19998,0.58,20005.61;318.077
19997.97,0.58,20005.64;317.3493
19997.93,0.58,20005.68;316.6217
19997.9,0.58,20005.71;316.0315
19997.9,0.58,20005.71;316.0315
19997.9,0.58,20005.71;316.0315
19997.81,0.58,20005.8;315.3039
19997.75,0.58,20005.86;314.5762
19997.7,0.58,20005.91;314.0778
19997.7,0.58,20005.91;314.0778
19997.61,0.58,20006;313.5793
19997.52,0.58,20006.08;312.9605
19997.43,0.58,20006.17;312.3417
19997.33,0.58,20006.26;311.614
19997.33,0.58,20006.26;311.614
19997.24,0.58,20006.33;310.8864
19997.15,0.58,20006.4;310.1588
19997.05,0.58,20006.49;309.4311
19996.95,0.58,20006.57;308.7034
19996.95,0.58,20006.57;308.7034
19996.85,0.58,20006.65;307.9758
19996.75,0.58,20006.73;307.2481
19996.72,0.58,20006.75;306.5205
19996.69,0.58,20006.77;305.8272
19996.69,0.58,20006.77;305.8272
19996.59,0.58,20006.83;305.1339
19996.5,0.58,20006.9;304.4922
19996.4,0.58,20006.96;303.8505
19996.31,0.58,20007.03;303.1228
19996.31,0.58,20007.03;303.1228
19996.23,0.58,20007.08;302.5499
19996.23,0.58,20007.08;302.5499
19996.14,0.58,20007.13;301.8222
19996.14,0.58,20007.13;301.8222
19996.14,0.58,20007.13;301.8222
19996.05,0.58,20007.19;301.1805
19996.05,0.58,20007.19;301.1805
19995.98,0.58,20007.23;300.5388
19995.9,0.58,20007.27;300.5102
19995.9,0.58,20007.27;300.5102
19995.81,0.58,20007.33;300.3669
19995.81,0.58,20007.33;300.3669
19995.72,0.58,20007.38;300.2237
19995.63,0.58,20007.43;299.5476
19995.63,0.58,20007.43;299.5476
19995.56,0.58,20007.47;298.8199
19995.56,0.58,20007.47;298.8199
19995.47,0.58,20007.52;298.0923
19995.37,0.58,20007.57;297.3646
19995.37,0.58,20007.57;297.3646
19995.29,0.58,20007.61;296.9693
19995.29,0.58,20007.61;296.9693
19995.21,0.58,20007.65;296.574
19995.13,0.58,20007.69;295.8463
19995.03,0.58,20007.73;295.1187
19995.03,0.58,20007.73;295.1187
19995.03,0.58,20007.73;295.1187
19994.93,0.58,20007.78;294.391
19994.83,0.58,20007.82;293.6634
19994.74,0.58,20007.86;292.9357
19994.74,0.58,20007.86;292.9357
19994.74,0.58,20007.86;292.9357
19994.64,0.58,20007.9;292.2081
19994.64,0.58,20007.9;292.2081
19994.54,0.58,20007.94;291.4804
19994.54,0.58,20007.94;291.4804
19994.46,0.58,20007.97;290.7527
19994.38,0.58,20008;290.048
19994.38,0.58,20008;290.048
19994.28,0.58,20008.04;289.8417
19994.28,0.58,20008.04;289.8417
19994.28,0.58,20008.04;289.8417
19994.18,0.58,20008.07;289.6355
19994.09,0.58,20008.11;289.137
19994,0.58,20008.13;288.4667
19994,0.58,20008.13;288.4667
19993.9,0.58,20008.17;287.7963
19993.8,0.58,20008.2;287.0687
19993.72,0.58,20008.22;286.341
19993.63,0.58,20008.25;285.6133
19993.63,0.58,20008.25;285.6133
19993.63,0.58,20008.25;285.6133
19993.54,0.58,20008.27;284.8857
19993.44,0.58,20008.29;284.158
19993.44,0.58,20008.29;284.158
19993.44,0.58,20008.29;284.158
19993.39,0.58,20008.32;283.4304
19993.39,0.5800001,20008.34;282.7027
19993.39,0.5800003,20008.36;282.0152
19993.39,0.5800003,20008.36;282.0152
19993.39,0.58,20008.38;281.3276
19993.39,0.5800008,20008.39;280.6
19993.39,0.5800014,20008.41;279.8723
19993.39,0.5800014,20008.41;279.8723
19993.39,0.5800016,20008.42;279.1447
19993.39,0.5800022,20008.44;278.4571
19993.39,0.5800027,20008.45;277.7696
19993.39,0.5800029,20008.46;277.0419
19993.39,0.5800029,20008.46;277.0419
19993.39,0.5800029,20008.46;277.0419
19993.39,0.5800028,20008.48;276.3143
19993.39,0.5800028,20008.48;275.5866
19993.39,0.5800026,20008.49;274.8991
19993.39,0.5800026,20008.49;274.8991
19993.39,0.5800026,20008.49;274.8991
19993.39,0.5800028,20008.5;274.1714
19993.39,0.5800036,20008.5;273.4438
19993.39,0.5800036,20008.51;272.7161
19993.39,0.5800036,20008.51;272.7161
19993.39,0.5800036,20008.51;272.7161
19993.39,0.580003,20008.51;272.0343
19993.39,0.5800033,20008.51;271.3525
19993.39,0.5800032,20008.52;270.6248
19993.39,0.5800032,20008.52;270.6248
19993.39,0.5800036,20008.51;269.8972
19993.39,0.5800031,20008.51;269.1695
19993.39,0.5800036,20008.51;268.4419
19993.39,0.5800036,20008.51;267.7142
19993.39,0.5800036,20008.51;267.7142
19993.39,0.580003,20008.5;266.9866
19993.39,0.5800021,20008.49;266.2589
19993.39,0.5800021,20008.49;265.5313
19993.39,0.5800018,20008.48;264.8036
19993.39,0.5800018,20008.48;264.8036
19993.39,0.5800018,20008.48;264.0817
19993.39,0.5800021,20008.47;263.3598
19993.39,0.5800021,20008.46;262.6321
19993.39,0.5800021,20008.46;262.6321
19993.39,0.5800019,20008.46;261.9045
19993.39,0.5800019,20008.46;261.9045
19993.39,0.5800023,20008.44;261.1768
19993.39,0.5800018,20008.42;260.4664
19993.39,0.5800018,20008.42;260.4664
19993.39,0.5800024,20008.41;259.7387
19993.39,0.5800024,20008.41;259.0111
19993.39,0.5800024,20008.4;258.2834
19993.39,0.5800024,20008.4;258.2834
19993.39,0.5800025,20008.39;257.5729
19993.39,0.5800025,20008.39;257.5729
19993.39,0.5800022,20008.38;256.8625
19993.39,0.5800024,20008.36;256.1348
19993.39,0.5800024,20008.36;256.1348
19993.39,0.5800027,20008.35;255.4072
19993.39,0.5800027,20008.35;255.4072
19993.39,0.5800025,20008.33;254.7025
19993.39,0.5800025,20008.33;254.7025
19993.39,0.5800028,20008.32;253.9748
19993.39,0.5800028,20008.32;253.9748
19993.39,0.5800028,20008.31;253.2472
19993.39,0.5800028,20008.31;252.5195
19993.39,0.5800028,20008.31;252.5195
19993.39,0.5800029,20008.31;251.8262
19993.39,0.5800029,20008.31;251.8262
19993.39,0.5800029,20008.31;251.8262
19993.39,0.5800028,20008.3;251.0986
19993.39,0.580003,20008.3;250.3709
19993.39,0.580003,20008.3;250.3709
19993.39,0.580003,20008.3;250.3709
19993.39,0.5800028,20008.29;249.6433
19993.39,0.5800028,20008.28;248.95
19993.38,0.5800031,20008.26;248.2224
19993.38,0.5800031,20008.26;248.2224
19993.38,0.5800031,20008.26;248.2224
19993.38,0.5800031,20008.26;247.4947
19993.38,0.5800031,20008.26;246.767
19993.38,0.5800033,20008.23;246.0566
19993.38,0.5800033,20008.23;246.0566
19993.38,0.5800033,20008.23;246.0566
19993.38,0.5800036,20008.2;245.3461
19993.38,0.5800033,20008.16;244.6185
19993.38,0.5800033,20008.14;243.8908
19993.38,0.5800033,20008.14;243.8908
19993.38,0.5800033,20008.14;243.8908
19993.38,0.5800033,20008.14;243.1632
19993.38,0.5800033,20008.13;242.5329
19993.38,0.5800033,20008.13;241.8224
19993.38,0.5800033,20008.13;241.8224
19993.38,0.5800033,20008.13;241.8224
19993.38,0.5800033,20008.12;241.112
19993.38,0.5800033,20008.12;240.3843
19993.38,0.5800034,20008.07;239.7713
19993.38,0.5800034,20008.07;239.7713
19993.38,0.5800034,20008.07;239.7713
19993.38,0.5800033,20008.04;239.1582
19993.38,0.5800036,20008;238.4821
19993.38,0.5800039,20007.96;237.7545
19993.38,0.5800039,20007.96;237.7545
19993.38,0.5800039,20007.96;237.7545
19993.38,0.5800037,20007.91;237.0268
19993.38,0.5800038,20007.86;236.3106
19993.38,0.5800037,20007.8;235.6059
19993.38,0.5800037,20007.8;235.6059
19993.38,0.5800037,20007.8;235.6059
19993.38,0.5800037,20007.76;234.9011
19993.38,0.5800037,20007.7;234.2823
19993.38,0.5800039,20007.65;234.1563
19993.38,0.5800039,20007.65;234.1563
19993.38,0.5800039,20007.65;234.1563
19993.38,0.5800039,20007.64;234.0302
19993.38,0.5800039,20007.64;233.8641
19993.38,0.5800039,20007.64;233.8641
19993.38,0.5800039,20007.64;233.8641
19993.38,0.5800039,20007.64;233.8641
19993.38,0.5800039,20007.64;233.8641
19993.38,0.5800039,20007.64;233.8641
19993.38,0.5800039,20007.64;233.8641
19993.38,0.5800039,20007.64;233.8641
19993.38,0.5800039,20007.64;233.8641
19993.38,0.5800039,20007.64;233.8641
19993.38,0.5800039,20007.64;233.8641
19993.38,0.5800039,20007.64;233.8641
19993.38,0.5800039,20007.64;233.8641
19993.38,0.5800039,20007.64;233.8641
19993.38,0.5800039,20007.64;233.8641
19993.38,0.5800039,20007.64;233.8641
19993.38,0.5800039,20007.64;233.8641
19993.38,0.5800039,20007.64;233.8641
19993.38,0.5800039,20007.64;233.8641
19993.38,0.5800039,20007.64;233.8641
19993.38,0.5800039,20007.64;233.8641
19993.38,0.5800039,20007.64;233.8641
19993.38,0.5800039,20007.64;233.8641
19993.38,0.5800039,20007.64;233.8641
19993.38,0.5800039,20007.64;233.8641
19993.38,0.5800039,20007.64;233.8641
19993.38,0.5800039,20007.64;233.8641
19993.38,0.5800039,20007.64;233.8641
19993.38,0.5800039,20007.64;233.8641
19993.38,0.5800039,20007.64;233.8641
19993.38,0.5800039,20007.64;233.8641
19993.38,0.5800039,20007.64;233.8641
19993.38,0.5800039,20007.64;233.8641
19993.38,0.5800039,20007.64;233.8641
19993.38,0.5800039,20007.64;233.8641
19993.38,0.5800039,20007.64;233.8641
19993.38,0.5800039,20007.64;233.8641
19993.38,0.5800039,20007.64;233.8641
19993.38,0.5800039,20007.64;233.8641
19993.38,0.5800039,20007.64;233.8641
19993.38,0.5800039,20007.64;233.8641
19993.38,0.5800039,20007.64;233.8641
19993.38,0.5800039,20007.64;233.8641
19993.38,0.5800039,20007.64;233.8641
19993.38,0.5800039,20007.64;233.8641
19993.38,0.5800039,20007.64;233.8641
19993.38,0.5800039,20007.64;233.8641
19993.38,0.5800039,20007.64;233.8641
19993.38,0.5800039,20007.64;233.8641
19993.38,0.5800039,20007.64;233.8641
19993.38,0.5800039,20007.64;233.8641
19993.38,0.5800039,20007.64;233.8641
19993.38,0.5800039,20007.64;233.8641
19993.38,0.5800039,20007.64;233.8641
19993.38,0.5800039,20007.64;233.8641
19993.38,0.5800039,20007.64;233.8641
19993.38,0.5800039,20007.64;233.8641
19993.38,0.5800039,20007.64;233.8641
19993.38,0.5800039,20007.64;233.8641
19993.38,0.5800039,20007.64;233.8641
19993.38,0.5800039,20007.64;233.8641
19993.38,0.5800039,20007.64;233.8641
19993.38,0.5800039,20007.64;233.8641
19993.38,0.5800039,20007.64;233.8641
19993.38,0.5800039,20007.64;233.8641
19993.38,0.5800039,20007.64;233.8641
19993.38,0.5800039,20007.64;233.8641
19993.38,0.5800039,20007.64;233.8641
19993.38,0.5800039,20007.64;233.8641
19993.38,0.5800039,20007.64;233.8641
19993.38,0.5800039,20007.64;233.8641
19993.38,0.5800039,20007.64;233.8641
19993.38,0.5800039,20007.64;233.8641
19993.38,0.5800039,20007.64;233.8641
19993.38,0.5800039,20007.64;233.8641
19993.38,0.5800039,20007.64;233.8641
19993.38,0.5800039,20007.64;233.8641
19993.38,0.5800039,20007.64;233.8641
19993.38,0.5800039,20007.64;233.8641
19993.38,0.5800039,20007.64;233.8641
19993.38,0.5800039,20007.64;233.8641
19993.38,0.5800039,20007.64;233.8641
19993.38,0.5800039,20007.64;233.8641
19993.38,0.5800039,20007.64;233.8641
19993.38,0.5800039,20007.64;233.8641
19993.38,0.5800039,20007.64;233.8641
19993.38,0.5800039,20007.64;233.8641
19993.38,0.5800039,20007.64;233.8641
19993.38,0.5800039,20007.64;233.8641
19993.38,0.5800039,20007.64;233.8641
19993.38,0.5800039,20007.64;233.8641
19993.38,0.5800039,20007.64;233.8641
19993.38,0.5800039,20007.64;233.8641
19993.38,0.5800039,20007.64;233.8641
19993.38,0.5800039,20007.64;233.8641
19993.38,0.5800039,20007.64;233.8641
19993.38,0.5800039,20007.64;233.8641
19993.38,0.5800039,20007.64;233.8641
19993.38,0.5800039,20007.64;233.8641
19993.38,0.5800039,20007.64;233.8641
19993.38,0.5800039,20007.64;233.8641
19993.38,0.5800039,20007.64;233.8641
19993.38,0.5800039,20007.64;233.8641
19993.38,0.5800039,20007.64;233.8641
19993.38,0.5800039,20007.64;233.8641
19993.38,0.5800039,20007.64;233.8641
19993.38,0.5800039,20007.64;233.8641
19993.38,0.5800039,20007.64;233.8641
19993.38,0.5800039,20007.64;233.8641
19993.38,0.5800039,20007.64;233.8641
19993.38,0.5800039,20007.64;233.8641
19993.38,0.5800039,20007.64;233.8641
19993.38,0.5800039,20007.64;233.8641
19993.38,0.5800039,20007.64;233.8641
19993.38,0.5800039,20007.64;233.8641
19993.38,0.5800039,20007.64;233.8641
19993.38,0.5800039,20007.64;233.8641
19993.38,0.5800039,20007.64;233.8641
19993.38,0.5800039,20007.64;233.8641
19993.38,0.5800039,20007.64;233.8641
19993.38,0.5800039,20007.64;233.8641
19993.38,0.5800039,20007.64;233.8641
19993.38,0.5800039,20007.64;233.8641
19993.38,0.5800039,20007.64;233.8641
19993.38,0.5800039,20007.64;233.8641
19993.38,0.5800039,20007.64;233.8641
19993.38,0.5800039,20007.64;233.8641
19993.38,0.5800039,20007.64;233.8641
19993.38,0.5800039,20007.64;233.8641
19993.38,0.5800039,20007.64;233.8641
19993.38,0.5800039,20007.64;233.8641
19993.38,0.5800039,20007.64;233.8641
19993.38,0.5800039,20007.64;233.8641
19993.38,0.5800039,20007.64;233.8641
19993.38,0.5800039,20007.64;233.8641
19993.38,0.5800039,20007.64;233.8641
19993.38,0.5800039,20007.64;233.8641
19993.38,0.5800039,20007.64;233.8641
19993.38,0.5800039,20007.64;233.8641
19993.38,0.5800039,20007.64;233.8641
19993.38,0.5800039,20007.64;233.8641
19993.38,0.5800039,20007.64;233.8641
19993.38,0.5800039,20007.64;233.8641
19993.38,0.5800039,20007.64;233.8641
19993.38,0.5800039,20007.64;233.8641
19993.38,0.5800039,20007.64;233.8641
19993.38,0.5800039,20007.64;233.8641
19993.38,0.5800039,20007.64;233.8641
19993.38,0.5800039,20007.64;233.8641
19993.38,0.5800039,20007.64;233.8641
19993.38,0.5800039,20007.64;233.8641
19993.38,0.5800039,20007.64;233.8641
19993.38,0.5800039,20007.64;233.8641
19993.38,0.5800039,20007.64;233.8641
19993.38,0.5800039,20007.64;233.8641
19993.38,0.5800039,20007.64;233.8641
19993.38,0.5800039,20007.64;233.8641
19993.38,0.5800039,20007.64;233.8641
19993.38,0.5800039,20007.64;233.8641
19993.38,0.5800039,20007.64;233.8641
19993.38,0.5800039,20007.64;233.8641
19993.38,0.5800039,20007.64;233.8641
19993.38,0.5800039,20007.64;233.8641
19993.38,0.5800039,20007.64;233.8641
19993.38,0.5800039,20007.64;233.8641
19993.38,0.5800039,20007.64;233.8641
19993.38,0.5800039,20007.64;233.8641
19993.38,0.5800039,20007.64;233.8641
19993.38,0.5800039,20007.64;233.8641
19993.38,0.5800039,20007.64;233.8641
19993.38,0.5800039,20007.64;233.8641
19993.38,0.5800039,20007.64;233.8641
19993.38,0.5800039,20007.64;233.8641
19993.38,0.5800039,20007.64;233.8641
19993.38,0.5800039,20007.64;233.8641
19993.38,0.5800039,20007.64;233.8641
19993.38,0.5800039,20007.64;233.8641
19993.38,0.5800039,20007.64;233.8641
19993.38,0.5800039,20007.64;233.8641
19993.38,0.5800039,20007.64;233.8641
19993.38,0.5800039,20007.64;233.8641
19993.38,0.5800039,20007.64;233.8641
19993.38,0.5800039,20007.64;233.8641
19993.38,0.5800039,20007.64;233.8641
19993.38,0.5800039,20007.64;233.8641
19993.38,0.5800039,20007.64;233.8641
19993.38,0.5800039,20007.64;233.8641
19993.38,0.5800039,20007.64;233.8641
19993.38,0.5800039,20007.64;233.8641
19993.38,0.5800039,20007.64;233.8641
19993.38,0.5800039,20007.64;233.8641
19993.38,0.5800039,20007.64;233.8641
19993.38,0.5800039,20007.64;233.8641
19993.38,0.5800039,20007.64;233.8641
19993.38,0.5800039,20007.64;233.8641
19993.38,0.5800039,20007.64;233.8641
19993.38,0.5800039,20007.64;233.8641
19993.38,0.5800039,20007.64;233.8641
19993.38,0.5800039,20007.64;233.8641
19993.38,0.5800039,20007.64;233.8641
19993.38,0.5800039,20007.64;233.8641
19993.38,0.5800039,20007.64;233.8641
19993.38,0.5800039,20007.64;233.8641
19993.38,0.5800039,20007.64;233.8641
19993.38,0.5800039,20007.64;233.8641
19993.38,0.5800039,20007.64;233.8641
19993.38,0.5800039,20007.64;233.8641
19993.38,0.5800039,20007.64;233.8641
19993.38,0.5800039,20007.64;233.8641
19993.38,0.5800039,20007.64;233.8641
19993.38,0.5800039,20007.64;233.8641
19993.38,0.5800039,20007.64;233.8641
19993.38,0.5800039,20007.64;233.8641
19993.38,0.5800039,20007.64;233.8641
19993.38,0.5800039,20007.64;233.8641
19993.38,0.5800039,20007.64;233.8641
19993.38,0.5800039,20007.64;233.8641
19993.38,0.5800039,20007.64;233.8641
19993.38,0.5800039,20007.64;233.8641
19993.38,0.5800039,20007.64;233.8641
19993.38,0.5800039,20007.64;233.8641
19993.38,0.5800039,20007.64;233.8641
19993.38,0.5800039,20007.64;233.8641
19993.38,0.5800039,20007.64;233.8641
19993.38,0.5800039,20007.64;233.8641
19993.38,0.5800039,20007.64;233.8641
19993.38,0.5800039,20007.64;233.8641
19993.38,0.5800039,20007.64;233.8641
19993.38,0.5800039,20007.64;233.8641
19993.38,0.5800039,20007.64;233.8641
19993.38,0.5800039,20007.64;233.8641
19993.38,0.5800039,20007.64;233.8641
19993.38,0.5800039,20007.64;233.8641
19993.38,0.5800039,20007.64;233.8641
19993.38,0.5800039,20007.64;233.8641
19993.38,0.5800039,20007.64;233.8641
19993.38,0.5800039,20007.64;233.8641
19993.38,0.5800039,20007.64;233.8641
19993.38,0.5800039,20007.64;233.8641
19993.38,0.5800039,20007.64;233.8641
19993.38,0.5800039,20007.64;233.8641
19993.38,0.5800039,20007.64;233.8641
19993.38,0.5800039,20007.64;233.8641
19993.38,0.5800039,20007.64;233.8641
19993.38,0.5800039,20007.64;233.8641
19993.38,0.5800039,20007.64;233.8641
19993.38,0.5800039,20007.64;233.8641
19993.38,0.5800039,20007.64;233.8641
19993.38,0.5800039,20007.64;233.8641
19993.38,0.5800039,20007.64;233.8641
19993.38,0.5800039,20007.64;233.8641
19993.38,0.5800039,20007.64;233.8641
19993.38,0.5800039,20007.64;233.8641
19993.38,0.5800039,20007.64;233.8641
19993.38,0.5800039,20007.64;233.8641
19993.38,0.5800039,20007.64;233.8641
19993.38,0.5800039,20007.64;233.8641
19993.38,0.5800039,20007.64;233.8641
19993.38,0.5800039,20007.64;233.8641
19993.38,0.5800039,20007.64;233.8641
19993.38,0.5800039,20007.64;233.8641
19993.38,0.5800039,20007.64;233.8641
19993.38,0.5800039,20007.64;233.8641
19993.38,0.5800039,20007.64;233.8641
19993.38,0.5800039,20007.64;233.8641
19993.38,0.5800039,20007.64;233.8641
19993.38,0.5800039,20007.64;233.8641
19993.38,0.5800039,20007.64;233.8641
19993.38,0.5800039,20007.64;233.8641
19993.38,0.5800039,20007.64;233.8641
19993.38,0.5800039,20007.64;233.8641
19993.38,0.5800039,20007.64;233.8641
19993.38,0.5800039,20007.64;233.8641
19993.38,0.5800039,20007.64;233.8641
19993.38,0.5800039,20007.64;233.8641
19993.38,0.5800039,20007.64;233.8641
19993.38,0.5800039,20007.64;233.8641
19993.38,0.5800039,20007.64;233.8641
19993.38,0.5800039,20007.64;233.8641
19993.38,0.5800039,20007.64;233.8641
19993.38,0.5800039,20007.64;233.8641
19993.38,0.5800039,20007.64;233.8641
19993.38,0.5800039,20007.64;233.8641
19993.38,0.5800039,20007.64;233.8641
19993.38,0.5800039,20007.64;233.8641
19993.38,0.5800039,20007.64;233.8641
19993.38,0.5800039,20007.64;233.8641
19993.38,0.5800039,20007.64;233.8641
19993.38,0.5800039,20007.64;233.8641
19993.38,0.5800039,20007.64;233.8641
19993.38,0.5800039,20007.64;233.8641
19993.38,0.5800039,20007.64;233.8641
19993.38,0.5800039,20007.64;233.8641
19993.38,0.5800039,20007.64;233.8641
19993.38,0.5800039,20007.64;233.8641
19993.38,0.5800039,20007.64;233.8641
19993.38,0.5800039,20007.64;233.8641
19993.38,0.5800039,20007.64;233.8641
19993.38,0.5800039,20007.64;233.8641
19993.38,0.5800039,20007.64;233.8641
19993.38,0.5800039,20007.64;233.8641
19993.38,0.5800039,20007.64;233.8641
19993.38,0.5800039,20007.64;233.8641
19993.38,0.5800039,20007.64;233.8641
19993.38,0.5800039,20007.64;233.8641
19993.38,0.5800039,20007.64;233.8641
19993.38,0.5800039,20007.64;233.8641
19993.38,0.5800039,20007.64;233.8641
19993.38,0.5800039,20007.64;233.8641
19993.38,0.5800039,20007.64;233.8641
19993.38,0.5800039,20007.64;233.8641
19993.38,0.5800039,20007.64;233.8641
19993.38,0.5800039,20007.64;233.8641
19993.38,0.5800039,20007.64;233.8641
19993.38,0.5800039,20007.64;233.8641
19993.38,0.5800039,20007.64;233.8641
19993.38,0.5800039,20007.64;233.8641
19993.38,0.5800039,20007.64;233.8641
19993.38,0.5800039,20007.64;233.8641
19993.38,0.5800039,20007.64;233.8641
19993.38,0.5800039,20007.64;233.8641
19993.38,0.5800039,20007.64;233.8641
19993.38,0.5800039,20007.64;233.8641
19993.38,0.5800039,20007.64;233.8641
19993.38,0.5800039,20007.64;233.8641
19993.38,0.5800039,20007.64;233.8641
19993.38,0.5800039,20007.64;233.8641
19993.38,0.5800039,20007.64;233.8641
19993.38,0.5800039,20007.64;233.8641
19993.38,0.5800039,20007.64;233.8641
19993.38,0.5800039,20007.64;233.8641
19993.38,0.5800039,20007.64;233.8641
19993.38,0.5800039,20007.64;233.8641
19993.38,0.5800039,20007.64;233.8641
19993.38,0.5800039,20007.64;233.8641
19993.38,0.5800039,20007.64;233.8641
19993.38,0.5800039,20007.64;233.8641
19993.38,0.5800039,20007.64;233.8641
19993.38,0.5800039,20007.64;233.8641
19993.38,0.5800039,20007.64;233.8641
19993.38,0.5800039,20007.64;233.8641
19993.38,0.5800039,20007.64;233.8641
19993.38,0.5800039,20007.64;233.8641
19993.38,0.5800039,20007.64;233.8641
19993.38,0.5800039,20007.64;233.8641
19993.38,0.5800039,20007.64;233.8641
19993.38,0.5800039,20007.64;233.8641
19993.38,0.5800039,20007.64;233.8641
19993.38,0.5800039,20007.64;233.8641
19993.38,0.5800039,20007.64;233.8641
19993.38,0.5800039,20007.64;233.8641
19993.38,0.5800039,20007.64;233.8641
19993.38,0.5800039,20007.64;233.8641
19993.38,0.5800039,20007.64;233.8641
19993.38,0.5800039,20007.64;233.8641
19993.38,0.5800039,20007.64;233.8641
19993.38,0.5800039,20007.64;233.8641
19993.38,0.5800039,20007.64;233.8641
19993.38,0.5800039,20007.64;233.8641
19993.38,0.5800039,20007.64;233.8641
19993.38,0.5800039,20007.64;233.8641
19993.38,0.5800039,20007.64;233.8641
19993.38,0.5800039,20007.64;233.8641
19993.38,0.5800039,20007.64;233.8641
19993.38,0.5800039,20007.64;233.8641
19993.38,0.5800039,20007.64;233.8641
19993.38,0.5800039,20007.64;233.8641
19993.38,0.5800039,20007.64;233.8641
19993.38,0.5800039,20007.64;233.8641
19993.38,0.5800039,20007.64;233.8641
19993.38,0.5800039,20007.64;233.8641
19993.38,0.5800039,20007.64;233.8641
19993.38,0.5800039,20007.64;233.8641
19993.38,0.5800039,20007.64;233.8641
19993.38,0.5800039,20007.64;233.8641
19993.38,0.5800039,20007.64;233.8641
19993.38,0.5800039,20007.64;233.8641
19993.38,0.5800039,20007.64;233.8641
19993.38,0.5800039,20007.64;233.8641
19993.38,0.5800039,20007.64;233.8641
19993.38,0.5800039,20007.64;233.8641
19993.38,0.5800039,20007.64;233.8641
19993.38,0.5800039,20007.64;233.8641
19993.38,0.5800039,20007.64;233.8641
19993.38,0.5800039,20007.64;233.8641
19993.38,0.5800039,20007.64;233.8641
19993.38,0.5800039,20007.64;233.8641
19993.38,0.5800039,20007.64;233.8641
19993.38,0.5800039,20007.64;233.8641
19993.38,0.5800039,20007.64;233.8641
19993.38,0.5800039,20007.64;233.8641
19993.38,0.5800039,20007.64;233.8641
19993.38,0.5800039,20007.64;233.8641
19993.38,0.5800039,20007.64;233.8641
19993.38,0.5800039,20007.64;233.8641
19993.38,0.5800039,20007.64;233.8641
19993.38,0.5800039,20007.64;233.8641
19993.38,0.5800039,20007.64;233.8641
19993.38,0.5800039,20007.64;233.8641
19993.38,0.5800039,20007.64;233.8641
19993.38,0.5800039,20007.64;233.8641
19993.38,0.5800039,20007.64;233.8641
19993.38,0.5800039,20007.64;233.8641
19993.38,0.5800039,20007.64;233.8641
19993.38,0.5800039,20007.64;233.8641
19993.38,0.5800039,20007.64;233.8641
19993.38,0.5800039,20007.64;233.8641
19993.38,0.5800039,20007.64;233.8641
19993.38,0.5800039,20007.64;233.8641
19993.38,0.5800039,20007.64;233.8641
19993.38,0.5800039,20007.64;233.8641
19993.38,0.5800039,20007.64;233.8641
19993.38,0.5800039,20007.64;233.8641
19993.38,0.5800039,20007.64;233.8641
19993.38,0.5800039,20007.64;233.8641
19993.38,0.5800039,20007.64;233.8641
19993.38,0.5800039,20007.64;233.8641
19993.38,0.5800039,20007.64;233.8641
19993.38,0.5800039,20007.64;233.8641
19993.38,0.5800039,20007.64;233.8641
19993.38,0.5800039,20007.64;233.8641
19993.38,0.5800039,20007.64;233.8641
19993.38,0.5800039,20007.64;233.8641
19993.38,0.5800039,20007.64;233.8641
19993.38,0.5800039,20007.64;233.8641
19993.38,0.5800039,20007.64;233.8641
19993.38,0.5800039,20007.64;233.8641
19993.38,0.5800039,20007.64;233.8641
19993.38,0.5800039,20007.64;233.8641
19993.38,0.5800039,20007.64;233.8641
19993.38,0.5800039,20007.64;233.8641
19993.38,0.5800039,20007.64;233.8641
19993.38,0.5800039,20007.64;233.8641
19993.38,0.5800039,20007.64;233.8641
19993.38,0.5800039,20007.64;233.8641
19993.38,0.5800039,20007.64;233.8641
19993.38,0.5800039,20007.64;233.8641
19993.38,0.5800039,20007.64;233.8641
19993.38,0.5800039,20007.64;233.8641
19993.38,0.5800039,20007.64;233.8641
19993.38,0.5800039,20007.64;233.8641
19993.38,0.5800039,20007.64;233.8641
19993.38,0.5800039,20007.64;233.8641
19993.38,0.5800039,20007.64;233.8641
19993.38,0.5800039,20007.64;233.8641
19993.38,0.5800039,20007.64;233.8641
19993.38,0.5800039,20007.64;233.8641
19993.38,0.5800039,20007.64;233.8641
19993.38,0.5800039,20007.64;233.8641
19993.38,0.5800039,20007.64;233.8641
19993.38,0.5800039,20007.64;233.8641
19993.38,0.5800039,20007.64;233.8641
19993.38,0.5800039,20007.64;233.8641
19993.38,0.5800039,20007.64;233.8641
19993.38,0.5800039,20007.64;233.8641
19993.38,0.5800039,20007.64;233.8641
19993.38,0.5800039,20007.64;233.8641
19993.38,0.5800039,20007.64;233.8641
19993.38,0.5800039,20007.64;233.8641
19993.38,0.5800039,20007.64;233.8641
19993.38,0.5800039,20007.64;233.8641
19993.38,0.5800039,20007.64;233.8641
19993.38,0.5800039,20007.64;233.8641
19993.38,0.5800039,20007.64;233.8641
19993.38,0.5800039,20007.64;233.8641
19993.38,0.5800039,20007.64;233.8641
19993.38,0.5800039,20007.64;233.8641
19993.38,0.5800039,20007.64;233.8641
19993.38,0.5800039,20007.64;233.8641
19993.38,0.5800039,20007.64;233.8641
19993.38,0.5800039,20007.64;233.8641
19993.38,0.5800039,20007.64;233.8641
19993.38,0.5800039,20007.64;233.8641
19993.38,0.5800039,20007.64;233.8641
19993.38,0.5800039,20007.64;233.8641
19993.38,0.5800039,20007.64;233.8641
19993.38,0.5800039,20007.64;233.8641
19993.38,0.5800039,20007.64;233.8641
19993.38,0.5800039,20007.64;233.8641
19993.38,0.5800039,20007.64;233.8641
19993.38,0.5800039,20007.64;233.8641
19993.38,0.5800039,20007.64;233.8641
19993.38,0.5800039,20007.64;233.8641
19993.38,0.5800039,20007.64;233.8641
19993.38,0.5800039,20007.64;233.8641
19993.38,0.5800039,20007.64;233.8641
19993.38,0.5800039,20007.64;233.8641
19993.38,0.5800039,20007.64;233.8641
19993.38,0.5800039,20007.64;233.8641
19993.38,0.5800039,20007.64;233.8641
19993.38,0.5800039,20007.64;233.8641
19993.38,0.5800039,20007.64;233.8641
19993.38,0.5800039,20007.64;233.8641
19993.38,0.5800039,20007.64;233.8641
19993.38,0.5800039,20007.64;233.8641
19993.38,0.5800039,20007.64;233.8641
19993.38,0.5800039,20007.64;233.8641
19993.38,0.5800039,20007.64;233.8641
19993.38,0.5800039,20007.64;233.8641
19993.38,0.5800039,20007.64;233.8641
19993.38,0.5800039,20007.64;233.8641
19993.38,0.5800039,20007.64;233.8641
19993.38,0.5800039,20007.64;233.8641
19993.38,0.5800039,20007.64;233.8641
19993.38,0.5800039,20007.64;233.8641
19993.38,0.5800039,20007.64;233.8641
19993.38,0.5800039,20007.64;233.8641
19993.38,0.5800039,20007.64;233.8641
19993.38,0.5800039,20007.64;233.8641
19993.38,0.5800039,20007.64;233.8641
19993.38,0.5800039,20007.64;233.8641
19993.38,0.5800039,20007.64;233.8641
19993.38,0.5800039,20007.64;233.8641
19993.38,0.5800039,20007.64;233.8641
19993.38,0.5800039,20007.64;233.8641
19993.38,0.5800039,20007.64;233.8641
19993.38,0.5800039,20007.64;233.8641
19993.38,0.5800039,20007.64;233.8641
19993.38,0.5800039,20007.64;233.8641
19993.38,0.5800039,20007.64;233.8641
19993.38,0.5800039,20007.64;233.8641
19993.38,0.5800039,20007.64;233.8641
19993.38,0.5800039,20007.64;233.8641
19993.38,0.5800039,20007.64;233.8641
19993.38,0.5800039,20007.64;233.8641
19993.38,0.5800039,20007.64;233.8641
19993.38,0.5800039,20007.64;233.8641
19993.38,0.5800039,20007.64;233.8641
19993.38,0.5800039,20007.64;233.8641
19993.38,0.5800039,20007.64;233.8641
19993.38,0.5800039,20007.64;233.8641
19993.38,0.5800039,20007.64;233.8641
19993.38,0.5800039,20007.64;233.8641
19993.38,0.5800039,20007.64;233.8641
19993.38,0.5800039,20007.64;233.8641
19993.38,0.5800039,20007.64;233.8641
19993.38,0.5800039,20007.64;233.8641
19993.38,0.5800039,20007.64;233.8641
19993.38,0.5800039,20007.64;233.8641
19993.38,0.5800039,20007.64;233.8641
19993.38,0.5800039,20007.64;233.8641
19993.38,0.5800039,20007.64;233.8641
19993.38,0.5800039,20007.64;233.8641
19993.38,0.5800039,20007.64;233.8641
19993.38,0.5800039,20007.64;233.8641
19993.38,0.5800039,20007.64;233.8641
19993.38,0.5800039,20007.64;233.8641
19993.38,0.5800039,20007.64;233.8641
19993.38,0.5800039,20007.64;233.8641
19993.38,0.5800039,20007.64;233.8641
19993.38,0.5800039,20007.64;233.8641
19993.38,0.5800039,20007.64;233.8641
19993.38,0.5800039,20007.64;233.8641
19993.38,0.5800039,20007.64;233.8641
19993.38,0.5800039,20007.64;233.8641
19993.38,0.5800039,20007.64;233.8641
19993.38,0.5800039,20007.64;233.8641
19993.38,0.5800039,20007.64;233.8641
19993.38,0.5800039,20007.64;233.8641
19993.38,0.5800039,20007.64;233.8641
19993.38,0.5800039,20007.64;233.8641
19993.38,0.5800039,20007.64;233.8641
19993.38,0.5800039,20007.64;233.8641
19993.38,0.5800039,20007.64;233.8641
19993.38,0.5800039,20007.64;233.8641
19993.38,0.5800039,20007.64;233.8641
19993.38,0.5800039,20007.64;233.8641
19993.38,0.5800039,20007.64;233.8641
19993.38,0.5800039,20007.64;233.8641
19993.38,0.5800039,20007.64;233.8641
19993.38,0.5800039,20007.64;233.8641
19993.38,0.5800039,20007.64;233.8641
19993.38,0.5800039,20007.64;233.8641
19993.38,0.5800039,20007.64;233.8641
19993.38,0.5800039,20007.64;233.8641
19993.38,0.5800039,20007.64;233.8641
19993.38,0.5800039,20007.64;233.8641
19993.38,0.5800039,20007.64;233.8641
19993.38,0.5800039,20007.64;233.8641
19993.38,0.5800039,20007.64;233.8641
19993.38,0.5800039,20007.64;233.8641
19993.38,0.5800039,20007.64;233.8641
19993.38,0.5800039,20007.64;233.8641
19993.38,0.5800039,20007.64;233.8641
19993.38,0.5800039,20007.64;233.8641
19993.38,0.5800039,20007.64;233.8641
19993.38,0.5800039,20007.64;233.8641
19993.38,0.5800039,20007.64;233.8641
19993.38,0.5800039,20007.64;233.8641
19993.38,0.5800039,20007.64;233.8641
19993.38,0.5800039,20007.64;233.8641
19993.38,0.5800039,20007.64;233.8641
19993.38,0.5800039,20007.64;233.8641
19993.38,0.5800039,20007.64;233.8641
19993.38,0.5800039,20007.64;233.8641
19993.38,0.5800039,20007.64;233.8641
19993.38,0.5800039,20007.64;233.8641
19993.38,0.5800039,20007.64;233.8641
19993.38,0.5800039,20007.64;233.8641
19993.38,0.5800039,20007.64;233.8641
19993.38,0.5800039,20007.64;233.8641
19993.38,0.5800039,20007.64;233.8641
19993.38,0.5800039,20007.64;233.8641
19993.38,0.5800039,20007.64;233.8641
19993.38,0.5800039,20007.64;233.8641
19993.38,0.5800039,20007.64;233.8641
19993.38,0.5800039,20007.64;233.8641
19993.38,0.5800039,20007.64;233.8641
19993.38,0.5800039,20007.64;233.8641
19993.38,0.5800039,20007.64;233.8641
19993.38,0.5800039,20007.64;233.8641
19993.38,0.5800039,20007.64;233.8641
19993.38,0.5800039,20007.64;233.8641
19993.38,0.5800039,20007.64;233.8641
19993.38,0.5800039,20007.64;233.8641
19993.38,0.5800039,20007.64;233.8641
19993.38,0.5800039,20007.64;233.8641
19993.38,0.5800039,20007.64;233.8641
19993.38,0.5800039,20007.64;233.8641
19993.38,0.5800039,20007.64;233.8641
19993.38,0.5800039,20007.64;233.8641
19993.38,0.5800039,20007.64;233.8641
19993.38,0.5800039,20007.64;233.8641
19993.38,0.5800039,20007.64;233.8641
19993.38,0.5800039,20007.64;233.8641
19993.38,0.5800039,20007.64;233.8641
19993.38,0.5800039,20007.64;233.8641
19993.38,0.5800039,20007.64;233.8641
19993.38,0.5800039,20007.64;233.8641
19993.38,0.5800039,20007.64;233.8641
19993.38,0.5800039,20007.64;233.8641
19993.38,0.5800039,20007.64;233.8641
19993.38,0.5800039,20007.64;233.8641
19993.38,0.5800039,20007.64;233.8641
19993.38,0.5800039,20007.64;233.8641
19993.38,0.5800039,20007.64;233.8641
19993.38,0.5800039,20007.64;233.8641
19993.38,0.5800039,20007.64;233.8641
19993.38,0.5800039,20007.64;233.8641
19993.38,0.5800039,20007.64;233.8641
19993.38,0.5800039,20007.64;233.8641
19993.38,0.5800039,20007.64;233.8641
19993.38,0.5800039,20007.64;233.8641
19993.38,0.5800039,20007.64;233.8641
19993.38,0.5800039,20007.64;233.8641
19993.38,0.5800039,20007.64;233.8641
19993.38,0.5800039,20007.64;233.8641
19993.38,0.5800039,20007.64;233.8641
19993.38,0.5800039,20007.64;233.8641
19993.38,0.5800039,20007.64;233.8641
19993.38,0.5800039,20007.64;233.8641
19993.38,0.5800039,20007.64;233.8641
19993.38,0.5800039,20007.64;233.8641
19993.38,0.5800039,20007.64;233.8641
19993.38,0.5800039,20007.64;233.8641
19993.38,0.5800039,20007.64;233.8641
19993.38,0.5800039,20007.64;233.8641
19993.38,0.5800039,20007.64;233.8641
19993.38,0.5800039,20007.64;233.8641
19993.38,0.5800039,20007.64;233.8641
19993.38,0.5800039,20007.64;233.8641
19993.38,0.5800039,20007.64;233.8641
19993.38,0.5800039,20007.64;233.8641
19993.38,0.5800039,20007.64;233.8641
19993.38,0.5800039,20007.64;233.8641
19993.38,0.5800039,20007.64;233.8641
19993.38,0.5800039,20007.64;233.8641
19993.38,0.5800039,20007.64;233.8641
19993.38,0.5800039,20007.64;233.8641
19993.38,0.5800039,20007.64;233.8641
19993.38,0.5800039,20007.64;233.8641
19993.38,0.5800039,20007.64;233.8641
19993.38,0.5800039,20007.64;233.8641
19993.38,0.5800039,20007.64;233.8641
19993.38,0.5800039,20007.64;233.8641
19993.38,0.5800039,20007.64;233.8641
19993.38,0.5800039,20007.64;233.8641
19993.38,0.5800039,20007.64;233.8641
19993.38,0.5800039,20007.64;233.8641
19993.38,0.5800039,20007.64;233.8641
19993.38,0.5800039,20007.64;233.8641
19993.38,0.5800039,20007.64;233.8641
19993.38,0.5800039,20007.64;233.8641
19993.38,0.5800039,20007.64;233.8641
19993.38,0.5800039,20007.64;233.8641
19993.38,0.5800039,20007.64;233.8641
19993.38,0.5800039,20007.64;233.8641
19993.38,0.5800039,20007.64;233.8641
19993.38,0.5800039,20007.64;233.8641
19993.38,0.5800039,20007.64;233.8641
19993.38,0.5800039,20007.64;233.8641
19993.38,0.5800039,20007.64;233.8641
19993.38,0.5800039,20007.64;233.8641
19993.38,0.5800039,20007.64;233.8641
19993.38,0.5800039,20007.64;233.8641
19993.38,0.5800039,20007.64;233.8641
19993.38,0.5800039,20007.64;233.8641
19993.38,0.5800039,20007.64;233.8641
19993.38,0.5800039,20007.64;233.8641
19993.38,0.5800039,20007.64;233.8641
19993.38,0.5800039,20007.64;233.8641
19993.38,0.5800039,20007.64;233.8641
19993.38,0.5800039,20007.64;233.8641
19993.38,0.5800039,20007.64;233.8641
19993.38,0.5800039,20007.64;233.8641
19993.38,0.5800039,20007.64;233.8641
19993.38,0.5800039,20007.64;233.8641
19993.38,0.5800039,20007.64;233.8641
19993.38,0.5800039,20007.64;233.8641
19993.38,0.5800039,20007.64;233.8641
19993.38,0.5800039,20007.64;233.8641
19993.38,0.5800039,20007.64;233.8641
19993.38,0.5800039,20007.64;233.8641
19993.38,0.5800039,20007.64;233.8641
19993.38,0.5800039,20007.64;233.8641
19993.38,0.5800039,20007.64;233.8641
19993.38,0.5800039,20007.64;233.8641
19993.38,0.5800039,20007.64;233.8641
19993.38,0.5800039,20007.64;233.8641
19993.38,0.5800039,20007.64;233.8641
19993.38,0.5800039,20007.64;233.8641
19993.38,0.5800039,20007.64;233.8641
19993.38,0.5800039,20007.64;233.8641
19993.38,0.5800039,20007.64;233.8641
19993.38,0.5800039,20007.64;233.8641
19993.38,0.5800039,20007.64;233.8641
19993.38,0.5800039,20007.64;233.8641
19993.38,0.5800039,20007.64;233.8641
19993.38,0.5800039,20007.64;233.8641
19993.38,0.5800039,20007.64;233.8641
19993.38,0.5800039,20007.64;233.8641
19993.38,0.5800039,20007.64;233.8641
19993.38,0.5800039,20007.64;233.8641
19993.38,0.5800039,20007.64;233.8641
19993.38,0.5800039,20007.64;233.8641
19993.38,0.5800039,20007.64;233.8641
19993.38,0.5800039,20007.64;233.8641
19993.38,0.5800039,20007.64;233.8641
19993.38,0.5800039,20007.64;233.8641
19993.38,0.5800039,20007.64;233.8641
19993.38,0.5800039,20007.64;233.8641
19993.38,0.5800039,20007.64;233.8641
19993.38,0.5800039,20007.64;233.8641
19993.38,0.5800039,20007.64;233.8641
19993.38,0.5800039,20007.64;233.8641
19993.38,0.5800039,20007.64;233.8641
19993.38,0.5800039,20007.64;233.8641
19993.38,0.5800039,20007.64;233.8641
19993.38,0.5800039,20007.64;233.8641
19993.38,0.5800039,20007.64;233.8641
19993.38,0.5800039,20007.64;233.8641
19993.38,0.5800039,20007.64;233.8641
19993.38,0.5800039,20007.64;233.8641
19993.38,0.5800039,20007.64;233.8641
19993.38,0.5800039,20007.64;233.8641
19993.38,0.5800039,20007.64;233.8641
19993.38,0.5800039,20007.64;233.8641
19993.38,0.5800039,20007.64;233.8641
19993.38,0.5800039,20007.64;233.8641
19993.38,0.5800039,20007.64;233.8641
19993.38,0.5800039,20007.64;233.8641
19993.38,0.5800039,20007.64;233.8641
19993.38,0.5800039,20007.64;233.8641
19993.38,0.5800039,20007.64;233.8641
19993.38,0.5800039,20007.64;233.8641
19993.38,0.5800039,20007.64;233.8641
19993.38,0.5800039,20007.64;233.8641
19993.38,0.5800039,20007.64;233.8641
19993.38,0.5800039,20007.64;233.8641
19993.38,0.5800039,20007.64;233.8641
19993.38,0.5800039,20007.64;233.8641
19993.38,0.5800039,20007.64;233.8641
19993.38,0.5800039,20007.64;233.8641
19993.38,0.5800039,20007.64;233.8641
19993.38,0.5800039,20007.64;233.8641
19993.38,0.5800039,20007.64;233.8641
19993.38,0.5800039,20007.64;233.8641
19993.38,0.5800039,20007.64;233.8641
19993.38,0.5800039,20007.64;233.8641
19993.38,0.5800039,20007.64;233.8641
19993.38,0.5800039,20007.64;233.8641
19993.38,0.5800039,20007.64;233.8641
19993.38,0.5800039,20007.64;233.8641
19993.38,0.5800039,20007.64;233.8641
19993.38,0.5800039,20007.64;233.8641
19993.38,0.5800039,20007.64;233.8641
19993.38,0.5800039,20007.64;233.8641
19993.38,0.5800039,20007.64;233.8641
19993.38,0.5800039,20007.64;233.8641
19993.38,0.5800039,20007.64;233.8641
19993.38,0.5800039,20007.64;233.8641
19993.38,0.5800039,20007.64;233.8641
19993.38,0.5800039,20007.64;233.8641
19993.38,0.5800039,20007.64;233.8641
19993.38,0.5800039,20007.64;233.8641
19993.38,0.5800039,20007.64;233.8641
19993.38,0.5800039,20007.64;233.8641
19993.38,0.5800039,20007.64;233.8641
19993.38,0.5800039,20007.64;233.8641
19993.38,0.5800039,20007.64;233.8641
19993.38,0.5800039,20007.64;233.8641
19993.38,0.5800039,20007.64;233.8641
19993.38,0.5800039,20007.64;233.8641
19993.38,0.5800039,20007.64;233.8641
19993.38,0.5800039,20007.64;233.8641
19993.38,0.5800039,20007.64;233.8641
19993.38,0.5800039,20007.64;233.8641
19993.38,0.5800039,20007.64;233.8641
19993.38,0.5800039,20007.64;233.8641
19993.38,0.5800039,20007.64;233.8641
19993.38,0.5800039,20007.64;233.8641
19993.38,0.5800039,20007.64;233.8641
19993.38,0.5800039,20007.64;233.8641
19993.38,0.5800039,20007.64;233.8641
19993.38,0.5800039,20007.64;233.8641
19993.38,0.5800039,20007.64;233.8641
19993.38,0.5800039,20007.64;233.8641
19993.38,0.5800039,20007.64;233.8641
19993.38,0.5800039,20007.64;233.8641
19993.38,0.5800039,20007.64;233.8641
19993.38,0.5800039,20007.64;233.8641
19993.38,0.5800039,20007.64;233.8641
19993.38,0.5800039,20007.64;233.8641
19993.38,0.5800039,20007.64;233.8641
19993.38,0.5800039,20007.64;233.8641
19993.38,0.5800039,20007.64;233.8641
19993.38,0.5800039,20007.64;233.8641
19993.38,0.5800039,20007.64;233.8641
19993.38,0.5800039,20007.64;233.8641
19993.38,0.5800039,20007.64;233.8641
19993.38,0.5800039,20007.64;233.8641
19993.38,0.5800039,20007.64;233.8641
19993.38,0.5800039,20007.64;233.8641
19993.38,0.5800039,20007.64;233.8641
19993.38,0.5800039,20007.64;233.8641
19993.38,0.5800039,20007.64;233.8641
19993.38,0.5800039,20007.64;233.8641
19993.38,0.5800039,20007.64;233.8641
19993.38,0.5800039,20007.64;233.8641
19993.38,0.5800039,20007.64;233.8641
19993.38,0.5800039,20007.64;233.8641
19993.38,0.5800039,20007.64;233.8641
19993.38,0.5800039,20007.64;233.8641
19993.38,0.5800039,20007.64;233.8641
19993.38,0.5800039,20007.64;233.8641
19993.38,0.5800039,20007.64;233.8641
19993.38,0.5800039,20007.64;233.8641
19993.38,0.5800039,20007.64;233.8641
19993.38,0.5800039,20007.64;233.8641
19993.38,0.5800039,20007.64;233.8641
19993.38,0.5800039,20007.64;233.8641
19993.38,0.5800039,20007.64;233.8641
19993.38,0.5800039,20007.64;233.8641
19993.38,0.5800039,20007.64;233.8641
19993.38,0.5800039,20007.64;233.8641
19993.38,0.5800039,20007.64;233.8641
19993.38,0.5800039,20007.64;233.8641
19993.38,0.5800039,20007.64;233.8641
19993.38,0.5800039,20007.64;233.8641
19993.38,0.5800039,20007.64;233.8641
19993.38,0.5800039,20007.64;233.8641
19993.38,0.5800039,20007.64;233.8641
19993.38,0.5800039,20007.64;233.8641
19993.38,0.5800039,20007.64;233.8641
19993.38,0.5800039,20007.64;233.8641
19993.38,0.5800039,20007.64;233.8641
19993.38,0.5800039,20007.64;233.8641
19993.38,0.5800039,20007.64;233.8641
19993.38,0.5800039,20007.64;233.8641
19993.38,0.5800039,20007.64;233.8641
19993.38,0.5800039,20007.64;233.8641
19993.38,0.5800039,20007.64;233.8641
19993.38,0.5800039,20007.64;233.8641
19993.38,0.5800039,20007.64;233.8641
19993.38,0.5800039,20007.64;233.8641
19993.38,0.5800039,20007.64;233.8641
19993.38,0.5800039,20007.64;233.8641
19993.38,0.5800039,20007.64;233.8641
19993.38,0.5800039,20007.64;233.8641
19993.38,0.5800039,20007.64;233.8641
19993.38,0.5800039,20007.64;233.8641
19993.38,0.5800039,20007.64;233.8641
19993.38,0.5800039,20007.64;233.8641
19993.38,0.5800039,20007.64;233.8641
19993.38,0.5800039,20007.64;233.8641
19993.38,0.5800039,20007.64;233.8641
19993.38,0.5800039,20007.64;233.8641
19993.38,0.5800039,20007.64;233.8641
19993.38,0.5800039,20007.64;233.8641
19993.38,0.5800039,20007.64;233.8641
19993.38,0.5800039,20007.64;233.8641
19993.38,0.5800039,20007.64;233.8641
19993.38,0.5800039,20007.64;233.8641
19993.38,0.5800039,20007.64;233.8641
19993.38,0.5800039,20007.64;233.8641
19993.38,0.5800039,20007.64;233.8641
19993.38,0.5800039,20007.64;233.8641
19993.38,0.5800039,20007.64;233.8641
19993.38,0.5800039,20007.64;233.8641
19993.38,0.5800039,20007.64;233.8641
19993.38,0.5800039,20007.64;233.8641
19993.38,0.5800039,20007.64;233.8641
19993.38,0.5800039,20007.64;233.8641
19993.38,0.5800039,20007.64;233.8641
19993.38,0.5800039,20007.64;233.8641
19993.38,0.5800039,20007.64;233.8641
19993.38,0.5800039,20007.64;233.8641
19993.38,0.5800039,20007.64;233.8641
19993.38,0.5800039,20007.64;233.8641
19993.38,0.5800039,20007.64;233.8641
19993.38,0.5800039,20007.64;233.8641
19993.38,0.5800039,20007.64;233.8641
19993.38,0.5800039,20007.64;233.8641
19993.38,0.5800039,20007.64;233.8641
19993.38,0.5800039,20007.64;233.8641
19993.38,0.5800039,20007.64;233.8641
19993.38,0.5800039,20007.64;233.8641
19993.38,0.5800039,20007.64;233.8641
19993.38,0.5800039,20007.64;233.8641
19993.38,0.5800039,20007.64;233.8641
19993.38,0.5800039,20007.64;233.8641
19993.38,0.5800039,20007.64;233.8641
19993.38,0.5800039,20007.64;233.8641
19993.38,0.5800039,20007.64;233.8641
19993.38,0.5800039,20007.64;233.8641
199