20000,0.5,20000;0
20000,0.58,20000.52;359.7135
19999.99,0.58,20001.12;359.4413
19999.98,0.58,20001.63;359.1119
19999.97,0.58,20002.24;358.7968
19999.96,0.58,20002.77;358.4817
19999.94,0.58,20003.38;358.1952
19999.92,0.58,20003.98;357.8514
19999.89,0.58,20004.58;357.5506
19999.86,0.58,20005.18;357.2355
19999.83,0.58,20005.78;356.949
19999.79,0.58,20006.37;356.6195
19999.76,0.58,20006.94;356.3617
19999.72,0.58,20007.51;356.0895
19999.68,0.58,20008.01;355.8317
19999.64,0.58,20008.57;355.5023
19999.59,0.58,20009.13;355.2301
19999.55,0.58,20009.6;354.915
19999.52,0.58,20009.94;354.6714
19999.47,0.58,20010.43;354.3563
19999.42,0.58,20010.88;354.0699
19999.36,0.58,20011.42;353.769
19999.3,0.58,20011.97;353.4826
19999.23,0.58,20012.55;353.1961
19999.16,0.58,20013.13;352.9382
19999.09,0.58,20013.67;352.6518
19999.03,0.58,20014.09;352.351
19998.95,0.58,20014.69;352.0358
19998.87,0.58,20015.28;351.7207
19998.79,0.58,20015.78;351.4629
19998.7,0.58,20016.37;351.1621
19998.6,0.58,20016.96;350.847
19998.52,0.58,20017.47;350.5748
19998.42,0.58,20018.05;350.2596
19998.33,0.58,20018.55;349.9589
19998.23,0.58,20019.11;349.6294
19998.14,0.58,20019.56;349.3572
19998.04,0.58,20020.09;349.0851
19997.93,0.58,20020.62;348.7986
19997.84,0.58,20021.07;348.5264
19997.74,0.58,20021.58;348.2543
19997.63,0.58,20022.07;348.0251
19997.55,0.58,20022.47;347.753
19997.44,0.58,20022.94;347.5094
19997.34,0.58,20023.4;347.2373
19997.23,0.58,20023.88;346.9794
19997.11,0.58,20024.37;346.7073
19996.99,0.58,20024.87;346.4781
19996.87,0.58,20025.36;346.1916
19996.74,0.58,20025.88;345.9195
19996.62,0.58,20026.34;345.6903
19996.5,0.58,20026.81;345.3895
19996.36,0.58,20027.37;345.3608
19996.21,0.58,20027.92;345.0314
19996.06,0.58,20028.47;344.7306
19995.91,0.58,20029.02;344.4727
19995.75,0.58,20029.57;344.2006
19995.61,0.58,20030.05;343.9284
19995.47,0.58,20030.52;343.6133
19995.31,0.58,20031.06;343.3841
19995.15,0.58,20031.6;343.069
19995.01,0.58,20032.04;342.8112
19994.85,0.58,20032.54;342.5103
19994.69,0.58,20033.06;342.2382
19994.54,0.58,20033.5;341.9517
19994.38,0.58,20033.99;341.6652
19994.33,0.58,20034.14;341.4217
19994.17,0.58,20034.6;341.1782
19994.01,0.58,20035.06;340.8917
19993.88,0.58,20035.45;340.6339
19993.71,0.58,20035.92;340.3617
19993.54,0.58,20036.39;340.1326
19993.37,0.58,20036.86;339.889
19993.18,0.58,20037.36;339.6455
19993.02,0.58,20037.79;339.4164
19992.89,0.58,20038.13;339.2158
19992.68,0.58,20038.68;338.9866
19992.47,0.58,20039.21;338.7288
19992.27,0.58,20039.72;338.428
19992.07,0.58,20040.22;338.1415
19991.87,0.58,20040.72;337.9124
19991.66,0.58,20041.22;337.6402
19991.46,0.58,20041.72;337.4253
19991.25,0.58,20042.21;337.1245
