20000,0.5,20000;0
20000,0.5,20000;-0.005729198
20000,0.5,20000;-0.005729198
20000,0.5,20000;-0.005729198
20000,0.5,20000;-0.005729198
20000,0.5,20000;-0.005729198
20000,0.5,20000;-0.005729198
20000,0.5,20000;-0.005729198
20000,0.5,20000;-0.005729198
20000,0.5,20000;-0.005729198
20000,0.5,20000;-0.005729198
20000,0.5,20000;-0.005729198
20000,0.5,20000;-0.005729198
20000,0.5,20000;-0.005729198
20000,0.5,20000;-0.005729198
20000,0.5,20000;-0.005729198
20000,0.5,20000;-0.005729198
20000,0.5,20000;-0.005729198
20000,0.5,20000;-0.005729198
20000,0.5,20000;-0.005729198
20000,0.5,20000;-0.005729198
20000,0.5,20000;-0.005729198
20000,0.5,20000;-0.005729198
20000,0.5,20000;-0.005729198
20000,0.5,20000;-0.005729198
20000,0.5,20000;-0.005729198
20000,0.5,20000;-0.005729198
20000,0.5,20000;-0.005729198
20000,0.5,20000;-0.005729198
20000,0.5,20000;-0.005729198
20000,0.5,20000;-0.005729198
20000,0.5,20000;-0.005729198
20000,0.5,20000;-0.005729198
20000,0.5,20000;-0.005729198
20000,0.5,20000;-0.005729198
20000,0.5,20000;-0.005729198
20000,0.5,20000;359.9886
20000,0.5,20000;359.9886
20000,0.5,20000;359.9886
20000,0.5,20000;359.9886
20000,0.5,20000;359.9886
20000,0.5,20000;359.9886
20000,0.5,20000;359.9886
20000,0.5,20000;359.9886
20000,0.5,20000;359.9886
20000,0.5,20000;359.9886
20000,0.5,20000;359.9886
20000,0.5,20000;359.9886
20000,0.5,20000;359.9886
20000,0.5,20000;359.9886
20000,0.5,20000;359.9886
20000,0.5,20000;359.9886
20000,0.5,20000;359.9886
20000,0.5,20000;359.9886
20000,0.5,20000;359.9886
20000,0.5,20000;359.9886
20000,0.5,20000;359.9886
20000,0.5,20000;359.9886
20000,0.5,20000;359.9886
20000,0.5,20000;359.9886
20000,0.5,20000;359.9886
20000,0.5,20000;359.9886
20000,0.5,20000;359.9886
20000,0.5,20000;359.9886
20000,0.5,20000;359.9886
20000,0.5,20000;359.9886
20000,0.5,20000;359.9886
20000,0.5,20000;359.9886
20000,0.5,20000;359.9886
20000,0.5,20000;359.9886
20000,0.5,20000;359.9886
20000,0.5,20000;359.9886
20000,0.5,20000;359.9886
20000,0.5,20000;359.9886
20000,0.5,20000;359.9886
20000,0.5,20000;359.9886
20000,0.5,20000;359.9886
20000,0.5,20000;359.9886
20000,0.5,20000;359.9828
20000,0.5,20000;359.9828
20000,0.5,20000;359.9771
20000,0.5,20000;359.9771
20000,0.5,20000;359.9771
20000,0.5,20000;359.9771
20000,0.5,20000;359.9771
20000,0.5,20000;359.9771
20000,0.5,20000;359.9771
20000,0.5,20000;359.9771
20000,0.5,20000;359.9771
20000,0.5,20000;359.9771
20000,0.5,20000;359.9771
20000,0.5,20000;359.9771
20000,0.5,20000;359.9771
20000,0.5,20000;359.9771
20000,0.5,20000;359.9771
20000,0.5,20000;359.9771
20000,0.5,20000;359.9771
20000,0.5,20000;359.9771
20000,0.5,20000;359.9771
20000,0.5,20000;359.9771
20000,0.5,20000;359.9771
20000,0.5,20000;359.9771
20000,0.5,20000;359.9771
20000,0.5,20000;359.9771
20000,0.5,20000;359.9771
20000,0.5,20000;359.9771
20000,0.5,20000;359.9771
20000,0.5,20000;359.9771
20000,0.5,20000;359.9771
20000,0.5,20000;359.9771
20000,0.5,20000;359.9771
20000,0.5,20000;359.9771
20000,0.5,20000;359.9771
20000,0.5,20000;359.9771
20000,0.5,20000;359.9771
20000,0.5,20000;359.9771
20000,0.5,20000;359.9771
20000,0.5,20000;359.9771
20000,0.5,20000;359.9771
20000,0.5,20000;359.9771
20000,0.5,20000;359.9771
20000,0.5,20000;359.9771
20000,0.5,20000;359.9771
20000,0.5,20000;359.9771
20000,0.5,20000;359.9771
20000,0.5,20000;359.9771
20000,0.5,20000;359.9771
20000,0.5,20000;359.9771
20000,0.5,20000;359.9771
20000,0.5,20000;359.9771
20000,0.5,20000;359.9771
20000,0.5,20000;359.9771
20000,0.5,20000;359.9771
20000,0.5,20000;359.9771
20000,0.5,20000;359.9771
20000,0.5,20000;359.9771
20000,0.5,20000;359.9771
20000,0.5,20000;359.9771
20000,0.5,20000;359.9771
20000,0.5,20000;359.9771
20000,0.5,20000;359.9771
20000,0.5,20000;359.9771
20000,0.5,20000;359.9771
20000,0.5,20000;359.9771
20000,0.5,20000;359.9771
20000,0.5,20000;359.9771
20000,0.5,20000;359.9771
20000,0.5,20000;359.9771
20000,0.5,20000;359.9771
20000,0.58,19999.99;359.9599
20000,0.58,19999.99;359.9599
20000,0.58,19999.98;359.9427
20000,0.58,19999.96;359.9484
20000,0.58,19999.96;359.9484
20000,0.58,19999.96;359.9771
20000,0.58,19999.96;359.9771
20000,0.58,19999.96;0.005729191
20000,0.58,19999.96;0.005729191
20000,0.58,19999.98;0.01145839
20000,0.58,19999.98;0.01145839
20000,0.58,19999.98;0.01145839
20000,0.58,20000.01;0.01718759
20000,0.58,20000.04;0.01718759
20000,0.58,20000.1;0.01718759
20000,0.58,20000.1;0.01718759
20000,0.58,20000.1;0.01718759
20000,0.58,20000.18;0.01718759
20000,0.58,20000.26;0.005729191
20000,0.58,20000.33;359.9656
20000,0.58,20000.33;359.9656
20000,0.58,20000.33;359.9656
20000,0.58,20000.4;359.9255
20000,0.58,20000.47;359.9026
20000,0.58,20000.53;359.9198
20000,0.58,20000.53;359.9198
20000,0.58,20000.53;359.9198
20000,0.58,20000.62;359.937
20000,0.58,20000.71;359.9599
20000,0.58,20000.85;0.005729202
20000,0.58,20000.85;0.005729202
20000,0.58,20000.85;0.005729202
20000,0.58,20001.01;0.05156279
20000,0.58,20001.18;0.1031256
20000,0.58,20001.35;0.1546884
20000,0.58,20001.52;0.2005219
20000,0.58,20001.52;0.2005219
20000,0.58,20001.71;0.2463556
20000,0.58,20001.89;0.257814
20000,0.58,20002.11;0.2692723
20000,0.58,20002.32;0.2635432
20000,0.58,20002.32;0.2635432
20000.01,0.58,20002.5;0.2578139
20000.01,0.58,20002.68;0.2348971
20000.01,0.58,20002.9;0.2005219
20000.01,0.58,20002.9;0.2005219
20000.01,0.58,20002.9;0.2005219
20000.01,0.58,20003.12;0.1661467
20000.01,0.58,20003.31;0.1375007
20000.01,0.58,20003.5;0.09739636
20000.01,0.58,20003.72;0.05729197
20000.01,0.58,20003.94;0.02291678
20000.01,0.58,20004.17;359.9599
20000.01,0.58,20004.17;359.9599
20000.01,0.58,20004.17;359.9599
20000.01,0.58,20004.35;359.8969
20000.01,0.58,20004.54;359.8224
20000.01,0.58,20004.75;359.7479
20000.01,0.58,20004.75;359.7479
20000.01,0.58,20004.75;359.7479
20000.01,0.58,20004.95;359.6734
20000,0.58,20005.12;359.5875
20000,0.58,20005.29;359.5359
20000,0.58,20005.29;359.5359
20000,0.58,20005.29;359.5359
20000,0.58,20005.49;359.4844
20000,0.58,20005.69;359.4615
20000,0.58,20005.9;359.4385
20000,0.58,20005.9;359.4385
20000,0.58,20005.9;359.4385
20000,0.58,20006.08;359.4099
19999.99,0.58,20006.29;359.3812
19999.99,0.58,20006.51;359.3411
19999.99,0.58,20006.51;359.3411
19999.99,0.58,20006.72;359.301
19999.98,0.58,20006.94;359.2437
19999.98,0.58,20007.12;359.1864
19999.98,0.58,20007.31;359.1349
19999.98,0.58,20007.31;359.1349
19999.98,0.58,20007.53;359.0833
19999.97,0.58,20007.74;359.0375
19999.97,0.58,20007.96;358.9916
19999.96,0.58,20008.18;358.9458
19999.96,0.58,20008.18;358.9458
19999.96,0.58,20008.36;358.9
19999.96,0.58,20008.36;358.9
19999.96,0.58,20008.58;358.8542
19999.95,0.58,20008.79;358.8141
19999.95,0.58,20008.79;358.8141
19999.95,0.58,20008.98;358.7682
19999.95,0.58,20008.98;358.7682
19999.94,0.58,20009.2;358.7224
19999.94,0.58,20009.42;358.6765
19999.94,0.58,20009.42;358.6765
19999.93,0.58,20009.63;358.6364
19999.93,0.58,20009.63;358.6364
19999.93,0.58,20009.82;358.5963
19999.92,0.58,20010.01;358.5333
19999.92,0.58,20010.01;358.5333
19999.92,0.58,20010.22;358.4703
19999.92,0.58,20010.22;358.4703
19999.91,0.58,20010.43;358.4073
19999.91,0.58,20010.64;358.3615
19999.91,0.58,20010.64;358.3615
19999.9,0.58,20010.83;358.3099
19999.9,0.58,20010.83;358.3099
19999.89,0.58,20011.03;358.2583
19999.89,0.58,20011.23;358.2125
19999.89,0.58,20011.23;358.2125
19999.88,0.58,20011.46;358.1724
19999.88,0.58,20011.46;358.1724
19999.88,0.58,20011.65;358.1323
19999.87,0.58,20011.85;358.075
19999.87,0.58,20011.85;358.075
19999.86,0.58,20012.08;358.012
19999.86,0.58,20012.08;358.012
19999.85,0.58,20012.31;357.9489
19999.84,0.58,20012.54;357.9031
19999.84,0.58,20012.75;357.8515
19999.84,0.58,20012.75;357.8515
19999.83,0.58,20012.98;357.8
19999.82,0.58,20013.22;357.7542
19999.81,0.58,20013.42;357.7312
19999.81,0.58,20013.42;357.7312
19999.81,0.58,20013.42;357.7312
19999.8,0.58,20013.59;357.7083
19999.79,0.58,20013.77;357.6854
19999.79,0.58,20013.9;357.6338
19999.79,0.58,20013.9;357.6338
19999.79,0.58,20013.96;357.5823
19999.79,0.58,20014.02;357.5364
19999.78,0.58,20014.06;357.4734
19999.78,0.58,20014.06;357.4734
19999.78,0.58,20014.06;357.4734
19999.78,0.58,20014.22;357.4047
19999.77,0.58,20014.43;357.3359
19999.76,0.58,20014.63;357.2729
19999.76,0.58,20014.63;357.2729
19999.75,0.58,20014.81;357.1984
19999.74,0.58,20015.03;357.1239
19999.72,0.58,20015.25;357.0609
19999.71,0.58,20015.47;356.9979
19999.7,0.58,20015.66;356.9463
19999.69,0.58,20015.85;356.8948
19999.69,0.58,20015.85;356.8948
19999.68,0.58,20016.07;356.8432
19999.67,0.58,20016.29;356.7802
19999.66,0.58,20016.51;356.7172
19999.64,0.58,20016.72;356.6656
19999.64,0.58,20016.72;356.6656
19999.63,0.58,20016.91;356.614
19999.62,0.58,20017.09;356.551
19999.61,0.58,20017.31;356.4995
19999.61,0.58,20017.31;356.4995
19999.61,0.58,20017.31;356.4995
19999.6,0.58,20017.52;356.4479
19999.58,0.58,20017.7;356.402
19999.57,0.58,20017.88;356.3505
19999.57,0.58,20017.88;356.3505
19999.56,0.58,20018.1;356.2989
19999.54,0.58,20018.31;356.2588
19999.53,0.58,20018.49;356.2187
19999.52,0.58,20018.67;356.1786
19999.52,0.58,20018.67;356.1786
19999.51,0.58,20018.88;356.1385
19999.49,0.58,20019.09;356.0869
19999.48,0.58,20019.29;356.0354
19999.46,0.58,20019.5;355.9896
19999.46,0.58,20019.5;355.9896
19999.45,0.58,20019.67;355.938
19999.45,0.58,20019.67;355.938
19999.44,0.58,20019.87;355.8692
19999.44,0.58,20019.87;355.8692
19999.44,0.58,20019.87;355.8692
19999.42,0.58,20020.06;355.8005
19999.41,0.58,20020.25;355.7318
19999.4,0.58,20020.41;355.663
19999.38,0.58,20020.57;355.6057
19999.38,0.58,20020.57;355.6057
19999.37,0.58,20020.76;355.5484
19999.37,0.58,20020.76;355.5484
19999.36,0.58,20020.94;355.4911
19999.34,0.58,20021.12;355.4453
19999.34,0.58,20021.12;355.4453
19999.33,0.58,20021.28;355.4109
19999.33,0.58,20021.28;355.4109
19999.31,0.58,20021.46;355.3765
19999.31,0.58,20021.46;355.3765
19999.31,0.58,20021.46;355.3765
19999.3,0.58,20021.65;355.3422
19999.29,0.58,20021.81;355.3078
19999.27,0.58,20021.97;355.2677
19999.27,0.58,20021.97;355.2677
19999.27,0.58,20021.97;355.2677
19999.26,0.58,20022.15;355.2218
19999.24,0.58,20022.34;355.176
19999.22,0.58,20022.53;355.1359
19999.22,0.58,20022.53;355.1359
19999.21,0.58,20022.68;355.0958
19999.21,0.58,20022.68;355.0958
19999.21,0.58,20022.68;355.0958
19999.2,0.58,20022.87;355.05
19999.2,0.58,20022.87;355.05
19999.18,0.58,20023.05;355.0041
19999.18,0.58,20023.05;355.0041
19999.18,0.58,20023.05;355.0041
19999.17,0.58,20023.21;354.9583
19999.15,0.58,20023.38;354.9239
19999.13,0.58,20023.56;354.8723
19999.13,0.58,20023.56;354.8723
19999.13,0.58,20023.56;354.8723
19999.12,0.58,20023.75;354.8208
19999.1,0.58,20023.94;354.775
19999.08,0.58,20024.11;354.7291
19999.08,0.58,20024.11;354.7291
19999.08,0.58,20024.11;354.7291
19999.07,0.58,20024.29;354.6833
19999.05,0.58,20024.48;354.6203
19999.05,0.58,20024.48;354.6203
19999.03,0.58,20024.65;354.5286
19999.03,0.58,20024.65;354.5286
19999.02,0.58,20024.78;354.4369
19999.01,0.58,20024.91;354.3624
19998.99,0.58,20025.04;354.288
19998.99,0.58,20025.04;354.288
19998.99,0.58,20025.04;354.288
19998.98,0.58,20025.16;354.2135
19998.97,0.58,20025.28;354.1447
19998.96,0.58,20025.36;354.0989
19998.96,0.58,20025.36;354.0989
19998.96,0.58,20025.36;354.0989
19998.95,0.58,20025.45;354.0359
19998.95,0.58,20025.52;353.9728
19998.95,0.58,20025.52;353.9728
19998.95,0.58,20025.52;353.9728
19998.94,0.58,20025.6;353.9098
19998.93,0.58,20025.68;353.8468
19998.92,0.58,20025.75;353.7723
19998.92,0.58,20025.75;353.7723
19998.92,0.58,20025.75;353.7723
19998.91,0.58,20025.81;353.6978
19998.91,0.58,20025.88;353.6234
19998.9,0.58,20025.94;353.5604
19998.9,0.58,20025.94;353.5604
19998.9,0.58,20025.94;353.5604
19998.89,0.58,20025.99;353.4973
19998.89,0.58,20026.04;353.4229
19998.88,0.58,20026.07;353.3598
19998.88,0.58,20026.07;353.3598
19998.88,0.58,20026.07;353.3598
19998.88,0.58,20026.08;353.2968
19998.88,0.58,20026.09;353.2682
19998.88,0.58,20026.1;353.2624
19998.88,0.58,20026.1;353.2624
19998.88,0.58,20026.1;353.2624
19998.88,0.58,20026.1;353.2567
19998.88,0.58,20026.1;353.2682
19998.88,0.58,20026.1;353.2796
19998.88,0.58,20026.1;353.2796
19998.88,0.58,20026.1;353.2796
19998.88,0.58,20026.11;353.2911
19998.88,0.58,20026.11;353.2853
19998.88,0.58,20026.12;353.2796
19998.88,0.58,20026.12;353.2796
19998.88,0.58,20026.12;353.2796
19998.88,0.58,20026.12;353.2739
19998.88,0.58,20026.13;353.2739
19998.88,0.58,20026.14;353.2739
19998.88,0.58,20026.14;353.2739
19998.88,0.58,20026.14;353.2739
19998.88,0.58,20026.15;353.2624
19998.87,0.58,20026.16;353.251
19998.87,0.58,20026.17;353.2452
19998.87,0.58,20026.17;353.2452
19998.87,0.58,20026.17;353.2452
19998.87,0.58,20026.19;353.2223
19998.87,0.58,20026.2;353.1994
19998.87,0.58,20026.22;353.188
19998.87,0.58,20026.22;353.188
19998.87,0.58,20026.23;353.1765
19998.86,0.58,20026.24;353.1593
19998.86,0.58,20026.25;353.1421
19998.86,0.58,20026.26;353.1364
19998.86,0.58,20026.26;353.1364
19998.86,0.58,20026.26;353.1364
19998.86,0.58,20026.27;353.1249
19998.86,0.58,20026.28;353.1135
19998.86,0.58,20026.29;353.102
19998.86,0.58,20026.29;353.102
19998.86,0.58,20026.3;353.0848
19998.86,0.58,20026.3;353.0848
19998.86,0.58,20026.32;353.0676
19998.85,0.58,20026.33;353.0504
19998.85,0.58,20026.33;353.0504
19998.85,0.58,20026.35;353.0218
19998.85,0.58,20026.35;353.0218
19998.85,0.58,20026.36;352.9874
19998.85,0.58,20026.36;352.9874
19998.85,0.58,20026.38;352.9531
19998.85,0.58,20026.38;352.9531
19998.84,0.58,20026.4;352.9187
19998.84,0.58,20026.42;352.8843
19998.84,0.58,20026.42;352.8843
19998.84,0.58,20026.43;352.8499
19998.84,0.58,20026.43;352.8499
19998.84,0.58,20026.44;352.8385
19998.84,0.58,20026.44;352.8385
19998.84,0.58,20026.45;352.827
19998.84,0.58,20026.45;352.827
19998.84,0.58,20026.46;352.8156
19998.84,0.58,20026.46;352.8041
19998.84,0.58,20026.47;352.7755
19998.84,0.58,20026.47;352.7755
19998.83,0.58,20026.48;352.7468
19998.83,0.58,20026.5;352.7067
19998.83,0.58,20026.51;352.6609
19998.83,0.58,20026.51;352.6609
19998.83,0.58,20026.51;352.6609
19998.83,0.58,20026.52;352.615
19998.83,0.58,20026.54;352.5807
19998.82,0.58,20026.55;352.5406
19998.82,0.58,20026.55;352.5406
19998.82,0.58,20026.57;352.5005
19998.82,0.58,20026.59;352.4546
19998.82,0.58,20026.61;352.4145
19998.82,0.58,20026.61;352.4145
19998.81,0.58,20026.65;352.3744
19998.81,0.58,20026.68;352.3228
19998.8,0.58,20026.72;352.2713
19998.8,0.58,20026.76;352.2083
19998.8,0.58,20026.76;352.2083
19998.79,0.58,20026.82;352.1452
19998.78,0.58,20026.88;352.0765
19998.77,0.58,20026.95;352.0078
19998.76,0.58,20027.02;351.9046
19998.76,0.58,20027.02;351.9046
19998.75,0.58,20027.08;351.8015
19998.74,0.58,20027.14;351.6926
19998.73,0.58,20027.22;351.5837
19998.72,0.58,20027.3;351.4921
19998.72,0.58,20027.3;351.4921
19998.71,0.58,20027.38;351.4004
19998.7,0.58,20027.47;351.2858
19998.68,0.58,20027.53;351.1712
19998.67,0.58,20027.6;351.0394
19998.67,0.58,20027.6;351.0394
19998.67,0.58,20027.6;351.0394
19998.66,0.58,20027.68;350.9076
19998.65,0.58,20027.75;350.7988
19998.64,0.58,20027.83;350.6784
19998.64,0.58,20027.83;350.6784
19998.64,0.58,20027.83;350.6784
19998.63,0.58,20027.84;350.5409
19998.63,0.58,20027.84;350.5409
19998.63,0.58,20027.86;350.4206
19998.63,0.58,20027.86;350.4206
19998.63,0.58,20027.86;350.4206
19998.63,0.58,20027.86;350.4206
19998.63,0.58,20027.87;350.2659
19998.63,0.58,20027.88;350.1055
19998.63,0.58,20027.88;350.1055
19998.63,0.58,20027.88;350.1055
19998.63,0.58,20027.88;350.1055
19998.63,0.58,20027.9;349.9794
19998.62,0.58,20027.91;349.8476
19998.62,0.58,20027.91;349.8476
19998.62,0.58,20027.91;349.8476
19998.62,0.58,20027.92;349.7101
19998.62,0.58,20027.94;349.5726
19998.62,0.58,20027.95;349.458
19998.62,0.58,20027.95;349.458
19998.62,0.58,20027.95;349.458
19998.61,0.58,20027.96;349.3148
19998.61,0.58,20027.96;349.3148
19998.61,0.58,20027.97;349.1715
19998.61,0.58,20027.97;349.1715
19998.61,0.58,20027.97;349.1715
19998.61,0.58,20027.98;349.0512
19998.61,0.58,20027.98;349.0512
19998.61,0.58,20027.99;348.8965
19998.61,0.58,20027.99;348.8965
19998.61,0.58,20027.99;348.8965
19998.6,0.58,20028.01;348.7361
19998.6,0.58,20028.03;348.5757
19998.6,0.58,20028.04;348.4955
19998.6,0.58,20028.04;348.4955
19998.6,0.58,20028.05;348.4668
19998.6,0.58,20028.05;348.4668
19998.6,0.58,20028.05;348.4381
19998.6,0.58,20028.05;348.4381
19998.6,0.58,20028.05;348.4381
19998.6,0.58,20028.05;348.4611
19998.6,0.58,20028.05;348.4611
19998.6,0.58,20028.04;348.484
19998.6,0.58,20028.04;348.5126
19998.6,0.58,20028.04;348.5126
19998.6,0.58,20028.03;348.547
19998.6,0.58,20028.03;348.547
19998.6,0.58,20028.02;348.5814
19998.6,0.58,20028.01;348.6329
19998.6,0.58,20028.01;348.6329
19998.61,0.58,20028;348.7189
19998.61,0.58,20028;348.7189
19998.61,0.58,20027.97;348.8048
19998.62,0.58,20027.95;348.8965
19998.62,0.58,20027.93;349.0054
19998.62,0.58,20027.93;349.0054
19998.62,0.58,20027.93;349.0054
19998.63,0.58,20027.9;349.1143
19998.63,0.58,20027.88;349.2231
19998.63,0.58,20027.88;349.2231
19998.63,0.58,20027.87;349.3033
19998.63,0.58,20027.87;349.3033
19998.63,0.58,20027.85;349.3835
19998.64,0.58,20027.83;349.4408
19998.64,0.58,20027.82;349.4752
19998.64,0.58,20027.82;349.4752
19998.64,0.58,20027.82;349.4752
19998.64,0.58,20027.82;349.5096
19998.64,0.58,20027.82;349.5153
19998.64,0.58,20027.82;349.5268
19998.64,0.58,20027.82;349.5268
19998.64,0.58,20027.82;349.5268
19998.64,0.58,20027.83;349.5268
19998.64,0.58,20027.83;349.5268
19998.64,0.58,20027.84;349.5325
19998.64,0.58,20027.84;349.5325
19998.64,0.58,20027.84;349.5325
19998.63,0.58,20027.85;349.5382
19998.63,0.58,20027.86;349.5325
19998.63,0.58,20027.87;349.5268
19998.63,0.58,20027.87;349.5268
19998.63,0.58,20027.87;349.5268
19998.63,0.58,20027.88;349.521
19998.63,0.58,20027.88;349.5096
19998.63,0.58,20027.89;349.5038
19998.63,0.58,20027.89;349.5038
19998.63,0.58,20027.89;349.5038
19998.62,0.58,20027.91;349.4981
19998.62,0.58,20027.93;349.4981
19998.62,0.58,20027.95;349.5038
19998.62,0.58,20027.95;349.5038
19998.62,0.58,20027.95;349.5038
19998.61,0.58,20027.98;349.5096
19998.6,0.58,20028.03;349.5038
19998.59,0.58,20028.08;349.4466
19998.59,0.58,20028.08;349.4466
19998.59,0.58,20028.08;349.4466
19998.58,0.58,20028.14;349.3893
19998.57,0.58,20028.21;349.3492
19998.55,0.58,20028.28;349.2919
19998.55,0.58,20028.28;349.2919
19998.55,0.58,20028.28;349.2919
19998.54,0.58,20028.33;349.2346
19998.53,0.58,20028.39;349.2002
19998.52,0.58,20028.45;349.183
19998.52,0.58,20028.45;349.183
19998.52,0.58,20028.45;349.183
19998.51,0.58,20028.53;349.1658
19998.49,0.58,20028.61;349.1486
19998.47,0.58,20028.7;349.1429
19998.47,0.58,20028.7;349.1429
19998.47,0.58,20028.7;349.1429
19998.45,0.58,20028.81;349.1257
19998.43,0.58,20028.93;349.1085
19998.41,0.58,20029.05;349.0799
19998.41,0.58,20029.05;349.0799
19998.41,0.58,20029.05;349.0799
19998.39,0.58,20029.14;349.057
19998.37,0.58,20029.25;349.0341
19998.35,0.58,20029.37;349.0226
19998.35,0.58,20029.37;349.0226
19998.32,0.58,20029.48;349.0111
19998.3,0.58,20029.59;349.0054
19998.28,0.58,20029.69;348.9997
19998.26,0.58,20029.79;348.9882
19998.26,0.58,20029.79;348.9882
19998.26,0.58,20029.79;348.9882
19998.24,0.58,20029.91;348.9768
19998.22,0.58,20030.02;348.9653
19998.2,0.58,20030.13;348.9424
19998.2,0.58,20030.13;348.9424
19998.18,0.58,20030.23;348.9195
19998.18,0.58,20030.23;348.9195
19998.16,0.58,20030.34;348.8965
19998.13,0.58,20030.45;348.8908
19998.13,0.58,20030.45;348.8908
19998.12,0.58,20030.54;348.8851
19998.12,0.58,20030.54;348.8851
19998.09,0.58,20030.65;348.8679
19998.09,0.58,20030.65;348.8679
19998.09,0.58,20030.65;348.8679
19998.07,0.58,20030.76;348.8564
19998.07,0.58,20030.76;348.8564
19998.05,0.58,20030.85;348.845
19998.04,0.58,20030.94;348.8221
19998.04,0.58,20030.94;348.8221
19998.02,0.58,20031.05;348.8049
19998.02,0.58,20031.05;348.8049
19997.99,0.58,20031.16;348.7877
19997.97,0.58,20031.27;348.7762
19997.97,0.58,20031.27;348.7762
19997.96,0.58,20031.36;348.7591
19997.96,0.58,20031.36;348.7591
19997.93,0.58,20031.46;348.7419
19997.91,0.58,20031.57;348.7304
19997.89,0.58,20031.67;348.7189
19997.89,0.58,20031.67;348.7189
19997.89,0.58,20031.67;348.7189
19997.87,0.58,20031.76;348.7075
19997.86,0.58,20031.85;348.696
19997.86,0.58,20031.85;348.696
19997.84,0.58,20031.95;348.6903
19997.84,0.58,20031.95;348.6903
19997.82,0.58,20032.05;348.6846
19997.79,0.58,20032.15;348.6846
19997.78,0.58,20032.24;348.6846
19997.76,0.58,20032.34;348.6846
19997.74,0.58,20032.43;348.6846
19997.74,0.58,20032.43;348.6846
19997.72,0.58,20032.53;348.6846
19997.72,0.58,20032.53;348.6846
19997.71,0.58,20032.6;348.6846
19997.69,0.58,20032.68;348.6846
19997.67,0.58,20032.76;348.6846
19997.66,0.58,20032.85;348.6903
19997.66,0.58,20032.85;348.6903
19997.66,0.58,20032.85;348.6903
19997.64,0.58,20032.92;348.696
19997.63,0.58,20032.98;348.7018
19997.62,0.58,20033.04;348.7189
19997.62,0.58,20033.04;348.7189
19997.62,0.58,20033.04;348.7189
19997.61,0.58,20033.11;348.7304
19997.59,0.58,20033.18;348.7419
19997.58,0.58,20033.25;348.7591
19997.58,0.58,20033.25;348.7591
19997.58,0.58,20033.25;348.7591
19997.56,0.58,20033.31;348.7762
19997.55,0.58,20033.38;348.7934
19997.54,0.58,20033.44;348.8106
19997.54,0.58,20033.44;348.8106
19997.54,0.58,20033.44;348.8106
19997.53,0.58,20033.51;348.8278
19997.51,0.58,20033.56;348.845
19997.5,0.58,20033.62;348.8622
19997.5,0.58,20033.62;348.8622
19997.5,0.58,20033.62;348.8622
19997.49,0.58,20033.69;348.8794
19997.48,0.58,20033.75;348.8965
19997.46,0.58,20033.82;348.9138
19997.46,0.58,20033.82;348.9138
19997.46,0.58,20033.82;348.9138
19997.45,0.58,20033.88;348.9309
19997.44,0.58,20033.94;348.9481
19997.44,0.58,20033.94;348.9481
19997.43,0.58,20034;348.9653
19997.43,0.58,20034;348.9653
19997.42,0.58,20034.07;348.9825
19997.41,0.58,20034.12;348.9997
19997.39,0.58,20034.17;349.0169
19997.39,0.58,20034.17;349.0169
19997.39,0.58,20034.17;349.0169
19997.38,0.58,20034.23;349.0398
19997.37,0.58,20034.29;349.0627
19997.36,0.58,20034.34;349.0799
19997.36,0.58,20034.34;349.0799
19997.36,0.58,20034.34;349.0799
19997.35,0.58,20034.4;349.1086
19997.34,0.58,20034.46;349.1372
19997.33,0.58,20034.52;349.1601
19997.33,0.58,20034.52;349.1601
19997.32,0.58,20034.58;349.1888
19997.31,0.58,20034.63;349.2174
19997.3,0.58,20034.67;349.2403
19997.3,0.58,20034.67;349.2403
19997.29,0.58,20034.73;349.2632
19997.28,0.58,20034.78;349.2861
19997.27,0.58,20034.83;349.3148
19997.27,0.58,20034.83;349.3148
19997.26,0.58,20034.88;349.3434
19997.25,0.58,20034.92;349.3492
19997.25,0.58,20034.96;349.3549
19997.24,0.58,20034.99;349.3377
19997.24,0.58,20034.99;349.3377
19997.24,0.58,20035.01;349.3091
19997.24,0.58,20035.01;349.3091
19997.23,0.58,20035.02;349.2861
19997.23,0.58,20035.02;349.2861
19997.23,0.58,20035.02;349.2804
19997.23,0.58,20035.02;349.2804
19997.23,0.58,20035.02;349.2747
19997.23,0.58,20035.02;349.2747
19997.23,0.58,20035.02;349.2747
19997.23,0.58,20035.02;349.2747
19997.23,0.58,20035.02;349.2747
19997.23,0.58,20035.01;349.2632
19997.23,0.58,20035.01;349.2632
19997.24,0.58,20035.01;349.2289
19997.24,0.58,20035.01;349.2289
19997.24,0.58,20035;349.1773
19997.24,0.58,20035;349.1773
19997.24,0.58,20035;349.1257
19997.24,0.58,20035;349.1257
19997.24,0.58,20034.99;349.0742
19997.24,0.58,20034.99;349.0341
19997.24,0.58,20034.98;349.0054
19997.24,0.58,20034.98;349.0054
19997.24,0.58,20034.98;348.994
19997.24,0.58,20034.98;348.994
19997.24,0.58,20034.98;348.9882
19997.24,0.58,20034.98;348.9882
19997.24,0.58,20034.98;348.9882
19997.24,0.58,20034.99;348.9882
19997.24,0.58,20034.99;348.9882
19997.23,0.58,20035.01;348.9882
19997.23,0.58,20035.01;348.9882
19997.23,0.58,20035.02;348.9882
19997.23,0.58,20035.02;348.9882
19997.23,0.58,20035.03;348.9882
19997.23,0.58,20035.03;348.9882
19997.23,0.58,20035.03;348.9882
19997.23,0.58,20035.03;348.9882
19997.23,0.58,20035.05;348.9882
19997.22,0.58,20035.08;348.9882
19997.22,0.58,20035.08;348.9882
19997.21,0.58,20035.12;348.9882
19997.21,0.58,20035.12;348.9882
19997.21,0.58,20035.17;348.9882
19997.21,0.58,20035.17;348.9882
19997.21,0.58,20035.17;348.9882
19997.21,0.58,20035.17;348.9882
19997.2,0.58,20035.22;348.9882
19997.18,0.58,20035.28;348.9882
19997.18,0.58,20035.28;348.9882
19997.18,0.58,20035.28;348.9882
19997.17,0.58,20035.36;348.9882
19997.17,0.58,20035.36;348.9882
19997.15,0.58,20035.43;348.9882
19997.14,0.58,20035.49;348.9653
19997.14,0.58,20035.49;348.9653
19997.13,0.58,20035.56;348.9424
19997.11,0.58,20035.63;348.9023
19997.1,0.58,20035.7;348.8622
19997.09,0.58,20035.77;348.8393
19997.09,0.58,20035.77;348.8393
19997.07,0.58,20035.83;348.8163
19997.06,0.58,20035.89;348.8106
19997.05,0.58,20035.96;348.8049
19997.04,0.58,20036.04;348.7934
19997.04,0.58,20036.04;348.7934
19997.02,0.58,20036.11;348.782
19997.01,0.58,20036.18;348.7533
19996.99,0.58,20036.25;348.7132
19996.99,0.58,20036.25;348.7132
19996.99,0.58,20036.25;348.7132
19996.98,0.58,20036.32;348.6731
19996.96,0.58,20036.39;348.6158
19996.95,0.58,20036.47;348.5757
19996.95,0.58,20036.47;348.5757
19996.95,0.58,20036.47;348.5757
19996.94,0.58,20036.53;348.5356
19996.92,0.58,20036.59;348.4955
19996.91,0.58,20036.66;348.4726
19996.91,0.58,20036.66;348.4726
19996.91,0.58,20036.66;348.4726
19996.89,0.58,20036.73;348.4497
19996.88,0.58,20036.81;348.4382
19996.87,0.58,20036.87;348.4268
19996.85,0.58,20036.93;348.3924
19996.85,0.58,20036.93;348.3924
19996.84,0.58,20037;348.358
19996.84,0.58,20037;348.358
19996.82,0.58,20037.08;348.3179
19996.82,0.58,20037.08;348.3179
19996.82,0.58,20037.08;348.3179
19996.81,0.58,20037.14;348.2778
19996.81,0.58,20037.14;348.2778
19996.79,0.58,20037.21;348.2377
19996.79,0.58,20037.21;348.2377
19996.79,0.58,20037.21;348.2377
19996.78,0.58,20037.29;348.209
19996.78,0.58,20037.29;348.209
19996.77,0.58,20037.35;348.1747
19996.77,0.58,20037.35;348.1747
19996.77,0.58,20037.35;348.1747
19996.75,0.58,20037.42;348.1403
19996.75,0.58,20037.42;348.1403
19996.74,0.58,20037.5;348.1059
19996.72,0.58,20037.57;348.0773
19996.72,0.58,20037.57;348.0773
19996.71,0.58,20037.63;348.02
19996.71,0.58,20037.63;348.02
19996.7,0.58,20037.69;347.9627
19996.68,0.58,20037.75;347.9111
19996.68,0.58,20037.75;347.9111
19996.67,0.58,20037.8;347.8481
19996.67,0.58,20037.8;347.8481
19996.67,0.58,20037.81;347.8252
19996.67,0.58,20037.81;347.8252
19996.67,0.58,20037.81;347.8882
19996.67,0.58,20037.81;347.8882
19996.67,0.58,20037.81;347.8882
19996.67,0.58,20037.8;347.9799
19996.67,0.58,20037.78;348.1403
19996.67,0.58,20037.78;348.1403
19996.68,0.58,20037.77;348.3008
19996.68,0.58,20037.75;348.4841
19996.68,0.58,20037.75;348.4841
19996.68,0.58,20037.74;348.6503
19996.68,0.58,20037.74;348.6503
19996.69,0.58,20037.73;348.8164
19996.69,0.58,20037.73;349.0169
19996.69,0.58,20037.73;349.0169
19996.69,0.58,20037.72;349.2232
19996.69,0.58,20037.72;349.2232
19996.69,0.58,20037.7;349.4295
19996.7,0.58,20037.67;349.6128
19996.7,0.58,20037.65;349.7961
19996.7,0.58,20037.63;350.0139
19996.7,0.58,20037.63;350.0139
19996.71,0.58,20037.6;350.2316
19996.71,0.58,20037.57;350.4436
19996.72,0.58,20037.54;350.6556
19996.72,0.58,20037.54;350.6556
19996.72,0.58,20037.54;350.6556
19996.72,0.58,20037.5;350.9707
19996.73,0.58,20037.46;351.2858
19996.74,0.58,20037.42;351.5952
19996.74,0.58,20037.42;351.5952
19996.74,0.58,20037.42;351.5952
19996.74,0.58,20037.38;351.9963
19996.75,0.58,20037.34;352.3974
19996.75,0.58,20037.3;352.8271
19996.75,0.58,20037.3;352.8271
19996.76,0.58,20037.26;353.2568
19996.76,0.58,20037.21;353.6235
19996.77,0.58,20037.17;354.0303
19996.77,0.58,20037.17;354.0303
19996.77,0.58,20037.17;354.0303
19996.77,0.58,20037.13;354.4371
19996.78,0.58,20037.08;354.6835
19996.78,0.58,20037.03;354.7007
19996.78,0.58,20037.03;354.7007
19996.79,0.58,20036.98;354.7179
19996.79,0.58,20036.98;354.7179
19996.79,0.58,20036.94;354.735
19996.79,0.58,20036.94;354.735
19996.79,0.58,20036.94;354.735
19996.79,0.58,20036.89;354.7522
19996.8,0.58,20036.84;354.7694
19996.8,0.58,20036.84;354.7694
19996.8,0.58,20036.84;354.7694
19996.8,0.58,20036.8;354.7866
19996.81,0.58,20036.75;354.7981
19996.81,0.58,20036.71;354.8038
19996.81,0.58,20036.71;354.8038
19996.81,0.58,20036.67;354.8095
19996.82,0.58,20036.63;354.9929
19996.82,0.58,20036.6;355.1762
19996.82,0.58,20036.57;355.3538
19996.82,0.58,20036.57;355.3538
19996.82,0.58,20036.54;355.5314
19996.83,0.58,20036.51;355.6403
19996.83,0.58,20036.46;355.6919
19996.83,0.58,20036.46;355.6919
19996.83,0.58,20036.46;355.6919
19996.83,0.58,20036.41;355.9383
19996.84,0.58,20036.36;356.1846
19996.84,0.58,20036.31;356.4998
19996.84,0.58,20036.31;356.4998
19996.84,0.58,20036.31;356.4998
19996.84,0.58,20036.26;356.8779
19996.85,0.58,20036.21;357.256
19996.85,0.58,20036.16;357.6227
19996.85,0.58,20036.16;357.6227
19996.85,0.58,20036.11;357.9321
19996.85,0.58,20036.11;357.9321
19996.85,0.58,20036.07;358.2415
19996.85,0.58,20036.02;358.6082
19996.85,0.58,20036.02;358.6082
19996.85,0.58,20035.97;358.9864
19996.85,0.58,20035.97;358.9864
19996.85,0.58,20035.91;359.3645
19996.85,0.58,20035.86;359.6911
19996.85,0.58,20035.86;359.6911
19996.85,0.58,20035.81;0.0692609
19996.85,0.58,20035.76;0.4474095
19996.85,0.58,20035.7;0.8198289
19996.85,0.58,20035.7;0.8198289
19996.85,0.58,20035.64;1.026091
19996.85,0.58,20035.64;1.026091
19996.85,0.58,20035.6;1.232352
19996.85,0.58,20035.55;1.587584
19996.85,0.58,20035.55;1.587584
19996.85,0.58,20035.49;1.971462
19996.85,0.58,20035.44;2.35534
19996.84,0.58,20035.38;2.699113
19996.84,0.58,20035.38;2.699113
19996.84,0.58,20035.34;3.123106
19996.84,0.58,20035.34;3.123106
19996.84,0.58,20035.34;3.123106
19996.84,0.58,20035.28;3.547098
19996.83,0.58,20035.22;3.971092
19996.83,0.58,20035.17;4.354969
19996.83,0.58,20035.17;4.354969
19996.83,0.58,20035.17;4.354969
19996.82,0.58,20035.13;4.819067
19996.82,0.58,20035.13;4.819067
19996.82,0.58,20035.08;5.265976
19996.82,0.58,20035.08;5.265976
19996.82,0.58,20035.08;5.265976
19996.82,0.58,20035.04;5.712885
19996.81,0.58,20035;6.085306
19996.81,0.58,20034.97;6.486371
19996.81,0.58,20034.97;6.486371
19996.81,0.58,20034.97;6.486371
19996.8,0.58,20034.93;6.887435
19996.8,0.58,20034.89;7.248396
19996.8,0.58,20034.88;7.529149
19996.8,0.58,20034.88;7.529149
19996.8,0.58,20034.88;7.529149
19996.8,0.58,20034.89;7.809902
19996.8,0.58,20034.89;8.1193
19996.8,0.58,20034.89;8.422969
19996.8,0.58,20034.89;8.422969
19996.8,0.58,20034.89;8.422969
19996.8,0.58,20034.9;8.726639
19996.8,0.58,20034.92;8.973016
19996.81,0.58,20034.94;9.248039
19996.81,0.58,20034.94;9.248039
19996.81,0.58,20034.94;9.248039
19996.81,0.58,20034.99;9.523064
19996.82,0.58,20035.04;9.798086
19996.83,0.58,20035.1;10.02154
19996.83,0.58,20035.1;10.02154
19996.83,0.58,20035.1;10.02154
19996.84,0.58,20035.14;10.26791
19996.85,0.58,20035.2;10.51429
19996.86,0.58,20035.24;10.77213
19996.86,0.58,20035.24;10.77213
19996.87,0.58,20035.3;11.02996
19996.88,0.58,20035.36;11.25341
19996.89,0.58,20035.41;11.47686
19996.9,0.58,20035.46;11.75188
19996.9,0.58,20035.46;11.75188
19996.92,0.58,20035.52;12.02691
19996.93,0.58,20035.58;12.27901
19996.94,0.58,20035.64;12.53112
19996.96,0.58,20035.71;12.70301
19996.96,0.58,20035.71;12.70301
19996.97,0.58,20035.76;12.87489
19996.98,0.58,20035.82;13.12127
19997,0.58,20035.88;13.39629
19997,0.58,20035.88;13.39629
19997,0.58,20035.88;13.39629
19997.01,0.58,20035.93;13.67132
19997.02,0.58,20035.98;13.91195
19997.04,0.58,20036.02;14.18698
19997.04,0.58,20036.02;14.18698
19997.04,0.58,20036.02;14.18698
19997.05,0.58,20036.08;14.46773
19997.06,0.58,20036.13;14.74848
19997.08,0.58,20036.19;14.98339
19997.08,0.58,20036.19;14.98339
19997.08,0.58,20036.19;14.98339
19997.09,0.58,20036.23;15.25269
19997.11,0.58,20036.29;15.52198
19997.12,0.58,20036.34;15.80846
19997.12,0.58,20036.34;15.80846
19997.12,0.58,20036.34;15.80846
19997.13,0.58,20036.39;16.04337
19997.15,0.58,20036.43;16.27828
19997.16,0.58,20036.48;16.56476
19997.16,0.58,20036.48;16.56476
19997.16,0.58,20036.48;16.56476
19997.18,0.58,20036.53;16.84551
19997.19,0.58,20036.56;17.12626
19997.2,0.58,20036.6;17.32107
19997.2,0.58,20036.6;17.32107
19997.2,0.58,20036.6;17.32107
19997.21,0.58,20036.62;17.55598
19997.21,0.58,20036.63;17.79089
19997.21,0.58,20036.63;17.99715
19997.21,0.58,20036.63;17.99715
19997.21,0.58,20036.62;18.13466
19997.21,0.58,20036.62;18.13466
19997.2,0.58,20036.61;18.24925
19997.2,0.58,20036.61;18.24925
19997.2,0.58,20036.6;18.27217
19997.2,0.58,20036.6;18.27217
19997.2,0.58,20036.61;18.27217
19997.2,0.58,20036.61;18.27217
19997.2,0.58,20036.62;18.26644
19997.2,0.58,20036.62;18.26644
19997.2,0.58,20036.62;18.26644
19997.21,0.58,20036.64;18.26071
19997.22,0.58,20036.66;18.2779
19997.23,0.58,20036.69;18.30082
19997.23,0.58,20036.69;18.30082
19997.23,0.58,20036.69;18.30082
19997.24,0.58,20036.73;18.32373
19997.26,0.58,20036.78;18.34665
19997.28,0.58,20036.84;18.35811
19997.28,0.58,20036.84;18.35811
19997.28,0.58,20036.84;18.35811
19997.3,0.58,20036.91;18.36957
19997.33,0.58,20036.98;18.36957
19997.36,0.58,20037.09;18.35238
19997.36,0.58,20037.09;18.35238
19997.36,0.58,20037.09;18.35238
19997.4,0.58,20037.21;18.33519
19997.44,0.58,20037.33;18.30655
19997.47,0.58,20037.43;18.28363
19997.47,0.58,20037.43;18.28363
19997.47,0.58,20037.43;18.28363
19997.51,0.58,20037.54;18.26072
19997.55,0.58,20037.66;18.2378
19997.58,0.58,20037.76;18.20915
19997.58,0.58,20037.76;18.20915
19997.58,0.58,20037.76;18.20915
19997.61,0.58,20037.84;18.18051
19997.63,0.58,20037.92;18.15759
19997.66,0.58,20038.01;18.14613
19997.66,0.58,20038.01;18.14613
19997.66,0.58,20038.01;18.14613
19997.7,0.58,20038.11;18.13467
19997.72,0.58,20038.19;18.12322
19997.72,0.58,20038.19;18.12322
19997.72,0.58,20038.19;18.12322
19997.72,0.58,20038.19;18.12322
19997.75,0.58,20038.29;18.11176
19997.79,0.58,20038.38;18.1003
19997.81,0.58,20038.47;18.05446
19997.81,0.58,20038.47;18.05446
19997.81,0.58,20038.47;18.05446
19997.84,0.58,20038.55;18.00863
19997.87,0.58,20038.64;17.95707
19997.9,0.58,20038.73;17.91696
19997.9,0.58,20038.73;17.91696
19997.9,0.58,20038.73;17.91696
19997.93,0.58,20038.82;17.89405
19997.95,0.58,20038.9;17.87113
19997.98,0.58,20038.98;17.84248
19997.98,0.58,20038.98;17.84248
19998.01,0.58,20039.07;17.81384
19998.04,0.58,20039.16;17.77946
19998.06,0.58,20039.24;17.74509
19998.09,0.58,20039.33;17.71071
19998.09,0.58,20039.33;17.71071
19998.11,0.58,20039.4;17.67634
19998.14,0.58,20039.48;17.6305
19998.16,0.58,20039.56;17.58467
19998.19,0.58,20039.64;17.53884
19998.19,0.58,20039.64;17.53884
19998.19,0.58,20039.64;17.53884
19998.22,0.58,20039.73;17.50446
19998.24,0.58,20039.79;17.47008
19998.26,0.58,20039.86;17.43571
19998.26,0.58,20039.86;17.43571
19998.26,0.58,20039.86;17.43571
19998.29,0.58,20039.95;17.40133
19998.31,0.58,20040.02;17.36696
19998.33,0.58,20040.1;17.33258
19998.33,0.58,20040.1;17.33258
19998.35,0.58,20040.16;17.29821
19998.37,0.58,20040.21;17.2581
19998.39,0.58,20040.28;17.21799
19998.41,0.58,20040.34;17.20081
19998.41,0.58,20040.34;17.20081
19998.42,0.58,20040.39;17.20654
19998.42,0.58,20040.39;17.20654
19998.44,0.58,20040.44;17.22945
19998.44,0.58,20040.44;17.22945
19998.44,0.58,20040.44;17.22945
19998.45,0.58,20040.49;17.2581
19998.45,0.58,20040.49;17.2581
19998.47,0.58,20040.53;17.28675
19998.47,0.58,20040.53;17.28675
19998.47,0.58,20040.54;17.32112
19998.48,0.58,20040.58;17.36695
19998.48,0.58,20040.58;17.36695
19998.48,0.58,20040.58;17.36695
19998.49,0.58,20040.61;17.40706
19998.5,0.58,20040.63;17.44716
19998.51,0.58,20040.66;17.48153
19998.51,0.58,20040.66;17.48153
19998.51,0.58,20040.68;17.49872
19998.51,0.58,20040.68;17.49872
19998.52,0.58,20040.69;17.51591
19998.52,0.58,20040.69;17.49872
19998.52,0.58,20040.69;17.49872
19998.52,0.58,20040.7;17.48153
19998.52,0.58,20040.7;17.48153
19998.52,0.58,20040.69;17.46435
19998.51,0.58,20040.68;17.48726
19998.51,0.58,20040.68;17.48726
19998.51,0.58,20040.67;17.52737
19998.51,0.58,20040.67;17.52737
19998.51,0.58,20040.67;17.56747
19998.51,0.58,20040.66;17.6305
19998.51,0.58,20040.65;17.70497
19998.51,0.58,20040.65;17.70497
19998.51,0.58,20040.65;17.70497
19998.5,0.58,20040.65;17.77945
19998.5,0.58,20040.65;17.85966
19998.5,0.58,20040.65;17.96853
19998.5,0.58,20040.65;17.96853
19998.5,0.58,20040.65;17.96853
19998.5,0.58,20040.65;17.96853
19998.5,0.58,20040.65;18.11177
19998.5,0.58,20040.64;18.24355
19998.5,0.58,20040.64;18.24355
19998.5,0.58,20040.64;18.37534
19998.5,0.58,20040.64;18.53576
19998.5,0.58,20040.64;18.679
19998.5,0.58,20040.64;18.679
19998.5,0.58,20040.64;18.679
19998.5,0.58,20040.64;18.679
19998.5,0.58,20040.65;18.78787
19998.52,0.58,20040.69;18.90819
19998.52,0.58,20040.69;18.90819
19998.52,0.58,20040.69;18.90819
19998.53,0.58,20040.73;19.02852
19998.54,0.58,20040.77;19.14884
19998.56,0.58,20040.8;19.26344
19998.56,0.58,20040.8;19.26344
19998.57,0.58,20040.85;19.37803
19998.59,0.58,20040.9;19.52701
19998.61,0.58,20040.95;19.68171
19998.61,0.58,20040.95;19.68171
19998.63,0.58,20040.99;19.8364
19998.64,0.58,20041.04;19.94527
19998.66,0.58,20041.09;20.05414
19998.68,0.58,20041.14;20.14009
19998.68,0.58,20041.14;20.14009
19998.69,0.58,20041.18;20.22604
19998.71,0.58,20041.23;20.29478
19998.71,0.58,20041.23;20.29478
19998.71,0.58,20041.23;20.29478
19998.73,0.58,20041.28;20.36353
19998.73,0.58,20041.28;20.36353
19998.75,0.58,20041.33;20.43229
19998.77,0.58,20041.38;20.47812
19998.77,0.58,20041.38;20.47812
19998.78,0.58,20041.42;20.52395
19998.8,0.58,20041.47;20.66719
19998.8,0.58,20041.47;20.66719
19998.8,0.58,20041.47;20.66719
19998.8,0.58,20041.47;20.66719
19998.82,0.58,20041.51;20.81044
19998.84,0.58,20041.56;20.95368
19998.84,0.58,20041.56;20.95368
19998.84,0.58,20041.56;20.95368
19998.84,0.58,20041.56;20.95368
19998.86,0.58,20041.61;21.09692
19998.86,0.58,20041.61;21.09692
19998.87,0.58,20041.65;21.24016
19998.87,0.58,20041.65;21.24016
19998.87,0.58,20041.65;21.24016
19998.89,0.58,20041.7;21.3834
19998.91,0.58,20041.75;21.41778
19998.93,0.58,20041.8;21.45215
19998.95,0.58,20041.85;21.58966
19998.95,0.58,20041.85;21.58966
19998.97,0.58,20041.89;21.6928
19998.97,0.58,20041.89;21.6928
19998.99,0.58,20041.94;21.79593
19999.01,0.58,20041.99;21.92199
19999.01,0.58,20041.99;21.92199
19999.01,0.58,20041.99;21.92199
19999.03,0.58,20042.04;22.04804
19999.04,0.58,20042.09;22.17409
19999.06,0.58,20042.13;22.30014
19999.06,0.58,20042.13;22.30014
19999.08,0.58,20042.18;22.39755
19999.11,0.58,20042.23;22.49496
19999.13,0.58,20042.28;22.62101
19999.13,0.58,20042.28;22.62101
19999.14,0.58,20042.33;22.74133
19999.14,0.58,20042.33;22.74133
19999.17,0.58,20042.38;22.82728
19999.17,0.58,20042.38;22.82728
19999.17,0.58,20042.38;22.82728
19999.18,0.58,20042.4;22.83874
19999.18,0.58,20042.42;22.8502
19999.19,0.58,20042.44;22.91322
19999.19,0.58,20042.44;22.91322
19999.2,0.58,20042.45;23.04501
19999.2,0.58,20042.45;23.04501
19999.2,0.58,20042.46;23.17679
19999.2,0.58,20042.47;23.35441
19999.2,0.58,20042.47;23.35441
19999.21,0.58,20042.49;23.53775
19999.21,0.58,20042.49;23.53775
19999.21,0.58,20042.49;23.53775
19999.22,0.58,20042.51;23.78413
19999.22,0.58,20042.51;23.78413
19999.25,0.58,20042.56;24.0878
19999.25,0.58,20042.56;24.0878
19999.28,0.58,20042.65;24.39147
19999.32,0.58,20042.73;24.67222
19999.32,0.58,20042.73;24.67222
19999.36,0.58,20042.82;24.9988
19999.36,0.58,20042.82;24.9988
19999.36,0.58,20042.82;24.9988
19999.4,0.58,20042.89;25.33112
19999.4,0.58,20042.89;25.33112
19999.43,0.58,20042.96;25.64052
19999.43,0.58,20042.96;25.64052
19999.43,0.58,20042.96;25.64052
19999.47,0.58,20043.03;26.01294
19999.5,0.58,20043.09;26.38535
19999.53,0.58,20043.15;26.74632
19999.53,0.58,20043.15;26.74632
19999.53,0.58,20043.15;26.74632
19999.54,0.58,20043.18;27.10728
19999.55,0.58,20043.2;27.39948
19999.59,0.58,20043.27;27.72607
19999.59,0.58,20043.27;27.72607
19999.59,0.58,20043.27;27.72607
19999.63,0.58,20043.35;28.05266
19999.66,0.58,20043.41;28.37352
19999.7,0.58,20043.47;28.65427
19999.7,0.58,20043.47;28.65427
19999.74,0.58,20043.54;28.93502
19999.78,0.58,20043.62;29.26733
19999.82,0.58,20043.69;29.59965
19999.86,0.58,20043.76;29.92051
19999.86,0.58,20043.76;29.92051
19999.86,0.58,20043.76;29.92051
19999.89,0.58,20043.82;30.1898
19999.94,0.58,20043.89;30.4591
19999.98,0.58,20043.96;30.76277
19999.98,0.58,20043.96;30.76277
19999.98,0.58,20043.96;30.76277
20000.02,0.58,20044.03;31.06644
20000.06,0.58,20044.1;31.37011
20000.11,0.58,20044.17;31.63367
20000.11,0.58,20044.17;31.63367
20000.15,0.58,20044.24;31.89723
20000.19,0.58,20044.3;32.21236
20000.22,0.58,20044.36;32.52749
20000.25,0.58,20044.4;32.84262
20000.25,0.58,20044.4;32.84262
20000.29,0.58,20044.47;33.15775
20000.34,0.58,20044.53;33.42131
20000.38,0.58,20044.59;33.68488
20000.42,0.58,20044.65;33.99427
20000.42,0.58,20044.65;33.99427
20000.46,0.58,20044.71;34.30368
20000.5,0.58,20044.77;34.6188
20000.55,0.58,20044.85;34.88237
20000.55,0.58,20044.85;34.88237
20000.55,0.58,20044.85;34.88237
20000.6,0.58,20044.92;35.14594
20000.65,0.58,20044.99;35.46679
20000.69,0.58,20045.05;35.78764
20000.74,0.58,20045.11;36.1085
20000.74,0.58,20045.11;36.1085
20000.78,0.58,20045.16;36.3778
20000.78,0.58,20045.16;36.3778
20000.83,0.58,20045.23;36.64709
20000.88,0.58,20045.3;36.96795
20000.88,0.58,20045.3;36.96795
20000.93,0.58,20045.36;37.28881
20000.93,0.58,20045.36;37.28881
20000.98,0.58,20045.43;37.55811
20000.98,0.58,20045.43;37.55811
20001.04,0.58,20045.5;37.87896
20001.08,0.58,20045.56;38.19982
20001.13,0.58,20045.62;38.53214
20001.13,0.58,20045.62;38.53214
20001.13,0.58,20045.62;38.53214
20001.18,0.58,20045.69;38.81862
20001.24,0.58,20045.75;39.1051
20001.29,0.58,20045.82;39.43168
20001.29,0.58,20045.82;39.43168
20001.34,0.58,20045.88;39.76973
20001.34,0.58,20045.88;39.76973
20001.39,0.58,20045.94;40.10777
20001.45,0.58,20046.01;40.39426
20001.45,0.58,20046.01;40.39426
20001.51,0.58,20046.07;40.72657
20001.51,0.58,20046.07;40.72657
20001.55,0.58,20046.13;41.06461
20001.55,0.58,20046.13;41.06461
20001.61,0.58,20046.19;41.35683
20001.61,0.58,20046.19;41.35683
20001.67,0.58,20046.26;41.69487
20001.67,0.58,20046.26;41.69487
20001.72,0.58,20046.31;42.03865
20001.72,0.58,20046.31;42.03865
20001.78,0.58,20046.38;42.38242
20001.84,0.58,20046.44;42.64025
20001.84,0.58,20046.44;42.64025
20001.9,0.58,20046.5;42.99548
20001.93,0.58,20046.53;43.35072
20001.95,0.58,20046.56;43.69449
20002.02,0.58,20046.63;43.89503
20002.02,0.58,20046.63;43.89503
20002.02,0.58,20046.63;43.89503
20002.08,0.58,20046.7;44.09556
20002.15,0.58,20046.76;44.39923
20002.2,0.58,20046.82;44.7029
20002.2,0.58,20046.82;44.7029
20002.26,0.58,20046.88;45.00657
20002.33,0.58,20046.94;45.3045
20002.36,0.58,20046.97;45.64828
20002.36,0.58,20046.97;45.64828
20002.37,0.58,20046.98;45.99205
20002.38,0.58,20047;46.3301
20002.4,0.58,20047.02;46.66814
20002.43,0.58,20047.04;46.85148
20002.43,0.58,20047.04;46.85148
20002.43,0.58,20047.04;47.03483
20002.44,0.58,20047.05;47.37287
20002.44,0.58,20047.05;47.37287
20002.44,0.58,20047.05;47.70519
20002.44,0.58,20047.05;47.70519
20002.5,0.58,20047.11;48.03751
20002.57,0.58,20047.16;48.32399
20002.63,0.58,20047.22;48.6563
20002.63,0.58,20047.22;48.6563
20002.63,0.58,20047.22;48.6563
20002.69,0.58,20047.27;48.98862
20002.74,0.58,20047.31;49.32094
20002.81,0.58,20047.37;49.65325
20002.87,0.58,20047.43;49.85379
20002.87,0.58,20047.43;49.85379
20002.94,0.58,20047.48;50.05432
20003.01,0.58,20047.54;50.38663
20003.07,0.58,20047.59;50.71895
20003.07,0.58,20047.59;50.71895
20003.07,0.58,20047.59;50.71895
20003.14,0.58,20047.64;51.05126
20003.21,0.58,20047.7;51.17732
20003.28,0.58,20047.76;51.30337
20003.35,0.58,20047.81;51.41796
20003.35,0.58,20047.81;51.41796
20003.4,0.58,20047.86;51.53255
20003.47,0.58,20047.91;51.76746
20003.54,0.58,20047.97;51.96799
20003.54,0.58,20047.97;51.96799
20003.54,0.58,20047.97;51.96799
20003.61,0.58,20048.02;52.16853
20003.67,0.58,20048.07;52.2602
20003.73,0.58,20048.11;52.50658
20003.73,0.58,20048.11;52.50658
20003.73,0.58,20048.11;52.50658
20003.8,0.58,20048.16;52.75869
20003.84,0.58,20048.2;53.0108
20003.89,0.58,20048.23;53.3202
20003.89,0.58,20048.23;53.3202
20003.89,0.58,20048.23;53.3202
20003.94,0.58,20048.27;53.6124
20003.98,0.58,20048.3;53.90461
20004.02,0.58,20048.33;54.25411
20004.05,0.58,20048.35;54.60934
20004.05,0.58,20048.35;54.60934
20004.08,0.58,20048.37;54.89582
20004.08,0.58,20048.37;54.89582
20004.08,0.58,20048.37;54.89582
20004.2,0.58,20048.46;55.20522
20004.35,0.58,20048.55;55.51463
20004.49,0.58,20048.65;55.82402
20004.49,0.58,20048.65;55.82402
20004.68,0.58,20048.78;56.1105
20004.68,0.58,20048.78;56.1105
20004.89,0.58,20048.92;56.39698
20005.11,0.58,20049.06;56.7293
20005.11,0.58,20049.06;56.7293
20005.29,0.58,20049.18;57.07307
20005.29,0.58,20049.18;57.07307
20005.5,0.58,20049.31;57.41684
20005.71,0.58,20049.45;57.70906
20005.71,0.58,20049.45;57.70906
20005.93,0.58,20049.58;58.03565
20005.93,0.58,20049.58;58.03565
20006.12,0.58,20049.7;58.36223
20006.3,0.58,20049.81;58.67163
20006.3,0.58,20049.81;58.67163
20006.52,0.58,20049.94;58.92374
20006.52,0.58,20049.94;58.92374
20006.73,0.58,20050.07;59.17584
20006.94,0.58,20050.19;59.47378
20007.12,0.58,20050.29;59.7889
20007.12,0.58,20050.29;59.7889
20007.12,0.58,20050.29;59.7889
20007.32,0.58,20050.41;60.06966
20007.32,0.58,20050.41;60.06966
20007.52,0.58,20050.53;60.4077
20007.52,0.58,20050.53;60.4077
20007.66,0.58,20050.6;60.74574
20007.79,0.58,20050.68;61.07233
20007.79,0.58,20050.68;61.07233
20007.85,0.58,20050.71;61.35308
20007.85,0.58,20050.71;61.35308
20008.04,0.58,20050.81;61.63384
20008.22,0.58,20050.9;61.94323
20008.39,0.58,20051;62.25836
20008.39,0.58,20051;62.25836
20008.39,0.58,20051;62.25836
20008.6,0.58,20051.1;62.57349
20008.8,0.58,20051.21;62.84852
20009.01,0.58,20051.31;63.18084
20009.01,0.58,20051.31;63.18084
20009.01,0.58,20051.31;63.18084
20009.19,0.58,20051.4;63.51315
