20000,0.5,20000;0
20000,0.58,20002;0
20000,0.58,20004;0
20000,0.58,20006;0
20000,0.58,20008;0
20000,0.58,20010;0
20000,0.58,20012;0
20000,0.58,20014;0
20000,0.58,20016;0
20000,0.58,20016;0
20000,0.58,20016;0
20000,0.58,20016;0
20000,0.58,20016;0
20000,0.58,20016;0
20000,0.58,20016;0
20000,0.58,20016;0
20000,0.58,20016;0
20000,0.58,20016;0
20000,0.58,20016;0
20000,0.58,20016;0
20000,0.58,20016;0
20000,0.58,20016;0
20000,0.58,20016;0
20000,0.58,20016;0
20000,0.58,20016;0
20000,0.58,20016;0
20000,0.58,20016;359.9886
20000,0.58,20016;359.9886
20000,0.58,20016;359.9886
20000,0.58,20016;359.9886
20000,0.58,20016;359.9886
20000,0.58,20018;359.9886
20000,0.58,20020;359.9886
20000,0.58,20022;359.9886
20000,0.58,20024;359.9886
20000,0.58,20026;359.9886
20000,0.58,20028;359.9886
20000,0.58,20030;359.9886
20000,0.58,20032;359.9886
20000,0.58,20034;359.9886
20000,0.58,20036;359.9886
20000,0.58,20038;359.9886
20000,0.58,20040;359.9886
20000,0.58,20042;359.9886
20000,0.58,20044;359.9886
20000,0.58,20046;359.9886
20000,0.58,20048;359.9886
20000,0.58,20050;359.9886
20000,0.58,20052;359.9886
