20000,0.5,20000;0
20000,0.5799999,20000.1;359.8568
20000,0.5799999,20000.1;359.8568
20000,0.58,20000.2;359.6849
20000,0.58,20000.35;359.513
20000,0.58,20000.5;359.3526
20000,0.58,20000.5;359.3526
19999.99,0.58,20000.7;359.1921
19999.99,0.58,20000.9;359.0775
19999.99,0.58,20000.9;359.0775
19999.99,0.58,20000.9;359.0775
19999.99,0.58,20001.1;358.94
19999.99,0.58,20001.1;358.94
19999.98,0.58,20001.3;358.8484
19999.98,0.58,20001.3;358.8484
19999.98,0.58,20001.33;358.7567
19999.98,0.58,20001.36;358.6478
19999.98,0.58,20001.36;358.6478
19999.97,0.58,20001.61;358.5389
19999.97,0.58,20001.87;358.4129
19999.97,0.58,20001.87;358.4129
19999.96,0.58,20002.01;358.2868
19999.96,0.58,20002.15;358.1493
19999.95,0.58,20002.29;358.0405
19999.95,0.58,20002.29;358.0405
19999.95,0.58,20002.55;357.9316
19999.94,0.58,20002.8;357.8055
19999.92,0.58,20003.05;357.6795
19999.91,0.58,20003.31;357.5649
19999.91,0.58,20003.31;357.5649
19999.9,0.58,20003.56;357.4618
19999.89,0.58,20003.82;357.3586
19999.88,0.58,20004.07;357.2383
19999.88,0.58,20004.07;357.2383
19999.87,0.58,20004.32;357.118
19999.85,0.58,20004.58;356.9862
19999.85,0.58,20004.58;356.9862
19999.84,0.58,20004.83;356.8544
19999.82,0.58,20005.08;356.7341
19999.82,0.58,20005.08;356.7341
19999.81,0.58,20005.34;356.6137
19999.79,0.58,20005.59;356.4934
19999.78,0.58,20005.85;356.396
19999.78,0.58,20005.85;356.396
19999.76,0.58,20006.1;356.2986
19999.74,0.58,20006.35;356.1898
19999.74,0.58,20006.35;356.1898
19999.73,0.58,20006.61;356.0809
19999.71,0.58,20006.86;355.9892
19999.71,0.58,20006.86;355.9892
19999.7,0.58,20006.94;355.8975
19999.7,0.58,20006.94;355.8975
19999.69,0.58,20007.07;355.8058
19999.68,0.58,20007.2;355.697
19999.68,0.58,20007.2;355.697
19999.66,0.58,20007.45;355.5881
19999.64,0.58,20007.7;355.4792
19999.64,0.58,20007.7;355.4792
19999.63,0.58,20007.96;355.3704
19999.6,0.58,20008.21;355.2845
19999.58,0.58,20008.46;355.1756
19999.58,0.58,20008.46;355.1756
19999.56,0.58,20008.71;355.0667
19999.54,0.58,20008.97;354.9521
19999.54,0.58,20008.97;354.9521
19999.52,0.58,20009.22;354.8375
19999.49,0.58,20009.47;354.7401
19999.49,0.58,20009.47;354.7401
19999.47,0.58,20009.73;354.6427
19999.44,0.58,20009.98;354.5281
19999.44,0.58,20009.98;354.5281
19999.42,0.58,20010.23;354.4078
19999.42,0.58,20010.23;354.4078
19999.39,0.58,20010.48;354.2875
19999.37,0.58,20010.74;354.1901
19999.37,0.58,20010.74;354.1901
19999.34,0.58,20010.99;354.0927
19999.31,0.58,20011.24;353.9723
19999.31,0.58,20011.24;353.9723
19999.3,0.58,20011.4;353.852
19999.28,0.58,20011.56;353.7374
19999.27,0.58,20011.62;353.64
19999.27,0.58,20011.62;353.64
19999.25,0.58,20011.87;353.5426
19999.22,0.58,20012.13;353.4223
19999.22,0.58,20012.13;353.4223
19999.22,0.58,20012.13;353.4223
19999.2,0.58,20012.31;353.3019
19999.2,0.58,20012.31;353.3019
19999.2,0.58,20012.31;353.3019
19999.16,0.58,20012.56;353.2103
19999.13,0.58,20012.81;353.1186
19999.1,0.58,20013.07;353.0154
19999.1,0.58,20013.07;353.0154
19999.07,0.58,20013.32;352.9123
19999.04,0.58,20013.57;352.9123
19999.04,0.58,20013.57;352.9123
19999.01,0.58,20013.82;352.9123
19998.98,0.58,20014.07;352.9066
19998.98,0.58,20014.07;352.9066
19998.95,0.58,20014.33;352.9008
19998.91,0.58,20014.58;352.855
19998.88,0.58,20014.83;352.8092
19998.85,0.58,20015.08;352.7748
19998.85,0.58,20015.08;352.7748
19998.82,0.58,20015.33;352.7404
19998.79,0.58,20015.59;352.6602
19998.79,0.58,20015.59;352.6602
19998.75,0.58,20015.84;352.58
19998.72,0.58,20016.09;352.5113
19998.72,0.58,20016.09;352.5113
19998.69,0.58,20016.34;352.4425
19998.65,0.58,20016.59;352.3279
19998.62,0.58,20016.84;352.2133
19998.62,0.58,20016.84;352.2133
19998.58,0.58,20017.09;352.0987
19998.55,0.58,20017.34;352.007
19998.55,0.58,20017.34;352.007
19998.51,0.58,20017.6;351.9154
19998.48,0.58,20017.85;351.8982
19998.48,0.58,20017.85;351.8982
19998.44,0.58,20018.1;351.881
19998.44,0.58,20018.1;351.881
19998.41,0.58,20018.35;351.8638
19998.41,0.58,20018.35;351.8638
19998.41,0.58,20018.35;351.8638
19998.37,0.58,20018.6;351.8466
19998.37,0.58,20018.6;351.8466
19998.37,0.58,20018.6;351.8466
19998.33,0.58,20018.85;351.8294
19998.33,0.58,20018.85;351.8294
19998.33,0.58,20018.85;351.8294
19998.3,0.58,20019.1;351.8123
19998.26,0.58,20019.35;351.8123
19998.23,0.58,20019.6;351.7378
19998.23,0.58,20019.6;351.7378
19998.19,0.58,20019.86;351.6633
19998.15,0.58,20020.11;351.5716
19998.15,0.58,20020.11;351.5716
19998.15,0.58,20020.11;351.5716
19998.11,0.58,20020.36;351.4628
19998.11,0.58,20020.36;351.4628
19998.11,0.58,20020.36;351.4628
19998.08,0.58,20020.61;351.3539
19998.04,0.58,20020.86;351.245
19998,0.58,20021.11;351.1534
19998,0.58,20021.11;351.1534
19997.96,0.58,20021.36;351.0617
19997.92,0.58,20021.61;350.9528
19997.92,0.58,20021.61;350.9528
19997.88,0.58,20021.86;350.8439
19997.84,0.58,20022.11;350.7408
19997.84,0.58,20022.11;350.7408
19997.8,0.58,20022.37;350.6491
19997.8,0.58,20022.37;350.6491
19997.76,0.58,20022.61;350.5345
19997.76,0.58,20022.61;350.5345
19997.76,0.58,20022.61;350.5345
19997.71,0.58,20022.86;350.4257
19997.71,0.58,20022.86;350.4257
19997.71,0.58,20022.86;350.4257
19997.67,0.58,20023.11;350.3282
19997.67,0.58,20023.11;350.3282
19997.67,0.58,20023.11;350.3282
19997.63,0.58,20023.36;350.2194
19997.58,0.58,20023.61;350.1105
19997.54,0.58,20023.86;350.036
19997.54,0.58,20023.86;350.036
19997.5,0.58,20024.11;349.9616
19997.45,0.58,20024.36;349.8642
19997.45,0.58,20024.36;349.8642
19997.41,0.58,20024.61;349.7668
19997.36,0.58,20024.86;349.6865
19997.36,0.58,20024.86;349.6865
19997.31,0.58,20025.11;349.6292
19997.31,0.58,20025.11;349.6292
19997.27,0.58,20025.35;349.572
19997.22,0.58,20025.6;349.5261
19997.22,0.58,20025.6;349.5261
19997.18,0.58,20025.82;349.4803
19997.14,0.58,20026.05;349.4516
19997.14,0.58,20026.05;349.4516
19997.09,0.58,20026.3;349.423
19997.05,0.58,20026.55;349.4115
19997.01,0.58,20026.76;349.4001
19996.97,0.58,20026.97;349.3829
19996.97,0.58,20026.97;349.3829
19996.92,0.58,20027.22;349.3657
19996.88,0.58,20027.47;349.36
19996.88,0.58,20027.47;349.36
19996.83,0.58,20027.71;349.3542
19996.79,0.58,20027.94;349.3542
19996.79,0.58,20027.94;349.3542
19996.75,0.58,20028.14;349.3542
19996.71,0.58,20028.34;349.3542
19996.69,0.58,20028.48;349.3485
19996.69,0.58,20028.48;349.3485
19996.64,0.58,20028.72;349.3428
19996.6,0.58,20028.96;349.3428
19996.6,0.58,20028.96;349.3428
19996.56,0.58,20029.16;349.3428
19996.52,0.58,20029.36;349.3428
19996.52,0.58,20029.36;349.3428
19996.47,0.58,20029.59;349.3428
19996.43,0.58,20029.83;349.3428
19996.38,0.58,20030.07;349.3428
19996.34,0.58,20030.31;349.3371
19996.34,0.58,20030.31;349.3371
19996.3,0.58,20030.51;349.3313
19996.26,0.58,20030.71;349.3313
19996.26,0.58,20030.71;349.3313
19996.22,0.58,20030.95;349.3313
19996.18,0.58,20031.18;349.3313
19996.18,0.58,20031.18;349.3313
19996.13,0.58,20031.41;349.3313
19996.09,0.58,20031.64;349.3256
19996.04,0.58,20031.87;349.3256
19996.04,0.58,20031.87;349.3256
19996.04,0.58,20031.87;349.3256
19996.01,0.58,20032.07;349.3256
19995.96,0.58,20032.3;349.3256
19995.92,0.58,20032.54;349.3256
19995.92,0.58,20032.54;349.3256
19995.88,0.58,20032.73;349.3256
19995.84,0.58,20032.96;349.3256
19995.8,0.58,20033.19;349.3256
19995.8,0.58,20033.19;349.3256
19995.76,0.58,20033.41;349.3256
19995.71,0.58,20033.64;349.3256
19995.71,0.58,20033.64;349.3256
19995.68,0.58,20033.83;349.3256
19995.64,0.58,20034.03;349.3256
19995.64,0.58,20034.03;349.3256
19995.6,0.58,20034.26;349.3256
19995.55,0.58,20034.49;349.3256
19995.51,0.58,20034.71;349.3256
19995.47,0.58,20034.94;349.3256
19995.47,0.58,20034.94;349.3256
19995.43,0.58,20035.14;349.3256
19995.39,0.58,20035.34;349.3256
19995.39,0.58,20035.34;349.3256
19995.35,0.58,20035.56;349.3256
19995.35,0.58,20035.56;349.3256
19995.35,0.58,20035.56;349.3256
19995.31,0.58,20035.79;349.3256
19995.27,0.58,20035.99;349.3256
19995.23,0.58,20036.19;349.3256
19995.23,0.58,20036.19;349.3256
19995.19,0.58,20036.42;349.3256
19995.15,0.58,20036.64;349.3256
19995.15,0.58,20036.64;349.3256
19995.1,0.58,20036.87;349.3256
19995.06,0.58,20037.1;349.3256
19995.06,0.58,20037.1;349.3256
19995.03,0.58,20037.29;349.3256
19994.99,0.58,20037.48;349.3256
19994.95,0.58,20037.7;349.3256
19994.95,0.58,20037.7;349.3256
19994.95,0.58,20037.7;349.3256
19994.9,0.58,20037.93;349.3256
19994.86,0.58,20038.15;349.3199
19994.86,0.58,20038.15;349.3199
19994.83,0.58,20038.34;349.3141
19994.79,0.58,20038.53;349.3141
19994.79,0.58,20038.53;349.3141
19994.76,0.58,20038.7;349.3141
19994.72,0.58,20038.91;349.3141
19994.68,0.58,20039.11;349.3141
19994.68,0.58,20039.11;349.3141
19994.68,0.58,20039.11;349.3141
19994.65,0.58,20039.29;349.3141
19994.65,0.58,20039.29;349.3141
19994.65,0.58,20039.29;349.3141
19994.61,0.58,20039.5;349.3141
19994.61,0.58,20039.5;349.3141
19994.57,0.58,20039.71;349.3141
19994.57,0.58,20039.71;349.3141
19994.53,0.58,20039.9;349.3141
19994.5,0.58,20040.08;349.3141
19994.5,0.58,20040.08;349.3141
19994.46,0.58,20040.29;349.3141
19994.42,0.58,20040.49;349.3141
19994.42,0.58,20040.49;349.3141
19994.38,0.58,20040.71;349.3141
19994.34,0.58,20040.92;349.3141
19994.34,0.58,20040.92;349.3141
19994.31,0.58,20041.08;349.3141
19994.31,0.58,20041.08;349.3141
19994.28,0.58,20041.21;349.3141
19994.26,0.58,20041.35;349.3141
19994.26,0.58,20041.35;349.3141
19994.22,0.58,20041.57;349.3141
19994.18,0.58,20041.79;349.3141
19994.18,0.58,20041.79;349.3141
19994.14,0.58,20041.97;349.3141
19994.11,0.58,20042.15;349.3141
19994.07,0.58,20042.37;349.3141
19994.07,0.58,20042.37;349.3141
19994.03,0.58,20042.55;349.3141
