20000,0.5,20000;0
20000,0.5800976,20000;0
20000,0.5800976,20000;0
20000,0.5800976,20000;0
20000,0.5800976,20000;0
20000,0.5800976,20000;0
20000,0.5800976,20000;0
20000,0.5800976,20000;0
20000,0.5800976,20000;0
20000,0.5800976,20000;0
20000,0.5800976,20000;0
20000,0.5800976,20000;0
20000,0.5800976,20000;0
20000,0.5800976,20000;0
20000,0.5800976,20000;0
20000,0.5800976,20000;0
20000,0.5800976,20000;0
20000,0.5800976,20000;0
20000,0.5800976,20000;0
20000,0.5800976,20000;0
20000,0.5800976,20000;0
20000,0.5800976,20000;0
20000,0.5800976,20000;0
20000,0.5800976,20000;0
20000,0.5800976,20000;0
20000,0.5800976,20000;0
20000,0.5800976,20000;0
20000,0.5800976,20000;0
20000,0.5800976,20000;0
20000,0.5800976,20000;0
20000,0.5800976,20000;0
20000,0.5800976,20000;0
20000,0.5800976,20000;0
20000,0.5800976,20000;0
20000,0.5800976,20000;0
20000,0.5800976,20000;0
20000,0.5800976,20000;0
20000,0.5800976,20000;0
20000,0.5800976,20000;0
20000,0.5800976,20000;0
20000,0.5800976,20000;0
20000,0.5800976,20000;0
20000,0.5800976,20000;0
20000,0.5800976,20000;0
20000,0.5800976,20000;0
20000,0.5800976,20000;0
20000,0.5800976,20000;0
20000,0.5800976,20000;0
20000,0.5800976,20000;0
20000,0.5800976,20000;0
20000,0.5800976,20000;0
20000,0.5800976,20000;0
20000,0.5800976,20000;0
20000,0.5800976,20000;0
20000,0.5800976,20000;0
20000,0.5800976,20000;0
20000,0.5800976,20000;0
20000,0.5800976,20000;0
20000,0.5800976,20000;0
20000,0.5800976,20000;0
20000,0.5800976,20000;0
20000,0.5800976,20000;0
20000,0.5800976,20000;0
20000,0.5800976,20000;0
20000,0.5800976,20000;0
20000,0.5800976,20000;0
20000,0.5800976,20000;0
20000,0.5800976,20000;0
20000,0.5800976,20000;0
20000,0.5800976,20000;0
20000,0.5800976,20000;0
20000,0.5800976,20000;0
20000,0.5800976,20000;0
20000,0.5800976,20000;0
20000,0.5800976,20000;0
20000,0.5800976,20000;0
20000,0.5800976,20000;0
20000,0.5800976,20000;0
20000,0.5800976,20000;0
20000,0.5800976,20000;0
20000,0.5800976,20000;0
20000,0.5800976,20000;0
20000,0.5800976,20000;0
20000,0.5800976,20000;0
20000,0.5800976,20000;0
20000,0.5800976,20000;0
20000,0.5800976,20000;0
20000,0.5800976,20000;0
20000,0.5800976,20000;0
20000,0.5800976,20000;0
20000,0.5800976,20000;0
20000,0.5800976,20000;0
20000,0.5800976,20000;0
20000,0.5800976,20000;0
20000,0.5800976,20000;0
20000,0.5800976,20000;0
20000,0.5800976,20000;0
20000,0.5800976,20000;0
20000,0.5800976,20000;0
20000,0.5800976,20000;0
20000,0.5800976,20000;0
20000,0.5800976,20000;0
20000,0.5800976,20000;0
20000,0.5800976,20000.01;0
20000,0.5800976,20000.02;0
20000,0.5800976,20000.02;0
20000,0.5800976,20000.06;0
20000,0.5800976,20000.09;359.9886
20000,0.5800976,20000.09;359.9886
20000,0.5800976,20000.09;359.9886
20000,0.5800976,20000.13;359.9141
20000,0.5800976,20000.17;359.8109
20000,0.5800976,20000.17;359.8109
20000,0.5800976,20000.17;359.8109
20000,0.5800976,20000.33;359.7479
20000,0.5800976,20000.33;359.7479
20000,0.5800976,20000.33;359.7479
20000,0.5800976,20000.58;359.6448
20000,0.5800976,20000.58;359.6448
20000,0.5800976,20000.58;359.6448
20000,0.5800976,20000.83;359.5244
19999.99,0.5800976,20001.09;359.4041
19999.99,0.5800976,20001.34;359.2895
19999.99,0.5800976,20001.6;359.1749
19999.98,0.5800976,20001.85;359.0661
19999.98,0.5800976,20001.85;359.0661
19999.98,0.5800976,20002.1;358.9572
19999.97,0.5800976,20002.36;358.8483
19999.97,0.5800976,20002.36;358.8483
19999.97,0.5800976,20002.61;358.7796
19999.96,0.5800976,20002.87;358.7108
19999.96,0.5800976,20003.12;358.6306
19999.96,0.5800976,20003.12;358.6306
19999.95,0.5800976,20003.37;358.5504
19999.94,0.5800976,20003.63;358.4645
19999.94,0.5800976,20003.63;358.4645
19999.93,0.5800976,20003.88;358.3785
19999.93,0.5800976,20004.13;358.2983
19999.93,0.5800976,20004.13;358.2983
19999.92,0.5800976,20004.39;358.2181
19999.91,0.5800976,20004.64;358.1207
19999.9,0.5800976,20004.9;358.0233
19999.9,0.5800976,20004.9;358.0233
19999.9,0.5800976,20004.9;358.0233
19999.89,0.5800976,20005.15;357.9373
19999.89,0.5800976,20005.15;357.9373
19999.89,0.5800976,20005.15;357.9373
19999.88,0.5800976,20005.4;357.8514
19999.87,0.5800976,20005.66;357.7597
19999.87,0.5800976,20005.66;357.7597
19999.86,0.5800976,20005.91;357.6738
19999.85,0.5800976,20006.17;357.5878
19999.84,0.5800976,20006.42;357.5248
19999.84,0.5800976,20006.42;357.5248
19999.83,0.5800976,20006.67;357.4618
19999.82,0.5800976,20006.93;357.3701
19999.82,0.5800976,20006.93;357.3701
19999.81,0.5800976,20007.18;357.2784
19999.79,0.5800976,20007.43;357.1925
19999.79,0.5800976,20007.43;357.1925
19999.78,0.5800976,20007.69;357.1065
19999.77,0.5800976,20007.94;357.0378
19999.75,0.5800976,20008.2;356.969
19999.74,0.5800976,20008.45;356.8773
19999.74,0.5800976,20008.45;356.8773
19999.74,0.5800976,20008.45;356.8773
19999.73,0.5800976,20008.7;356.7628
19999.73,0.5800976,20008.7;356.7628
19999.71,0.5800976,20008.96;356.6482
19999.7,0.5800976,20009.21;356.5565
19999.7,0.5800976,20009.21;356.5565
19999.68,0.5800976,20009.46;356.4648
19999.66,0.5800976,20009.72;356.3731
19999.65,0.5800976,20009.97;356.2814
19999.65,0.5800976,20009.97;356.2814
19999.63,0.5800976,20010.22;356.1898
19999.61,0.5800976,20010.48;356.121
19999.61,0.5800976,20010.48;356.121
19999.6,0.5800976,20010.73;356.0522
19999.58,0.5800976,20010.98;355.9491
19999.58,0.5800976,20010.98;355.9491
19999.56,0.5800976,20011.24;355.8861
19999.56,0.5800976,20011.24;355.8861
19999.54,0.5800976,20011.49;355.8231
19999.52,0.5800976,20011.74;355.7773
19999.52,0.5800976,20011.74;355.7773
19999.5,0.5800976,20012;355.7314
19999.48,0.5800976,20012.25;355.634
19999.48,0.5800976,20012.25;355.634
19999.46,0.5800976,20012.5;355.5366
19999.45,0.5800976,20012.76;355.4908
19999.45,0.5800976,20012.76;355.4908
19999.43,0.5800976,20013.01;355.4678
19999.43,0.5800976,20013.01;355.4678
19999.4,0.5800976,20013.26;355.4621
19999.4,0.5800976,20013.26;355.4621
19999.4,0.5800976,20013.26;355.4621
19999.38,0.5800976,20013.52;355.4564
19999.38,0.5800976,20013.52;355.4564
19999.38,0.5800976,20013.52;355.4564
19999.37,0.5800976,20013.77;355.4507
19999.37,0.5800976,20013.77;355.4507
19999.34,0.5800976,20014.02;355.4449
19999.34,0.5800976,20014.02;355.4449
19999.34,0.5800976,20014.02;355.4449
19999.32,0.5800976,20014.28;355.4449
19999.32,0.5800976,20014.28;355.4449
19999.32,0.5800976,20014.28;355.4449
19999.3,0.5800976,20014.53;355.4449
19999.28,0.5800976,20014.78;355.4392
19999.28,0.5800976,20014.78;355.4392
19999.26,0.5800976,20015.04;355.4335
19999.24,0.5800976,20015.29;355.3361
19999.22,0.5800976,20015.54;355.2215
19999.22,0.5800976,20015.54;355.2215
19999.22,0.5800976,20015.54;355.2215
19999.2,0.5800976,20015.79;355.1069
19999.18,0.5800976,20016.05;355.0095
19999.18,0.5800976,20016.05;355.0095
19999.16,0.5800976,20016.3;354.9121
19999.13,0.5800976,20016.55;354.8032
19999.13,0.5800976,20016.55;354.8032
19999.11,0.5800976,20016.81;354.7001
19999.09,0.5800976,20017.06;354.5969
19999.06,0.5800976,20017.31;354.5167
19999.06,0.5800976,20017.31;354.5167
19999.06,0.5800976,20017.31;354.5167
19999.04,0.5800976,20017.57;354.425
19999.04,0.5800976,20017.57;354.425
19999.04,0.5800976,20017.57;354.425
19999.01,0.5800976,20017.82;354.3334
19998.99,0.5800976,20018.07;354.2589
19998.99,0.5800976,20018.07;354.2589
19998.96,0.5800976,20018.32;354.1844
19998.93,0.5800976,20018.58;354.0984
19998.91,0.5800976,20018.83;354.0068
19998.91,0.5800976,20018.83;354.0068
19998.88,0.5800976,20019.08;353.9151
19998.85,0.5800976,20019.33;353.8292
19998.85,0.5800976,20019.33;353.8292
19998.83,0.5800976,20019.59;353.7432
19998.8,0.5800976,20019.84;353.6172
19998.8,0.5800976,20019.84;353.6172
19998.8,0.5800976,20019.84;353.6172
19998.77,0.5800976,20020.05;353.5026
19998.74,0.5800976,20020.3;353.388
19998.71,0.5800976,20020.56;353.302
19998.71,0.5800976,20020.56;353.302
19998.69,0.5800976,20020.74;353.2161
19998.67,0.5800976,20020.93;353.1129
19998.67,0.5800976,20020.93;353.1129
19998.64,0.5800976,20021.14;353.0098
19998.62,0.5800976,20021.35;352.8952
19998.62,0.5800976,20021.35;352.8952
19998.59,0.5800976,20021.61;352.7806
19998.55,0.5800976,20021.86;352.6946
19998.52,0.5800976,20022.11;352.5973
19998.52,0.5800976,20022.11;352.5973
19998.52,0.5800976,20022.11;352.5973
19998.49,0.5800976,20022.36;352.4998
19998.49,0.5800976,20022.36;352.4998
19998.46,0.5800976,20022.56;352.4024
19998.43,0.5800976,20022.77;352.3165
19998.43,0.5800976,20022.77;352.3165
19998.41,0.5800976,20022.92;352.2305
19998.39,0.5800976,20023.07;352.1274
19998.36,0.5800976,20023.32;352.0185
19998.36,0.5800976,20023.32;352.0185
19998.36,0.5800976,20023.32;352.0185
19998.32,0.5800976,20023.57;351.9097
19998.28,0.5800976,20023.82;351.8065
19998.28,0.5800976,20023.82;351.8065
19998.25,0.5800976,20024.07;351.7034
19998.21,0.5800976,20024.32;351.5831
19998.21,0.5800976,20024.32;351.5831
19998.21,0.5800974,20024.58;351.4685
19998.21,0.5800975,20024.83;351.3539
19998.21,0.5800975,20025.08;351.2737
19998.21,0.5800975,20025.08;351.2737
19998.21,0.5800975,20025.08;351.2737
19998.21,0.5800971,20025.33;351.2164
19998.21,0.5800971,20025.33;351.2164
19998.21,0.5800971,20025.33;351.2164
19998.21,0.5800973,20025.58;351.1534
19998.21,0.5800973,20025.58;351.1534
19998.21,0.5800973,20025.83;351.0789
19998.21,0.5800973,20025.83;351.0789
19998.21,0.580097,20026.08;351.0044
19998.21,0.5800972,20026.33;350.9185
19998.21,0.5800972,20026.33;350.9185
19998.21,0.5800976,20026.54;350.8325
19998.21,0.5800976,20026.75;350.7294
19998.21,0.5800976,20026.75;350.7294
19998.21,0.5800974,20027.01;350.6262
19998.21,0.5800977,20027.26;350.5403
19998.21,0.5800974,20027.51;350.4486
19998.21,0.5800974,20027.51;350.4486
19998.21,0.5800974,20027.76;350.3569
19998.21,0.5800974,20028.01;350.2767
19998.21,0.5800974,20028.01;350.2767
19998.21,0.5800977,20028.26;350.1965
19998.21,0.5800974,20028.51;350.1277
19998.21,0.5800974,20028.51;350.1277
19998.21,0.5800976,20028.76;350.059
19998.21,0.5800973,20029.01;349.9788
19998.21,0.5800973,20029.01;349.9788
19998.21,0.5800968,20029.26;349.8986
19998.21,0.5800968,20029.26;349.8986
19998.21,0.5800971,20029.51;349.8184
19998.21,0.5800974,20029.76;349.7496
19998.21,0.5800974,20029.76;349.7496
19998.21,0.5800977,20030.01;349.6809
19998.21,0.580098,20030.26;349.5949
19998.21,0.580098,20030.26;349.5949
19998.21,0.5800978,20030.51;349.509
19998.21,0.5800983,20030.76;349.423
19998.21,0.5800986,20030.89;349.3428
19998.21,0.5800986,20030.9;349.2626
19998.21,0.5800986,20030.9;349.1595
19998.21,0.5800986,20030.9;349.1595
19998.21,0.5800992,20031.12;349.0563
19998.21,0.5800989,20031.34;348.9589
19998.21,0.5800989,20031.34;348.9589
19998.21,0.5800994,20031.59;348.8615
19998.21,0.580099,20031.83;348.7813
19998.21,0.580099,20031.83;348.7813
