20012,0.58,20000;0
20012,0.58,20000;0.05729198
20012,0.58,20000;0.05729198
20012,0.58,20000;0.05729198
20012,0.58,20000;0.05729198
20012,0.58,20000;0.05729198
20012,0.58,20000;0.05729198
20012,0.58,20000;0.05729198
20012,0.58,20000;0.05729198
20012,0.58,20000;0.05729198
20012,0.58,20000;0.05729198
20012,0.58,20000;0.05729198
20012,0.58,20000;0.05729198
20012,0.58,20000;0.05729198
20012,0.58,20000;0.05729198
20012,0.58,20000;0.05729198
20012,0.58,20000;0.05729198
20012,0.58,20000;0.05729198
20012,0.58,20000;0.05729198
20012,0.58,20000;0.05729198
20012,0.58,20000;0.05729198
20012,0.58,20000;0.05729198
20012,0.58,20000;0.05729198
20012,0.58,20000;0.05729198
20012,0.58,20000;0.05729198
20012,0.58,20000;0.05729198
20012,0.58,20000;0.05729198
20012,0.58,20000;0.05729198
20012,0.58,20000;0.05729198
20012,0.58,20000;0.05729198
20012,0.58,20000;0.05729198
20012,0.58,20000;0.05729198
20012,0.58,20000;0.05729198
20012,0.58,20000;0.05729198
20012,0.58,20000;0.05729198
20012,0.58,20000;0.05729198
20012,0.58,20000;0.05729198
20012,0.58,20000;0.05729198
20012,0.58,20000;0.05729198
20012,0.58,20000;0.05729198
20012,0.58,20000;0.05729198
20012,0.58,20000;0.05729198
20012,0.58,20000;0.05729198
20012,0.58,20000;0.05729198
20012,0.58,20000;0.05729198
20012,0.58,20000;0.05729198
20012,0.58,20000;0.05729198
20012,0.58,20000;0.05729198
20012,0.58,20000;0.05729198
20012,0.58,20000;0.05729198
20012,0.58,20000;0.05729198
20012,0.58,20000;0.05729198
20012,0.58,20000;0.05729198
20012,0.58,20000;0.05729198
20012,0.58,20000;0.05729198
20012,0.58,20000;0.05729198
20012,0.58,20000;0.05729198
20012,0.58,20000;0.05729198
20012,0.58,20000;0.05729198
20012,0.58,20000;0.05729198
20012,0.58,20000;0.05729198
20012,0.58,20000;0.05729198
20012,0.58,20000;0.05729198
20012,0.58,20000;0.05729198
20012,0.58,20000;0.05729198
20012,0.58,20000;0.05729198
20012,0.58,20000;0.05729198
20012,0.58,20000;0.05729198
20012,0.58,20000;0.05729198
20012,0.58,20000;0.05729198
20012,0.58,20000;0.05729198
20012,0.58,20000;0.05729198
20012,0.58,20000;0.05729198
20012,0.58,20000;0.05729198
20012,0.58,20000;0.05729198
20012,0.58,20000;0.05729198
20012,0.58,20000;0.05729198
20012,0.58,20000;0.05729198
20012,0.58,20000;0.05729198
20012,0.58,20000;0.05729198
20012,0.58,20000;0.05729198
20012,0.58,20000;0.05729198
20012,0.58,20000;0.05729198
20012,0.58,20000;0.05729198
20012,0.58,20000;0.05729198
20012,0.58,20000;0.05729198
20012,0.58,20000;0.05729198
20012,0.58,20000;0.05729198
20012,0.58,20000;0.05729198
20012,0.58,20000;0.05729198
20012,0.58,20000;0.05729198
20012,0.58,20000;0.05729198
20012,0.58,20000;0.05729198
20012,0.58,20000;0.05729198
20012,0.58,20000;0.05729198
20012,0.58,20000;0.05729198
20012,0.58,20000;0.05729198
20012,0.58,20000;0.05729198
20012,0.58,20000;0.05729198
20012,0.58,20000;0.05729198
20012,0.58,20000;0.05729198
20012,0.58,20000;0.05729198
20012,0.58,20000;0.05729198
20012,0.58,20000;0.05729198
20012,0.58,20000;0.05729198
20012,0.58,20000;0.05729198
20012,0.58,20000;0.05729198
20012,0.58,20000;0.05729198
20012,0.58,20000;0.05729198
20012,0.58,20000;0.05729198
20012,0.58,20000;0.05729198
20012,0.58,20000;0.05729198
20012,0.58,20000;0.05729198
20012,0.58,20000;0.05729198
20012,0.58,20000;0.05729198
20012,0.58,20000;0.05729198
20012,0.58,20000;0.05729198
20012,0.58,20000;0.05729198
20012,0.58,20000;0.05729198
20012,0.58,20002;0.05729198
20012,0.58,20004;0.05729198
20012,0.58,20006;0.05729198
20012,0.58,20008;0.05729198
20012,0.58,20010;0.05729198
20012,0.58,20012;0.05729198
20012,0.58,20014;0.05729198
20012,0.58,20016;0.05729198
20012,0.58,20018;0.05729198
20012,0.58,20020;0.05729198
20012,0.58,20020;0.05729198
20012,0.58,20020;0.05729198
20012,0.58,20020;0.05729198
20012,0.58,20020;0.05729198
20012,0.58,20020;0.05729198
20012,0.58,20020;0.05729198
20012,0.58,20020;0.05729198
20012,0.58,20020;0.05729198
20012,0.58,20020;0.05729198
20012,0.58,20020;0.05729198
20012,0.58,20020;0.05729198
20012,0.58,20020;0.05729198
20012,0.58,20020;0.05729198
20012,0.58,20020;0.05729198
20012,0.58,20020;0.05729198
20012,0.58,20020;0.05729198
20012,0.58,20020;0.05729198
20012,0.58,20020;0.05729198
20012,0.58,20020;0.05729198
20012,0.58,20020;0.05729198
20012,0.58,20020;0.05729198
20012,0.58,20020;0.05729198
20012,0.58,20020;0.05729198
20012,0.58,20022;0.05729198
20012,0.58,20024;0.05729198
20012,0.58,20026;0.05729198
20012,0.58,20028;0.05729198
20012,0.58,20030;0.05729198
20012,0.58,20032;0.05729198
20012,0.58,20034;0.05729198
20012,0.58,20036;0.05729198
20012,0.58,20038;0.05729198
20012,0.58,20040;0.05729198
20012,0.58,20042;0.05729198
20012,0.58,20042;0.05729198
20012,0.58,20042;0.05729198
20012,0.58,20042;0.05729198
20012,0.58,20042;0.05729198
20012,0.58,20042;0.05729198
20012,0.58,20042;0.05729198
20012,0.58,20042;0.05729198
20012,0.58,20042;0.05729198
20012,0.58,20042;0.05729198
20012,0.58,20042;0.05729198
20012,0.58,20042;0.05729198
20012,0.58,20042;0.05729198
20012,0.58,20042;0.05729198
20012,0.58,20042;0.05729198
20012,0.58,20042;0.05729198
20012,0.58,20042;0.05729198
20012,0.58,20042;0.05729198
20012,0.58,20042;0.05729198
20012,0.58,20042;0.05729198
20012,0.58,20042;0.05729198
20012,0.58,20042;0.05729198
20012,0.58,20042;0.05729198
20012,0.58,20044;0.05729198
20012,0.58,20046;0.05729198
20012,0.58,20048;0.05729198
20012,0.58,20050;0.05729198
20012,0.58,20052;0.05729198
20012,0.58,20054;0.05729198
20012,0.58,20056;0.05729198
20012,0.58,20056;0.05729198
20012,0.58,20056;0.05729198
20012,0.58,20056;0.05729198
20012,0.58,20056;0.05729198
20012,0.58,20056;0.05729198
20012,0.58,20056;0.05729198
20012,0.58,20056;0.05729198
20012,0.58,20056;0.05729198
20012,0.58,20056;0.05729198
20012,0.58,20056;0.05729198
20012,0.58,20056;0.05729198
20012,0.58,20056;0.05729198
20012,0.58,20056;0.05729198
20012,0.58,20056;0.05729198
20012,0.58,20056;0.05729198
20012,0.58,20056;0.05729198
20012,0.58,20056;0.05729198
20012,0.58,20056;0.05729198
20012,0.58,20056;0.05729198
20012,0.58,20056;0.05729198
20012,0.58,20056;0.05729198
20012,0.58,20056;0.05729198
20012,0.58,20056;0.05729198
20010,0.58,20056;0.05729198
20008,0.58,20056;0.05729198
20006,0.58,20056;0.05729198
20004,0.58,20056;0.05729198
20002,0.58,20056;0.05729198
20000,0.58,20056;0.05729198
