20000,0.5,20000;0
20000,0.58,20000.13;0
20000,0.58,20000.13;0
20000,0.58,20000.25;0
20000,0.58,20000.38;0
20000,0.58,20000.51;0
20000,0.58,20000.63;0
20000,0.58,20000.63;0
20000,0.58,20000.76;0
20000,0.58,20000.89;0
20000,0.58,20001.02;0
20000,0.58,20001.14;0
20000,0.58,20001.27;0
20000,0.58,20001.27;0
20000,0.58,20001.4;0
20000,0.58,20001.52;0
20000,0.58,20001.65;0
20000,0.58,20001.78;0
20000,0.58,20001.9;0
20000,0.58,20001.9;0
20000,0.58,20002.03;0
20000,0.58,20002.16;0
20000,0.58,20002.16;0
20000,0.58,20002.29;0
20000,0.58,20002.41;0
20000,0.58,20002.41;0
20000,0.58,20002.54;0
20000,0.58,20002.67;0
20000,0.58,20002.67;0
20000,0.58,20002.79;0
20000,0.58,20002.92;0
20000,0.58,20002.92;0
20000,0.58,20003.05;0
20000,0.58,20003.18;0
20000,0.58,20003.3;0
20000,0.58,20003.43;0
20000,0.58,20003.56;0
20000,0.58,20003.56;0
20000,0.58,20003.68;0
20000,0.58,20003.81;0
20000,0.58,20003.94;0
20000,0.58,20003.94;0
20000,0.58,20004.06;0
20000,0.58,20004.06;0
20000,0.58,20004.19;0
20000,0.58,20004.32;0
20000,0.58,20004.45;0
20000,0.58,20004.45;0
20000,0.58,20004.57;0
20000,0.58,20004.7;0
20000,0.58,20004.7;0
20000,0.58,20004.83;0
20000,0.58,20004.95;0
20000,0.58,20005.08;0
20000,0.58,20005.08;0
20000,0.58,20005.21;0
20000,0.58,20005.33;0
20000,0.58,20005.33;0
20000,0.58,20005.33;0
20000,0.58,20005.33;0
20000,0.58,20005.33;0
20000,0.58,20005.33;0
20000,0.58,20005.33;0
20000,0.58,20005.33;0
20000,0.58,20005.33;0
20000,0.58,20005.33;0
20000,0.58,20005.33;0
20000,0.58,20005.33;0
20000,0.58,20005.33;0
20000,0.58,20005.33;0
20000,0.58,20005.33;0
20000,0.58,20005.33;0
20000,0.58,20005.33;0
20000,0.58,20005.33;0
20000,0.58,20005.33;0
20000,0.58,20005.33;0
20000,0.58,20005.33;0
20000,0.58,20005.33;0
20000,0.58,20005.33;0
20000,0.58,20005.33;0
20000,0.58,20005.33;0
20000,0.58,20005.33;0
20000,0.58,20005.33;0
20000,0.58,20005.33;0
20000,0.58,20005.33;0
20000,0.58,20005.33;0
20000,0.58,20005.46;0
20000,0.58,20005.46;0
20000,0.58,20005.59;0
20000,0.58,20005.71;0
20000,0.58,20005.84;0
20000,0.58,20005.97;0
20000,0.58,20006.1;0
20000,0.58,20006.1;0
20000,0.58,20006.22;0
20000,0.58,20006.35;0
20000,0.58,20006.35;0
20000,0.58,20006.48;0
20000,0.58,20006.6;0
20000,0.58,20006.73;0
20000,0.58,20006.86;0
20000,0.58,20006.98;0
20000,0.58,20006.98;0
20000,0.58,20007.11;0
20000,0.58,20007.24;0
20000,0.58,20007.24;0
20000,0.58,20007.37;0
20000,0.58,20007.49;0
20000,0.58,20007.49;0
20000,0.58,20007.49;0
20000,0.58,20007.49;0
20000,0.58,20007.49;0
20000,0.58,20007.49;0
20000,0.58,20007.49;0
20000,0.58,20007.49;0
20000,0.58,20007.49;0
20000,0.58,20007.49;0
20000,0.58,20007.49;0
20000,0.58,20007.49;0
20000,0.58,20007.49;0
20000,0.58,20007.49;0
20000,0.58,20007.49;0
20000,0.58,20007.49;0
20000,0.58,20007.49;0
20000,0.58,20007.49;0
20000,0.58,20007.62;0
20000,0.58,20007.62;0
20000,0.58,20007.75;0
20000,0.58,20007.87;0
20000,0.58,20008;0
20000,0.58,20008;0
20000,0.58,20008.13;0
20000,0.58,20008.26;0
20000,0.58,20008.26;0
20000,0.58,20008.38;0
20000,0.58,20008.51;0
20000,0.58,20008.64;0
20000,0.58,20008.64;0
20000,0.58,20008.76;0
20000,0.58,20008.89;0
20000,0.58,20008.89;0
20000,0.58,20009.02;0
20000,0.58,20009.14;0
20000,0.58,20009.27;0
20000,0.58,20009.27;0
20000,0.58,20009.4;0
20000,0.58,20009.53;0
20000,0.58,20009.65;0
20000,0.58,20009.65;0
20000,0.58,20009.78;0
20000,0.58,20009.91;0
20000,0.58,20010.03;0
20000,0.58,20010.16;0
20000,0.58,20010.16;0
20000,0.58,20010.29;0
20000,0.58,20010.41;0
20000,0.58,20010.54;0
20000,0.58,20010.54;0
20000,0.58,20010.67;0
20000,0.58,20010.79;0
20000,0.58,20010.79;0
20000,0.58,20010.92;0
20000,0.58,20010.92;0
20000,0.58,20011.05;0
20000,0.58,20011.18;0
20000,0.58,20011.3;0
20000,0.58,20011.3;0
20000,0.58,20011.43;0
20000,0.58,20011.56;0
20000,0.58,20011.68;0
20000,0.58,20011.81;0
20000,0.58,20011.81;0
20000,0.58,20011.94;0
20000,0.58,20012.06;0
20000,0.58,20012.06;0
20000,0.58,20012.19;0
20000,0.58,20012.32;0
20000,0.58,20012.45;0
20000,0.58,20012.45;0
20000,0.58,20012.57;0
20000,0.58,20012.7;0
20000,0.58,20012.7;0
20000,0.58,20012.83;0
20000,0.58,20012.95;0
20000,0.58,20013.08;0
20000,0.58,20013.08;0
20000,0.58,20013.21;0
20000,0.58,20013.34;0
20000,0.58,20013.34;0
20000,0.58,20013.46;0
20000,0.58,20013.59;0
20000,0.58,20013.72;0
20000,0.58,20013.84;0
20000,0.58,20013.97;0
20000,0.58,20013.97;0
20000,0.58,20014.1;0
20000,0.58,20014.1;0
20000,0.58,20014.22;0
20000,0.58,20014.35;0
20000,0.58,20014.48;0
20000,0.58,20014.48;0
20000,0.58,20014.61;0
20000,0.58,20014.61;0
20000,0.58,20014.73;0
20000,0.58,20014.73;0
20000,0.58,20014.73;0
20000,0.58,20014.86;0
20000,0.58,20014.99;0
20000,0.58,20015.11;0
20000,0.58,20015.11;0
20000,0.58,20015.24;0
20000,0.58,20015.37;0
20000,0.58,20015.49;0
20000,0.58,20015.62;0
20000,0.58,20015.62;0
20000,0.58,20015.75;0
20000,0.58,20015.88;0
20000,0.58,20015.88;0
20000,0.58,20016;0
20000,0.58,20016.13;0
20000,0.58,20016.13;0
20000,0.58,20016.26;0
20000,0.58,20016.26;0
20000,0.58,20016.26;0
20000,0.58,20016.26;0
20000,0.58,20016.26;0
20000,0.58,20016.26;0
20000,0.58,20016.26;0
20000,0.58,20016.26;0
20000,0.58,20016.26;0
20000,0.58,20016.26;0
20000,0.58,20016.26;0
20000,0.58,20016.26;0
20000,0.58,20016.26;0
20000,0.58,20016.26;0
20000,0.58,20016.26;0
20000,0.58,20016.26;0
20000,0.58,20016.26;0
20000,0.58,20016.26;0
20000,0.58,20016.26;0
20000,0.58,20016.26;0
20000,0.58,20016.26;0
20000,0.58,20016.26;0
20000,0.58,20016.26;0
20000,0.58,20016.26;0
20000,0.58,20016.26;0
20000,0.58,20016.26;0
20000,0.58,20016.26;0
20000,0.58,20016.26;0
20000,0.58,20016.26;0
20000,0.58,20016.26;0
20000,0.58,20016.26;0
20000,0.58,20016.26;0
20000,0.58,20016.26;0
20000,0.58,20016.26;0
20000,0.58,20016.26;0
20000,0.58,20016.26;0
20000,0.58,20016.26;0
20000,0.58,20016.26;0
20000,0.58,20016.38;0
20000,0.58,20016.51;0
20000,0.58,20016.64;0
20000,0.58,20016.64;0
20000,0.58,20016.76;0
20000,0.58,20016.89;0
20000,0.58,20016.89;0
20000,0.58,20016.89;0
20000,0.58,20017.02;0
20000,0.58,20017.02;0
20000,0.58,20017.02;0
20000,0.58,20017.02;0
20000,0.58,20017.02;0
20000,0.58,20017.02;0
20000,0.58,20017.02;0
20000,0.58,20017.02;0
20000,0.58,20017.02;0
20000,0.58,20017.02;0
20000,0.58,20017.02;0
20000,0.58,20017.02;0
20000,0.58,20017.02;0
20000,0.58,20017.02;0
20000,0.58,20017.02;0
20000,0.58,20017.02;0
20000,0.58,20017.02;0
20000,0.58,20017.02;0
20000,0.58,20017.02;0
20000,0.58,20017.02;0
20000,0.58,20017.02;0
20000,0.58,20017.02;0
20000,0.58,20017.02;0
20000,0.58,20017.02;0
20000,0.58,20017.02;0
20000,0.58,20017.02;0
20000,0.58,20017.02;0
20000,0.58,20017.02;0
20000,0.58,20017.02;0
20000,0.58,20017.14;0
20000,0.58,20017.27;0
20000,0.58,20017.27;0
20000,0.58,20017.4;0
20000,0.58,20017.53;0
20000,0.58,20017.53;0
20000,0.58,20017.65;0
20000,0.58,20017.78;0
20000,0.58,20017.91;0
20000,0.58,20017.91;0
20000,0.58,20018.03;0
20000,0.58,20018.16;0
20000,0.58,20018.29;0
20000,0.58,20018.29;0
20000,0.58,20018.41;0
20000,0.58,20018.54;0
20000,0.58,20018.67;0
20000,0.58,20018.67;0
20000,0.58,20018.8;0
20000,0.58,20018.92;0
20000,0.58,20019.05;0
20000,0.58,20019.18;0
20000,0.58,20019.3;0
20000,0.58,20019.3;0
20000,0.58,20019.43;0
20000,0.58,20019.56;0
20000,0.58,20019.69;0
20000,0.58,20019.81;0
20000,0.58,20019.94;0
20000,0.58,20019.94;0
20000,0.58,20020.07;0
20000,0.58,20020.19;0
20000,0.58,20020.32;0
20000,0.58,20020.32;0
20000,0.58,20020.45;0
20000,0.58,20020.57;0
20000,0.58,20020.57;0
20000,0.58,20020.7;0
20000,0.58,20020.83;0
20000,0.58,20020.83;0
20000,0.58,20020.96;0
20000,0.58,20021.08;0
20000,0.58,20021.21;0
20000,0.58,20021.21;0
20000,0.58,20021.34;0
20000,0.58,20021.46;0
20000,0.58,20021.59;0
20000,0.58,20021.59;0
20000,0.58,20021.72;0
20000,0.58,20021.84;0
20000,0.58,20021.84;0
20000,0.58,20021.97;0
20000,0.58,20022.1;0
20000,0.58,20022.22;0
20000,0.58,20022.35;0
20000,0.58,20022.48;0
20000,0.58,20022.48;0
20000,0.58,20022.61;0
20000,0.58,20022.73;0
20000,0.58,20022.73;0
20000,0.58,20022.86;0
20000,0.58,20022.99;0
20000,0.58,20022.99;0
20000,0.58,20023.11;0
20000,0.58,20023.24;0
20000,0.58,20023.24;0
20000,0.58,20023.37;0
20000,0.58,20023.49;0
20000,0.58,20023.62;0
20000,0.58,20023.75;0
20000,0.58,20023.75;0
20000,0.58,20023.88;0
20000,0.58,20024;0
20000,0.58,20024;0
20000,0.58,20024.13;0
20000,0.58,20024.26;0
20000,0.58,20024.38;0
20000,0.58,20024.38;0
20000,0.58,20024.51;0
20000,0.58,20024.64;0
20000,0.58,20024.64;0
20000,0.58,20024.77;0
20000,0.58,20024.89;0
20000,0.58,20024.89;0
20000,0.58,20025.02;0
20000,0.58,20025.15;0
20000,0.58,20025.27;0
20000,0.58,20025.27;0
20000,0.58,20025.4;0
20000,0.58,20025.53;0
20000,0.58,20025.65;0
20000,0.58,20025.78;0
20000,0.58,20025.78;0
20000,0.58,20025.91;0
20000,0.58,20026.04;0
20000,0.58,20026.04;0
20000,0.58,20026.04;0
20000,0.58,20026.04;0
20000,0.58,20026.04;0
20000,0.58,20026.04;0
20000,0.58,20026.04;0
20000,0.58,20026.04;0
20000,0.58,20026.04;0
20000,0.58,20026.04;0
20000,0.58,20026.04;0
20000,0.58,20026.04;0
20000,0.58,20026.04;0
20000,0.58,20026.04;0
20000,0.58,20026.04;0
20000,0.58,20026.04;0
20000,0.58,20026.04;0
20000,0.58,20026.04;0
20000,0.58,20026.04;0
20000,0.58,20026.04;0
20000,0.58,20026.04;0
20000,0.58,20026.04;0
20000,0.58,20026.04;0
20000,0.58,20026.04;0
20000,0.58,20026.04;0
20000,0.58,20026.04;0
20000,0.58,20026.04;0
20000,0.58,20026.04;0
20000,0.58,20026.04;0
20000,0.58,20026.04;0
20000,0.58,20026.04;0
20000,0.58,20026.04;0
20000,0.58,20026.04;0
20000,0.58,20026.04;0
20000,0.58,20026.04;0
20000,0.58,20026.04;0
20000,0.58,20026.04;0
20000,0.58,20026.04;0
20000,0.58,20026.04;0
20000,0.58,20026.04;0
20000,0.58,20026.04;0
20000,0.58,20026.04;0
20000,0.58,20026.04;0
20000,0.58,20026.04;0
20000,0.58,20026.16;0
20000,0.58,20026.16;0
20000,0.58,20026.16;0
20000,0.58,20026.29;0
20000,0.58,20026.29;0
20000,0.58,20026.29;0
20000,0.58,20026.29;0
20000,0.58,20026.29;0
20000,0.58,20026.29;0
20000,0.58,20026.29;0
20000,0.58,20026.29;0
20000,0.58,20026.29;0
20000,0.58,20026.29;0
20000,0.58,20026.29;0
20000,0.58,20026.29;0
20000,0.58,20026.29;0
20000,0.58,20026.29;0
20000,0.58,20026.29;0
20000,0.58,20026.29;0
20000,0.58,20026.29;0
20000,0.58,20026.29;0
20000,0.58,20026.29;0
20000,0.58,20026.29;0
20000,0.58,20026.29;0
20000,0.58,20026.29;0
20000,0.58,20026.29;0
20000,0.58,20026.29;0
20000,0.58,20026.29;0
20000,0.58,20026.29;0
20000,0.58,20026.29;0
20000,0.58,20026.29;0
20000,0.58,20026.29;0
20000,0.58,20026.29;0
20000,0.58,20026.29;0
20000,0.58,20026.29;0
20000,0.58,20026.29;0
20000,0.58,20026.29;0
20000,0.58,20026.29;0
20000,0.58,20026.29;0
20000,0.58,20026.42;0
20000,0.58,20026.42;0
20000,0.58,20026.54;0
20000,0.58,20026.67;0
20000,0.58,20026.67;0
20000,0.58,20026.8;0
20000,0.58,20026.92;0
20000,0.58,20027.05;0
20000,0.58,20027.18;0
20000,0.58,20027.18;0
20000,0.58,20027.3;0
20000,0.58,20027.43;0
20000,0.58,20027.56;0
20000,0.58,20027.56;0
20000,0.58,20027.69;0
20000,0.58,20027.81;0
20000,0.58,20027.81;0
20000,0.58,20027.94;0
20000,0.58,20028.07;0
20000,0.58,20028.19;0
20000,0.58,20028.19;0
20000,0.58,20028.32;0
20000,0.58,20028.32;0
20000,0.58,20028.45;0
20000,0.58,20028.57;0
20000,0.58,20028.7;0
20000,0.58,20028.7;0
20000,0.58,20028.83;0
20000,0.58,20028.96;0
20000,0.58,20029.08;0
20000,0.58,20029.21;0
20000,0.58,20029.21;0
20000,0.58,20029.34;0
20000,0.58,20029.46;0
20000,0.58,20029.59;0
20000,0.58,20029.72;0
20000,0.58,20029.72;0
20000,0.58,20029.85;0
20000,0.58,20029.97;0
20000,0.58,20030.1;0
20000,0.58,20030.1;0
20000,0.58,20030.23;0
20000,0.58,20030.35;0
20000,0.58,20030.35;0
20000,0.58,20030.48;0
20000,0.58,20030.61;0
20000,0.58,20030.73;0
20000,0.58,20030.86;0
20000,0.58,20030.99;0
20000,0.58,20030.99;0
20000,0.58,20031.12;0
20000,0.58,20031.24;0
20000,0.58,20031.24;0
20000,0.58,20031.37;0
20000,0.58,20031.5;0
20000,0.58,20031.5;0
20000,0.58,20031.62;0
20000,0.58,20031.75;0
20000,0.58,20031.75;0
20000,0.58,20031.88;0
20000,0.58,20032;0
20000,0.58,20032.13;0
20000,0.58,20032.26;0
20000,0.58,20032.26;0
20000,0.58,20032.38;0
20000,0.58,20032.51;0
20000,0.58,20032.51;0
20000,0.58,20032.64;0
20000,0.58,20032.77;0
20000,0.58,20032.89;0
20000,0.58,20032.89;0
20000,0.58,20033.02;0
20000,0.58,20033.15;0
20000,0.58,20033.15;0
20000,0.58,20033.27;0
20000,0.58,20033.4;0
20000,0.58,20033.53;0
20000,0.58,20033.53;0
20000,0.58,20033.65;0
20000,0.58,20033.78;0
20000,0.58,20033.91;0
20000,0.58,20033.91;0
20000,0.58,20034.04;0
20000,0.58,20034.16;0
20000,0.58,20034.16;0
20000,0.58,20034.29;0
20000,0.58,20034.42;0
20000,0.58,20034.42;0
20000,0.58,20034.54;0
20000,0.58,20034.67;0
20000,0.58,20034.8;0
20000,0.58,20034.93;0
20000,0.58,20034.93;0
20000,0.58,20035.05;0
20000,0.58,20035.05;0
20000,0.58,20035.18;0
20000,0.58,20035.18;0
20000,0.58,20035.18;0
20000,0.58,20035.18;0
20000,0.58,20035.18;0
20000,0.58,20035.18;0
20000,0.58,20035.18;0
20000,0.58,20035.18;0
20000,0.58,20035.18;0
20000,0.58,20035.18;0
20000,0.58,20035.18;0
20000,0.58,20035.18;0
20000,0.58,20035.18;0
20000,0.58,20035.18;0
20000,0.58,20035.18;0
20000,0.58,20035.18;0
20000,0.58,20035.18;0
20000,0.58,20035.18;0
20000,0.58,20035.18;0
20000,0.58,20035.18;0
20000,0.58,20035.18;0
20000,0.58,20035.18;0
20000,0.58,20035.18;0
20000,0.58,20035.18;0
20000,0.58,20035.18;0
20000,0.58,20035.18;0
20000,0.58,20035.18;0
20000,0.58,20035.18;0
20000,0.58,20035.18;0
20000,0.58,20035.18;0
20000,0.58,20035.18;0
20000,0.58,20035.18;0
20000,0.58,20035.18;0
20000,0.58,20035.18;0
20000,0.58,20035.18;0
20000,0.58,20035.18;0
20000,0.58,20035.18;0
20000,0.58,20035.18;0
20000,0.58,20035.18;0
20000,0.58,20035.18;0
20000,0.58,20035.18;0
20000,0.58,20035.18;0
20000,0.58,20035.3;0
20000,0.58,20035.3;0
20000,0.58,20035.3;0
20000,0.58,20035.43;0
20000,0.58,20035.55;0
20000,0.58,20035.66;0
20000,0.58,20035.78;0
20000,0.58,20035.78;0
20000,0.58,20035.9;0
20000,0.58,20036.01;0
20000,0.58,20036.12;0
20000,0.58,20036.12;0
20000,0.58,20036.23;0
20000,0.58,20036.34;0
20000,0.58,20036.34;0
20000,0.58,20036.45;0
20000,0.58,20036.55;0
20000,0.58,20036.66;0
20000,0.58,20036.66;0
20000,0.58,20036.77;0
20000,0.58,20036.87;0
20000,0.58,20036.87;0
20000,0.58,20036.97;0
20000,0.58,20037.08;0
20000,0.58,20037.08;0
20000,0.58,20037.08;0
20000,0.58,20037.08;0
20000,0.58,20037.08;0
20000,0.58,20037.08;0
20000,0.58,20037.08;0
20000,0.58,20037.08;0
20000,0.58,20037.08;0
20000,0.58,20037.08;0
20000,0.58,20037.08;0
20000,0.58,20037.08;0
20000,0.58,20037.08;0
20000,0.58,20037.08;0
20000,0.58,20037.08;0
20000,0.58,20037.08;0
20000,0.58,20037.08;0
20000,0.58,20037.08;0
20000,0.58,20037.08;0
20000,0.58,20037.08;0
20000,0.58,20037.08;0
20000,0.58,20037.08;0
20000,0.58,20037.08;0
20000,0.58,20037.08;0
20000,0.58,20037.08;0
20000,0.58,20037.08;0
20000,0.58,20037.08;0
20000,0.58,20037.17;0
20000,0.58,20037.17;0
20000,0.58,20037.27;0
20000,0.58,20037.36;0
20000,0.58,20037.45;0
20000,0.58,20037.45;0
20000,0.58,20037.53;0
20000,0.58,20037.62;0
20000,0.58,20037.7;0
20000,0.58,20037.78;0
20000,0.58,20037.86;0
20000,0.58,20037.86;0
20000,0.58,20037.93;0
20000,0.58,20037.93;0
20000,0.58,20038.01;0
20000,0.58,20038.08;0
20000,0.58,20038.15;0
20000,0.58,20038.15;0
20000,0.58,20038.22;0
20000,0.58,20038.29;0
20000,0.58,20038.29;0
20000,0.58,20038.36;0
20000,0.58,20038.36;0
20000,0.58,20038.43;0
20000,0.58,20038.5;0
20000,0.58,20038.5;0
20000,0.58,20038.56;0
20000,0.58,20038.63;0
20000,0.58,20038.63;0
20000,0.58,20038.7;0
20000,0.58,20038.77;0
20000,0.58,20038.84;0
20000,0.58,20038.84;0
20000,0.58,20038.9;0
20000,0.58,20038.97;0
20000,0.58,20039.04;0
20000,0.58,20039.11;0
20000,0.58,20039.18;0
20000,0.58,20039.18;0
20000,0.58,20039.25;0
20000,0.58,20039.32;0
20000,0.58,20039.38;0
20000,0.58,20039.45;0
20000,0.58,20039.45;0
20000,0.58,20039.52;0
20000,0.58,20039.59;0
20000,0.58,20039.66;0
20000,0.58,20039.66;0
20000,0.58,20039.72;0
20000,0.58,20039.79;0
20000,0.58,20039.79;0
20000,0.58,20039.86;0
20000,0.58,20039.86;0
20000,0.58,20039.93;0
20000,0.58,20040;0
20000,0.58,20040;0
20000,0.58,20040.07;0
20000,0.58,20040.14;0
20000,0.58,20040.21;0
20000,0.58,20040.28;0
20000,0.58,20040.35;0
20000,0.58,20040.35;0
20000,0.58,20040.43;0
20000,0.58,20040.5;0
20000,0.58,20040.5;0
20000,0.58,20040.57;0
20000,0.58,20040.65;0
20000,0.58,20040.72;0
20000,0.58,20040.72;0
20000,0.58,20040.8;0
20000,0.58,20040.88;0
20000,0.58,20040.88;0
20000,0.58,20040.96;0
20000,0.58,20041.04;0
20000,0.58,20041.12;0
20000,0.58,20041.12;0
20000,0.58,20041.2;0
20000,0.58,20041.2;0
20000,0.58,20041.28;0
20000,0.58,20041.36;0
20000,0.58,20041.44;0
20000,0.58,20041.52;0
20000,0.58,20041.6;0
20000,0.58,20041.6;0
20000,0.58,20041.68;0
20000,0.58,20041.76;0
20000,0.58,20041.76;0
20000,0.58,20041.84;0
20000,0.58,20041.92;0
20000,0.58,20041.92;0
20000,0.58,20042.01;0
20000,0.58,20042.09;0
20000,0.58,20042.17;0
20000,0.58,20042.17;0
20000,0.58,20042.25;0
20000,0.58,20042.33;0
20000,0.58,20042.41;0
20000,0.58,20042.48;0
20000,0.58,20042.48;0
20000,0.58,20042.56;0
20000,0.58,20042.63;0
20000,0.58,20042.7;0
20000,0.58,20042.75;0
20000,0.58,20042.75;0
20000,0.58,20042.8;0
20000,0.58,20042.82;0
20000,0.58,20042.82;0
20000,0.58,20042.82;0
20000,0.58,20042.82;0
20000,0.58,20042.82;0
20000,0.58,20042.82;0
20000,0.58,20042.82;0
20000,0.58,20042.82;0
20000,0.58,20042.82;0
20000,0.58,20042.82;0
20000,0.58,20042.82;0
20000,0.58,20042.82;0
20000,0.58,20042.82;0
20000,0.58,20042.82;0
20000,0.58,20042.82;0
20000,0.58,20042.82;0
20000,0.58,20042.82;0
20000,0.58,20042.82;0
20000,0.58,20042.82;0
20000,0.58,20042.82;0
20000,0.58,20042.82;0
20000,0.58,20042.82;0
20000,0.58,20042.82;0
20000,0.58,20042.84;0
20000,0.58,20042.85;0
20000,0.58,20042.85;0
20000,0.58,20042.85;0
20000,0.58,20042.86;0
20000,0.58,20042.87;0
20000,0.58,20042.87;0
20000,0.58,20042.87;0
20000,0.58,20042.87;0
20000,0.58,20042.87;0
20000,0.58,20042.87;0
20000,0.58,20042.87;0
20000,0.58,20042.87;0
20000,0.58,20042.87;0
20000,0.58,20042.87;0
20000,0.58,20042.87;0
20000,0.58,20042.87;0
20000,0.58,20042.87;0
20000,0.58,20042.87;0
20000,0.58,20042.88;0
20000,0.58,20042.88;0
20000,0.58,20042.88;0
20000,0.58,20042.88;0
20000,0.58,20042.88;0
20000,0.58,20042.88;0
20000,0.58,20042.88;0
20000,0.58,20042.88;0
20000,0.58,20042.88;0
20000,0.58,20042.88;0
20000,0.58,20042.88;0
20000,0.58,20042.88;0
20000,0.58,20042.88;0
20000,0.58,20042.88;0
20000,0.58,20042.88;0
20000,0.58,20042.89;0
20000,0.58,20042.89;0
20000,0.58,20042.89;0
20000,0.58,20042.89;0
20000,0.58,20042.89;0
20000,0.58,20042.89;0
20000,0.58,20042.89;0
20000,0.58,20042.89;0
20000,0.58,20042.89;0
20000,0.58,20042.89;0
20000,0.58,20042.89;0
20000,0.58,20042.89;0
20000,0.58,20042.89;0
20000,0.58,20042.89;0
20000,0.58,20042.89;0
20000,0.58,20042.89;0
20000,0.58,20042.89;0
20000,0.58,20042.89;0
20000,0.58,20042.89;0
20000,0.58,20042.93;0
20000,0.58,20042.93;0
20000,0.58,20042.93;0
20000,0.58,20042.93;0
20000,0.58,20042.93;0
20000,0.58,20042.99;0
20000,0.58,20042.99;0
20000,0.58,20042.99;0
20000,0.58,20043.07;0
20000,0.58,20043.18;0
20000,0.58,20043.18;0
20000,0.58,20043.3;0
20000,0.58,20043.43;0
20000,0.58,20043.43;0
20000,0.58,20043.56;0
20000,0.58,20043.68;0
20000,0.58,20043.81;0
20000,0.58,20043.94;0
20000,0.58,20044.06;0
20000,0.58,20044.06;0
20000,0.58,20044.19;0
20000,0.58,20044.19;0
20000,0.58,20044.19;0
20000,0.58,20044.19;0
20000,0.58,20044.19;0
20000,0.58,20044.19;0
20000,0.58,20044.19;0
20000,0.58,20044.19;0
20000,0.58,20044.19;0
20000,0.58,20044.19;0
20000,0.58,20044.19;0
20000,0.58,20044.19;0
20000,0.58,20044.19;0
20000,0.58,20044.19;0
20000,0.58,20044.19;0
20000,0.58,20044.19;0
20000,0.58,20044.19;0
20000,0.58,20044.19;0
20000,0.58,20044.19;0
20000,0.58,20044.19;0
20000,0.58,20044.19;0
20000,0.58,20044.19;0
20000,0.58,20044.19;0
20000,0.58,20044.19;0
20000,0.58,20044.19;0
20000,0.58,20044.19;0
20000,0.58,20044.19;0
20000,0.58,20044.19;0
20000,0.58,20044.19;0
20000,0.58,20044.19;0
20000,0.58,20044.19;0
20000,0.58,20044.19;0
20000,0.58,20044.19;0
20000,0.58,20044.19;0
20000,0.58,20044.19;0
20000,0.58,20044.19;0
20000,0.58,20044.19;0
20000,0.58,20044.19;0
20000,0.58,20044.19;0
20000,0.58,20044.19;0
20000,0.58,20044.19;0
20000,0.58,20044.19;0
20000,0.58,20044.19;0
20000,0.58,20044.19;0
20000,0.58,20044.19;0
20000,0.58,20044.19;0
20000,0.58,20044.19;0
20000,0.58,20044.19;0
20000,0.58,20044.19;0
20000,0.58,20044.19;0
20000,0.58,20044.19;0
20000,0.58,20044.29;0
20000,0.58,20044.36;0
20000,0.58,20044.41;0
20000,0.58,20044.41;0
20000,0.58,20044.43;0
20000,0.58,20044.43;0
20000,0.58,20044.43;0
20000,0.58,20044.44;0
20000,0.58,20044.44;0
20000,0.58,20044.45;0
20000,0.58,20044.46;0
20000,0.58,20044.47;0
20000,0.58,20044.47;0
20000,0.58,20044.47;0
20000,0.58,20044.47;0
20000,0.58,20044.47;0
20000,0.58,20044.47;0
20000,0.58,20044.46;0
20000,0.58,20044.46;0
20000,0.58,20044.46;0
20000,0.58,20044.45;0
20000,0.58,20044.44;0
20000,0.58,20044.44;0
20000,0.58,20044.44;0
20000,0.58,20044.44;0
20000,0.58,20044.42;0
20000,0.58,20044.42;0
20000,0.58,20044.42;0
20000,0.58,20044.42;0
20000,0.58,20044.42;0
20000,0.58,20044.42;0
20000,0.58,20044.42;0
20000,0.58,20044.42;0
20000,0.58,20044.42;0
20000,0.58,20044.42;0
20000,0.58,20044.42;0
20000,0.58,20044.42;0
20000,0.58,20044.4;0
20000,0.58,20044.4;0
20000,0.58,20044.4;0
20000,0.58,20044.4;0
20000,0.58,20044.4;0
20000,0.58,20044.4;0
20000,0.58,20044.4;0
20000,0.58,20044.4;0
20000,0.58,20044.4;0
20000,0.58,20044.4;0
20000,0.58,20044.4;0
20000,0.58,20044.4;0
20000,0.58,20044.4;0
20000,0.58,20044.4;0
20000,0.58,20044.4;0
20000,0.58,20044.4;0
20000,0.58,20044.4;0
20000,0.58,20044.4;0
20000,0.58,20044.4;0
20000,0.58,20044.4;0
20000,0.58,20044.4;0
20000,0.58,20044.4;0
20000,0.58,20044.4;0
20000,0.58,20044.4;0
20000,0.58,20044.4;0
20000,0.58,20044.4;0
20000,0.58,20044.4;0
20000,0.58,20044.4;0
20000,0.58,20044.4;0
20000,0.58,20044.4;0
20000,0.58,20044.4;0
20000,0.58,20044.4;0
20000,0.58,20044.4;0
20000,0.58,20044.4;0
20000,0.58,20044.4;0
20000,0.58,20044.4;0
20000,0.58,20044.4;0
20000,0.58,20044.4;0
20000,0.58,20044.4;0
20000,0.58,20044.4;0
20000,0.58,20044.4;0
20000,0.58,20044.4;0
20000,0.58,20044.4;0
20000,0.58,20044.4;0
20000,0.58,20044.4;0
20000,0.58,20044.4;0
20000,0.58,20044.4;0
20000,0.58,20044.4;0
20000,0.58,20044.4;0
20000,0.58,20044.4;0
20000,0.58,20044.4;0
20000,0.58,20044.39;0
20000,0.58,20044.39;0
20000,0.58,20044.39;0
20000,0.58,20044.38;0
20000,0.58,20044.37;0
20000,0.58,20044.37;0
20000,0.58,20044.36;0
20000,0.58,20044.36;0
20000,0.58,20044.36;0
20000,0.58,20044.36;0
20000,0.58,20044.36;0
20000,0.58,20044.36;0
20000,0.58,20044.36;0
20000,0.58,20044.36;0
20000,0.58,20044.35;0
20000,0.58,20044.35;0
20000,0.58,20044.35;0
20000,0.58,20044.34;0
20000,0.58,20044.33;0
20000,0.58,20044.32;0
20000,0.58,20044.31;0
20000,0.58,20044.31;0
20000,0.58,20044.31;0
20000,0.58,20044.31;0
20000,0.58,20044.32;0
20000,0.58,20044.32;0
20000,0.58,20044.32;0
20000,0.58,20044.32;0
20000,0.58,20044.33;0
20000,0.58,20044.33;0
20000,0.58,20044.33;0
20000,0.58,20044.33;0
20000,0.58,20044.33;0
20000,0.58,20044.33;0
20000,0.58,20044.33;0
20000,0.58,20044.33;0
20000,0.58,20044.33;0
20000,0.58,20044.33;0
20000,0.58,20044.33;0
20000,0.58,20044.33;0
20000,0.58,20044.33;0
20000,0.58,20044.33;0
20000,0.58,20044.33;0
20000,0.58,20044.33;0
20000,0.58,20044.32;0
20000,0.58,20044.32;0
20000,0.58,20044.32;0
20000,0.58,20044.32;0
20000,0.58,20044.32;0
20000,0.58,20044.32;0
20000,0.58,20044.32;0
20000,0.58,20044.32;0
20000,0.58,20044.32;0
20000,0.58,20044.32;0
20000,0.58,20044.32;0
20000,0.58,20044.32;0
20000,0.58,20044.32;0
20000,0.58,20044.32;0
20000,0.58,20044.32;0
20000,0.58,20044.32;0
20000,0.58,20044.32;0
20000,0.58,20044.32;0
20000,0.58,20044.32;0
20000,0.58,20044.32;0
20000,0.58,20044.32;0
20000,0.58,20044.32;0
20000,0.58,20044.32;0
20000,0.58,20044.32;0
20000,0.58,20044.32;0
20000,0.58,20044.32;0
20000,0.58,20044.32;0
20000,0.58,20044.32;0
20000,0.58,20044.32;0
20000,0.58,20044.32;0
20000,0.58,20044.32;0
20000,0.58,20044.32;0
20000,0.58,20044.32;0
20000,0.58,20044.32;0
20000,0.58,20044.32;0
20000,0.58,20044.32;0
20000,0.58,20044.32;0
20000,0.58,20044.32;0
20000,0.58,20044.32;0
20000,0.58,20044.32;0
20000,0.58,20044.32;0
20000,0.58,20044.32;0
20000,0.58,20044.32;0
20000,0.58,20044.32;0
20000,0.58,20044.32;0
20000,0.58,20044.32;0
20000,0.58,20044.32;0
20000,0.58,20044.32;0
20000,0.58,20044.32;0
20000,0.58,20044.32;0
20000,0.58,20044.32;0
20000,0.58,20044.32;0
20000,0.58,20044.32;0
20000,0.58,20044.32;0
20000,0.58,20044.32;0
20000,0.58,20044.32;0
20000,0.58,20044.32;0
20000,0.58,20044.32;0
20000,0.58,20044.32;0
20000,0.58,20044.32;0
20000,0.58,20044.32;0
20000,0.58,20044.32;0
20000,0.58,20044.32;0
20000,0.58,20044.32;0
20000,0.58,20044.31;0
20000,0.58,20044.31;0
20000,0.58,20044.31;0
20000,0.58,20044.31;0
20000,0.58,20044.3;0
20000,0.58,20044.3;0
20000,0.58,20044.29;0
20000,0.58,20044.29;0
20000,0.58,20044.29;0
20000,0.58,20044.27;0
20000,0.58,20044.26;0
20000,0.58,20044.26;0
20000,0.58,20044.25;0
20000,0.58,20044.25;0
20000,0.58,20044.25;0
20000,0.58,20044.25;0
20000,0.58,20044.25;0
20000,0.58,20044.25;0
20000,0.58,20044.25;0
20000,0.58,20044.25;0
20000,0.58,20044.25;0
20000,0.58,20044.25;0
20000,0.58,20044.25;0
20000,0.58,20044.25;0
20000,0.58,20044.25;0
20000,0.58,20044.25;0
20000,0.58,20044.25;0
20000,0.58,20044.25;0
20000,0.58,20044.25;0
20000,0.58,20044.25;0
20000,0.58,20044.25;0
20000,0.58,20044.25;0
20000,0.58,20044.26;0
20000,0.58,20044.26;0
20000,0.58,20044.26;0
20000,0.58,20044.26;0
20000,0.58,20044.26;0
20000,0.58,20044.26;0
20000,0.58,20044.26;0
20000,0.58,20044.26;0
20000,0.58,20044.26;0
20000,0.58,20044.26;0
20000,0.58,20044.26;0
20000,0.58,20044.26;0
20000,0.58,20044.26;0
20000,0.58,20044.26;0
20000,0.58,20044.26;0
20000,0.58,20044.26;0
20000,0.58,20044.26;0
20000,0.58,20044.26;0
20000,0.58,20044.26;0
20000,0.58,20044.26;0
20000,0.58,20044.26;0
20000,0.58,20044.26;0
20000,0.58,20044.26;0
20000,0.58,20044.26;0
20000,0.58,20044.26;0
20000,0.58,20044.26;0
20000,0.58,20044.26;0
20000,0.58,20044.26;0
20000,0.58,20044.26;0
20000,0.58,20044.26;0
20000,0.58,20044.26;0
20000,0.58,20044.26;0
20000,0.58,20044.26;0
20000,0.58,20044.26;0
20000,0.58,20044.26;0
20000,0.58,20044.26;0
20000,0.58,20044.26;0
20000,0.58,20044.26;0
20000,0.58,20044.26;0
20000,0.58,20044.26;0
20000,0.58,20044.26;0
20000,0.58,20044.26;0
20000,0.58,20044.26;0
20000,0.58,20044.26;0
20000,0.58,20044.26;0
20000,0.58,20044.26;0
20000,0.58,20044.26;0
20000,0.58,20044.26;0
20000,0.58,20044.26;0
20000,0.58,20044.26;0
20000,0.58,20044.26;0
20000,0.58,20044.26;0
20000,0.58,20044.25;0
20000,0.58,20044.24;0
20000,0.58,20044.23;0
20000,0.58,20044.23;0
20000,0.58,20044.22;0
20000,0.58,20044.2;0
20000,0.58,20044.2;0
20000,0.58,20044.19;0
20000,0.58,20044.19;0
20000,0.58,20044.19;0
20000,0.58,20044.19;0
20000,0.58,20044.19;0
20000,0.58,20044.19;0
20000,0.58,20044.19;0
20000,0.58,20044.19;0
20000,0.58,20044.19;0
20000,0.58,20044.18;0
20000,0.58,20044.17;0
20000,0.58,20044.16;0
20000,0.58,20044.15;0
20000,0.58,20044.15;0
20000,0.58,20044.14;0
20000,0.58,20044.14;0
20000,0.58,20044.13;0
20000,0.58,20044.13;0
20000,0.58,20044.12;0
20000,0.58,20044.11;0
20000,0.58,20044.1;0
20000,0.58,20044.1;0
20000,0.58,20044.1;0
20000,0.58,20044.1;0
20000,0.58,20044.1;0
20000,0.58,20044.1;0
20000,0.58,20044.09;0
20000,0.58,20044.08;0
20000,0.58,20044.08;0
20000,0.58,20044.08;0
20000,0.58,20044.08;0
20000,0.58,20044.08;0
20000,0.58,20044.08;0
20000,0.58,20044.08;0
20000,0.58,20044.08;0
20000,0.58,20044.08;0
20000,0.58,20044.08;0
20000,0.58,20044.08;0
20000,0.58,20044.07;0
20000,0.58,20044.07;0
20000,0.58,20044.07;0
20000,0.58,20044.07;0
20000,0.58,20044.07;0
20000,0.58,20044.07;0
20000,0.58,20044.07;0
20000,0.58,20044.07;0
20000,0.58,20044.06;0
20000,0.58,20044.06;0
20000,0.58,20044.06;0
20000,0.58,20044.06;0
20000,0.58,20044.06;0
20000,0.58,20044.06;0
20000,0.58,20044.06;0
20000,0.58,20044.06;0
20000,0.58,20044.06;0
20000,0.58,20044.06;0
20000,0.58,20044.06;0
20000,0.58,20044.06;0
20000,0.58,20044.06;0
20000,0.58,20044.06;0
20000,0.58,20044.06;0
20000,0.58,20044.06;0
20000,0.58,20044.06;0
20000,0.58,20044.06;0
20000,0.58,20044.06;0
20000,0.58,20044.06;0
20000,0.58,20044.06;0
20000,0.58,20044.06;0
20000,0.58,20044.06;0
20000,0.58,20044.06;0
20000,0.58,20044.06;0
20000,0.58,20044.06;0
20000,0.58,20044.06;0
20000,0.58,20044.06;0
20000,0.58,20044.06;0
20000,0.58,20044.06;0
20000,0.58,20044.06;0
20000,0.58,20044.06;0
20000,0.58,20044.06;0
20000,0.58,20044.06;0
20000,0.58,20044.06;0
20000,0.58,20044.06;0
20000,0.58,20044.06;0
20000,0.58,20044.06;0
20000,0.58,20044.06;0
20000,0.58,20044.06;0
20000,0.58,20044.06;0
20000,0.58,20044.06;0
20000,0.58,20044.06;0
20000,0.58,20044.06;0
20000,0.58,20044.06;0
20000,0.58,20044.06;0
20000,0.58,20044.05;0
20000,0.58,20044.05;0
20000,0.58,20044.05;0
20000,0.58,20044.05;0
20000,0.58,20044.05;0
20000,0.58,20044.04;0
20000,0.58,20044.04;0
20000,0.58,20044.03;0
20000,0.58,20044;0
20000,0.58,20043.97;0
20000,0.58,20043.94;0
20000,0.58,20043.94;0
20000,0.58,20043.94;0
20000,0.58,20043.94;0
20000,0.58,20043.94;0
20000,0.58,20043.94;0
20000,0.58,20043.92;0
20000,0.58,20043.9;0
20000,0.58,20043.89;0
20000,0.58,20043.89;0
20000,0.58,20043.89;0
20000,0.58,20043.89;0
20000,0.58,20043.89;0
20000,0.58,20043.89;0
20000,0.58,20043.89;0
20000,0.58,20043.89;0
20000,0.58,20043.88;0
20000,0.58,20043.88;0
20000,0.58,20043.87;0
20000,0.58,20043.87;0
20000,0.58,20043.86;0
20000,0.58,20043.86;0
20000,0.58,20043.86;0
20000,0.58,20043.86;0
20000,0.58,20043.87;0
20000,0.58,20043.87;0
20000,0.58,20043.87;0
20000,0.58,20043.87;0
20000,0.58,20043.88;0
20000,0.58,20043.88;0
20000,0.58,20043.88;0
20000,0.58,20043.88;0
20000,0.58,20043.88;0
20000,0.58,20043.88;0
20000,0.58,20043.87;0
20000,0.58,20043.87;0
20000,0.58,20043.87;0
20000,0.58,20043.87;0
20000,0.58,20043.87;0
20000,0.58,20043.87;0
20000,0.58,20043.87;0
20000,0.58,20043.87;0
20000,0.58,20043.87;0
20000,0.58,20043.87;0
20000,0.58,20043.87;0
20000,0.58,20043.87;0
20000,0.58,20043.87;0
20000,0.58,20043.87;0
20000,0.58,20043.87;0
20000,0.58,20043.86;0
20000,0.58,20043.85;0
20000,0.58,20043.84;0
20000,0.58,20043.84;0
20000,0.58,20043.84;0
20000,0.58,20043.82;0
20000,0.58,20043.79;0
20000,0.58,20043.79;0
20000,0.58,20043.79;0
20000,0.58,20043.79;0
20000,0.58,20043.79;0
20000,0.58,20043.79;0
20000,0.58,20043.79;0
20000,0.58,20043.79;0
20000,0.58,20043.79;0
20000,0.58,20043.79;0
20000,0.58,20043.79;0
20000,0.58,20043.79;0
20000,0.58,20043.79;0
20000,0.58,20043.79;0
20000,0.58,20043.79;0
20000,0.58,20043.79;0
20000,0.58,20043.79;0
20000,0.58,20043.79;0
20000,0.58,20043.79;0
20000,0.58,20043.79;0
20000,0.58,20043.79;0
20000,0.58,20043.79;0
20000,0.58,20043.79;0
20000,0.58,20043.79;0
20000,0.58,20043.79;0
20000,0.58,20043.79;0
20000,0.58,20043.79;0
20000,0.58,20043.79;0
20000,0.58,20043.79;0
20000,0.58,20043.79;0
20000,0.58,20043.79;0
20000,0.58,20043.79;0
20000,0.58,20043.79;0
20000,0.58,20043.79;0
20000,0.58,20043.79;0
20000,0.58,20043.79;0
20000,0.58,20043.79;0
20000,0.58,20043.79;0
20000,0.58,20043.79;0
20000,0.58,20043.79;0
20000,0.58,20043.79;0
20000,0.58,20043.79;0
20000,0.58,20043.79;0
20000,0.58,20043.79;0
20000,0.58,20043.79;0
20000,0.58,20043.77;0
20000,0.58,20043.77;0
20000,0.58,20043.77;0
20000,0.58,20043.77;0
20000,0.58,20043.77;0
20000,0.58,20043.77;0
20000,0.58,20043.74;0
20000,0.58,20043.73;0
20000,0.58,20043.73;0
20000,0.58,20043.73;0
20000,0.58,20043.74;0
20000,0.58,20043.75;0
20000,0.58,20043.77;0
20000,0.58,20043.77;0
20000,0.58,20043.79;0
20000,0.58,20043.79;0
20000,0.58,20043.79;0
20000,0.58,20043.79;0
20000,0.58,20043.79;0
20000,0.58,20043.79;0
20000,0.58,20043.79;0
20000,0.58,20043.79;0
20000,0.58,20043.78;0
20000,0.58,20043.78;0
20000,0.58,20043.77;0
20000,0.58,20043.77;0
20000,0.58,20043.77;0
20000,0.58,20043.76;0
20000,0.58,20043.75;0
20000,0.58,20043.75;0
20000,0.58,20043.75;0
20000,0.58,20043.75;0
20000,0.58,20043.75;0
20000,0.58,20043.75;0
20000,0.58,20043.75;0
20000,0.58,20043.75;0
20000,0.58,20043.75;0
20000,0.58,20043.75;0
20000,0.58,20043.74;0
20000,0.58,20043.74;0
20000,0.58,20043.73;0
20000,0.58,20043.72;0
20000,0.58,20043.72;0
20000,0.58,20043.71;0
20000,0.58,20043.7;0
20000,0.58,20043.7;0
20000,0.58,20043.7;0
20000,0.58,20043.71;0
20000,0.58,20043.71;0
20000,0.58,20043.71;0
20000,0.58,20043.71;0
20000,0.58,20043.71;0
20000,0.58,20043.71;0
20000,0.58,20043.71;0
20000,0.58,20043.71;0
20000,0.58,20043.71;0
20000,0.58,20043.71;0
20000,0.58,20043.71;0
20000,0.58,20043.72;0
20000,0.58,20043.72;0
20000,0.58,20043.71;0
20000,0.58,20043.71;0
20000,0.58,20043.71;0
20000,0.58,20043.7;0
20000,0.58,20043.7;0
20000,0.58,20043.7;0
20000,0.58,20043.7;0
20000,0.58,20043.69;0
20000,0.58,20043.69;0
20000,0.58,20043.69;0
20000,0.58,20043.69;0
20000,0.58,20043.69;0
20000,0.58,20043.69;0
20000,0.58,20043.69;0
20000,0.58,20043.69;0
20000,0.58,20043.69;0
20000,0.58,20043.69;0
20000,0.58,20043.69;0
20000,0.58,20043.69;0
20000,0.58,20043.69;0
20000,0.58,20043.69;0
20000,0.58,20043.69;0
20000,0.58,20043.69;0
20000,0.58,20043.69;0
20000,0.58,20043.69;0
20000,0.58,20043.69;0
20000,0.58,20043.69;0
20000,0.58,20043.69;0
20000,0.58,20043.69;0
20000,0.58,20043.69;0
20000,0.58,20043.69;0
20000,0.58,20043.69;0
20000,0.58,20043.69;0
20000,0.58,20043.69;0
20000,0.58,20043.69;0
20000,0.58,20043.69;0
20000,0.58,20043.69;0
20000,0.58,20043.69;0
20000,0.58,20043.69;0
20000,0.58,20043.69;0
20000,0.58,20043.69;0
20000,0.58,20043.69;0
20000,0.58,20043.69;0
20000,0.58,20043.69;0
20000,0.58,20043.69;0
20000,0.58,20043.69;0
20000,0.58,20043.69;0
20000,0.58,20043.69;0
20000,0.58,20043.69;0
20000,0.58,20043.69;0
20000,0.58,20043.69;0
20000,0.58,20043.69;0
20000,0.58,20043.69;0
20000,0.58,20043.69;0
20000,0.58,20043.69;0
20000,0.58,20043.69;0
20000,0.58,20043.69;0
20000,0.58,20043.69;0
20000,0.58,20043.69;0
20000,0.58,20043.69;0
20000,0.58,20043.69;0
20000,0.58,20043.69;0
20000,0.58,20043.69;0
20000,0.58,20043.69;0
20000,0.58,20043.69;0
20000,0.58,20043.71;0
20000,0.58,20043.76;0
20000,0.58,20043.76;0
20000,0.58,20043.76;0
20000,0.58,20043.84;0
20000,0.58,20043.84;0
20000,0.58,20043.94;0
20000,0.58,20044.07;0
20000,0.58,20044.18;0
20000,0.58,20044.26;0
20000,0.58,20044.32;0
20000,0.58,20044.32;0
20000,0.58,20044.36;0
20000,0.58,20044.37;0
20000,0.58,20044.37;0
20000,0.58,20044.37;0
20000,0.58,20044.38;0
20000,0.58,20044.38;0
20000,0.58,20044.39;0
20000,0.58,20044.4;0
20000,0.58,20044.4;0
20000,0.58,20044.43;0
20000,0.58,20044.46;0
20000,0.58,20044.46;0
20000,0.58,20044.48;0
20000,0.58,20044.5;0
20000,0.58,20044.5;0
20000,0.58,20044.53;0
20000,0.58,20044.55;0
20000,0.58,20044.59;0
20000,0.58,20044.59;0
20000,0.58,20044.62;0
20000,0.58,20044.62;0
20000,0.58,20044.66;0
20000,0.58,20044.69;0
20000,0.58,20044.71;0
20000,0.58,20044.71;0
20000,0.58,20044.71;0
20000,0.58,20044.71;0
20000,0.58,20044.72;0
20000,0.58,20044.72;0
20000,0.58,20044.72;0
20000,0.58,20044.72;0
20000,0.58,20044.72;0
20000,0.58,20044.72;0
20000,0.58,20044.72;0
20000,0.58,20044.74;0
20000,0.58,20044.74;0
20000,0.58,20044.78;0
20000,0.58,20044.85;0
20000,0.58,20044.94;0
20000,0.58,20044.94;0
20000,0.58,20045.03;0
20000,0.58,20045.03;0
20000,0.58,20045.03;0
20000,0.58,20045.03;0
20000,0.58,20045.03;0
20000,0.58,20045.03;0
20000,0.58,20045.03;0
20000,0.58,20045.11;0
20000,0.58,20045.17;0
20000,0.58,20045.2;0
20000,0.58,20045.2;0
20000,0.58,20045.21;0
20000,0.58,20045.21;0
20000,0.58,20045.22;0
20000,0.58,20045.23;0
20000,0.58,20045.24;0
20000,0.58,20045.24;0
20000,0.58,20045.25;0
20000,0.58,20045.27;0
20000,0.58,20045.28;0
20000,0.58,20045.28;0
20000,0.58,20045.28;0
20000,0.58,20045.28;0
20000,0.58,20045.29;0
20000,0.58,20045.29;0
20000,0.58,20045.33;0
20000,0.58,20045.33;0
20000,0.58,20045.33;0
20000,0.58,20045.33;0
20000,0.58,20045.33;0
20000,0.58,20045.33;0
20000,0.58,20045.33;0
20000,0.58,20045.33;0
20000,0.58,20045.33;0
20000,0.58,20045.33;0
20000,0.58,20045.33;0
20000,0.58,20045.33;0
20000,0.58,20045.33;0
20000,0.58,20045.33;0
20000,0.58,20045.33;0
20000,0.58,20045.33;0
20000,0.58,20045.33;0
20000,0.58,20045.33;0
20000,0.58,20045.33;0
20000,0.58,20045.33;0
20000,0.58,20045.33;0
20000,0.58,20045.33;0
20000,0.58,20045.33;0
20000,0.58,20045.33;0
20000,0.58,20045.33;0
20000,0.58,20045.33;0
20000,0.58,20045.33;0
20000,0.58,20045.33;0
20000,0.58,20045.33;0
20000,0.58,20045.33;0
20000,0.58,20045.33;0
20000,0.58,20045.33;0
20000,0.58,20045.33;0
20000,0.58,20045.33;0
20000,0.58,20045.33;0
20000,0.58,20045.33;0
20000,0.58,20045.33;0
20000,0.58,20045.33;0
20000,0.58,20045.33;0
20000,0.58,20045.33;0
20000,0.58,20045.33;0
20000,0.58,20045.33;0
20000,0.58,20045.33;0
20000,0.58,20045.39;0
20000,0.58,20045.49;0
20000,0.58,20045.49;0
20000,0.58,20045.6;0
20000,0.58,20045.73;0
20000,0.58,20045.86;0
20000,0.58,20045.86;0
20000,0.58,20045.98;0
20000,0.58,20046.11;0
20000,0.58,20046.24;0
20000,0.58,20046.24;0
20000,0.58,20046.37;0
20000,0.58,20046.49;0
20000,0.58,20046.49;0
20000,0.58,20046.62;0
20000,0.58,20046.62;0
20000,0.58,20046.75;0
20000,0.58,20046.87;0
20000,0.58,20046.87;0
20000,0.58,20047;0
20000,0.58,20047.13;0
20000,0.58,20047.13;0
20000,0.58,20047.26;0
20000,0.58,20047.38;0
20000,0.58,20047.51;0
20000,0.58,20047.64;0
