20000,0.5,20000;0
20000,0.58,20000;359.9828
20000,0.58,20000;359.9599
20000,0.58,20000;359.9599
20000,0.58,20000;359.937
20000,0.58,20000;359.9141
20000,0.58,20000;359.8911
20000,0.58,20000;359.8797
20000,0.58,20000;359.8797
20000,0.58,20000;359.8682
20000,0.58,20000;359.8682
20000,0.58,20000;359.8682
20000,0.58,20000;359.8568
20000,0.58,20000;359.8568
20000,0.58,20000;359.8453
20000,0.58,20000;359.8453
20000,0.58,20000;359.8453
20000,0.58,20000;359.8339
20000,0.58,20000;359.8339
20000,0.58,20000;359.8339
20000,0.58,20000;359.8224
20000,0.58,20000;359.8109
20000,0.58,20000;359.8109
20000,0.58,20000;359.8109
20000,0.58,20000;359.7995
20000,0.58,20000;359.7995
20000,0.58,20000;359.7995
20000,0.58,20000;359.788
20000,0.58,20000;359.788
20000,0.58,20000;359.788
20000,0.58,20000;359.7766
20000,0.58,20000;359.7651
20000,0.58,20000;359.7651
20000,0.58,20000;359.7651
20000,0.58,20000;359.7536
20000,0.58,20000;359.7536
20000,0.58,20000;359.7536
20000,0.58,20000;359.7422
20000,0.58,20000;359.7422
20000,0.58,20000;359.7422
20000,0.58,20000;359.7307
20000,0.58,20000;359.7307
20000,0.58,20000;359.7078
20000,0.58,20000;359.7078
20000,0.58,20000;359.7078
20000,0.58,20000;359.6849
20000,0.58,20000;359.6677
20000,0.58,20000;359.6677
20000,0.58,20000;359.6505
20000,0.58,20000;359.6333
20000,0.58,20000;359.6333
20000,0.58,20000;359.6161
20000,0.58,20000;359.5875
20000,0.58,20000;359.5818
20000,0.58,20000;359.5818
20000,0.58,20000;359.576
20000,0.58,20000;359.5703
20000,0.58,20000;359.5703
20000,0.58,20000;359.5703
20000,0.58,20000;359.5646
20000,0.58,20000;359.5646
20000,0.58,20000;359.5646
20000,0.58,20000;359.5588
20000,0.58,20000;359.5531
20000,0.58,20000;359.5417
20000,0.58,20000;359.5417
20000,0.58,20000;359.5302
20000,0.58,20000;359.5073
20000,0.58,20000;359.5073
20000,0.58,20000;359.4844
20000,0.58,20000;359.4672
20000,0.58,20000;359.4672
20000,0.58,20000;359.4672
20000,0.58,20000;359.4672
20000,0.58,20000;359.4672
20000,0.58,20000;359.4672
20000,0.58,20000;359.4672
20000,0.58,19999.99;359.45
20000,0.58,19999.99;359.45
20000,0.58,19999.99;359.45
20000,0.58,20000;359.4328
20000,0.58,20000;359.4328
20000,0.58,20000;359.4328
20000,0.58,20000;359.4156
20000,0.58,20000;359.3984
20000,0.58,20000;359.3984
20000,0.58,20000;359.3984
20000,0.58,19999.99;359.3813
20000,0.58,19999.99;359.3755
20000,0.58,19999.99;359.3755
20000,0.58,19999.99;359.3698
20000,0.58,19999.99;359.3526
20000,0.58,19999.99;359.3526
20000,0.58,19999.99;359.3412
20000,0.58,19999.99;359.3412
20000,0.58,19999.99;359.3182
20000,0.58,19999.99;359.3182
20000,0.58,19999.99;359.3182
20000,0.58,19999.99;359.2953
20000,0.58,20000;359.2781
20000,0.58,20000;359.2781
20000,0.58,20000;359.2609
20000,0.58,20000;359.2437
20000,0.58,19999.99;359.2208
20000,0.58,19999.99;359.2208
20000,0.58,20000;359.1979
20000,0.58,20000;359.1807
20000,0.58,20000;359.1807
20000,0.58,20000;359.1635
20000,0.58,20000;359.1464
20000,0.58,20000;359.1464
20000,0.58,20000;359.1464
20000,0.58,20000;359.1234
20000,0.58,20000;359.1234
20000,0.58,20000;359.1005
20000,0.58,20000;359.1005
20000,0.58,20000;359.0776
20000,0.58,20000;359.0661
20000,0.58,20000;359.0432
20000,0.58,20000;359.0432
20000,0.58,20000;359.0432
20000,0.58,20000;359.026
20000,0.58,20000;359.026
20000,0.58,20000;359.0089
20000,0.58,20000;359.0089
20000,0.58,20000;358.9917
20000,0.58,20000;358.9688
20000,0.58,20000;358.9688
20000,0.58,20000;358.9458
20000,0.58,20000;358.9229
20000,0.58,20000;358.9229
20000,0.58,20000;358.9
20000,0.58,20000;358.8828
20000,0.58,20000;358.8656
20000,0.58,20000;358.8656
20000,0.58,20000;358.8656
20000,0.58,20000;358.8427
20000,0.58,20000;358.8427
20000,0.58,20000;358.8427
20000,0.58,19999.98;358.8198
20000,0.58,19999.98;358.8198
20000,0.58,19999.98;358.8198
20000,0.58,19999.95;358.7969
20000,0.58,19999.93;358.774
20000,0.58,19999.93;358.774
20000,0.58,19999.93;358.774
20000,0.58,19999.93;358.751
20000,0.58,19999.93;358.751
20000,0.58,19999.93;358.751
20000,0.58,19999.96;358.7281
20000,0.58,19999.96;358.7281
20000,0.58,19999.96;358.7281
20000,0.58,19999.96;358.7281
20000,0.58,20000.01;358.7052
20000,0.58,20000.08;358.6823
20000,0.58,20000.08;358.6823
20000,0.58,20000.08;358.6823
20000,0.58,20000.17;358.6594
20000,0.58,20000.17;358.6594
20000,0.58,20000.17;358.6594
19999.99,0.58,20000.27;358.6364
19999.99,0.58,20000.27;358.6364
19999.99,0.58,20000.27;358.6364
19999.99,0.58,20000.36;358.6135
19999.99,0.58,20000.36;358.6135
19999.99,0.58,20000.49;358.5906
19999.99,0.58,20000.49;358.5906
19999.99,0.58,20000.49;358.5906
19999.98,0.58,20000.61;358.5677
19999.98,0.58,20000.61;358.5677
19999.98,0.58,20000.61;358.5677
19999.98,0.58,20000.79;358.5448
19999.98,0.58,20000.79;358.5448
19999.98,0.58,20000.79;358.5448
19999.97,0.58,20001.03;358.5219
19999.97,0.58,20001.28;358.499
19999.97,0.58,20001.28;358.499
19999.97,0.58,20001.28;358.499
19999.96,0.58,20001.53;358.476
19999.96,0.58,20001.53;358.476
19999.96,0.58,20001.53;358.476
19999.96,0.58,20001.79;358.4531
19999.96,0.58,20001.79;358.4531
19999.96,0.58,20001.79;358.4531
19999.95,0.58,20002.04;358.4302
19999.95,0.58,20002.04;358.4302
19999.94,0.58,20002.29;358.4073
19999.94,0.58,20002.29;358.4073
19999.94,0.58,20002.29;358.4073
19999.93,0.58,20002.55;358.287
19999.93,0.58,20002.55;358.287
19999.93,0.58,20002.55;358.287
19999.92,0.58,20002.8;358.1609
19999.92,0.58,20002.8;358.1609
19999.92,0.58,20002.8;358.1609
19999.92,0.58,20003.06;358.0635
19999.91,0.58,20003.31;357.9317
19999.91,0.58,20003.31;357.9317
19999.91,0.58,20003.31;357.9317
19999.9,0.58,20003.56;357.863
19999.9,0.58,20003.56;357.863
19999.9,0.58,20003.56;357.863
19999.89,0.58,20003.81;357.7197
19999.89,0.58,20003.81;357.7197
19999.89,0.58,20003.81;357.7197
19999.88,0.58,20004.07;357.5707
19999.87,0.58,20004.3;357.4218
19999.86,0.58,20004.54;357.29
19999.86,0.58,20004.54;357.29
19999.84,0.58,20004.79;357.1869
19999.84,0.58,20004.79;357.1869
19999.84,0.58,20004.79;357.1869
19999.83,0.58,20005.05;357.078
19999.83,0.58,20005.05;357.078
19999.82,0.58,20005.3;356.9577
19999.82,0.58,20005.3;356.9577
19999.8,0.58,20005.55;356.8373
19999.79,0.58,20005.8;356.7285
19999.79,0.58,20005.8;356.7285
19999.77,0.58,20006.06;356.6196
19999.76,0.58,20006.31;356.4879
19999.76,0.58,20006.31;356.4879
19999.74,0.58,20006.56;356.356
19999.72,0.58,20006.82;356.2185
19999.71,0.58,20007.07;356.1039
19999.69,0.58,20007.32;355.9893
19999.67,0.58,20007.58;355.8633
19999.67,0.58,20007.58;355.8633
19999.65,0.58,20007.83;355.7372
19999.63,0.58,20008.08;355.6284
19999.63,0.58,20008.08;355.6284
19999.61,0.58,20008.33;355.5195
19999.59,0.58,20008.58;355.3935
19999.59,0.58,20008.58;355.3935
19999.57,0.58,20008.84;355.256
19999.57,0.58,20008.84;355.256
19999.55,0.58,20009.09;355.1184
19999.53,0.58,20009.34;355.0038
19999.53,0.58,20009.34;355.0038
19999.51,0.58,20009.6;354.8893
19999.48,0.58,20009.85;354.7517
19999.48,0.58,20009.85;354.7517
19999.46,0.58,20010.1;354.6142
19999.43,0.58,20010.35;354.4767
19999.41,0.58,20010.61;354.3621
19999.41,0.58,20010.61;354.3621
19999.41,0.58,20010.61;354.3621
19999.38,0.58,20010.86;354.2246
19999.38,0.58,20010.86;354.2246
19999.38,0.58,20010.86;354.2246
19999.36,0.58,20011.11;354.0814
19999.36,0.58,20011.11;354.0814
19999.36,0.58,20011.11;354.0814
19999.33,0.58,20011.37;353.9496
19999.3,0.58,20011.62;353.8178
19999.28,0.58,20011.87;353.7376
19999.28,0.58,20011.87;353.7376
19999.25,0.58,20012.12;353.6574
19999.22,0.58,20012.38;353.6115
19999.22,0.58,20012.38;353.6115
19999.19,0.58,20012.63;353.5657
19999.16,0.58,20012.88;353.4225
19999.16,0.58,20012.88;353.4225
19999.13,0.58,20013.13;353.2792
19999.1,0.58,20013.38;353.2334
19999.07,0.58,20013.64;353.1876
19999.04,0.58,20013.89;353.073
19999.04,0.58,20013.89;353.073
19999.01,0.58,20014.14;352.9584
19998.98,0.58,20014.39;352.8553
19998.98,0.58,20014.39;352.8553
19998.95,0.58,20014.64;352.7521
19998.91,0.58,20014.9;352.6031
19998.91,0.58,20014.9;352.6031
19998.88,0.58,20015.15;352.4542
19998.85,0.58,20015.4;352.3109
19998.81,0.58,20015.65;352.1906
19998.81,0.58,20015.65;352.1906
19998.81,0.58,20015.65;352.1906
19998.78,0.58,20015.9;352.0474
19998.78,0.58,20015.9;352.0474
19998.78,0.58,20015.9;352.0474
19998.74,0.58,20016.15;351.9041
19998.74,0.58,20016.15;351.9041
19998.74,0.58,20016.15;351.9041
19998.71,0.58,20016.41;351.7838
19998.67,0.58,20016.66;351.6635
19998.63,0.58,20016.91;351.5031
19998.63,0.58,20016.91;351.5031
19998.59,0.58,20017.16;351.3426
19998.55,0.58,20017.41;351.1707
19998.55,0.58,20017.41;351.1707
19998.51,0.58,20017.65;350.9988
19998.47,0.58,20017.9;350.8785
19998.47,0.58,20017.9;350.8785
19998.44,0.58,20018.15;350.7582
19998.39,0.58,20018.4;350.5978
19998.35,0.58,20018.65;350.4545
19998.35,0.58,20018.65;350.4545
19998.35,0.58,20018.65;350.4545
19998.31,0.58,20018.88;350.3457
19998.31,0.58,20018.88;350.3457
19998.31,0.58,20018.88;350.3457
19998.27,0.58,20019.13;350.2368
19998.27,0.58,20019.13;350.2368
19998.27,0.58,20019.13;350.2368
19998.22,0.58,20019.38;350.105
19998.18,0.58,20019.63;349.9732
19998.14,0.58,20019.88;349.8472
19998.14,0.58,20019.88;349.8472
19998.09,0.58,20020.13;349.7211
19998.04,0.58,20020.38;349.5721
19998.04,0.58,20020.38;349.5721
19998,0.58,20020.63;349.4232
19997.95,0.58,20020.88;349.2685
19997.95,0.58,20020.88;349.2685
19997.9,0.58,20021.13;349.1539
19997.86,0.58,20021.38;349.0393
19997.81,0.58,20021.63;348.9476
19997.81,0.58,20021.63;348.9476
19997.76,0.58,20021.88;348.8044
19997.76,0.58,20021.88;348.8044
19997.71,0.58,20022.13;348.6611
19997.66,0.58,20022.37;348.5408
19997.66,0.58,20022.37;348.5408
19997.61,0.58,20022.62;348.3976
19997.61,0.58,20022.62;348.3976
19997.55,0.58,20022.87;348.2429
19997.55,0.58,20022.87;348.2429
19997.55,0.58,20022.87;348.2429
19997.5,0.58,20023.12;348.134
19997.5,0.58,20023.12;348.134
19997.5,0.58,20023.12;348.134
19997.45,0.58,20023.37;348.0251
19997.4,0.58,20023.62;348.0022
19997.34,0.58,20023.87;347.8876
19997.34,0.58,20023.87;347.8876
19997.29,0.58,20024.11;347.773
19997.23,0.58,20024.36;347.6642
19997.23,0.58,20024.36;347.6642
19997.18,0.58,20024.61;347.5553
19997.13,0.58,20024.86;347.5324
19997.13,0.58,20024.86;347.5324
19997.13,0.58,20024.86;347.5324
19997.07,0.58,20025.11;347.5095
19997.02,0.58,20025.35;347.4865
19997.02,0.58,20025.35;347.4865
19997.02,0.58,20025.35;347.4865
19996.96,0.58,20025.6;347.4636
19996.96,0.58,20025.6;347.4636
19996.96,0.58,20025.6;347.4636
19996.9,0.58,20025.85;347.4407
19996.9,0.58,20025.85;347.4407
19996.9,0.58,20025.85;347.4407
19996.85,0.58,20026.1;347.4178
19996.79,0.58,20026.34;347.2746
19996.74,0.58,20026.59;347.1256
19996.74,0.58,20026.59;347.1256
19996.74,0.58,20026.59;347.1256
19996.68,0.58,20026.84;346.9766
19996.62,0.58,20027.09;346.8563
19996.62,0.58,20027.09;346.8563
19996.56,0.58,20027.33;346.736
19996.5,0.58,20027.58;346.5984
19996.5,0.58,20027.58;346.5984
19996.45,0.58,20027.83;346.4609
19996.38,0.58,20028.07;346.312
19996.32,0.58,20028.32;346.1802
19996.32,0.58,20028.32;346.1802
19996.26,0.58,20028.57;346.0484
19996.2,0.58,20028.81;346.0312
19996.2,0.58,20028.81;346.0312
19996.14,0.58,20029.06;346.014
19996.08,0.58,20029.31;345.9109
19996.08,0.58,20029.31;345.9109
19996.02,0.58,20029.55;345.8078
19995.96,0.58,20029.79;345.7333
19995.89,0.58,20030.04;345.6588
19995.89,0.58,20030.04;345.6588
19995.89,0.58,20030.04;345.6588
19995.83,0.58,20030.28;345.5843
19995.83,0.58,20030.28;345.5843
19995.83,0.58,20030.28;345.5843
19995.77,0.58,20030.52;345.5099
19995.77,0.58,20030.52;345.5099
19995.77,0.58,20030.52;345.5099
19995.71,0.58,20030.76;345.4354
19995.64,0.58,20031.01;345.3494
19995.58,0.58,20031.25;345.2004
19995.58,0.58,20031.25;345.2004
19995.52,0.58,20031.48;345.0515
19995.46,0.58,20031.71;344.9254
19995.46,0.58,20031.71;344.9254
19995.39,0.58,20031.95;344.7994
19995.32,0.58,20032.2;344.6619
19995.32,0.58,20032.2;344.6619
19995.32,0.58,20032.2;344.6619
19995.25,0.58,20032.44;344.5415
19995.19,0.58,20032.66;344.4212
19995.13,0.58,20032.88;344.3181
19995.13,0.58,20032.88;344.3181
19995.06,0.58,20033.13;344.2149
19994.99,0.58,20033.37;344.1061
19994.99,0.58,20033.37;344.1061
19994.93,0.58,20033.59;343.9972
19994.87,0.58,20033.81;343.8769
19994.87,0.58,20033.81;343.8769
19994.79,0.58,20034.06;343.768
19994.72,0.58,20034.3;343.6591
19994.65,0.58,20034.54;343.5331
19994.65,0.58,20034.54;343.5331
19994.58,0.58,20034.77;343.407
19994.52,0.58,20035;343.2695
19994.52,0.58,20035;343.2695
19994.44,0.58,20035.24;343.132
19994.37,0.58,20035.48;343.0232
19994.37,0.58,20035.48;343.0232
19994.29,0.58,20035.72;342.9143
19994.22,0.58,20035.97;342.7882
19994.15,0.58,20036.19;342.6622
19994.15,0.58,20036.19;342.6622
19994.07,0.58,20036.43;342.5361
19993.99,0.58,20036.67;342.4272
19993.99,0.58,20036.67;342.4272
19993.92,0.58,20036.92;342.3184
19993.84,0.58,20037.16;342.1924
19993.84,0.58,20037.16;342.1924
19993.76,0.58,20037.4;342.0548
19993.68,0.58,20037.64;341.9173
19993.6,0.58,20037.88;341.8027
19993.6,0.58,20037.88;341.8027
19993.52,0.58,20038.12;341.6881
19993.44,0.58,20038.36;341.5563
19993.44,0.58,20038.36;341.5563
19993.44,0.58,20038.36;341.5563
19993.36,0.58,20038.6;341.4246
19993.36,0.58,20038.6;341.4246
19993.28,0.58,20038.85;341.31
19993.28,0.58,20038.85;341.31
19993.21,0.58,20039.07;341.1954
19993.13,0.58,20039.29;341.0579
19993.13,0.58,20039.29;341.0579
19993.04,0.58,20039.54;340.9146
19993.04,0.58,20039.54;340.9146
19993.04,0.58,20039.54;340.9146
19992.96,0.58,20039.78;340.7828
19992.96,0.58,20039.78;340.7828
19992.88,0.58,20040.02;340.6625
19992.88,0.58,20040.02;340.6625
19992.79,0.58,20040.25;340.5422
19992.71,0.58,20040.49;340.4964
19992.71,0.58,20040.49;340.4964
19992.62,0.58,20040.73;340.4505
19992.62,0.58,20040.73;340.4505
19992.62,0.58,20040.73;340.4505
19992.54,0.58,20040.97;340.4047
19992.54,0.58,20040.97;340.4047
19992.45,0.58,20041.21;340.3589
19992.45,0.58,20041.21;340.3589
19992.37,0.58,20041.45;340.313
19992.37,0.58,20041.45;340.313
19992.37,0.58,20041.45;340.313
19992.28,0.58,20041.69;340.2672
19992.28,0.58,20041.69;340.2672
