20000,0.5,20000;0
20000,0.58,19999.92;0
20000,0.58,19999.84;0
20000,0.58,19999.76;0
20000,0.58,19999.76;0
20000,0.58,19999.69;0
20000,0.58,19999.69;0
20000,0.58,19999.69;0
20000,0.58,19999.64;0
20000,0.58,19999.62;0
20000,0.58,19999.6;0
20000,0.58,19999.6;0
20000,0.58,19999.54;0
20000,0.58,19999.48;0
20000,0.58,19999.4;0
20000,0.58,19999.32;0
20000,0.58,19999.32;0
20000,0.58,19999.24;0
20000,0.58,19999.16;0
20000,0.58,19999.09;0
20000,0.58,19999.09;0
20000,0.58,19999.01;0
20000,0.58,19998.93;0
20000,0.58,19998.93;0
20000,0.58,19998.85;0
20000,0.58,19998.78;0
20000,0.58,19998.78;0
20000,0.58,19998.72;0
20000,0.58,19998.66;0
20000,0.58,19998.59;0
20000,0.58,19998.59;0
20000,0.58,19998.59;0
20000,0.58,19998.53;0
20000,0.58,19998.47;0
20000,0.58,19998.47;0
20000,0.58,19998.39;0
20000,0.58,19998.31;0
20000,0.58,19998.31;0
20000,0.58,19998.28;0
20000,0.58,19998.28;0
20000,0.58,19998.28;0
20000,0.58,19998.28;0
20000,0.58,19998.28;0
20000,0.58,19998.28;0
20000,0.58,19998.28;0
20000,0.58,19998.28;0
20000,0.58,19998.28;0
20000,0.58,19998.28;0
20000,0.58,19998.28;0
20000,0.58,19998.28;0
20000,0.58,19998.28;0
20000,0.58,19998.28;0
20000,0.58,19998.28;0
20000,0.58,19998.28;0
20000,0.58,19998.28;0
20000,0.58,19998.28;0
20000,0.58,19998.28;0
20000,0.58,19998.28;0
20000,0.58,19998.28;0
20000,0.58,19998.28;0
20000,0.58,19998.28;0
20000,0.58,19998.28;0
20000,0.58,19998.28;0
20000,0.58,19998.28;0
20000,0.58,19998.28;0
20000,0.58,19998.28;0
20000,0.58,19998.28;0
20000,0.58,19998.28;0
20000,0.58,19998.28;0
20000,0.58,19998.28;0
20000,0.58,19998.28;0
20000,0.58,19998.28;0
20000,0.58,19998.28;0
20000,0.58,19998.28;0
20000,0.58,19998.28;0
20000,0.58,19998.28;0
20000,0.58,19998.28;0
20000,0.58,19998.28;0
20000,0.58,19998.28;0
20000,0.58,19998.28;0
20000,0.58,19998.28;0
20000,0.58,19998.28;0
20000,0.58,19998.28;0
20000,0.58,19998.28;0
20000,0.58,19998.28;0
20000,0.58,19998.28;0
20000,0.58,19998.28;0
20000,0.58,19998.28;0
20000,0.58,19998.28;-0.005729198
20000,0.58,19998.28;-0.005729198
20000,0.58,19998.28;-0.005729198
20000,0.58,19998.28;-0.005729198
20000,0.58,19998.28;-0.005729198
20000,0.58,19998.28;-0.005729198
20000,0.58,19998.28;-0.005729198
20000,0.58,19998.28;-0.005729198
20000,0.58,19998.28;359.9886
20000,0.58,19998.28;359.9828
20000,0.58,19998.28;359.9886
20000,0.58,19998.28;359.9886
20000,0.58,19998.28;-0.005729198
20000,0.58,19998.28;0.05156278
20000,0.58,19998.28;0.05156278
20000,0.58,19998.28;0.1088548
20000,0.58,19998.28;0.1489592
20000,0.58,19998.28;0.1489592
20000,0.58,19998.29;0.1604176
20000,0.58,19998.33;0.171876
20000,0.58,19998.36;0.1489592
20000,0.58,19998.36;0.1489592
20000,0.58,19998.4;0.1031256
20000,0.58,19998.4;0.1031256
20000,0.58,19998.4;0.1031256
20000,0.58,19998.44;0.05729198
20000,0.58,19998.47;0.01718759
20000,0.58,19998.47;0.01718759
20000,0.58,19998.49;-3.335053E-09
20000,0.58,19998.49;359.9828
20000,0.58,19998.49;359.9828
20000,0.58,19998.49;359.9828
20000,0.58,19998.48;359.9656
20000,0.58,19998.48;359.9656
20000,0.58,19998.48;359.9656
20000,0.58,19998.46;359.9542
20000,0.58,19998.46;359.9542
20000,0.58,19998.44;359.9427
20000,0.58,19998.41;359.9198
20000,0.58,19998.39;359.8911
20000,0.58,19998.39;359.8911
20000,0.58,19998.39;359.8911
20000,0.58,19998.36;359.8568
20000,0.58,19998.36;359.8568
20000,0.58,19998.33;359.8224
20000,0.58,19998.29;359.7766
20000,0.58,19998.29;359.7766
20000,0.58,19998.28;359.7135
20000,0.5799999,19998.28;359.6505
20000,0.58,19998.28;359.5875
20000,0.58,19998.28;359.5875
20000,0.5799999,19998.28;359.5245
20000,0.5799999,19998.28;359.4615
20000,0.5799998,19998.28;359.3984
20000,0.5799999,19998.28;359.3412
20000,0.5799999,19998.28;359.3412
20000,0.5799997,19998.28;359.2838
20000,0.5799997,19998.28;359.2437
20000,0.5799997,19998.28;359.2036
20000,0.5799997,19998.28;359.1578
20000,0.5799997,19998.28;359.1578
20000,0.5799996,19998.28;359.112
20000,0.5799996,19998.28;359.0604
20000,0.5799996,19998.28;359.0604
20000.01,0.5799996,19998.28;359.0089
20000.01,0.5799994,19998.28;358.9573
20000.01,0.5799994,19998.28;358.9573
20000.01,0.5799995,19998.28;358.8943
20000.01,0.5799995,19998.28;358.8943
20000.01,0.5799995,19998.28;358.837
20000.01,0.5799995,19998.28;358.837
20000.01,0.5799995,19998.28;358.837
20000.01,0.5799996,19998.28;358.7854
20000.01,0.5799996,19998.28;358.7854
20000.01,0.5799995,19998.28;358.7339
20000.01,0.5799994,19998.28;358.6594
20000.01,0.5799994,19998.28;358.6594
20000.01,0.5799994,19998.28;358.5792
20000.01,0.5799993,19998.28;358.499
20000.01,0.5799993,19998.28;358.4359
20000.01,0.5799993,19998.28;358.4359
20000.01,0.5799993,19998.28;358.4359
20000.01,0.5799993,19998.28;358.3786
20000.01,0.5799993,19998.28;358.3786
20000.01,0.5799993,19998.28;358.3214
20000.01,0.5799992,19998.28;358.3042
20000.01,0.5799992,19998.28;358.287
20000.01,0.5799992,19998.28;358.2813
20000.01,0.5799992,19998.29;358.2755
20000.01,0.5799992,19998.29;358.2755
20000.01,0.5799992,19998.29;358.2755
20000.01,0.5799992,19998.31;358.2755
20000.01,0.5799992,19998.31;358.2755
20000.01,0.5799992,19998.35;358.2755
20000.01,0.5799992,19998.39;358.2698
20000.01,0.5799992,19998.45;358.264
20000,0.5799992,19998.5;358.2698
20000,0.5799992,19998.5;358.2698
20000,0.5799992,19998.57;358.2755
20000,0.58,19998.63;358.2984
20000,0.58,19998.63;358.2984
20000,0.58,19998.74;358.35
20000,0.58,19998.74;358.35
20000,0.58,19998.74;358.35
19999.99,0.58,19998.86;358.4187
19999.99,0.58,19999.05;358.4875
19999.98,0.58,19999.24;358.5734
19999.98,0.58,19999.24;358.5734
19999.98,0.58,19999.49;358.6594
19999.97,0.58,19999.75;358.688
19999.97,0.58,19999.75;358.688
19999.97,0.58,20000;358.7167
19999.96,0.58,20000.26;358.7109
19999.96,0.58,20000.26;358.7109
19999.96,0.58,20000.51;358.7052
19999.95,0.58,20000.76;358.6365
19999.94,0.58,20001.02;358.5563
19999.94,0.58,20001.02;358.5563
19999.94,0.58,20001.02;358.5563
19999.94,0.58,20001.27;358.4875
19999.94,0.58,20001.27;358.4875
19999.93,0.58,20001.53;358.4188
19999.92,0.58,20001.78;358.3844
19999.92,0.58,20001.78;358.3844
19999.91,0.58,20002.03;358.35
19999.91,0.58,20002.29;358.3271
19999.9,0.58,20002.54;358.3099
19999.9,0.58,20002.54;358.3099
19999.9,0.58,20002.54;358.3099
19999.89,0.58,20002.79;358.2985
19999.89,0.58,20002.79;358.2985
19999.89,0.58,20002.79;358.2985
19999.88,0.58,20003.05;358.2755
19999.88,0.58,20003.05;358.2755
19999.88,0.58,20003.05;358.2755
19999.88,0.58,20003.3;358.2526
19999.87,0.58,20003.56;358.2469
19999.86,0.58,20003.81;358.224
19999.86,0.58,20003.81;358.224
19999.85,0.58,20004.06;358.201
19999.85,0.58,20004.32;358.1552
19999.85,0.58,20004.32;358.1552
19999.84,0.58,20004.57;358.1094
19999.83,0.58,20004.83;358.0578
19999.83,0.58,20004.83;358.0578
19999.82,0.58,20005.08;357.9948
19999.81,0.58,20005.33;357.9318
19999.8,0.58,20005.59;357.8974
19999.8,0.58,20005.59;357.8974
19999.79,0.58,20005.84;357.863
19999.78,0.58,20006.1;357.8057
19999.78,0.58,20006.1;357.8057
19999.77,0.58,20006.35;357.7771
19999.77,0.58,20006.35;357.7771
19999.76,0.58,20006.6;357.7484
19999.75,0.58,20006.86;357.737
19999.74,0.58,20007.11;357.7198
19999.74,0.58,20007.11;357.7198
19999.74,0.58,20007.11;357.7198
19999.73,0.58,20007.37;357.7026
19999.73,0.58,20007.37;357.7026
19999.72,0.58,20007.62;357.6854
19999.71,0.58,20007.87;357.6625
19999.71,0.58,20007.87;357.6625
19999.7,0.58,20008.13;357.6224
19999.69,0.58,20008.38;357.5823
19999.68,0.58,20008.63;357.5365
19999.68,0.58,20008.63;357.5365
19999.67,0.58,20008.89;357.5193
19999.67,0.58,20008.89;357.5193
19999.67,0.58,20008.89;357.5193
19999.66,0.58,20009.14;357.5021
19999.66,0.58,20009.14;357.5021
19999.64,0.58,20009.39;357.4906
19999.64,0.58,20009.39;357.4906
19999.63,0.58,20009.65;357.4677
19999.63,0.58,20009.65;357.4677
19999.62,0.58,20009.9;357.4448
19999.61,0.58,20010.16;357.4276
19999.61,0.58,20010.16;357.4276
19999.6,0.58,20010.41;357.4162
19999.59,0.58,20010.66;357.3932
19999.59,0.58,20010.66;357.3932
19999.58,0.58,20010.92;357.3703
19999.56,0.58,20011.17;357.3531
19999.56,0.58,20011.17;357.3531
19999.55,0.58,20011.42;357.3417
19999.55,0.58,20011.42;357.3417
19999.55,0.58,20011.42;357.3417
19999.54,0.58,20011.68;357.3188
19999.54,0.58,20011.68;357.3188
19999.53,0.58,20011.93;357.2901
19999.53,0.58,20011.93;357.2901
19999.52,0.58,20012.19;357.2615
19999.5,0.58,20012.44;357.2042
19999.5,0.58,20012.44;357.2042
19999.49,0.58,20012.69;357.1755
19999.49,0.58,20012.69;357.1755
19999.48,0.58,20012.95;357.1469
19999.47,0.58,20013.2;357.124
19999.45,0.58,20013.46;357.101
19999.44,0.58,20013.71;357.0724
19999.44,0.58,20013.71;357.0724
19999.43,0.58,20013.96;357.0323
19999.43,0.58,20013.96;357.0323
19999.43,0.58,20013.96;357.0323
19999.41,0.58,20014.21;357.0094
19999.41,0.58,20014.21;357.0094
19999.4,0.58,20014.47;356.9865
19999.39,0.58,20014.72;356.9865
19999.38,0.58,20014.98;356.9865
19999.38,0.58,20014.98;356.9865
19999.38,0.58,20014.98;356.9865
19999.36,0.58,20015.23;356.9865
19999.36,0.58,20015.23;356.9865
19999.36,0.58,20015.23;356.9865
19999.35,0.58,20015.48;356.9865
19999.35,0.58,20015.48;356.9865
19999.35,0.58,20015.48;356.9865
19999.33,0.58,20015.74;356.9865
19999.32,0.58,20015.99;356.9865
19999.32,0.58,20015.99;356.9865
19999.32,0.58,20015.99;356.9865
19999.31,0.58,20016.24;356.9865
19999.31,0.58,20016.24;356.9865
19999.31,0.58,20016.24;356.9865
19999.29,0.58,20016.5;356.9865
19999.28,0.58,20016.75;356.9865
19999.28,0.58,20016.75;356.9865
19999.27,0.58,20017.01;356.9865
19999.25,0.58,20017.26;356.9693
19999.24,0.58,20017.51;356.9292
19999.24,0.58,20017.51;356.9292
19999.23,0.58,20017.77;356.8891
19999.21,0.58,20018.02;356.8432
19999.21,0.58,20018.02;356.8432
19999.2,0.58,20018.21;356.7974
19999.19,0.58,20018.4;356.763
19999.19,0.58,20018.4;356.763
19999.18,0.58,20018.65;356.7401
19999.16,0.58,20018.91;356.7172
19999.15,0.58,20019.16;356.6885
19999.15,0.58,20019.16;356.6885
19999.13,0.58,20019.41;356.6427
19999.13,0.58,20019.41;356.6427
19999.13,0.58,20019.41;356.6427
19999.12,0.58,20019.67;356.6141
19999.12,0.58,20019.67;356.6141
19999.12,0.58,20019.67;356.6141
19999.1,0.58,20019.92;356.5969
19999.09,0.58,20020.17;356.5797
19999.07,0.58,20020.43;356.5396
19999.07,0.58,20020.43;356.5396
19999.06,0.58,20020.68;356.4995
19999.04,0.58,20020.94;356.4422
19999.04,0.58,20020.94;356.4422
19999.03,0.58,20021.19;356.3849
19999.01,0.58,20021.44;356.3104
19999.01,0.58,20021.44;356.3104
19998.99,0.58,20021.7;356.2359
19998.97,0.58,20021.95;356.1615
19998.96,0.58,20022.2;356.1099
19998.94,0.58,20022.46;356.0583
19998.92,0.58,20022.71;356.0068
19998.92,0.58,20022.71;356.0068
19998.9,0.58,20022.96;355.9552
19998.89,0.58,20023.21;355.9094
19998.89,0.58,20023.21;355.9094
19998.87,0.58,20023.47;355.875
19998.85,0.58,20023.72;355.8406
19998.83,0.58,20023.98;355.8177
19998.83,0.58,20023.98;355.8177
19998.81,0.58,20024.23;355.7948
19998.81,0.58,20024.23;355.7948
19998.79,0.58,20024.48;355.7719
19998.78,0.58,20024.74;355.7318
19998.76,0.58,20024.99;355.6745
19998.74,0.58,20025.24;355.6172
19998.72,0.58,20025.5;355.5484
19998.72,0.58,20025.5;355.5484
19998.7,0.58,20025.75;355.4797
19998.68,0.58,20026;355.4167
19998.68,0.58,20026;355.4167
19998.66,0.58,20026.25;355.3536
19998.63,0.58,20026.51;355.3021
19998.62,0.58,20026.76;355.2906
19998.62,0.58,20026.76;355.2906
19998.59,0.58,20027.01;355.2792
19998.59,0.58,20027.01;355.2792
19998.57,0.58,20027.27;355.2734
19998.55,0.58,20027.52;355.2677
19998.53,0.58,20027.77;355.262
19998.53,0.58,20027.77;355.262
19998.51,0.58,20028.03;355.2563
19998.49,0.58,20028.28;355.2563
19998.47,0.58,20028.53;355.2505
19998.47,0.58,20028.53;355.2505
19998.45,0.58,20028.79;355.2448
19998.43,0.58,20029.04;355.2162
19998.43,0.58,20029.04;355.2162
19998.4,0.58,20029.29;355.1875
19998.38,0.58,20029.54;355.1474
19998.38,0.58,20029.54;355.1474
19998.36,0.58,20029.8;355.1073
19998.34,0.58,20030.05;355.0672
19998.32,0.58,20030.3;355.0443
19998.32,0.58,20030.3;355.0443
19998.32,0.58,20030.3;355.0443
19998.29,0.58,20030.56;355.0385
19998.29,0.58,20030.56;355.0385
19998.27,0.58,20030.81;355.0328
19998.25,0.58,20031.06;355.0271
19998.25,0.58,20031.06;355.0271
19998.23,0.58,20031.32;355.0214
19998.21,0.58,20031.57;354.9984
19998.21,0.58,20031.57;354.9984
19998.21,0.58,20031.57;354.9984
19998.21,0.58,20031.57;354.9984
19998.21,0.58,20031.57;354.9984
