20000,0.58,19982;12.00003
20000,0.58,19982;11.88543
20000,0.58,19982;11.88543
20000,0.58,19982;11.88543
20000,0.58,19982;11.88543
20000,0.58,19982;11.88543
20000,0.58,19982;11.88543
20000,0.58,19982;11.88543
20000,0.58,19982;11.88543
20000,0.58,19982;11.88543
20000,0.58,19982;11.88543
20000,0.58,19982;11.88543
20000,0.58,19982;11.88543
20000,0.58,19982;11.88543
20000,0.58,19982;11.88543
20000,0.58,19982;11.88543
20000,0.58,19982;11.88543
20000,0.58,19982;11.88543
20000,0.58,19982;11.88543
20000,0.58,19982;11.77084
20000,0.58,19982;11.77084
20000,0.58,19982;11.77084
20000,0.58,19982;11.77084
20000,0.58,19982;11.77084
20000,0.58,19982;11.77084
20000,0.58,19982;11.77084
20000,0.58,19982;11.77084
20000,0.58,19982;11.77084
20000,0.58,19982;11.77084
20000,0.58,19982;11.77084
20000,0.58,19982;11.67534
20000,0.58,19982;11.67534
20000,0.58,19982;11.67534
20000,0.58,19982;11.67534
20000,0.58,19982;11.67534
20000,0.58,19982;11.67534
20000,0.58,19982;11.67534
20000,0.58,19982;11.67534
20000,0.58,19982;11.67534
20000,0.58,19982;11.67534
20000,0.58,19982;11.67534
20000,0.58,19982;11.58939
20000,0.58,19982;11.58939
20000,0.58,19982;11.58939
20000,0.58,19982;11.58939
20000,0.58,19982;11.58939
20000,0.58,19982;11.58939
20000,0.58,19982;11.58939
20000,0.58,19982;11.58939
20000,0.58,19982;11.58939
20000,0.58,19982;11.58939
20000,0.58,19982;11.58939
20000,0.58,19982;11.58939
20000,0.58,19982;11.58939
20000,0.58,19982;11.58939
20000,0.58,19982;11.58939
20000,0.58,19982;11.58939
20000,0.58,19982;11.58939
20000,0.58,19982;11.58939
20000,0.58,19982;11.58939
20000,0.58,19982;11.58939
20000,0.58,19982;11.58939
20000,0.58,19982;11.58939
20000,0.58,19982;11.58939
20000,0.58,19982;11.58939
20000,0.58,19982;11.58939
20000,0.58,19982;11.58939
20000,0.58,19982;11.58939
20000,0.58,19982;11.58939
20000,0.58,19982;11.58939
20000,0.58,19982;11.58939
20000,0.58,19982;11.58939
20000,0.58,19982;11.58939
20000,0.58,19982;11.58939
20000,0.58,19982;11.58939
20000,0.58,19982;11.58939
20000,0.58,19982;11.58939
20000,0.58,19982;11.58939
20000,0.58,19982;11.58939
20000,0.58,19982;11.58939
20000,0.58,19982;11.58939
20000,0.58,19982;11.54356
20000,0.58,19982;11.54356
20000,0.58,19982;11.54356
20000,0.58,19982;11.54356
20000,0.58,19982;11.54356
20000,0.58,19982;11.5321
20000,0.58,19982;11.5321
20000,0.58,19982;11.5321
20000,0.58,19982;11.5321
20000,0.58,19982;11.5321
20000,0.58,19982;11.5321
20000,0.58,19982;11.5321
20000,0.58,19982;11.5321
20000,0.58,19982;11.5321
20000,0.58,19982;11.5321
20000,0.58,19982;11.5321
20000,0.58,19982;11.5321
20000,0.58,19982;11.5321
20000,0.58,19982;11.5321
20000,0.58,19982;11.5321
20000,0.58,19982;11.5321
20000,0.58,19982;11.5321
20000,0.58,19982;11.5321
20000,0.58,19982;11.5321
20000,0.58,19982;11.5321
20000,0.58,19982;11.5321
20000,0.58,19982;11.5321
20000,0.58,19982;11.5321
20000,0.58,19982;11.5321
20000,0.58,19982;11.5321
20000,0.58,19982;11.5321
20000,0.58,19982;11.5321
20000,0.58,19982;11.5321
20000,0.58,19982;11.5321
20000,0.58,19982;11.5321
20000,0.58,19982;11.5321
20000,0.58,19982;11.5321
20000,0.58,19982;11.5321
20000,0.58,19982;11.5321
20000,0.58,19982;11.5321
20000,0.58,19982;11.5321
20000,0.58,19982;11.5321
20000,0.58,19982;11.5321
20000,0.58,19982;11.5321
20000,0.58,19982;11.5321
20000,0.58,19982;11.5321
20000,0.58,19982;11.5321
20000,0.58,19982;11.5321
20000,0.58,19982;11.5321
20000,0.58,19982;11.5321
20000,0.58,19982;11.5321
20000,0.58,19982;11.5321
20000,0.58,19982;11.5321
20000,0.58,19982;11.5321
20000,0.58,19982;11.5321
20000,0.58,19982;11.5321
20000,0.58,19982;11.5321
20000,0.58,19982;11.5321
20000,0.58,19982;11.5321
20000,0.58,19982;11.5321
20000,0.58,19982;11.5321
20000,0.58,19982;11.5321
20000,0.58,19982;11.5321
20000,0.58,19982;11.5321
20000,0.58,19982;11.5321
20000,0.58,19982;11.5321
20000,0.58,19982;11.5321
20000,0.58,19982;11.5321
20000,0.58,19982;11.5321
20000,0.58,19982;11.5321
20000,0.58,19982;11.5321
20000,0.58,19982;11.5321
20000,0.58,19982;11.5321
20000,0.58,19982;11.5321
20000,0.58,19982;11.5321
20000,0.58,19982;11.5321
20000,0.58,19982;11.5321
20000,0.58,19982;11.5321
20000,0.58,19982;11.5321
20000,0.58,19982;11.5321
20000,0.58,19982;11.5321
20000,0.58,19982;11.5321
20000,0.58,19982;11.5321
20000,0.58,19982;11.5321
20000,0.58,19982;11.5321
20000,0.58,19982;11.5321
20000,0.58,19982;11.5321
20000,0.58,19982;11.5321
20000,0.58,19982;11.5321
20000,0.58,19982;11.5321
20000,0.58,19982;11.5321
20000,0.58,19982;11.5321
20000,0.58,19982;11.5321
20000,0.58,19982;11.5321
20000,0.58,19982;11.5321
20000,0.58,19982;11.5321
20000,0.58,19982;11.5321
20000,0.58,19982;11.5321
20000,0.58,19982;11.5321
20000,0.58,19982;11.5321
20000,0.58,19982;11.5321
20000,0.58,19982;11.5321
20000,0.58,19982;11.5321
20000,0.58,19982;11.5321
20000,0.58,19982;11.5321
20000,0.58,19982;11.5321
20000,0.58,19982;11.5321
20000,0.58,19982;11.5321
20000,0.58,19982;11.5321
20000,0.58,19982;11.5321
20000,0.58,19982;11.5321
20000,0.58,19982;11.5321
20000,0.58,19982;11.5321
20000,0.58,19982;11.5321
20000,0.58,19982;11.5321
20000,0.58,19982;11.5321
20000,0.58,19982;11.5321
20000,0.58,19982;11.5321
20000,0.58,19982;11.5321
20000,0.58,19982;11.5321
20000,0.58,19982;11.5321
20000,0.58,19982;11.5321
20000,0.58,19982;11.5321
20000,0.58,19982;11.5321
20000,0.58,19982;11.5321
20000,0.58,19982;11.5321
20000,0.58,19982;11.5321
20000,0.58,19982;11.5321
20000,0.58,19982;11.5321
20000,0.58,19982;11.5321
20000,0.58,19982;11.5321
20000,0.58,19982;11.5321
20000,0.58,19982;11.5321
20000,0.58,19982;11.5321
20000,0.58,19982;11.5321
20000,0.58,19982;11.5321
20000,0.58,19982;11.5321
20000,0.58,19982;11.5321
20000,0.58,19982;11.5321
20000,0.58,19982;11.5321
20000,0.58,19982;11.5321
20000,0.58,19982;11.5321
20000,0.58,19982;11.5321
20000,0.58,19982;11.5321
20000,0.58,19982;11.5321
20000,0.58,19982;11.5321
20000,0.58,19982;11.5321
20000,0.58,19982;11.5321
20000,0.58,19982;11.5321
20000,0.58,19982;11.5321
20000,0.58,19982;11.5321
20000,0.58,19982;11.5321
20000,0.58,19982;11.5321
20000,0.58,19982;11.5321
20000,0.58,19982;11.5321
20000,0.58,19982;11.5321
20000,0.58,19982;11.5321
20000,0.58,19982;11.5321
20000,0.58,19982;11.5321
20000,0.58,19982;11.5321
20000,0.58,19982;11.5321
20000,0.58,19982;11.5321
20000,0.58,19982;11.5321
20000,0.58,19982;11.5321
20000,0.58,19982;11.5321
20000,0.58,19982;11.5321
20000,0.58,19982;11.5321
20000,0.58,19982;11.5321
20000,0.58,19982;11.5321
20000,0.58,19982;11.5321
20000,0.58,19982;11.5321
20000,0.58,19982;11.5321
20000,0.58,19982;11.5321
20000,0.58,19982;11.5321
20000,0.58,19982;11.5321
20000,0.58,19982;11.5321
20000,0.58,19982;11.5321
20000,0.58,19982;11.5321
20000,0.58,19982;11.5321
20000,0.58,19982;11.5321
20000,0.58,19982;11.5321
20000,0.58,19982;11.5321
20000,0.58,19982;11.5321
20000,0.58,19982;11.5321
20000,0.58,19982;11.5321
20000,0.58,19982;11.5321
20000,0.58,19982;11.5321
20000,0.58,19982;11.5321
20000,0.58,19982;11.5321
20000,0.58,19982;11.5321
20000,0.58,19982;11.5321
20000,0.58,19982;11.5321
20000,0.58,19982;11.5321
20000,0.58,19982;11.5321
20000,0.58,19982;11.5321
20000,0.58,19982;11.5321
20000,0.58,19982;11.5321
20000,0.58,19982;11.5321
20000,0.58,19982;11.5321
20000,0.58,19982;11.5321
20000,0.58,19982;11.5321
20000,0.58,19982;11.5321
20000,0.58,19982;11.5321
20000,0.58,19982;11.5321
20000,0.58,19982;11.5321
20000,0.58,19982;11.5321
20000,0.58,19982;11.5321
20000,0.58,19982;11.5321
20000,0.58,19982;11.5321
20000,0.58,19982;11.5321
20000,0.58,19982;11.5321
20000,0.58,19982;11.5321
20000,0.58,19982;11.5321
20000,0.58,19982;11.5321
20000,0.58,19982;11.5321
20000,0.58,19982;11.5321
20000,0.58,19982;11.5321
20000,0.58,19982;11.5321
20000,0.58,19982;11.5321
20000,0.58,19982;11.5321
20000,0.58,19982;11.5321
20000,0.58,19982;11.5321
20000,0.58,19982;11.5321
20000,0.58,19982;11.5321
20000,0.58,19982;11.5321
20000,0.58,19982;11.5321
20000,0.58,19982;11.5321
20000,0.58,19982;11.5321
20000,0.58,19982;11.5321
20000,0.58,19982;11.5321
20000,0.58,19982;11.5321
20000,0.58,19982;11.5321
20000,0.58,19982;11.5321
20000,0.58,19982;11.5321
20000,0.58,19982;11.5321
20000,0.58,19982;11.5321
20000,0.58,19982;11.5321
20000,0.58,19982;11.5321
20000,0.58,19982;11.5321
20000,0.58,19982;11.5321
20000,0.58,19982;11.5321
20000,0.58,19982;11.5321
20000,0.58,19982;11.5321
20000,0.58,19982;11.5321
20000,0.58,19982;11.5321
20000,0.58,19982;11.5321
20000,0.58,19982;11.5321
20000,0.58,19982;11.5321
20000,0.58,19982;11.5321
20000,0.58,19982;11.54356
20000,0.58,19982;11.54356
20000,0.58,19982;11.54356
20000,0.58,19982;11.54356
20000,0.58,19982;11.54356
20000,0.58,19982;11.54356
20000,0.58,19982;11.54356
20000,0.58,19982;11.54356
20000,0.58,19982;11.54356
20000,0.58,19982;11.54356
20000,0.58,19982;11.54356
20000,0.58,19982;11.54356
20000,0.58,19984;11.54356
20000,0.58,19986;11.54356
20000,0.58,19988;11.56648
20000,0.58,19990;11.56648
20000,0.58,19990;11.56648
20000,0.58,19990;11.60085
20000,0.58,19990;11.60085
20000,0.58,19990;11.60085
20000,0.58,19990;11.60085
20000,0.58,19990;11.60085
20000,0.58,19990;11.60085
20000,0.58,19990;11.60085
20000,0.58,19990;11.60085
20000,0.58,19990;11.60085
20000,0.58,19990;11.60085
20000,0.58,19990;11.60085
20000,0.58,19990;11.60085
20000,0.58,19990;11.60085
20000,0.58,19990;11.60085
20000,0.58,19990;11.60085
20000,0.58,19990;11.60085
20000,0.58,19990;11.60085
20000,0.58,19990;11.60085
20000,0.58,19990;11.60085
20000,0.58,19990;11.60085
20000,0.58,19990;11.60085
20000,0.58,19990;11.60085
20000,0.58,19990;11.60085
20000,0.58,19990;11.60085
20000,0.58,19990;11.60085
20000,0.58,19990;11.60085
20000,0.58,19990;11.60085
20000,0.58,19990;11.60085
20000,0.58,19990;11.60085
20000,0.58,19990;11.60085
20000,0.58,19990;11.60085
20000,0.58,19990;11.60085
20000,0.58,19990;11.60085
20000,0.58,19990;11.60085
20000,0.58,19990;11.60085
20000,0.58,19990;11.60085
20000,0.58,19990;11.60085
20000,0.58,19990;11.60085
20000,0.58,19990;11.60085
20000,0.58,19990;11.60085
20000,0.58,19990;11.60085
20000,0.58,19990;11.60085
20000,0.58,19990;11.60085
20000,0.58,19990;11.60085
20000,0.58,19990;11.60085
20000,0.58,19990;11.60085
20000,0.58,19990;11.60085
20000,0.58,19990;11.60085
20000,0.58,19990;11.60085
20000,0.58,19990;11.60085
20000,0.58,19990;11.60085
20002,0.58,19990;11.60085
20004,0.58,19990;11.60085
20006,0.58,19990;11.60085
20006,0.58,19990;11.60085
20006,0.58,19990;11.60085
20006,0.58,19990;11.60085
20006,0.58,19990;11.60085
20006,0.58,19990;11.60085
20006,0.58,19990;11.60085
20006,0.58,19990;11.60085
20006,0.58,19990;11.60085
20006,0.58,19990;11.60085
20006,0.58,19990;11.60085
20006,0.58,19990;11.60085
20006,0.58,19990;11.60085
20006,0.58,19990;11.60085
20006,0.58,19990;11.60085
20006,0.58,19990;11.60085
20006,0.58,19990;11.60085
20006,0.58,19990;11.60085
20006,0.58,19990;11.60085
20006,0.58,19990;11.60085
20006,0.58,19990;11.60085
20006,0.58,19990;11.60085
20006,0.58,19990;11.60085
20006,0.58,19990;11.60085
20008,0.58,19990;11.60085
20010,0.58,19990;11.60085
20012,0.58,19990;11.60085
20014,0.58,19990;11.60085
20014,0.58,19990;11.60085
20014,0.58,19990;11.60085
20014,0.58,19990;11.60085
20014,0.58,19990;11.60085
20014,0.58,19990;11.60085
20014,0.58,19990;11.60085
20014,0.58,19990;11.60085
20014,0.58,19990;11.60085
20014,0.58,19990;11.60085
20014,0.58,19990;11.60085
20014,0.58,19990;11.60085
20014,0.58,19990;11.60085
20014,0.58,19990;11.60085
20014,0.58,19990;11.60085
20014,0.58,19990;11.60085
20014,0.58,19990;11.60085
20014,0.58,19990;11.60085
20014,0.58,19990;11.60085
20014,0.58,19990;11.60085
20014,0.58,19990;11.60085
20014,0.58,19990;11.60085
20014,0.58,19990;11.60085
20014,0.58,19990;11.60085
20014,0.58,19990;11.60085
20014,0.58,19990;11.60085
20014,0.58,19990;11.60085
20014,0.58,19990;11.60085
20014,0.58,19990;11.60085
20014,0.58,19990;11.60085
20014,0.58,19990;11.60085
20014,0.58,19990;11.60085
20014,0.58,19990;11.60085
20014,0.58,19990;11.60085
20014,0.58,19990;11.60085
20014,0.58,19990;11.60085
20014,0.58,19990;11.60085
20014,0.58,19990;11.60085
20014,0.58,19990;11.60085
20014,0.58,19990;11.60085
20014,0.58,19990;11.60085
20014,0.58,19990;11.60085
20014,0.58,19990;11.60085
20014,0.58,19990;11.60085
20014,0.58,19990;11.60085
20014,0.58,19990;11.60085
20014,0.58,19990;11.60085
20012,0.58,19990;11.60085
20010,0.58,19990;11.60085
20008,0.58,19990;11.60085
20006,0.58,19990;11.60085
20004,0.58,19990;11.60085
20002,0.58,19990;11.60085
20002,0.58,19990;11.60085
20002,0.58,19990;11.60085
20002,0.58,19990;11.60085
20002,0.58,19990;11.60085
20002,0.58,19990;11.60085
20002,0.58,19990;11.60085
20002,0.58,19990;11.60085
20002,0.58,19990;11.60085
20002,0.58,19990;11.60085
20002,0.58,19990;11.60085
20002,0.58,19990;11.60085
20002,0.58,19990;11.60085
20002,0.58,19990;11.60085
20002,0.58,19990;11.60085
20002,0.58,19990;11.60085
20002,0.58,19990;11.60085
20002,0.58,19990;11.60085
20002,0.58,19990;11.60085
20002,0.58,19990;11.60085
20002,0.58,19990;11.60085
20002,0.58,19990;11.60085
20002,0.58,19990;11.60085
20002,0.58,19990;11.60085
20002,0.58,19990;11.60085
20002,0.58,19990;11.60085
20002,0.58,19990;11.60085
20002,0.58,19990;11.60085
20002,0.58,19990;11.60085
20002,0.58,19990;11.60085
20000,0.58,19990;11.60085
19998,0.58,19990;11.60085
19996,0.58,19990;11.60085
19994,0.58,19990;11.60085
19992,0.58,19990;11.60085
19990,0.58,19990;11.60085
19988,0.58,19990;11.60085
19988,0.58,19990;11.60085
19988,0.58,19990;11.60085
19988,0.58,19990;11.60085
19988,0.58,19990;11.60085
19988,0.58,19990;11.60085
19988,0.58,19990;11.60085
19988,0.58,19990;11.60085
19988,0.58,19990;11.60085
19988,0.58,19990;11.60085
19988,0.58,19990;11.60085
19988,0.58,19990;11.60085
19988,0.58,19990;11.60085
19988,0.58,19990;11.60085
