20000,0.58,19956;78.00021
20000,0.58,19956;77.99448
20000,0.58,19956;77.99448
20000,0.58,19956;77.99448
20000,0.58,19956;77.99448
20000,0.58,19956;77.99448
20000,0.58,19956;78.00021
20000,0.58,19956;78.00021
20000,0.58,19956;78.00021
20000,0.58,19956;78.00021
20000,0.58,19956;78.00021
20000,0.58,19956;78.00021
20000,0.58,19956;78.00021
20000,0.58,19956;78.00021
20000,0.58,19956;78.00021
20000,0.58,19956;78.00021
20000,0.58,19956;78.00021
20000,0.58,19956;78.00021
19999.99,0.58,19956;78.00594
19999.99,0.58,19956;78.00594
19999.99,0.58,19956;78.00594
19999.99,0.58,19956;78.00594
19999.99,0.58,19956;78.00594
19999.99,0.58,19956;78.00594
19999.99,0.58,19956;78.00594
19999.99,0.58,19956;78.00594
19999.99,0.58,19956;78.00594
19999.99,0.58,19956;78.00594
19999.99,0.58,19956;78.00594
19999.99,0.58,19956;78.00594
19999.99,0.58,19956;78.00594
19999.99,0.58,19956;78.00594
19999.99,0.58,19956;78.00594
19999.99,0.58,19956;78.00594
19999.99,0.58,19956;78.00594
19999.99,0.58,19956;78.00594
19999.99,0.58,19956;78.00594
19999.99,0.58,19956;78.00594
19999.99,0.58,19956;78.00594
19999.99,0.58,19956;78.00594
19999.99,0.58,19956;78.00594
19999.99,0.58,19956;78.01167
19999.99,0.58,19956;78.01167
19999.99,0.58,19956;78.01167
19999.99,0.58,19956;78.01167
19999.99,0.58,19956;78.01167
19999.99,0.58,19956;78.01167
19999.99,0.58,19956;78.01167
19999.99,0.58,19956;78.01167
19999.99,0.58,19956;78.01167
19999.99,0.58,19956;78.01167
19999.99,0.58,19956;78.01167
19999.99,0.58,19956;78.01167
19999.99,0.58,19956;78.01741
19999.99,0.58,19956;78.01741
19999.99,0.58,19956;78.01741
19999.99,0.58,19956;78.01741
19999.99,0.58,19956;78.01741
19999.99,0.58,19956;78.01741
19999.99,0.58,19956;78.01741
19999.99,0.58,19956;78.01741
19999.99,0.58,19956;78.01741
19999.99,0.58,19956;78.01741
19999.99,0.58,19956;78.01741
19999.99,0.58,19956;78.01741
19999.99,0.58,19956;78.01741
19999.99,0.58,19956;78.01741
19999.99,0.58,19956;78.01741
19999.99,0.58,19956;78.01741
19999.99,0.58,19956;78.01741
19999.99,0.58,19956;78.01741
19999.99,0.58,19956;78.01741
19999.99,0.58,19956;78.01741
19999.99,0.58,19956;78.01741
19999.99,0.58,19956;78.01741
19999.99,0.58,19956;78.01741
19999.99,0.58,19956;78.01741
19999.99,0.58,19956;78.01741
19999.99,0.58,19956;78.01741
19999.99,0.58,19956;78.01741
19999.99,0.58,19956;78.01741
19999.99,0.58,19956;78.01741
19999.99,0.58,19956;78.01741
19999.99,0.58,19956;78.01741
19999.99,0.58,19956;78.01741
19999.99,0.58,19956;78.01741
19999.99,0.58,19956;78.01741
19999.99,0.58,19956;78.01741
19999.99,0.58,19956;78.01741
19999.99,0.58,19956;78.01741
19999.99,0.58,19956;78.01741
19999.99,0.58,19956;78.01741
19999.99,0.58,19956;78.01741
19999.99,0.58,19956;78.01741
19999.99,0.58,19956;78.01741
19999.99,0.58,19956;78.01741
19999.99,0.58,19956;78.01741
19999.99,0.58,19956;78.01741
19999.98,0.58,19956;78.01741
19999.98,0.58,19956;78.01741
19999.98,0.58,19956;78.01741
19999.98,0.58,19956;78.01741
19999.98,0.58,19956;78.01741
19999.98,0.58,19956;78.01741
19999.98,0.58,19956;78.01741
19999.98,0.58,19956;78.01741
19999.98,0.58,19956;78.01741
19999.98,0.58,19956;78.01741
19999.98,0.58,19956;78.01741
19999.98,0.58,19956;78.01741
19999.98,0.58,19956;78.01741
19999.98,0.58,19956;78.01741
19999.98,0.58,19956;78.01741
19999.98,0.58,19956;78.01741
19999.98,0.58,19956;78.01741
19999.98,0.58,19956;78.01741
19999.98,0.58,19956;78.01741
19999.98,0.58,19956;78.01741
19999.98,0.58,19956;78.01741
19999.98,0.58,19956;78.01741
19999.98,0.58,19956;78.01741
19999.99,0.58,19956;78.01741
19999.99,0.58,19956;78.01741
19999.99,0.58,19956;78.01741
19999.99,0.58,19956;78.01741
19999.99,0.58,19956;78.01741
19999.99,0.58,19956;78.01741
19999.99,0.58,19956;78.01741
19999.99,0.58,19956;78.01741
19999.99,0.58,19956;78.01741
19999.99,0.58,19956;78.01741
19999.99,0.58,19956;78.01741
19999.99,0.58,19956;78.01741
19999.99,0.58,19956;78.01741
19999.99,0.58,19956;78.01741
19999.99,0.58,19956;78.01741
19999.99,0.58,19956;78.01741
19999.99,0.58,19956;78.01741
19999.99,0.58,19956;78.01741
19999.99,0.58,19956;78.01741
19999.99,0.58,19956;78.01741
19999.99,0.58,19956;78.01741
19999.99,0.58,19956;78.01741
19999.99,0.58,19956;78.01741
19999.99,0.58,19956;78.01741
19999.99,0.58,19956;78.01741
19999.99,0.58,19956;78.01741
19999.99,0.58,19956;78.01741
19999.99,0.58,19956;78.02314
19999.99,0.58,19956;78.02314
19999.99,0.58,19956;78.02314
19999.99,0.58,19956;78.02314
19999.99,0.58,19956;78.02314
19999.99,0.58,19956;78.02314
19999.99,0.58,19956;78.02314
19999.99,0.58,19956;78.02314
19999.99,0.58,19956;78.02314
19999.99,0.58,19956;78.02314
19999.99,0.58,19956;78.02314
19999.99,0.58,19956;78.02314
19999.99,0.58,19956;78.02314
19999.99,0.58,19956;78.02314
19999.99,0.58,19956;78.02314
19999.99,0.58,19956;78.02314
19999.99,0.58,19956;78.02314
19999.99,0.58,19956;78.02314
19999.99,0.58,19956;78.02314
19999.99,0.58,19956;78.02314
19999.99,0.58,19956;78.02314
19999.99,0.58,19956;78.02314
19999.99,0.58,19956;78.02314
19999.99,0.58,19956;78.02314
19999.99,0.58,19956;78.02314
19999.99,0.58,19956;78.02314
19999.99,0.58,19956;78.02314
19999.99,0.58,19956;78.02314
19999.99,0.58,19956;78.02314
19999.99,0.58,19956;78.02314
19999.99,0.58,19956;78.02314
19999.99,0.58,19956;78.02314
19999.99,0.58,19956;78.02314
19999.99,0.58,19956;78.02314
19999.99,0.58,19956;78.02314
19999.99,0.58,19956;78.02314
19999.99,0.58,19956;78.02314
19999.99,0.58,19956;78.02314
19999.99,0.58,19956;78.02314
19999.99,0.58,19956;78.02314
19999.99,0.58,19956;78.02314
19999.99,0.58,19956;78.02314
19999.99,0.58,19956;78.02314
19999.99,0.58,19956;78.02314
19999.99,0.58,19956;78.02314
19999.99,0.58,19956;78.02314
19999.99,0.58,19956;78.02314
19999.99,0.58,19956;78.02314
19999.99,0.58,19956;78.02314
19999.99,0.58,19956;78.02314
19999.99,0.58,19956;78.02314
19999.99,0.58,19956;78.02314
19999.99,0.58,19956;78.02314
19999.99,0.58,19956;78.02314
19999.99,0.58,19956;78.02314
19999.99,0.58,19956;78.02314
19999.99,0.58,19956;78.02314
19999.99,0.58,19956;78.02314
19999.99,0.58,19956;78.02314
19999.99,0.58,19956;78.02314
19999.99,0.58,19956;78.02314
19999.99,0.58,19956;78.02314
19999.99,0.58,19956;78.02314
19999.99,0.58,19956;78.02314
19999.99,0.58,19956;78.02314
19999.99,0.58,19956;78.02314
19999.99,0.58,19956;78.02314
19999.99,0.58,19956;78.02314
19999.99,0.58,19956;78.02314
19999.99,0.58,19956;78.02314
19999.99,0.58,19956;78.02314
19999.99,0.58,19956;78.02314
19999.99,0.58,19956;78.02314
19999.99,0.58,19956;78.02314
19999.99,0.58,19956;78.02314
19999.99,0.58,19956;78.02314
19999.99,0.58,19956;78.02314
19999.99,0.58,19956;78.02314
19999.99,0.58,19956;78.01741
19999.99,0.58,19956;78.01741
19999.99,0.58,19956;78.01741
19999.99,0.58,19956;78.01741
19999.99,0.58,19956;78.01741
19999.99,0.58,19956;78.01741
19999.99,0.58,19956;78.01741
19999.99,0.58,19956;78.01741
19999.99,0.58,19956;78.01741
19999.99,0.58,19956;78.01741
19999.99,0.58,19956;78.01741
19999.99,0.58,19956;78.01741
19999.99,0.58,19956;78.01741
19999.99,0.58,19956;78.01741
19999.99,0.58,19956;78.01741
19999.99,0.58,19956;78.01741
19999.99,0.58,19956;78.01741
19999.99,0.58,19956;78.01741
19999.99,0.58,19956;78.01741
19999.99,0.58,19956;78.01741
19999.99,0.58,19956;78.01741
19999.99,0.58,19956;78.01741
19999.99,0.58,19956;78.01741
19999.99,0.58,19956;78.01741
19999.99,0.58,19956;78.01741
19999.99,0.58,19956;78.01741
19999.99,0.58,19956;78.01741
19999.99,0.58,19956;78.01741
19999.99,0.58,19956;78.01167
19999.99,0.58,19956;78.01167
19999.99,0.58,19956;78.01167
19999.99,0.58,19956;78.01167
19999.99,0.58,19956;78.01167
19999.99,0.58,19956;78.01167
19999.99,0.58,19956;78.01167
19999.99,0.58,19956;78.01167
19999.99,0.58,19956;78.01167
19999.99,0.58,19956;78.01167
19999.99,0.58,19956;78.01167
19999.99,0.58,19956;78.01167
19999.99,0.58,19956;78.01167
19999.99,0.58,19956;78.01167
19999.99,0.58,19956;78.01167
19999.99,0.58,19956;78.01167
19999.99,0.58,19956;78.01167
19999.99,0.58,19956;78.01167
19999.99,0.58,19956;78.01167
19999.99,0.58,19956;78.01167
19999.99,0.58,19956;78.01167
19999.99,0.58,19956;78.01167
19999.99,0.58,19956;78.01167
19999.99,0.58,19956;78.01167
19999.99,0.58,19956;78.01167
19999.99,0.58,19956;78.00595
19999.99,0.58,19956;78.00595
19999.99,0.58,19956;78.00595
19999.99,0.58,19956;78.00595
19999.99,0.58,19956;78.00595
19999.99,0.58,19956;78.00595
19999.99,0.58,19956;78.00595
19999.99,0.58,19956;78.00595
19999.99,0.58,19956;78.00595
19999.99,0.58,19956;78.00595
19999.99,0.58,19956;78.00595
19999.99,0.58,19956;78.00595
19999.99,0.58,19956;78.00595
19999.99,0.58,19956;78.00595
19999.99,0.58,19956;78.00595
19999.99,0.58,19956;78.00595
19999.99,0.58,19956;78.00595
19999.99,0.58,19956;78.00595
19999.99,0.58,19956;78.00595
19999.99,0.58,19956;78.00595
19999.99,0.58,19956;78.00595
19999.99,0.58,19956;78.00595
19999.99,0.58,19956;78.00595
19999.99,0.58,19956;78.00595
19999.99,0.58,19956;78.00595
19999.99,0.58,19956;78.00595
19999.99,0.58,19956;78.00021
19999.99,0.58,19956;78.00021
19999.99,0.58,19956;78.00021
19999.99,0.58,19956;78.00021
19999.99,0.58,19956;78.00021
19999.99,0.58,19956;78.00021
19999.99,0.58,19956;78.00021
19999.99,0.58,19956;77.99448
19999.99,0.58,19956;77.99448
19999.99,0.58,19956;77.99448
19999.99,0.58,19956;77.99448
19999.99,0.58,19956;77.99448
19999.99,0.58,19956;77.99448
19999.99,0.58,19956;77.99448
19999.99,0.58,19956;77.98875
19999.99,0.58,19956;77.98303
19999.99,0.58,19956;77.98303
19999.99,0.58,19956;77.98303
19999.99,0.58,19956;77.98303
19999.99,0.58,19956;77.98303
20000,0.58,19956;77.97729
20000,0.58,19956;77.97729
20000,0.58,19956;77.97729
20000,0.58,19956;77.97729
20000,0.58,19956;77.97729
20000,0.58,19956;77.97729
20000,0.58,19956;77.97729
20000,0.58,19956;77.97729
20000,0.58,19956;77.97729
20000,0.58,19956;77.97729
20000,0.58,19956;77.97729
20000,0.58,19956;77.97729
20000,0.58,19956;77.97729
20000,0.58,19956;77.97729
20000,0.58,19956;77.97729
20000,0.58,19956;77.97729
20000,0.58,19956;77.97729
20000,0.58,19956;77.97729
20000,0.58,19956;77.97729
20000,0.58,19956;77.97729
20000,0.58,19956;77.97729
20000,0.58,19956;77.97729
20000,0.58,19956;77.97729
20000,0.58,19956;77.97157
20000,0.58,19956;77.97157
20000,0.58,19956;77.97157
20000,0.58,19956;77.97157
20000,0.58,19956;77.97157
20000,0.58,19956;77.97157
20000,0.58,19956;77.97157
20000,0.58,19956;77.97157
20000,0.58,19956;77.97157
20000,0.58,19956;77.97157
20000,0.58,19956;77.97157
20000,0.58,19956;77.97157
20000,0.58,19956;77.97157
20000,0.58,19956;77.97157
20000,0.58,19956;77.97157
20000,0.58,19956;77.97157
20000,0.58,19956;77.96583
20000,0.58,19956;77.96583
20000,0.58,19956;77.96583
20000,0.58,19956;77.96583
20000,0.58,19956;77.96583
20000,0.58,19956;77.96583
20000,0.58,19956;77.96583
20000,0.58,19956;77.96583
20000,0.58,19956;77.96583
20000,0.58,19956;77.96583
20000,0.58,19956;77.96583
20000,0.58,19956;77.96583
20000,0.58,19956;77.96583
20000,0.58,19956;77.96583
20000,0.58,19956;77.96583
20000,0.58,19956;77.96583
20000,0.58,19956;77.96583
20000,0.58,19956;77.96583
20000,0.58,19956;77.96583
20000,0.58,19956;77.96583
20000,0.58,19956;77.96583
20000,0.58,19956;77.96583
20000,0.58,19956;77.96583
20000,0.58,19956;77.96583
20000,0.58,19956;77.96011
20000,0.58,19956;77.96011
20000,0.58,19956;77.96011
20000,0.58,19956;77.96011
20000,0.58,19956;77.96011
20000,0.58,19956;77.96011
20000,0.58,19956;77.96011
20000,0.58,19956;77.96011
20000,0.58,19956;77.96011
20000,0.58,19956;77.96011
20000,0.58,19956;77.96011
20000,0.58,19956;77.96011
20000,0.58,19956;77.96011
20000,0.58,19956;77.96011
20000,0.58,19956;77.96011
20000,0.58,19956;77.96011
20000,0.58,19956;77.96011
20000,0.58,19956;77.96011
20000,0.58,19956;77.96011
20000,0.58,19956;77.96011
20000,0.58,19956;77.96011
20000,0.58,19956;77.96011
20000,0.58,19956;77.96011
20000,0.58,19956;77.96011
20000,0.58,19956;77.96011
20000,0.58,19956;77.96011
20000,0.58,19956;77.96011
20000,0.58,19956;77.96011
20000,0.58,19956;77.96011
20000,0.58,19956;77.96011
20000,0.58,19956;77.96011
20000,0.58,19956;77.96011
20000,0.58,19956;77.96011
