20000,0.5,20000;0
20000,0.58,20000.24;359.9542
20000,0.58,20000.5;359.8625
20000,0.58,20000.5;359.8625
20000,0.58,20000.75;359.7708
20000,0.58,20001.01;359.6447
20000,0.58,20001.01;359.6447
19999.99,0.58,20001.25;359.5187
19999.99,0.58,20001.5;359.3869
19999.99,0.58,20001.5;359.3869
19999.99,0.58,20001.76;359.2551
19999.98,0.58,20002.01;359.1348
19999.98,0.58,20002.26;358.9858
19999.98,0.58,20002.26;358.9858
19999.97,0.58,20002.5;358.8369
19999.97,0.58,20002.74;358.7452
19999.97,0.58,20002.74;358.7452
19999.96,0.58,20002.99;358.6994
19999.96,0.58,20002.99;358.6994
19999.96,0.58,20003.25;358.6535
19999.95,0.58,20003.5;358.4931
19999.95,0.58,20003.73;358.3499
19999.95,0.58,20003.73;358.3499
19999.94,0.58,20003.98;358.2066
19999.93,0.58,20004.24;358.0977
19999.93,0.58,20004.24;358.0977
19999.92,0.58,20004.49;357.9774
19999.92,0.58,20004.49;357.9774
19999.92,0.58,20004.49;357.9774
19999.91,0.58,20004.72;357.8514
19999.9,0.58,20004.98;357.7253
19999.89,0.58,20005.23;357.6222
19999.89,0.58,20005.23;357.6222
19999.88,0.58,20005.48;357.519
19999.87,0.58,20005.74;357.3815
19999.87,0.58,20005.74;357.3815
19999.86,0.58,20005.97;357.244
19999.85,0.58,20006.21;357.1065
19999.85,0.58,20006.21;357.1065
19999.83,0.58,20006.46;356.969
19999.82,0.58,20006.71;356.9404
19999.8,0.58,20006.97;356.9117
19999.79,0.58,20007.22;356.7742
19999.79,0.58,20007.22;356.7742
19999.78,0.58,20007.45;356.6367
19999.76,0.58,20007.69;356.4992
19999.76,0.58,20007.69;356.4992
19999.75,0.58,20007.94;356.3617
19999.73,0.58,20008.19;356.2413
19999.71,0.58,20008.43;356.1038
19999.71,0.58,20008.43;356.1038
19999.7,0.58,20008.68;355.9663
19999.7,0.58,20008.68;355.9663
19999.7,0.58,20008.68;355.9663
19999.68,0.58,20008.93;355.8403
19999.68,0.58,20008.93;355.8403
19999.68,0.58,20008.93;355.8403
19999.66,0.58,20009.16;355.6913
19999.66,0.58,20009.16;355.6913
19999.66,0.58,20009.16;355.6913
19999.64,0.58,20009.41;355.5423
19999.62,0.58,20009.67;355.3934
19999.6,0.58,20009.92;355.273
19999.6,0.58,20009.92;355.273
19999.58,0.58,20010.17;355.1527
19999.55,0.58,20010.43;355.0209
19999.55,0.58,20010.43;355.0209
19999.53,0.58,20010.68;354.8892
19999.51,0.58,20010.93;354.7975
19999.51,0.58,20010.93;354.7975
19999.49,0.58,20011.19;354.6943
19999.49,0.58,20011.19;354.6943
19999.46,0.58,20011.44;354.5912
19999.44,0.58,20011.69;354.4881
19999.44,0.58,20011.69;354.4881
19999.41,0.58,20011.95;354.3849
19999.39,0.58,20012.2;354.3105
19999.39,0.58,20012.2;354.3105
19999.36,0.58,20012.45;354.236
19999.34,0.58,20012.7;354.0927
19999.31,0.58,20012.96;353.938
19999.31,0.58,20012.96;353.938
19999.31,0.58,20012.96;353.938
19999.28,0.58,20013.21;353.8005
19999.28,0.58,20013.21;353.8005
19999.25,0.58,20013.46;353.663
19999.22,0.58,20013.71;353.5083
19999.22,0.58,20013.71;353.5083
19999.2,0.58,20013.96;353.3536
19999.17,0.58,20014.2;353.2104
19999.17,0.58,20014.2;353.2104
19999.14,0.58,20014.45;353.0843
19999.14,0.58,20014.45;353.0843
19999.11,0.58,20014.71;352.9583
19999.07,0.58,20014.96;352.815
19999.07,0.58,20014.96;352.815
19999.04,0.58,20015.2;352.6718
19999.01,0.58,20015.43;352.5285
19999.01,0.58,20015.43;352.5285
19998.98,0.58,20015.69;352.3853
19998.95,0.58,20015.94;352.2592
19998.91,0.58,20016.19;352.1217
19998.91,0.58,20016.19;352.1217
19998.91,0.58,20016.19;352.1217
19998.88,0.58,20016.42;351.9842
19998.88,0.58,20016.42;351.9842
19998.88,0.58,20016.42;351.9842
19998.84,0.58,20016.67;351.9097
19998.84,0.58,20016.67;351.9097
19998.84,0.58,20016.67;351.9097
19998.8,0.58,20016.92;351.8353
19998.77,0.58,20017.15;351.7608
19998.77,0.58,20017.15;351.7608
19998.77,0.58,20017.15;351.7608
19998.74,0.58,20017.4;351.6863
19998.74,0.58,20017.4;351.6863
19998.74,0.58,20017.4;351.6863
19998.7,0.58,20017.65;351.6118
19998.7,0.58,20017.65;351.6118
19998.7,0.58,20017.65;351.6118
19998.67,0.58,20017.87;351.5374
19998.63,0.58,20018.1;351.5087
19998.59,0.58,20018.35;351.48
19998.56,0.58,20018.6;351.354
19998.56,0.58,20018.6;351.354
19998.52,0.58,20018.85;351.2279
19998.48,0.58,20019.1;351.0904
19998.48,0.58,20019.1;351.0904
19998.44,0.58,20019.32;350.9529
19998.41,0.58,20019.53;350.8211
19998.41,0.58,20019.53;350.8211
19998.37,0.58,20019.78;350.6894
19998.33,0.58,20020.03;350.5919
19998.29,0.58,20020.28;350.4716
19998.29,0.58,20020.28;350.4716
19998.25,0.58,20020.5;350.3513
19998.21,0.58,20020.72;350.2367
19998.21,0.58,20020.72;350.2367
19998.21,0.58,20020.72;350.2367
19998.17,0.58,20020.97;350.1278
19998.17,0.58,20020.97;350.1278
19998.12,0.58,20021.22;350.019
19998.08,0.58,20021.47;349.8929
19998.04,0.58,20021.7;349.7669
19998,0.58,20021.92;349.6351
19998,0.58,20021.92;349.6351
19997.95,0.58,20022.17;349.5033
19997.95,0.58,20022.17;349.5033
19997.9,0.58,20022.42;349.3944
19997.9,0.58,20022.42;349.3944
19997.9,0.58,20022.42;349.3944
19997.86,0.58,20022.64;349.2684
19997.81,0.58,20022.89;349.1423
19997.76,0.58,20023.14;349.0334
19997.76,0.58,20023.14;349.0334
19997.71,0.58,20023.39;348.9246
19997.67,0.58,20023.64;348.7986
19997.67,0.58,20023.64;348.7986
19997.63,0.58,20023.85;348.6725
19997.58,0.58,20024.06;348.535
19997.58,0.58,20024.06;348.535
19997.53,0.58,20024.31;348.4261
19997.53,0.58,20024.31;348.4261
19997.48,0.58,20024.56;348.2886
19997.48,0.58,20024.56;348.2886
19997.48,0.58,20024.56;348.2886
19997.43,0.58,20024.8;348.1568
19997.43,0.58,20024.8;348.1568
19997.43,0.58,20024.8;348.1568
19997.38,0.58,20025.05;348.0422
19997.38,0.58,20025.05;348.0422
19997.38,0.58,20025.05;348.0422
19997.32,0.58,20025.29;347.9162
19997.27,0.58,20025.54;347.7901
19997.21,0.58,20025.79;347.6526
19997.21,0.58,20025.79;347.6526
19997.16,0.58,20026.04;347.5151
19997.11,0.58,20026.29;347.3948
19997.11,0.58,20026.29;347.3948
19997.05,0.58,20026.54;347.2744
19996.99,0.58,20026.78;347.1255
19996.99,0.58,20026.78;347.1255
19996.94,0.58,20027.03;346.9708
19996.94,0.58,20027.03;346.9708
19996.88,0.58,20027.28;346.8161
19996.82,0.58,20027.53;346.6843
19996.82,0.58,20027.53;346.6843
19996.76,0.58,20027.77;346.5525
19996.7,0.58,20028.02;346.5296
19996.7,0.58,20028.02;346.5296
19996.64,0.58,20028.25;346.5067
19996.59,0.58,20028.49;346.4437
19996.53,0.58,20028.74;346.3749
19996.53,0.58,20028.74;346.3749
19996.47,0.58,20028.97;346.3062
19996.47,0.58,20028.97;346.3062
19996.47,0.58,20028.97;346.3062
19996.41,0.58,20029.21;346.2374
19996.41,0.58,20029.21;346.2374
19996.41,0.58,20029.21;346.2374
19996.35,0.58,20029.46;346.1687
19996.29,0.58,20029.71;346.14
19996.23,0.58,20029.93;346.0139
19996.23,0.58,20029.93;346.0139
19996.17,0.58,20030.18;345.8879
19996.11,0.58,20030.43;345.7447
19996.11,0.58,20030.43;345.7447
19996.04,0.58,20030.67;345.6014
19995.98,0.58,20030.92;345.4868
19995.98,0.58,20030.92;345.4868
19995.92,0.58,20031.14;345.3722
19995.87,0.58,20031.36;345.2347
19995.8,0.58,20031.61;345.0915
19995.8,0.58,20031.61;345.0915
19995.73,0.58,20031.85;344.9482
19995.67,0.58,20032.1;344.8623
19995.67,0.58,20032.1;344.8623
19995.61,0.58,20032.32;344.7763
19995.55,0.58,20032.54;344.7133
19995.55,0.58,20032.54;344.7133
19995.48,0.58,20032.79;344.6503
19995.41,0.58,20033.03;344.5586
19995.34,0.58,20033.28;344.4669
19995.34,0.58,20033.28;344.4669
19995.34,0.58,20033.28;344.4669
19995.29,0.58,20033.48;344.3753
19995.29,0.58,20033.48;344.3753
19995.29,0.58,20033.48;344.3753
19995.22,0.58,20033.72;344.2836
19995.22,0.58,20033.72;344.2836
19995.22,0.58,20033.72;344.2836
19995.15,0.58,20033.95;344.1518
19995.08,0.58,20034.2;344.02
19995.01,0.58,20034.44;343.8997
19995.01,0.58,20034.44;343.8997
19994.95,0.58,20034.65;343.7794
19994.89,0.58,20034.87;343.6705
19994.89,0.58,20034.87;343.6705
19994.82,0.58,20035.11;343.5387
19994.82,0.58,20035.11;343.5387
19994.82,0.58,20035.11;343.5387
19994.75,0.58,20035.33;343.407
19994.68,0.58,20035.57;343.2694
19994.61,0.58,20035.81;343.1491
19994.53,0.58,20036.05;343.0288
19994.46,0.58,20036.3;342.8856
19994.46,0.58,20036.3;342.8856
19994.39,0.58,20036.51;342.7423
19994.32,0.58,20036.73;342.6048
19994.32,0.58,20036.73;342.6048
19994.24,0.58,20036.97;342.4673
19994.17,0.58,20037.21;342.3527
19994.09,0.58,20037.46;342.2094
19994.09,0.58,20037.46;342.2094
19994.09,0.58,20037.46;342.2094
19994.02,0.58,20037.67;342.0777
19994.02,0.58,20037.67;342.0777
19994.02,0.58,20037.67;342.0777
19993.94,0.58,20037.91;341.9459
19993.94,0.58,20037.91;341.9459
19993.94,0.58,20037.91;341.9459
19993.86,0.58,20038.16;341.8026
19993.79,0.58,20038.37;341.6594
19993.72,0.58,20038.58;341.5792
19993.72,0.58,20038.58;341.5792
19993.65,0.58,20038.79;341.499
19993.58,0.58,20038.99;341.3729
19993.58,0.58,20038.99;341.3729
19993.53,0.58,20039.16;341.2469
19993.47,0.58,20039.33;341.1036
19993.47,0.58,20039.33;341.1036
19993.39,0.58,20039.55;340.9604
19993.39,0.58,20039.55;340.9604
19993.31,0.58,20039.79;340.8171
19993.22,0.58,20040.03;340.714
19993.22,0.58,20040.03;340.714
19993.14,0.58,20040.27;340.6109
19993.05,0.58,20040.51;340.4619
19993.05,0.58,20040.51;340.4619
19992.98,0.58,20040.73;340.3129
19992.9,0.58,20040.95;340.2098
19992.9,0.58,20040.95;340.2098
19992.81,0.58,20041.19;340.1067
19992.72,0.58,20041.43;340.0035
19992.64,0.58,20041.66;339.9978
19992.64,0.58,20041.66;339.9978
19992.56,0.58,20041.89;339.9921
19992.47,0.58,20042.11;339.9176
19992.47,0.58,20042.11;339.9176
19992.47,0.58,20042.11;339.9176
