20000,0.5,20000;0
20000,0.5790871,20000.02;359.9599
20000,0.5799999,20000.04;359.9141
20000,0.5799999,20000.06;359.8682
20000,0.5799999,20000.08;359.8281
20000,0.5799999,20000.1;359.7823
20000,0.5799999,20000.12;359.7307
20000,0.58,20000.14;359.6906
20000,0.58,20000.16;359.6448
20000,0.58,20000.18;359.599
20000,0.58,20000.19;359.5588
20000,0.58,20000.21;359.513
20000,0.58,20000.24;359.4615
20000,0.58,20000.25;359.4214
20000,0.58,20000.27;359.3698
20000,0.58,20000.3;359.3239
20000,0.58,20000.31;359.2838
20000,0.58,20000.33;359.238
20000,0.58,20000.35;359.1865
20000,0.58,20000.37;359.1349
20000,0.58,20000.39;359.0948
20000,0.58,20000.41;359.049
20000,0.58,20000.43;359.0146
20000,0.58,20000.45;358.9688
20000,0.58,20000.47;358.9229
20000,0.58,20000.48;358.8771
19999.99,0.58,20000.5;358.8312
19999.99,0.58,20000.52;358.7797
19999.99,0.58,20000.54;358.7453
19999.99,0.58,20000.56;358.6995
19999.99,0.58,20000.58;358.6536
19999.99,0.58,20000.6;358.6193
19999.99,0.58,20000.62;358.5734
19999.99,0.58,20000.63;358.5276
19999.99,0.58,20000.65;358.4932
19999.99,0.58,20000.67;358.4474
19999.99,0.58,20000.69;358.4016
19999.99,0.58,20000.7;358.3672
19999.99,0.58,20000.72;358.3328
19999.99,0.58,20000.74;358.287
19999.99,0.58,20000.76;358.2469
19999.99,0.58,20000.77;358.2125
19999.99,0.58,20000.79;358.1724
19999.99,0.58,20000.81;358.1323
19999.99,0.58,20000.82;358.0979
19999.99,0.58,20000.84;358.0578
19999.98,0.58,20000.86;358.0177
19999.98,0.58,20000.87;357.9833
19999.98,0.58,20000.89;357.9432
19999.98,0.58,20000.9;357.9031
19999.98,0.58,20000.92;357.8687
19999.98,0.58,20000.94;357.8344
19999.98,0.58,20000.95;357.8
19999.98,0.58,20000.96;357.7656
19999.98,0.58,20000.98;357.7312
19999.98,0.58,20000.99;357.6969
19999.98,0.58,20001.01;357.6625
19999.98,0.58,20001.02;357.6281
19999.98,0.58,20001.04;357.5938
19999.98,0.58,20001.05;357.5594
19999.98,0.58,20001.06;357.5307
19999.98,0.58,20003.07;357.4963
19999.98,0.58,20005.09;357.4734
19999.97,0.58,20007.1;357.4505
19999.97,0.58,20009.11;357.4161
19999.97,0.58,20011.12;357.3817
19999.97,0.58,20013.13;357.3531
19999.97,0.58,20015.14;357.3245
19999.97,0.58,20017.16;357.2958
19999.97,0.58,20019.17;357.2672
19999.97,0.58,20021.18;357.2443
19999.97,0.58,20023.19;357.2156
19999.97,0.58,20025.2;357.1927
19999.97,0.58,20027.21;357.1641
19999.97,0.58,20029.22;357.1411
19999.97,0.58,20031.23;357.1182
19999.97,0.58,20033.24;357.0953
19999.97,0.58,20035.25;357.0724
19999.97,0.58,20037.26;357.0495
19999.97,0.58,20039.27;357.0323
19999.97,0.58,20041.28;357.0094
19999.96,0.58,20043.29;356.9865
19999.96,0.58,20045.3;356.9635
19999.96,0.5800001,20045.72;356.9464
19999.96,0.5800001,20045.72;356.9291
19999.96,0.58,20045.72;356.912
19999.96,0.58,20045.72;356.889
19999.96,0.58,20045.72;356.8719
19999.96,0.5800001,20045.72;356.8547
19999.96,0.58,20045.72;356.8375
19999.96,0.58,20045.72;356.8203
19999.96,0.58,20045.72;356.8031
19999.96,0.58,20045.72;356.7859
19999.96,0.58,20045.72;356.7687
19999.96,0.58,20045.72;356.7516
19999.96,0.58,20045.72;356.7343
19999.96,0.58,20045.72;356.7229
19999.96,0.58,20045.72;356.7114
19999.96,0.58,20045.72;356.6942
19999.96,0.58,20045.72;356.6771
19999.96,0.58,20045.72;356.6656
19999.96,0.58,20045.72;356.6484
19999.96,0.5800001,20045.72;356.6427
19999.96,0.5800001,20045.72;356.637
19999.96,0.58,20045.72;356.6312
19999.96,0.58,20045.72;356.6255
19999.96,0.58,20045.72;356.6198
19999.96,0.58,20045.72;356.614
19999.96,0.58,20045.72;356.6083
19999.96,0.58,20045.72;356.6026
19999.96,0.58,20045.72;356.5969
19999.96,0.58,20045.72;356.5969
19999.96,0.58,20045.72;356.5911
19999.96,0.58,20045.72;356.5854
19999.96,0.58,20045.72;356.5797
19999.96,0.58,20045.72;356.5797
19999.96,0.58,20045.72;356.5797
19999.96,0.58,20045.72;356.5797
19999.96,0.58,20043.72;356.5797
19999.96,0.58,20041.72;356.5797
19999.96,0.58,20039.72;356.5797
19999.96,0.58,20037.72;356.5797
19999.96,0.58,20035.72;356.5797
19999.96,0.58,20035.72;356.5797
19999.96,0.58,20035.72;356.5854
19999.96,0.58,20035.72;356.5854
19999.96,0.58,20035.72;356.5911
19999.96,0.58,20035.71;356.5969
19999.96,0.58,20035.71;356.5969
19999.96,0.58,20035.71;356.5969
19999.96,0.58,20035.7;356.6026
19999.96,0.58,20035.7;356.6083
19999.96,0.58,20035.69;356.614
19999.96,0.58,20035.69;356.614
19999.96,0.58,20035.68;356.614
19999.96,0.58,20035.68;356.6198
19999.96,0.58,20035.67;356.6255
19999.96,0.58,20035.66;356.6312
19999.96,0.58,20035.65;356.6427
19999.96,0.58,20035.64;356.6484
19999.96,0.58,20037.64;356.6541
19999.96,0.58,20039.63;356.6599
19999.96,0.58,20041.62;356.6656
19999.96,0.58,20043.61;356.6771
19999.96,0.58,20045.61;356.6828
19999.97,0.58,20045.71;356.6885
19999.97,0.58,20045.71;356.7
19999.97,0.58,20045.7;356.7114
19999.97,0.58,20045.7;356.7343
19999.97,0.58,20045.69;356.7516
19999.97,0.58,20045.68;356.7802
19999.97,0.58,20045.67;356.8088
19999.97,0.58,20045.66;356.8318
19999.97,0.58,20045.65;356.8547
19999.97,0.58,20045.65;356.8719
19999.97,0.58,20045.64;356.8948
19999.97,0.58,20045.63;356.912
19999.97,0.58,20045.62;356.9291
19999.97,0.58,20045.62;356.9521
19999.97,0.58,20045.61;356.975
19999.97,0.58,20045.6;356.9979
19999.97,0.58,20045.59;357.0208
20001.97,0.58,20045.58;357.0552
20003.97,0.58,20045.57;357.0781
20005.97,0.58,20045.56;357.1068
20007.98,0.58,20045.54;357.1297
20009.98,0.58,20045.53;357.1526
20009.98,0.58,20045.53;357.1526
20009.98,0.58,20045.53;357.1526
