20000,0.5,20000;0
20000,0.58,19999.92;0.6159317
20000,0.58,19999.84;1.231863
20000,0.58,19999.78;1.647263
19999.99,0.58,19999.7;2.248871
19999.99,0.58,19999.62;2.879126
19999.98,0.58,19999.52;3.523704
19999.98,0.58,19999.44;4.153959
19999.97,0.58,19999.35;4.798536
19999.96,0.58,19999.28;5.443115
19999.95,0.5800001,19999.28;6.087693
19999.94,0.5800002,19999.28;6.717947
19999.93,0.5800001,19999.28;7.362526
19999.92,0.5800001,19999.28;8.007103
19999.91,0.5800002,19999.28;8.65168
19999.89,0.5800003,19999.28;9.296257
19999.88,0.5800003,19999.28;9.912189
19999.87,0.5800003,19999.28;10.59974
19999.86,0.5800005,19999.28;11.24431
19999.85,0.5800006,19999.28;11.87457
19999.83,0.5800006,19999.28;12.54779
19999.82,0.5800006,19999.28;13.19237
19999.8,0.5800006,19999.28;13.82263
19999.79,0.5800008,19999.28;14.46721
19999.78,0.5800009,19999.28;15.09746
19999.76,0.5800008,19999.28;15.74204
19999.75,0.5800006,19999.28;16.40094
19999.73,0.5800008,19999.28;17.05984
19999.71,0.5800007,19999.28;17.03119
19999.7,0.5800007,19999.28;16.61579
19999.69,0.5800007,19999.28;16.31499
19999.69,0.5800006,19999.28;16.15742
19999.69,0.5800006,19999.28;16.04283
19999.7,0.5800006,19999.31;16.04283
19999.71,0.5800006,19999.35;16.21472
19999.72,0.5800006,19999.4;16.4439
19999.73,0.5800006,19999.44;16.75903
19999.75,0.5800006,19999.49;17.04551
19999.76,0.5800006,19999.53;17.40361
19999.77,0.5800006,19999.55;17.74738
19999.78,0.5800006,19999.58;18.09115
19999.79,0.5800006,19999.61;18.44925
19999.8,0.5800006,19999.64;18.82167
19999.81,0.5800006,19999.67;19.15112
19999.82,0.5800006,19999.7;19.48057
19999.83,0.5800006,19999.74;19.82434
19999.85,0.5800006,19999.77;20.12515
19999.86,0.5800006,19999.81;20.46892
19999.87,0.5800006,19999.84;20.78405
19999.89,0.5800006,19999.88;21.1135
19999.9,0.5800006,19999.91;21.24242
19999.9,0.5800006,19999.92;21.24242
19999.9,0.5800006,19999.92;21.18513
19999.91,0.5800006,19999.94;21.08486
19999.92,0.5800006,19999.97;20.85568
19999.94,0.5800006,20000.03;20.49758
19999.96,0.5800006,20000.07;19.79572
19999.97,0.5800006,20000.11;18.95061
19999.99,0.5800006,20000.16;18.00522
20000.02,0.5800006,20000.28;16.81634
20000.06,0.5800006,20000.42;15.58448
20000.09,0.5800006,20000.53;14.5818
20000.12,0.5800006,20000.64;13.59345
20000.14,0.5800006,20000.76;12.57646
20000.17,0.5800006,20000.88;11.40189
20000.19,0.5800006,20000.99;10.29895
20000.21,0.5800006,20001.12;9.23897
20000.23,0.5800006,20001.25;8.178993
20000.25,0.5800006,20001.38;7.161996
20000.26,0.5800006,20001.5;6.187968
20000.27,0.5800006,20001.62;5.142325
20000.28,0.5800006,20001.75;4.13965
20000.29,0.5800006,20001.86;3.1513
20000.29,0.5800006,20001.98;2.162948
20000.29,0.5800006,20002.1;1.174597
20000.29,0.5800006,20002.22;0.1862461
20000.29,0.5800006,20002.33;359.1979
20000.29,0.5800006,20002.45;358.2239
20000.28,0.5800006,20002.55;357.2642
20000.28,0.5800006,20002.65;356.2901
20000.27,0.5800006,20002.75;355.3161
20000.26,0.5800006,20002.85;354.385
20000.25,0.5800006,20002.95;353.411
20000.23,0.5800006,20003.04;352.4084
20000.22,0.5800006,20003.13;351.42
20000.21,0.5800006,20003.23;350.4316
20000.19,0.5800006,20003.32;349.4576
20000.17,0.5800006,20003.4;348.4979
20000.15,0.5800006,20003.48;347.6098
20000.13,0.5800006,20003.56;346.6931
20000.11,0.5800006,20003.64;345.7907
20000.1,0.5800006,20003.69;345.275
20000.09,0.5800006,20003.73;344.7594
20000.08,0.5800006,20003.77;344.2437
20000.07,0.5800006,20003.81;343.728
20000.05,0.5800006,20003.85;343.2124
20000.04,0.5800006,20003.9;342.6967
20000.03,0.5800006,20003.94;342.1811
20000.03,0.5800006,20003.94;342.0951
20000.02,0.5800006,20003.95;342.0951
20000.02,0.5800006,20003.95;342.0951
20000.02,0.5800006,20003.96;342.0951
20000.02,0.5800006,20003.96;342.0951
20000.02,0.5800006,20003.96;342.0951
20000.01,0.5800006,20003.99;341.6081
20000,0.5800006,20004.01;341.3932
19999.99,0.5800006,20004.06;340.677
19999.98,0.5800006,20004.07;340.5768
19999.97,0.5800006,20004.1;339.9322
19999.96,0.5800006,20004.14;339.2876
19999.94,0.5800006,20004.17;338.643
19999.94,0.5800006,20004.17;338.5571
19999.94,0.5800006,20004.17;338.2133
19999.94,0.5800006,20004.17;337.8695
19999.93,0.5800006,20004.2;336.4515
19999.91,0.5800006,20004.24;334.6323
19999.88,0.5800006,20004.31;332.8132
19999.82,0.5800006,20004.41;330.994
19999.76,0.5800006,20004.51;329.1749
19999.7,0.5800006,20004.61;327.3558
19999.63,0.5800006,20004.71;325.5366
19999.56,0.5800006,20004.8;323.7175
19999.49,0.5800006,20004.89;321.8983
19999.42,0.5800006,20004.98;320.0792
19999.34,0.5800006,20005.07;318.2601
19999.26,0.5800006,20005.15;316.4409
19999.18,0.5800006,20005.23;314.6218
19999.1,0.5800006,20005.3;312.8027
19999.02,0.5800006,20005.38;310.9835
19998.93,0.5800006,20005.45;309.1644
19998.85,0.5800006,20005.51;307.3452
19998.77,0.5800006,20005.57;305.5261
19998.69,0.5800006,20005.62;303.707
19998.61,0.5800006,20005.67;301.8878
19998.52,0.5800006,20005.72;300.0687
19998.45,0.5800006,20005.76;298.2495
19998.37,0.5800006,20005.8;296.4304
19998.3,0.5800006,20005.83;294.6113
19998.22,0.5800006,20005.86;292.7921
19998.15,0.5800006,20005.89;290.973
19998.09,0.5800006,20005.91;289.1539
19998.02,0.5800006,20005.93;287.3347
19997.99,0.5800006,20005.94;285.5156
19997.99,0.5800006,20005.94;283.6964
19997.99,0.5800006,20005.94;281.8773
19997.99,0.5800006,20005.94;280.0582
19997.9,0.5800006,20005.95;278.239
19997.83,0.5800006,20005.96;276.4199
19997.73,0.5800006,20005.97;274.6008
19997.63,0.5800006,20005.97;272.7816
19997.54,0.5800006,20005.98;270.9625
19997.44,0.5800006,20005.97;269.1434
19997.32,0.5800006,20005.97;267.3242
19997.21,0.5800006,20005.96;265.5051
19997.09,0.5800006,20005.95;263.6859
19996.97,0.5800006,20005.93;261.8668
19996.86,0.5800006,20005.91;260.0477
19996.75,0.5800006,20005.89;258.2285
19996.63,0.5800006,20005.86;256.4094
19996.52,0.5800006,20005.83;254.5902
19996.41,0.5800006,20005.79;252.7711
19996.3,0.5800006,20005.76;250.952
19996.19,0.5800006,20005.71;249.1328
19996.08,0.5800006,20005.67;247.3137
19995.97,0.5800006,20005.62;245.4946
19995.87,0.5800006,20005.57;243.6754
19995.77,0.5800006,20005.51;241.8563
19995.67,0.5800006,20005.46;240.0371
19995.57,0.5800006,20005.39;238.218
19995.47,0.5800006,20005.33;236.3989
19995.38,0.5800006,20005.26;234.5797
19995.29,0.5800006,20005.19;232.7606
19995.19,0.5800006,20005.12;230.9414
19995.1,0.5800006,20005.04;229.1223
19995.02,0.5800006,20004.96;227.3032
19994.94,0.5800006,20004.88;225.484
19994.85,0.5800006,20004.79;223.6649
19994.78,0.5800006,20004.71;221.8458
19994.7,0.5800006,20004.62;220.0266
19994.63,0.5800006,20004.53;218.2075
19994.56,0.5800006,20004.44;216.3884
19994.5,0.5800006,20004.35;214.5692
19994.44,0.5800006,20004.25;212.7501
19994.38,0.5800006,20004.16;210.9309
19994.34,0.5800006,20004.07;209.1118
19994.29,0.5800006,20003.99;207.2926
19994.25,0.5800006,20003.89;205.4735
19994.21,0.5800006,20003.8;203.6544
19994.17,0.5800006,20003.71;201.8352
19994.14,0.5800006,20003.63;200.0161
19994.11,0.5800006,20003.54;198.197
19994.09,0.5800006,20003.46;196.3778
19994.07,0.5800006,20003.38;194.5587
19994.05,0.5800006,20003.29;192.7395
19994.04,0.5800006,20003.26;190.9204
19994.04,0.5800006,20003.26;189.1013
19994.04,0.5800006,20003.26;187.2821
19994.04,0.5800006,20003.26;185.463
19994.04,0.5800006,20003.26;183.6439
19994.04,0.5800006,20003.26;181.8247
19994.04,0.5800006,20003.26;180.0056
19994.04,0.5800006,20003.26;178.1864
19994.04,0.5800006,20003.26;176.3673
19994.04,0.5800006,20003.26;174.5482
19994.04,0.5800006,20003.26;172.729
19994.04,0.5800006,20003.25;170.9099
19994.06,0.5800006,20003.17;169.0907
19994.07,0.5800006,20003.1;167.2716
19994.09,0.5800006,20003.02;165.4525
19994.12,0.5800006,20002.94;163.6333
19994.14,0.5800006,20002.88;161.8142
19994.17,0.5800006,20002.8;159.9951
19994.2,0.5800006,20002.72;158.1759
19994.23,0.5800006,20002.65;156.3568
19994.26,0.5800006,20002.58;154.5376
19994.3,0.5800006,20002.5;152.7185
19994.34,0.5800006,20002.43;150.8994
19994.38,0.5800006,20002.36;149.0802
19994.43,0.5800006,20002.28;147.2611
19994.48,0.5800006,20002.21;145.442
19994.54,0.5800006,20002.14;143.6228
19994.59,0.5800006,20002.07;141.8037
19994.65,0.5800006,20002;139.9845
19994.71,0.5800006,20001.94;138.1654
19994.77,0.5800006,20001.87;136.3463
19994.83,0.5800006,20001.81;134.5271
19994.9,0.5800006,20001.75;132.708
19994.97,0.5800006,20001.69;130.8889
19995.03,0.5800006,20001.63;129.0697
19995.1,0.5800006,20001.58;127.2506
19995.17,0.5800006,20001.53;125.4314
19995.24,0.5800006,20001.48;123.6123
19995.32,0.5800006,20001.44;121.7931
19995.39,0.5800006,20001.4;119.974
19995.45,0.5800006,20001.36;118.1549
19995.53,0.5800006,20001.33;116.3357
19995.6,0.5800006,20001.29;114.5166
19995.67,0.5800006,20001.26;112.6974
19995.75,0.5800006,20001.23;110.8783
19995.82,0.5800006,20001.21;109.0592
19995.9,0.5800006,20001.18;107.24
19995.97,0.5800006,20001.16;105.4209
19996.05,0.5800006,20001.14;103.6018
19996.13,0.5800006,20001.13;101.7826
19996.2,0.5800006,20001.12;99.96347
19996.28,0.5800006,20001.11;98.14433
19996.35,0.5800006,20001.1;96.3252
19996.43,0.5800006,20001.09;94.50606
19996.5,0.5800006,20001.09;92.68693
19996.58,0.5800006,20001.09;90.86779
19996.65,0.5800006,20001.09;89.04865
19996.73,0.5800006,20001.09;87.22952
19996.8,0.5800006,20001.1;85.41038
19996.87,0.5800006,20001.11;83.59123
19996.94,0.5800006,20001.12;81.77209
19997.01,0.5800006,20001.13;79.95296
19997.08,0.5800006,20001.14;78.13382
19997.15,0.5800006,20001.16;76.31469
19997.21,0.5800006,20001.18;74.49556
19997.21,0.5800006,20001.18;72.67641
19997.21,0.5800006,20001.18;70.85727
19997.27,0.5800006,20001.2;69.03814
19997.34,0.5800006,20001.23;67.219
19997.4,0.5800006,20001.26;65.39986
19997.47,0.5800006,20001.29;63.58072
19997.54,0.5800006,20001.33;61.76158
19997.6,0.5800006,20001.36;59.94244
19997.67,0.5800006,20001.4;58.12331
19997.74,0.5800006,20001.45;56.30417
19997.8,0.5800006,20001.5;54.48503
19997.87,0.5800006,20001.54;52.66589
19997.94,0.5800006,20001.6;50.84675
19998.01,0.5800006,20001.66;49.02762
19998.07,0.5800006,20001.73;47.20848
19998.14,0.5800006,20001.79;45.38934
19998.2,0.5800006,20001.86;43.57021
19998.26,0.5800006,20001.92;41.75106
19998.31,0.5800006,20001.99;39.93193
19998.36,0.5800006,20002.05;38.11279
19998.4,0.5800006,20002.11;36.29365
19998.45,0.5800006,20002.17;34.47451
19998.49,0.5800006,20002.23;32.65537
19998.53,0.5800006,20002.3;30.83624
19998.56,0.5800006,20002.36;29.0171
19998.6,0.5800006,20002.43;27.19796
19998.63,0.5800006,20002.49;25.37882
19998.66,0.5800006,20002.56;23.55968
19998.68,0.5800006,20002.62;21.74055
19998.71,0.5800006,20002.69;19.92141
19998.72,0.5800006,20002.75;18.10227
19998.73,0.5800006,20002.76;16.28313
19998.73,0.5800006,20002.76;14.46399
19998.73,0.5800006,20002.76;12.64485
19998.73,0.5800006,20002.76;10.82572
19998.73,0.5800006,20002.76;9.006577
19998.73,0.5800006,20002.8;7.187439
19998.74,0.5800006,20002.86;5.368301
19998.74,0.5800006,20002.92;3.549162
19998.74,0.5800006,20002.98;1.730024
19998.74,0.5800006,20003.04;359.9109
19998.74,0.5800006,20003.1;358.0917
19998.74,0.5800006,20003.17;356.2726
19998.73,0.5800006,20003.22;354.4535
19998.72,0.5800006,20003.3;352.6343
19998.71,0.5800006,20003.37;350.8152
19998.7,0.5800006,20003.43;348.9961
19998.68,0.5800006,20003.5;347.1769
19998.67,0.5800006,20003.57;345.3578
19998.65,0.5800006,20003.63;343.5386
19998.63,0.5800006,20003.7;341.7195
19998.6,0.5800006,20003.76;339.9004
19998.6,0.5800006,20003.76;338.0812
19998.6,0.5800006,20003.76;336.2621
19998.6,0.5800006,20003.76;334.443
19998.6,0.5800006,20003.76;332.6238
19998.6,0.5800006,20003.76;330.8047
19998.6,0.5800006,20003.76;328.9855
19998.6,0.5800006,20003.76;327.1664
19998.59,0.5800006,20003.79;325.3473
19998.59,0.5800006,20003.79;323.5281
19998.59,0.5800006,20003.79;321.709
19998.56,0.5800006,20003.82;319.8898
19998.52,0.5800006,20003.87;321.709
19998.49,0.5800006,20003.9;323.5281
19998.47,0.5800006,20003.94;325.3473
19998.44,0.5800006,20003.98;327.1664
19998.42,0.5800006,20004.02;328.9855
19998.39,0.5800006,20004.06;330.8047
19998.37,0.5800006,20004.11;332.6238
19998.35,0.5800006,20004.15;334.4429
19998.33,0.5800006,20004.2;336.2621
19998.31,0.5800006,20004.25;338.0812
19998.29,0.5800006,20004.29;339.9004
19998.28,0.5800006,20004.34;341.7195
19998.27,0.5800006,20004.38;343.5386
19998.27,0.5800006,20004.38;345.3578
19998.26,0.5800006,20004.39;347.1769
19998.26,0.5800006,20004.39;347.6783
19998.24,0.5800006,20004.5;349.4258
19998.23,0.5800006,20004.6;351.2449
19998.22,0.5800006,20004.65;352.5054
19998.22,0.5800006,20004.63;352.3049
19998.23,0.5800006,20004.61;352.09
19998.23,0.5800006,20004.61;351.9898
19998.23,0.5800006,20004.61;351.8322
19998.23,0.5800006,20004.61;351.7033
19998.23,0.5800006,20004.61;351.5171
19998.23,0.5800006,20004.6;350.5001
19998.23,0.5800006,20004.6;350.2852
19998.23,0.5800006,20004.59;349.569
19998.23,0.5800006,20004.58;348.8528
19998.23,0.5800006,20004.58;347.0337
19998.23,0.5800006,20004.58;345.2146
19998.23,0.5800006,20004.58;343.3954
19998.23,0.5800006,20004.59;341.5763
19998.22,0.5800006,20004.6;339.7571
19998.22,0.5800006,20004.6;337.938
19998.22,0.5800006,20004.61;336.1189
19998.21,0.5800006,20004.62;334.2997
19998.21,0.5800006,20004.63;332.4806
19998.2,0.5800006,20004.64;330.6614
19998.2,0.5800006,20004.65;328.8423
19998.2,0.5800006,20004.65;327.0232
19998.18,0.5800006,20004.68;325.204
19998.18,0.5800006,20004.68;323.3849
19998.18,0.5800006,20004.68;321.5658
19998.18,0.5800006,20004.68;319.7466
19998.18,0.5800006,20004.68;318.5721
19998.18,0.5800006,20004.68;318.5721
19998.18,0.5800006,20004.68;318.5721
19998.18,0.5800006,20004.68;318.5721
19998.18,0.5800006,20004.68;318.5721
19998.18,0.5800006,20004.68;318.5721
19998.14,0.5800006,20004.73;320.3912
19998.1,0.5800006,20004.77;322.2103
19998.07,0.5800006,20004.81;324.0295
19998.05,0.5800006,20004.85;325.8486
19998.02,0.5800006,20004.9;327.6678
19997.99,0.5800006,20004.94;329.4869
19997.97,0.5800006,20004.99;331.306
19997.95,0.5800006,20005.03;333.1252
19997.95,0.5800006,20005.03;334.9443
19997.9,0.5800006,20005.14;336.7634
19997.85,0.5800006,20005.25;338.5826
19997.79,0.5800006,20005.42;340.4017
19997.76,0.5800006,20005.52;342.2209
19997.75,0.5800006,20005.55;344.04
19997.75,0.5800006,20005.56;345.8591
19997.76,0.5800006,20005.54;347.6783
19997.76,0.5800006,20005.52;349.4974
19997.76,0.5800006,20005.5;351.3166
19997.77,0.5800006,20005.47;353.1357
19997.77,0.5800006,20005.46;353.9665
19997.77,0.5800006,20005.45;353.8662
19997.77,0.5800006,20005.42;353.8662
19997.78,0.5800006,20005.38;353.8519
19997.78,0.5800006,20005.35;353.8089
19997.78,0.5800006,20005.31;353.7373
19997.79,0.5800006,20005.28;353.6513
19997.79,0.5800006,20005.25;353.5941
19997.79,0.5800006,20005.27;353.4651
19997.78,0.5800006,20005.35;353.4651
19997.77,0.5800006,20005.45;353.5081
19997.75,0.5800006,20005.59;353.6227
19997.72,0.5800006,20005.84;353.6227
19997.7,0.5800006,20006.09;353.6227
19997.67,0.5800006,20006.35;353.6227
19997.64,0.5800006,20006.6;353.6227
19997.61,0.5800006,20006.85;353.6227
19997.58,0.5800006,20007.1;353.6227
19997.55,0.5800006,20007.36;353.6227
19997.53,0.5800006,20007.61;353.6227
19997.5,0.5800006,20007.86;353.6513
19997.47,0.5800006,20008.11;353.6513
19997.44,0.5800006,20008.37;353.6513
19997.41,0.5800006,20008.62;353.6513
19997.38,0.5800006,20008.87;353.6513
19997.36,0.5800006,20009.12;353.6513
19997.33,0.5800006,20009.38;353.6227
19997.3,0.5800006,20009.63;353.6084
19997.27,0.5800006,20009.88;353.8089
19997.25,0.5800006,20010.13;353.637
19997.22,0.5800006,20010.38;353.5224
19997.19,0.5800006,20010.64;353.3506
19997.16,0.5800006,20010.89;353.2646
19997.13,0.5800006,20011.14;352.9638
19997.13,0.5800006,20011.15;352.8922
19997.12,0.5800006,20011.16;352.7632
19997.12,0.5800006,20011.17;352.7346
19997.13,0.5800006,20011.14;352.7489
19997.13,0.5800006,20011.14;352.8062
19997.13,0.5800006,20011.14;352.663
19997.13,0.5800006,20011.14;352.663
19997.13,0.5800006,20011.14;352.663
19997.13,0.5800006,20011.15;352.663
19997.13,0.5800006,20011.15;352.663
19997.13,0.5800006,20011.15;352.663
19997.13,0.5800006,20011.12;352.5484
19997.13,0.5800006,20011.09;352.4338
19997.14,0.5800006,20011.06;352.3192
19997.14,0.5800006,20011.03;352.2046
19997.14,0.5800006,20011;352.3335
19997.14,0.5800006,20011;352.6343
19997.15,0.5800006,20010.98;352.4338
19997.15,0.5800006,20010.98;352.5484
19997.15,0.5800006,20010.96;352.9638
19997.15,0.5800006,20010.95;352.7632
19997.15,0.5800006,20010.94;352.7489
19997.15,0.5800006,20010.93;352.8922
19997.16,0.5800006,20010.85;352.8062
19997.17,0.5800006,20010.84;352.5627
19997.17,0.5800006,20010.84;352.4768
19997.16,0.5800006,20010.85;352.5341
19997.16,0.5800006,20010.85;352.577
19997.17,0.5800006,20010.84;352.62
19997.17,0.5800006,20010.84;352.663
19997.17,0.5800006,20010.84;352.7059
19997.17,0.5800006,20010.83;352.7489
19997.17,0.5800006,20010.83;352.7919
19997.17,0.5800006,20010.82;352.8348
19997.17,0.5800006,20010.81;352.7632
19997.17,0.5800006,20010.8;352.7776
19997.17,0.5800006,20010.79;352.7919
19997.17,0.5800006,20010.79;352.8635
19997.17,0.5800006,20010.79;352.6916
19997.17,0.5800006,20010.81;352.5627
19997.17,0.5800006,20010.82;352.4911
19997.17,0.5800006,20010.81;351.7892
19997.17,0.5800006,20010.81;351.7462
19997.17,0.5800006,20010.78;351.6889
19997.18,0.5800006,20010.76;351.2592
19997.18,0.5800006,20010.75;351.3022
19997.18,0.5800006,20010.73;351.4025
19997.19,0.5800006,20010.67;351.4454
19997.19,0.5800006,20010.66;351.4454
19997.2,0.5800006,20010.64;351.4454
19997.2,0.5800006,20010.63;351.4454
19997.2,0.5800006,20010.62;351.4454
19997.2,0.5800006,20010.6;351.4454
19997.2,0.5800006,20010.59;351.4454
19997.2,0.5800006,20010.61;352.7346
19997.2,0.5800006,20010.6;354.5537
19997.2,0.5800006,20010.63;356.3729
19997.2,0.5800006,20010.63;358.192
19997.2,0.5800006,20010.61;0.01113193
19997.2,0.5800006,20010.52;359.9252
19997.2,0.5800006,20010.51;359.8822
19997.2,0.5800006,20010.52;0.02545492
19997.2,0.5800006,20010.51;359.8965
19997.2,0.5800006,20010.51;359.8965
19997.2,0.5800006,20010.51;359.8965
19997.2,0.5800006,20010.51;359.8965
19997.2,0.5800006,20010.52;359.8965
19997.2,0.5800006,20010.52;359.8965
19997.2,0.5800006,20010.52;359.8965
19997.2,0.5800006,20010.52;359.8965
19997.2,0.5800006,20010.44;359.8822
19997.2,0.5800006,20010.43;359.8106
19997.2,0.5800006,20010.42;359.8965
19997.2,0.5800006,20010.43;359.8965
19997.2,0.5800006,20010.43;359.8106
19997.2,0.5800006,20010.44;359.8965
19997.2,0.5800006,20010.42;359.9395
19997.2,0.5800006,20010.38;359.8536
19997.2,0.5800006,20010.35;359.782
19997.2,0.5800006,20010.36;359.7103
19997.2,0.5800006,20010.37;359.8536
19997.2,0.5800006,20010.33;359.8106
19997.2,0.5800006,20010.29;359.7676
19997.2,0.5800006,20010.25;359.7247
19997.2,0.5800006,20010.21;359.6817
19997.2,0.5800006,20010.22;359.6674
19997.2,0.5800006,20010.23;359.653
19997.2,0.5800006,20010.23;359.6387
19997.2,0.5800006,20010.24;359.6244
19997.2,0.5800006,20010.24;359.6674
19997.2,0.5800006,20010.24;-0.003169688
19997.2,0.5800006,20010.25;0.3119576
19997.2,0.5800006,20010.27;0.2833117
19997.2,0.5800006,20010.25;0.9708583
19997.2,0.5800006,20010.2;0.7130229
19997.2,0.5800006,20010.17;0.4838443
19997.2,0.5800006,20010.15;0.4265523
19997.2,0.5800006,20010.15;0.2546657
19997.2,0.5800006,20010.14;0.4695213
19997.2,0.5800006,20010.13;0.55547
19997.2,0.5800006,20010.15;0.598439
19997.2,0.5800006,20010.17;0.6843877
19997.2,0.5800006,20010.14;0.6843877
19997.2,0.5800006,20010.14;0.7703365
19997.2,0.5800006,20010.14;0.8562853
19997.2,0.5800006,20010.14;0.942234
19997.2,0.5800006,20010.14;1.028183
19997.2,0.5800006,20010.14;1.114131
19997.2,0.5800006,20010.15;1.071162
19997.2,0.5800006,20010.14;1.042516
19997.2,0.5800006,20010.12;0.8706295
19997.2,0.5800006,20010.07;0.9422446
19997.2,0.5800006,20010.06;0.9852136
19997.2,0.5800006,20010.06;0.9995365
19997.2,0.5800006,20010.06;1.085485
19997.2,0.5800006,20010.04;0.9135987
19997.2,0.5800006,20010.09;0.8849528
19997.2,0.5800006,20010.1;0.8849528
19997.2,0.5800006,20010.1;0.7990041
19997.2,0.5800006,20010.07;0.82765
19997.2,0.5800006,20010.06;0.7273783
19997.2,0.5800006,20010.04;0.7846704
19997.2,0.5800006,20010.05;0.7989933
19997.2,0.5800006,20010.05;0.8133163
19997.2,0.5800006,20010.05;0.8276393
19997.2,0.5800006,20010.05;0.8419623
19997.2,0.5800006,20010.05;0.956557
19997.2,0.5800006,20010.05;0.942234
19997.2,0.5800006,20010.05;0.927911
19997.2,0.5800006,20010.05;0.9135881
19997.2,0.5800006,20010.05;0.8992651
19997.2,0.5800006,20010.05;0.8849422
19997.2,0.5800006,20010.05;0.8706191
19997.2,0.5800006,20010.09;0.9708909
19997.2,0.5800006,20010.13;1.071163
19997.2,0.5800006,20010.14;2.217077
19997.2,0.5800006,20010.15;2.403287
19997.2,0.5800006,20010.18;3.749734
19997.2,0.5800006,20010.13;3.477576
19997.2,0.5800006,20010.15;3.348658
19997.2,0.5800006,20010.15;3.248386
19997.2,0.5800006,20010.09;3.248386
19997.2,0.5800006,20010.07;3.692431
19997.2,0.5800006,20010.08;3.678108
19997.2,0.5800006,20010.06;3.964589
19997.19,0.5800006,20010.05;3.678108
19997.19,0.5800006,20009.99;3.706753
19997.19,0.5800006,20009.94;3.735399
19997.18,0.5800006,20009.88;3.764046
19997.18,0.5800006,20009.83;3.792692
19997.18,0.5800006,20009.77;3.821338
19997.17,0.5800006,20009.71;3.849984
19997.17,0.5800006,20009.66;3.87863
19997.17,0.5800006,20009.66;4.093486
19997.17,0.5800006,20009.64;4.523209
19997.17,0.5800006,20009.65;4.451593
19997.17,0.5800006,20009.66;4.365645
19997.17,0.5800006,20009.65;4.294031
19997.16,0.5800006,20009.62;4.437272
19997.17,0.5800006,20009.65;4.52322
19997.17,0.5800006,20009.64;3.749725
19997.17,0.5800006,20009.63;3.706756
19997.17,0.5800006,20009.64;3.4919
19997.17,0.5800006,20009.63;3.348659
19997.17,0.5800006,20009.64;3.30569
19997.17,0.5800006,20009.62;3.334336
19997.17,0.5800006,20009.63;3.334336
19997.17,0.5800006,20009.62;3.721079
19997.17,0.5800006,20009.63;3.678109
19997.17,0.5800006,20009.65;3.63514
19997.17,0.5800006,20009.65;3.63514
19997.17,0.5800006,20009.64;3.63514
19997.17,0.5800006,20009.64;3.63514
19997.17,0.5800006,20009.64;3.63514
19997.17,0.5800006,20009.69;4.064862
19997.17,0.5800006,20009.7;5.884002
19997.17,0.5800006,20009.7;7.703139
19997.17,0.5800006,20009.69;9.336068
19997.17,0.5800006,20009.7;9.737134
19997.17,0.5800006,20009.7;10.1382
19997.17,0.5800006,20009.71;9.937668
19997.17,0.5800006,20009.71;9.866053
19997.17,0.5800006,20009.71;9.507957
19997.17,0.5800006,20009.72;9.851731
19997.22,0.5800006,20009.97;9.722812
19997.26,0.5800006,20010.22;9.722812
19997.29,0.5800006,20010.4;9.722812
19997.32,0.5800006,20010.59;9.722812
19997.36,0.5800006,20010.78;9.722812
19997.39,0.5800006,20010.97;9.722812
19997.42,0.5800006,20011.15;9.722812
19997.42,0.5800006,20011.16;9.722812
19997.42,0.5800006,20011.15;9.880376
19997.42,0.5800006,20011.13;9.479311
19997.41,0.5800006,20011.12;9.336069
19997.42,0.5800006,20011.13;9.407685
19997.41,0.5800006,20011.09;9.464976
19997.4,0.5800006,20011.02;9.321736
19997.4,0.5800006,20011.02;8.319062
19997.4,0.5800006,20011.02;6.499923
19997.4,0.5800006,20011.01;4.680785
19997.4,0.5800006,20011;2.861646
19997.4,0.5800006,20011.03;1.042508
19997.4,0.5800006,20011.03;359.2234
19997.4,0.5800006,20011.04;357.4042
19997.39,0.5800006,20011.08;355.5851
19997.39,0.5800006,20011.09;353.766
19997.39,0.5800006,20011.08;351.9468
19997.39,0.5800006,20011.08;350.672
19997.39,0.5800006,20011.08;349.3972
19997.39,0.5800006,20011.08;348.1223
19997.39,0.5800006,20011.08;346.8475
19997.39,0.5800006,20011.08;345.5727
19997.39,0.5800006,20011.08;344.2978
19997.39,0.5800006,20011.08;343.023
19997.39,0.5800006,20011.08;341.7482
19997.39,0.5800006,20011.08;340.4733
19997.39,0.5800006,20011.08;340.6309
19997.4,0.5800006,20011.07;340.545
19997.42,0.5800006,20011.01;340.6595
19997.44,0.5800006,20010.95;340.7455
19997.46,0.5800006,20010.9;341.1036
19997.45,0.5800006,20010.93;341.7195
19997.45,0.5800006,20010.92;342.6219
19997.44,0.5800006,20010.94;342.7795
19997.44,0.5800006,20010.96;343.4241
19997.44,0.5800006,20010.97;343.8681
19997.44,0.5800006,20010.96;343.997
19997.43,0.5800006,20010.99;344.5413
19997.43,0.5800006,20010.98;344.6559
19997.43,0.5800006,20010.99;344.6559
19997.43,0.5800006,20011;344.6559
19997.43,0.5800006,20011;344.6559
19997.42,0.5800006,20011.01;344.6559
19997.42,0.5800006,20011.01;344.6559
19997.42,0.5800006,20011.02;344.6559
19997.42,0.5800006,20011.03;344.6559
19997.42,0.5800006,20011.02;344.484
19997.43,0.5800006,20010.99;344.3981
19997.43,0.5800006,20010.99;344.3551
19997.43,0.5800006,20010.97;344.4697
19997.42,0.5800006,20011.04;344.4267
19997.42,0.5800006,20011.04;344.4554
19997.42,0.5800006,20011.03;344.4267
19997.45,0.5800006,20010.93;344.4267
19997.45,0.5800006,20010.91;344.7132
19997.43,0.5800006,20010.97;344.6559
19997.4,0.5800006,20011.09;345.7302
19997.34,0.5800006,20011.34;345.5297
19997.28,0.5800006,20011.58;345.4294
19997.21,0.5800006,20011.83;345.3005
19997.15,0.5800006,20012.08;345.2862
19997.08,0.5800006,20012.32;345.2146
19997.02,0.5800006,20012.57;345.2146
19996.95,0.5800006,20012.81;345.2146
19996.89,0.5800006,20013.06;345.2146
19996.82,0.5800006,20013.3;345.2146
19996.76,0.5800006,20013.55;345.2146
19996.69,0.5800006,20013.79;345.2146
19996.69,0.5800006,20013.8;345.2146
19996.69,0.5800006,20013.8;345.2146
19996.69,0.5800006,20013.8;345.2146
19996.69,0.5800006,20013.81;345.5297
19996.69,0.5800006,20013.81;347.2629
19996.67,0.5800006,20013.91;349.082
19996.67,0.5800006,20013.92;350.9012
19996.67,0.5800006,20013.95;351.9468
19996.66,0.5800006,20013.96;352.0614
19996.66,0.5800006,20013.95;352.0184
19996.63,0.5800006,20014.2;352.133
19996.6,0.5800006,20014.45;352.0901
19996.56,0.5800006,20014.7;352.0184
19996.53,0.5800006,20014.96;351.9755
19996.49,0.5800006,20015.21;351.9755
19996.45,0.5800006,20015.46;351.9755
19996.42,0.5800006,20015.69;351.9755
19996.39,0.5800006,20015.92;351.9755
19996.36,0.5800006,20016.15;351.9755
19996.32,0.5800006,20016.38;351.9755
19996.29,0.5800006,20016.62;351.9755
19996.26,0.5800006,20016.85;351.9755
19996.22,0.5800006,20017.08;351.9755
19996.22,0.5800006,20017.08;352.7346
19996.21,0.5800006,20017.21;354.4965
19996.21,0.5800006,20017.32;356.3156
19996.21,0.5800006,20017.36;358.1348
19996.2,0.5800006,20017.61;358.0202
19996.19,0.5800006,20017.87;357.8913
19996.18,0.5800006,20018.12;357.6907
19996.17,0.5800006,20018.38;357.5761
19996.15,0.5800006,20018.63;357.4472
19996.14,0.5800006,20018.88;357.304
19996.13,0.5800006,20019.13;357.2037
19996.12,0.5800006,20019.39;357.1321
19996.1,0.5800006,20019.64;357.0605
19996.09,0.5800006,20019.9;357.0175
19996.08,0.5800006,20020.15;356.86
19996.06,0.5800006,20020.4;356.5018
19996.04,0.5800006,20020.66;356.5018
19996.03,0.5800006,20020.91;356.5018
19996.01,0.5800006,20021.16;356.5018
19996,0.5800006,20021.42;356.5018
19995.98,0.5800006,20021.67;356.5018
19995.97,0.5800006,20021.92;356.5018
19995.95,0.5800006,20022.18;356.688
19995.94,0.5800006,20022.43;356.688
19995.92,0.5800006,20022.69;356.688
19995.91,0.5800006,20022.94;356.688
19995.89,0.5800006,20023.19;356.688
19995.88,0.5800006,20023.45;356.688
19995.87,0.5800006,20023.7;356.688
19995.86,0.5800006,20023.82;356.688
19995.86,0.5800006,20023.88;356.8743
19995.84,0.5800006,20024.13;356.86
19995.83,0.5800006,20024.38;356.8026
19995.81,0.5800006,20024.64;356.774
19995.8,0.5800006,20024.89;356.7454
19995.78,0.5800006,20025.14;356.7024
19995.77,0.5800006,20025.4;356.6737
19995.75,0.5800006,20025.65;356.5591
19995.74,0.5800006,20025.91;356.4159
19995.72,0.5800006,20026.16;356.2154
19995.7,0.5800006,20026.41;355.9432
19995.68,0.5800006,20026.67;355.6424
19995.66,0.5800006,20026.92;355.6424
19995.64,0.5800006,20027.17;355.6424
19995.63,0.5800006,20027.43;355.6424
19995.61,0.5800006,20027.68;355.6424
19995.59,0.5800006,20027.93;355.6424
19995.57,0.5800006,20028.19;355.6424
19995.55,0.5800006,20028.44;355.6424
19995.53,0.5800006,20028.69;355.6424
19995.52,0.5800006,20028.79;355.6424
19995.51,0.5800006,20028.89;355.6424
19995.51,0.5800006,20028.99;355.6424
19995.49,0.5800006,20029.23;355.5995
19995.47,0.5800006,20029.49;355.5421
19995.45,0.5800006,20029.74;355.4419
19995.43,0.5800006,20029.99;355.4132
19995.41,0.5800006,20030.25;355.2986
19995.39,0.5800006,20030.5;355.2557
19995.37,0.5800006,20030.75;355.1841
19995.34,0.5800006,20031;355.1411
19995.32,0.5800006,20031.26;355.0981
19995.3,0.5800006,20031.51;354.9692
19995.28,0.5800006,20031.76;354.8689
19995.25,0.5800006,20032.02;354.6541
19995.23,0.5800006,20032.27;354.4392
19995.2,0.5800006,20032.52;354.0668
19995.17,0.5800006,20032.78;353.7517
19995.14,0.5800006,20033.03;353.4366
19995.12,0.5800006,20033.28;353.2074
19995.09,0.5800006,20033.53;353.2074
19995.05,0.5800006,20033.78;353.2074
19995.03,0.5800006,20034.04;353.2074
19994.99,0.5800006,20034.29;352.9495
19994.96,0.5800006,20034.54;352.9495
19994.93,0.5800006,20034.79;352.9495
19994.9,0.5800006,20035.04;352.9495
19994.87,0.5800006,20035.3;352.9495
19994.84,0.5800006,20035.55;352.706
19994.8,0.5800006,20035.8;352.6057
19994.77,0.5800006,20036.05;352.6057
19994.74,0.5800006,20036.3;352.6057
19994.71,0.5800006,20036.55;352.6057
19994.67,0.5800006,20036.81;352.6057
19994.64,0.5800006,20037.06;352.1903
19994.6,0.5800006,20037.31;351.9039
19994.57,0.5800006,20037.56;351.6031
19994.53,0.5800006,20037.81;351.2593
19994.49,0.5800006,20038.06;350.8725
19994.45,0.5800006,20038.31;350.6434
19994.4,0.5800006,20038.56;350.6434
19994.36,0.5800006,20038.82;350.6434
19994.32,0.5800006,20039.07;350.6434
19994.28,0.5800006,20039.32;350.6434
19994.24,0.5800006,20039.57;350.6434
19994.2,0.5800006,20039.82;350.6434
19994.16,0.5800006,20040.07;350.6434
19994.12,0.5800006,20040.32;350.6434
19994.07,0.5800006,20040.57;350.6434
19994.05,0.5800006,20040.7;350.6434
19994.03,0.5800006,20040.82;350.6434
19994.01,0.5800006,20040.95;350.6434
19993.97,0.5800006,20041.2;350.3855
19993.93,0.5800006,20041.45;350.2423
19993.88,0.5800006,20041.7;350.0847
19993.84,0.5800006,20041.95;349.9701
19993.79,0.5800006,20042.2;349.8698
