20000,0.5,20000;0
19999.99,0.58,20000.31;358.2382
19999.97,0.58,20000.6;356.5049
19999.95,0.58,20000.92;355.4307
19999.91,0.58,20001.25;354.0699
19999.89,0.58,20001.42;352.4799
19999.87,0.58,20001.58;350.8756
19999.81,0.58,20001.85;349.2427
19999.74,0.58,20002.17;347.8533
19999.67,0.58,20002.49;346.2204
19999.58,0.58,20002.8;344.5588
19999.52,0.58,20003;342.9258
19999.5,0.58,20003.07;341.8516
19999.44,0.58,20003.23;341.0208
19999.37,0.58,20003.43;340.3189
19999.32,0.58,20003.56;339.7746
19999.27,0.58,20003.69;339.2733
19999.22,0.58,20003.81;338.7146
19999.18,0.58,20003.93;338.2563
19999.13,0.58,20004.05;337.6976
19999.08,0.58,20004.17;337.1676
19999.03,0.58,20004.29;336.6377
19998.99,0.58,20004.38;336.0934
19998.93,0.58,20004.49;335.549
19998.89,0.58,20004.58;335.0907
19998.86,0.58,20004.65;334.8758
19998.83,0.58,20004.72;334.6753
19998.77,0.58,20004.85;334.131
19998.7,0.58,20004.98;333.4005
19998.61,0.58,20005.15;332.4551
19998.5,0.58,20005.36;331.5527
19998.37,0.58,20005.6;330.3924
19998.19,0.58,20005.89;328.9887
19998.03,0.58,20006.13;327.6279
19997.85,0.58,20006.41;326.0666
19997.68,0.58,20006.65;324.7345
19997.54,0.58,20006.83;323.1875
19997.33,0.58,20007.1;322.4713
19997.15,0.58,20007.33;320.91
19996.93,0.58,20007.59;319.5779
19996.71,0.58,20007.84;318.2314
19996.51,0.58,20008.04;316.6701
19996.28,0.58,20008.28;315.3093
19996.07,0.58,20008.48;313.748
19995.84,0.58,20008.69;312.4016
19995.63,0.58,20008.87;310.8259
19995.38,0.58,20009.08;309.4795
19995.14,0.58,20009.27;307.9468
19995.12,0.58,20009.28;306.6147
19995.09,0.58,20009.3;305.2539
19995.07,0.58,20009.31;303.9361
19994.86,0.58,20009.45;302.4178
19994.55,0.58,20009.63;300.9854
19994.29,0.58,20009.78;299.5816
19994.12,0.58,20009.87;298.4214
19994.08,0.58,20009.89;297.8771
19994.07,0.58,20009.9;297.7195
19994.05,0.58,20009.91;297.7625
19994.01,0.58,20009.93;297.7482
19993.96,0.58,20009.96;297.6909
19993.89,0.58,20009.99;297.5333
19993.78,0.58,20010.05;297.433
19993.64,0.58,20010.12;297.3757
19993.47,0.58,20010.21;297.3041
19993.3,0.58,20010.3;297.2612
19993.11,0.58,20010.39;297.2182
19992.94,0.58,20010.48;297.1895
19992.78,0.58,20010.56;297.1752
19992.59,0.58,20010.66;297.1466
19992.39,0.58,20010.76;297.1179
19992.2,0.58,20010.86;297.1036
19992.04,0.58,20010.95;297.0893
19991.85,0.58,20011.04;297.075
19991.68,0.58,20011.13;297.0606
19991.51,0.58,20011.21;297.0463
19991.32,0.58,20011.31;297.0033
19991.15,0.58,20011.4;296.9747
19990.98,0.58,20011.48;296.946
19990.78,0.58,20011.59;296.946
19990.6,0.58,20011.68;296.8744
19990.53,0.58,20011.71;296.5163
19990.5,0.58,20011.73;296.3874
19990.46,0.58,20011.75;296.2728
19990.38,0.58,20011.79;295.9004
19990.21,0.58,20011.87;295.2271
19990.04,0.58,20011.95;294.5253
19989.84,0.58,20012.03;293.981
19989.63,0.58,20012.13;293.3364
19989.4,0.58,20012.22;292.5056
19989.27,0.5800003,20012.3;291.6175
19989.27,0.5800002,20012.38;290.6578
19989.27,0.5800006,20012.43;290.2281
19989.27,0.5800003,20012.49;289.4832
19989.27,0.5800003,20012.54;288.7384
19989.27,0.5800006,20012.6;287.9792
19989.27,0.5800005,20012.62;287.0768
19989.27,0.5800008,20012.66;286.3033
19989.27,0.5800007,20012.7;285.5585
19989.27,0.5800008,20012.74;284.8279
19989.27,0.5800003,20012.78;284.1404
19989.27,0.580001,20012.82;283.6247
19989.27,0.5800011,20012.83;283.2666
19989.27,0.5800011,20012.83;283.3096
19989.27,0.5800011,20012.83;283.4242
19989.29,0.5800011,20012.83;283.5101
19989.3,0.5800011,20012.82;283.5818
19989.31,0.5800011,20012.82;283.5818
19989.32,0.5800011,20012.82;283.6247
19989.35,0.5800011,20012.81;283.7393
19989.42,0.5800011,20012.79;284.0688
19989.51,0.5800011,20012.77;284.4985
19989.62,0.5800011,20012.74;284.9712
19989.74,0.5800011,20012.71;285.5585
19989.9,0.5800011,20012.66;286.1028
19990.04,0.5800011,20012.62;286.776
19990.21,0.5800011,20012.57;287.2201
19990.42,0.5800011,20012.5;288.1081
19990.63,0.5800011,20012.43;289.0535
19990.84,0.5800011,20012.35;290.0705
19991.09,0.5800011,20012.25;291.0302
19991.35,0.5800011,20012.15;291.9899
19991.57,0.5800011,20012.05;292.9496
19991.83,0.5800011,20011.95;292.9782
19992.01,0.5800011,20011.87;293.0069
19992.27,0.5800011,20011.75;294.3104
19992.48,0.5800011,20011.65;295.4276
19992.73,0.5800011,20011.53;296.6881
19992.94,0.5800011,20011.41;297.7481
19993.17,0.5800011,20011.29;298.9657
19993.38,0.5800011,20011.17;300.0256
19993.6,0.5800011,20011.03;301.2432
19993.82,0.5800011,20010.89;302.4464
19993.93,0.5800011,20010.82;303.492
19994.1,0.5800011,20010.7;304.6953
19994.28,0.5800011,20010.57;305.7266
19994.45,0.5800011,20010.45;306.9297
19994.63,0.5800011,20010.3;307.9324
19994.68,0.5800011,20010.26;308.9351
19994.81,0.5800011,20010.15;310.0237
19994.94,0.5800011,20010.04;310.9548
19995.09,0.5800011,20009.91;312.0434
19995.23,0.5800011,20009.77;313.1177
19995.37,0.5800011,20009.64;314.2064
19995.48,0.5800011,20009.53;315.3093
19995.57,0.5800011,20009.43;316.4122
19995.67,0.5800011,20009.32;317.5009
19995.77,0.5800011,20009.22;318.5465
19995.85,0.5800011,20009.12;319.5778
19995.94,0.5800011,20009.01;320.6521
19996.02,0.5800011,20008.91;321.7264
19996.1,0.5800011,20008.81;322.815
19996.18,0.5800011,20008.69;323.9037
19996.24,0.5800011,20008.6;324.8634
19996.3,0.5800011,20008.51;325.8947
19996.34,0.5800011,20008.45;327.1122
19996.36,0.5800011,20008.43;328.3584
19996.36,0.5800011,20008.43;329.6046
19996.36,0.5800011,20008.43;330.4927
19996.36,0.5800011,20008.43;331.524
19996.36,0.5800011,20008.43;332.7129
19996.36,0.5800011,20008.43;333.8445
19996.36,0.5800011,20008.43;334.9617
19996.36,0.5800011,20008.43;335.9071
19996.36,0.5800011,20008.43;336.8525
19996.36,0.5800011,20008.43;337.6547
19996.36,0.5800011,20008.43;338.4138
19996.36,0.5800011,20008.42;338.8435
19996.36,0.5800011,20008.41;339.173
19996.36,0.5800011,20008.41;339.5884
19996.39,0.5800011,20008.33;340.5768
19996.44,0.5800011,20008.18;341.6081
19996.49,0.5800011,20008.01;342.9116
19996.56,0.5800011,20007.76;344.1004
19996.62,0.5800011,20007.57;345.5328
19996.67,0.5800011,20007.34;346.9652
19996.7,0.5800011,20007.17;348.4263
19996.73,0.5800011,20007;349.8443
19996.76,0.5800011,20006.83;351.2624
19996.78,0.5800011,20006.64;352.5229
19996.8,0.5800011,20006.43;354.0126
19996.83,0.5800011,20006.22;354.4996
19996.84,0.5800011,20006.03;355.9177
19996.85,0.5800011,20005.85;356.7485
19996.86,0.5800011,20005.66;357.0207
19996.87,0.5800011,20005.44;357.2928
19996.88,0.5800011,20005.26;357.3644
19996.88,0.5800011,20005.05;358.9401
19996.88,0.5800011,20004.87;0.5013692
19996.87,0.5800011,20004.66;1.86214
19996.86,0.5800011,20004.45;3.409131
19996.85,0.5800011,20004.28;4.755578
19996.83,0.5800011,20004.08;6.273912
19996.8,0.5800011,20003.93;7.792246
19996.78,0.5800011,20003.75;9.296257
19996.75,0.5800011,20003.62;10.81459
19996.71,0.5800011,20003.44;12.16104
19996.67,0.5800011,20003.29;13.67937
19996.64,0.5800011,20003.16;15.19771
19996.59,0.5800011,20003.01;16.68739
19996.54,0.5800011,20002.85;18.14844
19996.5,0.5800011,20002.72;19.60948
19996.44,0.5800011,20002.58;20.85567
19996.39,0.5800011,20002.44;22.30239
19996.33,0.5800011,20002.31;23.53425
19996.27,0.5800011,20002.18;24.95232
19996.22,0.5800011,20002.08;26.34175
19996.15,0.5800011,20001.96;27.6309
19996.09,0.5800011,20001.84;29.09195
19996.03,0.5800011,20001.73;30.36678
19995.96,0.5800011,20001.63;31.84214
19995.89,0.5800011,20001.52;33.31751
19995.83,0.5800011,20001.43;34.77856
19995.75,0.5800011,20001.33;36.22528
19995.7,0.5800011,20001.26;37.45714
19995.63,0.5800011,20001.17;38.70333
19995.57,0.5800011,20001.1;40.13573
19995.52,0.5800011,20001.04;41.35327
19995.46,0.5800011,20000.97;42.55648
19995.4,0.5800011,20000.92;43.93158
19995.39,0.5800011,20000.91;45.27802
19995.32,0.5800011,20000.84;46.59583
19995.23,0.5800011,20000.75;47.8993
19995.15,0.5800011,20000.69;49.17414
19995.07,0.5800011,20000.62;50.24844
19994.97,0.5800011,20000.54;51.49463
19994.88,0.5800011,20000.48;52.75513
19994.79,0.5800011,20000.41;53.81511
19994.7,0.5800011,20000.34;55.06131
19994.62,0.5800011,20000.29;56.10695
19994.56,0.5800011,20000.26;57.31015
19994.52,0.5800011,20000.23;58.47039
19994.44,0.5800011,20000.18;59.58767
19994.38,0.5800011,20000.14;60.56169
19994.31,0.5800011,20000.11;61.62167
19994.22,0.5800011,20000.06;62.68165
19994.15,0.5800011,20000.03;63.68432
19994.07,0.5800011,19999.99;64.83025
19994,0.5800011,19999.96;65.83292
19993.91,0.5800011,19999.92;66.87856
19993.86,0.5800011,19999.9;67.58044
19993.78,0.5800011,19999.87;68.65473
19993.69,0.5800011,19999.84;69.45688
19993.61,0.5800011,19999.81;70.00119
19993.56,0.5800011,19999.79;70.41659
19993.53,0.5800011,19999.78;70.51686
19993.54,0.5800011,19999.78;70.43091
19993.55,0.5800011,19999.79;70.35931
19993.56,0.5800011,19999.79;70.28769
19993.57,0.5800011,19999.79;70.25904
19993.59,0.5800011,19999.8;70.20175
19993.61,0.5800011,19999.81;70.17311
19993.63,0.5800011,19999.81;70.17311
19993.65,0.5800011,19999.82;70.17311
19993.68,0.5800011,19999.83;70.20176
19993.73,0.5800011,19999.85;70.2304
19993.83,0.5800011,19999.88;70.2304
19993.96,0.5800011,19999.93;70.20176
19994.13,0.5800011,20000;70.07285
19994.29,0.5800011,20000.05;69.9296
19994.53,0.5800011,20000.14;69.80068
19994.76,0.5800011,20000.23;69.75771
19995.06,0.5800011,20000.34;69.75771
19995.34,0.5800011,20000.44;69.71474
19995.63,0.5800011,20000.55;69.67178
19995.9,0.5800011,20000.65;69.62881
19996.14,0.5800011,20000.74;69.58584
19996.43,0.5800011,20000.84;69.54288
19996.66,0.5800011,20000.93;69.49991
19996.93,0.5800011,20001.03;69.45694
19997.2,0.5800011,20001.13;69.41397
19997.46,0.5800011,20001.23;69.37101
19997.74,0.5800011,20001.34;69.32804
19998.01,0.5800011,20001.44;69.28508
19998.28,0.5800011,20001.54;69.24212
19998.54,0.5800011,20001.64;69.19915
19998.79,0.5800011,20001.73;69.15619
19998.99,0.5800011,20001.81;69.11322
19999.2,0.5800011,20001.89;69.07025
19999.42,0.5800011,20001.98;69.02729
19999.6,0.5800011,20002.04;68.98432
19999.78,0.5800011,20002.12;68.94135
19999.96,0.5800011,20002.19;68.89839
20000.18,0.5800011,20002.27;68.89839
20000.32,0.5800011,20002.32;68.7265
20000.32,0.5800011,20002.33;68.55463
20000.29,0.5800011,20002.31;68.61191
20000.24,0.5800011,20002.29;68.65489
20000.19,0.5800011,20002.28;68.64056
20000.14,0.5800011,20002.25;68.5976
20000.06,0.5800011,20002.22;68.55463
19999.91,0.5800011,20002.16;68.45435
19999.78,0.5800011,20002.11;68.35408
19999.63,0.5800011,20002.05;68.26813
19999.46,0.5800011,20001.98;68.25381
19999.34,0.5800011,20001.94;68.23949
19999.2,0.5800011,20001.88;68.21084
19999.02,0.5800011,20001.81;68.09625
19998.84,0.5800011,20001.73;67.98167
19998.64,0.5800011,20001.65;67.95303
19998.48,0.5800011,20001.59;67.92438
19998.28,0.5800011,20001.51;67.89574
19998.1,0.5800011,20001.44;67.8671
19998.04,0.5800011,20001.41;67.8671
19998.02,0.5800011,20001.4;67.83844
19997.99,0.5800011,20001.39;67.85277
19997.96,0.5800011,20001.38;67.95304
19997.94,0.5800011,20001.37;68.03899
19997.94,0.5800011,20001.37;67.98169
19998.03,0.5800011,20001.41;67.82413
19998.18,0.5800011,20001.47;67.63792
19998.26,0.5800011,20001.5;67.39442
19998.32,0.5800011,20001.53;67.30846
19998.39,0.5800011,20001.56;67.22251
19998.46,0.5800011,20001.58;67.13656
19998.51,0.5800011,20001.61;66.90738
19998.57,0.5800011,20001.63;66.72117
19998.62,0.5800011,20001.65;66.50631
19998.64,0.5800011,20001.66;66.3201
19998.61,0.5800011,20001.65;66.29145
19998.64,0.5800011,20001.66;66.23417
19998.72,0.5800011,20001.7;65.93336
19998.81,0.5800011,20001.74;65.40339
19998.88,0.5800011,20001.77;64.42935
19998.96,0.5800011,20001.81;63.45533
19999.18,0.5800011,20001.93;62.05158
19999.45,0.5800011,20002.08;60.24677
19999.75,0.5800011,20002.27;58.81437
20000.02,0.5800011,20002.43;58.54221
20000.32,0.5800011,20002.63;56.93793
20000.59,0.5800011,20002.82;55.14744
20000.86,0.5800011,20003.01;54.05882
20001.13,0.5800011,20003.22;52.23967
20001.39,0.5800011,20003.43;50.42054
20001.65,0.5800011,20003.66;48.6014
20001.89,0.5800011,20003.89;46.78226
20002.11,0.5800011,20004.11;44.96312
20002.32,0.5800011,20004.33;43.14398
20002.53,0.5800011,20004.57;41.32483
20002.74,0.5800011,20004.82;39.72055
20002.91,0.5800011,20005.04;37.90142
20003.11,0.5800011,20005.31;36.31146
20003.28,0.5800011,20005.56;34.49232
20003.47,0.5800011,20005.86;32.83075
20003.63,0.5800011,20006.12;31.01161
20003.8,0.5800011,20006.42;29.35003
20003.93,0.5800011,20006.69;27.5309
20004.08,0.5800011,20006.99;25.89797
20004.2,0.5800011,20007.26;24.07883
20004.33,0.5800011,20007.56;22.46022
20004.43,0.5800011,20007.82;20.91323
20004.54,0.5800011,20008.13;19.40922
20004.64,0.5800011,20008.45;17.64738
20004.71,0.5800011,20008.73;15.82824
20004.79,0.5800011,20009.04;14.0091
20004.86,0.5800011,20009.33;12.40482
20004.92,0.5800011,20009.67;10.58568
20004.96,0.5800011,20009.96;8.838159
20005,0.5800011,20010.23;7.663598
20005.04,0.5800011,20010.52;6.617954
20005.05,0.5800011,20010.68;5.873104
20005.07,0.5800011,20010.82;5.371768
20005.07,0.5800011,20010.86;5.300153
20005.07,0.5800011,20010.87;5.400425
20005.07,0.5800011,20010.86;5.486373
20005.07,0.5800011,20010.87;5.500696
20005.07,0.5800011,20010.87;5.500696
20005.07,0.5800011,20010.87;5.543665
20005.07,0.5800011,20010.86;5.586635
20005.07,0.5800011,20010.85;5.600957
20005.07,0.5800011,20010.83;5.61528
20005.06,0.5800011,20010.82;5.629603
20005.06,0.5800011,20010.8;5.643926
20005.06,0.5800011,20010.79;5.658249
20005.06,0.5800011,20010.78;5.672573
20005.06,0.5800011,20010.76;5.686895
20005.06,0.5800011,20010.75;5.701218
20005.06,0.5800011,20010.73;5.701218
20005.05,0.5800011,20010.71;5.701218
20005.05,0.5800011,20010.69;5.715541
20005.05,0.5800011,20010.67;5.729864
20005.05,0.5800011,20010.65;5.729864
20005.04,0.5800011,20010.63;5.744187
20005.04,0.5800011,20010.6;5.744187
20005.04,0.5800011,20010.58;5.744187
20005.04,0.5800011,20010.56;5.744187
20005.04,0.5800011,20010.53;5.75851
20005.03,0.5800011,20010.51;5.75851
20005.03,0.5800011,20010.48;5.75851
20005.03,0.5800011,20010.46;5.75851
20005.03,0.5800011,20010.44;5.75851
20005.03,0.5800011,20010.44;5.772833
20005.03,0.5800011,20010.43;5.801479
20005.03,0.5800011,20010.42;5.801479
20005.03,0.5800011,20010.43;5.787156
20005.03,0.5800011,20010.43;5.75851
20005.03,0.5800011,20010.43;5.729864
20005.02,0.5800011,20010.41;5.686894
20005.02,0.5800011,20010.4;5.658248
20005.02,0.5800011,20010.38;5.600956
20005.02,0.5800011,20010.37;5.529341
20005.02,0.5800011,20010.35;5.486373
20005.02,0.5800011,20010.33;5.429081
20005.01,0.5800011,20010.31;5.371789
20005.01,0.5800011,20010.29;5.314497
20005.01,0.5800011,20010.26;5.271529
20005.01,0.5800011,20010.24;5.22856
20005.01,0.5800011,20010.22;5.171268
20005,0.5800011,20010.19;5.113976
20005,0.5800011,20010.16;5.056685
20005,0.5800011,20010.14;5.013716
20005,0.5800011,20010.11;4.956424
20004.99,0.5800011,20010.08;4.913455
20004.99,0.5800011,20010.05;4.870487
20004.99,0.5800011,20010.02;4.827518
20004.99,0.5800011,20009.99;4.770226
20004.98,0.5800011,20009.96;4.727257
20004.98,0.5800011,20009.93;4.684288
20004.98,0.5800011,20009.9;4.626996
20004.98,0.5800011,20009.87;4.584027
20004.97,0.5800011,20009.84;4.541059
20004.97,0.5800011,20009.8;4.483767
20004.97,0.5800011,20009.77;4.440798
20004.97,0.5800011,20009.74;4.383506
20004.96,0.5800011,20009.71;4.340537
20004.96,0.5800011,20009.67;4.283245
20004.96,0.5800011,20009.65;4.225954
20004.96,0.5800011,20009.62;4.182985
20004.96,0.5800011,20009.58;4.125692
20004.95,0.5800011,20009.55;4.082724
20004.95,0.5800011,20009.52;4.039755
20004.95,0.5800011,20009.48;3.982463
20004.95,0.5800011,20009.46;3.939494
20004.94,0.5800011,20009.42;3.896526
20004.94,0.5800011,20009.39;3.853557
20004.94,0.5800011,20009.36;3.796265
20004.94,0.5800011,20009.33;3.753296
20004.94,0.5800011,20009.29;3.710327
20004.93,0.5800011,20009.26;3.653035
20004.93,0.5800011,20009.24;3.595743
20004.93,0.5800011,20009.2;3.538451
20004.93,0.5800011,20009.17;3.495482
20004.93,0.5800011,20009.15;3.452513
20004.92,0.5800011,20009.11;3.380898
20004.92,0.5800011,20009.08;3.337929
20004.92,0.5800011,20009.04;3.266314
20004.92,0.5800011,20009.02;3.209022
20004.92,0.5800011,20008.99;3.180377
20004.92,0.5800011,20008.96;3.123084
20004.91,0.5800011,20008.93;3.080115
20004.91,0.5800011,20008.89;3.022823
20004.91,0.5800011,20008.87;2.979854
20004.91,0.5800011,20008.83;2.936885
20004.91,0.5800011,20008.8;2.879593
20004.91,0.5800011,20008.78;2.836624
20004.9,0.5800011,20008.75;2.793655
20004.9,0.5800011,20008.72;2.736363
20004.9,0.5800011,20008.69;2.693394
20004.9,0.5800011,20008.67;2.636102
20004.9,0.5800011,20008.65;2.57881
20004.9,0.5800011,20008.62;2.535841
20004.9,0.5800011,20008.6;2.478549
20004.9,0.5800011,20008.57;2.406934
20004.9,0.5800011,20008.55;2.349642
20004.89,0.5800011,20008.53;2.29235
20004.89,0.5800011,20008.52;2.235058
20004.89,0.5800011,20008.5;2.177766
20004.89,0.5800011,20008.47;2.120474
20004.89,0.5800011,20008.46;2.106152
20004.89,0.5800011,20008.44;2.04886
20004.89,0.5800011,20008.43;2.005891
20004.89,0.5800011,20008.42;1.948599
20004.89,0.5800011,20008.41;1.891307
20004.89,0.5800011,20008.39;1.834015
20004.89,0.5800011,20008.39;1.776723
20004.89,0.5800011,20008.38;1.719431
20004.89,0.5800011,20008.37;1.662139
20004.89,0.5800011,20008.36;1.604847
20004.89,0.5800011,20008.35;1.547555
20004.89,0.5800011,20008.34;1.490263
20004.89,0.5800011,20008.34;1.432971
20004.89,0.5800011,20008.33;1.375679
20004.89,0.5800011,20008.32;1.347033
20004.89,0.5800011,20008.32;1.289741
20004.89,0.5800011,20008.31;1.232449
20004.89,0.5800011,20008.31;1.18948
20004.89,0.5800011,20008.31;1.160834
20004.89,0.5800011,20008.31;1.117865
20004.89,0.5800011,20008.31;1.060573
20004.89,0.5800011,20008.31;1.003281
20004.89,0.5800011,20008.31;0.9459891
20004.89,0.5800011,20008.31;0.9030201
20004.89,0.5800011,20008.31;0.8743741
20004.89,0.5800011,20008.31;0.8027591
20004.89,0.5800011,20008.31;0.7884361
20004.89,0.5800011,20008.32;0.7454671
20004.89,0.5800011,20008.32;0.6881751
20004.89,0.5800011,20008.33;0.6308832
20004.89,0.5800011,20008.34;0.5735912
20004.89,0.5800011,20008.35;0.5306222
20004.89,0.5800011,20008.36;0.4733303
20004.89,0.5800011,20008.37;0.4303613
20004.89,0.5800011,20008.38;0.3730693
20004.89,0.5800011,20008.39;0.3301003
20004.89,0.5800011,20008.4;0.2728083
20004.89,0.5800011,20008.41;0.2155164
20004.89,0.5800011,20008.43;0.1582244
20004.89,0.5800011,20008.44;0.1152554
20004.89,0.5800011,20008.46;0.05796343
20004.89,0.5800011,20008.47;0.000671453
20004.89,0.5800011,20008.49;359.9577
20004.89,0.5800011,20008.5;359.9147
20004.89,0.5800011,20008.52;359.8575
20004.89,0.5800011,20008.54;359.8001
20004.89,0.5800011,20008.56;359.7429
20004.89,0.5800011,20008.58;359.6999
20004.89,0.5800011,20008.6;359.6426
20004.89,0.5800011,20008.63;359.5853
20004.89,0.5800011,20008.65;359.528
20004.89,0.5800011,20008.67;359.485
20004.89,0.5800011,20008.7;359.4421
20004.89,0.5800011,20008.72;359.3848
20004.89,0.5800011,20008.75;359.3275
20004.89,0.5800011,20008.78;359.2702
20004.89,0.5800011,20008.81;359.2129
20004.88,0.5800011,20008.83;359.1556
20004.88,0.5800011,20008.86;359.0983
20004.88,0.5800011,20008.89;359.0554
20004.88,0.5800011,20008.92;358.998
20004.88,0.5800011,20008.94;358.9408
20004.88,0.5800011,20008.97;358.8835
20004.88,0.5800011,20009;358.8119
20004.88,0.5800011,20009.03;358.7546
20004.88,0.5800011,20009.06;358.6973
20004.88,0.5800011,20009.09;358.64
20004.88,0.5800011,20009.13;358.597
20004.88,0.5800011,20009.16;358.5397
20004.88,0.5800011,20009.19;358.4681
20004.88,0.5800011,20009.22;358.4108
20004.88,0.5800011,20009.26;358.3392
20004.88,0.5800011,20009.29;358.2819
20004.87,0.5800011,20009.33;358.2103
20004.87,0.5800011,20009.36;358.1673
20004.87,0.5800011,20009.39;358.11
20004.87,0.5800011,20009.43;358.0527
20004.87,0.5800011,20009.47;357.9955
20004.87,0.5800011,20009.5;357.9382
20004.87,0.5800011,20009.54;357.8809
20004.87,0.5800011,20009.57;357.8236
20004.86,0.5800011,20009.61;357.752
20004.86,0.5800011,20009.64;357.6947
20004.86,0.5800011,20009.67;357.623
20004.86,0.5800011,20009.71;357.5658
20004.86,0.5800011,20009.74;357.5085
20004.86,0.5800011,20009.77;357.4369
20004.86,0.5800011,20009.8;357.3652
20004.85,0.5800011,20009.84;357.308
20004.85,0.5800011,20009.87;357.2506
20004.85,0.5800011,20009.9;357.179
20004.85,0.5800011,20009.94;357.1217
20004.85,0.5800011,20009.97;357.0501
20004.85,0.5800011,20010;356.9785
20004.84,0.5800011,20010.03;356.9069
20004.84,0.5800011,20010.06;356.8496
20004.84,0.5800011,20010.09;356.7923
20004.84,0.5800011,20010.12;356.7207
20004.84,0.5800011,20010.15;356.6634
20004.84,0.5800011,20010.18;356.6205
20004.83,0.5800011,20010.21;356.5488
20004.83,0.5800011,20010.23;356.4915
20004.83,0.5800011,20010.26;356.4342
20004.83,0.5800011,20010.29;356.377
20004.83,0.5800011,20010.32;356.3197
20004.82,0.5800011,20010.35;356.2624
20004.82,0.5800011,20010.38;356.2051
20004.82,0.5800011,20010.39;356.1478
20004.82,0.5800011,20010.41;356.0905
20004.82,0.5800011,20010.43;356.0332
20004.82,0.5800011,20010.45;355.9759
20004.82,0.5800011,20010.47;355.9186
20004.81,0.5800011,20010.48;355.8613
20004.81,0.5800011,20010.5;355.804
20004.81,0.5800011,20010.52;355.7467
20004.81,0.5800011,20010.53;355.6895
20004.81,0.5800011,20010.54;355.6322
20004.81,0.5800011,20010.56;355.5892
20004.81,0.5800011,20010.57;355.5319
20004.81,0.5800011,20010.58;355.4746
20004.81,0.5800011,20010.59;355.4173
20004.81,0.5800011,20010.6;355.3743
20004.81,0.5800011,20010.61;355.3314
20004.8,0.5800011,20010.62;355.2884
20004.8,0.5800011,20010.63;355.2311
20004.8,0.5800011,20010.63;355.1738
20004.8,0.5800011,20010.64;355.1165
20004.8,0.5800011,20010.64;355.0592
20004.8,0.5800011,20010.64;355.002
20004.8,0.5800011,20010.64;354.959
20004.8,0.5800011,20010.64;354.916
20004.8,0.5800011,20010.64;354.873
20004.8,0.5800011,20010.64;354.8301
20004.8,0.5800011,20010.64;354.7728
20004.8,0.5800011,20010.64;354.7298
20004.8,0.5800011,20010.64;354.6868
20004.8,0.5800011,20010.63;354.6439
20004.8,0.5800011,20010.63;354.6009
20004.8,0.5800011,20010.63;354.5579
20004.8,0.5800011,20010.62;354.515
20004.81,0.5800011,20010.61;354.4577
20004.81,0.5800011,20010.6;354.4004
20004.81,0.5800011,20010.59;354.3574
20004.81,0.5800011,20010.58;354.3145
20004.81,0.5800011,20010.56;354.2715
20004.81,0.5800011,20010.55;354.2285
20004.81,0.5800011,20010.54;354.1712
20004.81,0.5800011,20010.52;354.1282
20004.82,0.5800011,20010.51;354.0853
20004.82,0.5800011,20010.5;354.0423
20004.82,0.5800011,20010.48;354.0136
20004.82,0.5800011,20010.47;353.9707
20004.82,0.5800011,20010.46;353.942
20004.82,0.5800011,20010.44;353.8848
20004.83,0.5800011,20010.42;353.8561
20004.83,0.5800011,20010.4;353.8131
20004.83,0.5800011,20010.38;353.7845
20004.83,0.5800011,20010.36;353.7415
20004.84,0.5800011,20010.34;353.6985
20004.84,0.5800011,20010.32;353.6556
20004.84,0.5800011,20010.3;353.6126
20004.84,0.5800011,20010.28;353.5696
20004.84,0.5800011,20010.26;353.5267
20004.85,0.5800011,20010.24;353.4837
20004.85,0.5800011,20010.22;353.455
20004.85,0.5800011,20010.19;353.4121
20004.85,0.5800011,20010.17;353.3691
20004.86,0.5800011,20010.15;353.3405
20004.86,0.5800011,20010.12;353.2975
20004.86,0.5800011,20010.1;353.2545
20004.87,0.5800011,20010.07;353.2259
20004.87,0.5800011,20010.04;353.1829
20004.87,0.5800011,20010.02;353.1543
20004.88,0.5800011,20009.99;353.1113
20004.88,0.5800011,20009.96;353.0683
20004.88,0.5800011,20009.94;353.0397
20004.88,0.5800011,20009.92;353.011
20004.89,0.5800011,20009.89;352.9681
20004.89,0.5800011,20009.87;352.9251
20004.89,0.5800011,20009.84;352.8821
20004.9,0.5800011,20009.82;352.8392
20004.9,0.5800011,20009.8;352.8105
20004.9,0.5800011,20009.78;352.7675
20004.9,0.5800011,20009.76;352.7389
20004.91,0.5800011,20009.74;352.7103
20004.91,0.5800011,20009.72;352.6673
20004.91,0.5800011,20009.7;352.6243
20004.91,0.5800011,20009.68;352.5814
20004.92,0.5800011,20009.66;352.567
20004.92,0.5800011,20009.64;352.5241
20004.92,0.5800011,20009.63;352.4811
20004.92,0.5800011,20009.6;352.4381
20004.93,0.5800011,20009.58;352.4095
20004.93,0.5800011,20009.56;352.3808
20004.93,0.5800011,20009.54;352.3522
20004.93,0.5800011,20009.53;352.3092
20004.94,0.5800011,20009.51;352.2806
20004.94,0.5800011,20009.49;352.2376
20004.94,0.5800011,20009.48;352.209
20004.94,0.5800011,20009.46;352.166
20004.95,0.5800011,20009.45;352.123
20004.95,0.5800011,20009.44;352.08
20004.95,0.5800011,20009.43;352.0371
20004.95,0.5800011,20009.42;351.9941
20004.95,0.5800011,20009.41;351.9511
20004.95,0.5800011,20009.4;351.9082
20004.95,0.5800011,20009.39;351.8652
20004.96,0.5800011,20009.38;351.8222
20004.96,0.5800011,20009.38;351.7793
20004.96,0.5800011,20009.37;351.7363
20004.96,0.5800011,20009.37;351.6933
20004.96,0.5800011,20009.36;351.6504
20004.96,0.5800011,20009.36;351.6074
20004.96,0.5800011,20009.36;351.5644
20004.96,0.5800011,20009.36;351.5071
20004.96,0.5800011,20009.36;351.4642
20004.96,0.5800011,20009.36;351.4212
20004.96,0.5800011,20009.36;351.3782
20004.96,0.5800011,20009.36;351.3353
20004.96,0.5800011,20009.36;351.278
20004.96,0.5800011,20009.36;351.235
20004.96,0.5800011,20009.36;351.192
20004.96,0.5800011,20009.36;351.1634
20004.96,0.5800011,20009.37;351.1061
20004.96,0.5800011,20009.37;351.0631
20004.96,0.5800011,20009.38;351.0058
20004.96,0.5800011,20009.38;350.9485
20004.95,0.5800011,20009.39;350.9055
20004.95,0.5800011,20009.4;350.8626
20004.95,0.5800011,20009.42;350.8196
20004.95,0.5800011,20009.42;350.7766
20004.95,0.5800011,20009.43;350.7337
20004.95,0.5800011,20009.44;350.6907
20004.94,0.5800011,20009.46;350.6334
20004.94,0.5800011,20009.47;350.5905
20004.94,0.5800011,20009.48;350.5332
20004.94,0.5800011,20009.49;350.5045
20004.94,0.5800011,20009.5;350.4615
20004.93,0.5800011,20009.51;350.4043
20004.93,0.5800011,20009.53;350.3613
20004.93,0.5800011,20009.54;350.304
20004.92,0.5800011,20009.56;350.261
20004.92,0.5800011,20009.58;350.218
20004.92,0.5800011,20009.6;350.1751
20004.92,0.5800011,20009.61;350.1178
20004.91,0.5800011,20009.63;350.0748
20004.91,0.5800011,20009.64;350.0319
20004.91,0.5800011,20009.66;349.9745
20004.9,0.5800011,20009.68;349.9316
20004.9,0.5800011,20009.7;349.8743
20004.89,0.5800011,20009.73;349.8456
20004.89,0.5800011,20009.75;349.8027
20004.89,0.5800011,20009.77;349.7597
20004.88,0.5800011,20009.79;349.7024
20004.88,0.5800011,20009.81;349.6595
20004.88,0.5800011,20009.83;349.6308
20004.87,0.5800011,20009.85;349.5735
20004.87,0.5800011,20009.87;349.5305
20004.87,0.5800011,20009.89;349.4876
20004.86,0.5800011,20009.91;349.4446
20004.86,0.5800011,20009.94;349.4016
20004.85,0.5800011,20009.96;349.3444
20004.85,0.5800011,20009.98;349.3014
20004.84,0.5800011,20010;349.2584
20004.84,0.5800011,20010.03;349.2155
20004.83,0.5800011,20010.05;349.1725
20004.83,0.5800011,20010.07;349.1295
20004.83,0.5800011,20010.1;349.0722
20004.82,0.5800011,20010.12;349.0149
20004.82,0.5800011,20010.14;348.972
20004.81,0.5800011,20010.16;348.929
20004.81,0.5800011,20010.18;348.886
20004.81,0.5800011,20010.2;348.843
20004.8,0.5800011,20010.21;348.7857
20004.8,0.5800011,20010.23;348.7428
20004.79,0.5800011,20010.25;348.6998
20004.79,0.5800011,20010.27;348.6568
20004.79,0.5800011,20010.29;348.6139
20004.79,0.5800011,20010.3;348.5566
20004.78,0.5800011,20010.32;348.5136
20004.78,0.5800011,20010.34;348.4706
20004.78,0.5800011,20010.36;348.4277
20004.77,0.5800011,20010.38;348.399
20004.77,0.5800011,20010.4;348.356
20004.76,0.5800011,20010.42;348.3274
20004.76,0.5800011,20010.43;348.2845
20004.76,0.5800011,20010.45;348.2558
20004.75,0.5800011,20010.46;348.2271
20004.75,0.5800011,20010.48;348.1842
20004.75,0.5800011,20010.49;348.1555
20004.74,0.5800011,20010.51;348.1126
20004.74,0.5800011,20010.52;348.0696
20004.74,0.5800011,20010.53;348.0266
20004.73,0.5800011,20010.55;347.998
20004.73,0.5800011,20010.56;347.955
20004.73,0.5800011,20010.57;347.9264
20004.73,0.5800011,20010.58;347.8834
20004.72,0.5800011,20010.59;347.8548
20004.72,0.5800011,20010.6;347.8261
20004.72,0.5800011,20010.61;347.7975
20004.72,0.5800011,20010.62;347.7545
20004.72,0.5800011,20010.63;347.7259
20004.72,0.5800011,20010.63;347.6829
20004.71,0.5800011,20010.64;347.6399
20004.71,0.5800011,20010.64;347.6113
20004.71,0.5800011,20010.64;347.5826
20004.71,0.5800011,20010.64;347.554
20004.71,0.5800011,20010.65;347.5253
20004.71,0.5800011,20010.65;347.511
20004.71,0.5800011,20010.65;347.4824
20004.71,0.5800011,20010.65;347.4537
20004.71,0.5800011,20010.65;347.4251
20004.71,0.5800011,20010.65;347.3964
20004.71,0.5800011,20010.65;347.3678
20004.71,0.5800011,20010.64;347.3391
20004.71,0.5800011,20010.64;347.3105
20004.72,0.5800011,20010.63;347.2962
20004.72,0.5800011,20010.63;347.2675
20004.72,0.5800011,20010.62;347.2389
20004.72,0.5800011,20010.61;347.2102
20004.72,0.5800011,20010.6;347.1816
20004.72,0.5800011,20010.6;347.1529
20004.73,0.5800011,20010.59;347.1243
20004.73,0.5800011,20010.58;347.11
20004.73,0.5800011,20010.57;347.0813
20004.73,0.5800011,20010.56;347.0527
20004.74,0.5800011,20010.55;347.024
20004.74,0.5800011,20010.54;346.9954
20004.74,0.5800011,20010.53;346.9667
20004.74,0.5800011,20010.52;346.9524
20004.74,0.5800011,20010.51;346.9238
20004.75,0.5800011,20010.5;346.8951
20004.75,0.5800011,20010.49;346.8808
20004.75,0.5800011,20010.49;346.8665
20004.75,0.5800011,20010.48;346.8521
20004.75,0.5800011,20010.47;346.8235
20004.76,0.5800011,20010.46;346.8092
20004.76,0.5800011,20010.46;346.7805
20004.76,0.5800011,20010.45;346.7519
20004.76,0.5800011,20010.44;346.7232
20004.76,0.5800011,20010.43;346.7089
20004.77,0.5800011,20010.42;346.6946
20004.77,0.5800011,20010.41;346.6803
20004.77,0.5800011,20010.41;346.6516
20004.77,0.5800011,20010.4;346.623
20004.77,0.5800011,20010.39;346.6086
20004.78,0.5800011,20010.38;346.58
20004.78,0.5800011,20010.38;346.5657
20004.78,0.5800011,20010.37;346.537
20004.78,0.5800011,20010.36;346.5084
20004.78,0.5800011,20010.36;346.4941
20004.78,0.5800011,20010.35;346.4654
20004.78,0.5800011,20010.35;346.4368
20004.78,0.5800011,20010.35;346.4081
20004.78,0.5800011,20010.34;346.3795
20004.79,0.5800011,20010.34;346.3509
20004.79,0.5800011,20010.34;346.3365
20004.79,0.5800011,20010.33;346.3079
20004.79,0.5800011,20010.33;346.2935
20004.79,0.5800011,20010.33;346.2649
20004.79,0.5800011,20010.32;346.2363
20004.79,0.5800011,20010.32;346.222
20004.79,0.5800011,20010.32;346.1933
20004.79,0.5800011,20010.32;346.1646
20004.79,0.5800011,20010.32;346.136
20004.79,0.5800011,20010.32;346.1074
20004.79,0.5800011,20010.32;346.0787
20004.79,0.5800011,20010.33;346.0501
20004.79,0.5800011,20010.33;346.0214
20004.79,0.5800011,20010.33;345.9928
20004.79,0.5800011,20010.33;345.9641
20004.79,0.5800011,20010.33;345.9355
20004.79,0.5800011,20010.33;345.9212
20004.79,0.5800011,20010.33;345.8925
20004.79,0.5800011,20010.34;345.8639
20004.78,0.5800011,20010.34;345.8495
20004.78,0.5800011,20010.34;345.8352
20004.78,0.5800011,20010.34;345.8066
20004.78,0.5800011,20010.35;345.7779
20004.78,0.5800011,20010.35;345.7636
20004.78,0.5800011,20010.35;345.735
20004.78,0.5800011,20010.36;345.7206
20004.78,0.5800011,20010.36;345.692
20004.78,0.5800011,20010.36;345.6634
20004.78,0.5800011,20010.36;345.6347
20004.78,0.5800011,20010.37;345.606
20004.78,0.5800011,20010.37;345.5917
20004.78,0.5800011,20010.38;345.5631
20004.77,0.5800011,20010.38;345.5345
20004.77,0.5800011,20010.39;345.5058
20004.77,0.5800011,20010.39;345.4771
20004.77,0.5800011,20010.4;345.4485
20004.77,0.5800011,20010.4;345.4199
20004.77,0.5800011,20010.41;345.4055
20004.77,0.5800011,20010.41;345.3769
20004.77,0.5800011,20010.42;345.3626
20004.76,0.5800011,20010.42;345.3482
20004.76,0.5800011,20010.43;345.3196
20004.76,0.5800011,20010.44;345.291
20004.76,0.5800011,20010.44;345.2623
20004.76,0.5800011,20010.45;345.248
20004.76,0.5800011,20010.46;345.2336
20004.75,0.5800011,20010.46;345.205
20004.75,0.5800011,20010.46;345.1907
20004.75,0.5800011,20010.47;345.1764
20004.75,0.5800011,20010.48;345.1477
20004.75,0.5800011,20010.48;345.1191
20004.75,0.5800011,20010.49;345.0904
20004.74,0.5800011,20010.49;345.0618
20004.74,0.5800011,20010.5;345.0331
20004.74,0.5800011,20010.5;345.0188
20004.74,0.5800011,20010.51;344.9902
20004.74,0.5800011,20010.52;344.9615
20004.74,0.5800011,20010.52;344.9472
20004.74,0.5800011,20010.53;344.9185
20004.73,0.5800011,20010.53;344.8899
20004.73,0.5800011,20010.54;344.8756
20004.73,0.5800011,20010.54;344.8613
20004.73,0.5800011,20010.55;344.8326
20004.73,0.5800011,20010.55;344.8183
20004.73,0.5800011,20010.56;344.804
20004.73,0.5800011,20010.56;344.7753
20004.72,0.5800011,20010.57;344.761
20004.72,0.5800011,20010.57;344.7467
20004.72,0.5800011,20010.57;344.761
20004.72,0.5800011,20010.58;344.7467
20004.72,0.5800011,20010.57;344.7467
20004.73,0.5800011,20010.56;344.761
20004.73,0.5800011,20010.55;344.7753
20004.73,0.5800011,20010.54;344.7896
20004.73,0.5800011,20010.53;344.8183
20004.74,0.5800011,20010.53;344.8326
20004.74,0.5800011,20010.52;344.8469
20004.74,0.5800011,20010.51;344.8613
20004.74,0.5800011,20010.5;344.8756
20004.74,0.5800011,20010.5;344.8899
20004.74,0.5800011,20010.49;344.9042
20004.75,0.5800011,20010.49;344.9185
20004.75,0.5800011,20010.48;344.9329
20004.75,0.5800011,20010.47;344.9472
20004.75,0.5800011,20010.46;344.9615
20004.76,0.5800011,20010.46;344.9902
20004.76,0.5800011,20010.45;345.0045
20004.76,0.5800011,20010.45;345.0188
20004.76,0.5800011,20010.44;345.0331
20004.76,0.5800011,20010.43;345.0475
20004.76,0.5800011,20010.43;345.0618
20004.76,0.5800011,20010.42;345.0761
20004.77,0.5800011,20010.42;345.0904
20004.77,0.5800011,20010.42;345.1047
20004.77,0.5800011,20010.41;345.1191
20004.77,0.5800011,20010.41;345.1334
20004.77,0.5800011,20010.41;345.1477
20004.77,0.5800011,20010.4;345.162
20004.77,0.5800011,20010.4;345.1764
20004.77,0.5800011,20010.4;345.1907
20004.77,0.5800011,20010.39;345.205
20004.77,0.5800011,20010.39;345.2336
20004.77,0.5800011,20010.39;345.248
20004.77,0.5800011,20010.39;345.2623
20004.77,0.5800011,20010.39;345.2766
20004.77,0.5800011,20010.39;345.3053
20004.77,0.5800011,20010.39;345.3053
20004.77,0.5800011,20010.39;345.3339
20004.77,0.5800011,20010.39;345.3625
20004.77,0.5800011,20010.39;345.3912
20004.77,0.5800011,20010.39;345.3769
20004.78,0.5800011,20010.35;345.2623
20004.78,0.5800011,20010.37;345.1334
20004.77,0.5800011,20010.42;344.7753
20004.75,0.5800011,20010.47;344.3169
20004.72,0.5800011,20010.56;343.8299
20004.7,0.5800011,20010.65;343.1996
20004.67,0.5800011,20010.75;342.5837
20004.64,0.5800011,20010.83;342.0681
20004.61,0.5800011,20010.93;341.4521
20004.58,0.5800011,20011.02;340.8935
20004.54,0.5800011,20011.1;340.2632
20004.51,0.5800011,20011.19;339.6616
20004.48,0.5800011,20011.28;339.06
20004.45,0.5800011,20011.35;338.5014
20004.43,0.5800011,20011.4;338.1576
20004.42,0.5800011,20011.44;337.9427
20004.4,0.5800011,20011.47;337.8282
20004.39,0.5800011,20011.51;337.7852
20004.37,0.5800011,20011.56;337.6133
20004.34,0.5800011,20011.62;337.3984
20004.33,0.5800011,20011.64;337.3555
20004.33,0.5800011,20011.64;337.4271
20004.36,0.5800011,20011.56;337.6563
20004.39,0.5800011,20011.5;338.086
20004.43,0.5800011,20011.4;338.4154
20004.46,0.5800011,20011.33;339.0314
20004.48,0.5800011,20011.27;339.7189
20004.48,0.5800011,20011.25;340.3492
20004.48,0.5800011,20011.25;341.1227
20004.48,0.5800011,20011.25;341.8102
20004.48,0.5800011,20011.25;342.598
20004.48,0.5800011,20011.26;343.3572
20004.48,0.5800011,20011.27;344.1737
20004.47,0.5800011,20011.29;344.9328
20004.47,0.5800011,20011.31;345.8066
20004.47,0.5800011,20011.31;346.5371
20004.47,0.5800011,20011.32;347.3965
20004.47,0.5800011,20011.32;348.2703
20004.47,0.5800011,20011.32;349.1441
20004.47,0.5800011,20011.32;349.8889
20004.47,0.5800011,20011.32;350.5621
20004.48,0.5800011,20011.2;350.9059
20004.5,0.5800011,20011.12;351.3929
20004.52,0.5800011,20010.99;352.1808
20004.54,0.5800011,20010.82;353.2407
20004.55,0.5800011,20010.68;354.3723
20004.55,0.5800011,20010.61;355.4323
20004.56,0.5800011,20010.49;356.7358
20004.57,0.5800011,20010.38;357.896
20004.57,0.5800011,20010.26;359.1995
20004.57,0.5800011,20010.14;0.3740467
20004.56,0.5800011,20010.02;1.806443
20004.55,0.5800011,20009.87;3.224517
20004.54,0.5800011,20009.71;4.427723
20004.53,0.5800011,20009.55;5.86012
20004.5,0.5800011,20009.37;7.091983
20004.48,0.5800011,20009.24;8.610316
20004.46,0.5800011,20009.13;10.18596
20004.45,0.5800011,20009.06;11.73295
20004.43,0.5800011,20008.97;12.92183
20004.4,0.5800011,20008.84;14.31126
20004.36,0.5800011,20008.71;15.55744
20004.3,0.5800011,20008.53;16.50282
20004.26,0.5800011,20008.37;17.73469
20004.22,0.5800011,20008.26;18.85196
20004.19,0.5800011,20008.18;19.86896
20004.18,0.5800011,20008.16;20.87163
20004.18,0.5800011,20008.16;22.06051
20004.18,0.5800011,20008.16;23.07751
20004.18,0.5800011,20008.16;23.9083
20004.18,0.5800011,20008.16;24.5099
20004.16,0.5800011,20008.11;25.11152
20004.14,0.5800011,20008.07;25.56988
20004.14,0.5800011,20008.08;25.95662
20004.13,0.5800011,20008.04;26.3004
20004.09,0.5800011,20007.98;26.73012
20004.04,0.5800011,20007.88;27.41767
20003.95,0.5800011,20007.71;28.34873
20003.87,0.5800011,20007.56;29.466
20003.79,0.5800011,20007.44;30.56895
20003.7,0.5800011,20007.29;31.78649
20003.62,0.5800011,20007.16;33.23321
20003.57,0.5800011,20007.09;34.67992
20003.51,0.5800011,20007.01;35.91179
20003.43,0.5800011,20006.91;37.30122
20003.36,0.5800011,20006.81;38.47578
20003.26,0.5800011,20006.7;39.8079
20003.18,0.5800011,20006.61;40.89653
20003.1,0.5800011,20006.52;42.14272
20003.02,0.5800011,20006.43;43.18835
20002.96,0.5800011,20006.37;44.44887
20002.89,0.5800011,20006.3;45.50885
20002.82,0.5800011,20006.24;46.54017
20002.77,0.5800011,20006.19;47.57149
20002.75,0.5800011,20006.17;48.76037
20002.73,0.5800011,20006.15;49.82035
20002.67,0.5800011,20006.11;50.35033
20002.59,0.5800011,20006.04;51.31004
20002.52,0.5800011,20005.99;52.15514
20002.47,0.5800011,20005.95;52.58487
20002.43,0.5800011,20005.92;52.89999
20002.4,0.5800011,20005.89;53.28674
20002.33,0.5800011,20005.85;53.7451
20002.26,0.5800011,20005.79;54.33239
20002.17,0.5800011,20005.73;54.94832
20002.08,0.5800011,20005.67;55.42101
20002.03,0.5800011,20005.63;55.76478
20001.97,0.5800011,20005.6;56.23748
20001.93,0.5800011,20005.57;56.86773
20001.86,0.5800011,20005.53;57.87041
20001.77,0.5800011,20005.47;58.81579
20001.66,0.5800011,20005.4;59.99035
20001.56,0.5800011,20005.36;61.23653
20001.45,0.5800011,20005.3;62.4111
20001.36,0.5800011,20005.25;63.34216
20001.25,0.5800011,20005.2;64.21592
20001.15,0.5800011,20005.15;65.1613
20001.06,0.5800011,20005.11;66.09236
20000.98,0.5800011,20005.08;66.90882
20000.89,0.5800011,20005.04;67.68232
20000.8,0.5800011,20005;68.54175
20000.71,0.5800011,20004.97;69.12904
20000.68,0.5800011,20004.96;69.71633
20000.67,0.5800011,20004.96;69.98849
20000.66,0.5800011,20004.95;70.1174
20000.65,0.5800011,20004.95;70.17471
20000.64,0.5800011,20004.94;70.1174
20000.64,0.5800011,20004.95;70.03146
20000.65,0.5800011,20004.95;69.88821
20000.65,0.5800011,20004.95;69.73064
20000.66,0.5800011,20004.95;69.60172
20000.66,0.5800011,20004.95;69.53011
20000.66,0.5800011,20004.95;69.48714
20000.67,0.5800011,20004.96;69.44418
20000.68,0.5800011,20004.96;69.37257
20000.68,0.5800011,20004.96;69.24365
20000.69,0.5800011,20004.96;69.01447
20000.69,0.5800011,20004.96;68.74231
20000.69,0.5800011,20004.96;68.49881
20000.69,0.5800011,20004.96;68.24097
20000.71,0.5800011,20004.97;67.86856
20000.75,0.5800011,20004.99;67.43884
20000.79,0.5800011,20005;66.98047
20000.85,0.5800011,20005.03;66.42184
20000.9,0.5800011,20005.05;65.93484
20000.98,0.5800011,20005.09;65.37621
20001.04,0.5800011,20005.12;64.93217
20001.09,0.5800011,20005.14;64.55974
20001.16,0.5800011,20005.18;64.07274
20001.26,0.5800011,20005.22;63.64301
20001.35,0.5800011,20005.27;63.156
20001.48,0.5800011,20005.34;62.61169
20001.6,0.5800011,20005.4;61.98144
20001.65,0.5800011,20005.43;61.49443
20001.67,0.5800011,20005.44;61.46579
20001.69,0.5800011,20005.45;61.4085
20001.72,0.5800011,20005.46;61.32254
20001.76,0.5800011,20005.49;61.10769
20001.83,0.5800011,20005.53;60.77824
20001.9,0.5800011,20005.57;60.50608
20001.99,0.5800011,20005.62;60.07636
20002.19,0.5800011,20005.74;59.5034
20002.38,0.5800011,20005.85;58.95909
20002.54,0.5800011,20005.95;58.28587
20002.67,0.5800011,20006.04;57.66994
20002.84,0.5800011,20006.14;56.93941
20003,0.5800011,20006.25;56.32349
20003.16,0.5800011,20006.36;55.62162
20003.35,0.5800011,20006.5;54.83379
20003.51,0.5800011,20006.61;54.18922
20003.68,0.5800011,20006.74;53.44437
20003.83,0.5800011,20006.85;52.84276
20004,0.5800011,20006.98;52.14089
20004.16,0.5800011,20007.11;51.43902
20004.3,0.5800011,20007.22;51.39605
20004.46,0.5800011,20007.36;50.73715
20004.55,0.5800011,20007.43;49.97798
20004.61,0.5800011,20007.48;49.53394
20004.66,0.5800011,20007.52;49.20449
20004.72,0.5800011,20007.58;48.81775
20004.82,0.5800011,20007.66;48.35938
20004.83,0.5800011,20007.68;48.02993
20004.87,0.5800011,20007.71;47.3567
20004.96,0.5800011,20007.8;46.45428
20005.08,0.5800011,20007.91;45.40864
20005.25,0.5800011,20008.09;44.32002
20005.46,0.5800011,20008.31;43.20275
20005.67,0.5800011,20008.54;41.77035
20005.88,0.5800011,20008.79;40.45255
20006.03,0.5800011,20008.98;38.93422
20006.26,0.5800011,20009.28;37.51615
20006.45,0.5800011,20009.54;35.75431
20006.63,0.5800011,20009.8;34.20731
20006.8,0.5800011,20010.07;32.50276
20006.96,0.5800011,20010.34;31.35685
20007.14,0.5800011,20010.65;29.89581
20007.31,0.5800011,20010.96;28.19125
20007.46,0.5800011,20011.27;26.50103
20007.61,0.5800011,20011.59;25.05431
20007.75,0.5800011,20011.92;23.37841
20007.88,0.5800011,20012.24;21.97466
20007.99,0.5800011,20012.52;20.3847
20008.1,0.5800011,20012.84;18.99528
20008.19,0.5800011,20013.15;17.34803
20008.29,0.5800011,20013.48;16.10184
20008.36,0.5800011,20013.74;15.17078
20008.38,0.5800011,20013.81;14.89862
20008.38,0.5800011,20013.82;14.92727
20008.38,0.5800011,20013.83;14.94159
20008.39,0.5800011,20013.85;14.89862
20008.4,0.5800011,20013.88;14.8843
20008.4,0.5800011,20013.9;14.8843
20008.42,0.5800011,20013.97;14.78403
20008.44,0.5800011,20014.05;14.62646
20008.48,0.5800011,20014.19;14.39729
20008.51,0.5800011,20014.33;14.06784
20008.53,0.5800011,20014.4;13.76703
20008.54,0.5800011,20014.44;13.63811
20008.54,0.5800011,20014.43;13.70973
20008.53,0.5800011,20014.41;13.78134
20008.52,0.5800011,20014.36;13.92459
20008.51,0.5800011,20014.31;14.1108
20008.49,0.5800011,20014.26;14.26836
20008.49,0.5800011,20014.22;14.39728
20008.48,0.5800011,20014.21;14.51187
20008.48,0.5800011,20014.2;14.68376
20008.47,0.5800011,20014.19;14.85565
20008.47,0.5800011,20014.18;15.05618
20008.47,0.5800011,20014.18;15.19943
20008.47,0.5800011,20014.19;15.2997
20008.47,0.5800011,20014.19;15.37131
20008.48,0.5800011,20014.19;15.47159
20008.48,0.5800011,20014.2;15.58618
20008.48,0.5800011,20014.2;15.70078
20008.48,0.5800011,20014.2;15.81537
20008.48,0.5800011,20014.2;15.90132
20008.48,0.5800011,20014.2;16.01592
20008.48,0.5800011,20014.19;16.13051
20008.47,0.5800011,20014.19;16.25943
20008.47,0.5800011,20014.18;16.3597
20008.47,0.5800011,20014.16;16.45998
20008.46,0.5800011,20014.15;16.57457
20008.46,0.5800011,20014.13;16.70349
20008.45,0.5800011,20014.11;16.81808
20008.45,0.5800011,20014.09;16.93268
20008.44,0.5800011,20014.07;17.04727
20008.43,0.5800011,20014.05;17.16187
20008.43,0.5800011,20014.02;17.26213
20008.42,0.5800011,20013.99;17.37673
20008.41,0.5800011,20013.96;17.49133
20008.39,0.5800011,20013.92;17.60592
20008.38,0.5800011,20013.88;17.72052
20008.37,0.5800011,20013.84;17.83511
20008.36,0.5800011,20013.8;17.94971
20008.34,0.5800011,20013.75;18.07862
20008.33,0.5800011,20013.71;18.19322
20008.31,0.5800011,20013.67;18.30781
20008.29,0.5800011,20013.62;18.40808
20008.28,0.5800011,20013.57;18.52268
20008.26,0.5800011,20013.51;18.63728
20008.24,0.5800011,20013.47;18.73755
20008.23,0.5800011,20013.42;18.86647
20008.21,0.5800011,20013.36;18.96674
20008.19,0.5800011,20013.32;19.08134
20008.18,0.5800011,20013.27;19.18161
20008.15,0.5800011,20013.21;19.2962
20008.13,0.5800011,20013.15;19.42512
20008.11,0.5800011,20013.09;19.55404
20008.09,0.5800011,20013.04;19.65431
20008.07,0.5800011,20012.98;19.78323
20008.05,0.5800011,20012.93;19.8835
20008.04,0.5800011,20012.87;19.99809
20008.02,0.5800011,20012.83;20.09837
20008,0.5800011,20012.78;20.18432
20007.98,0.5800011,20012.74;20.25593
20007.97,0.5800011,20012.7;20.32755
20007.96,0.5800011,20012.66;20.37052
20007.95,0.5800011,20012.63;20.41349
20007.95,0.5800011,20012.63;20.39916
20007.94,0.5800011,20012.63;20.38484
20007.94,0.5800011,20012.63;20.38484
20007.94,0.5800011,20012.63;20.39916
20007.94,0.5800011,20012.63;20.39916
20007.94,0.5800011,20012.63;20.39916
20007.94,0.5800011,20012.63;20.39916
20007.94,0.5800011,20012.63;20.39916
20007.94,0.5800011,20012.63;20.39916
20007.94,0.5800011,20012.63;20.39916
20007.94,0.5800011,20012.63;20.39916
20007.94,0.5800011,20012.63;20.39916
20007.94,0.5800011,20012.63;20.39916
20007.94,0.5800011,20012.63;20.39916
20007.94,0.5800011,20012.63;20.39916
20007.94,0.5800011,20012.63;20.39916
20007.94,0.5800011,20012.63;20.39916
20007.94,0.5800011,20012.63;20.39916
20007.94,0.5800011,20012.63;20.39916
20007.94,0.5800011,20012.63;20.39916
20007.94,0.5800011,20012.63;20.39916
20007.94,0.5800011,20012.63;20.39916
20007.94,0.5800011,20012.63;20.39916
20007.94,0.5800011,20012.63;20.39916
20007.94,0.5800011,20012.63;20.39916
20007.94,0.5800011,20012.63;20.39916
20007.94,0.5800011,20012.63;20.39916
20007.94,0.5800011,20012.63;20.39916
20007.94,0.5800011,20012.63;20.39916
20007.94,0.5800011,20012.63;20.39916
20007.94,0.5800011,20012.63;20.39916
20007.94,0.5800011,20012.63;20.39916
20007.94,0.5800011,20012.63;20.39916
20007.94,0.5800011,20012.63;20.39916
20007.94,0.5800011,20012.63;20.39916
20007.94,0.5800011,20012.63;20.39916
20007.94,0.5800011,20012.63;20.39916
20007.94,0.5800011,20012.63;20.39916
20007.94,0.5800011,20012.63;20.39916
20007.94,0.5800011,20012.63;20.39916
20007.94,0.5800011,20012.63;20.39916
20007.94,0.5800011,20012.63;20.39916
20007.94,0.5800011,20012.63;20.39916
20007.94,0.5800011,20012.63;20.39916
20007.94,0.5800011,20012.63;20.39916
20007.94,0.5800011,20012.63;20.39916
20007.94,0.5800011,20012.63;20.39916
20007.94,0.5800011,20012.63;20.39916
20007.94,0.5800011,20012.63;20.39916
20007.94,0.5800011,20012.63;20.39916
20007.94,0.5800011,20012.63;20.39916
20007.94,0.5800011,20012.63;20.39916
20007.94,0.5800011,20012.63;20.39916
20007.94,0.5800011,20012.63;20.39916
20007.94,0.5800011,20012.63;20.39916
20007.94,0.5800011,20012.63;20.39916
20007.94,0.5800011,20012.63;20.39916
20007.94,0.5800011,20012.63;20.39916
20007.94,0.5800011,20012.63;20.39916
20007.94,0.5800011,20012.63;20.39916
20007.94,0.5800011,20012.63;20.39916
20007.94,0.5800011,20012.63;20.39916
20007.94,0.5800011,20012.63;20.39916
20007.94,0.5800011,20012.63;20.39916
20007.94,0.5800011,20012.63;20.39916
20007.94,0.5800011,20012.63;20.39916
20007.94,0.5800011,20012.63;20.39916
20007.94,0.5800011,20012.63;20.39916
20007.94,0.5800011,20012.63;20.39916
20007.94,0.5800011,20012.63;20.39916
20007.94,0.5800011,20012.63;20.39916
20007.94,0.5800011,20012.63;20.39916
20007.94,0.5800011,20012.63;20.39916
20007.94,0.5800011,20012.63;20.39916
20007.94,0.5800011,20012.63;20.39916
20007.94,0.5800011,20012.63;20.39916
20007.94,0.5800011,20012.63;20.39916
20007.94,0.5800011,20012.63;20.39916
20007.94,0.5800011,20012.63;20.39916
20007.94,0.5800011,20012.63;20.39916
20007.94,0.5800011,20012.63;20.39916
20007.94,0.5800011,20012.63;20.39916
20007.94,0.5800011,20012.63;20.39916
20007.94,0.5800011,20012.63;20.39916
20007.94,0.5800011,20012.63;20.39916
20007.94,0.5800011,20012.63;20.39916
20007.94,0.5800011,20012.63;20.39916
20007.94,0.5800011,20012.63;20.39916
20007.94,0.5800011,20012.63;20.39916
20007.94,0.5800011,20012.63;20.39916
20007.94,0.5800011,20012.63;20.39916
20007.94,0.5800011,20012.63;20.39916
20007.94,0.5800011,20012.63;20.39916
20007.94,0.5800011,20012.63;20.39916
20007.94,0.5800011,20012.63;20.39916
20007.94,0.5800011,20012.63;20.39916
20007.94,0.5800011,20012.63;20.39916
20007.94,0.5800011,20012.63;20.39916
20007.94,0.5800011,20012.63;20.39916
20007.94,0.5800011,20012.63;20.39916
20007.94,0.5800011,20012.63;20.39916
20007.94,0.5800011,20012.63;20.39916
20007.94,0.5800011,20012.63;20.39916
20007.94,0.5800011,20012.63;20.39916
20007.94,0.5800011,20012.63;20.39916
20007.94,0.5800011,20012.63;20.39916
20007.94,0.5800011,20012.63;20.39916
20007.94,0.5800011,20012.63;20.39916
20007.94,0.5800011,20012.63;20.39916
20007.94,0.5800011,20012.63;20.39916
20007.94,0.5800011,20012.63;20.39916
20007.94,0.5800011,20012.63;20.39916
20007.94,0.5800011,20012.63;20.39916
20007.94,0.5800011,20012.63;20.39916
20007.94,0.5800011,20012.63;20.39916
20007.94,0.5800011,20012.63;20.39916
20007.94,0.5800011,20012.63;20.39916
20007.94,0.5800011,20012.63;20.39916
20007.94,0.5800011,20012.63;20.39916
20007.94,0.5800011,20012.63;20.39916
20007.94,0.5800011,20012.63;20.39916
20007.94,0.5800011,20012.63;20.39916
20007.94,0.5800011,20012.63;20.39916
20007.94,0.5800011,20012.63;20.39916
20007.94,0.5800011,20012.63;20.39916
20007.94,0.5800011,20012.63;20.39916
20007.94,0.5800011,20012.63;20.39916
20007.94,0.5800011,20012.63;20.39916
20007.94,0.5800011,20012.63;20.39916
20007.94,0.5800011,20012.63;20.39916
20007.94,0.5800011,20012.63;20.39916
20007.94,0.5800011,20012.63;20.39916
20007.94,0.5800011,20012.63;20.39916
20007.94,0.5800011,20012.63;20.39916
20007.94,0.5800011,20012.63;20.39916
20007.94,0.5800011,20012.63;20.39916
20007.94,0.5800011,20012.63;20.39916
20007.94,0.5800011,20012.63;20.39916
20007.94,0.5800011,20012.63;20.39916
20007.94,0.5800011,20012.63;20.39916
20007.94,0.5800011,20012.63;20.39916
20007.94,0.5800011,20012.63;20.39916
20007.94,0.5800011,20012.63;20.39916
20007.94,0.5800011,20012.63;20.39916
20007.94,0.5800011,20012.63;20.39916
20007.94,0.5800011,20012.63;20.39916
20007.94,0.5800011,20012.63;20.39916
20007.94,0.5800011,20012.63;20.39916
20007.94,0.5800011,20012.63;20.39916
20007.94,0.5800011,20012.63;20.39916
20007.94,0.5800011,20012.62;20.41349
20007.94,0.5800011,20012.62;20.41349
20007.94,0.5800011,20012.62;20.41349
20007.94,0.5800011,20012.62;20.41349
20007.94,0.5800011,20012.62;20.41349
20007.94,0.5800011,20012.62;20.41349
20007.94,0.5800011,20012.62;20.41349
20007.94,0.5800011,20012.62;20.41349
20007.94,0.5800011,20012.62;20.41349
20007.94,0.5800011,20012.62;20.41349
20007.94,0.5800011,20012.62;20.41349
20007.94,0.5800011,20012.62;20.41349
20007.94,0.5800011,20012.62;20.41349
20007.94,0.5800011,20012.62;20.41349
20007.94,0.5800011,20012.62;20.41349
20007.94,0.5800011,20012.62;20.41349
20007.94,0.5800011,20012.62;20.41349
20007.94,0.5800011,20012.62;20.41349
20007.94,0.5800011,20012.62;20.41349
20007.94,0.5800011,20012.62;20.41349
20007.94,0.5800011,20012.62;20.41349
20007.94,0.5800011,20012.62;20.41349
20007.94,0.5800011,20012.62;20.41349
20007.94,0.5800011,20012.62;20.41349
20007.94,0.5800011,20012.62;20.41349
20007.94,0.5800011,20012.62;20.41349
20007.94,0.5800011,20012.62;20.41349
20007.94,0.5800011,20012.62;20.41349
20007.94,0.5800011,20012.62;20.41349
20007.94,0.5800011,20012.62;20.41349
20007.94,0.5800011,20012.62;20.41349
20007.94,0.5800011,20012.62;20.41349
20007.94,0.5800011,20012.62;20.41349
20007.94,0.5800011,20012.62;20.41349
20007.94,0.5800011,20012.62;20.41349
20007.94,0.5800011,20012.62;20.41349
20007.94,0.5800011,20012.62;20.41349
20007.94,0.5800011,20012.62;20.41349
20007.94,0.5800011,20012.62;20.41349
20007.94,0.5800011,20012.62;20.41349
20007.94,0.5800011,20012.62;20.41349
20007.94,0.5800011,20012.62;20.41349
20007.94,0.5800011,20012.62;20.41349
20007.94,0.5800011,20012.62;20.41349
20007.94,0.5800011,20012.62;20.41349
20007.94,0.5800011,20012.62;20.39916
20007.94,0.5800011,20012.62;20.39916
20007.94,0.5800011,20012.62;20.39916
20007.94,0.5800011,20012.62;20.39916
20007.94,0.5800011,20012.62;20.39916
20007.94,0.5800011,20012.62;20.39916
20007.94,0.5800011,20012.62;20.39916
20007.94,0.5800011,20012.62;20.39916
20007.94,0.5800011,20012.62;20.39916
20007.94,0.5800011,20012.62;20.39916
20007.94,0.5800011,20012.62;20.39916
20007.94,0.5800011,20012.62;20.39916
20007.94,0.5800011,20012.62;20.39916
20007.94,0.5800011,20012.62;20.39916
20007.94,0.5800011,20012.62;20.39916
20007.94,0.5800011,20012.62;20.39916
20007.94,0.5800011,20012.62;20.39916
20007.94,0.5800011,20012.62;20.39916
20007.94,0.5800011,20012.62;20.39916
20007.94,0.5800011,20012.62;20.39916
20007.94,0.5800011,20012.62;20.39916
20007.94,0.5800011,20012.62;20.39916
20007.94,0.5800011,20012.62;20.39916
20007.94,0.5800011,20012.62;20.39916
20007.94,0.5800011,20012.62;20.39916
20007.94,0.5800011,20012.62;20.39916
20007.94,0.5800011,20012.62;20.39916
20007.94,0.5800011,20012.62;20.39916
20007.94,0.5800011,20012.62;20.39916
20007.94,0.5800011,20012.62;20.39916
20007.94,0.5800011,20012.62;20.39916
20007.94,0.5800011,20012.62;20.39916
20007.94,0.5800011,20012.62;20.39916
20007.94,0.5800011,20012.62;20.39916
20007.94,0.5800011,20012.62;20.39916
20007.94,0.5800011,20012.62;20.39916
20007.94,0.5800011,20012.62;20.39916
20007.94,0.5800011,20012.62;20.39916
20007.94,0.5800011,20012.62;20.39916
20007.94,0.5800011,20012.62;20.39916
20007.94,0.5800011,20012.62;20.39916
20007.94,0.5800011,20012.62;20.39916
20007.94,0.5800011,20012.61;20.38484
20007.94,0.5800011,20012.61;20.38484
20007.94,0.5800011,20012.61;20.38484
20007.94,0.5800011,20012.61;20.37052
20007.93,0.5800011,20012.6;20.3562
20007.93,0.5800011,20012.6;20.34188
20007.93,0.5800011,20012.6;20.32755
20007.93,0.5800011,20012.59;20.31323
20007.93,0.5800011,20012.59;20.31323
20007.93,0.5800011,20012.59;20.31323
20007.93,0.5800011,20012.58;20.29891
20007.93,0.5800011,20012.58;20.29891
20007.93,0.5800011,20012.58;20.29891
20007.93,0.5800011,20012.58;20.29891
20007.93,0.5800011,20012.58;20.29891
20007.93,0.5800011,20012.58;20.29891
20007.93,0.5800011,20012.58;20.29891
20007.93,0.5800011,20012.58;20.29891
20007.92,0.5800011,20012.56;20.14134
20007.92,0.5800011,20012.56;20.09837
20007.93,0.5800011,20012.58;19.86919
20007.96,0.5800011,20012.67;19.4538
20007.99,0.5800011,20012.76;18.80922
20008.04,0.5800011,20012.91;17.96411
20008.08,0.5800011,20013.06;16.88981
20008.14,0.5800011,20013.26;15.88713
20008.2,0.5800011,20013.48;15.07067
20008.24,0.5800011,20013.65;14.18259
20008.29,0.5800011,20013.85;13.81017
20008.33,0.5800011,20014.02;12.87911
20008.37,0.5800011,20014.22;12.09129
20008.41,0.5800011,20014.42;11.16023
20008.45,0.5800011,20014.6;10.40106
20008.48,0.5800011,20014.8;9.613243
20008.51,0.5800011,20014.99;8.710829
20008.53,0.5800011,20015.15;7.937335
20008.55,0.5800011,20015.34;7.020599
20008.57,0.5800011,20015.51;6.23278
20008.59,0.5800011,20015.68;5.444962
20008.59,0.5800011,20015.7;4.972271
20008.59,0.5800011,20015.75;4.757415
20008.6,0.5800011,20015.79;4.657144
20008.6,0.5800011,20015.79;4.657144
20008.6,0.5800011,20015.8;4.671466
20008.6,0.5800011,20015.81;4.671466
20008.6,0.5800011,20015.82;4.68579
20008.6,0.5800011,20015.83;4.743083
20008.6,0.5800011,20015.84;4.800375
20008.6,0.5800011,20015.86;4.871989
20008.61,0.5800011,20015.91;4.943604
20008.61,0.5800011,20015.98;5.000897
20008.62,0.5800011,20016.09;5.058188
20008.63,0.5800011,20016.22;5.101158
20008.65,0.5800011,20016.38;5.115481
20008.67,0.5800011,20016.6;5.072512
20008.69,0.5800011,20016.82;4.914948
20008.72,0.5800011,20017.16;4.800354
20008.74,0.5800011,20017.49;4.700082
20008.77,0.5800011,20017.82;4.614133
20008.8,0.5800011,20018.15;4.542519
20008.82,0.5800011,20018.44;4.442247
20008.84,0.5800011,20018.78;4.313329
20008.87,0.5800011,20019.11;4.198735
20008.89,0.5800011,20019.44;4.055494
20008.89,0.5800011,20019.48;4.026849
20008.89,0.5800011,20019.43;3.98388
20008.89,0.5800011,20019.43;3.955234
20008.89,0.5800011,20019.38;3.826316
20008.88,0.5800011,20019.25;3.754701
20008.87,0.5800011,20019.14;3.912265
20008.86,0.5800011,20019.02;4.141444
20008.85,0.5800011,20018.87;4.384956
20008.84,0.5800011,20018.68;4.671437
20008.82,0.5800011,20018.5;4.972241
20008.8,0.5800011,20018.28;5.301692
20008.77,0.5800011,20018;5.674111
20008.75,0.5800011,20017.74;6.060854
20008.72,0.5800011,20017.52;6.504899
20008.69,0.5800011,20017.31;6.891641
20008.66,0.5800011,20017.01;7.249739
20008.62,0.5800011,20016.77;7.650803
20008.58,0.5800011,20016.48;7.9