20000,0.5,20000;0
20000,0.58,19999.94;359.851
20000,0.58,19999.89;359.725
20000,0.58,19999.83;359.5645
20000,0.58,19999.76;359.4041
20000,0.58,19999.69;359.2723
20000,0.58,19999.64;359.1234
20000,0.58,19999.57;358.9744
20000.01,0.58,19999.5;358.8254
20000.01,0.58,19999.44;358.6994
20000.01,0.58,19999.38;358.5504
20000.01,0.58,19999.31;358.4014
20000.01,0.58,19999.24;358.2754
20000.02,0.58,19999.18;358.1493
20000.02,0.58,19999.12;358.0061
20000.02,0.58,19999.05;357.8571
20000.02,0.58,19998.98;357.7425
20000.03,0.58,19998.92;357.5878
20000.03,0.58,19998.85;357.4217
20000.03,0.58,19998.79;357.2784
20000.04,0.58,19998.72;357.1352
20000.04,0.58,19998.65;356.969
20000.04,0.58,19998.59;356.8029
20000.04,0.58,19998.53;356.6596
20000.05,0.58,19998.47;356.5049
20000.05,0.58,19998.4;356.3502
20000.06,0.58,19998.34;356.2013
20000.06,0.58,19998.28;356.0752
20000.07,0.5800001,19998.28;355.9148
20000.07,0.58,19998.28;355.7658
20000.08,0.5800003,19998.28;355.5825
20000.08,0.58,19998.28;355.3991
20000.09,0.5800004,19998.28;355.2101
20000.09,0.5800009,19998.28;355.0554
20000.1,0.5800009,19998.28;354.8835
20000.1,0.5800011,19998.28;354.7116
20000.11,0.5800012,19998.28;354.5912
20000.12,0.5800018,19998.28;354.4709
20000.12,0.580002,19998.28;354.322
20000.13,0.5800024,19998.28;354.1558
20000.14,0.580003,19998.28;354.0125
20000.14,0.5800034,19998.28;353.8464
20000.15,0.580004,19998.28;353.686
20000.16,0.580004,19998.28;353.5255
20000.17,0.5800044,19998.28;353.3938
20000.18,0.5800049,19998.28;353.2276
20000.19,0.5800045,19998.28;353.0557
20000.2,0.580005,19998.28;352.8838
20000.21,0.5800054,19998.28;352.7119
20000.21,0.580006,19998.28;352.563
20000.22,0.5800062,19998.28;352.3911
20000.23,0.5800061,19998.28;352.2307
20000.24,0.5800068,19998.28;352.0931
20000.25,0.5800074,19998.28;351.9499
20000.26,0.5800077,19998.28;351.8067
20000.27,0.5800077,19998.28;351.652
20000.28,0.5800076,19998.28;351.5259
20000.29,0.5800073,19998.28;351.377
20000.3,0.5800071,19998.28;351.2451
20000.31,0.5800081,19998.28;351.0905
20000.32,0.5800083,19998.28;350.9358
20000.33,0.5800089,19998.28;350.7811
20000.35,0.580009,19998.28;350.655
20000.36,0.5800097,19998.28;350.506
20000.37,0.5800098,19998.28;350.3685
20000.38,0.5800099,19998.28;350.231
20000.39,0.5800095,19998.28;350.0935
20000.4,0.58001,19998.28;349.9617
20000.41,0.5800105,19998.28;349.8185
20000.42,0.5800116,19998.28;349.7039
20000.43,0.5800119,19998.28;349.5606
20000.45,0.5800122,19998.28;349.4174
20000.46,0.5800123,19998.28;349.2742
20000.47,0.5800123,19998.28;349.1481
20000.48,0.5800118,19998.28;348.9934
20000.49,0.580012,19998.28;348.8445
20000.51,0.5800121,19998.28;348.7126
20000.52,0.580012,19998.28;348.5809
20000.53,0.5800123,19998.28;348.4376
20000.54,0.5800124,19998.28;348.2829
20000.56,0.5800122,19998.28;348.1512
20000.57,0.5800115,19998.28;347.9965
20000.58,0.5800121,19998.28;347.8475
20000.6,0.580012,19998.28;347.71
20000.61,0.5800121,19998.28;347.5724
20000.63,0.5800121,19998.28;347.4235
20000.64,0.5800117,19998.28;347.2688
20000.65,0.5800121,19998.28;347.137
20000.67,0.5800121,19998.28;346.988
20000.68,0.5800119,19998.28;346.8391
20000.7,0.5800121,19998.28;346.6844
20000.71,0.5800127,19998.28;346.5583
20000.72,0.5800131,19998.28;346.4036
20000.74,0.5800135,19998.28;346.2546
20000.76,0.580014,19998.28;346.1229
20000.78,0.5800148,19998.28;345.9739
20000.79,0.580016,19998.28;345.8249
20000.81,0.580016,19998.28;345.676
20000.83,0.580016,19998.28;345.5327
20000.84,0.5800158,19998.28;345.3608
20000.86,0.5800159,19998.28;345.1832
20000.88,0.5800164,19998.28;345.04
20000.89,0.5800166,19998.28;344.8853
20000.91,0.5800167,19998.28;344.7306
20000.92,0.5800176,19998.28;344.5816
20000.94,0.5800176,19998.28;344.4613
20000.96,0.5800179,19998.28;344.3066
20000.97,0.5800183,19998.28;344.1347
20000.99,0.5800191,19998.28;343.9743
20001.01,0.5800194,19998.28;343.8138
20001.03,0.5800195,19998.28;343.6305
20001.04,0.5800192,19998.28;343.4643
20001.06,0.580019,19998.28;343.2924
20001.08,0.5800193,19998.28;343.1091
20001.1,0.5800197,19998.28;342.9659
20001.12,0.5800202,19998.28;342.8226
20001.14,0.5800205,19998.28;342.6851
20001.16,0.58002,19998.28;342.5419
20001.18,0.5800203,19998.28;342.4044
20001.2,0.5800205,19998.28;342.2497
20001.22,0.5800208,19998.28;342.095
20001.25,0.5800205,19998.28;341.9402
20001.27,0.58002,19998.28;341.7913
20001.29,0.5800207,19998.28;341.6194
20001.31,0.580021,19998.28;341.4475
20001.33,0.5800211,19998.28;341.2986
20001.36,0.5800214,19998.28;341.1496
20001.38,0.5800216,19998.28;340.972
20001.4,0.5800219,19998.28;340.8
20001.42,0.580022,19998.28;340.6511
20001.45,0.5800229,19998.28;340.4849
20001.47,0.5800228,19998.28;340.3245
20001.49,0.580023,19998.28;340.1641
20001.52,0.5800225,19998.28;340.0266
20001.54,0.5800227,19998.27;339.8776
20001.56,0.580023,19998.27;339.7229
20001.59,0.5800231,19998.27;339.5911
20001.61,0.5800229,19998.27;339.4364
20001.63,0.5800225,19998.27;339.2817
20001.65,0.5800228,19998.27;339.1328
20001.68,0.580023,19998.27;338.9952
20001.7,0.5800226,19998.27;338.852
20001.72,0.5800233,19998.27;338.7087
20001.72,0.5800233,19998.27;338.577
20001.72,0.5800233,19998.27;338.4452
20001.72,0.5800233,19998.27;338.3019
20001.72,0.5800233,19998.27;338.1587
20001.72,0.5800233,19998.27;338.0384
20001.72,0.5800233,19998.27;337.8951
20001.72,0.5800233,19998.27;337.7519
20001.72,0.5800233,19998.27;337.6086
20001.72,0.5800235,19998.27;337.4711
20001.72,0.5800231,19998.27;337.3336
20001.72,0.5800229,19998.27;337.1732
20001.72,0.5800234,19998.27;337.0357
20001.72,0.5800231,19998.27;336.8982
20001.72,0.5800226,19998.27;336.7664
20001.72,0.5800226,19998.27;336.606
20001.72,0.5800226,19998.27;336.4742
20001.72,0.5800226,19998.27;336.3309
20001.72,0.5800226,19998.27;336.1648
20001.72,0.5800233,19998.27;336.033
20001.72,0.5800233,19998.27;335.9012
20001.72,0.5800231,19998.27;335.7465
20001.72,0.5800231,19998.27;335.5976
20001.72,0.5800232,19998.27;335.4658
20001.72,0.5800232,19998.27;335.3111
20001.72,0.5800233,19998.27;335.1564
20001.72,0.5800235,19998.27;335.0074
20001.72,0.5800235,19998.27;334.8642
20001.72,0.5800235,19998.27;334.7209
20001.72,0.5800239,19998.27;334.6006
20001.72,0.5800239,19998.27;334.4803
20001.72,0.5800239,19998.27;334.3256
20001.72,0.5800242,19998.27;334.1766
20001.72,0.5800242,19998.27;334.0505
20001.72,0.5800242,19998.27;333.8901
20001.72,0.5800245,19998.27;333.7239
20001.72,0.5800245,19998.27;333.5807
20001.72,0.5800245,19998.27;333.4375
20001.72,0.5800251,19998.27;333.2656
20001.72,0.5800251,19998.27;333.0994
20001.72,0.5800251,19998.27;332.9562
20001.72,0.5800251,19998.27;332.8072
20001.72,0.5800251,19998.27;332.6582
20001.72,0.5800249,19998.27;332.5035
20001.72,0.5800243,19998.27;332.3603
20001.72,0.5800243,19998.27;332.1827
20001.72,0.5800243,19998.27;331.9936
20001.72,0.5800243,19998.27;331.8389
20001.72,0.5800245,19998.27;331.6842
20001.72,0.5800246,19998.27;331.4951
20001.72,0.5800246,19998.27;331.329
20001.72,0.5800246,19998.27;331.1743
20001.72,0.5800248,19998.27;331.0253
20001.72,0.5800248,19998.27;330.8821
20001.72,0.5800248,19998.27;330.7388
20001.72,0.5800248,19998.27;330.6128
20001.72,0.5800248,19998.27;330.4466
20001.72,0.5800248,19998.27;330.2919
20001.72,0.5800248,19998.27;330.1487
20001.72,0.580025,19998.27;329.9825
20001.72,0.580025,19998.27;329.8163
20001.72,0.5800252,19998.27;329.6387
20001.72,0.5800244,19998.27;329.4898
20001.72,0.5800244,19998.27;329.3122
20001.72,0.580025,19998.27;329.1403
20001.72,0.5800248,19998.27;328.9913
20001.72,0.5800248,19998.27;328.8423
20001.72,0.5800248,19998.27;328.6762
20001.72,0.5800253,19998.27;328.5157
20001.72,0.5800253,19998.27;328.3782
20001.72,0.5800253,19998.27;328.2235
20001.72,0.5800255,19998.27;328.0688
20001.72,0.5800252,19998.27;327.9428
20001.72,0.5800253,19998.27;327.7823
20001.72,0.5800253,19998.27;327.6219
20001.72,0.5800253,19998.27;327.473
20001.72,0.5800258,19998.27;327.3412
20001.72,0.5800258,19998.27;327.1808
20001.72,0.5800258,19998.27;327.049
20001.72,0.5800258,19998.27;326.9
20001.72,0.5800258,19998.27;326.9
20001.72,0.5800258,19998.27;326.7567
20001.72,0.580026,19998.27;326.6078
20001.72,0.580026,19998.27;326.4875
20001.72,0.580026,19998.27;326.3328
20001.72,0.580026,19998.27;326.1781
20001.72,0.580026,19998.27;326.0291
20001.72,0.5800264,19998.27;325.903
20001.72,0.5800264,19998.27;325.7655
20001.72,0.5800268,19998.27;325.6165
20001.72,0.5800268,19998.27;325.4676
20001.72,0.5800268,19998.27;325.3415
20001.72,0.5800273,19998.27;325.1811
20001.72,0.5800273,19998.27;325.0207
20001.72,0.5800273,19998.27;324.8946
20001.72,0.5800273,19998.27;324.7285
20001.72,0.5800273,19998.27;324.5623
20001.73,0.5800273,19998.26;324.4019
20001.73,0.5800273,19998.26;324.2644
20001.73,0.5800273,19998.26;324.1039
20001.73,0.5800275,19998.26;323.9435
20001.73,0.5800275,19998.26;323.8003
20001.73,0.5800275,19998.26;323.657
20001.73,0.5800275,19998.26;323.5081
20001.73,0.5800278,19998.26;323.3705
20001.73,0.5800278,19998.26;323.2216
20001.73,0.5800283,19998.26;323.0783
20001.73,0.5800283,19998.26;322.9466
20001.73,0.5800283,19998.26;322.8148
20001.73,0.5800283,19998.26;322.6601
20001.73,0.5800287,19998.26;322.5054
20001.73,0.580029,19998.26;322.3679
20001.73,0.5800292,19998.26;322.2075
20001.73,0.5800292,19998.26;322.047
20001.73,0.5800295,19998.26;321.8866
20001.73,0.5800294,19998.26;321.7376
20001.73,0.5800294,19998.26;321.5543
20001.73,0.5800294,19998.26;321.3824
20001.73,0.5800294,19998.26;321.2506
20001.73,0.5800294,19998.26;321.1188
20001.73,0.5800294,19998.26;320.9641
20001.73,0.5800294,19998.26;320.8037
20001.73,0.5800297,19998.26;320.6662
20001.73,0.5800297,19998.26;320.4828
20001.73,0.58003,19998.26;320.2995
20001.73,0.58003,19998.26;320.1161
20001.73,0.5800298,19998.26;319.95
20001.73,0.5800298,19998.26;319.7724
20001.73,0.5800298,19998.26;319.589
20001.73,0.58003,19998.26;319.4401
20001.73,0.58003,19998.26;319.2739
20001.73,0.58003,19998.26;319.1077
20001.73,0.58003,19998.26;318.9588
20001.73,0.58003,19998.26;318.8327
20001.73,0.5800298,19998.26;318.6666
20001.73,0.5800301,19998.26;318.5004
20001.73,0.5800301,19998.26;318.3457
20001.73,0.5800301,19998.26;318.191
20001.73,0.5800301,19998.26;318.0306
20001.73,0.5800301,19998.26;317.853
20001.73,0.5800301,19998.26;317.704
20001.73,0.5800305,19998.26;317.5264
20001.73,0.5800305,19998.26;317.3488
20001.73,0.5800305,19998.26;317.1711
20001.73,0.5800305,19998.26;317.0222
20001.73,0.5800308,19998.26;316.8503
20001.73,0.5800304,19998.26;316.6898
20001.73,0.5800304,19998.26;316.5523
20001.73,0.5800304,19998.26;316.4148
20001.73,0.5800304,19998.26;316.2659
20001.73,0.5800304,19998.26;316.1111
20001.73,0.5800304,19998.26;315.9851
20001.73,0.5800304,19998.26;315.8304
20001.73,0.5800304,19998.26;315.6814
20001.73,0.5800304,19998.26;315.5497
20001.73,0.5800304,19998.26;315.4179
20001.73,0.5800305,19998.26;315.2632
20001.73,0.5800305,19998.26;315.1142
20001.73,0.5800305,19998.26;314.9767
20001.73,0.5800305,19998.26;314.8277
20001.73,0.5800305,19998.26;314.6788
20001.73,0.5800305,19998.26;314.5355
20001.73,0.5800305,19998.26;314.4037
20001.73,0.5800305,19998.26;314.2605
20001.73,0.580031,19998.26;314.1058
20001.73,0.5800315,19998.25;313.9797
20001.73,0.5800315,19998.25;313.8537
20001.73,0.580031,19998.25;313.7047
20001.73,0.580031,19998.25;313.5443
20001.73,0.5800313,19998.25;313.4182
20001.73,0.5800307,19998.25;313.2635
20001.73,0.5800307,19998.25;313.1089
20001.73,0.5800307,19998.25;312.9541
20001.73,0.5800306,19998.25;312.8338
20001.74,0.5800306,19998.25;312.6791
20001.74,0.5800307,19998.25;312.513
20001.74,0.5800308,19998.25;312.3812
20001.74,0.5800306,19998.25;312.215
20001.74,0.5800306,19998.25;312.0489
20001.74,0.5800306,19998.25;311.8942
20001.74,0.5800306,19998.25;311.7624
20001.74,0.5800306,19998.25;311.602
20001.74,0.5800306,19998.25;311.4472
20001.74,0.5800306,19998.25;311.3212
20001.74,0.5800306,19998.25;311.1951
20001.74,0.5800306,19998.25;311.0462
20001.74,0.5800304,19998.25;310.8915
20001.74,0.5800304,19998.25;310.7654
20001.74,0.5800307,19998.25;310.6107
20001.74,0.5800303,19998.25;310.456
20001.74,0.5800303,19998.25;310.3185
20001.74,0.5800303,19998.25;310.1638
20001.74,0.5800306,19998.25;309.9977
20001.74,0.5800298,19998.25;309.8487
20001.74,0.5800301,19998.25;309.6653
20001.74,0.5800305,19998.25;309.4877
20001.74,0.5800305,19998.25;309.4877
20001.74,0.5800305,19998.25;309.3216
20001.74,0.5800305,19998.25;309.1898
20001.74,0.5800305,19998.25;309.0351
20001.74,0.5800312,19998.25;308.8747
20001.74,0.5800312,19998.25;308.7142
20001.74,0.5800312,19998.25;308.5595
20001.74,0.5800313,19998.25;308.3705
20001.74,0.5800313,19998.25;308.1757
20001.74,0.5800316,19998.25;308.0152
20001.74,0.5800319,19998.25;307.8376
20001.74,0.5800319,19998.25;307.66
20001.74,0.5800324,19998.25;307.511
20001.74,0.5800329,19998.25;307.3334
20001.74,0.5800329,19998.25;307.1844
20001.74,0.5800329,19998.25;307.024
20001.74,0.5800327,19998.25;306.8808
20001.74,0.5800327,19998.25;306.7375
20001.74,0.5800329,19998.25;306.5599
20001.74,0.5800329,19998.25;306.3766
20001.74,0.5800329,19998.25;306.239
20001.74,0.5800327,19998.25;306.0557
20001.74,0.5800323,19998.25;305.8724
20001.74,0.5800323,19998.25;305.6947
20001.74,0.5800326,19998.25;305.5458
20001.74,0.5800323,19998.25;305.3682
20001.74,0.5800323,19998.25;305.1963
20001.74,0.5800323,19998.25;305.0244
20001.74,0.5800328,19998.25;304.8811
20001.74,0.5800325,19998.25;304.7207
20001.74,0.5800325,19998.25;304.5603
20001.74,0.5800325,19998.25;304.4228
20001.74,0.580033,19998.25;304.2681
20001.74,0.5800331,19998.25;304.1134
20001.74,0.5800331,19998.25;303.9873
20001.74,0.5800331,19998.25;303.8326
20001.74,0.5800331,19998.25;303.6837
20001.74,0.5800331,19998.25;303.5634
20001.74,0.5800331,19998.25;303.4086
20001.74,0.5800331,19998.25;303.2539
20001.74,0.5800331,19998.25;303.0992
20001.74,0.5800331,19998.25;302.9675
20001.74,0.5800331,19998.25;302.8127
20001.74,0.5800331,19998.25;302.6638
20001.74,0.5800332,19998.25;302.5377
20001.74,0.5800332,19998.25;302.4117
20001.74,0.5800332,19998.25;302.257
20001.74,0.5800332,19998.25;302.1252
20001.74,0.5800332,19998.25;302.0049
20001.74,0.5800332,19998.25;301.8502
20001.74,0.5800336,19998.25;301.7069
20001.74,0.5800336,19998.25;301.5637
20001.74,0.5800336,19998.25;301.4377
20001.74,0.5800336,19998.25;301.2772
20001.74,0.5800336,19998.25;301.1225
20001.74,0.5800336,19998.25;300.985
20001.74,0.5800336,19998.25;300.8246
20001.74,0.5800336,19998.25;300.6642
20001.74,0.5800336,19998.25;300.6642
20001.74,0.5800336,19998.25;300.5324
20001.74,0.5800343,19998.25;300.3719
20001.74,0.5800344,19998.25;300.2115
20001.74,0.5800344,19998.25;300.0683
20001.74,0.5800344,19998.25;299.925
20001.74,0.5800344,19998.25;299.7704
20001.74,0.5800347,19998.25;299.6157
20001.74,0.5800347,19998.25;299.4781
20001.74,0.5800347,19998.25;299.3292
20001.74,0.5800347,19998.25;299.1745
20001.74,0.5800347,19998.25;299.1745
20001.74,0.5800347,19998.25;299.0541
20001.74,0.5800347,19998.25;298.8937
20001.74,0.5800345,19998.25;298.7448
20001.74,0.5800345,19998.25;298.5843
20001.74,0.5800345,19998.25;298.4239
20001.74,0.5800345,19998.25;298.2577
20001.74,0.5800344,19998.25;298.1145
20001.74,0.5800344,19998.25;297.9312
20001.74,0.5800344,19998.25;297.7535
20001.74,0.5800344,19998.25;297.6103
20001.74,0.5800344,19998.25;297.467
20001.74,0.5800347,19998.25;297.3066
20001.74,0.5800347,19998.25;297.1462
20001.74,0.5800347,19998.25;297.0087
20001.74,0.5800346,19998.25;296.8311
20001.74,0.580035,19998.25;296.642
20001.74,0.580035,19998.25;296.4529
20001.74,0.580035,19998.25;296.2867
20001.74,0.580035,19998.25;296.0977
20001.74,0.580035,19998.25;295.9143
20001.74,0.580035,19998.25;295.7654
20001.74,0.5800351,19998.25;295.6049
20001.74,0.5800351,19998.25;295.4445
20001.74,0.5800351,19998.25;295.2955
20001.74,0.5800351,19998.25;295.158
20001.74,0.5800351,19998.25;294.9861
20001.74,0.5800351,19998.25;294.8028
20001.74,0.5800351,19998.25;294.6423
20001.74,0.5800351,19998.25;294.4819
20001.74,0.5800351,19998.25;294.2986
20001.74,0.5800351,19998.25;294.1095
20001.74,0.5800351,19998.25;293.9662
20001.74,0.5800352,19998.25;293.7886
20001.74,0.5800352,19998.25;293.611
20001.74,0.5800354,19998.25;293.4391
20001.74,0.5800356,19998.25;293.2844
20001.74,0.5800356,19998.25;293.124
20001.74,0.580036,19998.25;292.9636
20001.74,0.5800359,19998.25;292.826
20001.74,0.5800359,19998.25;292.6885
20001.74,0.5800362,19998.25;292.5338
20001.74,0.5800361,19998.25;292.3792
20001.74,0.5800366,19998.25;292.2416
20001.74,0.5800366,19998.25;292.0869
20001.74,0.5800371,19998.25;291.9323
20001.74,0.5800372,19998.25;291.7775
20001.74,0.5800372,19998.25;291.6515
20001.74,0.5800372,19998.25;291.5025
20001.74,0.5800372,19998.25;291.3364
20001.74,0.5800376,19998.25;291.2046
20001.74,0.5800379,19998.25;291.0556
20001.74,0.5800379,19998.25;290.9009
20001.74,0.5800384,19998.25;290.7462
20001.74,0.5800385,19998.25;290.6144
20001.74,0.5800385,19998.25;290.4712
20001.74,0.5800384,19998.25;290.3222
20001.74,0.5800384,19998.25;290.1904
20001.74,0.580038,19998.25;290.0587
20001.74,0.580038,19998.25;289.9154
20001.74,0.580038,19998.25;289.7722
20001.74,0.5800385,19998.25;289.6346
20001.74,0.5800387,19998.25;289.4742
20001.74,0.580039,19998.25;289.3138
20001.74,0.580039,19998.25;289.1763
20001.74,0.580039,19998.25;289.1763
20001.74,0.580039,19998.25;289.0158
20001.74,0.5800393,19998.25;288.8554
20001.74,0.5800393,19998.25;288.7179
20001.74,0.5800393,19998.25;288.5575
20001.74,0.5800393,19998.25;288.397
20001.74,0.5800393,19998.25;288.2309
20001.74,0.5800393,19998.25;288.0876
20001.74,0.5800393,19998.25;287.9215
20001.74,0.5800397,19998.25;287.761
20001.74,0.5800397,19998.25;287.6235
20001.74,0.5800402,19998.25;287.486
20001.74,0.58004,19998.25;287.3199
20001.74,0.58004,19998.25;287.1594
20001.74,0.58004,19998.25;287.0448
20001.74,0.5800405,19998.25;286.8844
20001.74,0.5800406,19998.25;286.724
20001.74,0.5800408,19998.25;286.5635
20001.74,0.580041,19998.25;286.4146
20001.74,0.580041,19998.25;286.2427
20001.74,0.580041,19998.25;286.0937
20001.74,0.580041,19998.25;285.9161
20001.74,0.580041,19998.25;285.7385
20001.74,0.580041,19998.25;285.5609
20001.74,0.5800417,19998.25;285.4176
20001.74,0.5800417,19998.25;285.2515
20001.74,0.5800417,19998.25;285.0967
20001.74,0.5800417,19998.25;284.9535
20001.74,0.5800417,19998.25;284.8103
20001.74,0.5800419,19998.25;284.6269
20001.74,0.580042,19998.25;284.4378
20001.74,0.5800421,19998.25;284.2717
20001.74,0.5800421,19998.25;284.0769
20001.74,0.5800421,19998.25;283.8821
20001.74,0.5800418,19998.25;283.6987
20001.74,0.5800418,19998.25;283.5612
20001.74,0.580042,19998.25;283.3893
20001.74,0.5800416,19998.25;283.2346
20001.74,0.5800416,19998.25;283.0742
20001.74,0.5800416,19998.25;282.9023
20001.74,0.5800416,19998.25;282.7304
20001.74,0.5800422,19998.25;282.5528
20001.74,0.5800419,19998.25;282.3924
20001.74,0.5800419,19998.25;282.209
20001.74,0.5800419,19998.25;282.0371
20001.74,0.5800419,19998.25;281.8652
20001.74,0.5800419,19998.25;281.7163
20001.74,0.5800418,19998.25;281.5386
20001.74,0.5800419,19998.25;281.361
20001.74,0.5800421,19998.25;281.1949
20001.74,0.5800421,19998.25;281.0516
20001.74,0.5800416,19998.25;280.9084
20001.74,0.5800416,19998.25;280.748
20001.74,0.5800416,19998.25;280.6105
20001.74,0.5800418,19998.25;280.4443
20001.74,0.580042,19998.25;280.2839
20001.74,0.580042,19998.25;280.1521
20001.74,0.580042,19998.25;280.0203
20001.74,0.580042,19998.25;279.8599
20001.74,0.580042,19998.25;279.7051
20001.74,0.580042,19998.25;279.5734
20001.74,0.5800421,19998.25;279.4187
20001.74,0.5800421,19998.25;279.264
20001.74,0.5800422,19998.25;279.1093
20001.74,0.580042,19998.25;278.9717
20001.74,0.580042,19998.25;278.8171
20001.74,0.5800419,19998.25;278.6624
20001.74,0.580042,19998.25;278.5363
20001.74,0.580042,19998.25;278.4103
20001.74,0.5800421,19998.25;278.2556
20001.74,0.5800421,19998.25;278.1066
20001.74,0.5800419,19998.25;277.9691
20001.74,0.5800418,19998.25;277.7972
20001.74,0.5800422,19998.25;277.6425
20001.74,0.5800422,19998.25;277.4878
20001.74,0.5800421,19998.25;277.3388
20001.74,0.5800421,19998.25;277.1784
20001.74,0.5800423,19998.25;277.0122
20001.74,0.5800424,19998.25;276.8747
20001.74,0.5800424,19998.25;276.7143
20001.74,0.5800425,19998.25;276.5539
20001.74,0.5800426,19998.25;276.3877
20001.74,0.5800422,19998.25;276.2445
20001.74,0.580042,19998.25;276.0783
20001.74,0.5800416,19998.25;275.9351
20001.74,0.5800416,19998.25;275.7689
20001.74,0.5800416,19998.25;275.6028
20001.74,0.5800417,19998.25;275.4423
20001.74,0.5800421,19998.25;275.2991
20001.74,0.5800421,19998.25;275.1387
20001.74,0.5800421,19998.25;274.9782
20001.74,0.580042,19998.25;274.8464
20001.74,0.580042,19998.25;274.7147
20001.74,0.580042,19998.25;274.5428
20001.74,0.5800424,19998.25;274.3766
20001.74,0.5800423,19998.25;274.2334
20001.74,0.5800419,19998.25;274.0615
20001.74,0.5800419,19998.25;273.8896
20001.74,0.5800423,19998.25;273.712
20001.74,0.5800419,19998.25;273.563
20001.74,0.5800419,19998.25;273.374
20001.74,0.5800422,19998.25;273.1964
20001.74,0.5800419,19998.25;273.0531
20001.74,0.5800424,19998.25;272.887
20001.74,0.5800424,19998.25;272.7208
20001.74,0.580042,19998.25;272.589
20001.74,0.5800419,19998.25;272.4171
20001.74,0.5800419,19998.25;272.2338
20001.74,0.5800422,19998.25;272.0447
20001.74,0.5800421,19998.25;271.8728
20001.74,0.5800421,19998.25;271.701
20001.74,0.5800421,19998.25;271.5119
20001.74,0.5800421,19998.25;271.3514
20001.74,0.5800421,19998.25;271.2025
20001.74,0.5800418,19998.25;271.0306
20001.74,0.5800419,19998.25;270.8644
20001.74,0.5800417,19998.25;270.6983
20001.74,0.5800417,19998.25;270.5493
20001.74,0.5800417,19998.25;270.3717
20001.74,0.5800418,19998.25;270.1769
20001.74,0.5800418,19998.25;270.0165
20001.74,0.5800422,19998.25;269.8389
20001.74,0.580042,19998.25;269.6613
20001.74,0.5800418,19998.25;269.4779
20001.74,0.5800417,19998.25;269.3232
20001.74,0.5800424,19998.25;269.1456
20001.74,0.5800425,19998.25;268.9966
20001.74,0.5800424,19998.26;268.8247
20001.74,0.5800422,19998.26;268.6528
20001.74,0.580042,19998.26;268.4924
20001.74,0.5800416,19998.26;268.3606
20001.74,0.5800417,19998.26;268.2059
20001.74,0.5800415,19998.26;268.0455
20001.74,0.5800416,19998.27;267.8851
20001.74,0.5800418,19998.27;267.7418
20001.74,0.5800418,19998.27;267.5757
20001.74,0.5800419,19998.27;267.4095
20001.74,0.580042,19998.27;267.272
20001.74,0.5800419,19998.28;267.1173
20001.74,0.580042,19998.28;266.9626
20001.74,0.5800424,19998.28;266.8079
20001.74,0.5800419,19998.29;266.6704
20001.74,0.5800421,19998.29;266.5157
20001.74,0.5800416,19998.29;266.3438
20001.74,0.5800418,19998.29;266.212
20001.74,0.5800421,19998.3;266.0803
20001.74,0.5800419,19998.3;265.9256
20001.74,0.580042,19998.3;265.7651
20001.74,0.5800421,19998.31;265.6333
20001.74,0.580042,19998.31;265.4729
20001.74,0.5800421,19998.31;265.3182
20001.74,0.5800419,19998.32;265.1635
20001.74,0.5800421,19998.32;265.026
20001.74,0.5800417,19998.33;264.8599
20001.74,0.5800416,19998.33;264.6937
20001.74,0.5800415,19998.34;264.5504
20001.74,0.5800417,19998.34;264.4072
20001.74,0.5800418,19998.34;264.2296
20001.74,0.5800419,19998.35;264.0577
20001.74,0.580042,19998.35;263.9202
20001.74,0.5800421,19998.36;263.7426
20001.74,0.5800419,19998.36;263.5764
20001.74,0.5800425,19998.37;263.4103
20001.74,0.5800424,19998.38;263.267
20001.74,0.580042,19998.38;263.0952
20001.74,0.5800421,19998.39;262.9233
20001.74,0.580042,19998.39;262.78
20001.74,0.5800421,19998.4;262.6253
20001.74,0.5800422,19998.4;262.4706
20001.74,0.5800422,19998.41;262.3045
20001.74,0.5800421,19998.42;262.1613
20001.74,0.5800418,19998.42;261.9951
20001.74,0.5800416,19998.43;261.8289
20001.74,0.5800415,19998.44;261.68
20001.74,0.5800418,19998.45;261.531
20001.74,0.5800419,19998.45;261.3706
20001.74,0.5800422,19998.46;261.1872
20001.74,0.5800418,19998.47;261.0325
20001.74,0.5800421,19998.47;260.8434
20001.74,0.580042,19998.48;260.6544
20001.74,0.5800421,19998.49;260.4768
20001.74,0.5800422,19998.5;260.3335
20001.74,0.5800421,19998.51;260.1731
20001.74,0.5800421,19998.51;260.0012
20001.74,0.5800422,19998.52;259.8465
20001.74,0.5800421,19998.53;259.6632
20001.74,0.5800418,19998.54;259.4798
20001.74,0.5800418,19998.55;259.285
20001.74,0.5800419,19998.56;259.1189
20001.74,0.580042,19998.56;258.9298
20001.74,0.5800419,19998.58;258.7636
20001.74,0.5800419,19998.58;258.6147
20001.74,0.5800421,19998.6;258.4657
20001.74,0.5800422,19998.61;258.2938
20001.74,0.580042,19998.62;258.1563
20001.74,0.5800419,19998.63;257.9729
20001.74,0.5800422,19998.64;257.7781
20001.74,0.5800421,19998.65;257.5833
20001.74,0.5800419,19998.66;257.4229
20001.74,0.5800423,19998.67;257.2396
20001.74,0.5800421,19998.68;257.0562
20001.74,0.5800417,19998.7;256.9015
20001.74,0.5800418,19998.71;256.7296
20001.74,0.5800421,19998.72;256.552
20001.74,0.5800418,19998.73;256.3744
20001.74,0.5800421,19998.75;256.2312
20001.74,0.5800418,19998.76;256.065
20001.74,0.5800416,19998.77;255.9103
20001.74,0.5800415,19998.78;255.7556
20001.74,0.5800418,19998.79;255.6238
20001.74,0.5800421,19998.8;255.4634
20001.74,0.5800419,19998.82;255.303
20001.74,0.580042,19998.83;255.1598
20001.74,0.5800423,19998.84;254.9879
20001.74,0.5800419,19998.86;254.816
20001.74,0.5800422,19998.87;254.667
20001.74,0.5800421,19998.88;254.5295
20001.74,0.5800422,19998.89;254.3805
20001.74,0.5800421,19998.91;254.2201
20001.74,0.5800418,19998.92;254.0711
20001.74,0.5800422,19998.93;253.9164
20001.74,0.5800421,19998.94;253.7617
20001.74,0.5800424,19998.96;253.607
20001.74,0.5800427,19998.97;253.4695
20001.74,0.5800428,19998.98;253.3091
20001.74,0.5800429,19998.99;253.1544
20001.74,0.580043,19999;252.9997
20001.74,0.5800434,19999.02;252.8679
20001.74,0.5800436,19999.03;252.7075
20001.74,0.5800434,19999.04;252.5528
20001.74,0.5800433,19999.05;252.421
20001.74,0.5800434,19999.07;252.2491
20001.74,0.5800437,19999.08;252.0772
20001.74,0.5800436,19999.1;251.9225
20001.74,0.5800434,19999.11;251.7564
20001.74,0.5800437,19999.13;251.5959
20001.74,0.5800439,19999.14;251.4298
20001.74,0.5800441,19999.15;251.2866
20001.74,0.5800442,19999.17;251.1433
20001.74,0.5800443,19999.18;250.9714
20001.74,0.5800442,19999.2;250.8053
20001.74,0.580044,19999.21;250.662
20001.74,0.5800441,19999.22;250.4901
20001.74,0.5800444,19999.24;250.3182
20001.74,0.5800447,19999.25;250.1807
20001.74,0.5800446,19999.27;250.0088
20001.74,0.5800444,19999.28;249.8427
20001.74,0.5800445,19999.3;249.6994
20001.74,0.5800446,19999.31;249.5333
20001.74,0.5800445,19999.33;249.3671
20001.74,0.5800444,19999.35;249.201
20001.74,0.5800442,19999.36;249.052
20001.74,0.5800443,19999.38;248.8744
20001.74,0.5800444,19999.4;248.691
20001.74,0.5800443,19999.41;248.5306
20001.74,0.5800443,19999.43;248.3702
20001.74,0.5800444,19999.45;248.1811
20001.74,0.5800443,19999.46;247.9921
20001.74,0.5800442,19999.48;247.8431
20001.74,0.5800441,19999.49;247.6712
20001.74,0.580044,19999.51;247.5108
20001.74,0.5800439,19999.53;247.3503
20001.74,0.5800441,19999.54;247.2071
20001.74,0.5800444,19999.56;247.0238
20001.74,0.5800447,19999.58;246.8347
20001.74,0.5800447,19999.6;246.6628
20001.74,0.5800449,19999.62;246.4737
20001.74,0.5800451,19999.63;246.2789
20001.74,0.580045,19999.65;246.0841
20001.74,0.5800449,19999.67;245.9294
20001.74,0.580045,19999.69;245.7518
20001.74,0.5800449,19999.71;245.5914
20001.74,0.5800449,19999.73;245.431
20001.74,0.5800448,19999.75;245.2476
20001.74,0.5800446,19999.77;245.0585
20001.74,0.5800447,19999.79;244.8694
20001.74,0.580045,19999.81;244.7033
20001.74,0.5800453,19999.83;244.52
20001.74,0.5800456,19999.85;244.3309
20001.74,0.5800459,19999.87;244.1819
20001.74,0.5800458,19999.89;244.0329
20001.74,0.5800458,19999.92;243.8668
20001.74,0.5800457,19999.94;243.6949
20001.74,0.580046,19999.96;243.5574
20001.74,0.5800461,19999.98;243.3912
20001.74,0.5800462,20000;243.2251
20001.74,0.5800462,20000.02;243.0589
20001.74,0.5800463,20000.04;242.9214
20001.74,0.5800464,20000.07;242.761
20001.74,0.5800467,20000.09;242.5891
20001.74,0.5800469,20000.11;242.4516
20001.74,0.5800472,20000.13;242.2797
20001.74,0.5800474,20000.15;242.1078
20001.74,0.5800477,20000.17;241.9417
20001.74,0.580048,20000.19;241.7984
20001.74,0.580048,20000.21;241.6322
20001.74,0.5800481,20000.23;241.4604
20001.74,0.580048,20000.25;241.2885
20001.74,0.5800483,20000.27;241.1452
20001.74,0.5800483,20000.29;240.9905
20001.74,0.5800487,20000.31;240.8301
20001.74,0.5800489,20000.32;240.6926
20001.74,0.5800496,20000.35;240.5264
20001.74,0.5800498,20000.37;240.3603
20001.74,0.5800499,20000.38;240.1884
20001.74,0.5800498,20000.4;240.0509
20001.74,0.5800501,20000.42;239.8904
20001.74,0.5800498,20000.45;239.7186
20001.74,0.5800496,20000.46;239.5753
20001.74,0.5800499,20000.48;239.4321
20001.74,0.5800496,20000.51;239.2602
20001.74,0.5800501,20000.53;239.0826
20001.74,0.5800501,20000.55;238.9336
20001.74,0.5800503,20000.57;238.7617
20001.74,0.5800505,20000.59;238.5841
20001.74,0.5800508,20000.61;238.4065
20001.74,0.5800511,20000.63;238.2632
20001.74,0.5800513,20000.66;238.0914
20001.74,0.5800514,20000.68;237.9195
20001.74,0.5800516,20000.7;237.7762
20001.74,0.5800515,20000.72;237.5929
20001.74,0.5800517,20000.74;237.4095
20001.74,0.5800516,20000.76;237.2377
20001.74,0.5800515,20000.79;237.0887
20001.74,0.5800519,20000.81;236.9168
20001.74,0.580052,20000.83;236.7736
20001.74,0.5800522,20000.86;236.6074
20001.74,0.5800525,20000.88;236.4413
20001.74,0.5800529,20000.91;236.2693
20001.74,0.5800529,20000.93;236.1147
20001.74,0.5800531,20000.96;235.9313
20001.74,0.5800532,20000.98;235.748
20001.74,0.5800532,20001;235.5646
20001.74,0.5800534,20001.03;235.3985
20001.74,0.5800535,20001.05;235.2037
20001.74,0.5800536,20001.07;235.0146
20001.74,0.5800537,20001.09;234.8313
20001.74,0.5800539,20001.12;234.6823
20001.74,0.5800536,20001.14;234.5161
20001.74,0.5800536,20001.14;234.5161
20001.74,0.5800536,20001.16;234.3672
20001.74,0.5800539,20001.19;234.1838
20001.74,0.5800538,20001.21;233.9947
20001.74,0.5800537,20001.24;233.8171
20001.74,0.5800537,20001.26;233.6166
20001.74,0.5800538,20001.29;233.4161
20001.74,0.580054,20001.31;233.227
20001.74,0.5800543,20001.34;233.0665
20001.74,0.5800543,20001.36;232.8775
20001.74,0.5800544,20001.39;232.6999
20001.74,0.5800548,20001.42;232.5509
20001.74,0.5800552,20001.44;232.4019
20001.74,0.5800552,20001.47;232.2071
20001.74,0.5800554,20001.5;232.0123
20001.74,0.5800554,20001.53;231.8404
20001.74,0.5800555,20001.56;231.6571
20001.74,0.5800554,20001.59;231.4737
20001.74,0.5800555,20001.61;231.2904
20001.74,0.5800556,20001.64;231.1472
20001.74,0.5800555,20001.67;230.9753
20001.74,0.5800554,20001.7;230.7977
20001.74,0.5800554,20001.72;230.6601
20001.74,0.5800552,20001.75;230.494
20001.74,0.5800555,20001.78;230.3278
20001.74,0.5800554,20001.81;230.1731
20001.74,0.5800551,20001.83;230.0299
20001.74,0.5800552,20001.86;229.858
20001.74,0.5800554,20001.89;229.6861
20001.74,0.5800555,20001.92;229.5142
20001.74,0.5800555,20001.94;229.3652
20001.74,0.5800555,20001.97;229.2048
20001.74,0.5800554,20001.99;229.0272
20001.74,0.5800554,20002.02;228.8725
20001.74,0.5800555,20002.05;228.7006
20001.74,0.5800557,20002.07;228.5287
20001.74,0.5800556,20002.09;228.3569
20001.74,0.5800557,20002.12;228.2136
20001.74,0.5800557,20002.14;228.0475
20001.74,0.5800559,20002.17;227.887
20001.74,0.5800558,20002.19;227.7495
20001.74,0.5800558,20002.22;227.612
20001.74,0.5800559,20002.24;227.4401
20001.74,0.5800558,20002.26;227.2682
20001.74,0.5800561,20002.29;227.125
20001.74,0.5800561,20002.31;226.9531
20001.74,0.5800563,20002.34;226.7812
20001.74,0.5800563,20002.36;226.6093
20001.74,0.5800565,20002.39;226.4604
20001.74,0.5800566,20002.41;226.277
20001.74,0.5800565,20002.44;226.1223
20001.74,0.5800566,20002.46;225.9332
20001.74,0.5800567,20002.49;225.7671
20001.74,0.5800567,20002.51;225.6009
20001.74,0.5800565,20002.54;225.4233
20001.74,0.5800566,20002.56;225.2743
20001.74,0.5800566,20002.59;225.1139
20001.74,0.5800567,20002.62;224.9592
20001.74,0.5800567,20002.64;224.8045
20001.74,0.5800568,20002.67;224.6384
20001.74,0.5800568,20002.7;224.4608
20001.74,0.5800568,20002.72;224.3118
20001.74,0.5800569,20002.75;224.1284
20001.75,0.5800571,20002.78;223.9508
20001.75,0.5800572,20002.81;223.7732
20001.75,0.5800573,20002.83;223.63
20001.75,0.5800573,20002.86;223.4524
20001.75,0.5800573,20002.89;223.2747
20001.75,0.5800571,20002.92;223.1143
20001.75,0.5800572,20002.95;222.931
20001.75,0.5800573,20002.98;222.7476
20001.75,0.5800573,20003.01;222.5586
20001.75,0.5800573,20003.04;222.3924
20001.75,0.5800575,20003.07;222.1919
20001.75,0.5800574,20003.1;221.9971
20001.75,0.5800574,20003.12;221.8424
20001.75,0.5800573,20003.15;221.6877
20001.75,0.5800573,20003.18;221.5043
20001.75,0.5800575,20003.21;221.3382
20001.75,0.5800573,20003.23;221.1892
20001.75,0.5800573,20003.26;221.0001
20001.75,0.5800572,20003.29;220.8111
20001.75,0.5800574,20003.32;220.6162
20001.75,0.5800574,20003.34;220.4501
20001.75,0.5800576,20003.38;220.2438
20001.75,0.5800575,20003.4;220.049
20001.75,0.5800574,20003.43;219.8886
20001.75,0.5800575,20003.46;219.7282
20001.75,0.5800576,20003.5;219.5448
20001.75,0.5800576,20003.53;219.3557
20001.75,0.5800575,20003.56;219.2125
20001.75,0.5800575,20003.6;219.0235
20001.75,0.5800574,20003.63;218.8286
20001.75,0.5800575,20003.66;218.6338
20001.75,0.5800574,20003.7;218.4734
20001.75,0.5800576,20003.73;218.2901
20001.75,0.5800575,20003.76;218.1124
20001.75,0.5800574,20003.79;217.9692
20001.75,0.5800573,20003.83;217.7973
20001.75,0.5800572,20003.86;217.6254
20001.75,0.5800573,20003.89;217.4478
20001.75,0.5800571,20003.92;217.3046
20001.75,0.5800572,20003.96;217.1384
20001.75,0.5800571,20003.98;216.9723
20001.75,0.5800571,20004.02;216.8233
20001.75,0.5800571,20004.05;216.6743
20001.75,0.5800571,20004.09;216.4967
20001.75,0.5800571,20004.11;216.3191
20001.75,0.5800572,20004.14;216.1701
20001.75,0.5800574,20004.18;216.004
20001.75,0.5800573,20004.2;215.8378
20001.75,0.5800573,20004.23;215.6716
20001.75,0.5800574,20004.26;215.5112
20001.75,0.5800574,20004.29;215.3393
20001.75,0.5800574,20004.32;215.1732
20001.75,0.5800573,20004.35;215.0242
20001.75,0.5800573,20004.38;214.8753
20001.76,0.5800574,20004.4;214.7091
20001.76,0.5800574,20004.42;214.5601
20001.76,0.5800574,20004.45;214.394
20001.76,0.5800574,20004.48;214.2221
20001.76,0.5800574,20004.51;214.0731
20001.76,0.5800573,20004.53;213.9241
20001.76,0.5800571,20004.56;213.7465
20001.76,0.5800573,20004.59;213.5689
20001.76,0.5800574,20004.62;213.4199
20001.76,0.5800573,20004.65;213.2366
20001.76,0.5800572,20004.67;213.0533
20001.76,0.5800572,20004.7;212.8814
20001.76,0.5800573,20004.73;212.7267
20001.76,0.5800572,20004.76;212.549
20001.76,0.5800573,20004.79;212.3714
20001.76,0.5800574,20004.81;212.2282
20001.76,0.5800573,20004.84;212.0849
20001.76,0.5800574,20004.87;211.9188
20001.76,0.5800574,20004.9;211.7469
20001.76,0.5800573,20004.93;211.5922
20001.76,0.5800573,20004.96;211.4203
20001.76,0.5800573,20004.98;211.2427
20001.76,0.5800573,20005.02;211.0651
20001.76,0.5800572,20005.05;210.9104
20001.76,0.5800573,20005.08;210.7328
20001.76,0.5800574,20005.11;210.5552
20001.76,0.5800573,20005.14;210.4119
20001.76,0.5800574,20005.17;210.2343
20001.76,0.5800573,20005.2;210.0567
20001.76,0.5800573,20005.23;209.8733
20001.76,0.5800572,20005.26;209.7244
20001.76,0.5800573,20005.29;209.541
20001.76,0.5800573,20005.32;209.3462
20001.76,0.5800573,20005.36;209.1801
20001.76,0.5800572,20005.39;209.0139
20001.76,0.5800573,20005.42;208.8076
20001.76,0.5800573,20005.44;208.6186
20001.76,0.5800573,20005.47;208.4581
20001.76,0.5800572,20005.5;208.2748
20001.76,0.5800573,20005.53;208.0915
20001.76,0.5800573,20005.55;207.9138
20001.76,0.5800573,20005.59;207.7591
20001.76,0.5800573,20005.62;207.5701
20001.76,0.5800573,20005.64;207.3753
20001.76,0.5800573,20005.68;207.2034
20001.76,0.5800574,20005.71;207.0315
20001.76,0.5800573,20005.74;206.8309
20001.76,0.5800573,20005.77;206.6361
20001.76,0.5800573,20005.8;206.4643
20001.76,0.5800573,20005.84;206.2809
20001.77,0.5800574,20005.87;206.1033
20001.77,0.5800574,20005.9;205.9257
20001.77,0.5800574,20005.94;205.7595
20001.77,0.5800574,20005.97;205.5647
20001.77,0.5800573,20006;205.3699
20001.77,0.5800572,20006.04;205.2095
20001.77,0.5800573,20006.07;205.0262
20001.77,0.5800574,20006.11;204.8428
20001.77,0.5800573,20006.14;204.6652
20001.77,0.5800573,20006.17;204.5277
20001.77,0.5800573,20006.21;204.3558
20001.77,0.5800572,20006.24;204.1782
20001.77,0.5800573,20006.28;204.0006
20001.77,0.5800573,20006.31;203.8516
20001.77,0.5800573,20006.35;203.6683
20001.77,0.5800572,20006.38;203.4849
20001.77,0.5800573,20006.41;203.3417
20001.77,0.5800573,20006.44;203.164
20001.77,0.5800573,20006.47;202.9864
20001.77,0.5800572,20006.51;202.8317
20001.77,0.5800572,20006.54;202.6541
20001.77,0.5800572,20006.57;202.4765
20001.77,0.5800573,20006.6;202.339
20001.77,0.5800574,20006.63;202.1671
20001.77,0.5800573,20006.66;201.9952
20001.77,0.5800573,20006.69;201.8233
20001.77,0.5800573,20006.72;201.6744
20001.77,0.5800573,20006.75;201.5025
20001.77,0.5800573,20006.77;201.3306
20001.77,0.5800573,20006.8;201.1587
20001.77,0.5800573,20006.83;200.9868
20001.77,0.5800573,20006.85;200.8378
20001.77,0.5800573,20006.88;200.6602
20001.77,0.5800573,20006.91;200.5113
20001.77,0.5800573,20006.93;200.3337
20001.77,0.5800573,20006.96;200.156
20001.77,0.5800573,20006.99;199.9784
20001.77,0.5800573,20007.02;199.8295
20001.77,0.5800573,20007.04;199.6404
20001.77,0.5800573,20007.07;199.4628
20001.78,0.5800573,20007.1;199.3081
20001.78,0.5800572,20007.13;199.1247
20001.78,0.5800573,20007.15;198.9414
20001.78,0.5800573,20007.18;198.7638
20001.78,0.5800573,20007.2;198.6091
20001.78,0.5800573,20007.23;198.4372
20001.78,0.5800573,20007.26;198.2596
20001.78,0.5800573,20007.29;198.1106
20001.78,0.5800573,20007.31;197.9616
20001.78,0.5800573,20007.34;197.784
20001.78,0.5800573,20007.37;197.6007
20001.78,0.5800573,20007.4;197.4402
20001.78,0.5800573,20007.43;197.2626
20001.78,0.5800573,20007.46;197.085
20001.78,0.5800573,20007.49;196.9074
20001.78,0.5800573,20007.52;196.7584
20001.78,0.5800573,20007.55;196.5808
20001.78,0.5800574,20007.58;196.3975
20001.78,0.5800574,20007.62;196.2428
20001.78,0.5800573,20007.65;196.0881
20001.78,0.5800573,20007.68;195.899
20001.78,0.5800573,20007.71;195.7099
20001.78,0.5800573,20007.74;195.5323
20001.78,0.5800573,20007.77;195.3203
20001.78,0.5800573,20007.8;195.1083
20001.78,0.5800572,20007.83;194.9078
20001.78,0.5800573,20007.86;194.7474
20001.78,0.5800573,20007.88;194.5583
20001.78,0.5800573,20007.91;194.3749
20001.78,0.5800573,20007.94;194.2202
20001.78,0.5800572,20007.97;194.0655
20001.78,0.5800573,20008;193.8765
20001.78,0.5800573,20008.02;193.6759
20001.78,0.5800572,20008.05;193.5098
20001.78,0.5800573,20008.08;193.3092
20001.78,0.5800573,20008.12;193.1202
20001.78,0.5800573,20008.15;192.9311
20001.78,0.5800573,20008.18;192.7707
20001.78,0.5800573,20008.2;192.5816
20001.78,0.5800572,20008.24;192.4326
20001.78,0.5800573,20008.27;192.2436
20001.78,0.5800573,20008.3;192.0602
20001.78,0.5800573,20008.34;191.8711
20001.78,0.5800573,20008.34;191.8711
20001.78,0.5800573,20008.37;191.7107
20001.79,0.5800573,20008.4;191.5331
20001.79,0.5800573,20008.44;191.3727
20001.79,0.5800573,20008.47;191.2122
20001.79,0.5800573,20008.5;191.0403
20001.79,0.5800573,20008.54;190.8685
20001.79,0.5800573,20008.57;190.7138
20001.79,0.5800573,20008.61;190.5304
20001.79,0.5800573,20008.63;190.3413
20001.79,0.5800573,20008.67;190.1523
20001.79,0.5800573,20008.7;189.9976
20001.79,0.5800573,20008.73;189.8199
20001.79,0.5800573,20008.76;189.6423
20001.79,0.5800573,20008.79;189.4876
20001.79,0.5800573,20008.82;189.3158
20001.79,0.5800573,20008.85;189.1439
20001.79,0.5800573,20008.88;188.9662
20001.79,0.5800573,20008.9;188.8058
20001.79,0.5800573,20008.93;188.6225
20001.79,0.5800573,20008.96;188.4391
20001.79,0.5800573,20008.98;188.2844
20001.79,0.5800573,20009.01;188.1297
20001.79,0.5800573,20009.03;187.9521
20001.79,0.5800573,20009.05;187.7745
20001.79,0.5800573,20009.08;187.6313
20001.79,0.5800573,20009.11;187.4479
20001.79,0.5800573,20009.13;187.2646
20001.79,0.5800573,20009.16;187.0812
20001.79,0.5800573,20009.19;186.9265
20001.79,0.5800573,20009.21;186.7489
20001.79,0.5800573,20009.23;186.5656
20001.79,0.5800573,20009.26;186.4109
20001.79,0.5800573,20009.29;186.2275
20001.79,0.5800573,20009.31;186.0442
20001.79,0.5800573,20009.31;186.0442
20001.79,0.5800573,20009.34;185.878
20001.79,0.5800573,20009.36;185.6889
20001.79,0.5800573,20009.38;185.5113
20001.79,0.5800573,20009.41;185.3624
20001.79,0.5800573,20009.44;185.179
20001.79,0.5800573,20009.46;185.03
20001.79,0.5800573,20009.49;184.8811
20001.79,0.5800573,20009.52;184.6977
20001.79,0.5800573,20009.55;184.5144
20001.79,0.5800573,20009.57;184.3368
20001.79,0.5800573,20009.6;184.1821
20001.79,0.5800573,20009.63;183.9987
20001.79,0.5800573,20009.66;183.8211
20001.79,0.5800573,20009.66;183.8211
20001.79,0.5800573,20009.68;183.6664
20001.79,0.5800573,20009.71;183.4888
20001.8,0.5800573,20009.74;183.3284
20001.8,0.5800573,20009.77;183.145
20001.8,0.5800573,20009.8;182.9559
20001.8,0.5800573,20009.83;182.7669
20001.8,0.5800573,20009.86;182.6007
20001.8,0.5800573,20009.89;182.4002
20001.8,0.5800573,20009.91;182.1939
20001.8,0.5800573,20009.94;182.022
20001.8,0.5800573,20009.96;181.8501
20001.8,0.5800573,20009.99;181.6496
20001.8,0.5800573,20010.01;181.4605
20001.8,0.5800573,20010.03;181.2944
20001.8,0.5800573,20010.06;181.111
20001.8,0.5800573,20010.08;180.9277
20001.8,0.5800573,20010.11;180.7444
20001.8,0.5800573,20010.14;180.5839
20001.8,0.5800573,20010.17;180.3891
20001.8,0.5800573,20010.2;180.1886
20001.8,0.5800573,20010.23;180.0282
20001.8,0.5800573,20010.26;179.8677
20001.8,0.5800573,20010.28;179.6672
20001.8,0.5800573,20010.31;179.4839
20001.8,0.5800573,20010.34;179.3177
20001.8,0.5800573,20010.37;179.1286
20001.8,0.5800573,20010.4;178.9395
20001.8,0.5800573,20010.43;178.7505
20001.8,0.5800573,20010.46;178.5843
20001.79,0.5800573,20010.49;178.3952
20001.79,0.5800573,20010.52;178.2119
20001.79,0.5800573,20010.55;178.0572
20001.79,0.5800573,20010.58;177.8739
20001.79,0.5800573,20010.6;177.6905
20001.79,0.5800573,20010.63;177.5072
20001.79,0.5800573,20010.67;177.3467
20001.79,0.5800573,20010.7;177.1577
20001.79,0.5800573,20010.72;176.9686
20001.78,0.5800573,20010.75;176.8082
20001.78,0.5800573,20010.78;176.6477
20001.78,0.5800573,20010.8;176.4701
20001.78,0.5800573,20010.83;176.2925
20001.78,0.5800573,20010.85;176.1378
20001.78,0.5800573,20010.88;175.9602
20001.77,0.5800573,20010.9;175.8055
20001.77,0.5800573,20010.93;175.6279
20001.77,0.5800573,20010.95;175.4503
20001.77,0.5800573,20010.98;175.2669
20001.77,0.5800573,20011;175.1008
20001.76,0.5800573,20011.02;174.9231
20001.76,0.5800573,20011.04;174.7341
20001.76,0.5800573,20011.06;174.545
20001.76,0.5800573,20011.08;174.3903
20001.76,0.5800573,20011.1;174.2069
20001.75,0.5800573,20011.13;174.0236
20001.75,0.5800573,20011.14;173.8689
20001.75,0.5800573,20011.17;173.7142
20001.75,0.5800573,20011.19;173.5309
20001.74,0.5800573,20011.21;173.3475
20001.74,0.5800573,20011.23;173.1871
20001.74,0.5800573,20011.25;173.0037
20001.74,0.5800573,20011.27;172.8204
20001.73,0.5800573,20011.29;172.6371
20001.73,0.5800573,20011.31;172.4766
20001.73,0.5800573,20011.33;172.2875
20001.73,0.5800573,20011.36;172.1099
20001.72,0.5800573,20011.38;171.9495
20001.72,0.5800573,20011.4;171.7661
20001.72,0.5800573,20011.42;171.5828
20001.71,0.5800573,20011.44;171.4052
20001.71,0.5800573,20011.46;171.2505
20001.71,0.5800573,20011.49;171.0729
20001.7,0.5800573,20011.51;170.8895
20001.7,0.5800573,20011.53;170.7348
20001.7,0.5800573,20011.55;170.5801
20001.69,0.5800573,20011.58;170.4025
20001.69,0.5800573,20011.6;170.2192
20001.68,0.5800573,20011.62;170.0645
20001.68,0.5800573,20011.65;169.8811
20001.68,0.5800573,20011.67;169.6978
20001.67,0.5800573,20011.69;169.5144
20001.67,0.5800573,20011.72;169.3597
20001.66,0.5800573,20011.74;169.1707
20001.66,0.5800573,20011.77;168.9816
20001.65,0.5800573,20011.79;168.8097
20001.65,0.5800573,20011.82;168.6034
20001.64,0.5800573,20011.84;168.3972
20001.64,0.5800573,20011.86;168.1909
20001.63,0.5800573,20011.88;168.0133
20001.63,0.5800573,20011.9;167.8128
20001.62,0.5800573,20011.92;167.6466
20001.62,0.5800573,20011.95;167.469
20001.61,0.5800573,20011.97;167.2914
20001.61,0.5800573,20011.99;167.0908
20001.6,0.5800573,20012.01;166.9075
20001.6,0.5800573,20012.03;166.7356
20001.59,0.5800573,20012.06;166.5408
20001.59,0.5800573,20012.08;166.346
20001.58,0.5800573,20012.1;166.1741
20001.58,0.5800573,20012.12;165.9736
20001.57,0.5800573,20012.15;165.7788
20001.56,0.5800573,20012.17;165.6069
20001.56,0.5800573,20012.2;165.4178
20001.55,0.5800573,20012.22;165.2287
20001.54,0.5800573,20012.24;165.0397
20001.54,0.5800573,20012.27;164.885
20001.53,0.5800573,20012.29;164.6959
20001.53,0.5800573,20012.32;164.5068
20001.52,0.5800573,20012.35;164.3349
20001.51,0.5800573,20012.37;164.163
20001.5,0.5800573,20012.39;163.9682
20001.5,0.5800573,20012.42;163.7792
20001.49,0.5800573,20012.44;163.6187
20001.48,0.5800573,20012.46;163.4297
20001.48,0.5800573,20012.49;163.2406
20001.47,0.5800573,20012.51;163.0515
20001.46,0.5800573,20012.53;162.8911
20001.46,0.5800573,20012.56;162.702
20001.45,0.5800573,20012.58;162.5129
20001.44,0.5800573,20012.6;162.364
20001.44,0.5800573,20012.62;162.1863
20001.43,0.5800573,20012.63;162.0087
20001.42,0.5800573,20012.65;161.8311
20001.42,0.5800573,20012.67;161.6764
20001.41,0.5800573,20012.69;161.4988
20001.4,0.5800573,20012.71;161.3097
20001.4,0.5800573,20012.73;161.1493
20001.39,0.5800573,20012.75;160.9889
20001.38,0.5800573,20012.77;160.8055
20001.38,0.5800573,20012.78;160.6222
20001.38,0.5800573,20012.79;160.456
20001.37,0.5800573,20012.81;160.2727
20001.36,0.5800573,20012.83;160.0836
20001.36,0.5800573,20012.84;159.8945
20001.35,0.5800573,20012.86;159.7341
20001.35,0.5800573,20012.88;159.5507
20001.34,0.5800573,20012.89;159.3674
20001.33,0.5800573,20012.91;159.2127
20001.33,0.5800573,20012.92;159.058
20001.32,0.5800573,20012.94;158.8746
20001.32,0.5800573,20012.95;158.6856
20001.31,0.5800573,20012.97;158.5194
20001.3,0.5800573,20012.99;158.3361
20001.29,0.5800573,20013;158.1527
20001.29,0.5800573,20013.02;157.9694
20001.28,0.5800573,20013.04;157.8032
20001.28,0.5800573,20013.05;157.6084
20001.27,0.5800573,20013.07;157.4193
20001.26,0.5800573,20013.09;157.2647
20001.25,0.5800573,20013.1;157.0813
20001.25,0.5800573,20013.12;156.898
20001.24,0.5800573,20013.14;156.7204
20001.23,0.5800573,20013.15;156.5656
20001.23,0.5800573,20013.17;156.388
20001.22,0.5800573,20013.19;156.2047
20001.21,0.5800573,20013.21;156.0443
20001.2,0.5800573,20013.22;155.8838
20001.19,0.5800573,20013.24;155.6947
20001.19,0.5800573,20013.26;155.5114
20001.18,0.5800573,20013.28;155.351
20001.17,0.5800573,20013.3;155.1619
20001.16,0.5800573,20013.31;154.9671
20001.15,0.5800573,20013.34;154.7723
20001.14,0.5800573,20013.36;154.6004
20001.13,0.5800573,20013.38;154.3941
20001.12,0.5800573,20013.39;154.1879
20001.11,0.5800573,20013.41;154.0103
20001.11,0.5800573,20013.43;153.8327
20001.1,0.5800573,20013.44;153.6264
20001.09,0.5800573,20013.45;153.4201
20001.09,0.5800573,20013.47;153.2482
20001.08,0.5800573,20013.48;153.0534
20001.07,0.5800573,20013.5;152.8586
20001.06,0.5800573,20013.51;152.6638
20001.05,0.5800573,20013.53;152.5034
20001.04,0.5800573,20013.55;152.3029
20001.04,0.5800573,20013.56;152.0966
20001.03,0.5800573,20013.58;151.919
20001.02,0.5800573,20013.6;151.7127
20001.01,0.5800573,20013.62;151.5065
20001,0.5800573,20013.63;151.3346
20000.99,0.5800573,20013.65;151.1627
20000.98,0.5800573,20013.67;150.9851
20000.97,0.5800573,20013.69;150.8247
20000.96,0.5800573,20013.71;150.6642
20000.95,0.5800573,20013.73;150.4522
20000.94,0.5800573,20013.74;150.2517
20000.93,0.5800573,20013.76;150.0856
20000.91,0.5800573,20013.78;149.8907
20000.91,0.5800573,20013.79;149.7074
20000.89,0.5800573,20013.81;149.5241
20000.88,0.5800573,20013.83;149.3636
20000.88,0.5800573,20013.85;149.1745
20000.87,0.5800573,20013.87;148.9798
20000.86,0.5800573,20013.88;148.8136
20000.84,0.5800573,20013.9;148.6302
20000.84,0.5800573,20013.91;148.4526
20000.83,0.5800573,20013.93;148.275
20000.81,0.5800573,20013.95;148.1146
20000.8,0.5800573,20013.96;147.9312
20000.8,0.5800573,20013.97;147.7422
20000.79,0.5800573,20013.99;147.5932
20000.78,0.5800573,20014;147.4442
20000.77,0.5800573,20014.01;147.2609
20000.77,0.5800573,20014.02;147.0718
20000.76,0.5800573,20014.04;146.9171
20000.75,0.5800573,20014.05;146.7338
20000.74,0.5800573,20014.06;146.539
20000.73,0.5800573,20014.07;146.3441
20000.73,0.5800573,20014.08;146.1837
20000.72,0.5800573,20014.09;145.9946
20000.71,0.5800573,20014.1;145.8113
20000.71,0.5800573,20014.11;145.6509
20000.7,0.5800573,20014.12;145.4904
20000.69,0.5800573,20014.13;145.3014
20000.69,0.5800573,20014.14;145.118
20000.68,0.5800573,20014.15;144.9576
20000.67,0.5800573,20014.16;144.78
20000.66,0.5800573,20014.17;144.5909
20000.66,0.5800573,20014.18;144.4018
20000.65,0.5800573,20014.2;144.2471
20000.64,0.5800573,20014.21;144.0581
20000.63,0.5800573,20014.22;143.869
20000.62,0.5800573,20014.23;143.7086
20000.62,0.5800573,20014.24;143.5137
20000.61,0.5800573,20014.25;143.319
20000.6,0.5800573,20014.26;143.1299
20000.59,0.5800573,20014.28;142.958
20000.58,0.5800573,20014.29;142.7746
20000.57,0.5800573,20014.3;142.5913
20000.56,0.5800573,20014.31;142.4251
20000.56,0.5800573,20014.32;142.259
20000.55,0.5800573,20014.33;142.0756
20000.54,0.5800573,20014.34;141.8923
20000.53,0.5800573,20014.35;141.7319
20000.52,0.5800573,20014.37;141.5428
20000.51,0.5800573,20014.38;141.3537
20000.5,0.5800573,20014.39;141.1646
20000.49,0.5800573,20014.4;141.0042
20000.48,0.5800573,20014.41;140.8208
20000.47,0.5800573,20014.43;140.6375
20000.46,0.5800573,20014.44;140.4714
20000.45,0.5800573,20014.45;140.2594
20000.44,0.5800573,20014.46;140.0474
20000.43,0.5800573,20014.47;139.8296
20000.42,0.5800573,20014.48;139.6463
20000.41,0.5800573,20014.49;139.4343
20000.4,0.5800573,20014.5;139.2281
20000.4,0.5800573,20014.51;139.0218
20000.39,0.5800573,20014.52;138.8556
20000.38,0.5800573,20014.53;138.6608
20000.37,0.5800573,20014.54;138.4947
20000.36,0.5800573,20014.55;138.2999
20000.35,0.5800573,20014.56;138.0879
20000.34,0.5800573,20014.57;137.8759
20000.33,0.5800573,20014.59;137.6926
20000.32,0.5800573,20014.6;137.4863
20000.31,0.5800573,20014.61;137.2743
20000.3,0.5800573,20014.62;137.0967
20000.29,0.5800573,20014.63;136.9191
20000.28,0.5800573,20014.64;136.7414
20000.27,0.5800573,20014.65;136.5409
20000.26,0.5800573,20014.66;136.369
20000.25,0.5800573,20014.67;136.1685
20000.24,0.5800573,20014.68;135.968
20000.23,0.5800573,20014.69;135.7961
20000.22,0.5800573,20014.71;135.6242
20000.2,0.5800573,20014.72;135.4294
20000.19,0.5800573,20014.73;135.2346
20000.18,0.5800573,20014.74;135.0741
20000.17,0.5800573,20014.75;134.8793
20000.16,0.5800573,20014.76;134.6845
20000.15,0.5800573,20014.77;134.484
20000.14,0.5800573,20014.78;134.3235
20000.13,0.5800573,20014.79;134.1402
20000.12,0.5800573,20014.8;133.9626
20000.11,0.5800573,20014.81;133.8079
20000.1,0.5800573,20014.82;133.6532
20000.09,0.5800573,20014.83;133.4584
20000.08,0.5800573,20014.84;133.2808
20000.07,0.5800573,20014.85;133.1204
20000.07,0.5800573,20014.85;132.9256
20000.06,0.5800573,20014.86;132.7365
20000.05,0.5800573,20014.87;132.5474
20000.04,0.5800573,20014.87;132.387
20000.04,0.5800573,20014.88;132.1979
20000.03,0.5800573,20014.89;132.0146
20000.02,0.5800573,20014.89;131.8541
20000.02,0.5800573,20014.89;131.6708
20000.02,0.5800573,20014.9;131.4874
20000.01,0.5800573,20014.9;131.2984
20000,0.5800573,20014.91;131.1322
20000,0.5800573,20014.91;130.9431
20000,0.5800573,20014.92;130.7598
19999.99,0.5800573,20014.92;130.6051
19999.99,0.5800573,20014.92;130.4504
19999.98,0.5800573,20014.93;130.267
19999.98,0.5800573,20014.93;130.0837
19999.97,0.5800573,20014.94;129.929
19999.96,0.5800573,20014.94;129.7457
19999.96,0.5800573,20014.95;129.5623
19999.95,0.5800573,20014.95;129.3732
19999.95,0.5800573,20014.96;129.2071
19999.94,0.5800573,20014.96;129.018
19999.94,0.5800573,20014.97;128.8519
19999.93,0.5800573,20014.97;128.6857
19999.92,0.5800573,20014.98;128.4909
19999.92,0.5800573,20014.98;128.2961
19999.91,0.5800573,20014.99;128.107
19999.9,0.5800573,20014.99;127.9466
19999.9,0.5800573,20015;127.7575
19999.89,0.5800573,20015;127.5684
19999.88,0.5800573,20015.01;127.3679
19999.88,0.5800573,20015.01;127.2075
19999.87,0.5800573,20015.02;127.0184
19999.86,0.5800573,20015.03;126.835
19999.85,0.5800573,20015.04;126.6689
19999.84,0.5800573,20015.04;126.5027
19999.83,0.5800573,20015.05;126.3194
19999.82,0.5800573,20015.05;126.1246
19999.81,0.5800573,20015.06;125.9527
19999.8,0.5800573,20015.07;125.7522
19999.79,0.5800573,20015.07;125.5344
19999.78,0.5800573,20015.08;125.3167
19999.78,0.5800573,20015.09;125.1219
19999.77,0.5800573,20015.09;124.8985
19999.76,0.5800573,20015.1;124.6865
19999.76,0.5800573,20015.1;124.5031
19999.75,0.5800573,20015.1;124.3198
19999.74,0.5800573,20015.11;124.125
19999.74,0.5800573,20015.11;123.9302
19999.73,0.5800573,20015.12;123.764
19999.72,0.5800573,20015.12;123.5635
19999.72,0.5800573,20015.13;123.3515
19999.71,0.5800573,20015.13;123.1395
19999.7,0.5800573,20015.13;122.9619
19999.69,0.5800573,20015.14;122.7442
19999.68,0.5800573,20015.15;122.5665
19999.68,0.5800573,20015.15;122.366
19999.67,0.5800573,20015.16;122.1769
19999.66,0.5800573,20015.16;121.9879
19999.65,0.5800573,20015.17;121.8102
19999.64,0.5800573,20015.17;121.6097
19999.63,0.5800573,20015.18;121.4149
19999.62,0.5800573,20015.19;121.243
19999.61,0.5800573,20015.19;121.0425
19999.6,0.5800573,20015.2;120.842
19999.59,0.5800573,20015.21;120.6471
19999.58,0.5800573,20015.21;120.481
19999.57,0.5800573,20015.21;120.2862
19999.56,0.5800573,20015.22;120.0857
19999.56,0.5800573,20015.22;119.9252
19999.55,0.5800573,20015.23;119.7648
19999.54,0.5800573,20015.23;119.5757
19999.53,0.5800573,20015.24;119.3866
19999.52,0.5800573,20015.24;119.2205
19999.52,0.5800573,20015.25;119.0371
19999.51,0.5800573,20015.25;118.8538
19999.51,0.5800573,20015.25;118.6705
19999.5,0.5800573,20015.25;118.4986
19999.5,0.5800573,20015.26;118.298
19999.49,0.5800573,20015.26;118.1032
19999.49,0.5800573,20015.26;117.9428
19999.48,0.5800573,20015.26;117.7594
19999.48,0.5800573,20015.27;117.5761
19999.48,0.5800573,20015.27;117.3928
19999.47,0.5800573,20015.27;117.2094
19999.47,0.5800573,20015.27;117.049
19999.47,0.5800573,20015.27;116.8656
19999.47,0.5800573,20015.27;116.7052
19999.47,0.5800573,20015.27;116.5448
19999.47,0.5800573,20015.27;116.3557
19999.47,0.5800573,20015.27;116.1666
19999.47,0.5800573,20015.27;116.0005
19999.47,0.5800573,20015.27;115.8171
19999.47,0.5800573,20015.27;115.6338
19999.47,0.5800573,20015.27;115.4504
19999.47,0.5800573,20015.27;115.2957
19999.47,0.5800573,20015.27;115.1124
19999.47,0.5800573,20015.27;114.9233
19999.47,0.5800573,20015.27;114.7571
19999.47,0.5800573,20015.27;114.5681
19999.47,0.5800573,20015.27;114.379
19999.47,0.5800573,20015.27;114.1899
19999.47,0.5800573,20015.27;114.0295
19999.47,0.5800573,20015.27;113.8347
19999.47,0.5800573,20015.27;113.6342
19999.46,0.5800573,20015.28;113.4336
19999.46,0.5800573,20015.28;113.2675
19999.45,0.5800573,20015.28;113.0669
19999.45,0.5800573,20015.28;112.8779
19999.44,0.5800573,20015.28;112.706
19999.44,0.5800573,20015.28;112.5054
19999.44,0.5800573,20015.29;112.3049
19999.43,0.5800573,20015.29;112.1101
19999.43,0.5800573,20015.29;111.9439
19999.42,0.5800573,20015.29;111.7491
19999.41,0.5800573,20015.29;111.56
19999.41,0.5800573,20015.3;111.3882
19999.4,0.5800573,20015.3;111.2163
19999.4,0.5800573,20015.3;111.0157
19999.39,0.5800573,20015.3;110.8095
19999.39,0.5800573,20015.3;110.6204
19999.38,0.5800573,20015.31;110.4027
19999.38,0.5800573,20015.31;110.1792
19999.37,0.5800573,20015.31;109.9558
19999.37,0.5800573,20015.31;109.7667
19999.37,0.5800573,20015.31;109.5604
19999.37,0.5800573,20015.31;109.3484
19999.37,0.5800573,20015.31;109.1708
19999.37,0.5800573,20015.31;108.9932
19999.37,0.5800573,20015.31;108.7927
19999.37,0.5800573,20015.31;108.5979
19999.37,0.5800573,20015.31;108.4203
19999.36,0.5800573,20015.31;108.214
19999.36,0.5800573,20015.31;107.9905
19999.35,0.5800573,20015.32;107.7671
19999.35,0.5800573,20015.32;107.578
19999.34,0.5800573,20015.32;107.366
19999.34,0.5800573,20015.32;107.1941
19999.33,0.5800573,20015.32;106.9936
19999.33,0.5800573,20015.32;106.7988
19999.32,0.5800573,20015.33;106.6269
19999.32,0.5800573,20015.33;106.6269
19999.32,0.5800573,20015.33;106.4149
19999.31,0.5800573,20015.33;106.2029
19999.3,0.5800573,20015.33;106.0253
19999.3,0.5800573,20015.33;105.8305
19999.3,0.5800573,20015.33;105.6357
19999.29,0.5800573,20015.33;105.4466
19999.29,0.5800573,20015.34;105.2862
19999.29,0.5800573,20015.34;105.0857
19999.29,0.5800573,20015.34;104.8851
19999.29,0.5800573,20015.34;104.719
19999.28,0.5800573,20015.34;104.5528
19999.28,0.5800573,20015.34;104.358
19999.28,0.5800573,20015.34;104.1632
19999.28,0.5800573,20015.34;104.0028
19999.28,0.5800573,20015.34;103.8023
19999.28,0.5800573,20015.34;103.6017
19999.28,0.5800573,20015.34;103.4069
19999.28,0.5800573,20015.34;103.2407
19999.28,0.5800573,20015.34;103.0517
19999.28,0.5800573,20015.34;102.8626
19999.28,0.5800573,20015.34;102.7022
19999.28,0.5800573,20015.34;102.5188
19999.28,0.5800573,20015.34;102.3355
19999.28,0.5800573,20015.34;102.1521
19999.28,0.5800573,20015.34;101.9917
19999.28,0.5800573,20015.34;101.8084
19999.28,0.5800573,20015.34;101.6193
19999.28,0.5800573,20015.34;101.4589
19999.28,0.5800573,20015.34;101.2984
19999.28,0.5800573,20015.34;101.1151
19999.28,0.5800573,20015.34;100.926
19999.28,0.5800573,20015.34;100.7484
19999.28,0.5800573,20015.34;100.5708
19999.28,0.5800573,20015.34;100.4103
19999.28,0.5800573,20015.34;100.227
19999.28,0.5800573,20015.34;100.0666
19999.28,0.5800573,20015.34;99.87748
19999.28,0.5800573,20015.34;99.6884
19999.28,0.5800573,20015.34;99.49933
19999.28,0.5800573,20015.34;99.33317
19999.28,0.5800573,20015.34;99.1441
19999.28,0.5800573,20015.34;98.9493
19999.28,0.5800573,20015.34;98.78313
19999.28,0.5800573,20015.34;98.5826
19999.28,0.5800573,20015.34;98.38206
19999.28,0.5800573,20015.34;98.18153
19999.28,0.5800573,20015.34;98.01537
19999.28,0.5800573,20015.34;97.8091
19999.28,0.5800573,20015.34;97.60284
19999.28,0.5800573,20015.34;97.43096
19999.28,0.5800573,20015.34;97.25907
19999.28,0.5800573,20015.34;97.06427
19999.28,0.5800573,20015.34;96.858
19999.28,0.5800573,20015.34;96.68039
19999.28,0.5800573,20015.34;96.47413
19999.28,0.5800573,20015.34;96.26786
19999.28,0.5800573,20015.34;96.0616
19999.28,0.5800573,20015.34;95.88399
19999.28,0.5800573,20015.34;95.66627
19999.28,0.5800573,20015.34;95.4371
19999.28,0.5800573,20015.34;95.23656
19999.28,0.5800573,20015.34;95.03603
19999.28,0.5800573,20015.34;94.80685
19999.28,0.5800573,20015.34;94.57194
19999.28,0.5800573,20015.34;94.38859
19999.28,0.5800573,20015.34;94.18807
19999.28,0.5800573,20015.34;93.99899
19999.28,0.5800573,20015.34;93.83284
19999.28,0.5800573,20015.34;93.66668
19999.28,0.5800573,20015.34;93.44897
19999.28,0.5800573,20015.34;93.23125
19999.28,0.5800573,20015.34;93.0479
19999.28,0.5800573,20015.34;92.82446
19999.28,0.5800573,20015.34;92.60101
19999.28,0.5800573,20015.34;92.39474
19999.28,0.5800573,20015.34;92.22286
19999.28,0.5800573,20015.34;92.0166
19999.28,0.5800573,20015.34;91.80461
19999.28,0.5800573,20015.34;91.63272
19999.28,0.5800573,20015.34;91.46084
19999.28,0.5800573,20015.34;91.24312
19999.28,0.5800573,20015.34;91.0254
19999.28,0.5800573,20015.34;90.85351
19999.28,0.5800573,20015.34;90.64153
19999.28,0.5800573,20015.34;90.42953
19999.28,0.5800573,20015.34;90.21754
19999.28,0.5800573,20015.34;90.03992
19999.28,0.5800573,20015.34;89.83939
19999.28,0.5800573,20015.34;89.64458
19999.28,0.5800573,20015.34;89.48415
19999.28,0.5800573,20015.34;89.28362
19999.28,0.5800573,20015.34;89.08309
19999.28,0.5800573,20015.34;88.88256
19999.28,0.5800573,20015.34;88.70495
19999.28,0.5800573,20015.34;88.50441
19999.28,0.5800573,20015.34;88.30962
19999.28,0.5800573,20015.34;88.14918
19999.28,0.5800573,20015.34;87.98875
19999.29,0.5800573,20015.34;87.79967
19999.29,0.5800573,20015.34;87.6106
19999.29,0.5800573,20015.34;87.45016
19999.29,0.5800573,20015.34;87.26109
19999.3,0.5800573,20015.34;87.10639
19999.31,0.5800573,20015.34;86.95169
19999.31,0.5800573,20015.34;86.77408
19999.32,0.5800573,20015.34;86.58501
19999.33,0.5800573,20015.34;86.42458
19999.34,0.5800573,20015.34;86.24123
19999.34,0.5800573,20015.34;86.0579
19999.35,0.5800573,20015.34;85.86883
19999.36,0.5800573,20015.34;85.7084
19999.37,0.5800573,20015.34;85.52506
19999.37,0.5800573,20015.34;85.34171
19999.38,0.5800573,20015.34;85.18128
19999.38,0.5800573,20015.34;85.02085
19999.39,0.5800573,20015.35;84.83751
19999.4,0.5800573,20015.35;84.65416
19999.4,0.5800573,20015.35;84.49373
19999.41,0.5800573,20015.35;84.30466
19999.42,0.5800573,20015.35;84.11559
19999.42,0.5800573,20015.35;83.92651
19999.43,0.5800573,20015.35;83.76608
19999.44,0.5800573,20015.35;83.56555
19999.44,0.5800573,20015.35;83.37074
19999.45,0.5800573,20015.35;83.19886
19999.45,0.5800573,20015.35;82.99834
19999.46,0.5800573,20015.35;82.7978
19999.46,0.5800573,20015.35;82.59727
19999.46,0.5800573,20015.35;82.42538
19999.46,0.5800573,20015.35;82.21912
19999.46,0.5800573,20015.35;82.0186
19999.47,0.5800573,20015.35;81.81807
19999.47,0.5800573,20015.35;81.64046
19999.47,0.5800573,20015.35;81.43993
19999.47,0.5800573,20015.35;81.23367
19999.47,0.5800573,20015.35;81.05605
19999.47,0.5800573,20015.35;80.84406
19999.47,0.5800573,20015.35;80.63207
19999.47,0.5800573,20015.35;80.43154
19999.47,0.5800573,20015.35;80.25393
19999.47,0.5800573,20015.35;80.02475
19999.48,0.5800573,20015.36;79.8013
19999.48,0.5800573,20015.36;79.59503
19999.49,0.5800573,20015.36;79.38876
19999.49,0.5800573,20015.36;79.15385
19999.5,0.5800573,20015.36;78.93613
19999.51,0.5800573,20015.36;78.75852
19999.51,0.5800573,20015.36;78.558
19999.52,0.5800573,20015.36;78.35173
19999.52,0.5800573,20015.36;78.14546
19999.52,0.5800573,20015.36;77.95066
19999.52,0.5800573,20015.37;77.72149
19999.53,0.5800573,20015.37;77.49805
19999.53,0.5800573,20015.37;77.3147
19999.53,0.5800573,20015.37;77.13136
19999.53,0.5800573,20015.37;76.91937
19999.53,0.5800573,20015.37;76.7131
19999.53,0.5800573,20015.37;76.52404
19999.53,0.5800573,20015.37;76.31206
19999.53,0.5800573,20015.37;76.09433
19999.54,0.5800573,20015.37;75.87661
19999.54,0.5800573,20015.37;75.69327
19999.54,0.5800573,20015.37;75.47556
19999.54,0.5800573,20015.37;75.25784
19999.54,0.5800573,20015.37;75.08023
19999.54,0.5800573,20015.37;74.85678
19999.55,0.5800573,20015.37;74.63333
19999.55,0.5800573,20015.37;74.41562
19999.56,0.5800573,20015.37;74.23801
19999.56,0.5800573,20015.38;74.03747
19999.57,0.5800573,20015.38;73.83694
19999.58,0.5800573,20015.38;73.65933
19999.58,0.5800573,20015.38;73.48171
19999.59,0.5800573,20015.38;73.27544
19999.6,0.5800573,20015.38;73.07491
19999.6,0.5800573,20015.39;72.90876
19999.61,0.5800573,20015.39;72.71968
19999.62,0.5800573,20015.39;72.52487
19999.63,0.5800573,20015.39;72.33007
19999.64,0.5800573,20015.4;72.16965
19999.65,0.5800573,20015.4;71.98057
19999.66,0.5800573,20015.4;71.82587
19999.67,0.5800573,20015.41;71.6368
19999.68,0.5800573,20015.41;71.44772
19999.69,0.5800573,20015.42;71.26438
19999.7,0.5800573,20015.42;71.10967
19999.71,0.5800573,20015.42;70.92632
19999.72,0.5800573,20015.43;70.74297
19999.74,0.5800573,20015.43;70.55963
19999.75,0.5800573,20015.44;70.37629
19999.76,0.5800573,20015.44;70.21586
19999.78,0.5800573,20015.45;70.02106
19999.79,0.5800573,20015.45;69.83772
19999.8,0.5800573,20015.45;69.67729
19999.81,0.5800573,20015.46;69.48822
19999.82,0.5800573,20015.46;69.29915
19999.83,0.5800573,20015.47;69.1158
19999.84,0.5800573,20015.47;68.95537
19999.85,0.5800573,20015.47;68.77203
19999.86,0.5800573,20015.48;68.60587
19999.87,0.5800573,20015.48;68.41679
19999.88,0.5800573,20015.49;68.22772
19999.89,0.5800573,20015.49;68.03865
19999.9,0.5800573,20015.49;67.87249
19999.91,0.5800573,20015.5;67.67769
19999.92,0.5800573,20015.5;67.47716
19999.93,0.5800573,20015.51;67.30528
19999.94,0.5800573,20015.51;67.1334
19999.95,0.5800573,20015.51;66.93288
19999.96,0.5800573,20015.52;66.72661
19999.96,0.5800573,20015.52;66.549
19999.97,0.5800573,20015.52;66.34274
19999.98,0.5800573,20015.53;66.14793
19999.99,0.5800573,20015.53;65.95313
20000,0.5800573,20015.54;65.77552
20000,0.5800573,20015.54;65.575
20000.01,0.5800573,20015.54;65.36873
20000.02,0.5800573,20015.54;65.18539
20000.03,0.5800573,20015.55;65.00204
20000.03,0.5800573,20015.55;64.79578
20000.04,0.5800573,20015.55;64.58379
20000.05,0.5800573,20015.56;64.40044
20000.05,0.5800573,20015.56;64.16553
20000.06,0.5800573,20015.57;63.93636
20000.07,0.5800573,20015.57;63.70718
20000.09,0.5800573,20015.58;63.50092
20000.1,0.5800573,20015.58;63.27174
20000.11,0.5800573,20015.59;63.05975
20000.12,0.5800573,20015.59;62.87641
20000.13,0.5800573,20015.6;62.66441
20000.13,0.5800573,20015.6;62.45242
20000.14,0.5800573,20015.61;62.22897
20000.15,0.5800573,20015.61;62.02845
20000.15,0.5800573,20015.61;61.79353
20000.16,0.5800573,20015.62;61.55289
20000.17,0.5800573,20015.62;61.36382
20000.18,0.5800573,20015.63;61.17475
20000.19,0.5800573,20015.63;60.95131
20000.19,0.5800573,20015.63;60.74504
20000.2,0.5800573,20015.64;60.55024
20000.21,0.5800573,20015.64;60.33252
20000.22,0.5800573,20015.65;60.1148
20000.22,0.5800573,20015.65;59.89708
20000.23,0.5800573,20015.65;59.69654
20000.24,0.5800573,20015.66;59.46737
20000.25,0.5800573,20015.66;59.24392
20000.25,0.5800573,20015.67;59.05484
20000.26,0.5800573,20015.67;58.83712
20000.27,0.5800573,20015.68;58.6194
20000.28,0.5800573,20015.69;58.40741
20000.29,0.5800573,20015.69;58.22406
20000.3,0.5800573,20015.7;58.0178
20000.31,0.5800573,20015.71;57.81153
20000.32,0.5800573,20015.71;57.63965
20000.33,0.5800573,20015.72;57.46777
20000.34,0.5800573,20015.72;57.26724
20000.35,0.5800573,20015.73;57.07244
20000.36,0.5800573,20015.74;56.90628
20000.38,0.5800573,20015.75;56.71721
20000.39,0.5800573,20015.76;56.52813
20000.4,0.5800573,20015.76;56.3677
20000.41,0.5800573,20015.77;56.17863
20000.43,0.5800573,20015.78;55.99529
20000.44,0.5800573,20015.79;55.82913
20000.45,0.5800573,20015.8;55.66296
20000.47,0.5800573,20015.81;55.47963
20000.48,0.5800573,20015.82;55.29628
20000.5,0.5800573,20015.83;55.13586
20000.51,0.5800573,20015.84;54.94678
20000.52,0.5800573,20015.85;54.76917
20000.54,0.5800573,20015.86;54.60873
20000.55,0.5800573,20015.87;54.4483
20000.56,0.5800573,20015.88;54.25923
20000.58,0.5800573,20015.89;54.07016
20000.59,0.5800573,20015.9;53.904
20000.6,0.5800573,20015.91;53.7092
20000.62,0.5800573,20015.92;53.52011
20000.63,0.5800573,20015.93;53.33104
20000.65,0.5800573,20015.94;53.16488
20000.66,0.5800573,20015.95;52.97581
20000.67,0.5800573,20015.96;52.78674
20000.69,0.5800573,20015.97;52.62058
20000.7,0.5800573,20015.98;52.45443
20000.71,0.5800573,20015.99;52.26535
20000.72,0.5800573,20016;52.06482
20000.74,0.5800573,20016.01;51.89293
20000.75,0.5800573,20016.02;51.69239
20000.76,0.5800573,20016.03;51.49186
20000.77,0.5800573,20016.04;51.29132
20000.78,0.5800573,20016.04;51.11943
20000.79,0.5800573,20016.05;50.91317
20000.81,0.5800573,20016.06;50.70692
20000.82,0.5800573,20016.07;50.5293
20000.83,0.5800573,20016.08;50.32877
20000.84,0.5800573,20016.09;50.12824
20000.85,0.5800573,20016.1;49.92197
20000.86,0.5800573,20016.11;49.74435
20000.87,0.5800573,20016.12;49.54382
20000.88,0.5800573,20016.13;49.33756
20000.89,0.5800573,20016.14;49.15995
20000.9,0.5800573,20016.14;48.98233
20000.91,0.5800573,20016.15;48.76461
20000.92,0.5800573,20016.16;48.53543
20000.93,0.5800573,20016.17;48.34636
20000.94,0.5800573,20016.18;48.10572
20000.96,0.5800573,20016.19;47.86509
20000.97,0.5800573,20016.2;47.64164
20000.98,0.5800573,20016.21;47.44683
20000.99,0.5800573,20016.22;47.22911
20001,0.5800573,20016.23;47.01712
20001.01,0.5800573,20016.24;46.83377
20001.03,0.5800573,20016.26;46.61033
20001.04,0.5800573,20016.27;46.38688
20001.04,0.5800573,20016.28;46.15769
20001.05,0.5800573,20016.29;45.95144
20001.07,0.5800573,20016.3;45.71653
20001.08,0.5800573,20016.31;45.48162
20001.09,0.5800573,20016.32;45.24671
20001.1,0.5800573,20016.33;45.0519
20001.11,0.5800573,20016.34;44.82272
20001.12,0.5800573,20016.35;44.63938
20001.13,0.5800573,20016.36;44.41593
20001.14,0.5800573,20016.37;44.18675
20001.15,0.5800573,20016.38;43.95757
20001.16,0.5800573,20016.39;43.75131
20001.17,0.5800573,20016.4;43.52213
20001.18,0.5800573,20016.41;43.30441
20001.19,0.5800573,20016.42;43.11534
20001.2,0.5800573,20016.43;42.92627
20001.21,0.5800573,20016.44;42.70855
20001.22,0.5800573,20016.45;42.49656
20001.23,0.5800573,20016.47;42.31321
20001.24,0.5800573,20016.48;42.10695
20001.25,0.5800573,20016.49;41.90069
20001.26,0.5800573,20016.5;41.69443
20001.27,0.5800573,20016.52;41.48816
20001.29,0.5800573,20016.53;41.31055
20001.3,0.5800573,20016.54;41.11002
20001.31,0.5800573,20016.56;40.94387
20001.32,0.5800573,20016.57;40.74334
20001.33,0.5800573,20016.58;40.5428
20001.35,0.5800573,20016.6;40.35373
20001.36,0.5800573,20016.62;40.18757
20001.37,0.5800573,20016.63;40.00422
20001.38,0.5800573,20016.65;39.80942
20001.4,0.5800573,20016.66;39.64899
20001.41,0.5800573,20016.68;39.48856
20001.43,0.5800573,20016.7;39.2995
20001.44,0.5800573,20016.71;39.10469
20001.45,0.5800573,20016.73;38.93854
20001.47,0.5800573,20016.75;38.74374
20001.48,0.5800573,20016.77;38.54893
20001.5,0.5800573,20016.78;38.3484
20001.51,0.5800573,20016.8;38.17652
20001.53,0.5800573,20016.82;37.98172
20001.54,0.5800573,20016.84;37.78692
20001.55,0.5800573,20016.86;37.60931
20001.57,0.5800573,20016.87;37.43169
20001.58,0.5800573,20016.89;37.23116
20001.6,0.5800573,20016.91;37.04209
20001.61,0.5800573,20016.93;36.8702
20001.62,0.5800573,20016.95;36.66967
20001.63,0.5800573,20016.96;36.46914
20001.64,0.5800573,20016.98;36.29152
20001.66,0.5800573,20017;36.11391
20001.67,0.5800573,20017.01;35.91338
20001.68,0.5800573,20017.03;35.71858
20001.69,0.5800573,20017.05;35.54097
20001.71,0.5800573,20017.06;35.34044
20001.72,0.5800573,20017.08;35.12844
20001.73,0.5800573,20017.1;34.91645
20001.74,0.5800573,20017.11;34.73884
20001.75,0.5800573,20017.13;34.52112
20001.76,0.5800573,20017.15;34.3034
20001.76,0.5800572,20017.16;34.12006
20001.76,0.5800572,20017.18;33.93671
20001.76,0.5800573,20017.19;33.72472
20001.76,0.5800573,20017.21;33.51846
20001.76,0.5800573,20017.22;33.33512
20001.76,0.5800573,20017.24;33.12313
20001.76,0.5800573,20017.25;32.89968
20001.76,0.5800573,20017.27;32.67623
20001.76,0.5800573,20017.28;32.49288
20001.76,0.5800573,20017.3;32.26371
20001.76,0.5800572,20017.32;32.05745
20001.76,0.5800572,20017.33;31.81107
20001.76,0.5800572,20017.35;31.57616
20001.76,0.5800571,20017.37;31.34125
20001.76,0.5800573,20017.39;31.10634
20001.76,0.5800573,20017.4;30.91727
20001.76,0.5800573,20017.42;30.69956
20001.76,0.5800573,20017.44;30.48183
20001.76,0.5800573,20017.46;30.29849
20001.76,0.5800573,20017.48;30.11514
20001.76,0.5800573,20017.49;29.89742
20001.76,0.5800573,20017.51;29.69689
20001.76,0.5800573,20017.53;29.46199
20001.76,0.5800573,20017.54;29.22135
20001.76,0.5800573,20017.56;28.98071
20001.76,0.5800573,20017.58;28.78018
20001.76,0.5800574,20017.59;28.56246
20001.76,0.5800573,20017.61;28.33328
20001.76,0.5800574,20017.63;28.14421
20001.76,0.5800573,20017.64;27.91503
20001.76,0.5800573,20017.66;27.68585
20001.76,0.5800573,20017.68;27.45667
20001.76,0.5800573,20017.69;27.25614
20001.76,0.5800573,20017.71;27.03269
20001.77,0.5800573,20017.73;26.81497
20001.77,0.5800573,20017.75;26.63162
20001.77,0.5800573,20017.77;26.44828
20001.77,0.5800573,20017.79;26.23628
20001.77,0.5800573,20017.81;26.02429
20001.77,0.5800573,20017.83;25.84095
20001.77,0.5800572,20017.85;25.63469
20001.77,0.5800573,20017.87;25.42842
20001.77,0.5800572,20017.88;25.22216
20001.77,0.5800573,20017.9;25.04455
20001.77,0.5800572,20017.93;24.83256
20001.77,0.5800573,20017.95;24.63202
20001.77,0.5800573,20017.97;24.45441
20001.77,0.5800573,20017.99;24.25387
20001.77,0.5800573,20018.02;24.05334
20001.77,0.5800573,20018.04;23.85281
20001.77,0.5800572,20018.06;23.68665
20001.77,0.5800573,20018.08;23.48039
20001.77,0.5800573,20018.11;23.28559
20001.77,0.5800573,20018.13;23.09078
20001.77,0.5800573,20018.15;22.91889
20001.77,0.5800573,20018.18;22.71836
20001.77,0.5800573,20018.2;22.50064
20001.77,0.5800573,20018.22;22.32302
20001.77,0.5800573,20018.25;22.12822
20001.77,0.5800573,20018.28;21.92196
20001.77,0.5800573,20018.3;21.7157
20001.77,0.5800573,20018.33;21.53808
20001.77,0.5800573,20018.35;21.33182
20001.77,0.5800572,20018.38;21.13702
20001.77,0.5800573,20018.4;20.96513
20001.77,0.5800573,20018.43;20.79324
20001.77,0.5800573,20018.46;20.58698
20001.77,0.5800573,20018.48;20.41509
20001.77,0.5800573,20018.5;20.20311
20001.77,0.5800573,20018.53;19.99684
20001.77,0.5800573,20018.55;19.82495
20001.77,0.5800574,20018.58;19.65307
20001.77,0.5800573,20018.6;19.44681
20001.77,0.5800573,20018.63;19.23482
20001.77,0.5800572,20018.65;19.0572
20001.77,0.5800573,20018.68;18.85094
20001.78,0.5800573,20018.7;18.63322
20001.78,0.5800573,20018.72;18.4155
20001.78,0.5800573,20018.74;18.23215
20001.78,0.5800573,20018.77;18.01444
20001.78,0.5800573,20018.79;17.79099
20001.78,0.5800573,20018.81;17.60764
20001.78,0.5800573,20018.84;17.38992
20001.78,0.5800573,20018.86;17.1722
20001.78,0.5800573,20018.87;16.96021
20001.78,0.5800573,20018.9;16.77687
20001.78,0.5800573,20018.92;16.56488
20001.78,0.5800573,20018.95;16.35288
20001.78,0.5800573,20018.97;16.16381
20001.78,0.5800573,20018.99;15.97474
20001.78,0.5800573,20019.02;15.75129
20001.78,0.5800573,20019.04;15.51638
20001.78,0.5800573,20019.06;15.31585
20001.78,0.5800573,20019.08;15.07521
20001.78,0.5800573,20019.11;14.82884
20001.78,0.5800572,20019.13;14.58246
20001.78,0.5800573,20019.15;14.37047
20001.78,0.5800253,20019.18;14.12983
20001.78,0.5800253,20019.21;13.90066
20001.78,0.5800253,20019.23;13.71158
20001.78,0.5800254,20019.25;13.52251
20001.78,0.5800254,20019.27;13.30479
20001.78,0.5800254,20019.29;13.07561
20001.78,0.5800255,20019.32;12.88653
20001.78,0.5800254,20019.35;12.65163
20001.78,0.5800254,20019.37;12.41672
20001.78,0.5800254,20019.39;12.18181
20001.78,0.5800254,20019.42;11.95836
20001.78,0.5800254,20019.44;11.76356
20001.78,0.5800254,20019.46;11.54584
20001.79,0.5800254,20019.49;11.35676
20001.79,0.5800254,20019.51;11.12759
20001.79,0.5800254,20019.53;10.90414
20001.79,0.5800254,20019.56;10.70933
20001.79,0.5800255,20019.58;10.51453
20001.79,0.5800254,20019.61;10.29108
20001.79,0.5800255,20019.63;10.06763
20001.79,0.5800254,20019.65;9.878555
20001.79,0.5800254,20019.68;9.660835
20001.79,0.5800254,20019.7;9.437387
20001.79,0.5800254,20019.73;9.213936
20001.79,0.5800254,20019.76;9.024861
20001.79,0.5800254,20019.78;8.795684
20001.79,0.5800254,20019.81;8.572233
20001.79,0.5800254,20019.84;8.38316
20001.79,0.5800254,20019.87;8.176898
20001.79,0.5800254,20019.89;7.970635
20001.79,0.5800254,20019.92;7.764373
20001.79,0.5800254,20019.95;7.586757
20001.79,0.5800254,20019.98;7.386227
20001.79,0.5800254,20020;7.179964
20001.79,0.5800254,20020.04;6.973701
20001.79,0.5800255,20020.06;6.807543
20001.79,0.5800254,20020.09;6.601282
20001.79,0.5800254,20020.12;6.395019
20001.79,0.5800254,20020.15;6.217404
20001.79,0.5800254,20020.18;6.011141
20001.79,0.5800254,20020.22;5.80488
20001.79,0.5800254,20020.25;5.598619
20001.79,0.5800254,20020.29;5.421003
20001.79,0.5800254,20020.31;5.214741
20001.79,0.5800254,20020.35;5.00275
20001.79,0.5800254,20020.38;4.825135
20001.79,0.5800254,20020.41;4.647519
20001.79,0.5800254,20020.44;4.435527
20001.79,0.5800254,20020.47;4.234995
20001.79,0.5800255,20020.51;4.05165
20001.79,0.5800254,20020.53;3.839659
20001.79,0.5800254,20020.57;3.627668
20001.8,0.5800255,20020.6;3.415677
20001.8,0.5800254,20020.63;3.232332
20001.8,0.5800254,20020.66;3.020341
20001.8,0.5800254,20020.69;2.814079
20001.8,0.5800255,20020.72;2.636463
20001.8,0.5800254,20020.75;2.430201
20001.8,0.5800254,20020.78;2.223939
20001.8,0.5800254,20020.81;2.011948
20001.8,0.5800254,20020.85;1.822874
20001.8,0.5800254,20020.88;1.610883
20001.8,0.5800254,20020.9;1.387434
20001.8,0.5800254,20020.94;1.204089
20001.8,0.5800254,20020.96;1.020744
20001.8,0.5800254,20020.99;0.7972942
20001.8,0.5800254,20021.02;0.5738447
20001.8,0.5800254,20021.05;0.3962289
20001.8,0.5800254,20021.08;0.1727794
20001.8,0.5800254,20021.11;359.9493
20001.8,0.5800254,20021.14;359.7603
20001.8,0.5800254,20021.17;359.5483
20001.8,0.5800254,20021.19;359.3248
20001.8,0.5800254,20021.22;359.1357
20001.8,0.5800254,20021.25;358.9467
20001.8,0.5800254,20021.28;358.7175
20001.8,0.5800254,20021.3;358.494
20001.79,0.5800254,20021.33;358.2935
20001.79,0.5800254,20021.36;358.0529
20001.79,0.5800254,20021.39;357.8122
20001.79,0.5800254,20021.42;357.5716
20001.79,0.5800254,20021.44;357.3653
20001.79,0.5800254,20021.47;357.1132
20001.79,0.5800254,20021.5;356.8726
20001.79,0.5800254,20021.53;356.6778
20001.79,0.5800254,20021.56;356.4601
20001.78,0.5800254,20021.59;356.2423
20001.78,0.5800254,20021.62;356.0074
20001.78,0.5800254,20021.65;355.8126
20001.78,0.5800254,20021.68;355.5835
20001.77,0.5800254,20021.71;355.3485
20001.77,0.5800254,20021.74;355.1537
20001.77,0.5800254,20021.77;354.959
20001.77,0.5800254,20021.79;354.724
20001.76,0.5800254,20021.82;354.5063
20001.76,0.5800254,20021.85;354.3172
20001.76,0.5800254,20021.88;354.0995
20001.75,0.5800254,20021.91;353.8761
20001.75,0.5800254,20021.94;353.6526
20001.75,0.5800254,20021.97;353.4578
20001.74,0.5800254,20021.99;353.2286
20001.74,0.5800254,20022.03;353.0052
20001.74,0.5800254,20022.05;352.8047
20001.73,0.5800254,20022.08;352.6041
20001.73,0.5800254,20022.12;352.3692
20001.72,0.5800254,20022.15;352.14
20001.72,0.5800254,20022.18;351.951
20001.71,0.5800254,20022.21;351.7332
20001.71,0.5800254,20022.24;351.5155
20001.71,0.5800254,20022.27;351.3264
20001.7,0.5800254,20022.3;351.1374
20001.7,0.5800254,20022.34;350.9196
20001.69,0.5800254,20022.37;350.7077
20001.68,0.5800254,20022.41;350.5186
20001.68,0.5800254,20022.44;350.3066
20001.67,0.5800254,20022.47;350.0946
20001.67,0.5800254,20022.51;349.8826
20001.66,0.5800254,20022.55;349.6993
20001.65,0.5800254,20022.58;349.4873
20001.65,0.5800254,20022.61;349.2982
20001.64,0.5800254,20022.65;349.0919
20001.63,0.5800254,20022.68;348.8857
20001.63,0.5800254,20022.71;348.6737
20001.62,0.5800254,20022.75;348.4961
20001.61,0.5800254,20022.78;348.2841
20001.61,0.5800254,20022.82;348.0778
20001.6,0.5800254,20022.86;347.8945
20001.59,0.5800254,20022.89;347.7111
20001.58,0.5800254,20022.92;347.4934
20001.57,0.5800254,20022.96;347.2757
20001.57,0.5800254,20023;347.0923
20001.56,0.5800254,20023.03;346.8689
20001.55,0.5800254,20023.07;346.6626
20001.54,0.5800254,20023.1;346.4564
20001.53,0.5800254,20023.14;346.273
20001.52,0.5800254,20023.17;346.0553
20001.51,0.5800254,20023.21;345.849
20001.5,0.5800254,20023.25;345.66
20001.5,0.5800254,20023.28;345.4709
20001.49,0.5800254,20023.31;345.2532
20001.48,0.5800254,20023.35;345.0355
20001.47,0.5800254,20023.38;344.8578
20001.46,0.5800254,20023.41;344.6458
20001.45,0.5800254,20023.45;344.4396
20001.44,0.5800254,20023.48;344.2333
20001.43,0.5800254,20023.52;344.05
20001.42,0.5800254,20023.55;343.8322
20001.41,0.5800254,20023.58;343.6145
20001.4,0.5800254,20023.62;343.4254
20001.39,0.5800254,20023.64;343.2077
20001.38,0.5800254,20023.68;342.99
20001.37,0.5800254,20023.72;342.7723
20001.36,0.5800254,20023.75;342.5775
20001.35,0.5800254,20023.78;342.3598
20001.34,0.5800254,20023.81;342.1421
20001.33,0.5800254,20023.84;341.953
20001.32,0.5800254,20023.87;341.7639
20001.31,0.5800254,20023.9;341.5462
20001.3,0.5800254,20023.94;341.317
20001.29,0.5800254,20023.97;341.1222
20001.28,0.5800254,20024;340.8873
20001.27,0.5800254,20024.03;340.6524
20001.26,0.5800254,20024.06;340.4117
20001.25,0.5800254,20024.09;340.1998
20001.23,0.5800254,20024.12;339.9476
20001.22,0.5800254,20024.16;339.6956
20001.21,0.5800254,20024.19;339.495
20001.2,0.5800254,20024.22;339.2945
20001.18,0.5800254,20024.26;339.071
20001.17,0.5800254,20024.29;338.8361
20001.16,0.5800254,20024.32;338.6413
20001.15,0.5800254,20024.35;338.4007
20001.13,0.5800254,20024.38;338.1658
20001.12,0.5800254,20024.41;337.9709
20001.11,0.5800254,20024.44;337.7475
20001.1,0.5800254,20024.47;337.524
20001.08,0.5800254,20024.51;337.2834
20001.07,0.5800254,20024.53;337.1001
20001.06,0.5800254,20024.57;336.8652
20001.04,0.5800254,20024.6;336.6475
20001.03,0.5800254,20024.63;336.4297
20001.02,0.5800254,20024.66;336.2235
20001,0.5800254,20024.69;335.9886
20000.99,0.5800254,20024.72;335.7479
20000.97,0.5800254,20024.75;335.5359
20000.96,0.5800254,20024.79;335.3068
20000.94,0.5800254,20024.82;335.0776
20000.94,0.5800254,20024.82;335.0776
20000.93,0.5800254,20024.85;334.877
20000.91,0.5800254,20024.88;334.6593
20000.9,0.5800254,20024.92;334.4301
20000.88,0.5800254,20024.95;334.2296
20000.87,0.5800254,20024.98;334.0291
20000.85,0.5800254,20025.02;333.8056
20000.83,0.5800254,20025.05;333.5822
20000.82,0.5800254,20025.08;333.3988
20000.8,0.5800254,20025.12;333.1754
20000.78,0.5800254,20025.16;332.9577
20000.76,0.5800254,20025.19;332.74
20000.74,0.5800254,20025.22;332.528
20000.74,0.5800254,20025.22;332.528
20000.72,0.5800254,20025.26;332.316
20000.71,0.5800254,20025.29;332.1269
20000.69,0.5800254,20025.33;331.9092
20000.67,0.5800254,20025.37;331.6915
20000.65,0.5800254,20025.4;331.4795
20000.63,0.5800254,20025.44;331.3018
20000.61,0.5800254,20025.47;331.0956
20000.59,0.5800254,20025.51;330.8893
20000.57,0.5800254,20025.54;330.7174
20000.55,0.5800254,20025.58;330.5456
20000.53,0.5800254,20025.62;330.3279
20000.51,0.5800254,20025.65;330.1158
20000.49,0.5800254,20025.69;329.9268
20000.47,0.5800254,20025.72;329.709
20000.45,0.5800254,20025.76;329.4913
20000.42,0.5800254,20025.79;329.308
20000.4,0.5800254,20025.83;329.0903
20000.38,0.5800254,20025.87;328.8783
20000.36,0.5800254,20025.9;328.7007
20000.34,0.5800254,20025.94;328.4829
20000.32,0.5800254,20025.97;328.2652
20000.3,0.5800254,20026;328.0475
20000.28,0.5800254,20026.04;327.8584
20000.26,0.5800254,20026.07;327.635
20000.23,0.5800254,20026.11;327.4172
20000.21,0.5800254,20026.13;327.2282
20000.19,0.5800254,20026.17;327.0391
20000.17,0.5800254,20026.21;326.8156
20000.14,0.5800254,20026.24;326.6037
20000.13,0.5800254,20026.27;326.4088
20000.1,0.5800254,20026.3;326.1911
20000.08,0.5800254,20026.34;325.9734
20000.06,0.5800254,20026.37;325.7499
20000.04,0.5800254,20026.4;325.5609
20000.02,0.5800254,20026.43;325.3374
19999.99,0.5800254,20026.46;325.1197
19999.97,0.5800254,20026.49;324.9306
19999.95,0.5800254,20026.52;324.7072
19999.93,0.5800254,20026.55;324.4837
19999.9,0.5800254,20026.59;324.2603
19999.88,0.5800254,20026.62;324.0655
19999.86,0.5800254,20026.65;323.842
19999.84,0.5800254,20026.68;323.5956
19999.82,0.5800254,20026.71;323.3951
19999.79,0.5800254,20026.74;323.1946
19999.77,0.5800254,20026.78;322.9482
19999.74,0.5800254,20026.81;322.6904
19999.72,0.5800254,20026.83;322.4784
19999.7,0.5800254,20026.87;322.2263
19999.67,0.5800254,20026.9;321.9742
19999.65,0.5800254,20026.92;321.745
19999.63,0.5800254,20026.95;321.5444
19999.6,0.5800254,20026.98;321.3153
19999.58,0.5800254,20027.01;321.0804
19999.55,0.5800254,20027.04;320.8741
19999.53,0.5800254,20027.07;320.6678
19999.5,0.5800254,20027.11;320.4272
19999.48,0.5800254,20027.13;320.1866
19999.46,0.5800254,20027.16;319.9803
19999.43,0.5800254,20027.19;319.7397
19999.41,0.5800254,20027.22;319.499
19999.38,0.5800254,20027.25;319.2698
19999.35,0.5800254,20027.28;319.075
19999.33,0.5800254,20027.31;318.8344
19999.3,0.5800254,20027.34;318.5995
19999.28,0.5800254,20027.37;318.376
19999.25,0.5800254,20027.4;318.1526
19999.23,0.5800254,20027.43;317.912
19999.2,0.5800254,20027.45;317.6713
19999.17,0.5800254,20027.48;317.4651
19999.15,0.5800254,20027.51;317.2359
19999.12,0.5800254,20027.54;317.0353
19999.09,0.5800254,20027.57;316.8348
19999.06,0.5800254,20027.6;316.6057
19999.03,0.5800254,20027.63;316.3765
19999,0.5800254,20027.66;316.1759
19998.97,0.5800254,20027.7;315.9525
19998.94,0.5800254,20027.73;315.7347
19998.91,0.5800254,20027.75;315.517
19998.88,0.5800254,20027.79;315.3337
19998.85,0.5800254,20027.82;315.1102
19998.82,0.5800254,20027.85;314.8868
19998.79,0.5800254,20027.88;314.6977
19998.76,0.5800254,20027.91;314.4685
19998.73,0.5800254,20027.94;314.2393
19998.7,0.5800254,20027.97;314.0274
19998.66,0.5800254,20028;313.844
19998.63,0.5800254,20028.03;313.6263
19998.6,0.5800254,20028.06;313.4143
19998.57,0.5800254,20028.09;313.2367
19998.53,0.5800254,20028.13;313.0591
19998.5,0.5800254,20028.16;312.8586
19998.47,0.5800254,20028.19;312.6523
19998.43,0.5800254,20028.22;312.4804
19998.39,0.5800254,20028.25;312.2684
19998.36,0.5800254,20028.29;312.0564
19998.33,0.5800254,20028.31;311.8444
19998.29,0.5800254,20028.35;311.6611
19998.26,0.5800255,20028.38;311.4491
19998.26,0.5800257,20028.41;311.2371
19998.26,0.5800259,20028.44;311.0595
19998.26,0.5800257,20028.47;310.8532
19998.26,0.580026,20028.5;310.647
19998.26,0.5800258,20028.53;310.4407
19998.26,0.5800259,20028.56;310.2574
19998.26,0.580026,20028.59;310.0453
19998.26,0.5800261,20028.62;309.8219
19998.26,0.5800261,20028.65;309.6328
19998.26,0.5800262,20028.68;309.4438
19998.26,0.5800262,20028.71;309.2146
19998.26,0.5800262,20028.73;308.9854
19998.26,0.5800262,20028.76;308.7963
19998.26,0.5800261,20028.79;308.5729
19998.26,0.5800263,20028.81;308.3437
19998.26,0.5800263,20028.84;308.1145
19998.26,0.5800262,20028.87;307.914
19998.26,0.5800262,20028.9;307.6906
19998.26,0.5800264,20028.92;307.4957
19998.26,0.5800264,20028.95;307.2665
19998.26,0.5800262,20028.97;307.0316
19998.26,0.5800262,20029;306.7968
19998.26,0.580026,20029.02;306.5676
19998.26,0.5800258,20029.05;306.3727
19998.26,0.580026,20029.08;306.1436
19998.26,0.5800258,20029.1;305.9144
19998.26,0.5800259,20029.12;305.6852
19998.26,0.5800259,20029.15;305.479
19998.26,0.580026,20029.17;305.2326
19998.26,0.5800259,20029.2;304.9805
19998.26,0.5800258,20029.22;304.7628
19998.26,0.5800258,20029.24;304.4935
19998.26,0.5800259,20029.27;304.2414
19998.26,0.580026,20029.3;303.9893
19998.26,0.5800259,20029.32;303.783
19998.26,0.580026,20029.34;303.5424
19998.26,0.5800262,20029.37;303.3074
19998.26,0.5800262,20029.39;303.1012
19998.26,0.5800261,20029.41;302.8949
19998.26,0.5800261,20029.44;302.6543
19998.26,0.5800262,20029.46;302.4366
19998.26,0.580026,20029.48;302.1787
19998.26,0.580026,20029.5;301.9323
19998.26,0.5800261,20029.53;301.686
19998.26,0.5800259,20029.55;301.4396
19998.26,0.5800257,20029.57;301.2333
19998.26,0.5800257,20029.59;301.0042
19998.26,0.5800257,20029.62;300.8094
19998.26,0.5800256,20029.64;300.5745
19998.26,0.5800256,20029.66;300.3395
19998.26,0.5800258,20029.68;300.0932
19998.26,0.5800258,20029.7;299.8869
19998.26,0.5800256,20029.72;299.6463
19998.26,0.5800254,20029.74;299.3999
19998.26,0.5800256,20029.77;299.1936
19998.26,0.5800256,20029.79;298.9874
19998.26,0.580026,20029.81;298.7582
19998.26,0.5800257,20029.83;298.5233
19998.26,0.5800256,20029.86;298.3285
19998.26,0.580026,20029.88;298.105
19998.26,0.5800258,20029.9;297.8759
19998.26,0.5800259,20029.92;297.6467
19998.26,0.580026,20029.95;297.4461
19998.26,0.580026,20029.97;297.217
19998.26,0.5800262,20029.99;296.9993
19998.26,0.5800263,20030.01;296.8044
19998.26,0.5800264,20030.04;296.5695
19998.26,0.5800264,20030.06;296.3346
19998.26,0.5800264,20030.08;296.1112
19998.26,0.5800263,20030.1;295.9221
19998.26,0.5800261,20030.12;295.7101
19998.26,0.580026,20030.14;295.4981
19998.26,0.580026,20030.16;295.3262
19998.26,0.580026,20030.18;295.1544
19998.26,0.5800259,20030.21;294.9481
19998.26,0.580026,20030.22;294.7533
19998.26,0.580026,20030.25;294.5814
19998.26,0.580026,20030.27;294.3809
19998.26,0.580026,20030.29;294.1804
19998.26,0.580026,20030.31;293.9798
19998.26,0.5800261,20030.33;293.7964
19998.26,0.5800259,20030.35;293.5845
19998.26,0.5800261,20030.37;293.3725
19998.26,0.5800263,20030.39;293.1949
19998.26,0.5800262,20030.41;293.0172
19998.26,0.5800261,20030.43;292.8052
19998.26,0.5800261,20030.45;292.599
19998.26,0.5800263,20030.47;292.4156
19998.26,0.5800263,20030.49;292.2151
19998.26,0.5800259,20030.51;292.0089
19998.26,0.580026,20030.53;291.8026
19998.26,0.5800261,20030.55;291.6192
19998.26,0.580026,20030.57;291.4015
19998.26,0.5800259,20030.59;291.178
19998.26,0.5800259,20030.61;290.989
19998.26,0.5800256,20030.62;290.7598
19998.26,0.5800258,20030.64;290.5306
19998.26,0.5800256,20030.66;290.3015
19998.26,0.580026,20030.68;290.1009
19998.26,0.580026,20030.69;289.8603
19998.26,0.5800259,20030.71;289.6655
19998.26,0.5800256,20030.72;289.4707
19998.26,0.5800259,20030.74;289.23
19998.26,0.5800257,20030.75;288.9951
19998.26,0.5800256,20030.77;288.8003
19998.26,0.5800259,20030.79;288.5597
19998.26,0.5800256,20030.8;288.3248
19998.26,0.5800257,20030.82;288.0898
19998.26,0.5800255,20030.83;287.8893
19998.26,0.5800254,20030.84;287.6544
19998.26,0.5800254,20030.86;287.4138
19998.26,0.5800256,20030.87;287.2133
19998.26,0.5800259,20030.88;286.9669
19998.26,0.580026,20030.9;286.7148
19998.26,0.580026,20030.9;286.7148
19998.26,0.580026,20030.91;286.497
19998.26,0.5800257,20030.92;286.2335
19998.26,0.580026,20030.94;285.9756
19998.26,0.5800263,20030.95;285.7178
19998.26,0.5800263,20030.96;285.5001
19998.26,0.5800264,20030.97;285.2595
19998.26,0.5800264,20030.99;285.0245
19998.26,0.5800266,20031;284.8183
19998.26,0.5800269,20031.01;284.5719
19998.26,0.5800271,20031.03;284.3255
19998.26,0.580027,20031.04;284.0734
19998.26,0.580027,20031.04;284.0734
19998.26,0.580027,20031.04;284.0734
