20000,0.5,20000;0
20000,0.58,20000.25;359.937
20000,0.58,20000.51;359.8911
20000,0.58,20000.51;359.8911
20000,0.58,20000.76;359.8453
20000,0.58,20001.02;359.7938
20000,0.58,20001.27;359.7365
20000,0.58,20001.27;359.7365
19999.99,0.58,20001.52;359.6792
19999.99,0.58,20001.52;359.6792
19999.99,0.58,20001.78;359.6219
19999.99,0.58,20002.03;359.6047
19999.99,0.58,20002.03;359.6047
19999.99,0.58,20002.29;359.5875
19999.99,0.58,20002.54;359.5818
19999.99,0.58,20002.54;359.5818
19999.99,0.58,20002.79;359.5588
19999.98,0.58,20003.05;359.5359
19999.98,0.58,20003.3;359.5073
19999.98,0.58,20003.3;359.5073
19999.98,0.58,20003.56;359.4786
19999.98,0.58,20003.81;359.4443
19999.98,0.58,20003.81;359.4443
19999.97,0.58,20004.06;359.4099
19999.97,0.58,20004.32;359.3469
19999.97,0.58,20004.32;359.3469
19999.97,0.58,20004.57;359.2896
19999.97,0.58,20004.57;359.2896
19999.96,0.58,20004.83;359.2208
19999.96,0.58,20004.83;359.2208
19999.96,0.58,20004.83;359.2208
19999.96,0.58,20005.08;359.1349
19999.96,0.58,20005.08;359.1349
19999.96,0.58,20005.08;359.1349
19999.96,0.58,20005.33;359.0719
19999.96,0.58,20005.33;359.0719
19999.95,0.58,20005.59;358.9916
19999.95,0.58,20005.59;358.9916
19999.95,0.58,20005.84;358.9114
19999.94,0.58,20006.1;358.8427
19999.94,0.58,20006.1;358.8427
19999.94,0.58,20006.35;358.7739
19999.93,0.58,20006.6;358.7109
19999.93,0.58,20006.6;358.7109
19999.93,0.58,20006.86;358.6479
19999.92,0.58,20007.11;358.5792
19999.91,0.58,20007.37;358.5104
19999.91,0.58,20007.62;358.4474
19999.91,0.58,20007.62;358.4474
19999.9,0.58,20007.87;358.3844
19999.89,0.58,20008.13;358.3271
19999.89,0.58,20008.13;358.3271
19999.88,0.58,20008.38;358.2698
19999.88,0.58,20008.63;358.2354
19999.88,0.58,20008.63;358.2354
19999.87,0.58,20008.89;358.201
19999.86,0.58,20009.14;358.1437
19999.85,0.58,20009.4;358.1036
19999.85,0.58,20009.4;358.1036
19999.85,0.58,20009.4;358.1036
19999.84,0.58,20009.65;358.0463
19999.84,0.58,20009.65;358.0463
19999.84,0.58,20009.65;358.0463
19999.83,0.58,20009.9;357.989
19999.83,0.58,20009.9;357.989
19999.83,0.58,20009.9;357.989
19999.82,0.58,20010.16;357.9375
19999.81,0.58,20010.41;357.8859
19999.8,0.58,20010.67;357.8344
19999.8,0.58,20010.67;357.8344
19999.79,0.58,20010.92;357.7828
19999.79,0.58,20011.17;357.7198
19999.79,0.58,20011.17;357.7198
19999.78,0.58,20011.43;357.6567
19999.76,0.58,20011.68;357.6166
19999.76,0.58,20011.68;357.6166
19999.75,0.58,20011.93;357.5765
19999.74,0.58,20012.19;357.525
19999.73,0.58,20012.44;357.4734
19999.73,0.58,20012.44;357.4734
19999.73,0.58,20012.44;357.4734
19999.72,0.58,20012.7;357.4333
19999.72,0.58,20012.7;357.4333
19999.71,0.58,20012.95;357.3817
19999.71,0.58,20012.95;357.3817
19999.71,0.58,20012.95;357.3817
19999.7,0.58,20013.2;357.3359
19999.69,0.58,20013.46;357.2901
19999.67,0.58,20013.71;357.25
19999.67,0.58,20013.71;357.25
19999.66,0.58,20013.96;357.2099
19999.65,0.58,20014.22;357.1698
19999.65,0.58,20014.22;357.1698
19999.63,0.58,20014.47;357.1297
19999.62,0.58,20014.72;357.0724
19999.62,0.58,20014.72;357.0724
19999.61,0.58,20014.98;357.0151
19999.6,0.58,20015.23;356.9692
19999.58,0.58,20015.49;356.9177
19999.58,0.58,20015.49;356.9177
19999.58,0.58,20015.49;356.9177
19999.57,0.58,20015.74;356.8661
19999.57,0.58,20015.74;356.8661
19999.57,0.58,20015.74;356.8661
19999.55,0.58,20015.99;356.826
19999.55,0.58,20015.99;356.826
19999.55,0.58,20015.99;356.826
19999.54,0.58,20016.25;356.8088
19999.53,0.58,20016.5;356.7916
19999.51,0.58,20016.75;356.7687
19999.51,0.58,20016.75;356.7687
19999.5,0.58,20017.01;356.7458
19999.48,0.58,20017.26;356.7401
19999.48,0.58,20017.26;356.7401
19999.47,0.58,20017.52;356.7343
19999.47,0.58,20017.52;356.7343
19999.47,0.58,20017.52;356.7343
19999.45,0.58,20017.77;356.7286
19999.45,0.58,20017.77;356.7286
19999.44,0.58,20018.02;356.7229
19999.44,0.58,20018.02;356.7229
19999.44,0.58,20018.02;356.7229
19999.42,0.58,20018.28;356.7229
19999.42,0.58,20018.28;356.7229
19999.42,0.58,20018.28;356.7229
19999.41,0.58,20018.53;356.7229
19999.39,0.58,20018.78;356.7229
19999.39,0.58,20018.78;356.7229
19999.38,0.58,20019.04;356.7229
19999.37,0.58,20019.29;356.7229
19999.35,0.58,20019.54;356.7172
19999.35,0.58,20019.54;356.7172
19999.34,0.58,20019.8;356.7114
19999.32,0.58,20020.05;356.7057
19999.32,0.58,20020.05;356.7057
19999.31,0.58,20020.3;356.7
19999.29,0.58,20020.56;356.6828
19999.29,0.58,20020.56;356.6828
19999.28,0.58,20020.81;356.6427
19999.28,0.58,20020.81;356.6427
19999.26,0.58,20021.06;356.6026
19999.25,0.58,20021.32;356.5567
19999.25,0.58,20021.32;356.5567
19999.23,0.58,20021.57;356.5109
19999.22,0.58,20021.83;356.4765
19999.22,0.58,20021.83;356.4765
19999.2,0.58,20022.08;356.4422
19999.19,0.58,20022.33;356.402
19999.17,0.58,20022.59;356.3677
19999.17,0.58,20022.59;356.3677
19999.15,0.58,20022.84;356.3333
19999.14,0.58,20023.09;356.2875
19999.14,0.58,20023.09;356.2875
19999.12,0.58,20023.35;356.2416
19999.1,0.58,20023.6;356.2187
19999.1,0.58,20023.6;356.2187
19999.09,0.58,20023.85;356.1958
19999.07,0.58,20024.11;356.15
19999.07,0.58,20024.11;356.15
19999.05,0.58,20024.36;356.1213
19999.05,0.58,20024.36;356.1213
19999.04,0.58,20024.61;356.0927
19999.02,0.58,20024.87;356.0526
19999.02,0.58,20024.87;356.0526
19999,0.58,20025.12;356.0125
19998.98,0.58,20025.37;355.9609
19998.98,0.58,20025.37;355.9609
19998.96,0.58,20025.63;355.9093
19998.95,0.58,20025.88;355.8807
19998.93,0.58,20026.13;355.8291
19998.93,0.58,20026.13;355.8291
19998.91,0.58,20026.39;355.7776
19998.89,0.58,20026.64;355.7318
19998.89,0.58,20026.64;355.7318
19998.89,0.58,20026.64;355.7318
19998.87,0.58,20026.89;355.7031
19998.87,0.58,20026.89;355.7031
19998.87,0.58,20026.89;355.7031
19998.85,0.58,20027.15;355.6401
19998.83,0.58,20027.4;355.5771
19998.81,0.58,20027.65;355.5599
19998.81,0.58,20027.65;355.5599
19998.79,0.58,20027.91;355.5427
19998.77,0.58,20028.16;355.4854
19998.77,0.58,20028.16;355.4854
19998.75,0.58,20028.41;355.4281
19998.73,0.58,20028.67;355.4224
19998.73,0.58,20028.67;355.4224
19998.71,0.58,20028.92;355.4166
19998.69,0.58,20029.17;355.3708
19998.67,0.58,20029.43;355.325
19998.67,0.58,20029.43;355.325
19998.67,0.58,20029.43;355.325
19998.65,0.58,20029.68;355.2849
19998.65,0.58,20029.68;355.2849
19998.65,0.58,20029.68;355.2849
19998.63,0.58,20029.93;355.239
19998.63,0.58,20029.93;355.239
19998.63,0.58,20029.93;355.239
19998.61,0.58,20030.19;355.1875
19998.58,0.58,20030.44;355.1359
19998.56,0.58,20030.69;355.0729
19998.56,0.58,20030.69;355.0729
19998.54,0.58,20030.95;355.0099
19998.52,0.58,20031.2;354.964
19998.52,0.58,20031.2;354.964
19998.5,0.58,20031.45;354.9182
19998.47,0.58,20031.7;354.8494
19998.47,0.58,20031.7;354.8494
19998.45,0.58,20031.96;354.7807
19998.43,0.58,20032.21;354.7119
19998.4,0.58,20032.46;354.6432
19998.38,0.58,20032.71;354.5916
19998.38,0.58,20032.71;354.5916
19998.36,0.58,20032.97;354.5401
19998.33,0.58,20033.22;354.4713
19998.33,0.58,20033.22;354.4713
19998.3,0.58,20033.47;354.4026
19998.28,0.58,20033.73;354.3281
19998.28,0.58,20033.73;354.3281
19998.26,0.58,20033.98;354.2708
19998.26,0.58,20033.98;354.2708
19998.23,0.58,20034.23;354.2135
19998.2,0.58,20034.48;354.1734
19998.2,0.58,20034.48;354.1734
19998.18,0.58,20034.74;354.1333
19998.15,0.58,20034.99;354.0817
19998.15,0.58,20034.99;354.0817
19998.13,0.58,20035.24;354.0302
19998.1,0.58,20035.49;353.9958
19998.1,0.58,20035.49;353.9958
19998.07,0.58,20035.75;353.95
19998.04,0.58,20036;353.9041
19998.02,0.58,20036.25;353.864
19998.02,0.58,20036.25;353.864
19997.99,0.58,20036.51;353.8239
19997.96,0.58,20036.76;353.7896
19997.96,0.58,20036.76;353.7896
19997.94,0.58,20037.01;353.7552
19997.91,0.58,20037.26;353.6979
19997.91,0.58,20037.26;353.6979
19997.88,0.58,20037.52;353.6463
19997.88,0.58,20037.52;353.6463
19997.85,0.58,20037.77;353.5948
19997.82,0.58,20038.02;353.5489
19997.82,0.58,20038.02;353.5489
19997.79,0.58,20038.27;353.5031
19997.77,0.58,20038.53;353.4572
19997.77,0.58,20038.53;353.4572
19997.74,0.58,20038.78;353.4114
19997.71,0.58,20039.03;353.377
19997.68,0.58,20039.28;353.3484
19997.68,0.58,20039.28;353.3484
19997.65,0.58,20039.53;353.3198
19997.62,0.58,20039.79;353.2796
19997.62,0.58,20039.79;353.2796
19997.59,0.58,20040.04;353.2395
19997.56,0.58,20040.29;353.2052
19997.56,0.58,20040.29;353.2052
19997.53,0.58,20040.54;353.1708
19997.5,0.58,20040.79;353.1307
19997.5,0.58,20040.79;353.1307
19997.47,0.58,20041.05;353.0848
19997.47,0.58,20041.05;353.0848
19997.44,0.58,20041.3;353.039
19997.4,0.58,20041.55;353.0104
19997.4,0.58,20041.55;353.0104
19997.37,0.58,20041.8;352.9817
19997.34,0.58,20042.05;352.9531
19997.34,0.58,20042.05;352.9531
19997.31,0.58,20042.31;352.9244
19997.28,0.58,20042.56;352.89
19997.25,0.58,20042.81;352.8499
19997.25,0.58,20042.81;352.8499
