20000,0.5,20000;0
20000,0.58,20000;-0.005729198
20000,0.58,20000;-0.005729198
20000,0.58,20000;-0.005729198
20000,0.58,20000;-0.005729198
20000,0.58,20000;-0.005729198
20000,0.58,20000;-0.005729198
20000,0.58,20000;-0.005729198
20000,0.58,20000;-0.005729198
20000,0.58,20000;-0.005729198
20000,0.58,20000;-0.005729198
20000,0.58,20000;-0.005729198
20000,0.58,20000;-0.005729198
20000,0.58,20000;-0.005729198
20000,0.58,20000;-0.005729198
20000,0.58,20000;-0.005729198
20000,0.58,20000;-0.005729198
20000,0.58,20000;-0.005729198
20000,0.58,20000;-0.005729198
20000,0.58,20000;-0.005729198
20000,0.58,20000;-0.005729198
20000,0.58,20000;359.9886
20000,0.58,20000;359.9886
20000,0.58,20000;359.9886
20000,0.58,20000;-0.005729198
20000,0.58,20000;-0.005729198
20000,0.58,20000;-0.005729198
20000,0.58,20000;-0.005729198
20000,0.58,20000;-0.005729198
20000,0.58,20000;-0.005729198
20000,0.58,20000;-0.005729198
20000,0.58,20000;0
20000,0.58,20000;0
20000,0.58,20000;0
20000,0.58,20000;0
20000,0.58,20000;0
20000,0.58,20000;0
20000,0.58,20000;0
20000,0.58,20000;0
20000,0.58,20000;0
20000,0.58,20000;0
20000,0.58,20000;0.005729198
20000,0.58,20000;0.005729198
20000,0.58,20000;0.005729198
20000,0.58,20000;0.005729198
20000,0.58,20000;0.005729198
20000,0.58,20000;0.0114584
20000,0.58,20000;0.0114584
20000,0.58,20000;0.0114584
20000,0.58,20000;0.0114584
20000,0.58,20000;0.0114584
20000,0.58,20000;0.0114584
20000,0.58,20000;0.0114584
20000,0.58,20000;0.0114584
20000,0.58,20000;0.0114584
20000,0.58,20000;0.0114584
20000,0.58,20000;0.0114584
20000,0.58,20000;0.0114584
20000,0.58,20000;0.0114584
20000,0.58,20000;0.0114584
20000,0.58,20000;0.0114584
20000,0.58,20000;0.0114584
20000,0.58,20000;0.0114584
20000,0.58,20000;0.0114584
20000,0.58,20000;0.0114584
20000,0.58,20000;0.0114584
20000,0.58,20000;0.0114584
20000,0.58,20000;0.01718759
20000,0.58,20000;0.01718759
20000,0.58,20000;0.01718759
20000,0.58,20000;0.01718759
20000,0.58,20000;0.01718759
20000,0.58,20000;0.01718759
20000,0.58,20000;0.01718759
20000,0.58,20000;0.01718759
20000,0.58,20000;0.01718759
20000,0.58,20000;0.01718759
20000,0.58,20000;0.01718759
20000,0.58,20000;0.01718759
20000,0.58,20000;0.01718759
20000,0.58,20000;0.01718759
20000,0.58,20000;0.01718759
20000,0.58,20000;0.01718759
20000,0.58,20000;0.01718759
20000,0.58,20000;0.01718759
20000,0.58,20000;0.01718759
20000,0.58,20000;0.01718759
20000,0.58,20000;0.01718759
20000,0.58,20000;0.01718759
20000,0.58,20000;0.01718759
20000,0.58,20000;0.01718759
20000,0.58,20000;0.01718759
20000,0.58,20000;0.01718759
20000,0.58,20000;0.01718759
20000,0.58,20000;0.01718759
20000,0.58,20000;0.01718759
20000,0.58,20000;0.01718759
20000,0.58,20000;0.01718759
20000,0.58,20000;0.01718759
20000,0.58,20000;0.01718759
20000,0.58,20000;0.01718759
20000,0.58,20000;0.01718759
20000,0.58,20000;0.01718759
20000,0.58,20000;0.01718759
20000,0.58,20000;0.02291679
20000,0.58,20000;0.02291679
20000,0.58,20000;0.02291679
20000,0.58,20000;0.02864599
20000,0.58,20000;0.02864599
20000,0.58,20000;0.02864599
20000,0.58,20000;0.02864599
20000,0.58,20000;0.02864599
20000,0.58,20000;0.02864599
20000,0.58,20000;0.02864599
20000,0.58,20000.01;0.02864599
20000,0.58,20000.01;0.02864599
20000,0.58,20000.05;-0.005729201
20000,0.58,20000.16;359.9599
20000,0.58,20000.27;359.8969
20000,0.58,20000.27;359.8969
20000,0.58,20000.43;359.7995
20000,0.58,20000.43;359.7995
20000,0.58,20000.59;359.7021
20000,0.58,20000.76;359.5989
20000,0.58,20000.76;359.5989
20000,0.58,20001;359.5416
19999.99,0.58,20001.25;359.4843
19999.99,0.58,20001.51;359.4271
19999.99,0.58,20001.51;359.4271
19999.99,0.58,20001.76;359.2838
19999.99,0.58,20001.76;359.2838
19999.98,0.58,20002.01;359.1406
19999.98,0.58,20002.27;358.9973
19999.97,0.58,20002.52;358.8713
19999.97,0.58,20002.52;358.8713
19999.97,0.58,20002.78;358.7452
19999.96,0.58,20003.03;358.602
19999.96,0.58,20003.03;358.602
19999.96,0.58,20003.28;358.4817
19999.96,0.58,20003.28;358.4817
19999.95,0.58,20003.54;358.3613
19999.94,0.58,20003.79;358.2181
19999.93,0.58,20004.04;358.0691
19999.93,0.58,20004.04;358.0691
19999.92,0.58,20004.3;357.9201
19999.91,0.58,20004.55;357.7884
19999.9,0.58,20004.81;357.6566
19999.89,0.58,20005.06;357.4904
19999.89,0.58,20005.06;357.4904
19999.88,0.58,20005.31;357.3243
19999.87,0.58,20005.57;357.1696
19999.85,0.58,20005.82;357.0435
19999.85,0.58,20005.82;357.0435
19999.85,0.58,20005.82;357.0435
19999.84,0.58,20006.07;356.9175
19999.83,0.58,20006.33;356.7742
19999.83,0.58,20006.33;356.7742
19999.81,0.58,20006.58;356.6367
19999.81,0.58,20006.58;356.6367
19999.81,0.58,20006.58;356.6367
19999.79,0.58,20006.84;356.5164
19999.78,0.58,20007.09;356.3961
19999.76,0.58,20007.34;356.2471
19999.76,0.58,20007.34;356.2471
19999.75,0.58,20007.6;356.0981
19999.73,0.58,20007.85;355.9492
19999.73,0.58,20007.85;355.9492
19999.71,0.58,20008.1;355.8002
19999.69,0.58,20008.36;355.6627
19999.69,0.58,20008.36;355.6627
19999.67,0.58,20008.61;355.5252
19999.65,0.58,20008.86;355.3762
19999.63,0.58,20009.12;355.2329
19999.63,0.58,20009.12;355.2329
19999.61,0.58,20009.37;355.0897
19999.58,0.58,20009.62;354.9637
19999.58,0.58,20009.62;354.9637
19999.56,0.58,20009.88;354.8376
19999.54,0.58,20010.13;354.6886
19999.54,0.58,20010.13;354.6886
19999.51,0.58,20010.38;354.5397
19999.49,0.58,20010.63;354.3964
19999.46,0.58,20010.88;354.2646
19999.46,0.58,20010.88;354.2646
19999.46,0.58,20010.88;354.2646
19999.46,0.58,20010.88;354.2646
19999.44,0.58,20011.13;354.1157
19999.44,0.58,20011.13;354.1157
19999.44,0.58,20011.13;354.1157
19999.41,0.58,20011.38;353.961
19999.41,0.58,20011.38;353.961
19999.41,0.58,20011.38;353.961
19999.38,0.58,20011.63;353.8292
19999.36,0.58,20011.88;353.6745
19999.36,0.58,20011.88;353.6745
19999.36,0.58,20011.88;353.6745
19999.33,0.58,20012.13;353.5198
19999.33,0.58,20012.13;353.5198
19999.33,0.58,20012.13;353.5198
19999.3,0.58,20012.37;353.388
19999.3,0.58,20012.37;353.388
19999.3,0.58,20012.37;353.388
19999.27,0.58,20012.62;353.2677
19999.24,0.58,20012.86;353.1474
19999.21,0.58,20013.11;353.0041
19999.21,0.58,20013.11;353.0041
19999.18,0.58,20013.36;352.8666
19999.18,0.58,20013.36;352.8666
19999.18,0.58,20013.36;352.8666
19999.15,0.58,20013.61;352.7406
19999.15,0.58,20013.61;352.7406
19999.15,0.58,20013.61;352.7406
19999.12,0.58,20013.86;352.7004
19999.08,0.58,20014.11;352.626
19999.08,0.58,20014.11;352.626
19999.05,0.58,20014.37;352.5515
19999.02,0.58,20014.62;352.4369
19999.02,0.58,20014.62;352.4369
19998.98,0.58,20014.87;352.3395
19998.98,0.58,20014.87;352.3395
19998.95,0.58,20015.12;352.2077
19998.95,0.58,20015.12;352.2077
19998.91,0.58,20015.37;352.053
19998.91,0.58,20015.37;352.053
19998.91,0.58,20015.37;352.053
19998.88,0.58,20015.62;351.9041
19998.88,0.58,20015.62;351.9041
19998.88,0.58,20015.62;351.9041
19998.84,0.58,20015.88;351.7665
19998.84,0.58,20015.88;351.7665
19998.8,0.58,20016.13;351.629
19998.8,0.58,20016.13;351.629
19998.77,0.58,20016.38;351.6061
19998.77,0.58,20016.38;351.6061
19998.77,0.58,20016.38;351.6061
19998.73,0.58,20016.62;351.5832
19998.73,0.58,20016.62;351.5832
19998.7,0.58,20016.87;351.5603
19998.7,0.58,20016.87;351.5603
19998.7,0.58,20016.87;351.5603
19998.66,0.58,20017.12;351.5603
19998.66,0.58,20017.12;351.5603
19998.63,0.58,20017.35;351.5603
19998.59,0.58,20017.58;351.5545
19998.59,0.58,20017.58;351.5545
19998.55,0.58,20017.83;351.5488
19998.52,0.58,20018.08;351.4056
19998.52,0.58,20018.08;351.4056
19998.48,0.58,20018.33;351.2681
19998.44,0.58,20018.57;351.1306
19998.4,0.58,20018.81;351.0045
19998.4,0.58,20018.81;351.0045
19998.36,0.58,20019.06;350.8612
19998.36,0.58,20019.06;350.8612
19998.36,0.58,20019.06;350.8612
19998.32,0.58,20019.31;350.718
19998.32,0.58,20019.31;350.718
19998.32,0.58,20019.31;350.718
19998.28,0.58,20019.55;350.5919
19998.24,0.58,20019.8;350.4659
19998.21,0.58,20020.05;350.3284
19998.21,0.58,20020.05;350.3284
19998.21,0.58,20020.3;350.1909
19998.21,0.5800003,20020.55;350.0476
19998.21,0.5800003,20020.55;350.0476
19998.21,0.5800001,20020.78;349.933
19998.21,0.5800001,20020.78;349.933
19998.21,0.58,20021.03;349.8185
19998.21,0.5800001,20021.28;349.6867
19998.21,0.58,20021.52;349.5549
19998.21,0.58,20021.52;349.5549
19998.21,0.58,20021.58;349.4231
19998.21,0.58,20021.64;349.3142
19998.21,0.58,20021.64;349.3142
19998.21,0.5800001,20021.89;349.2054
19998.21,0.5800004,20022.14;349.0679
19998.21,0.5800004,20022.14;349.0679
19998.21,0.5800002,20022.39;348.9304
19998.21,0.58,20022.63;348.8158
19998.21,0.58,20022.88;348.6897
19998.21,0.58,20022.88;348.6897
19998.21,0.58,20023.13;348.5637
19998.21,0.5800002,20023.38;348.4261
19998.21,0.5800002,20023.38;348.4261
19998.21,0.5800003,20023.63;348.2943
19998.21,0.5800003,20023.63;348.2943
19998.21,0.5800003,20023.63;348.2943
19998.21,0.5800001,20023.88;348.1626
19998.21,0.5800001,20024.13;348.0537
19998.21,0.5800004,20024.38;347.9219
19998.21,0.5800004,20024.38;347.9219
19998.21,0.5800003,20024.63;347.7959
19998.21,0.5800003,20024.63;347.7959
19998.21,0.5800003,20024.63;347.7959
19998.21,0.5800002,20024.87;347.687
19998.21,0.5800002,20024.87;347.687
19998.21,0.5800002,20024.87;347.687
19998.21,0.5800003,20025.12;347.6641
19998.21,0.5800002,20025.37;347.6412
19998.21,0.58,20025.61;347.5667
19998.21,0.58,20025.61;347.5667
19998.21,0.58,20025.86;347.4636
19998.21,0.58,20025.86;347.4636
19998.21,0.58,20026.11;347.3604
19998.21,0.58,20026.35;347.2344
19998.21,0.58,20026.6;347.114
19998.21,0.5800001,20026.84;346.9937
19998.21,0.5800006,20027.09;346.8849
19998.21,0.5800006,20027.09;346.8849
19998.21,0.5800009,20027.33;346.776
19998.21,0.5800018,20027.58;346.6614
19998.21,0.5800018,20027.58;346.6614
19998.21,0.5800021,20027.82;346.5468
19998.21,0.5800022,20028.06;346.4437
19998.21,0.5800022,20028.06;346.4437
19998.21,0.5800023,20028.31;346.3233
19998.21,0.5800024,20028.56;346.203
19998.21,0.580002,20028.8;346.0827
19998.21,0.580002,20028.8;346.0827
19998.21,0.580002,20028.8;346.0827
19998.21,0.580002,20029.05;345.9853
19998.21,0.580002,20029.05;345.9853
19998.21,0.5800029,20029.29;345.8879
19998.21,0.5800032,20029.52;345.7675
19998.21,0.5800032,20029.52;345.7675
19998.21,0.5800037,20029.77;345.6472
19998.21,0.5800042,20030.01;345.5269
19998.21,0.5800036,20030.26;345.418
19998.21,0.5800036,20030.26;345.418
19998.21,0.5800039,20030.49;345.3092
19998.21,0.5800043,20030.71;345.1831
19998.21,0.5800043,20030.71;345.1831
19998.21,0.5800037,20030.96;345.0571
19998.21,0.5800037,20031.21;344.9196
19998.21,0.5800045,20031.42;344.7878
19998.21,0.5800045,20031.42;344.7878
19998.21,0.5800055,20031.67;344.656
19998.21,0.5800052,20031.91;344.5299
