20000,0.5,20000;0
20000,0.58,20000.13;0
20000,0.58,20000.25;0
20000,0.58,20000.38;0
20000,0.58,20000.51;0
20000,0.58,20000.63;0
20000,0.58,20000.63;0
20000,0.58,20000.76;0
20000,0.58,20000.89;0
20000,0.58,20000.92;0
20000,0.58,20000.94;0
20000,0.58,20000.95;0
20000,0.58,20000.95;0
20000,0.58,20001.04;0
20000,0.58,20001.12;0
20000,0.58,20001.21;0
20000,0.58,20001.3;0
20000,0.58,20001.39;0
20000,0.58,20001.39;0
20000,0.58,20001.49;0
20000,0.58,20001.59;0
20000,0.58,20001.69;0
20000,0.58,20001.79;0
20000,0.58,20001.88;0
20000,0.58,20001.88;0
20000,0.58,20001.97;0
20000,0.58,20002.08;0
20000,0.58,20002.18;0
20000,0.58,20002.28;0
20000,0.58,20002.28;0
20000,0.58,20002.38;0
20000,0.58,20002.47;0
20000,0.58,20002.56;0
20000,0.58,20002.66;0
20000,0.58,20002.74;0
20000,0.58,20002.83;0
20000,0.58,20002.83;0
20000,0.58,20002.91;0
20000,0.58,20002.94;0
20000,0.58,20003;0
20000,0.58,20003;0
20000,0.58,20003;0
20000,0.58,20003.06;0
20000,0.58,20003.15;0
20000,0.58,20003.25;0
20000,0.58,20003.34;0
20000,0.58,20003.44;0
20000,0.58,20003.44;0
20000,0.58,20003.53;0
20000,0.58,20003.62;0
20000,0.58,20003.72;0
20000,0.58,20003.81;0
20000,0.58,20003.91;0
20000,0.58,20003.91;0
20000,0.58,20004.01;0
20000,0.58,20004.11;0
20000,0.58,20004.2;0
20000,0.58,20004.3;0
20000,0.58,20004.4;0
20000,0.58,20004.4;0
20000,0.58,20004.51;0
20000,0.58,20004.61;0
20000,0.58,20004.71;0
20000,0.58,20004.81;0
20000,0.58,20004.91;0
20000,0.58,20004.91;0
20000,0.58,20005.01;0
20000,0.58,20005.11;0
20000,0.58,20005.2;0
20000,0.58,20005.29;0
20000,0.58,20005.29;0
20000,0.58,20005.38;0
20000,0.58,20005.47;0
20000,0.58,20005.56;0
20000,0.58,20005.65;0
20000,0.58,20005.73;0
20000,0.58,20005.73;0
20000,0.58,20005.82;0
20000,0.58,20005.91;0
20000,0.58,20006;0
20000,0.58,20006.09;0
20000,0.58,20006.17;0
20000,0.58,20006.25;0
20000,0.58,20006.25;0
20000,0.58,20006.34;0
20000,0.58,20006.43;0
20000,0.58,20006.51;0
20000,0.58,20006.59;0
20000,0.58,20006.59;0
20000,0.58,20006.66;0
20000,0.58,20006.66;0
20000,0.58,20006.66;0
20000,0.58,20006.66;0
20000,0.58,20006.66;0
20000,0.58,20006.66;0
20000,0.58,20006.66;0
20000,0.58,20006.71;0
20000,0.58,20006.78;0
20000,0.58,20006.86;0
20000,0.58,20006.93;0
20000,0.58,20006.93;0
20000,0.58,20007;0
20000,0.58,20007.07;0
20000,0.58,20007.14;0
20000,0.58,20007.21;0
20000,0.58,20007.28;0
20000,0.58,20007.28;0
20000,0.58,20007.35;0
20000,0.58,20007.43;0
20000,0.58,20007.5;0
20000,0.58,20007.57;0
20000,0.58,20007.64;0
20000,0.58,20007.64;0
20000,0.58,20007.72;0
20000,0.58,20007.79;0
20000,0.58,20007.87;0
20000,0.58,20007.94;0
20000,0.58,20007.94;0
20000,0.58,20008.02;0
20000,0.58,20008.09;0
20000,0.58,20008.16;0
20000,0.58,20008.23;0
20000,0.58,20008.3;0
20000,0.58,20008.3;0
20000,0.58,20008.37;0
20000,0.58,20008.45;0
20000,0.58,20008.52;0
20000,0.58,20008.58;0
20000,0.58,20008.65;0
20000,0.58,20008.65;0
20000,0.58,20008.72;0
20000,0.58,20008.79;0
20000,0.58,20008.86;0
20000,0.58,20008.94;0
20000,0.58,20008.94;0
20000,0.58,20009.01;0
20000,0.58,20009.08;0
20000,0.58,20009.15;0
20000,0.58,20009.22;0
20000,0.58,20009.3;0
20000,0.58,20009.3;0
20000,0.58,20009.37;0
20000,0.58,20009.44;0
20000,0.58,20009.5;0
20000,0.58,20009.56;0
20000,0.58,20009.63;0
20000,0.58,20009.63;0
20000,0.58,20009.7;0
20000,0.58,20009.77;0
20000,0.58,20009.85;0
20000,0.58,20009.92;0
20000,0.58,20009.99;0
20000,0.58,20009.99;0
20000,0.58,20010.06;0
20000,0.58,20010.13;0
20000,0.58,20010.19;0
20000,0.58,20010.26;0
20000,0.58,20010.34;0
20000,0.58,20010.34;0
20000,0.58,20010.41;0
20000,0.58,20010.48;0
20000,0.58,20010.55;0
20000,0.58,20010.63;0
20000,0.58,20010.63;0
20000,0.58,20010.7;0
20000,0.58,20010.77;0
20000,0.58,20010.85;0
20000,0.58,20010.92;0
20000,0.58,20011;0
20000,0.58,20011;0
20000,0.58,20011.08;0
20000,0.58,20011.08;0
20000,0.58,20011.08;0
20000,0.58,20011.08;0
20000,0.58,20011.15;0
20000,0.58,20011.23;0
20000,0.58,20011.3;0
20000,0.58,20011.3;0
20000,0.58,20011.38;0
20000,0.58,20011.46;0
20000,0.58,20011.54;0
20000,0.58,20011.62;0
20000,0.58,20011.7;0
20000,0.58,20011.7;0
20000,0.58,20011.78;0
20000,0.58,20011.86;0
20000,0.58,20011.93;0
20000,0.58,20012.01;0
20000,0.58,20012.01;0
20000,0.58,20012.08;0
20000,0.58,20012.15;0
20000,0.58,20012.21;0
20000,0.58,20012.28;0
20000,0.58,20012.35;0
20000,0.58,20012.35;0
20000,0.58,20012.42;0
20000,0.58,20012.49;0
20000,0.58,20012.56;0
20000,0.58,20012.62;0
20000,0.58,20012.62;0
20000,0.58,20012.69;0
20000,0.58,20012.76;0
20000,0.58,20012.82;0
20000,0.58,20012.88;0
20000,0.58,20012.94;0
20000,0.58,20012.94;0
20000,0.58,20013;0
20000,0.58,20013.06;0
20000,0.58,20013.12;0
20000,0.58,20013.18;0
20000,0.58,20013.23;0
20000,0.58,20013.23;0
20000,0.58,20013.23;0
20000,0.58,20013.23;0
20000,0.58,20013.23;0
20000,0.58,20013.26;0
20000,0.58,20013.26;0
20000,0.58,20013.31;0
20000,0.58,20013.36;0
20000,0.58,20013.41;0
20000,0.58,20013.46;0
20000,0.58,20013.46;0
20000,0.58,20013.52;0
20000,0.58,20013.57;0
20000,0.58,20013.62;0
20000,0.58,20013.68;0
20000,0.58,20013.73;0
20000,0.58,20013.78;0
20000,0.58,20013.78;0
20000,0.58,20013.84;0
20000,0.58,20013.89;0
20000,0.58,20013.95;0
20000,0.58,20014;0
20000,0.58,20014;0
20000,0.58,20014.05;0
20000,0.58,20014.1;0
20000,0.58,20014.16;0
20000,0.58,20014.21;0
20000,0.58,20014.26;0
20000,0.58,20014.26;0
20000,0.58,20014.31;0
20000,0.58,20014.37;0
20000,0.58,20014.42;0
20000,0.58,20014.47;0
20000,0.58,20014.53;0
20000,0.58,20014.53;0
20000,0.58,20014.58;0
20000,0.58,20014.64;0
20000,0.58,20014.7;0
20000,0.58,20014.75;0
20000,0.58,20014.8;0
20000,0.58,20014.8;0
20000,0.58,20014.86;0
20000,0.58,20014.92;0
20000,0.58,20014.97;0
20000,0.58,20015.03;0
20000,0.58,20015.09;0
20000,0.58,20015.09;0
20000,0.58,20015.15;0
20000,0.58,20015.21;0
20000,0.58,20015.26;0
20000,0.58,20015.31;0
20000,0.58,20015.37;0
20000,0.58,20015.41;0
20000,0.58,20015.47;0
20000,0.58,20015.47;0
20000,0.58,20015.53;0
20000,0.58,20015.59;0
20000,0.58,20015.65;0
20000,0.58,20015.71;0
20000,0.58,20015.76;0
20000,0.58,20015.76;0
20000,0.58,20015.82;0
20000,0.58,20015.88;0
20000,0.58,20015.94;0
20000,0.58,20015.99;0
20000,0.58,20016.05;0
20000,0.58,20016.05;0
20000,0.58,20016.11;0
20000,0.58,20016.17;0
20000,0.58,20016.22;0
20000,0.58,20016.28;0
20000,0.58,20016.28;0
20000,0.58,20016.34;0
20000,0.58,20016.39;0
20000,0.58,20016.45;0
20000,0.58,20016.5;0
20000,0.58,20016.56;0
20000,0.58,20016.56;0
20000,0.58,20016.62;0
20000,0.58,20016.68;0
20000,0.58,20016.73;0
20000,0.58,20016.79;0
20000,0.58,20016.84;0
20000,0.58,20016.84;0
20000,0.58,20016.9;0
20000,0.58,20016.96;0
20000,0.58,20017.01;0
20000,0.58,20017.07;0
20000,0.58,20017.13;0
20000,0.58,20017.13;0
20000,0.58,20017.19;0
20000,0.58,20017.24;0
20000,0.58,20017.29;0
20000,0.58,20017.34;0
20000,0.58,20017.39;0
20000,0.58,20017.39;0
20000,0.58,20017.44;0
20000,0.58,20017.49;0
20000,0.58,20017.54;0
20000,0.58,20017.59;0
20000,0.58,20017.59;0
20000,0.58,20017.64;0
20000,0.58,20017.68;0
20000,0.58,20017.72;0
20000,0.58,20017.77;0
20000,0.58,20017.81;0
20000,0.58,20017.81;0
20000,0.58,20017.86;0
20000,0.58,20017.9;0
20000,0.58,20017.95;0
20000,0.58,20017.99;0
20000,0.58,20018.03;0
20000,0.58,20018.03;0
20000,0.58,20018.07;0
20000,0.58,20018.11;0
20000,0.58,20018.14;0
20000,0.58,20018.15;0
20000,0.58,20018.15;0
20000,0.58,20018.15;0
20000,0.58,20018.15;0
20000,0.58,20018.17;0
20000,0.58,20018.21;0
20000,0.58,20018.25;0
20000,0.58,20018.25;0
20000,0.58,20018.28;0
20000,0.58,20018.32;0
20000,0.58,20018.35;0
20000,0.58,20018.39;0
20000,0.58,20018.42;0
20000,0.58,20018.42;0
20000,0.58,20018.46;0
20000,0.58,20018.49;0
20000,0.58,20018.53;0
20000,0.58,20018.56;0
20000,0.58,20018.59;0
20000,0.58,20018.59;0
20000,0.58,20018.63;0
20000,0.58,20018.66;0
20000,0.58,20018.7;0
20000,0.58,20018.73;0
20000,0.58,20018.76;0
20000,0.58,20018.8;0
20000,0.58,20018.8;0
20000,0.58,20018.83;0
20000,0.58,20018.86;0
20000,0.58,20018.9;0
20000,0.58,20018.93;0
20000,0.58,20018.96;0
20000,0.58,20018.96;0
20000,0.58,20019;0
20000,0.58,20019.03;0
20000,0.58,20019.07;0
20000,0.58,20019.1;0
20000,0.58,20019.14;0
20000,0.58,20019.14;0
20000,0.58,20019.18;0
20000,0.58,20019.21;0
20000,0.58,20019.25;0
20000,0.58,20019.29;0
20000,0.58,20019.29;0
20000,0.58,20019.32;0
20000,0.58,20019.36;0
20000,0.58,20019.4;0
20000,0.58,20019.43;0
20000,0.58,20019.47;0
20000,0.58,20019.47;0
20000,0.58,20019.5;0
20000,0.58,20019.54;0
20000,0.58,20019.57;0
20000,0.58,20019.61;0
20000,0.58,20019.61;0
20000,0.58,20019.64;0
20000,0.58,20019.68;0
20000,0.58,20019.72;0
20000,0.58,20019.76;0
20000,0.58,20019.8;0
20000,0.58,20019.8;0
20000,0.58,20019.84;0
20000,0.58,20019.87;0
20000,0.58,20019.91;0
20000,0.58,20019.95;0
20000,0.58,20019.98;0
20000,0.58,20019.98;0
20000,0.58,20020.02;0
20000,0.58,20020.06;0
20000,0.58,20020.06;0
20000,0.58,20020.1;0
20000,0.58,20020.13;0
20000,0.58,20020.17;0
20000,0.58,20020.21;0
20000,0.58,20020.24;0
20000,0.58,20020.24;0
20000,0.58,20020.28;0
20000,0.58,20020.32;0
20000,0.58,20020.35;0
20000,0.58,20020.39;0
20000,0.58,20020.39;0
20000,0.58,20020.42;0
20000,0.58,20020.46;0
20000,0.58,20020.49;0
20000,0.58,20020.53;0
20000,0.58,20020.57;0
20000,0.58,20020.57;0
20000,0.58,20020.6;0
20000,0.58,20020.64;0
20000,0.58,20020.67;0
20000,0.58,20020.7;0
20000,0.58,20020.73;0
20000,0.58,20020.73;0
20000,0.58,20020.76;0
20000,0.58,20020.79;0
20000,0.58,20020.82;0
20000,0.58,20020.85;0
20000,0.58,20020.85;0
20000,0.58,20020.88;0
20000,0.58,20020.91;0
20000,0.58,20020.93;0
20000,0.58,20020.96;0
20000,0.58,20020.98;0
20000,0.58,20020.98;0
20000,0.58,20021.01;0
20000,0.58,20021.03;0
20000,0.58,20021.06;0
20000,0.58,20021.08;0
20000,0.58,20021.11;0
20000,0.58,20021.13;0
20000,0.58,20021.15;0
20000,0.58,20021.17;0
20000,0.58,20021.17;0
20000,0.58,20021.18;0
20000,0.58,20021.18;0
20000,0.58,20021.18;0
20000,0.58,20021.18;0
20000,0.58,20021.18;0
20000,0.58,20021.18;0
20000,0.58,20021.2;0
20000,0.58,20021.21;0
20000,0.58,20021.23;0
20000,0.58,20021.24;0
20000,0.58,20021.24;0
20000,0.58,20021.26;0
20000,0.58,20021.28;0
20000,0.58,20021.29;0
20000,0.58,20021.3;0
20000,0.58,20021.32;0
20000,0.58,20021.32;0
20000,0.58,20021.33;0
20000,0.58,20021.35;0
20000,0.58,20021.36;0
20000,0.58,20021.38;0
20000,0.58,20021.39;0
20000,0.58,20021.39;0
20000,0.58,20021.4;0
20000,0.58,20021.42;0
20000,0.58,20021.43;0
20000,0.58,20021.44;0
20000,0.58,20021.45;0
20000,0.58,20021.45;0
20000,0.58,20021.46;0
20000,0.58,20021.47;0
20000,0.58,20021.48;0
20000,0.58,20021.5;0
20000,0.58,20021.51;0
20000,0.58,20021.51;0
20000,0.58,20021.52;0
20000,0.58,20021.53;0
20000,0.58,20021.54;0
20000,0.58,20021.56;0
20000,0.58,20021.56;0
20000,0.58,20021.57;0
20000,0.58,20021.59;0
20000,0.58,20021.6;0
20000,0.58,20021.62;0
20000,0.58,20021.63;0
20000,0.58,20021.64;0
20000,0.58,20021.64;0
20000,0.58,20021.62;0
20000,0.58,20021.62;0
20000,0.58,20021.62;0
20000,0.58,20021.62;0
20000,0.58,20021.62;0
20000,0.58,20021.62;0
20000,0.58,20021.62;0
20000,0.58,20021.62;0
20000,0.58,20021.62;0
20000,0.58,20021.62;0
20000,0.58,20021.62;0
20000,0.58,20021.62;0
20000,0.58,20021.62;0
20000,0.58,20021.62;0
20000,0.58,20021.62;0
20000,0.58,20021.65;0
20000,0.58,20021.65;0
20000,0.58,20021.67;0
20000,0.58,20021.71;0
20000,0.58,20021.73;0
20000,0.58,20021.76;0
20000,0.58,20021.8;0
20000,0.58,20021.8;0
20000,0.58,20021.84;0
20000,0.58,20021.87;0
20000,0.58,20021.9;0
20000,0.58,20021.93;0
20000,0.58,20021.93;0
20000,0.58,20021.96;0
20000,0.58,20021.98;0
20000,0.58,20022;0
20000,0.58,20022.02;0
20000,0.58,20022.04;0
20000,0.58,20022.04;0
20000,0.58,20022.05;0
20000,0.58,20022.06;0
20000,0.58,20022.07;0
20000,0.58,20022.08;0
20000,0.58,20022.08;0
20000,0.58,20022.08;0
20000,0.58,20022.08;0
20000,0.58,20022.08;0
20000,0.58,20022.08;0
20000,0.58,20022.08;0
20000,0.58,20022.08;0
20000,0.58,20022.08;0
20000,0.58,20022.08;0
20000,0.58,20022.08;0
20000,0.58,20022.08;0
20000,0.58,20022.08;0
20000,0.58,20022.08;0
20000,0.58,20022.07;0
20000,0.58,20022.07;0
20000,0.58,20022.07;0
20000,0.58,20022.07;0
20000,0.58,20022.07;0
20000,0.58,20022.07;0
20000,0.58,20022.08;0
20000,0.58,20022.09;0
20000,0.58,20022.09;0
20000,0.58,20022.09;0
20000,0.58,20022.09;0
20000,0.58,20022.09;0
20000,0.58,20022.09;0
20000,0.58,20022.09;0
20000,0.58,20022.09;0
20000,0.58,20022.09;0
20000,0.58,20022.09;0
20000,0.58,20022.09;0
20000,0.58,20022.09;0
20000,0.58,20022.09;0
20000,0.58,20022.09;0
20000,0.58,20022.08;0
20000,0.58,20022.08;0
20000,0.58,20022.08;0
20000,0.58,20022.08;0
20000,0.58,20022.08;0
20000,0.58,20022.08;0
20000,0.58,20022.08;0
20000,0.58,20022.08;0
20000,0.58,20022.08;0
20000,0.58,20022.08;0
20000,0.58,20022.08;0
20000,0.58,20022.08;0
20000,0.58,20022.08;0
20000,0.58,20022.08;0
20000,0.58,20022.08;0
20000,0.58,20022.08;0
20000,0.58,20022.08;0
20000,0.58,20022.08;0
20000,0.58,20022.08;0
20000,0.58,20022.08;0
20000,0.58,20022.08;0
20000,0.58,20022.08;0
20000,0.58,20022.08;0
20000,0.58,20022.08;0
20000,0.58,20022.08;0
20000,0.58,20022.08;0
20000,0.58,20022.08;0
20000,0.58,20022.08;0
20000,0.58,20022.08;0
20000,0.58,20022.08;0
20000,0.58,20022.08;0
20000,0.58,20022.08;0
20000,0.58,20022.08;0
20000,0.58,20022.08;0
20000,0.58,20022.08;0
20000,0.58,20022.08;0
20000,0.58,20022.08;0
20000,0.58,20022.09;0
20000,0.58,20022.1;0
20000,0.58,20022.11;0
20000,0.58,20022.12;0
20000,0.58,20022.12;0
20000,0.58,20022.13;0
20000,0.58,20022.12;0
20000,0.58,20022.1;0
20000,0.58,20022.08;0
20000,0.58,20022.05;0
20000,0.58,20022.05;0
20000,0.58,20022.02;0
20000,0.58,20021.99;0
20000,0.58,20021.97;0
20000,0.58,20021.94;0
20000,0.58,20021.91;0
20000,0.58,20021.91;0
20000,0.58,20021.88;0
20000,0.58,20021.86;0
20000,0.58,20021.84;0
20000,0.58,20021.82;0
20000,0.58,20021.8;0
20000,0.58,20021.8;0
20000,0.58,20021.79;0
20000,0.58,20021.77;0
20000,0.58,20021.76;0
20000,0.58,20021.76;0
20000,0.58,20021.76;0
20000,0.58,20021.76;0
20000,0.58,20021.75;0
20000,0.58,20021.74;0
20000,0.58,20021.73;0
20000,0.58,20021.72;0
20000,0.58,20021.72;0
20000,0.58,20021.7;0
20000,0.58,20021.68;0
20000,0.58,20021.67;0
20000,0.58,20021.66;0
20000,0.58,20021.65;0
20000,0.58,20021.65;0
20000,0.58,20021.64;0
20000,0.58,20021.63;0
20000,0.58,20021.62;0
20000,0.58,20021.61;0
20000,0.58,20021.61;0
20000,0.58,20021.61;0
20000,0.58,20021.61;0
20000,0.58,20021.61;0
20000,0.58,20021.6;0
20000,0.58,20021.59;0
20000,0.58,20021.58;0
20000,0.58,20021.58;0
20000,0.58,20021.58;0
20000,0.58,20021.57;0
20000,0.58,20021.54;0
20000,0.58,20021.5;0
20000,0.58,20021.48;0
20000,0.58,20021.48;0
20000,0.58,20021.48;0
20000,0.58,20021.48;0
20000,0.58,20021.48;0
20000,0.58,20021.48;0
20000,0.58,20021.48;0
20000,0.58,20021.48;0
20000,0.58,20021.48;0
20000,0.58,20021.48;0
20000,0.58,20021.48;0
20000,0.58,20021.48;0
20000,0.58,20021.48;0
20000,0.58,20021.48;0
20000,0.58,20021.5;0
20000,0.58,20021.53;0
20000,0.58,20021.55;0
20000,0.58,20021.55;0
20000,0.58,20021.57;0
20000,0.58,20021.58;0
20000,0.58,20021.58;0
20000,0.58,20021.58;0
20000,0.58,20021.58;0
20000,0.58,20021.58;0
20000,0.58,20021.58;0
20000,0.58,20021.58;0
20000,0.58,20021.58;0
20000,0.58,20021.58;0
20000,0.58,20021.58;0
20000,0.58,20021.58;0
20000,0.58,20021.58;0
20000,0.58,20021.58;0
20000,0.58,20021.58;0
20000,0.58,20021.58;0
20000,0.58,20021.58;0
20000,0.58,20021.58;0
20000,0.58,20021.58;0
20000,0.58,20021.58;0
20000,0.58,20021.58;0
20000,0.58,20021.58;0
20000,0.58,20021.58;0
20000,0.58,20021.58;0
20000,0.58,20021.58;0
20000,0.58,20021.58;0
20000,0.58,20021.58;0
20000,0.58,20021.58;0
20000,0.58,20021.58;0
20000,0.58,20021.58;0
20000,0.58,20021.58;0
20000,0.58,20021.58;0
20000,0.58,20021.58;0
20000,0.58,20021.58;0
20000,0.58,20021.58;0
20000,0.58,20021.58;0
20000,0.58,20021.58;0
20000,0.58,20021.58;0
20000,0.58,20021.58;0
20000,0.58,20021.58;0
20000,0.58,20021.58;0
20000,0.58,20021.58;0
20000,0.58,20021.58;0
20000,0.58,20021.58;0
20000,0.58,20021.58;0
20000,0.58,20021.58;0
20000,0.58,20021.58;0
20000,0.58,20021.58;0
20000,0.58,20021.58;0
20000,0.58,20021.58;0
20000,0.58,20021.58;0
20000,0.58,20021.58;0
20000,0.58,20021.58;0
20000,0.58,20021.58;0
20000,0.58,20021.58;0
20000,0.58,20021.58;0
20000,0.58,20021.58;0
20000,0.58,20021.58;0
20000,0.58,20021.58;0
20000,0.58,20021.58;0
20000,0.58,20021.58;0
20000,0.58,20021.58;0
20000,0.58,20021.58;0
20000,0.58,20021.58;0
20000,0.58,20021.58;0
20000,0.58,20021.58;0
20000,0.58,20021.58;0
20000,0.58,20021.58;0
20000,0.58,20021.58;0
20000,0.58,20021.58;0
20000,0.58,20021.58;0
20000,0.58,20021.58;0
20000,0.58,20021.58;0
20000,0.58,20021.58;0
20000,0.58,20021.58;0
20000,0.58,20021.58;0
20000,0.58,20021.58;0
20000,0.58,20021.58;0
20000,0.58,20021.58;0
20000,0.58,20021.58;0
20000,0.58,20021.58;0
20000,0.58,20021.58;0
20000,0.58,20021.58;0
20000,0.58,20021.58;0
20000,0.58,20021.58;0
20000,0.58,20021.58;0
20000,0.58,20021.58;0
20000,0.58,20021.58;0
20000,0.58,20021.58;0
20000,0.58,20021.58;0
20000,0.58,20021.71;0
20000,0.58,20021.84;0
20000,0.58,20021.84;0
20000,0.58,20021.96;0
20000,0.58,20022.09;0
20000,0.58,20022.09;0
20000,0.58,20022.09;0
20000,0.58,20022.09;0
20000,0.58,20022.09;0
20000,0.58,20022.09;0
20000,0.58,20022.22;0
20000,0.58,20022.35;0
20000,0.58,20022.35;0
20000,0.58,20022.35;0
20000,0.58,20022.35;0
20000,0.58,20022.35;0
20000,0.58,20022.35;0
20000,0.58,20022.35;0
20000,0.58,20022.35;0
20000,0.58,20022.35;0
20000,0.58,20022.35;0
20000,0.58,20022.35;0
20000,0.58,20022.35;0
20000,0.58,20022.35;0
20000,0.58,20022.35;0
20000,0.58,20022.35;0
20000,0.58,20022.35;0
20000,0.58,20022.35;0
20000,0.58,20022.35;0
20000,0.58,20022.35;0
20000,0.58,20022.35;0
20000,0.58,20022.35;0
20000,0.58,20022.35;0
20000,0.58,20022.35;0
20000,0.58,20022.35;0
20000,0.58,20022.35;0
20000,0.58,20022.35;0
20000,0.58,20022.35;0
20000,0.58,20022.35;0
20000,0.58,20022.35;0
20000,0.58,20022.35;0
20000,0.58,20022.35;0
20000,0.58,20022.35;0
20000,0.58,20022.35;0
20000,0.58,20022.35;0
20000,0.58,20022.35;0
20000,0.58,20022.35;0
20000,0.58,20022.35;0
20000,0.58,20022.35;0
20000,0.58,20022.35;0
20000,0.58,20022.35;0
20000,0.58,20022.35;0
20000,0.58,20022.35;0
20000,0.58,20022.35;0
20000,0.58,20022.33;0
20000,0.58,20022.33;0
20000,0.58,20022.32;0
20000,0.58,20022.32;0
20000,0.58,20022.32;0
20000,0.58,20022.31;0
20000,0.58,20022.31;0
20000,0.58,20022.31;0
20000,0.58,20022.31;0
20000,0.58,20022.31;0
20000,0.58,20022.31;0
20000,0.58,20022.31;0
20000,0.58,20022.31;0
20000,0.58,20022.31;0
20000,0.58,20022.31;0
20000,0.58,20022.32;0
20000,0.58,20022.32;0
20000,0.58,20022.32;0
20000,0.58,20022.32;0
20000,0.58,20022.32;0
20000,0.58,20022.32;0
20000,0.58,20022.32;0
20000,0.58,20022.32;0
20000,0.58,20022.32;0
20000,0.58,20022.32;0
20000,0.58,20022.32;0
20000,0.58,20022.32;0
20000,0.58,20022.32;0
20000,0.58,20022.32;0
20000,0.58,20022.32;0
20000,0.58,20022.32;0
20000,0.58,20022.32;0
20000,0.58,20022.32;0
20000,0.58,20022.32;0
20000,0.58,20022.32;0
20000,0.58,20022.32;0
20000,0.58,20022.32;0
20000,0.58,20022.32;0
20000,0.58,20022.32;0
20000,0.58,20022.32;0
20000,0.58,20022.32;0
20000,0.58,20022.32;0
20000,0.58,20022.32;0
20000,0.58,20022.32;0
20000,0.58,20022.32;0
20000,0.58,20022.32;0
20000,0.58,20022.32;0
20000,0.58,20022.32;0
20000,0.58,20022.32;0
20000,0.58,20022.32;0
20000,0.58,20022.32;0
20000,0.58,20022.32;0
20000,0.58,20022.32;0
20000,0.58,20022.32;0
20000,0.58,20022.32;0
20000,0.58,20022.32;0
20000,0.58,20022.32;0
20000,0.58,20022.32;0
20000,0.58,20022.32;0
20000,0.58,20022.32;0
20000,0.58,20022.32;0
20000,0.58,20022.32;0
20000,0.58,20022.32;0
20000,0.58,20022.32;0
20000,0.58,20022.32;0
20000,0.58,20022.32;0
20000,0.58,20022.32;0
20000,0.58,20022.3;0
20000,0.58,20022.3;0
20000,0.58,20022.3;0
20000,0.58,20022.3;0
20000,0.58,20022.3;0
20000,0.58,20022.3;0
20000,0.58,20022.3;0
20000,0.58,20022.3;0
20000,0.58,20022.3;0
20000,0.58,20022.3;0
20000,0.58,20022.3;0
20000,0.58,20022.31;0
20000,0.58,20022.31;0
20000,0.58,20022.31;0
20000,0.58,20022.31;0
20000,0.58,20022.31;0
20000,0.58,20022.31;0
20000,0.58,20022.31;0
20000,0.58,20022.31;0
20000,0.58,20022.31;0
20000,0.58,20022.31;0
20000,0.58,20022.31;0
20000,0.58,20022.31;0
20000,0.58,20022.31;0
20000,0.58,20022.31;0
20000,0.58,20022.31;0
20000,0.58,20022.31;0
20000,0.58,20022.31;0
20000,0.58,20022.31;0
20000,0.58,20022.31;0
20000,0.58,20022.31;0
20000,0.58,20022.31;0
20000,0.58,20022.31;0
20000,0.58,20022.31;0
20000,0.58,20022.31;0
20000,0.58,20022.31;0
20000,0.58,20022.31;0
20000,0.58,20022.31;0
20000,0.58,20022.31;0
20000,0.58,20022.31;0
20000,0.58,20022.31;0
20000,0.58,20022.31;0
20000,0.58,20022.31;0
20000,0.58,20022.31;0
20000,0.58,20022.31;0
20000,0.58,20022.31;0
20000,0.58,20022.31;0
20000,0.58,20022.31;0
20000,0.58,20022.31;0
20000,0.58,20022.31;0
20000,0.58,20022.31;0
20000,0.58,20022.31;0
20000,0.58,20022.31;0
20000,0.58,20022.31;0
20000,0.58,20022.31;0
20000,0.58,20022.31;0
20000,0.58,20022.31;0
20000,0.58,20022.31;0
20000,0.58,20022.31;0
20000,0.58,20022.31;0
20000,0.58,20022.31;0
20000,0.58,20022.31;0
20000,0.58,20022.31;0
20000,0.58,20022.31;0
20000,0.58,20022.31;0
20000,0.58,20022.31;0
20000,0.58,20022.31;0
20000,0.58,20022.31;0
20000,0.58,20022.31;0
20000,0.58,20022.3;0
20000,0.58,20022.3;0
20000,0.58,20022.3;0
20000,0.58,20022.3;0
20000,0.58,20022.3;0
20000,0.58,20022.3;0
20000,0.58,20022.3;0
20000,0.58,20022.29;0
20000,0.58,20022.29;0
20000,0.58,20022.29;0
20000,0.58,20022.29;0
20000,0.58,20022.29;0
20000,0.58,20022.29;0
20000,0.58,20022.29;0
20000,0.58,20022.29;0
20000,0.58,20022.29;0
20000,0.58,20022.27;0
20000,0.58,20022.27;0
20000,0.58,20022.27;0
20000,0.58,20022.27;0
20000,0.58,20022.27;0
20000,0.58,20022.27;0
20000,0.58,20022.27;0
20000,0.58,20022.27;0
20000,0.58,20022.27;0
20000,0.58,20022.27;0
20000,0.58,20022.27;0
20000,0.58,20022.27;0
20000,0.58,20022.27;0
20000,0.58,20022.27;0
20000,0.58,20022.27;0
20000,0.58,20022.27;0
20000,0.58,20022.27;0
20000,0.58,20022.27;0
20000,0.58,20022.27;0
20000,0.58,20022.27;0
20000,0.58,20022.27;0
20000,0.58,20022.27;0
20000,0.58,20022.27;0
20000,0.58,20022.27;0
20000,0.58,20022.27;0
20000,0.58,20022.27;0
20000,0.58,20022.27;0
20000,0.58,20022.27;0
20000,0.58,20022.27;0
20000,0.58,20022.27;0
20000,0.58,20022.27;0
20000,0.58,20022.27;0
20000,0.58,20022.27;0
20000,0.58,20022.27;0
20000,0.58,20022.27;0
20000,0.58,20022.27;0
20000,0.58,20022.27;0
20000,0.58,20022.27;0
20000,0.58,20022.27;0
20000,0.58,20022.27;0
20000,0.58,20022.27;0
20000,0.58,20022.27;0
20000,0.58,20022.27;0
20000,0.58,20022.27;0
20000,0.58,20022.27;0
20000,0.58,20022.27;0
20000,0.58,20022.27;0
20000,0.58,20022.27;0
20000,0.58,20022.27;0
20000,0.58,20022.27;0
20000,0.58,20022.27;0
20000,0.58,20022.27;0
20000,0.58,20022.27;0
20000,0.58,20022.27;0
20000,0.58,20022.27;0
20000,0.58,20022.27;0
20000,0.58,20022.27;0
20000,0.58,20022.27;0
20000,0.58,20022.27;0
20000,0.58,20022.27;0
20000,0.58,20022.27;0
20000,0.58,20022.27;0
20000,0.58,20022.27;0
20000,0.58,20022.27;0
20000,0.58,20022.27;0
20000,0.58,20022.27;0
20000,0.58,20022.27;0
20000,0.58,20022.27;0
20000,0.58,20022.27;0
20000,0.58,20022.27;0
20000,0.58,20022.27;0
20000,0.58,20022.27;0
20000,0.58,20022.27;0
20000,0.58,20022.27;0
20000,0.58,20022.27;0
20000,0.58,20022.27;0
20000,0.58,20022.27;0
20000,0.58,20022.27;0
20000,0.58,20022.27;0
20000,0.58,20022.27;0
20000,0.58,20022.27;0
20000,0.58,20022.27;0
20000,0.58,20022.27;0
20000,0.58,20022.28;0
20000,0.58,20022.28;0
20000,0.58,20022.28;0
20000,0.58,20022.28;0
20000,0.58,20022.28;0
20000,0.58,20022.28;0
20000,0.58,20022.28;0
20000,0.58,20022.28;0
20000,0.58,20022.28;0
20000,0.58,20022.28;0
20000,0.58,20022.28;0
20000,0.58,20022.28;0
20000,0.58,20022.28;0
20000,0.58,20022.28;0
20000,0.58,20022.28;0
20000,0.58,20022.28;0
20000,0.58,20022.28;0
20000,0.58,20022.28;0
20000,0.58,20022.28;0
20000,0.58,20022.28;0
20000,0.58,20022.28;0
20000,0.58,20022.28;0
20000,0.58,20022.28;0
20000,0.58,20022.28;0
20000,0.58,20022.28;0
20000,0.58,20022.28;0
20000,0.58,20022.28;0
20000,0.58,20022.28;0
20000,0.58,20022.28;0
20000,0.58,20022.28;0
20000,0.58,20022.28;0
20000,0.58,20022.28;0
20000,0.58,20022.28;0
20000,0.58,20022.28;0
20000,0.58,20022.28;0
20000,0.58,20022.28;0
20000,0.58,20022.28;0
20000,0.58,20022.28;0
20000,0.58,20022.28;0
20000,0.58,20022.28;0
20000,0.58,20022.28;0
20000,0.58,20022.28;0
20000,0.58,20022.28;0
20000,0.58,20022.28;0
20000,0.58,20022.28;0
20000,0.58,20022.28;0
20000,0.58,20022.28;0
20000,0.58,20022.28;0
20000,0.58,20022.28;0
20000,0.58,20022.28;0
20000,0.58,20022.28;0
20000,0.58,20022.28;0
20000,0.58,20022.28;0
20000,0.58,20022.28;0
20000,0.58,20022.28;0
20000,0.58,20022.28;0
20000,0.58,20022.28;0
20000,0.58,20022.28;0
20000,0.58,20022.28;0
20000,0.58,20022.28;0
20000,0.58,20022.28;0
20000,0.58,20022.28;0
20000,0.58,20022.28;0
20000,0.58,20022.28;0
20000,0.58,20022.28;0
20000,0.58,20022.27;0
20000,0.58,20022.27;0
20000,0.58,20022.28;0
20000,0.58,20022.28;0
20000,0.58,20022.28;0
20000,0.58,20022.28;0
20000,0.58,20022.28;0
20000,0.58,20022.28;0
20000,0.58,20022.28;0
20000,0.58,20022.28;0
20000,0.58,20022.28;0
20000,0.58,20022.28;0
20000,0.58,20022.28;0
20000,0.58,20022.28;0
20000,0.58,20022.28;0
20000,0.58,20022.28;0
20000,0.58,20022.28;0
20000,0.58,20022.28;0
20000,0.58,20022.28;0
20000,0.58,20022.28;0
20000,0.58,20022.28;0
20000,0.58,20022.28;0
20000,0.58,20022.28;0
20000,0.58,20022.28;0
20000,0.58,20022.28;0
20000,0.58,20022.28;0
20000,0.58,20022.28;0
20000,0.58,20022.28;0
20000,0.58,20022.28;0
20000,0.58,20022.28;0
20000,0.58,20022.28;0
20000,0.58,20022.28;0
20000,0.58,20022.28;0
20000,0.58,20022.28;0
20000,0.58,20022.28;0
20000,0.58,20022.28;0
20000,0.58,20022.28;0
20000,0.58,20022.28;0
20000,0.58,20022.28;0
20000,0.58,20022.28;0
20000,0.58,20022.28;0
20000,0.58,20022.28;0
20000,0.58,20022.28;0
20000,0.58,20022.28;0
20000,0.58,20022.28;0
20000,0.58,20022.28;0
20000,0.58,20022.28;0
20000,0.58,20022.28;0
20000,0.58,20022.28;0
20000,0.58,20022.28;0
20000,0.58,20022.28;0
20000,0.58,20022.28;0
20000,0.58,20022.28;0
20000,0.58,20022.28;0
20000,0.58,20022.28;0
20000,0.58,20022.28;0
20000,0.58,20022.28;0
20000,0.58,20022.28;0
20000,0.58,20022.28;0
20000,0.58,20022.28;0
20000,0.58,20022.28;0
20000,0.58,20022.28;0
20000,0.58,20022.28;0
20000,0.58,20022.28;0
20000,0.58,20022.28;0
20000,0.58,20022.28;0
20000,0.58,20022.28;0
20000,0.58,20022.28;0
20000,0.58,20022.28;0
20000,0.58,20022.28;0
20000,0.58,20022.28;0
20000,0.58,20022.28;0
20000,0.58,20022.28;0
20000,0.58,20022.28;0
20000,0.58,20022.28;0
20000,0.58,20022.28;0
20000,0.58,20022.28;0
20000,0.58,20022.28;0
20000,0.58,20022.28;0
20000,0.58,20022.28;0
20000,0.58,20022.27;0
20000,0.58,20022.27;0
20000,0.58,20022.27;0
20000,0.58,20022.27;0
20000,0.58,20022.27;0
20000,0.58,20022.27;0
20000,0.58,20022.27;0
20000,0.58,20022.27;0
20000,0.58,20022.27;0
20000,0.58,20022.27;0
20000,0.58,20022.27;0
20000,0.58,20022.27;0
20000,0.58,20022.27;0
20000,0.58,20022.27;0
20000,0.58,20022.27;0
20000,0.58,20022.27;0
20000,0.58,20022.27;0
20000,0.58,20022.27;0
20000,0.58,20022.27;0
20000,0.58,20022.27;0
20000,0.58,20022.27;0
20000,0.58,20022.27;0
20000,0.58,20022.27;0
20000,0.58,20022.27;0
20000,0.58,20022.27;0
20000,0.58,20022.27;0
20000,0.58,20022.27;0
20000,0.58,20022.27;0
20000,0.58,20022.27;0
20000,0.58,20022.27;0
20000,0.58,20022.27;0
20000,0.58,20022.27;0
20000,0.58,20022.27;0
20000,0.58,20022.27;0
20000,0.58,20022.27;0
20000,0.58,20022.27;0
20000,0.58,20022.27;0
20000,0.58,20022.27;0
20000,0.58,20022.27;0
20000,0.58,20022.27;0
20000,0.58,20022.27;0
20000,0.58,20022.27;0
20000,0.58,20022.27;0
20000,0.58,20022.27;0
20000,0.58,20022.27;0
20000,0.58,20022.27;0
20000,0.58,20022.27;0
20000,0.58,20022.27;0
20000,0.58,20022.27;0
20000,0.58,20022.27;0
20000,0.58,20022.27;0
20000,0.58,20022.27;0
20000,0.58,20022.27;0
20000,0.58,20022.27;0
20000,0.58,20022.27;0
20000,0.58,20022.27;0
20000,0.58,20022.27;0
20000,0.58,20022.27;0
20000,0.58,20022.27;0
20000,0.58,20022.27;0
20000,0.58,20022.27;0
20000,0.58,20022.27;0
20000,0.58,20022.27;0
20000,0.58,20022.27;0
20000,0.58,20022.27;0
20000,0.58,20022.27;0
20000,0.58,20022.27;0
20000,0.58,20022.27;0
20000,0.58,20022.27;0
20000,0.58,20022.27;0
20000,0.58,20022.27;0
20000,0.58,20022.27;0
20000,0.58,20022.27;0
20000,0.58,20022.27;0
20000,0.58,20022.27;0
20000,0.58,20022.27;0
20000,0.58,20022.27;0
20000,0.58,20022.27;0
20000,0.58,20022.27;0
20000,0.58,20022.27;0
20000,0.58,20022.27;0
20000,0.58,20022.27;0
20000,0.58,20022.27;0
20000,0.58,20022.27;0
20000,0.58,20022.27;0
20000,0.58,20022.27;0
20000,0.58,20022.27;0
20000,0.58,20022.27;0
20000,0.58,20022.27;0
20000,0.58,20022.27;0
20000,0.58,20022.27;0
20000,0.58,20022.27;0
20000,0.58,20022.27;0
20000,0.58,20022.27;0
20000,0.58,20022.27;0
20000,0.58,20022.27;0
20000,0.58,20022.27;0
20000,0.58,20022.27;0
20000,0.58,20022.27;0
20000,0.58,20022.27;0
20000,0.58,20022.27;0
20000,0.58,20022.27;0
20000,0.58,20022.27;0
20000,0.58,20022.27;0
20000,0.58,20022.27;0
20000,0.58,20022.27;0
20000,0.58,20022.27;0
20000,0.58,20022.27;0
20000,0.58,20022.27;0
20000,0.58,20022.27;0
20000,0.58,20022.27;0
20000,0.58,20022.27;0
20000,0.58,20022.27;0
20000,0.58,20022.27;0
20000,0.58,20022.27;0
20000,0.58,20022.27;0
20000,0.58,20022.27;0
20000,0.58,20022.27;0
20000,0.58,20022.27;0
20000,0.58,20022.27;0
20000,0.58,20022.27;0
20000,0.58,20022.27;0
20000,0.58,20022.27;0
20000,0.58,20022.27;0
20000,0.58,20022.27;0
20000,0.58,20022.27;0
20000,0.58,20022.27;0
20000,0.58,20022.27;0
20000,0.58,20022.27;0
20000,0.58,20022.27;0
20000,0.58,20022.27;0
20000,0.58,20022.27;0
20000,0.58,20022.27;0
20000,0.58,20022.27;0
20000,0.58,20022.27;0
20000,0.58,20022.27;0
20000,0.58,20022.27;0
20000,0.58,20022.27;0
20000,0.58,20022.27;0
20000,0.58,20022.27;0
20000,0.58,20022.27;0
20000,0.58,20022.27;0
20000,0.58,20022.27;0
20000,0.58,20022.27;0
20000,0.58,20022.27;0
20000,0.58,20022.27;0
20000,0.58,20022.27;0
20000,0.58,20022.27;0
20000,0.58,20022.27;0
20000,0.58,20022.27;0
20000,0.58,20022.27;0
20000,0.58,20022.27;0
20000,0.58,20022.27;0
20000,0.58,20022.27;0
20000,0.58,20022.27;0
20000,0.58,20022.27;0
20000,0.58,20022.27;0
20000,0.58,20022.27;0
20000,0.58,20022.27;0
20000,0.58,20022.27;0
20000,0.58,20022.27;0
20000,0.58,20022.27;0
20000,0.58,20022.27;0
20000,0.58,20022.27;0
20000,0.58,20022.27;0
20000,0.58,20022.27;0
20000,0.58,20022.27;0
20000,0.58,20022.27;0
20000,0.58,20022.27;0
20000,0.58,20022.27;0
20000,0.58,20022.27;0
20000,0.58,20022.27;0
20000,0.58,20022.27;0
20000,0.58,20022.27;0
20000,0.58,20022.27;0
20000,0.58,20022.27;0
20000,0.58,20022.27;0
20000,0.58,20022.27;0
20000,0.58,20022.27;0
20000,0.58,20022.27;0
20000,0.58,20022.27;0
20000,0.58,20022.27;0
20000,0.58,20022.27;0
20000,0.58,20022.27;0
20000,0.58,20022.27;0
20000,0.58,20022.27;0
20000,0.58,20022.27;0
20000,0.58,20022.27;0
20000,0.58,20022.27;0
20000,0.58,20022.27;0
20000,0.58,20022.27;0
20000,0.58,20022.27;0
20000,0.58,20022.27;0
20000,0.58,20022.27;0
20000,0.58,20022.27;0
20000,0.58,20022.27;0
20000,0.58,20022.27;0
20000,0.58,20022.27;0
20000,0.58,20022.27;0
20000,0.58,20022.27;0
20000,0.58,20022.27;0
20000,0.58,20022.27;0
20000,0.58,20022.27;0
20000,0.58,20022.27;0
20000,0.58,20022.27;0
20000,0.58,20022.27;0
20000,0.58,20022.29;0
20000,0.58,20022.31;0
20000,0.58,20022.31;0
20000,0.58,20022.31;0
20000,0.58,20022.33;0
20000,0.58,20022.33;0
20000,0.58,20022.33;0
20000,0.58,20022.33;0
20000,0.58,20022.33;0
20000,0.58,20022.33;0
20000,0.58,20022.33;0
20000,0.58,20022.33;0
20000,0.58,20022.33;0
20000,0.58,20022.33;0
20000,0.58,20022.33;0
20000,0.58,20022.33;0
20000,0.58,20022.33;0
20000,0.58,20022.33;0
20000,0.58,20022.33;0
20000,0.58,20022.33;0
20000,0.58,20022.33;0
20000,0.58,20022.33;0
20000,0.58,20022.33;0
20000,0.58,20022.33;0
20000,0.58,20022.33;0
20000,0.58,20022.33;0
20000,0.58,20022.33;0
20000,0.58,20022.33;0
20000,0.58,20022.33;0
20000,0.58,20022.33;0
20000,0.58,20022.33;0
20000,0.58,20022.33;0
20000,0.58,20022.33;0
20000,0.58,20022.33;0
20000,0.58,20022.33;0
20000,0.58,20022.33;0
20000,0.58,20022.33;0
20000,0.58,20022.33;0
20000,0.58,20022.33;0
20000,0.58,20022.33;0
20000,0.58,20022.33;0
20000,0.58,20022.33;0
20000,0.58,20022.33;0
20000,0.58,20022.33;0
20000,0.58,20022.33;0
20000,0.58,20022.33;0
20000,0.58,20022.33;0
20000,0.58,20022.33;0
20000,0.58,20022.33;0
20000,0.58,20022.33;0
20000,0.58,20022.33;0
20000,0.58,20022.33;0
20000,0.58,20022.33;0
20000,0.58,20022.33;0
20000,0.58,20022.33;0
20000,0.58,20022.33;0
20000,0.58,20022.33;0
20000,0.58,20022.33;0
20000,0.58,20022.33;0
20000,0.58,20022.33;0
20000,0.58,20022.33;0
20000,0.58,20022.33;0
20000,0.58,20022.33;0
20000,0.58,20022.33;0
20000,0.58,20022.33;0
20000,0.58,20022.33;0
20000,0.58,20022.33;0
20000,0.58,20022.33;0
20000,0.58,20022.33;0
20000,0.58,20022.33;0
20000,0.58,20022.33;0
20000,0.58,20022.33;0
20000,0.58,20022.33;0
20000,0.58,20022.33;0
20000,0.58,20022.33;0
20000,0.58,20022.33;0
20000,0.58,20022.33;0
20000,0.58,20022.33;0
20000,0.58,20022.33;0
20000,0.58,20022.33;0
20000,0.58,20022.33;0
20000,0.58,20022.33;0
20000,0.58,20022.33;0
20000,0.58,20022.33;0
20000,0.58,20022.33;0
20000,0.58,20022.33;0
20000,0.58,20022.33;0
20000,0.58,20022.33;0
20000,0.58,20022.33;0
20000,0.58,20022.32;0
20000,0.58,20022.32;0
20000,0.58,20022.32;0
20000,0.58,20022.35;0
20000,0.58,20022.35;0
20000,0.58,20022.35;0
20000,0.58,20022.35;0
20000,0.58,20022.35;0
20000,0.58,20022.47;0
20000,0.58,20022.6;0
20000,0.58,20022.73;0
20000,0.58,20022.85;0
20000,0.58,20022.85;0
20000,0.58,20022.98;0
20000,0.58,20023.11;0
20000,0.58,20023.23;0
20000,0.58,20023.36;0
20000,0.58,20023.49;0
20000,0.58,20023.49;0
20000,0.58,20023.62;0
20000,0.58,20023.74;0
20000,0.58,20023.87;0
20000,0.58,20024;0
20000,0.58,20024;0
20000,0.58,20024.12;0
20000,0.58,20024.25;0
20000,0.58,20024.38;0
20000,0.58,20024.38;0
20000,0.58,20024.51;0
20000,0.58,20024.51;0
20000,0.58,20024.51;0
20000,0.58,20024.63;0
20000,0.58,20024.76;0
20000,0.58,20024.89;0
20000,0.58,20025.01;0
20000,0.58,20025.01;0
20000,0.58,20025.14;0
20000,0.58,20025.14;0
20000,0.58,20025.14;0
20000,0.58,20025.14;0
20000,0.58,20025.27;0
20000,0.58,20025.27;0
20000,0.58,20025.27;0
20000,0.58,20025.27;0
20000,0.58,20025.27;0
20000,0.58,20025.27;0
20000,0.58,20025.27;0
20000,0.58,20025.27;0
20000,0.58,20025.27;0
20000,0.58,20025.27;0
20000,0.58,20025.27;0
20000,0.58,20025.27;0
20000,0.58,20025.27;0
20000,0.58,20025.27;0
20000,0.58,20025.27;0
20000,0.58,20025.27;0
20000,0.58,20025.27;0
20000,0.58,20025.27;0
20000,0.58,20025.27;0
20000,0.58,20025.27;0
20000,0.58,20025.27;0
20000,0.58,20025.27;0
20000,0.58,20025.27;0
20000,0.58,20025.27;0
20000,0.58,20025.27;0
20000,0.58,20025.27;0
20000,0.58,20025.27;0
20000,0.58,20025.27;0
20000,0.58,20025.27;0
20000,0.58,20025.27;0
20000,0.58,20025.27;0
20000,0.58,20025.27;0
20000,0.58,20025.27;0
20000,0.58,20025.27;0
20000,0.58,20025.27;0
20000,0.58,20025.27;0
20000,0.58,20025.27;0
20000,0.58,20025.27;0
20000,0.58,20025.27;0
20000,0.58,20025.27;0
20000,0.58,20025.27;0
20000,0.58,20025.27;0
20000,0.58,20025.27;0
20000,0.58,20025.27;0
20000,0.58,20025.27;0
20000,0.58,20025.27;0
20000,0.58,20025.27;0
20000,0.58,20025.27;0
20000,0.58,20025.27;0
20000,0.58,20025.27;0
20000,0.58,20025.27;0
20000,0.58,20025.27;0
20000,0.58,20025.27;0
20000,0.58,20025.27;0
20000,0.58,20025.27;0
20000,0.58,20025.27;0
20000,0.58,20025.27;0
20000,0.58,20025.27;0
20000,0.58,20025.27;0
20000,0.58,20025.27;0
20000,0.58,20025.27;0
20000,0.58,20025.27;0
20000,0.58,20025.27;0
20000,0.58,20025.27;0
20000,0.58,20025.39;0
20000,0.58,20025.52;0
20000,0.58,20025.52;0
20000,0.58,20025.65;0
20000,0.58,20025.78;0
20000,0.58,20025.9;0
20000,0.58,20026.03;0
20000,0.58,20026.03;0
20000,0.58,20026.16;0
20000,0.58,20026.28;0
20000,0.58,20026.41;0
20000,0.58,20026.54;0
20000,0.58,20026.66;0
20000,0.58,20026.66;0
20000,0.58,20026.79;0
20000,0.58,20026.92;0
20000,0.58,20027.04;0
20000,0.58,20027.17;0
20000,0.58,20027.3;0
20000,0.58,20027.3;0
20000,0.58,20027.43;0
20000,0.58,20027.55;0
20000,0.58,20027.68;0
20000,0.58,20027.81;0
20000,0.58,20027.81;0
20000,0.58,20027.93;0
20000,0.58,20028.06;0
20000,0.58,20028.19;0
20000,0.58,20028.31;0
20000,0.58,20028.44;0
20000,0.58,20028.44;0
20000,0.58,20028.57;0
20000,0.58,20028.7;0
20000,0.58,20028.82;0
20000,0.58,20028.95;0
20000,0.58,20029.08;0
20000,0.58,20029.08;0
20000,0.58,20029.2;0
20000,0.58,20029.33;0
20000,0.58,20029.46;0
20000,0.58,20029.59;0
20000,0.58,20029.71;0
20000,0.58,20029.71;0
20000,0.58,20029.84;0
20000,0.58,20029.84;0
20000,0.58,20029.97;0
20000,0.58,20029.97;0
20000,0.58,20029.97;0
20000,0.58,20029.97;0
20000,0.58,20029.97;0
20000,0.58,20029.97;0
20000,0.58,20029.97;0
20000,0.58,20029.97;0
20000,0.58,20029.97;0
20000,0.58,20029.97;0
20000,0.58,20029.97;0
20000,0.58,20029.97;0
20000,0.58,20029.97;0
20000,0.58,20029.97;0
20000,0.58,20029.97;0
20000,0.58,20029.97;0
20000,0.58,20029.97;0
20000,0.58,20029.97;0
20000,0.58,20029.97;0
20000,0.58,20029.97;0
20000,0.58,20029.97;0
20000,0.58,20029.97;0
20000,0.58,20029.97;0
20000,0.58,20029.97;0
20000,0.58,20029.97;0
20000,0.58,20029.97;0
20000,0.58,20029.97;0
20000,0.58,20029.97;0
20000,0.58,20029.97;0
20000,0.58,20029.97;0
20000,0.58,20029.97;0
20000,0.58,20029.97;0
20000,0.58,20029.97;0
20000,0.58,20029.97;0
20000,0.58,20029.97;0
20000,0.58,20029.97;0
20000,0.58,20029.97;0
20000,0.58,20029.97;0
20000,0.58,20029.97;0
20000,0.58,20029.97;0
20000,0.58,20029.97;0
20000,0.58,20029.97;0
20000,0.58,20029.97;0
20000,0.58,20029.97;0
20000,0.58,20029.97;0
20000,0.58,20029.97;0
20000,0.58,20029.97;0
20000,0.58,20029.97;0
20000,0.58,20029.97;0
20000,0.58,20029.97;0
20000,0.58,20029.97;0
20000,0.58,20029.97;0
20000,0.58,20029.97;0
20000,0.58,20029.97;0
20000,0.58,20029.97;0
20000,0.58,20029.97;0
20000,0.58,20030.09;0
20000,0.58,20030.09;0
20000,0.58,20030.09;0
20000,0.58,20030.09;0
20000,0.58,20030.09;0
20000,0.58,20030.09;0
20000,0.58,20030.09;0
20000,0.58,20030.09;0
20000,0.58,20030.09;0
20000,0.58,20030.09;0
20000,0.58,20030.09;0
20000,0.58,20030.09;0
20000,0.58,20030.22;0
20000,0.58,20030.35;0
20000,0.58,20030.47;0
20000,0.58,20030.6;0
20000,0.58,20030.6;0
20000,0.58,20030.73;0
20000,0.58,20030.86;0
20000,0.58,20030.98;0
20000,0.58,20031.11;0
20000,0.58,20031.24;0
20000,0.58,20031.24;0
20000,0.58,20031.36;0
20000,0.58,20031.36;0
20000,0.58,20031.49;0
20000,0.58,20031.62;0
20000,0.58,20031.74;0
20000,0.58,20031.74;0
20000,0.58,20031.87;0
20000,0.58,20032;0
20000,0.58,20032.13;0
20000,0.58,20032.25;0
20000,0.58,20032.38;0
20000,0.58,20032.38;0
20000,0.58,20032.51;0
20000,0.58,20032.63;0
20000,0.58,20032.76;0
20000,0.58,20032.89;0
20000,0.58,20032.89;0
20000,0.58,20033.01;0
20000,0.58,20033.14;0
20000,0.58,20033.27;0
20000,0.58,20033.39;0
20000,0.58,20033.52;0
20000,0.58,20033.52;0
20000,0.58,20033.65;0
20000,0.58,20033.78;0
20000,0.58,20033.9;0
20000,0.58,20034.03;0
20000,0.58,20034.16;0
20000,0.58,20034.16;0
20000,0.58,20034.28;0
20000,0.58,20034.41;0
20000,0.58,20034.54;0
20000,0.58,20034.66;0
20000,0.58,20034.79;0
20000,0.58,20034.79;0
20000,0.58,20034.92;0
20000,0.58,20035.05;0
20000,0.58,20035.17;0
20000,0.58,20035.3;0
20000,0.58,20035.3;0
20000,0.58,20035.43;0
20000,0.58,20035.43;0
20000,0.58,20035.43;0
20000,0.58,20035.43;0
20000,0.58,20035.55;0
20000,0.58,20035.55;0
20000,0.58,20035.55;0
20000,0.58,20035.55;0
20000,0.58,20035.55;0
20000,0.58,20035.55;0
20000,0.58,20035.55;0
20000,0.58,20035.55;0
20000,0.58,20035.55;0
20000,0.58,20035.55;0
20000,0.58,20035.55;0
20000,0.58,20035.55;0
20000,0.58,20035.55;0
20000,0.58,20035.55;0
20000,0.58,20035.55;0
20000,0.58,20035.55;0
20000,0.58,20035.55;0
20000,0.58,20035.55;0
20000,0.58,20035.55;0
20000,0.58,20035.55;0
20000,0.58,20035.55;0
20000,0.58,20035.55;0
20000,0.58,20035.55;0
20000,0.58,20035.55;0
20000,0.58,20035.55;0
20000,0.58,20035.55;0
20000,0.58,20035.55;0
20000,0.58,20035.55;0
20000,0.58,20035.55;0
20000,0.58,20035.55;0
20000,0.58,20035.55;0
20000,0.58,20035.55;0
20000,0.58,20035.55;0
20000,0.58,20035.55;0
20000,0.58,20035.55;0
20000,0.58,20035.55;0
20000,0.58,20035.55;0
20000,0.58,20035.55;0
20000,0.58,20035.55;0
20000,0.58,20035.55;0
20000,0.58,20035.55;0
20000,0.58,20035.55;0
20000,0.58,20035.55;0
20000,0.58,20035.55;0
20000,0.58,20035.55;0
20000,0.58,20035.55;0
20000,0.58,20035.55;0
20000,0.58,20035.55;0
20000,0.58,20035.55;0
20000,0.58,20035.55;0
20000,0.58,20035.55;0
20000,0.58,20035.55;0
20000,0.58,20035.55;0
20000,0.58,20035.55;0
20000,0.58,20035.55;0
20000,0.58,20035.55;0
20000,0.58,20035.55;0
20000,0.58,20035.55;0
20000,0.58,20035.55;0
20000,0.58,20035.55;0
20000,0.58,20035.55;0
20000,0.58,20035.55;0
20000,0.58,20035.55;0
20000,0.58,20035.55;0
20000,0.58,20035.55;0
20000,0.58,20035.55;0
20000,0.58,20035.55;0
20000,0.58,20035.55;0
20000,0.58,20035.55;0
20000,0.58,20035.55;0
20000,0.58,20035.55;0
20000,0.58,20035.68;0
20000,0.58,20035.81;0
20000,0.58,20035.81;0
20000,0.58,20035.94;0
20000,0.58,20036.06;0
20000,0.58,20036.06;0
20000,0.58,20036.19;0
20000,0.58,20036.32;0
20000,0.58,20036.44;0
20000,0.58,20036.44;0
20000,0.58,20036.57;0
20000,0.58,20036.7;0
20000,0.58,20036.82;0
20000,0.58,20036.95;0
20000,0.58,20037.08;0
20000,0.58,20037.08;0
20000,0.58,20037.21;0
20000,0.58,20037.33;0
20000,0.58,20037.46;0
20000,0.58,20037.59;0
20000,0.58,20037.59;0
20000,0.58,20037.71;0
20000,0.58,20037.84;0
20000,0.58,20037.97;0
20000,0.58,20038.09;0
20000,0.58,20038.22;0
20000,0.58,20038.22;0
20000,0.58,20038.35;0
20000,0.58,20038.47;0
20000,0.58,20038.6;0
20000,0.58,20038.73;0
20000,0.58,20038.86;0
20000,0.58,20038.86;0
20000,0.58,20038.98;0
20000,0.58,20039.11;0
20000,0.58,20039.24;0
20000,0.58,20039.36;0
20000,0.58,20039.49;0
20000,0.58,20039.49;0
20000,0.58,20039.62;0
20000,0.58,20039.74;0
20000,0.58,20039.87;0
20000,0.58,20040;0
20000,0.58,20040.13;0
20000,0.58,20040.13;0
20000,0.58,20040.25;0
20000,0.58,20040.38;0
20000,0.58,20040.51;0
20000,0.58,20040.63;0
20000,0.58,20040.63;0
20000,0.58,20040.63;0
20000,0.58,20040.76;0
20000,0.58,20040.76;0
20000,0.58,20040.76;0
20000,0.58,20040.76;0
20000,0.58,20040.76;0
20000,0.58,20040.76;0
20000,0.58,20040.76;0
20000,0.58,20040.76;0
20000,0.58,20040.76;0
20000,0.58,20040.76;0
20000,0.58,20040.76;0
20000,0.58,20040.76;0
20000,0.58,20040.76;0
20000,0.58,20040.76;0
20000,0.58,20040.76;0
20000,0.58,20040.76;0
20000,0.58,20040.76;0
20000,0.58,20040.76;0
20000,0.58,20040.76;0
20000,0.58,20040.76;0
20000,0.58,20040.76;0
20000,0.58,20040.76;0
20000,0.58,20040.76;0
20000,0.58,20040.76;0
20000,0.58,20040.76;0
20000,0.58,20040.76;0
20000,0.58,20040.76;0
20000,0.58,20040.76;0
20000,0.58,20040.76;0
20000,0.58,20040.76;0
20000,0.58,20040.76;0
20000,0.58,20040.76;0
20000,0.58,20040.76;0
20000,0.58,20040.76;0
20000,0.58,20040.76;0
20000,0.58,20040.76;0
20000,0.58,20040.76;0
20000,0.58,20040.76;0
20000,0.58,20040.76;0
20000,0.58,20040.76;0
20000,0.58,20040.76;0
20000,0.58,20040.76;0
20000,0.58,20040.76;0
20000,0.58,20040.76;0
20000,0.58,20040.76;0
20000,0.58,20040.76;0
20000,0.58,20040.76;0
20000,0.58,20040.76;0
20000,0.58,20040.76;0
20000,0.58,20040.76;0
20000,0.58,20040.76;0
20000,0.58,20040.76;0
20000,0.58,20040.76;0
20000,0.58,20040.76;0
20000,0.58,20040.76;0
20000,0.58,20040.76;0
20000,0.58,20040.76;0
20000,0.58,20040.76;0
20000,0.58,20040.76;0
20000,0.58,20040.76;0
20000,0.58,20040.76;0
20000,0.58,20040.76;0
20000,0.58,20040.76;0
20000,0.58,20040.76;0
20000,0.58,20040.76;0
20000,0.58,20040.76;0
20000,0.58,20040.76;0
20000,0.58,20040.76;0
20000,0.58,20040.76;0
20000,0.58,20040.76;0
20000,0.58,20040.76;0
20000,0.58,20040.76;0
20000,0.58,20040.76;0
20000,0.58,20040.76;0
20000,0.58,20040.76;0
20000,0.58,20040.76;0
20000,0.58,20040.76;0
20000,0.58,20040.76;0
20000,0.58,20040.76;0
20000,0.58,20040.76;0
20000,0.58,20040.89;0
20000,0.58,20041.02;0
20000,0.58,20041.02;0
20000,0.58,20041.14;0
20000,0.58,20041.27;0
20000,0.58,20041.4;0
20000,0.58,20041.52;0
20000,0.58,20041.65;0
20000,0.58,20041.65;0
20000,0.58,20041.78;0
20000,0.58,20041.9;0
20000,0.58,20042.03;0
20000,0.58,20042.16;0
20000,0.58,20042.29;0
20000,0.58,20042.29;0
20000,0.58,20042.41;0
20000,0.58,20042.54;0
20000,0.58,20042.67;0
20000,0.58,20042.79;0
20000,0.58,20042.79;0
20000,0.58,20042.92;0
20000,0.58,20043.05;0
20000,0.58,20043.17;0
20000,0.58,20043.3;0
20000,0.58,20043.3;0
20000,0.58,20043.43;0
20000,0.58,20043.55;0
20000,0.58,20043.68;0
20000,0.58,20043.81;0
20000,0.58,20043.94;0
20000,0.58,20043.94;0
20000,0.58,20044.06;0
20000,0.58,20044.19;0
20000,0.58,20044.32;0
20000,0.58,20044.44;0
20000,0.58,20044.57;0
20000,0.58,20044.57;0
20000,0.58,20044.7;0
20000,0.58,20044.82;0
20000,0.58,20044.95;0
20000,0.58,20045.08;0
20000,0.58,20045.21;0
20000,0.58,20045.33;0
20000,0.58,20045.33;0
20000,0.58,20045.46;0
20000,0.58,20045.59;0
20000,0.58,20045.71;0
20000,0.58,20045.84;0
20000,0.58,20045.84;0
20000,0.58,20045.97;0
20000,0.58,20046.1;0
20000,0.58,20046.22;0
20000,0.58,20046.35;0
20000,0.58,20046.35;0
20000,0.58,20046.48;0
20000,0.58,20046.48;0
20000,0.58,20046.6;0
20000,0.58,20046.73;0
20000,0.58,20046.86;0
20000,0.58,20046.98;0
20000,0.58,20047.11;0
20000,0.58,20047.11;0
20000,0.58,20047.24;0
20000,0.58,20047.37;0
20000,0.58,20047.37;0
20000,0.58,20047.49;0
