20000,0.58,19982;14.00003
20000,0.58,19982;14.22921
20000,0.58,19982;14.51569
20000,0.58,19982.02;14.82127
20000.01,0.58,19982.03;15.1364
20000.01,0.58,19982.04;15.4458
20000.01,0.58,19982.05;15.77811
20000.02,0.58,19982.06;16.11043
20000.02,0.58,19982.07;16.46566
20000.02,0.58,19982.08;16.82089
20000.03,0.58,19982.09;17.19904
20000.03,0.58,19982.1;17.58865
20000.03,0.58,19982.11;17.97825
20000.04,0.58,19982.12;18.33349
20000.04,0.58,19982.13;18.67726
20000.04,0.58,19982.14;19.00957
20000.05,0.58,19982.16;19.31897
20000.05,0.58,19982.18;19.61691
20000.06,0.58,19982.2;19.93777
20000.07,0.58,19982.22;20.23571
20000.08,0.58,19982.24;20.52218
20000.08,0.58,19982.26;20.76283
20000.09,0.58,19982.28;21.00346
20000.1,0.58,19982.3;21.23264
20000.11,0.58,19982.32;21.50766
20000.12,0.58,19982.34;21.78268
20000.13,0.58,19982.36;22.12646
20000.13,0.58,19982.37;22.48169
20000.13,0.58,19982.38;22.814
20000.14,0.58,19982.39;23.11194
20000.14,0.58,19982.4;23.39843
20000.15,0.58,19982.41;23.63906
20000.15,0.58,19982.42;23.89117
20000.16,0.58,19982.43;24.15473
20000.16,0.58,19982.44;24.40684
20000.17,0.58,19982.45;24.65894
20000.17,0.58,19982.46;24.93397
20000.17,0.58,19982.47;25.1746
20000.18,0.58,19982.48;25.39232
20000.18,0.58,19982.49;25.6215
20000.19,0.58,19982.49;25.86214
20000.19,0.58,19982.5;26.09132
20000.19,0.58,19982.51;26.30904
20000.19,0.58,19982.51;26.54967
20000.2,0.58,19982.52;26.79031
20000.2,0.58,19982.52;27.00804
20000.2,0.58,19982.53;27.22575
20000.21,0.58,19982.53;27.47786
20000.21,0.58,19982.54;27.69558
20000.21,0.58,19982.54;27.87893
20000.21,0.58,19982.54;28.05081
20000.21,0.58,19982.55;28.21124
20000.21,0.58,19982.55;28.32583
20000.21,0.58,19982.55;28.45189
20000.21,0.58,19982.55;28.5894
20000.21,0.58,19982.55;28.73837
20000.21,0.58,19982.55;28.87588
20000.21,0.58,19982.55;28.99047
20000.21,0.58,19982.55;29.10507
20000.21,0.58,19982.55;29.21967
20000.22,0.58,19982.55;29.31134
20000.22,0.58,19982.55;29.39155
20000.22,0.58,19982.56;29.49469
20000.22,0.58,19982.56;29.5749
20000.22,0.58,19982.56;29.64365
20000.22,0.58,19982.56;29.70094
20000.22,0.58,19982.56;29.76969
20000.22,0.58,19982.56;29.81553
20000.22,0.58,19982.56;29.84991
20000.22,0.58,19982.56;29.87282
20000.22,0.58,19982.56;29.89574
20000.22,0.58,19982.56;29.89574
20000.22,0.58,19982.56;29.89574
20000.22,0.58,19982.56;29.89574
20000.22,0.58,19982.56;29.89574
20000.22,0.58,19982.56;29.89574
20000.22,0.58,19982.56;29.89574
20000.22,0.58,19982.56;29.89574
20000.22,0.58,19982.56;29.89574
20000.22,0.58,19982.56;29.89574
20000.22,0.58,19982.56;29.89574
20000.22,0.58,19982.56;29.87282
20000.22,0.58,19982.56;29.81553
20000.22,0.58,19982.56;29.74678
20000.22,0.58,19982.56;29.64365
20000.22,0.58,19982.56;29.50613
20000.22,0.58,19982.56;29.39154
20000.22,0.58,19982.56;29.2884
20000.22,0.58,19982.56;29.16235
20000.22,0.58,19982.56;29.0363
20000.22,0.58,19982.56;28.91024
20000.22,0.58,19982.56;28.74982
20000.22,0.58,19982.56;28.58939
20000.22,0.58,19982.56;28.4175
20000.22,0.58,19982.56;28.24561
20000.22,0.58,19982.56;28.06227
20000.22,0.58,19982.56;27.86746
20000.22,0.58,19982.56;27.63828
20000.22,0.58,19982.56;27.42056
20000.22,0.58,19982.56;27.20284
20000.22,0.58,19982.56;26.98512
20000.22,0.58,19982.56;26.75594
20000.22,0.58,19982.56;26.53822
20000.22,0.58,19982.56;26.30904
20000.22,0.58,19982.56;26.05694
20000.22,0.58,19982.56;25.79338
20000.22,0.58,19982.56;25.52981
20000.22,0.58,19982.56;25.25479
20000.22,0.58,19982.56;24.96831
20000.22,0.58,19982.56;24.65891
20000.22,0.58,19982.56;24.33805
20000.22,0.58,19982.56;24.00574
20000.22,0.58,19982.56;23.67342
20000.22,0.58,19982.56;23.31819
20000.22,0.58,19982.56;22.98588
20000.22,0.58,19982.56;22.6421
20000.22,0.58,19982.56;22.28687
20000.22,0.58,19982.56;21.92018
20000.22,0.58,19982.56;21.55349
20000.22,0.58,19982.56;21.17534
20000.22,0.58,19982.56;20.80865
20000.22,0.58,19982.56;20.46488
20000.22,0.58,19982.56;20.12111
20000.22,0.58,19982.56;19.78879
20000.22,0.58,19982.56;19.44502
20000.22,0.58,19982.56;19.10124
20000.22,0.58,19982.56;18.74601
20000.22,0.58,19982.56;18.36786
20000.22,0.58,19982.56;17.96679
20000.22,0.58,19982.56;17.56573
20000.22,0.58,19982.56;17.16467
20000.22,0.58,19982.56;16.72922
20000.22,0.58,19982.56;16.31668
20000.22,0.58,19982.56;15.91562
20000.22,0.58,19982.56;15.50309
20000.22,0.58,19982.56;15.05618
20000.22,0.58,19982.56;14.64364
20000.22,0.58,19982.56;14.20819
20000.22,0.58,19982.56;13.77274
20000.22,0.58,19982.56;13.34874
20000.22,0.58,19982.56;12.94768
20000.22,0.58,19982.56;12.53514
20000.22,0.58,19982.56;12.11115
20000.22,0.58,19982.56;11.69862
20000.22,0.58,19982.56;11.28608
20000.22,0.58,19982.56;10.87355
20000.22,0.58,19982.56;10.46101
20000.22,0.58,19982.56;10.08286
20000.22,0.58,19982.56;9.67033
20000.22,0.58,19982.56;9.257794
20000.22,0.58,19982.56;8.822344
20000.22,0.58,19982.56;8.375434
20000.22,0.58,19982.56;7.90561
20000.22,0.58,19982.56;7.447241
20000.22,0.58,19982.56;6.965957
20000.22,0.58,19982.56;6.507589
20000.22,0.58,19982.56;6.049221
20000.22,0.58,19982.56;5.590854
20000.22,0.58,19982.56;5.143944
20000.22,0.58,19982.56;4.719952
20000.22,0.58,19982.56;4.284501
20000.22,0.58,19982.56;3.849049
20000.22,0.58,19982.56;3.40214
20000.22,0.58,19982.56;2.95523
20000.22,0.58,19982.56;2.519779
20000.22,0.58,19982.56;2.095786
20000.22,0.58,19982.56;1.671793
20000.22,0.58,19982.56;1.282186
20000.22,0.58,19982.56;0.8925794
20000.22,0.58,19982.56;0.4800449
20000.22,0.58,19982.56;0.06751037
20000.22,0.58,19982.56;359.6894
20000.22,0.58,19982.56;359.3112
20000.22,0.58,19982.56;358.9789
20000.22,0.58,19982.56;358.6695
20000.22,0.58,19982.56;358.383
20000.22,0.58,19982.56;358.0736
20000.22,0.58,19982.56;357.7642
20000.22,0.58,19982.56;357.4204
20000.22,0.58,19982.56;357.0767
20000.22,0.58,19982.56;356.7214
20000.22,0.58,19982.56;356.3891
20000.22,0.58,19982.56;356.0683
20000.22,0.58,19982.56;355.7589
20000.22,0.58,19982.56;355.4724
20000.22,0.58,19982.56;355.1859
20000.22,0.58,19982.56;354.8994
20000.22,0.58,19982.56;354.6129
20000.22,0.58,19982.56;354.3265
20000.22,0.58,19982.56;354.0515
20000.22,0.58,19982.55;353.7993
20000.22,0.58,19982.55;353.5587
20000.22,0.58,19982.55;353.3181
20000.22,0.58,19982.55;353.0889
20000.22,0.58,19982.55;352.8368
20000.22,0.58,19982.55;352.5961
20000.22,0.58,19982.55;352.344
20000.22,0.58,19982.54;352.1149
20000.22,0.58,19982.54;351.8742
20000.22,0.58,19982.53;351.6451
20000.22,0.58,19982.53;351.4388
20000.22,0.58,19982.52;351.2554
20000.22,0.58,19982.52;351.0836
20000.22,0.58,19982.52;350.946
20000.22,0.58,19982.51;350.82
20000.23,0.58,19982.51;350.6825
20000.23,0.58,19982.5;350.545
20000.23,0.58,19982.5;350.4074
20000.23,0.58,19982.5;350.2814
20000.23,0.58,19982.5;350.1783
20000.23,0.58,19982.5;350.0637
20000.23,0.58,19982.5;349.972
20000.23,0.58,19982.5;349.9032
20000.23,0.58,19982.5;349.8116
20000.23,0.58,19982.5;349.7314
20000.23,0.58,19982.5;349.6626
20000.23,0.58,19982.5;349.6053
20000.23,0.58,19982.5;349.548
20000.23,0.58,19982.5;349.5251
20000.23,0.58,19982.5;349.5022
20000.23,0.58,19982.5;349.5022
20000.23,0.58,19982.5;349.5022
20000.23,0.58,19982.5;349.5022
20000.23,0.58,19982.5;349.5022
20000.23,0.58,19982.5;349.5022
20000.23,0.58,19982.5;349.5022
20000.23,0.58,19982.5;349.5022
20000.23,0.58,19982.5;349.5022
20000.23,0.58,19982.5;349.5136
20000.23,0.58,19982.5;349.548
20000.23,0.58,19982.5;349.5938
20000.23,0.58,19982.5;349.6511
20000.23,0.58,19982.5;349.7314
20000.23,0.58,19982.5;349.8345
20000.23,0.58,19982.5;349.9376
20000.23,0.58,19982.5;350.0637
20000.23,0.58,19982.5;350.2126
20000.22,0.58,19982.51;350.3616
20000.22,0.58,19982.53;350.5106
20000.22,0.58,19982.54;350.671
20000.22,0.58,19982.57;350.82
20000.21,0.58,19982.59;350.9804
20000.21,0.58,19982.61;351.1752
20000.21,0.58,19982.64;351.3929
20000.2,0.58,19982.66;351.6221
20000.2,0.58,19982.69;351.8627
20000.2,0.58,19982.71;352.0919
20000.19,0.58,19982.74;352.3326
20000.19,0.58,19982.77;352.5732
20000.18,0.58,19982.79;352.8253
20000.18,0.58,19982.82;353.1003
20000.18,0.58,19982.85;353.3983
20000.17,0.58,19982.88;353.6504
20000.17,0.58,19982.91;353.891
20000.17,0.58,19982.94;354.1202
20000.16,0.58,19982.97;354.3264
20000.16,0.58,19983.01;354.5556
20000.16,0.58,19983.04;354.8192
20000.16,0.58,19983.07;355.0942
20000.15,0.58,19983.1;355.3807
20000.15,0.58,19983.14;355.7015
20000.15,0.58,19983.18;356.011
20000.14,0.58,19983.22;356.3203
20000.14,0.58,19983.26;356.6297
20000.14,0.58,19983.3;356.9506
20000.14,0.58,19983.34;357.2485
20000.14,0.58,19983.39;357.535
20000.13,0.58,19983.44;357.7986
20000.13,0.58,19983.49;358.0736
20000.13,0.58,19983.54;358.3486
20000.13,0.58,19983.59;358.6351
20000.13,0.58,19983.64;358.8643
20000.13,0.58,19983.69;359.1393
20000.13,0.58,19983.74;359.4143
20000.13,0.58,19983.79;359.6894
20000.13,0.58,19983.85;359.9644
20000.13,0.58,19983.9;0.296698
20000.13,0.58,19983.95;0.5831794
20000.13,0.58,19984;0.8467439
20000.13,0.58,19984.05;1.09885
20000.13,0.58,19984.1;1.350956
20000.13,0.58,19984.15;1.603063
20000.13,0.58,19984.2;1.866627
20000.14,0.58,19984.25;2.14165
20000.14,0.58,19984.31;2.370829
20000.14,0.58,19984.37;2.622935
20000.14,0.58,19984.43;2.852114
20000.15,0.58,19984.5;3.092751
20000.15,0.58,19984.56;3.333388
20000.16,0.58,19984.63;3.619869
20000.16,0.58,19984.7;3.871976
20000.16,0.58,19984.76;4.124083
20000.17,0.58,19984.82;4.341802
20000.18,0.58,19984.89;4.536606
20000.18,0.58,19984.96;4.708493
20000.19,0.58,19985.03;4.880379
20000.19,0.58,19985.1;5.040807
20000.2,0.58,19985.18;5.224153
20000.21,0.58,19985.25;5.384581
20000.21,0.58,19985.32;5.545009
20000.22,0.58,19985.4;5.705437
20000.23,0.58,19985.48;5.854407
20000.24,0.58,19985.55;5.98046
20000.25,0.58,19985.63;6.12943
20000.25,0.58,19985.71;6.266941
20000.26,0.58,19985.78;6.370078
20000.27,0.58,19985.86;6.473214
20000.28,0.58,19985.93;6.587809
20000.29,0.58,19986;6.690946
20000.3,0.58,19986.07;6.794082
20000.3,0.58,19986.14;6.908677
20000.31,0.58,19986.21;7.034729
20000.32,0.58,19986.29;7.160782
20000.33,0.58,19986.35;7.275378
20000.34,0.58,19986.43;7.401431
20000.35,0.58,19986.5;7.538941
20000.36,0.58,19986.57;7.687912
20000.37,0.58,19986.64;7.802507
20000.38,0.58,19986.72;7.917102
20000.39,0.58,19986.79;8.008779
20000.4,0.58,19986.86;8.066072
20000.41,0.58,19986.92;8.088989
20000.42,0.58,19986.98;8.111905
20000.43,0.58,19987.05;8.123363
20000.44,0.58,19987.11;8.123363
20000.45,0.58,19987.18;8.123363
20000.46,0.58,19987.25;8.123363
20000.47,0.58,19987.32;8.123363
20000.48,0.58,19987.39;8.123363
20000.49,0.58,19987.47;8.123363
20000.5,0.58,19987.54;8.123363
20000.51,0.58,19987.61;8.123363
20000.52,0.58,19987.67;8.123363
20000.53,0.58,19987.74;8.134823
20000.54,0.58,19987.8;8.146279
20000.54,0.58,19987.86;8.157739
20000.55,0.58,19987.92;8.169197
20000.56,0.58,19987.99;8.180655
20000.57,0.58,19988.05;8.180655
20000.58,0.58,19988.11;8.180655
20000.59,0.58,19988.17;8.180655
20000.6,0.58,19988.23;8.180655
20000.61,0.58,19988.29;8.180655
20000.61,0.58,19988.35;8.169197
20000.62,0.58,19988.41;8.157739
20000.63,0.58,19988.47;8.146279
20000.64,0.58,19988.53;8.134823
20000.65,0.58,19988.59;8.111905
20000.65,0.58,19988.64;8.100448
20000.66,0.58,19988.69;8.088989
20000.67,0.58,19988.75;8.077531
20000.68,0.58,19988.8;8.066072
20000.69,0.58,19988.85;8.054613
20000.69,0.58,19988.91;8.043155
20000.7,0.58,19988.96;8.031696
20000.71,0.58,19989;8.020238
20000.71,0.58,19989.05;7.985862
20000.72,0.58,19989.1;7.962945
20000.73,0.58,19989.14;7.92857
20000.73,0.58,19989.19;7.894196
20000.74,0.58,19989.24;7.848361
20000.74,0.58,19989.28;7.813986
20000.75,0.58,19989.32;7.779611
20000.76,0.58,19989.36;7.756694
20000.76,0.58,19989.4;7.733777
20000.77,0.58,19989.44;7.72232
20000.77,0.58,19989.48;7.710861
20000.78,0.58,19989.52;7.699402
20000.78,0.58,19989.56;7.687944
20000.79,0.58,19989.6;7.665028
20000.79,0.58,19989.63;7.642111
20000.8,0.58,19989.66;7.630652
20000.8,0.58,19989.69;7.619194
20000.8,0.58,19989.72;7.596278
20000.81,0.58,19989.75;7.58482
20000.81,0.58,19989.78;7.573362
20000.82,0.58,19989.81;7.561903
20000.82,0.58,19989.83;7.550444
20000.82,0.58,19989.86;7.550444
20000.83,0.58,19989.88;7.550444
20000.83,0.58,19989.91;7.550444
20000.83,0.58,19989.94;7.538985
20000.84,0.58,19989.96;7.516068
20000.84,0.58,19989.99;7.493152
20000.84,0.58,19990.01;7.470235
20000.85,0.58,19990.03;7.447318
20000.85,0.58,19990.05;7.43586
20000.85,0.58,19990.07;7.43586
20000.85,0.58,19990.08;7.43586
20000.85,0.58,19990.09;7.43586
20000.86,0.58,19990.11;7.43586
20000.86,0.58,19990.12;7.43586
20000.86,0.58,19990.12;7.43586
20000.86,0.58,19990.12;7.43586
20000.86,0.58,19990.12;7.43586
20000.86,0.58,19990.13;7.43586
20000.86,0.58,19990.14;7.43586
20000.86,0.58,19990.15;7.43586
20000.86,0.58,19990.16;7.43586
20000.86,0.58,19990.17;7.447318
20000.86,0.58,19990.17;7.458777
20000.86,0.58,19990.17;7.470235
20000.86,0.58,19990.17;7.481694
20000.87,0.58,19990.18;7.493151
20000.87,0.58,19990.18;7.493151
20000.87,0.58,19990.19;7.493151
20000.87,0.58,19990.19;7.493151
20000.87,0.58,19990.19;7.493151
20000.87,0.58,19990.19;7.493151
20000.87,0.58,19990.19;7.493151
20000.87,0.58,19990.19;7.493151
20000.87,0.58,19990.19;7.493151
20000.87,0.58,19990.19;7.493151
20000.87,0.58,19990.19;7.493151
20000.87,0.58,19990.19;7.493151
20000.87,0.58,19990.19;7.493151
20000.87,0.58,19990.19;7.493151
20000.87,0.58,19990.19;7.493151
20000.87,0.58,19990.19;7.493151
20000.87,0.58,19990.19;7.493151
20000.87,0.58,19990.19;7.493151
20000.87,0.58,19990.19;7.493151
20000.87,0.58,19990.2;7.493151
20000.87,0.58,19990.2;7.493151
20000.87,0.58,19990.2;7.493151
20000.87,0.58,19990.2;7.493151
20000.87,0.58,19990.2;7.493151
20000.87,0.58,19990.2;7.493151
20000.87,0.58,19990.2;7.493151
20000.87,0.58,19990.2;7.493151
20000.87,0.58,19990.2;7.493151
20000.87,0.58,19990.2;7.493151
20000.87,0.58,19990.19;7.493151
20000.87,0.58,19990.18;7.493151
20000.86,0.58,19990.17;7.527528
20000.86,0.58,19990.15;7.573361
20000.86,0.58,19990.14;7.619194
20000.86,0.58,19990.12;7.687944
20000.85,0.58,19990.1;7.779622
20000.85,0.58,19990.08;7.813997
20000.85,0.58,19990.07;7.836913
20000.85,0.58,19990.05;7.871288
20000.85,0.58,19990.03;7.917122
20000.84,0.58,19990.01;7.951497
20000.84,0.58,19989.99;8.00879
20000.84,0.58,19989.97;8.07754
20000.83,0.58,19989.96;8.146291
20000.83,0.58,19989.94;8.180666
20000.83,0.58,19989.93;8.215041
20000.83,0.58,19989.91;8.260875
20000.82,0.58,19989.89;8.29525
20000.82,0.58,19989.87;8.329624
20000.82,0.58,19989.85;8.363999
20000.81,0.58,19989.82;8.386916
20000.81,0.58,19989.8;8.398375
20000.81,0.58,19989.78;8.409834
20000.8,0.58,19989.75;8.409834
20000.8,0.58,19989.73;8.409834
20000.8,0.58,19989.71;8.409834
20000.79,0.58,19989.68;8.409834
20000.79,0.58,19989.65;8.409834
20000.79,0.58,19989.62;8.409834
20000.79,0.58,19989.62;8.409834
20000.78,0.58,19989.59;8.409834
20000.78,0.58,19989.56;8.409834
20000.77,0.58,19989.53;8.409834
20000.77,0.58,19989.5;8.409834
20000.76,0.58,19989.47;8.409834
20000.76,0.58,19989.43;8.409834
20000.75,0.58,19989.4;8.409834
20000.75,0.58,19989.37;8.409834
20000.74,0.58,19989.35;8.409834
20000.74,0.58,19989.32;8.409834
20000.73,0.58,19989.28;8.409834
20000.73,0.58,19989.25;8.409834
20000.73,0.58,19989.22;8.398375
20000.72,0.58,19989.19;8.386916
20000.72,0.58,19989.15;8.375458
20000.71,0.58,19989.12;8.363998
20000.71,0.58,19989.1;8.352541
20000.7,0.58,19989.07;8.341082
20000.7,0.58,19989.07;8.341082
20000.7,0.58,19989.04;8.329625
20000.7,0.58,19989.02;8.318167
20000.69,0.58,19988.99;8.306708
20000.69,0.58,19988.96;8.295249
20000.68,0.58,19988.94;8.295249
20000.68,0.58,19988.91;8.283791
20000.68,0.58,19988.91;8.283791
20000.68,0.58,19988.88;8.272331
20000.68,0.58,19988.88;8.272331
20000.68,0.58,19988.88;8.272331
20000.68,0.58,19988.88;8.272331
20000.68,0.58,19988.88;8.272331
20000.68,0.58,19988.88;8.272331
20000.68,0.58,19988.88;8.272331
20000.68,0.58,19988.88;8.272331
20000.67,0.58,19988.85;8.260874
20000.67,0.58,19988.82;8.249414
20000.67,0.58,19988.82;8.249414
20000.67,0.58,19988.82;8.249414
20000.67,0.58,19988.82;8.249414
20000.66,0.58,19988.8;8.237956
20000.66,0.58,19988.8;8.237956
20000.66,0.58,19988.8;8.237956
20000.66,0.58,19988.8;8.237956
20000.66,0.58,19988.8;8.237956
20000.66,0.58,19988.8;8.237956
20000.66,0.58,19988.8;8.237956
20000.66,0.58,19988.8;8.237956
20000.66,0.58,19988.78;8.237956
20000.66,0.58,19988.78;8.237956
20000.66,0.58,19988.78;8.237956
20000.66,0.58,19988.78;8.237956
20000.66,0.58,19988.78;8.237956
20000.66,0.58,19988.78;8.237956
20000.66,0.58,19988.78;8.237956
20000.66,0.58,19988.78;8.237956
20000.66,0.58,19988.78;8.237956
20000.66,0.58,19988.78;8.237956
20000.66,0.58,19988.78;8.237956
20000.66,0.58,19988.78;8.237956
20000.66,0.58,19988.78;8.237956
20000.66,0.58,19988.78;8.237956
20000.66,0.58,19988.78;8.237956
20000.66,0.58,19988.78;8.237956
20000.66,0.58,19988.78;8.237956
20000.66,0.58,19988.78;8.237956
20000.66,0.58,19988.78;8.237956
20000.66,0.58,19988.78;8.237956
20000.66,0.58,19988.78;8.237956
20000.66,0.58,19988.78;8.237956
20000.66,0.58,19988.78;8.237956
20000.66,0.58,19988.78;8.237956
20000.66,0.58,19988.78;8.237956
20000.66,0.58,19988.78;8.237956
20000.66,0.58,19988.78;8.237956
20000.66,0.58,19988.78;8.237956
20000.66,0.58,19988.78;8.237956
20000.66,0.58,19988.78;8.237956
20000.66,0.58,19988.78;8.237956
20000.66,0.58,19988.78;8.237956
20000.66,0.58,19988.78;8.237956
20000.66,0.58,19988.78;8.237956
20000.66,0.58,19988.78;8.237956
20000.66,0.58,19988.77;8.237956
20000.66,0.58,19988.77;8.237956
20000.66,0.58,19988.77;8.237956
20000.66,0.58,19988.77;8.237956
20000.66,0.58,19988.77;8.237956
20000.66,0.58,19988.77;8.237956
20000.66,0.58,19988.77;8.237956
20000.66,0.58,19988.77;8.237956
20000.66,0.58,19988.77;8.237956
20000.66,0.58,19988.77;8.237956
20000.66,0.58,19988.77;8.237956
20000.66,0.58,19988.77;8.237956
20000.66,0.58,19988.77;8.237956
20000.66,0.58,19988.77;8.237956
20000.66,0.58,19988.77;8.237956
20000.66,0.58,19988.77;8.237956
20000.66,0.58,19988.77;8.237956
20000.66,0.58,19988.77;8.237956
20000.66,0.58,19988.77;8.237956
20000.66,0.58,19988.77;8.237956
20000.66,0.58,19988.77;8.237956
20000.66,0.58,19988.77;8.237956
20000.66,0.58,19988.77;8.237956
20000.66,0.58,19988.77;8.237956
20000.66,0.58,19988.77;8.237956
20000.66,0.58,19988.77;8.237956
20000.66,0.58,19988.77;8.237956
20000.66,0.58,19988.77;8.237956
20000.66,0.58,19988.77;8.237956
20000.66,0.58,19988.77;8.237956
20000.66,0.58,19988.77;8.237956
20000.66,0.58,19988.77;8.237956
20000.66,0.58,19988.77;8.237956
20000.66,0.58,19988.77;8.237956
20000.66,0.58,19988.77;8.237956
20000.66,0.58,19988.77;8.237956
20000.66,0.58,19988.77;8.237956
20000.66,0.58,19988.77;8.237956
20000.66,0.58,19988.77;8.237956
20000.66,0.58,19988.77;8.237956
20000.66,0.58,19988.77;8.237956
20000.66,0.58,19988.77;8.237956
20000.66,0.58,19988.77;8.237956
20000.66,0.58,19988.78;8.237956
20000.66,0.58,19988.78;8.237956
20000.66,0.58,19988.78;8.237956
20000.66,0.58,19988.78;8.237956
20000.66,0.58,19988.78;8.237956
20000.66,0.58,19988.78;8.237956
20000.66,0.58,19988.78;8.237956
20000.66,0.58,19988.78;8.237956
20000.66,0.58,19988.78;8.237956
20000.66,0.58,19988.78;8.237956
20000.66,0.58,19988.78;8.237956
20000.66,0.58,19988.78;8.237956
20000.66,0.58,19988.78;8.237956
20000.66,0.58,19988.78;8.237956
20000.66,0.58,19988.78;8.237956
20000.66,0.58,19988.78;8.237956
20000.66,0.58,19988.78;8.237956
20000.66,0.58,19988.78;8.237956
20000.66,0.58,19988.78;8.237956
20000.66,0.58,19988.78;8.237956
20000.66,0.58,19988.78;8.237956
20000.66,0.58,19988.78;8.237956
20000.66,0.58,19988.78;8.237956
20000.66,0.58,19988.79;8.237956
20000.66,0.58,19988.79;8.237956
20000.66,0.58,19988.79;8.237956
20000.66,0.58,19988.79;8.237956
20000.66,0.58,19988.79;8.237956
20000.66,0.58,19988.79;8.237956
20000.66,0.58,19988.79;8.237956
20000.66,0.58,19988.79;8.237956
20000.66,0.58,19988.79;8.237956
20000.66,0.58,19988.79;8.237956
20000.66,0.58,19988.79;8.237956
20000.66,0.58,19988.79;8.237956
20000.66,0.58,19988.79;8.237956
20000.66,0.58,19988.79;8.237956
20000.66,0.58,19988.79;8.237956