20000,0.5,20000;0
20000,0.58,20000.05;359.8396
20000,0.58,20000.05;359.8396
20000,0.58,20000.09;359.6906
20000,0.58,20000.09;359.6906
20000,0.5800001,20000.12;359.5416
20000,0.5800001,20000.15;359.4156
20000,0.5800001,20000.18;359.2781
20000,0.5800001,20000.18;359.2781
20000,0.5800001,20000.23;359.1406
20000,0.5800001,20000.27;359.0374
20000,0.5800001,20000.32;358.9171
20000,0.5800001,20000.32;358.9171
20000,0.5800001,20000.32;358.9171
20000,0.5800001,20000.37;358.8197
19999.99,0.5800001,20000.41;358.7223
19999.99,0.5800001,20000.46;358.6421
19999.99,0.5800001,20000.46;358.6421
19999.99,0.5800001,20000.49;358.5561
19999.99,0.5800001,20000.49;358.5561
19999.99,0.5800001,20000.51;358.4702
19999.99,0.5800001,20000.53;358.4014
19999.99,0.5800001,20000.53;358.4014
19999.99,0.5800001,20000.54;358.367
19999.99,0.5800001,20000.54;358.367
19999.99,0.5800001,20000.54;358.367
19999.99,0.5800001,20000.55;358.367
19999.99,0.5800001,20000.55;358.367
19999.99,0.5800001,20000.54;358.3785
19999.99,0.5800001,20000.54;358.3785
19999.99,0.5800001,20000.54;358.39
19999.99,0.5800001,20000.53;358.3957
19999.99,0.5800001,20000.53;358.3957
19999.99,0.5800001,20000.52;358.4129
19999.99,0.5800001,20000.52;358.4129
19999.99,0.5800001,20000.5;358.4301
19999.99,0.5800001,20000.49;358.4759
19999.99,0.5800001,20000.46;358.5733
19999.99,0.5800001,20000.46;358.5733
19999.99,0.5800001,20000.46;358.5733
19999.99,0.5800001,20000.41;358.6707
20000,0.5800001,20000.37;358.8369
20000,0.5800001,20000.3;359.0546
20000,0.5800001,20000.3;359.0546
20000,0.5800001,20000.3;359.0546
20000,0.5800001,20000.21;359.2723
20000,0.5800001,20000.12;359.4958
20000,0.5800001,20000.03;359.7937
20000,0.5800001,20000.03;359.7937
20000,0.5800001,20000.03;359.7937
20000,0.5800001,19999.94;0.09164573
20000,0.5800001,19999.85;0.3953148
20000,0.5800001,19999.77;0.6073058
20000,0.5800001,19999.77;0.6073058
20000,0.5800001,19999.77;0.6073058
20000,0.5800001,19999.72;0.8192968
20000,0.5800001,19999.66;0.979725
19999.99,0.5800001,19999.64;1.048476
19999.99,0.5800001,19999.64;1.048476
19999.99,0.5800001,19999.64;1.048476
19999.99,0.5800001,19999.64;1.117226
19999.99,0.5800001,19999.64;1.117226
20000,0.5800001,19999.66;1.037017
20000,0.5800001,19999.66;1.037017
20000,0.5800001,19999.66;1.037017
20000,0.5800001,19999.71;0.9568082
20000,0.5800001,19999.76;0.8307552
20000,0.5800001,19999.82;0.7161604
20000,0.5800001,19999.82;0.7161604
20000,0.5800001,19999.82;0.7161604
20000,0.5800001,19999.88;0.5901074
20000,0.5800001,19999.94;0.4640543
20000,0.5800001,20000;0.3551888
20000,0.5800001,20000;0.3551888
20000,0.5800001,20000;0.3551888
20000,0.5800001,20000.06;0.2463233
20000,0.5800001,20000.11;0.1718437
20000,0.5800001,20000.17;0.09163491
20000,0.5800001,20000.17;0.09163491
20000,0.5800001,20000.24;0.01142614
20000,0.5800001,20000.31;359.937
20000,0.5800001,20000.41;359.8625
20000,0.5800001,20000.5;359.8052
20000,0.5800001,20000.5;359.8052
20000,0.5800001,20000.62;359.7479
20000,0.5800001,20000.74;359.7021
20000,0.5800001,20000.93;359.6562
20000,0.5800001,20001.12;359.639
19999.99,0.5800001,20001.32;359.6218
19999.99,0.5800001,20001.57;359.6276
19999.99,0.5800001,20001.83;359.6849
19999.99,0.5800001,20001.83;359.6849
19999.99,0.5800001,20001.83;359.6849
19999.99,0.5800001,20002.08;359.7536
19999.99,0.5800001,20002.08;359.7536
19999.99,0.5800001,20002.33;359.8224
19999.99,0.5800001,20002.33;359.8224
19999.99,0.5800001,20002.33;359.8224
19999.99,0.5800001,20002.59;359.8854
19999.99,0.5800001,20002.84;359.9484
19999.99,0.5800001,20003.09;0.01715536
19999.99,0.5800001,20003.09;0.01715536
19999.99,0.5800001,20003.09;0.01715536
19999.99,0.5800001,20003.35;0.09163493
19999.99,0.5800001,20003.6;0.1661145
19999.99,0.5800001,20003.86;0.2520632
19999.99,0.5800001,20003.86;0.2520632
19999.99,0.5800001,20003.86;0.2520632
19999.99,0.5800001,20004.11;0.332272
19999.99,0.5800001,20004.36;0.4124807
20000,0.5800001,20004.62;0.4812311
20000,0.5800001,20004.62;0.4812311
20000,0.5800001,20004.87;0.5614399
20000,0.5800001,20004.87;0.5614399
20000,0.5800001,20005.13;0.6416487
20000,0.5800001,20005.38;0.7161282
20000,0.5800001,20005.38;0.7161282
20000.01,0.5800001,20005.63;0.7791495
20000.01,0.5800001,20005.63;0.7791495
20000.01,0.5800001,20005.88;0.8421707
20000.01,0.5800001,20005.88;0.8421707
20000.01,0.5800001,20005.88;0.8421707
20000.02,0.5800001,20006.14;0.9051918
20000.02,0.5800001,20006.37;0.968213
20000.02,0.5800001,20006.37;0.968213
20000.02,0.5800001,20006.37;0.968213
20000.03,0.5800001,20006.62;1.031234
20000.03,0.5800001,20006.62;1.031234
20000.03,0.5800001,20006.88;1.094256
20000.03,0.5800001,20006.88;1.094256
20000.03,0.5800001,20006.88;1.094256
20000.03,0.5800001,20006.88;1.094256
20000.03,0.5800001,20007.11;1.168735
20000.04,0.5800001,20007.36;1.243215
20000.04,0.5800001,20007.62;1.306236
20000.04,0.5800001,20007.62;1.306236
20000.05,0.5800001,20007.87;1.369257
20000.05,0.5800001,20007.87;1.369257
20000.06,0.5800001,20008.11;1.432278
20000.06,0.5800001,20008.34;1.501029
20000.06,0.5800001,20008.34;1.501029
20000.07,0.5800001,20008.59;1.586977
20000.07,0.5800001,20008.59;1.586977
20000.07,0.5800001,20008.59;1.586977
20000.08,0.5800001,20008.85;1.678655
20000.08,0.5800001,20008.85;1.678655
20000.08,0.5800001,20009.07;1.747406
20000.08,0.5800001,20009.07;1.747406
20000.09,0.5800001,20009.33;1.816156
20000.1,0.5800001,20009.58;1.902105
20000.1,0.5800001,20009.58;1.902105
20000.11,0.5800001,20009.84;1.993782
20000.11,0.5800001,20009.84;1.993782
20000.12,0.5800001,20010;2.08546
20000.12,0.5800001,20010.17;2.15994
20000.12,0.5800001,20010.17;2.15994
20000.13,0.5800001,20010.36;2.245888
20000.13,0.5800001,20010.36;2.245888
20000.14,0.5800001,20010.59;2.331837
20000.15,0.5800001,20010.83;2.417786
20000.16,0.5800001,20011.09;2.503734
20000.17,0.5800001,20011.34;2.572485
20000.17,0.5800001,20011.34;2.572485
20000.18,0.5800001,20011.59;2.641235
20000.2,0.5800001,20011.85;2.715715
20000.21,0.5800001,20012.1;2.795923
20000.21,0.5800001,20012.1;2.795923
20000.21,0.5800001,20012.1;2.795923
20000.22,0.5800001,20012.35;2.876132
20000.23,0.5800001,20012.61;2.939153
20000.23,0.5800001,20012.62;3.013633
20000.23,0.5800001,20012.62;3.013633
20000.23,0.5800001,20012.62;3.013633
20000.23,0.5800001,20012.62;3.013633
20000.23,0.5800001,20012.63;3.088112
20000.24,0.5800001,20012.64;3.151134
20000.24,0.5800001,20012.64;3.151134
20000.24,0.5800001,20012.64;3.151134
20000.24,0.5800001,20012.66;3.214155
20000.24,0.5800001,20012.68;3.288635
20000.24,0.5800001,20012.7;3.368843
20000.24,0.5800001,20012.7;3.368843
20000.24,0.5800001,20012.7;3.368843
20000.25,0.5800001,20012.95;3.437594
20000.27,0.5800001,20013.2;3.506344
20000.29,0.5800001,20013.45;3.586553
20000.29,0.5800001,20013.45;3.586553
20000.29,0.5800001,20013.45;3.586553
20000.29,0.5800001,20013.53;3.666761
20000.3,0.5800001,20013.76;3.75271
20000.32,0.5800001,20013.99;3.82146
20000.32,0.5800001,20013.99;3.82146
20000.32,0.5800001,20013.99;3.82146
20000.34,0.5800001,20014.24;3.890211
20000.36,0.5800001,20014.49;3.970419
20000.36,0.5800001,20014.61;4.050628
20000.37,0.5800001,20014.73;4.130837
20000.37,0.5800001,20014.73;4.130837
20000.39,0.5800001,20014.92;4.211046
20000.4,0.5800001,20015.12;4.279797
20000.42,0.5800001,20015.37;4.348547
20000.44,0.5800001,20015.62;4.417298
20000.44,0.5800001,20015.62;4.417298
20000.46,0.5800001,20015.88;4.486049
20000.46,0.5800001,20015.88;4.486049
20000.48,0.5800001,20016.11;4.537611
20000.48,0.5800001,20016.11;4.537611
20000.48,0.5800001,20016.11;4.537611
20000.5,0.5800001,20016.37;4.594903
20000.52,0.5800001,20016.59;4.652195
20000.54,0.5800001,20016.81;4.720946
20000.54,0.5800001,20016.81;4.720946
20000.54,0.5800001,20016.81;4.720946
20000.56,0.5800001,20017.07;4.783967
20000.58,0.5800001,20017.32;4.846988
20000.6,0.5800001,20017.57;4.932936
20000.6,0.5800001,20017.57;4.932936
20000.6,0.5800001,20017.57;4.932936
20000.62,0.5800001,20017.8;5.013145
20000.64,0.5800001,20018.05;5.093355
20000.67,0.5800001,20018.3;5.179303
20000.67,0.5800001,20018.3;5.179303
20000.69,0.5800001,20018.56;5.265252
20000.69,0.5800001,20018.56;5.265252
20000.71,0.5800001,20018.78;5.351201
20000.73,0.5800001,20019.01;5.414222
20000.73,0.5800001,20019.01;5.414222
20000.76,0.5800001,20019.26;5.488702
20000.76,0.5800001,20019.26;5.488702
20000.78,0.5800001,20019.51;5.563181
20000.8,0.5800001,20019.76;5.64339
20000.8,0.5800001,20019.76;5.64339
20000.83,0.5800001,20019.98;5.712141
20000.83,0.5800001,20019.98;5.712141
20000.85,0.5800001,20020.23;5.780891
20000.88,0.5800001,20020.48;5.86684
20000.88,0.5800001,20020.48;5.86684
20000.9,0.5800001,20020.74;5.94705
20000.9,0.5800001,20020.74;5.94705
20000.92,0.5800001,20020.88;6.027258
20000.94,0.5800001,20021.03;6.096008
20000.96,0.5800001,20021.22;6.176218
20000.96,0.5800001,20021.22;6.176218
20000.96,0.5800001,20021.22;6.176218
20000.98,0.5800001,20021.47;6.250696
20000.98,0.5800001,20021.47;6.250696
20001.01,0.5800001,20021.71;6.319447
20001.01,0.5800001,20021.71;6.319447
20001.01,0.5800001,20021.71;6.319447
20001.04,0.5800001,20021.96;6.399655
20001.04,0.5800001,20021.96;6.399655
20001.07,0.5800001,20022.21;6.479864
20001.07,0.5800001,20022.21;6.479864
20001.09,0.5800001,20022.45;6.560072
20001.12,0.5800001,20022.69;6.628823
20001.12,0.5800001,20022.69;6.628823
20001.15,0.5800001,20022.94;6.709032
20001.15,0.5800001,20022.94;6.709032
20001.16,0.5800001,20023.02;6.78924
20001.17,0.5800001,20023.1;6.869449
20001.17,0.5800001,20023.1;6.949657
20001.17,0.5800001,20023.11;7.012679
20001.17,0.5800001,20023.11;7.012679
20001.17,0.5800001,20023.11;7.075699
20001.17,0.5800001,20023.11;7.155908
20001.17,0.5800001,20023.11;7.224658
20001.17,0.5800001,20023.11;7.224658
20001.17,0.5800001,20023.11;7.224658
20001.17,0.5800001,20023.12;7.287679
20001.17,0.5800001,20023.12;7.287679
20001.17,0.5800001,20023.12;7.35643
20001.17,0.5800001,20023.12;7.35643
20001.17,0.5800001,20023.12;7.35643
20001.17,0.5800001,20023.12;7.419452
20001.17,0.5800001,20023.12;7.476744
20001.17,0.5800001,20023.12;7.476744
20001.17,0.5800001,20023.12;7.476744
20001.21,0.5800001,20023.37;7.551223
20001.24,0.5800001,20023.62;7.625701
20001.27,0.5800001,20023.88;7.694452
20001.27,0.5800001,20023.88;7.694452
20001.31,0.5800001,20024.11;7.763203
20001.34,0.5800001,20024.35;7.826225
20001.37,0.5800001,20024.6;7.894977
20001.37,0.5800001,20024.6;7.894977
20001.37,0.5800001,20024.6;7.894977
20001.41,0.5800001,20024.83;7.969455
20001.44,0.5800001,20025.08;8.043935
20001.48,0.5800001,20025.33;8.112686
20001.48,0.5800001,20025.33;8.112686
20001.51,0.5800001,20025.58;8.181437
20001.55,0.5800001,20025.84;8.261646
20001.58,0.5800001,20026.07;8.347594
20001.58,0.5800001,20026.07;8.347594
20001.62,0.5800001,20026.32;8.433543
20001.66,0.5800001,20026.58;8.502293
20001.7,0.5800001,20026.82;8.571045
20001.73,0.5800001,20027.05;8.656993
20001.73,0.5800001,20027.05;8.656993
20001.77,0.5800001,20027.29;8.742943
20001.8,0.5800001,20027.53;8.817422
20001.84,0.5800001,20027.78;8.891902
20001.88,0.5800001,20028.03;8.96065
20001.88,0.5800001,20028.03;8.96065
20001.92,0.5800001,20028.28;9.029403
20001.96,0.5800001,20028.5;9.098152
20001.99,0.5800001,20028.72;9.172631
20001.99,0.5800001,20028.72;9.172631
20001.99,0.5800001,20028.72;9.172631
20002.04,0.5800001,20028.97;9.229925
20002.08,0.5800001,20029.22;9.287216
20002.12,0.5800001,20029.47;9.355967
20002.12,0.5800001,20029.47;9.355967
20002.15,0.5800001,20029.69;9.361696
20002.15,0.5800001,20029.69;9.361696
20002.19,0.5800001,20029.93;9.367425
20002.19,0.5800001,20029.93;9.367425
20002.19,0.5800001,20029.93;9.367425
20002.23,0.5800001,20030.16;9.373154
20002.23,0.5800001,20030.16;9.373154
20002.27,0.5800001,20030.37;9.378883
20002.27,0.5800001,20030.37;9.378883
20002.27,0.5800001,20030.37;9.378883
20002.3,0.5800001,20030.61;9.396072
20002.3,0.5800001,20030.61;9.396072
20002.35,0.5800001,20030.85;9.41326
20002.38,0.5800001,20031.09;9.493468
20002.38,0.5800001,20031.09;9.493468
20002.42,0.5800001,20031.3;9.567947
20002.42,0.5800001,20031.3;9.567947
20002.46,0.5800001,20031.54;9.642428
20002.5,0.5800001,20031.78;9.711178
20002.5,0.5800001,20031.78;9.711178
20002.54,0.5800001,20032.02;9.751282
20002.54,0.5800001,20032.02;9.751282
20002.58,0.5800001,20032.22;9.791387
20002.61,0.5800001,20032.42;9.83149
20002.61,0.5800001,20032.42;9.83149
20002.65,0.5800001,20032.66;9.894511
20002.65,0.5800001,20032.66;9.894511
20002.69,0.5800001,20032.86;9.957532
20002.72,0.5800001,20033.06;10.04921
20002.72,0.5800001,20033.06;10.04921
20002.77,0.5800001,20033.29;10.11223
20002.77,0.5800001,20033.29;10.11223
20002.81,0.5800001,20033.53;10.17525
20002.85,0.5800001,20033.76;10.2612
20002.85,0.5800001,20033.76;10.2612
20002.87,0.5800001,20033.89;10.34141
20002.87,0.5800001,20033.89;10.34141
20002.91,0.5800001,20034.07;10.42162
20002.94,0.5800001,20034.25;10.4961
20002.99,0.5800001,20034.5;10.57058
20003.04,0.5800001,20034.75;10.64506
20003.04,0.5800001,20034.75;10.64506
20003.08,0.5800001,20034.96;10.71954
20003.12,0.5800001,20035.18;10.79975
20003.16,0.5800001,20035.43;10.87996
20003.21,0.5800001,20035.68;10.94871
20003.21,0.5800001,20035.68;10.94871
20003.26,0.5800001,20035.92;11.01746
20003.31,0.5800001,20036.16;11.09767
20003.35,0.5800001,20036.36;11.17788
20003.39,0.5800001,20036.56;11.25809
20003.39,0.5800001,20036.56;11.25809
20003.44,0.5800001,20036.81;11.33829
20003.49,0.5800001,20037.06;11.40704
20003.5,0.5800001,20037.11;11.48152
20003.5,0.5800001,20037.11;11.48152
20003.5,0.5800001,20037.11;11.48152
20003.52,0.5800001,20037.24;11.556
20003.54,0.5800001,20037.34;11.63621
20003.56,0.5800001,20037.44;11.69923
20003.56,0.5800001,20037.44;11.69923
20003.56,0.5800001,20037.44;11.69923
20003.62,0.5800001,20037.69;11.76226
20003.65,0.5800001,20037.84;11.84246
20003.68,0.5800001,20038;11.92267
20003.68,0.5800001,20038;11.92267
20003.68,0.5800001,20038;11.92267
20003.69,0.5800001,20038.02;12.00288
20003.72,0.5800001,20038.2;12.07163
20003.76,0.5800001,20038.38;12.15758
20003.76,0.5800001,20038.38;12.15758
20003.76,0.5800001,20038.38;12.15758
20003.78,0.5800001,20038.45;12.24353
20003.79,0.5800001,20038.51;12.32374
20003.8,0.5800001,20038.54;12.40395
20003.81,0.5800001,20038.58;12.4727
20003.81,0.5800001,20038.58;12.4727
20003.82,0.5800001,20038.63;12.54145
20003.83,0.5800001,20038.68;12.61593
20003.84,0.5800001,20038.74;12.69614
20003.84,0.5800001,20038.74;12.69614
20003.88,0.5800001,20038.89;12.77634
20003.91,0.5800001,20039.05;12.84509
20003.93,0.5800001,20039.13;12.91384
20003.95,0.5800001,20039.21;12.98259
20003.95,0.5800001,20039.21;12.98259
20003.95,0.5800001,20039.21;12.98259
20003.97,0.5800001,20039.31;13.04561
20004.03,0.5800001,20039.54;13.10863
20004.08,0.5800001,20039.78;13.12582
20004.08,0.5800001,20039.78;13.12582
20004.08,0.5800001,20039.78;13.12582
20004.12,0.5800001,20039.95;13.10291
20004.13,0.5800001,20039.99;13.07999
20004.14,0.5800001,20040.03;13.0628
20004.14,0.5800001,20040.03;13.0628
20004.14,0.5800001,20040.03;13.0628
20004.15,0.5800001,20040.05;13.04561
20004.15,0.5800001,20040.08;13.02843
20004.16,0.5800001,20040.11;12.99978
20004.16,0.5800001,20040.11;12.99978
20004.17,0.5800001,20040.14;12.97113
20004.17,0.5800001,20040.16;12.95395
20004.18,0.5800001,20040.19;12.93676
20004.18,0.5800001,20040.21;12.93103
20004.18,0.5800001,20040.21;12.93103
20004.19,0.5800001,20040.24;12.93103
20004.19,0.5800001,20040.24;12.93103
20004.2,0.5800001,20040.26;12.93676
20004.2,0.5800001,20040.26;12.93676
20004.2,0.5800001,20040.26;12.93676
20004.2,0.5800001,20040.28;12.93676
20004.21,0.5800001,20040.31;12.93676
20004.21,0.5800001,20040.33;12.91957
20004.21,0.5800001,20040.33;12.91957
20004.22,0.5800001,20040.37;12.87374
20004.22,0.5800001,20040.37;12.87374
20004.22,0.5800001,20040.37;12.87374
20004.23,0.5800001,20040.4;12.8279
20004.23,0.5800001,20040.44;12.77634
20004.23,0.5800001,20040.44;12.77634
20004.25,0.5800001,20040.48;12.68466
20004.26,0.5800001,20040.54;12.59299
20004.27,0.5800001,20040.6;12.48985
20004.27,0.5800001,20040.6;12.48985
20004.28,0.5800001,20040.65;12.4039
20004.28,0.5800001,20040.65;12.4039
20004.3,0.5800001,20040.72;12.31795
20004.31,0.5800001,20040.79;12.20336
20004.32,0.5800001,20040.85;12.09449
20004.32,0.5800001,20040.85;12.09449
20004.32,0.5800001,20040.85;12.09449
20004.34,0.5800001,20040.93;12.02001
20004.34,0.5800001,20040.93;12.02001
20004.36,0.5800001,20041.01;11.97418
20004.36,0.5800001,20041.01;11.97418
20004.38,0.5800001,20041.08;11.92834
20004.38,0.5800001,20041.08;11.92834
20004.39,0.5800001,20041.17;11.88251
20004.39,0.5800001,20041.17;11.88251
20004.41,0.5800001,20041.26;11.83668
20004.43,0.5800001,20041.36;11.83095
20004.45,0.5800001,20041.45;11.82522
20004.47,0.5800001,20041.54;11.79658
20004.47,0.5800001,20041.54;11.79658
20004.5,0.5800001,20041.66;11.76793
20004.52,0.5800001,20041.78;11.75074
20004.55,0.5800001,20041.91;11.73355
20004.55,0.5800001,20041.91;11.73355
20004.57,0.5800001,20042.02;11.71636
20004.59,0.5800001,20042.13;11.71636
20004.62,0.5800001,20042.27;11.70491
20004.62,0.5800001,20042.27;11.70491
20004.65,0.5800001,20042.39;11.69345
20004.67,0.5800001,20042.52;11.68199
20004.7,0.5800001,20042.63;11.67053
20004.7,0.5800001,20042.63;11.67053
20004.72,0.5800001,20042.74;11.6648
20004.74,0.5800001,20042.86;11.65907
20004.77,0.5800001,20042.99;11.65907
20004.79,0.5800001,20043.11;11.65907
20004.82,0.5800001,20043.23;11.65907
20004.82,0.5800001,20043.23;11.65907
20004.84,0.5800001,20043.34;11.65907
20004.86,0.5800001,20043.44;11.65907
20004.88,0.5800001,20043.5;11.65907
20004.89,0.5800001,20043.57;11.65907
20004.89,0.5800001,20043.57;11.65907
20004.91,0.5800001,20043.67;11.65907
20004.93,0.5800001,20043.78;11.65907
20004.96,0.5800001,20043.9;11.65334
20004.96,0.5800001,20043.9;11.65334
20004.99,0.5800001,20044.03;11.64761
20005.01,0.5800001,20044.16;11.64188
20005.04,0.5800001,20044.29;11.63616
20005.06,0.5800001,20044.42;11.6247
20005.06,0.5800001,20044.42;11.6247
20005.09,0.5800001,20044.53;11.61324
20005.11,0.5800001,20044.63;11.59605
20005.14,0.5800001,20044.76;11.57886
20005.16,0.5800001,20044.89;11.56741
20005.16,0.5800001,20044.89;11.56741
20005.19,0.5800001,20045.02;11.55595
20005.22,0.5800001,20045.16;11.54449
20005.24,0.5800001,20045.27;11.53876
20005.24,0.5800001,20045.27;11.53876
20005.24,0.5800001,20045.27;11.53876
20005.27,0.5800001,20045.4;11.53303
20005.27,0.5800001,20045.4;11.53303
20005.29,0.5800001,20045.51;11.51584
20005.29,0.5800001,20045.51;11.51584
20005.31,0.5800001,20045.64;11.49866
20005.34,0.5800001,20045.77;11.4872
20005.37,0.5800001,20045.89;11.47574
20005.39,0.5800001,20046.02;11.46428
20005.39,0.5800001,20046.02;11.46428
20005.42,0.5800001,20046.13;11.45282
20005.42,0.5800001,20046.13;11.45282
20005.44,0.5800001,20046.26;11.44136
20005.47,0.5800001,20046.39;11.4299
20005.47,0.5800001,20046.39;11.4299
20005.47,0.5800001,20046.39;11.4299
20005.49,0.5800001,20046.52;11.41272
20005.52,0.5800001,20046.63;11.39553
20005.54,0.5800001,20046.74;11.37834
20005.54,0.5800001,20046.74;11.37834
20005.56,0.5800001,20046.87;11.36115
20005.56,0.5800001,20046.87;11.36115
20005.59,0.5800001,20047;11.34397
20005.62,0.5800001,20047.13;11.33251
20005.62,0.5800001,20047.13;11.33251
20005.64,0.5800001,20047.24;11.31532
20005.64,0.5800001,20047.24;11.31532
20005.66,0.5800001,20047.36;11.29813
20005.66,0.5800001,20047.36;11.29813
20005.66,0.5800001,20047.36;11.29813
20005.69,0.5800001,20047.49;11.28095
20005.69,0.5800001,20047.49;11.28095
20005.71,0.5800001,20047.6;11.26376
20005.73,0.5800001,20047.71;11.2523
20005.76,0.5800001,20047.84;11.24084
20005.76,0.5800001,20047.84;11.24084
20005.76,0.5800001,20047.84;11.24084
20005.78,0.5800001,20047.96;11.22938
20005.78,0.5800001,20047.96;11.22938
20005.8,0.5800001,20048.07;11.1549
20005.8,0.5800001,20048.07;11.1549
20005.82,0.5800001,20048.16;11.08042
20005.84,0.5800001,20048.26;10.97729
20005.84,0.5800001,20048.26;10.97729
20005.85,0.5800001,20048.32;10.84551
20005.85,0.5800001,20048.32;10.84551
20005.85,0.5800001,20048.32;10.71373
20005.85,0.5800001,20048.31;10.69654
20005.85,0.5800001,20048.31;10.67935
20005.85,0.5800001,20048.31;10.67935
20005.85,0.5800001,20048.31;10.67935
20005.85,0.5800001,20048.31;10.66216
20005.85,0.5800001,20048.31;10.59341
20005.85,0.5800001,20048.31;10.41007
20005.85,0.5800001,20048.31;10.41007
20005.85,0.5800001,20048.31;10.15223
20005.85,0.5800001,20048.34;9.894397
20005.86,0.5800001,20048.36;9.453217
20005.86,0.5800001,20048.36;9.453217
20005.87,0.5800001,20048.4;9.012037
20005.87,0.5800001,20048.45;8.467731
20005.88,0.5800001,20048.51;7.923424
20005.88,0.5800001,20048.51;7.923424
20005.88,0.5800001,20048.51;7.923424
20005.89,0.5800001,20048.59;7.379119
20005.9,0.5800001,20048.67;6.651467
20005.91,0.5800001,20048.77;5.923816
20005.91,0.5800001,20048.77;5.923816
20005.91,0.5800001,20048.77;5.923816
20005.92,0.5800001,20048.92;5.196166
20005.94,0.5800001,20049.06;4.479973
20005.95,0.5800001,20049.24;3.763781
20005.96,0.5800001,20049.42;3.036129
20005.96,0.5800001,20049.42;3.036129
20005.96,0.5800001,20049.58;2.308478
20005.97,0.5800001,20049.74;1.580827
20005.97,0.5800001,20049.93;0.8531763
20005.97,0.5800001,20050.12;0.1713588
20005.97,0.5800001,20050.12;0.1713588
20005.97,0.5800001,20050.31;359.4895
20005.96,0.5800001,20050.49;358.7619
20005.96,0.5800001,20050.66;358.0342
20005.95,0.5800001,20050.82;357.3066
20005.95,0.5800001,20050.82;357.3066
20005.94,0.5800001,20051.01;356.5789
20005.93,0.5800001,20051.19;355.8627
20005.91,0.5800001,20051.38;355.1465
20005.89,0.5800001,20051.56;354.4189
20005.89,0.5800001,20051.56;354.4189
20005.88,0.5800001,20051.72;353.6913
20005.85,0.5800001,20051.9;352.9636
20005.83,0.5800001,20052.08;352.3276
20005.83,0.5800001,20052.08;352.3276
20005.83,0.5800001,20052.08;352.3276
20005.81,0.5800001,20052.23;351.6
20005.79,0.5800001,20052.36;350.8723
20005.76,0.5800001,20052.49;350.1447
20005.76,0.5800001,20052.49;350.1447
20005.76,0.5800001,20052.49;350.1447
20005.73,0.5800001,20052.64;349.4686
20005.71,0.5800001,20052.8;348.7925
20005.67,0.5800001,20052.95;348.0648
20005.67,0.5800001,20052.95;348.0648
20005.67,0.5800001,20052.95;348.0648
20005.63,0.5800001,20053.13;347.3372
20005.59,0.5800001,20053.3;346.6095
20005.55,0.5800001,20053.47;345.922
20005.55,0.5800001,20053.47;345.922
20005.52,0.5800001,20053.6;345.2344
20005.48,0.58,20053.61;344.5182
20005.44,0.5800003,20053.61;343.8021
20005.4,0.5800014,20053.61;343.2062
20005.4,0.5800014,20053.61;343.2062
20005.39,0.5800013,20053.61;342.7822
20005.39,0.5800013,20053.61;342.7822
20005.39,0.5800013,20053.61;342.7822
20005.38,0.5800015,20053.61;342.3926
20005.38,0.5800015,20053.61;342.3926
20005.37,0.5800016,20053.61;342.0316
20005.35,0.5800013,20053.61;341.6707
20005.34,0.5800016,20053.61;341.43
20005.34,0.5800016,20053.61;341.43
20005.33,0.5800016,20053.61;341.3441
20005.33,0.5800016,20053.61;341.3441
20005.33,0.5800016,20053.61;341.2581
20005.33,0.5800016,20053.61;341.3383
20005.33,0.5800016,20053.61;341.3383
20005.34,0.5800016,20053.59;341.4873
20005.34,0.5800016,20053.59;341.4873
20005.35,0.5800016,20053.56;341.6363
20005.35,0.5800016,20053.54;341.8311
20005.35,0.5800016,20053.54;341.8311
20005.37,0.5800016,20053.5;342.0373
20005.37,0.5800016,20053.5;342.0373
20005.38,0.5800016,20053.46;342.2436
20005.39,0.5800016,20053.42;342.4556
20005.39,0.5800016,20053.42;342.4556
20005.4,0.5800016,20053.38;342.7249
20005.4,0.5800016,20053.38;342.7249
20005.42,0.5800016,20053.33;342.9942
20005.43,0.5800016,20053.28;343.2635
20005.43,0.5800016,20053.28;343.2635
20005.45,0.5800016,20053.21;343.5499
20005.45,0.5800016,20053.21;343.5499
20005.46,0.5800016,20053.18;343.8364
20005.47,0.5800016,20053.14;344.2031
20005.48,0.5800016,20053.13;344.5698
20005.48,0.5800016,20053.12;344.9308
20005.48,0.5800016,20053.12;344.9308
20005.49,0.5800016,20053.08;345.2917
20005.5,0.5800016,20053.03;345.6126
20005.51,0.5800016,20053;346.0194
20005.51,0.5800016,20053;346.0194
20005.51,0.5800016,20053;346.0194
20005.51,0.5800016,20052.98;346.4377
20005.51,0.5800016,20052.98;346.8559
20005.51,0.5800016,20052.98;347.2283
20005.51,0.5800016,20052.98;347.2283
20005.51,0.5800016,20052.99;347.6008
20005.51,0.5800016,20053;348.0591
20005.51,0.5800016,20053.03;348.5404
20005.51,0.5800016,20053.03;348.5404
20005.51,0.5800016,20053.03;348.5404
20005.5,0.5800016,20053.06;349.0217
20005.49,0.5800016,20053.08;349.4399
20005.49,0.5800016,20053.11;349.927
20005.49,0.5800016,20053.11;349.927
20005.48,0.5800016,20053.15;350.414
20005.48,0.5800016,20053.2;350.9354
20005.47,0.5800016,20053.23;351.4052
20005.47,0.5800016,20053.23;351.4052
20005.47,0.5800016,20053.23;351.4052
20005.47,0.5800016,20053.26;351.961
20005.46,0.5800016,20053.29;352.5167
20005.46,0.5800016,20053.31;353.0381
20005.46,0.5800016,20053.31;353.0381
20005.46,0.5800016,20053.33;353.5595
20005.46,0.5800016,20053.35;353.9778
20005.45,0.5800016,20053.37;354.4533
20005.45,0.5800016,20053.37;354.4533
20005.45,0.5800016,20053.37;354.4533
20005.45,0.5800016,20053.41;354.9289
20005.45,0.5800016,20053.44;355.1867
20005.45,0.5800016,20053.47;355.5247
20005.45,0.5800016,20053.47;355.5247
20005.45,0.5800016,20053.47;355.5247
20005.44,0.5800016,20053.5;355.8628
20005.44,0.5800016,20053.53;356.3727
20005.44,0.5800016,20053.56;356.8999
20005.44,0.5800016,20053.56;356.8999
20005.44,0.5800016,20053.56;356.8999
20005.44,0.5800016,20053.59;357.3582
20005.44,0.5800016,20053.59;357.3582
20005.44,0.5800016,20053.61;357.8796
20005.44,0.5800016,20053.61;357.8796
20005.44,0.5800016,20053.61;357.8796
20005.44,0.5800017,20053.61;358.401
20005.44,0.5800015,20053.61;358.9224
20005.44,0.5800017,20053.61;359.3808
20005.44,0.5800017,20053.61;359.3808
20005.44,0.5800017,20053.61;359.3808
20005.44,0.5800018,20053.61;359.9136
20005.44,0.5800018,20053.61;359.9136
20005.44,0.5800018,20053.61;0.4521849
20005.44,0.5800018,20053.61;0.4521849
20005.44,0.5800018,20053.61;0.4521849
20005.44,0.5800017,20053.61;0.9162823
20005.44,0.5800017,20053.61;0.9162823
20005.44,0.5800017,20053.61;1.380379
20005.44,0.5800016,20053.61;1.924685
20005.44,0.5800016,20053.61;1.924685
20005.44,0.5800017,20053.61;2.434616
20005.44,0.5800018,20053.61;2.944547
20005.44,0.5800019,20053.61;3.408644
20005.44,0.5800019,20053.61;3.408644
20005.45,0.5800018,20053.61;3.844095
20005.45,0.5800018,20053.61;3.844095
20005.45,0.5800018,20053.61;4.073274
20005.45,0.5800018,20053.61;4.073274
20005.45,0.5800018,20053.61;4.073274
20005.45,0.5800019,20053.61;4.302453
20005.45,0.580002,20053.61;4.531632
20005.45,0.580002,20053.61;4.886864
20005.45,0.580002,20053.61;4.886864
20005.45,0.5800021,20053.61;4.961343
20005.45,0.5800021,20053.61;4.961343
20005.45,0.5800021,20053.61;5.035823
20005.45,0.5800021,20053.61;5.035823
20005.45,0.5800021,20053.61;5.035823
20005.45,0.5800021,20053.61;5.110303
20005.45,0.5800021,20053.61;5.110303
20005.45,0.5800021,20053.61;5.184782
20005.45,0.5800021,20053.61;5.184782
20005.45,0.5800021,20053.61;5.259262
20005.45,0.5800021,20053.61;5.259262
20005.45,0.5800021,20053.61;5.259262
20005.45,0.5800021,20053.59;5.476982
20005.45,0.5800021,20053.59;5.476982
20005.45,0.5800021,20053.54;5.803568
20005.45,0.5800021,20053.53;6.07859
20005.45,0.5800021,20053.53;6.07859
20005.45,0.5800021,20053.53;6.410906
20005.45,0.5800021,20053.53;6.410906
20005.45,0.5800021,20053.53;6.74322
20005.45,0.5800021,20053.53;7.150026
20005.45,0.5800021,20053.53;7.56256
20005.45,0.5800021,20053.53;7.56256
20005.45,0.5800021,20053.53;7.56256
20005.45,0.5800021,20053.55;7.975095
20005.45,0.5800021,20053.58;8.485027
20005.46,0.5800022,20053.61;9.04652
20005.46,0.5800022,20053.61;9.04652
20005.46,0.5800022,20053.61;9.04652
20005.47,0.5800023,20053.61;9.608013
20005.49,0.5800024,20053.61;10.10076
20005.51,0.5800022,20053.61;10.67945
20005.51,0.5800022,20053.61;10.67945
20005.53,0.580002,20053.61;11.25814
20005.55,0.5800022,20053.61;11.8311
20005.56,0.5800026,20053.61;12.40407
20005.58,0.5800031,20053.61;12.90254
20005.58,0.5800031,20053.61;12.90254
20005.6,0.5800032,20053.61;13.40101
20005.63,0.5800034,20053.61;13.9224
20005.65,0.5800033,20053.61;14.09429
20005.65,0.5800033,20053.61;14.09429
20005.65,0.5800033,20053.61;14.09429
20005.67,0.5800034,20053.61;14.26618
20005.69,0.580004,20053.61;14.43806
20005.72,0.5800037,20053.61;14.44952
20005.72,0.5800037,20053.61;14.44952
20005.74,0.5800037,20053.61;14.46098
20005.76,0.5800036,20053.61;14.86204
20005.78,0.5800036,20053.61;15.4522
20005.78,0.5800036,20053.61;15.4522
20005.78,0.5800036,20053.61;15.4522
20005.81,0.580004,20053.61;16.04235
20005.83,0.580004,20053.61;16.61531
20005.86,0.5800034,20053.61;17.09659
20005.86,0.5800034,20053.61;17.09659
20005.86,0.5800034,20053.61;17.09659
20005.88,0.5800038,20053.61;17.57788
20005.91,0.5800037,20053.61;17.94457
20005.94,0.5800034,20053.61;18.4946
20005.94,0.5800034,20053.61;18.4946
20005.94,0.5800034,20053.61;18.4946
20005.96,0.5800036,20053.61;19.04464
20005.99,0.5800033,20053.61;19.52019
20006.02,0.5800033,20053.61;19.99575
20006.04,0.5800035,20053.61;20.56298
20006.04,0.5800035,20053.61;20.56298
20006.07,0.5800037,20053.61;21.13022
20006.1,0.5800034,20053.61;21.70318
20006.13,0.5800037,20053.62;22.27614
20006.17,0.580004,20053.62;22.76889
20006.17,0.580004,20053.62;22.76889
20006.2,0.5800042,20053.62;23.26163
20006.22,0.5800042,20053.62;23.84032
20006.25,0.5800041,20053.62;24.41901
20006.29,0.5800042,20053.62;24.9977
20006.29,0.5800042,20053.62;24.9977
20006.29,0.5800042,20053.62;24.9977
20006.3,0.5800045,20053.62;25.5019
20006.34,0.5800046,20053.62;26.0061
20006.38,0.5800047,20053.62;26.59052
20006.38,0.5800047,20053.62;26.59052
20006.41,0.5800043,20053.62;27.1864
20006.41,0.5800043,20053.62;27.1864
20006.43,0.5800046,20053.62;27.78229
20006.45,0.5800047,20053.62;28.29795
20006.45,0.5800047,20053.62;28.29795
20006.48,0.5800048,20053.62;28.85371
20006.48,0.5800048,20053.62;28.85371
20006.51,0.5800049,20053.62;29.40948
20006.53,0.5800048,20053.62;29.91941
20006.53,0.5800048,20053.62;29.91941
20006.55,0.5800046,20053.62;30.34913
20006.55,0.5800046,20053.62;30.34913
20006.56,0.5800048,20053.62;30.77312
20006.56,0.5800048,20053.62;30.77312
20006.58,0.5800048,20053.62;31.20858
20006.58,0.5800048,20053.62;31.20858
20006.59,0.5800046,20053.62;31.64403
20006.6,0.5800046,20053.62;31.9477
20006.6,0.5800046,20053.62;31.9477
20006.61,0.5800046,20053.62;32.29721
20006.61,0.5800046,20053.62;32.29721
20006.62,0.5800045,20053.62;32.64671
20006.63,0.5800046,20053.62;32.916
20006.63,0.5800046,20053.62;32.916
20006.63,0.5800046,20053.62;33.20248
20006.63,0.5800046,20053.62;33.20248
20006.63,0.5800046,20053.62;33.48896
20006.63,0.5800046,20053.62;33.72387
20006.63,0.5800046,20053.62;33.99317
20006.63,0.5800046,20053.62;33.99317
20006.63,0.5800046,20053.62;33.99317
20006.65,0.5800047,20053.62;34.26246
20006.66,0.5800046,20053.62;34.49164
20006.7,0.5800042,20053.62;34.74948
20006.7,0.5800042,20053.62;34.74948
20006.7,0.5800042,20053.62;34.74948
20006.75,0.5800048,20053.62;35.00731
20006.8,0.5800047,20053.62;35.24795
20006.86,0.5800045,20053.62;35.44275
20006.86,0.5800045,20053.62;35.44275
20006.86,0.5800045,20053.62;35.44275
20006.93,0.5800052,20053.63;35.63756
20007,0.5800055,20053.63;35.84955
20007.09,0.5800055,20053.63;36.03863
20007.09,0.5800055,20053.63;36.03863
20007.09,0.5800055,20053.63;36.03863
20007.18,0.5800053,20053.63;36.2277
20007.26,0.5800056,20053.63;36.37094
20007.36,0.5800049,20053.63;36.50273
20007.36,0.5800049,20053.63;36.50273
20007.36,0.5800049,20053.63;36.50273
20007.45,0.5800053,20053.63;36.63451
20007.54,0.5800051,20053.63;36.76056
20007.64,0.5800055,20053.63;36.89808
20007.64,0.5800055,20053.63;36.89808
20007.64,0.5800055,20053.63;36.89808
20007.67,0.5800054,20053.63;37.03558
20007.75,0.5800053,20053.63;37.15018
20007.83,0.5800053,20053.63;37.25332
20007.83,0.5800053,20053.63;37.25332
20007.93,0.5800064,20053.63;37.35645
20008.02,0.5800072,20053.63;37.45959
20008.13,0.5800076,20053.63;37.56273
20008.24,0.5800074,20053.63;37.70597
20008.24,0.5800074,20053.63;37.70597
20008.35,0.5800077,20053.63;37.84921
20008.46,0.5800076,20053.63;37.99245
20008.55,0.5800071,20053.63;38.13569
20008.64,0.5800074,20053.63;38.25029
20008.64,0.5800074,20053.63;38.25029
20008.75,0.5800084,20053.63;38.36488
20008.86,0.580009,20053.63;38.50239
20008.97,0.5800091,20053.63;38.63417
20008.97,0.5800091,20053.63;38.63417
20008.97,0.5800091,20053.63;38.63417
20009.06,0.5800095,20053.63;38.76595
20009.17,0.5800098,20053.63;38.88055
20009.28,0.5800103,20053.63;39.01233
20009.28,0.5800103,20053.63;39.01233
20009.28,0.5800103,20053.63;39.01233
20009.38,0.5800102,20053.63;39.13838
20009.47,0.5800097,20053.63;39.26444
20009.56,0.5800102,20053.63;39.37903
20009.56,0.5800102,20053.63;39.37903
20009.67,0.5800107,20053.63;39.49363
20009.77,0.5800115,20053.63;39.61968
20009.88,0.5800115,20053.63;39.75719
20009.88,0.5800115,20053.63;39.75719
20009.88,0.5800115,20053.63;39.75719
20009.97,0.5800117,20053.63;39.86606
20010.07,0.580012,20053.63;39.97493
20010.18,0.5800125,20053.63;40.10671
20010.18,0.5800125,20053.63;40.10671
20010.28,0.5800118,20053.63;40.23277
20010.37,0.5800118,20053.63;40.35882
20010.46,0.580012,20053.63;40.46768
20010.46,0.580012,20053.63;40.46768
20010.55,0.5800117,20053.63;40.59374
20010.55,0.5800117,20053.63;40.59374
20010.65,0.5800119,20053.63;40.7198
20010.65,0.5800119,20053.63;40.7198
20010.73,0.5800117,20053.63;40.82866
20010.73,0.5800117,20053.63;40.82866
20010.83,0.5800113,20053.63;40.93753
20010.93,0.5800118,20053.63;41.06359
20010.93,0.5800118,20053.63;41.06359
20011.03,0.5800115,20053.63;41.19537
20011.11,0.5800114,20053.63;41.32715
20011.19,0.5800116,20053.63;41.44174
20011.19,0.5800116,20053.63;41.44174
20011.26,0.5800118,20053.63;41.57353
20011.26,0.5800118,20053.63;41.57353
20011.29,0.5800118,20053.63;41.70531
20011.39,0.5800121,20053.63;41.83709
20011.5,0.580012,20053.63;41.95169
20011.5,0.580012,20053.63;41.95169
20011.61,0.5800111,20053.63;42.06628
20011.71,0.5800111,20053.63;42.19806
20011.71,0.5800111,20053.63;42.19806
20011.8,0.580011,20053.63;42.32985
20011.8,0.580011,20053.63;42.32985
20011.92,0.5800112,20053.63;42.46163
20012.03,0.580011,20053.63;42.57623
20012.14,0.5800117,20053.63;42.70228
20012.14,0.5800117,20053.63;42.70228
20012.14,0.5800117,20053.63;42.70228
20012.23,0.5800117,20053.63;42.82833
20012.33,0.5800114,20053.63;42.96011
20012.44,0.5800119,20053.63;43.06897
20012.44,0.5800119,20053.63;43.06897
20012.44,0.5800119,20053.63;43.06897
20012.55,0.5800115,20053.63;43.17785
20012.67,0.5800115,20053.63;43.30389
20012.77,0.580012,20053.63;43.43568
20012.77,0.580012,20053.63;43.43568
20012.77,0.580012,20053.63;43.43568
20012.88,0.5800122,20053.63;43.56746
20013,0.5800124,20053.63;43.67633
20013.11,0.5800135,20053.63;43.80811
20013.11,0.5800135,20053.63;43.80811
20013.11,0.5800135,20053.63;43.80811
20013.21,0.5800135,20053.63;43.9399
20013.31,0.5800136,20053.63;44.06594
20013.42,0.5800142,20053.63;44.18054
20013.42,0.5800142,20053.63;44.18054
20013.42,0.5800142,20053.63;44.18054
20013.54,0.5800149,20053.63;44.29514
20013.65,0.5800155,20053.63;44.42118
20013.75,0.5800149,20053.63;44.54151
20013.75,0.5800149,20053.63;44.54151
20013.75,0.5800149,20053.63;44.54151
20013.87,0.5800143,20053.63;44.66183
20013.99,0.5800143,20053.63;44.77069
20014.11,0.5800154,20053.63;44.89102
20014.11,0.5800154,20053.63;44.89102
20014.11,0.5800154,20053.63;44.89102
20014.21,0.5800151,20053.63;45.01134
20014.31,0.5800157,20053.63;45.13166
20014.43,0.5800154,20053.63;45.22907
20014.43,0.5800154,20053.63;45.22907
20014.43,0.5800154,20053.63;45.22907
20014.54,0.5800159,20053.63;45.32648
20014.64,0.5800154,20053.63;45.4468
20014.74,0.5800154,20053.63;45.56712
20014.74,0.5800154,20053.63;45.56712
20014.74,0.5800154,20053.63;45.56712
20014.86,0.5800153,20053.63;45.68745
20014.97,0.5800147,20053.63;45.79058
20015.09,0.5800146,20053.63;45.8536
20015.09,0.5800146,20053.63;45.8536
20015.09,0.5800146,20053.63;45.8536
20015.11,0.5800145,20053.63;45.80204
20015.12,0.5800145,20053.63;45.75047
20015.13,0.5800145,20053.63;45.77912
20015.13,0.5800145,20053.63;45.77912
20015.13,0.5800145,20053.63;45.77912
20015.13,0.5800145,20053.63;45.80777
20015.12,0.5800145,20053.63;45.94527
20015.12,0.5800145,20053.63;46.14581
20015.12,0.5800145,20053.63;46.14581
20015.12,0.5800145,20053.63;46.14581
20015.11,0.5800145,20053.62;46.38072
20015.11,0.5800145,20053.61;46.61563
20015.1,0.5800145,20053.61;46.95367
20015.1,0.5800145,20053.61;46.95367
20015.1,0.5800145,20053.61;46.95367
20015.08,0.5800145,20053.59;47.3834
20015.08,0.5800145,20053.59;47.81311
20015.07,0.5800145,20053.58;48.24284
20015.07,0.5800145,20053.58;48.24284
20015.07,0.5800145,20053.58;48.24284
20015.07,0.5800145,20053.58;48.81007
20015.07,0.5800145,20053.58;49.37731
20015.07,0.5800145,20053.58;49.96173
20015.07,0.5800145,20053.58;49.96173
20015.07,0.5800145,20053.58;49.96173
20015.09,0.5800145,20053.6;50.50603
20015.16,0.5800146,20053.64;51.05034
20015.22,0.5800145,20053.64;51.71496
20015.22,0.5800145,20053.64;51.71496
20015.3,0.5800148,20053.64;52.39105
20015.3,0.5800148,20053.64;52.39105
20015.4,0.5800144,20053.64;53.06714
20015.5,0.5800147,20053.64;53.67448
20015.5,0.5800147,20053.64;53.67448
20015.61,0.5800143,20053.64;54.40213
20015.71,0.5800139,20053.64;55.12978
20015.71,0.5800139,20053.64;55.12978
20015.81,0.5800141,20053.64;55.84024
20015.81,0.5800141,20053.64;55.84024
20015.93,0.5800146,20053.64;56.55071
20016.05,0.5800144,20053.65;57.27836
20016.05,0.5800144,20053.65;57.27836
20016.17,0.5800145,20053.65;57.97164
20016.17,0.5800145,20053.65;57.97164
20016.3,0.5800146,20053.65;58.66492
20016.43,0.5800148,20053.65;59.31808
20016.43,0.5800148,20053.65;59.31808
20016.55,0.5800152,20053.65;60.04574
20016.55,0.5800152,20053.65;60.04574
20016.68,0.5800152,20053.65;60.77339
20016.81,0.5800149,20053.65;61.50105
20016.81,0.5800149,20053.65;61.50105
20016.94,0.5800146,20053.65;62.14848
20016.94,0.5800146,20053.65;62.14848
20017.07,0.5800146,20053.65;62.79592
20017.19,0.5800151,20053.65;63.04803
20017.27,0.5800151,20053.65;63.30014
20017.27,0.5800151,20053.65;63.30014
20017.27,0.5800151,20053.65;63.30014
20017.37,0.5800152,20053.65;63.55225
20017.37,0.5800152,20053.65;63.55225
20017.46,0.5800154,20053.65;63.80435
20017.46,0.5800154,20053.65;63.80435
20017.46,0.5800154,20053.65;63.80435
20017.46,0.5800154,20053.65;63.80435
20017.56,0.5800152,20053.65;63.91322
20017.56,0.5800152,20053.65;64.28563
20017.56,0.5800152,20053.65;64.28563
20017.56,0.5800152,20053.65;64.28563
20017.56,0.5800152,20053.65;64.28563
20017.57,0.5800152,20053.66;65.01328
20017.57,0.5800152,20053.66;65.70657
20017.57,0.5800152,20053.66;65.70657
20017.57,0.5800152,20053.66;65.70657
20017.57,0.5800152,20053.66;65.70657
20017.57,0.5800152,20053.66;66.43421
20017.63,0.5800152,20053.66;67.16187
20017.7,0.5800152,20053.66;67.88952
20017.7,0.5800152,20053.66;67.88952
20017.84,0.5800154,20053.66;68.61716
20017.98,0.5800154,20053.66;69.27034
20018.11,0.5800155,20053.66;69.92352
20018.24,0.5800157,20053.66;70.65116
20018.24,0.5800157,20053.66;70.65116
20018.37,0.5800155,20053.66;71.37881
20018.49,0.5800156,20053.66;72.10647
20018.61,0.5800157,20053.67;72.83412
20018.61,0.5800157,20053.67;73.47011
20018.61,0.5800157,20053.67;73.47011
20018.61,0.5800157,20053.67;74.10609
20018.61,0.5800162,20053.67;74.83374
20018.61,0.5800161,20053.67;75.56139
20018.61,0.5800161,20053.67;76.28904
20018.61,0.5800161,20053.67;76.28904
20018.61,0.5800162,20053.67;77.01669
20018.61,0.5800162,20053.67;77.62402
20018.61,0.5800165,20053.67;78.35168
20018.61,0.5800165,20053.67;78.35168
20018.61,0.5800165,20053.67;78.35168
20018.61,0.5800165,20053.67;79.07932
20018.61,0.5800165,20053.67;79.80698
20018.61,0.5800166,20053.67;80.49453
20018.61,0.5800166,20053.67;80.49453
20018.61,0.5800166,20053.67;80.49453
20018.61,0.5800171,20053.67;81.18208
20018.61,0.5800167,20053.67;81.90974
20018.61,0.5800167,20053.67;82.63739
20018.61,0.5800167,20053.67;82.63739
20018.61,0.5800167,20053.67;82.63739
20018.61,0.5800167,20053.67;83.36504
20018.61,0.5800173,20053.67;84.07551
20018.61,0.580018,20053.67;84.80316
20018.61,0.580018,20053.67;84.80316
20018.61,0.580018,20053.67;84.80316
20018.61,0.5800191,20053.67;85.53082
20018.61,0.5800198,20053.67;86.25846
20018.61,0.5800198,20053.67;86.85433
20018.61,0.5800198,20053.67;86.85433
20018.61,0.5800198,20053.67;86.85433
20018.61,0.5800207,20053.67;87.37
20018.61,0.5800207,20053.67;87.37
20018.61,0.5800208,20053.67;87.88565
20018.61,0.5800213,20053.67;88.27526
20018.61,0.5800213,20053.67;88.27526
20018.61,0.5800215,20053.67;88.75654
20018.61,0.5800215,20053.67;88.75654
20018.61,0.5800225,20053.67;89.23782
20018.61,0.5800225,20053.67;89.96548
20018.61,0.5800225,20053.67;89.96548
20018.61,0.5800222,20053.67;90.69312
20018.61,0.5800222,20053.67;90.69312
20018.61,0.5800219,20053.66;91.39786
20018.61,0.5800216,20053.66;92.1255
20018.61,0.5800216,20053.66;92.1255
20018.61,0.5800221,20053.65;92.85316
20018.61,0.5800231,20053.64;93.58082
20018.61,0.5800231,20053.64;93.58082
20018.61,0.5800242,20053.63;94.26836
20018.61,0.5800242,20053.63;94.26836
20018.61,0.5800248,20053.62;94.95591
20018.61,0.5800257,20053.61;95.68356
20018.61,0.5800257,20053.61;95.68356
20018.61,0.5800258,20053.59;96.4112
20018.61,0.5800258,20053.59;96.4112
20018.61,0.5800263,20053.58;97.13884
20018.61,0.5800261,20053.57;97.70609
20018.61,0.5800262,20053.56;98.25613
20018.61,0.5800262,20053.56;98.25613
20018.61,0.5800262,20053.56;98.25613
20018.6,0.5800262,20053.56;98.7374
20018.6,0.5800262,20053.56;98.7374
20018.6,0.5800262,20053.56;99.09837
20018.6,0.5800262,20053.56;99.09837
20018.61,0.5800262,20053.56;99.45933
20018.61,0.5800262,20053.56;99.88332
20018.61,0.5800262,20053.56;99.88332
20018.61,0.5800262,20053.56;100.3474
20018.61,0.5800262,20053.56;100.3474
20018.61,0.5800263,20053.56;100.8115
20018.61,0.5800263,20053.56;101.2126
20018.61,0.5800263,20053.56;101.2126
20018.61,0.5800266,20053.54;101.6767
20018.61,0.5800266,20053.54;101.6767
20018.61,0.5800282,20053.5;102.1408
20018.61,0.58003,20053.45;102.6335
20018.61,0.58003,20053.45;102.6335
20018.61,0.5800304,20053.4;103.0919
20018.61,0.5800304,20053.4;103.0919
20018.61,0.5800318,20053.35;103.5502
20018.61,0.5800314,20053.3;104.1117
20018.61,0.5800312,20053.24;104.6732
20018.61,0.5800315,20053.18;105.2577
20018.61,0.5800315,20053.18;105.2577
20018.61,0.5800313,20053.12;105.8421
20018.61,0.5800307,20053.05;106.3749
20018.61,0.5800307,20052.99;106.9078
20018.61,0.580031,20052.93;107.5151
20018.61,0.580031,20052.93;107.5151
20018.61,0.5800317,20052.85;108.1224
20018.61,0.5800321,20052.77;108.7069
20018.61,0.5800341,20052.69;109.1824
20018.61,0.5800341,20052.69;109.1824
20018.61,0.5800341,20052.69;109.1824
20018.61,0.5800349,20052.63;109.572
20018.61,0.5800363,20052.55;109.9616
20018.61,0.5800369,20052.46;110.5575
20018.61,0.5800369,20052.46;110.5575
20018.61,0.5800369,20052.42;111.1534
20018.61,0.5800368,20052.38;111.6805
20018.62,0.5800372,20052.31;112.2076
20018.62,0.5800382,20052.23;112.3566
20018.62,0.5800382,20052.23;112.3566
20018.62,0.5800382,20052.17;112.5055
20018.62,0.5800382,20052.17;112.5055
20018.62,0.5800383,20052.13;112.6545
20018.62,0.5800383,20052.13;112.6545
20018.62,0.5800383,20052.13;112.6545
20018.62,0.5800385,20052.12;112.8035
20018.62,0.5800385,20052.12;112.8035
20018.62,0.5800385,20052.12;112.8035
20018.62,0.5800385,20052.12;112.8035
20018.62,0.5800385,20052.12;112.9525
20018.62,0.5800385,20052.12;112.9582
20018.62,0.5800385,20052.12;112.9582
20018.62,0.5800385,20052.12;113.2905
20018.62,0.5800385,20052.12;113.2905
20018.62,0.5800386,20052.07;113.6228
20018.62,0.5800384,20051.98;114.2015
20018.62,0.5800378,20051.88;114.7057
20018.62,0.5800378,20051.88;114.7057
20018.62,0.5800378,20051.88;114.7057
20018.62,0.5800384,20051.8;115.2844
20018.62,0.5800381,20051.7;115.8631
20018.62,0.5800385,20051.6;116.4532
20018.62,0.5800385,20051.6;116.4532
20018.62,0.5800388,20051.49;116.9345
20018.62,0.5800394,20051.39;117.4158
20018.62,0.5800403,20051.3;118.006
20018.62,0.5800403,20051.3;118.006
20018.62,0.5800403,20051.3;118.006
20018.62,0.5800416,20051.19;118.5904
20018.62,0.5800423,20051.07;119.1748
20018.62,0.5800425,20050.95;119.6618
20018.62,0.5800425,20050.95;119.6618
20018.62,0.5800425,20050.95;119.6618
20018.62,0.5800433,20050.86;119.9827
20018.62,0.5800433,20050.86;119.9827
20018.62,0.5800442,20050.74;120.378
20018.62,0.5800442,20050.74;120.378
20018.62,0.5800442,20050.74;120.378
20018.62,0.5800449,20050.63;120.8765
20018.62,0.5800453,20050.54;121.375
20018.62,0.5800458,20050.45;121.9651
20018.62,0.5800458,20050.45;121.9651
20018.62,0.580047,20050.34;122.2516
20018.62,0.580047,20050.34;122.2516
20018.62,0.5800462,20050.23;122.5381
20018.62,0.580046,20050.12;122.5724
20018.62,0.580046,20050.12;122.5724
20018.62,0.5800461,20050.03;122.6068
20018.62,0.5800461,20050.03;122.6068
20018.62,0.5800459,20049.91;122.6412
20018.62,0.5800459,20049.91;122.6412
20018.62,0.5800459,20049.91;122.6412
20018.62,0.5800465,20049.81;122.6756
20018.62,0.5800465,20049.81;122.6756
20018.62,0.5800459,20049.69;122.7099
20018.62,0.5800459,20049.69;122.7099
20018.62,0.5800459,20049.69;122.7099
20018.62,0.5800461,20049.57;122.7443
20018.62,0.5800461,20049.57;122.7443
20018.62,0.5800472,20049.46;122.7787
20018.62,0.5800472,20049.46;122.7787
20018.62,0.5800472,20049.46;122.7787
20018.62,0.5800477,20049.36;122.8016
20018.62,0.5800477,20049.36;122.8016
20018.62,0.5800472,20049.24;122.8245
20018.62,0.5800477,20049.13;123.048
20018.62,0.5800477,20049.13;123.048
20018.62,0.5800483,20049.01;123.6439
20018.62,0.5800483,20049.01;123.6439
20018.62,0.5800481,20048.92;124.2397
20018.62,0.5800485,20048.82;124.8184
20018.62,0.5800485,20048.82;124.8184
20018.62,0.5800487,20048.69;125.3169
20018.62,0.5800487,20048.69;125.3169
20018.63,0.5800492,20048.57;125.8154
20018.63,0.5800487,20048.44;126.3368
20018.63,0.5800488,20048.37;126.8581
20018.63,0.5800492,20048.29;127.3967
20018.63,0.5800492,20048.29;127.3967
20018.63,0.5800492,20048.29;127.3967
20018.63,0.5800493,20048.24;127.9353
20018.63,0.5800494,20048.22;128.3937
20018.63,0.5800495,20048.21;128.8922
20018.63,0.5800495,20048.21;128.8922
20018.6,0.5800495,20048.23;129.3906
20018.58,0.5800495,20048.25;129.8547
20018.51,0.5800495,20048.31;130.3188
20018.44,0.5800495,20048.37;130.674
20018.44,0.5800495,20048.37;130.674
20018.37,0.5800495,20048.43;131.0293
20018.3,0.5800495,20048.49;131.4017
20018.26,0.5800495,20048.53;131.7741
20018.21,0.5800495,20048.57;132.1007
20018.21,0.5800495,20048.57;132.1007
20018.17,0.5800495,20048.61;132.4273
20018.13,0.5800495,20048.65;132.6966
20018.09,0.5800495,20048.68;132.9659
20018.06,0.5800495,20048.71;133.2695
20018.06,0.5800495,20048.71;133.2695
20018.04,0.5800495,20048.73;133.5732
20018.02,0.5800495,20048.75;133.8597
20018,0.5800495,20048.77;134.1462
20017.98,0.5800495,20048.79;134.3868
20017.98,0.5800495,20048.79;134.3868
20017.97,0.5800495,20048.8;134.6275
20017.96,0.5800495,20048.81;134.891
20017.94,0.5800495,20048.83;135.1546
20017.92,0.5800495,20048.85;135.4124
20017.92,0.5800495,20048.85;135.4124
20017.9,0.5800495,20048.87;135.6702
20017.88,0.5800495,20048.88;135.8651
20017.87,0.5800495,20048.9;136.0599
20017.86,0.5800495,20048.91;136.2719
20017.86,0.5800495,20048.91;136.2719
20017.86,0.5800495,20048.91;136.2719
20017.84,0.5800495,20048.93;136.4667
20017.82,0.5800495,20048.95;136.6615
20017.81,0.5800495,20048.96;136.7417
20017.81,0.5800495,20048.96;136.7417
20017.81,0.5800495,20048.96;136.7417
20017.81,0.5800495,20048.96;136.7646
20017.81,0.5800495,20048.96;136.7875
20017.82,0.5800495,20048.95;136.8448
20017.82,0.5800495,20048.95;136.8448
20017.82,0.5800495,20048.95;136.8448
20017.82,0.5800495,20048.95;136.9479
20017.82,0.5800495,20048.95;137.0511
20017.82,0.5800495,20048.95;137.2
20017.82,0.5800495,20048.95;137.2
20017.82,0.5800495,20048.95;137.2
20017.82,0.5800495,20048.96;137.4063
20017.81,0.5800495,20048.96;137.6126
20017.81,0.5800495,20048.96;137.8303
20017.81,0.5800495,20048.96;137.8303
20017.81,0.5800495,20048.96;137.8303
20017.8,0.5800495,20048.97;138.1512
20017.8,0.5800495,20048.97;138.472
20017.8,0.5800495,20048.97;138.8845
20017.8,0.5800495,20048.97;138.8845
20017.8,0.5800495,20048.97;139.3143
20017.8,0.5800495,20048.97;139.3143
20017.8,0.5800495,20048.97;139.744
20017.8,0.5800495,20048.97;140.3112
20017.8,0.5800495,20048.97;140.3112
20017.84,0.5800495,20048.92;140.8956
20017.84,0.5800495,20048.92;140.8956
20017.88,0.5800495,20048.88;141.48
20017.91,0.5800495,20048.83;141.9957
20017.91,0.5800495,20048.83;141.9957
20017.92,0.5800495,20048.83;142.2707
20017.92,0.5800495,20048.83;142.2707
20017.94,0.5800495,20048.79;142.5458
20017.97,0.5800495,20048.76;143.0557
20017.97,0.5800495,20048.76;143.0557
20018.03,0.5800495,20048.68;143.7089
20018.03,0.5800495,20048.68;143.7089
20018.08,0.5800495,20048.6;144.362
20018.14,0.5800495,20048.53;145.061
20018.14,0.5800495,20048.53;145.061
20018.2,0.5800495,20048.43;145.6111
20018.2,0.5800495,20048.43;145.6111
20018.26,0.5800495,20048.34;146.1611
20018.26,0.5800495,20048.34;146.1611
20018.31,0.5800495,20048.27;146.7111
20018.31,0.5800495,20048.27;146.7111
20018.36,0.5800495,20048.19;147.2612
20018.36,0.5800495,20048.19;147.2612
20018.4,0.5800495,20048.12;147.8112
20018.4,0.5800495,20048.12;147.8112
20018.4,0.5800495,20048.12;147.8112
20018.45,0.5800495,20048.05;148.3613
20018.45,0.5800495,20048.05;148.3613
20018.5,0.5800495,20047.96;148.9113
20018.5,0.5800495,20047.96;148.9113
20018.55,0.5800495,20047.88;149.4613
20018.55,0.5800495,20047.88;149.4613
20018.6,0.5800495,20047.8;150.0114
20018.6,0.5800495,20047.8;150.0114
20018.64,0.5800495,20047.71;150.5614
20018.64,0.5800495,20047.71;150.5614
20018.65,0.5800497,20047.62;151.1114
20018.65,0.5800497,20047.62;151.1114
20018.65,0.5800497,20047.62;151.1114
20018.65,0.5800499,20047.55;151.6615
20018.65,0.5800499,20047.55;151.6615
20018.65,0.5800499,20047.5;152.2115
20018.65,0.5800499,20047.5;152.2115
20018.65,0.5800501,20047.42;152.7615
20018.65,0.5800501,20047.35;152.7787
20018.65,0.5800499,20047.27;152.7959
20018.65,0.5800503,20047.19;152.8188
20018.65,0.5800503,20047.19;152.8188
20018.65,0.5800503,20047.09;152.8417
20018.65,0.5800501,20046.99;153.1397
20018.65,0.5800501,20046.89;153.7355
20018.65,0.5800501,20046.89;153.7355
20018.65,0.5800501,20046.89;153.7355
20018.65,0.5800502,20046.87;154.3314
20018.65,0.5800502,20046.83;155.0247
20018.66,0.5800501,20046.8;155.7123
20018.66,0.5800501,20046.8;155.7123
20018.66,0.5800501,20046.8;155.7123
20018.66,0.5800503,20046.72;156.3998
20018.66,0.5800503,20046.63;156.99
20018.66,0.5800503,20046.58;157.6775
20018.66,0.5800503,20046.58;157.6775
20018.66,0.5800503,20046.58;157.6775
20018.66,0.5800503,20046.49;158.3651
20018.66,0.5800503,20046.41;159.0526
20018.66,0.5800503,20046.39;159.637
20018.66,0.5800503,20046.39;159.637
20018.66,0.5800503,20046.39;159.637
20018.66,0.5800503,20046.39;160.2215
20018.66,0.5800502,20046.39;160.909
20018.66,0.5800503,20046.39;161.5851
20018.66,0.5800503,20046.39;161.5851
20018.66,0.5800509,20046.39;162.2612
20018.66,0.5800509,20046.39;162.8456
20018.66,0.5800509,20046.39;163.43
20018.66,0.5800509,20046.39;164.1061
20018.66,0.5800509,20046.39;164.1061
20018.66,0.5800509,20046.39;164.7822
20018.66,0.5800509,20046.39;165.4525
20018.66,0.5800509,20046.39;166.0198
20018.66,0.5800509,20046.39;166.0198
20018.66,0.5800509,20046.39;166.0198
20018.66,0.5800511,20046.39;166.6729
20018.66,0.5800511,20046.39;166.6729
20018.66,0.5800509,20046.39;166.7761
20018.66,0.5800509,20046.39;166.7761
20018.66,0.5800509,20046.39;167.2803
20018.66,0.5800509,20046.39;167.7845
20018.66,0.5800509,20046.39;168.4835
20018.66,0.5800509,20046.39;168.4835
20018.66,0.5800509,20046.39;168.4835
20018.66,0.5800515,20046.39;169.0736
20018.66,0.5800515,20046.39;169.6638
20018.66,0.5800515,20046.39;170.3914
20018.66,0.5800515,20046.39;170.3914
20018.66,0.5800515,20046.39;171.1134
20018.66,0.5800515,20046.39;171.1134
20018.66,0.5800515,20046.39;171.8353
20018.66,0.5800515,20046.39;172.4655
20018.66,0.5800515,20046.39;172.4655
20018.66,0.5800515,20046.39;173.1932
20018.66,0.5800515,20046.39;173.1932
20018.66,0.5800515,20046.39;173.9208
20018.66,0.5800515,20046.39;174.6313
20018.66,0.5800515,20046.39;174.6313
20018.66,0.5800515,20046.39;175.2444
20018.66,0.5800515,20046.39;175.2444
20018.66,0.5800515,20046.39;175.9663
20018.66,0.5800515,20046.39;175.9663
20018.66,0.5800515,20046.39;176.694
20018.66,0.5800515,20046.39;176.694
20018.66,0.5800515,20046.39;177.4216
20018.66,0.5800515,20046.39;177.9831
20018.66,0.5800515,20046.39;177.9831
20018.66,0.5800517,20046.39;178.6076
20018.66,0.5800517,20046.39;178.6076
20018.66,0.5800517,20046.39;179.2321
20018.66,0.5800519,20046.39;179.7421
20018.66,0.5800519,20046.39;179.7421
20018.66,0.5800521,20046.39;180.3494
20018.66,0.5800521,20046.39;180.3494
20018.66,0.5800524,20046.39;180.9567
20018.66,0.5800526,20046.39;181.5011
20018.66,0.5800526,20046.42;182.0454
20018.66,0.5800526,20046.45;182.3376
20018.66,0.5800526,20046.45;182.3376
20018.66,0.5800526,20046.45;182.3376
20018.66,0.5800526,20046.51;182.6298
20018.67,0.5800526,20046.58;182.8704
20018.67,0.5800526,20046.64;183.1741
20018.67,0.5800526,20046.64;183.1741
20018.67,0.5800526,20046.64;183.1741
20018.68,0.5800526,20046.7;183.5121
20018.68,0.5800526,20046.76;183.8502
20018.68,0.5800526,20046.82;184.171
20018.68,0.5800526,20046.82;184.171
20018.68,0.5800526,20046.82;184.171
20018.68,0.5800526,20046.85;184.4919
20018.68,0.5800526,20046.89;184.9216
20018.68,0.5800526,20046.89;185.4029
20018.68,0.5800526,20046.89;185.4029
20018.68,0.5800526,20046.89;185.4029
20018.68,0.5800526,20046.89;185.8842
20018.68,0.5800526,20046.87;186.354
20018.68,0.5800526,20046.85;186.9843
20018.68,0.5800526,20046.85;186.9843
20018.68,0.5800526,20046.85;186.9843
20018.67,0.5800526,20046.77;187.6145
20018.65,0.5800526,20046.69;188.2906
20018.64,0.5800526,20046.6;188.8979
20018.64,0.5800526,20046.6;188.8979
20018.64,0.5800526,20046.6;188.8979
20018.64,0.5800526,20046.6;188.8979
20018.63,0.5800526,20046.55;189.6141
20018.63,0.5800526,20046.5;190.3246
20018.63,0.5800526,20046.5;190.3246
20018.62,0.5800526,20046.48;191.0351
20018.62,0.5800526,20046.46;191.6367
20018.6,0.5800526,20046.39;192.2383
20018.57,0.5800519,20046.39;192.9659
20018.57,0.5800519,20046.39;192.9659
20018.57,0.5800519,20046.39;192.9659
20018.55,0.5800516,20046.39;193.6936
20018.52,0.5800518,20046.39;194.4212
20018.49,0.580052,20046.39;195.1145
20018.49,0.580052,20046.39;195.1145
20018.47,0.5800521,20046.39;195.8078
20018.44,0.5800528,20046.39;196.5354
20018.4,0.580053,20046.39;197.2631
20018.37,0.5800537,20046.39;197.9907
20018.37,0.5800537,20046.39;197.9907
20018.37,0.5800537,20046.39;197.9907
20018.34,0.5800539,20046.39;198.6611
20018.31,0.5800545,20046.39;199.3315
20018.28,0.5800546,20046.39;200.0591
20018.28,0.5800546,20046.39;200.0591
20018.24,0.5800543,20046.39;200.7868
20018.2,0.580054,20046.39;201.5144
20018.15,0.5800537,20046.38;202.2421
20018.1,0.5800529,20046.38;202.8895
20018.1,0.5800529,20046.38;202.8895
20018.07,0.5800527,20046.38;203.5369
20018.03,0.5800524,20046.38;204.2646
20017.99,0.5800526,20046.38;204.9922
20017.94,0.5800533,20046.38;205.7199
20017.94,0.5800533,20046.38;205.7199
20017.9,0.5800534,20046.38;206.3845
20017.9,0.5800534,20046.38;206.3845
20017.86,0.5800532,20046.38;207.0491
20017.82,0.5800534,20046.38;207.7768
20017.82,0.5800534,20046.38;207.7768
20017.77,0.5800535,20046.38;208.5045
20017.72,0.5800537,20046.38;209.2321
20017.67,0.5800534,20046.38;209.9598
20017.61,0.5800532,20046.38;210.6015
20017.61,0.5800532,20046.38;210.6015
20017.57,0.580053,20046.38;211.3005
20017.57,0.580053,20046.38;211.3005
20017.51,0.5800536,20046.38;211.9995
20017.46,0.5800537,20046.38;212.3604
20017.46,0.5800537,20046.38;212.3604
20017.41,0.5800535,20046.38;213.0251
20017.41,0.5800535,20046.38;213.0251
20017.36,0.580054,20046.38;213.6897
20017.31,0.5800542,20046.38;213.9017
20017.31,0.5800542,20046.38;213.9017
20017.25,0.5800543,20046.38;214.1137
20017.25,0.5800543,20046.38;214.1137
20017.19,0.5800536,20046.38;214.3257
20017.13,0.5800534,20046.38;214.3887
20017.13,0.5800534,20046.38;214.3887
20017.08,0.5800532,20046.38;214.4517
20017.08,0.5800532,20046.38;214.4517
20017.02,0.5800529,20046.38;214.5148
20017.02,0.5800529,20046.38;214.5148
20017.02,0.5800529,20046.38;214.5148
20016.96,0.5800531,20046.38;214.5778
20016.96,0.5800531,20046.38;214.5778
20016.91,0.5800532,20046.38;214.6408
20016.91,0.5800532,20046.38;214.6408
20016.85,0.5800538,20046.38;214.7038
20016.85,0.5800538,20046.38;214.7038
20016.85,0.5800538,20046.38;214.7038
20016.79,0.580054,20046.38;214.7668
20016.79,0.580054,20046.38;214.7668
20016.74,0.5800534,20046.38;214.8299
20016.74,0.5800534,20046.38;214.8299
20016.74,0.5800534,20046.38;214.8299
20016.71,0.5800533,20046.38;214.8929
20016.71,0.5800533,20046.38;214.8929
20016.67,0.5800529,20046.38;214.9559
20016.67,0.5800529,20046.38;214.9559
20016.67,0.5800529,20046.38;214.9559
20016.63,0.5800527,20046.38;215.0189
20016.63,0.5800527,20046.38;215.0189
20016.57,0.5800529,20046.38;215.082
20016.57,0.5800529,20046.38;215.082
20016.57,0.5800529,20046.38;215.082
20016.53,0.5800527,20046.38;215.145
20016.53,0.5800527,20046.38;215.145
20016.51,0.5800527,20046.38;215.1507
20016.51,0.5800527,20046.38;215.1507
20016.51,0.5800527,20046.38;215.1507
20016.52,0.5800527,20046.39;215.1564
20016.53,0.5800527,20046.4;215.1622
20016.56,0.5800527,20046.45;215.1679
20016.6,0.5800527,20046.49;215.2366
20016.6,0.5800527,20046.49;215.2366
20016.6,0.5800527,20046.49;215.3054
20016.6,0.5800527,20046.49;215.4544
20016.59,0.5800527,20046.49;215.4658
20016.59,0.5800527,20046.49;215.4658
20016.59,0.5800527,20046.49;215.4658
20016.57,0.5800527,20046.46;215.4773
20016.55,0.5800527,20046.42;215.4085
20016.52,0.5800527,20046.39;215.3398
20016.5,0.5800526,20046.38;215.2768
20016.5,0.5800526,20046.38;215.2768
20016.5,0.5800526,20046.38;215.2768
20016.46,0.5800522,20046.38;215.2023
20016.42,0.5800526,20046.38;215.1278
20016.38,0.580053,20046.38;215.0419
20016.38,0.580053,20046.38;215.0419
20016.33,0.5800534,20046.38;214.9559
20016.27,0.5800539,20046.38;214.8642
20016.21,0.5800537,20046.38;214.7726
20016.15,0.5800534,20046.38;214.6752
20016.15,0.5800534,20046.38;214.6752
20016.09,0.5800536,20046.38;214.5778
20016.02,0.5800533,20046.38;214.4345
20015.93,0.5800524,20046.38;214.2913
20015.84,0.5800526,20046.38;214.1022
20015.84,0.5800526,20046.38;214.1022
20015.74,0.5800522,20046.38;213.9131
20015.64,0.5800525,20046.38;213.7355
20015.54,0.5800528,20046.38;213.4949
20015.54,0.5800528,20046.38;213.4949
20015.54,0.5800528,20046.38;213.4949
20015.4,0.5800522,20046.38;213.2199
20015.26,0.5800536,20046.38;212.9792
20015.26,0.5800536,20046.38;212.9792
20015.26,0.5800536,20046.38;212.9792
20015.13,0.580053,20046.38;212.6985
20014.99,0.5800534,20046.38;212.4177
20014.85,0.5800518,20046.38;212.1656
20014.85,0.5800518,20046.38;212.1656
20014.72,0.5800522,20046.38;211.9651
20014.72,0.5800522,20046.38;211.9651
20014.58,0.5800526,20046.38;211.7645
20014.45,0.580053,20046.38;211.5296
20014.45,0.580053,20046.38;211.5296
20014.32,0.5800534,20046.38;211.2947
20014.32,0.5800534,20046.38;211.2947
20014.19,0.5800529,20046.38;211.0598
20014.06,0.5800523,20046.38;210.951
20014.06,0.5800523,20046.38;210.951
20013.93,0.5800537,20046.38;210.8822
20013.8,0.5800552,20046.38;210.8134
20013.8,0.5800552,20046.38;210.8134
20013.8,0.5800552,20046.38;210.8134
20013.67,0.5800545,20046.38;210.7447
20013.67,0.5800545,20046.38;210.7447
20013.54,0.5800549,20046.38;210.6358
20013.54,0.5800549,20046.38;210.6358
20013.41,0.5800575,20046.38;210.4468
20013.41,0.5800575,20046.38;210.4468
20013.28,0.5800579,20046.38;210.2577
20013.15,0.5800593,20046.38;210.0514
20013.15,0.5800593,20046.38;210.0514
20013.03,0.5800608,20046.38;209.8223
20013.03,0.5800608,20046.38;209.8223
20012.9,0.5800613,20046.38;209.5931
20012.78,0.5800627,20046.38;209.3696
20012.65,0.5800622,20046.38;209.1863
20012.65,0.5800622,20046.38;209.1863
20012.53,0.5800594,20046.38;209.0029
20012.41,0.5800588,20046.38;208.791
20012.29,0.5800592,20046.38;208.579
20012.17,0.5800607,20046.38;208.367
20012.17,0.5800607,20046.38;208.367
20012.05,0.5800601,20046.38;208.155
20011.93,0.5800594,20046.38;207.9659
20011.81,0.5800598,20046.38;207.6794
20011.81,0.5800598,20046.38;207.6794
20011.81,0.5800598,20046.38;207.6794
20011.69,0.5800603,20046.38;207.6451
20011.69,0.5800603,20046.38;207.6107
20011.69,0.5800603,20046.38;207.6107
20011.69,0.5800603,20046.38;207.6107
20011.69,0.5800603,20046.38;207.5763
20011.69,0.5800603,20046.38;207.5763
20011.68,0.5800602,20046.38;207.582
20011.68,0.5800602,20046.38;207.582
20011.68,0.5800602,20046.38;207.582
20011.67,0.5800602,20046.38;207.5878
20011.67,0.5800602,20046.38;207.6279
20011.66,0.5800602,20046.38;207.7253
20011.66,0.5800602,20046.38;207.7253
20011.66,0.5800602,20046.38;207.7253
20011.66,0.5800602,20046.38;207.8685
20011.65,0.5800603,20046.38;208.0117
20011.65,0.5800602,20046.38;208.092
20011.65,0.5800602,20046.38;208.092
20011.65,0.5800602,20046.38;208.092
20011.65,0.5800602,20046.38;208.1722
20011.65,0.5800602,20046.39;208.2524
20011.66,0.5800602,20046.39;208.3842
20011.66,0.5800602,20046.39;208.3842
20011.66,0.5800602,20046.39;208.3842
20011.66,0.5800602,20046.4;208.5446
20011.66,0.5800602,20046.41;208.705
20011.67,0.5800602,20046.41;208.9628
20011.67,0.5800602,20046.41;208.9628
20011.67,0.5800602,20046.41;208.9628
20011.68,0.5800602,20046.44;209.2207
20011.71,0.5800602,20046.48;209.5301
20011.73,0.5800602,20046.52;209.828
20011.73,0.5800602,20046.52;209.828
20011.73,0.5800602,20046.52;209.828
20011.75,0.5800602,20046.55;210.126
20011.75,0.5800602,20046.56;210.4869
20011.75,0.5800602,20046.56;210.8364
20011.75,0.5800602,20046.56;210.8364
20011.75,0.5800602,20046.56;210.8364
20011.74,0.5800602,20046.54;211.1516
20011.72,0.5800602,20046.51;211.4667
20011.7,0.5800602,20046.47;211.8448
20011.7,0.5800602,20046.47;211.8448
20011.7,0.5800602,20046.47;211.8448
20011.65,0.5800602,20046.4;212.2574
20011.59,0.58006,20046.38;212.6699
20011.52,0.5800602,20046.38;213.0595
20011.46,0.5800604,20046.38;213.5465
20011.46,0.5800604,20046.38;213.5465
20011.46,0.5800604,20046.38;213.5465
20011.36,0.5800607,20046.38;214.0737
20011.36,0.5800607,20046.38;214.0737
20011.36,0.5800607,20046.38;214.0737
20011.27,0.5800602,20046.38;214.5607
20011.27,0.5800602,20046.38;214.5607
20011.18,0.5800599,20046.38;215.0477
20011.09,0.580059,20046.38;215.6149
20011.09,0.580059,20046.38;215.6149
20010.99,0.5800586,20046.38;216.2165
20010.99,0.5800586,20046.38;216.2165
20010.89,0.5800595,20046.38;216.8181
20010.79,0.5800598,20046.38;217.351
20010.79,0.5800598,20046.38;217.351
20010.69,0.5800611,20046.37;217.9755
20010.69,0.5800611,20046.37;217.9755
20010.58,0.5800607,20046.37;218.6
20010.46,0.580061,20046.37;219.2074
20010.46,0.580061,20046.37;219.2074
20010.36,0.5800612,20046.37;219.7001
20010.36,0.5800612,20046.37;219.7001
20010.25,0.5800615,20046.37;220.1929
20010.13,0.5800617,20046.37;220.7601
20010.13,0.5800617,20046.37;220.7601
20010.01,0.5800614,20046.37;221.3216
20010.01,0.5800614,20046.37;221.3216
20009.91,0.580061,20046.37;221.8143
20009.91,0.580061,20046.37;221.8143
20009.79,0.5800613,20046.37;222.4045
20009.79,0.5800613,20046.37;222.4045
20009.66,0.5800616,20046.37;222.9946
20009.54,0.5800605,20046.37;223.5905
20009.54,0.5800605,20046.37;223.5905
20009.43,0.5800608,20046.37;224.0833
20009.43,0.5800608,20046.37;224.0833
20009.39,0.5800613,20046.37;224.576
20009.39,0.5800636,20046.37;225.1547
20009.39,0.5800636,20046.37;225.1547
20009.39,0.5800636,20046.37;225.7334
20009.39,0.5800636,20046.37;225.7334
20009.39,0.5800636,20046.37;226.3121
20009.39,0.5800636,20046.37;226.8105
20009.39,0.5800636,20046.37;226.8105
20009.39,0.580064,20046.37;227.4179
20009.39,0.580064,20046.37;227.4179
20009.39,0.580064,20046.37;228.0252
20009.39,0.580064,20046.37;228.6326
20009.39,0.5800632,20046.36;229.1597
20009.39,0.5800632,20046.36;229.1597
20009.39,0.5800632,20046.36;229.1597
20009.38,0.5800653,20046.36;229.6868
20009.38,0.5800653,20046.36;230.2941
20009.38,0.5800651,20046.36;230.9072
20009.38,0.5800651,20046.36;230.9072
20009.38,0.5800651,20046.36;230.9072
20009.38,0.5800651,20046.36;231.5203
20009.38,0.5800651,20046.36;232.0474
20009.38,0.5800651,20046.36;232.6604
20009.38,0.5800651,20046.36;232.6604
20009.38,0.5800651,20046.36;232.6604
20009.38,0.5800651,20046.36;232.6604
20009.38,0.5800651,20046.36;233.2621
20009.38,0.5800644,20046.36;233.7663
20009.38,0.5800644,20046.36;233.7663
20009.38,0.5800644,20046.36;233.7663
20009.38,0.5800649,20046.36;234.2705
20009.38,0.5800649,20046.36;234.8721
20009.38,0.5800649,20046.36;235.382
20009.38,0.5800649,20046.36;235.382
20009.38,0.5800649,20046.36;235.382
20009.38,0.5800645,20046.36;235.8919
20009.38,0.5800645,20046.36;236.4993
20009.38,0.5800645,20046.36;237.0952
20009.38,0.5800645,20046.36;237.0952
20009.38,0.5800645,20046.36;237.0952
20009.38,0.5800645,20046.36;237.691
20009.38,0.5800636,20046.36;238.201
20009.38,0.5800636,20046.36;238.7911
20009.38,0.5800636,20046.36;238.7911
20009.38,0.5800636,20046.36;238.7911
20009.38,0.5800636,20046.36;239.3813
20009.38,0.5800636,20046.36;239.9313
20009.38,0.5800637,20046.36;240.1261
20009.38,0.5800637,20046.36;240.1261
20009.41,0.5800637,20046.38;240.3209
20009.44,0.5800637,20046.39;240.5157
20009.46,0.5800637,20046.4;240.7105
20009.47,0.5800637,20046.41;240.8824
20009.47,0.5800637,20046.41;240.8824
20009.47,0.5800637,20046.41;240.8824
20009.47,0.5800637,20046.41;241.0543
20009.46,0.5800637,20046.4;241.1975
20009.44,0.5800637,20046.39;241.3465
20009.44,0.5800637,20046.39;241.3465
20009.4,0.5800637,20046.37;241.4955
20009.38,0.5800637,20046.36;241.6788
20009.38,0.5800637,20046.36;241.8564
20009.38,0.5800637,20046.36;241.8564
20009.38,0.5800637,20046.36;241.8564
20009.38,0.5800637,20046.36;242.0913
20009.38,0.5800637,20046.36;242.3262
20009.38,0.5800637,20046.36;242.5726
20009.38,0.5800637,20046.36;242.5726
20009.38,0.5800637,20046.36;242.819
20009.38,0.5800637,20046.36;243.0424
20009.38,0.5800637,20046.36;243.3175
20009.38,0.5800637,20046.36;243.3175
20009.38,0.5800637,20046.36;243.3175
20009.38,0.5800641,20046.36;243.5925
20009.38,0.5800641,20046.36;243.8675
20009.38,0.580065,20046.36;244.1024
20009.38,0.580065,20046.36;244.1024
20009.38,0.5800646,20046.36;244.3603
20009.38,0.5800645,20046.36;244.6181
20009.38,0.5800645,20046.36;244.8702
20009.38,0.5800645,20046.36;244.8702
20009.38,0.5800642,20046.36;245.1051
20009.38,0.5800642,20046.36;245.1051
20009.38,0.5800639,20046.36;245.403
20009.38,0.5800639,20046.36;245.403
20009.38,0.580064,20046.36;245.6953
20009.38,0.580064,20046.36;245.6953
20009.38,0.580064,20046.36;245.9875
20009.38,0.580064,20046.36;246.2281
20009.38,0.580064,20046.36;246.4974
20009.38,0.580064,20046.36;246.4974
20009.38,0.580064,20046.36;246.4974
20009.38,0.580064,20046.36;246.7667
20009.38,0.580064,20046.36;247.0073
20009.38,0.580064,20046.36;247.0073
20009.38,0.580064,20046.36;247.2251
20009.38,0.580064,20046.36;247.2251
20009.38,0.5800636,20046.36;247.4428
20009.38,0.5800637,20046.36;247.7292
20009.38,0.5800638,20046.36;248.0329
20009.38,0.5800638,20046.36;248.0329
20009.38,0.5800638,20046.36;248.0329
20009.38,0.5800641,20046.36;248.3366
20009.38,0.5800642,20046.36;248.583
20009.38,0.5800647,20046.36;248.8637
20009.38,0.5800647,20046.36;248.8637
20009.38,0.5800647,20046.36;248.8637
20009.38,0.5800647,20046.36;249.1445
20009.38,0.5800647,20046.36;249.1445
20009.38,0.5800648,20046.36;249.3851
20009.38,0.5800648,20046.36;249.3851
20009.38,0.5800653,20046.36;249.6257
20009.38,0.5800653,20046.36;249.895
20009.38,0.5800647,20046.36;250.1643
20009.38,0.5800643,20046.36;250.4394
20009.38,0.5800643,20046.36;250.4394
20009.38,0.5800644,20046.36;250.7144
20009.38,0.5800644,20046.36;250.9493
20009.38,0.5800644,20046.36;251.2243
20009.38,0.5800644,20046.36;251.2243
20009.38,0.5800644,20046.36;251.2243
20009.38,0.5800644,20046.36;251.4993
20009.38,0.5800645,20046.36;251.7858
20009.38,0.5800651,20046.36;252.0723
20009.38,0.5800651,20046.36;252.3129
20009.38,0.5800651,20046.36;252.3129
20009.38,0.5800651,20046.36;252.5536
20009.38,0.5800651,20046.36;252.777
20009.38,0.5800652,20046.36;252.9317
20009.38,0.5800652,20046.36;252.9317
20009.38,0.5800652,20046.36;252.9317
20009.38,0.5800652,20046.36;253.0864
20009.38,0.5800652,20046.36;253.2125
20009.38,0.5800652,20046.36;253.3729
20009.38,0.5800652,20046.36;253.3729
20009.38,0.5800652,20046.36;253.3729
20009.38,0.5800653,20046.36;253.5333
20009.38,0.5800653,20046.36;253.688
20009.38,0.5800653,20046.36;253.7969
20009.38,0.5800653,20046.36;253.7969
20009.38,0.5800653,20046.36;253.7969
20009.38,0.5800653,20046.36;253.9058
20009.38,0.5800645,20046.36;254.0032
20009.38,0.5800644,20046.36;254.1063
20009.38,0.5800644,20046.36;254.2094
20009.38,0.5800644,20046.36;254.3183
20009.38,0.5800644,20046.36;254.4272
20009.38,0.5800644,20046.36;254.5647
20009.38,0.5800644,20046.36;254.5647
20009.38,0.5800644,20046.36;254.7022
20009.38,0.5800646,20046.36;254.8225
20009.38,0.5800646,20046.36;254.9314
20009.38,0.5800646,20046.36;254.9314
20009.38,0.5800646,20046.36;254.9314
20009.38,0.5800646,20046.36;255.0403
20009.38,0.5800646,20046.36;255.1778
20009.38,0.580065,20046.36;255.3153
20009.38,0.5800675,20046.36;255.47
20009.38,0.5800675,20046.36;255.47
20009.38,0.5800675,20046.36;255.6304
20009.38,0.580069,20046.36;255.7909
20009.38,0.580069,20046.36;255.9799
20009.38,0.580069,20046.36;255.9799
20009.38,0.580069,20046.36;255.9799
20009.38,0.580069,20046.36;256.1862
20009.38,0.580069,20046.36;256.3925
20009.38,0.580069,20046.36;256.5758
20009.38,0.580069,20046.36;256.5758
20009.38,0.580069,20046.36;256.5758
20009.38,0.580069,20046.36;256.7878
20009.38,0.5800691,20046.36;256.9998
20009.38,0.5800677,20046.36;257.0628
20009.38,0.5800677,20046.36;257.0628
20009.38,0.58007,20046.36;257.229
20009.38,0.58007,20046.36;257.229
20009.38,0.58007,20046.36;257.3951
20009.38,0.5800704,20046.36;257.5842
20009.38,0.5800704,20046.36;257.5842
20009.38,0.5800704,20046.36;257.779
20009.38,0.5800704,20046.36;257.779
20009.38,0.5800715,20046.36;257.9738
20009.38,0.580072,20046.36;258.1457
20009.38,0.580072,20046.36;258.1457
20009.38,0.5800714,20046.36;258.3462
20009.38,0.5800714,20046.36;258.3462
20009.38,0.5800734,20046.36;258.5468
20009.38,0.5800734,20046.36;258.7473
20009.38,0.5800734,20046.36;258.7473
20009.38,0.580075,20046.36;258.9192
20009.38,0.580075,20046.36;258.9192
20009.38,0.580075,20046.36;259.0911
20009.38,0.580075,20046.36;259.1885
20009.38,0.580075,20046.36;259.1885
20009.38,0.580075,20046.36;259.389
20009.38,0.580075,20046.36;259.389
20009.38,0.5800752,20046.36;259.5895
20009.38,0.5800757,20046.36;259.7557
20009.38,0.5800757,20046.36;259.8817
20009.38,0.5800757,20046.36;259.8817
20009.38,0.5800757,20046.36;259.8817
20009.38,0.5800757,20046.36;260.0078
20009.38,0.5800757,20046.36;260.1911
20009.38,0.5800763,20046.36;260.363
20009.38,0.5800763,20046.36;260.363
20009.38,0.5800763,20046.36;260.363
20009.38,0.5800768,20046.36;260.5349
20009.38,0.5800762,20046.36;260.701
20009.38,0.5800762,20046.36;260.8386
20009.38,0.5800762,20046.36;260.8386
20009.38,0.5800762,20046.36;260.8386
20009.38,0.5800762,20046.36;260.9761
20009.38,0.5800771,20046.36;261.0735
20009.38,0.5800771,20046.36;261.0792
20009.38,0.5800771,20046.36;261.0792
20009.38,0.5800771,20046.36;261.0792
20009.38,0.5800771,20046.36;261.085
20009.38,0.5800771,20046.36;261.0334
20009.38,0.5800771,20046.36;260.9818
20009.38,0.5800771,20046.36;260.9818
20009.38,0.5800771,20046.36;260.9818
20009.38,0.5800771,20046.36;260.9303
20009.38,0.5800771,20046.36;260.9303
20009.38,0.5800771,20046.36;260.9646
20009.38,0.5800771,20046.36;260.9646
20009.38,0.5800771,20046.36;260.9646
20009.38,0.5800772,20046.36;260.999
20009.38,0.5800772,20046.36;261.0506
20009.38,0.580077,20046.36;261.1079
20009.38,0.580077,20046.36;261.1079
20009.38,0.580077,20046.36;261.1079
20009.38,0.5800776,20046.36;261.1652
20009.38,0.5800776,20046.36;261.2339
20009.38,0.5800784,20046.36;261.3027
20009.38,0.5800784,20046.36;261.3657
20009.38,0.5800784,20046.36;261.3657
20009.38,0.580079,20046.36;261.4287
20009.38,0.580079,20046.36;261.4917
20009.38,0.580079,20046.36;261.5261
20009.38,0.580079,20046.36;261.5261
20009.38,0.580079,20046.36;261.5261
20009.38,0.580079,20046.36;261.5605
20009.38,0.580079,20046.36;261.6063
20009.38,0.580079,20046.36;261.6521
20009.38,0.580079,20046.36;261.6521
20009.38,0.580079,20046.36;261.6521
20009.38,0.5800791,20046.36;261.698
20009.38,0.5800791,20046.36;261.7438
20009.38,0.5800793,20046.36;261.7954
20009.38,0.5800793,20046.36;261.7954
20009.38,0.5800793,20046.36;261.8469
20009.38,0.5800793,20046.36;261.9214
20009.38,0.5800805,20046.36;261.9959
20009.38,0.5800808,20046.36;262.0761
20009.38,0.5800808,20046.36;262.0761
20009.38,0.5800808,20046.36;262.0761
20009.38,0.5800812,20046.36;262.1678
20009.38,0.5800812,20046.36;262.2595
20009.38,0.5800822,20046.36;262.3569
20009.38,0.5800822,20046.36;262.3569
20009.38,0.5800833,20046.36;262.4543
20009.38,0.5800841,20046.36;262.546
20009.38,0.5800844,20046.36;262.6377
20009.38,0.5800862,20046.36;262.7465
20009.38,0.5800862,20046.36;262.7465
20009.38,0.5800862,20046.36;262.8554
20009.38,0.5800858,20046.36;262.97
20009.38,0.5800867,20046.36;263.0846
20009.38,0.5800867,20046.36;263.1762
20009.38,0.5800867,20046.36;263.1762
20009.38,0.5800887,20046.36;263.2794
20009.38,0.5800889,20046.36;263.3825
20009.38,0.5800889,20046.36;263.4799
20009.38,0.5800889,20046.36;263.4799
20009.38,0.5800889,20046.36;263.4799
20009.38,0.5800897,20046.36;263.5602
20009.38,0.58009,20046.36;263.6404
20009.38,0.5800917,20046.36;263.7492
20009.38,0.5800917,20046.36;263.7492
20009.38,0.5800917,20046.36;263.7492
20009.38,0.5800917,20046.36;263.8638
20009.38,0.5800917,20046.36;263.8638
20009.38,0.5800917,20046.36;263.9784
20009.38,0.5800927,20046.36;264.0758
20009.38,0.5800927,20046.36;264.0758
20009.38,0.5800931,20046.36;264.1904
20009.38,0.5800931,20046.36;264.1904
20009.38,0.5800933,20046.36;264.2935
20009.38,0.5800933,20046.36;264.2935
20009.38,0.5800933,20046.36;264.2935
20009.38,0.5800937,20046.36;264.3852
20009.38,0.5800937,20046.36;264.3852
20009.38,0.5800948,20046.36;264.4941
20009.38,0.5800948,20046.36;264.4941
20009.38,0.5800945,20046.36;264.5972
20009.38,0.5800945,20046.36;264.5972
20009.38,0.5800945,20046.36;264.7004
20009.38,0.5800962,20046.36;264.7921
20009.38,0.5800962,20046.36;264.7921
20009.38,0.5800965,20046.36;264.9009
20009.38,0.5800965,20046.36;264.9009
20009.38,0.5800965,20046.36;265.0098
20009.38,0.5800967,20046.36;265.1129
20009.38,0.5800967,20046.36;265.1129
20009.38,0.580097,20046.36;265.1588
20009.38,0.580097,20046.36;265.1588
20009.38,0.580097,20046.36;265.2046
20009.38,0.580097,20046.36;265.0499
20009.38,0.580097,20046.36;265.0499
20009.39,0.580097,20046.36;265.0556
20009.39,0.580097,20046.36;265.0556
20009.39,0.580097,20046.36;265.0613
20009.39,0.580097,20046.36;265.1645
20009.39,0.580097,20046.36;265.1645
20009.39,0.580097,20046.36;265.4109
20009.39,0.580097,20046.36;265.4109
20009.44,0.580097,20046.37;265.6573
20009.48,0.580097,20046.37;265.9838
20009.54,0.580097,20046.37;266.3104
20009.6,0.580097,20046.38;266.6255
20009.6,0.580097,20046.38;266.6255
20009.66,0.580097,20046.38;266.9407
20009.72,0.580097,20046.38;267.3589
20009.77,0.580097,20046.38;267.7772
20009.82,0.580097,20046.38;268.2413
20009.82,0.580097,20046.38;268.2413
20009.87,0.580097,20046.39;268.7054
20009.91,0.580097,20046.39;269.1465
20009.93,0.580097,20046.39;269.7081
20009.93,0.580097,20046.39;269.7081
20009.93,0.580097,20046.39;269.7081
20009.93,0.580097,20046.39;270.2695
20009.93,0.580097,20046.39;270.8425
20009.93,0.580097,20046.39;271.3524
20009.93,0.580097,20046.39;271.3524
20009.93,0.580097,20046.39;271.3524
20009.93,0.580097,20046.39;271.8624
20009.93,0.580097,20046.39;272.4926
20009.93,0.580097,20046.39;273.163
20009.93,0.580097,20046.39;273.163
20009.93,0.580097,20046.39;273.163
20009.93,0.580097,20046.39;273.7302
20009.93,0.580097,20046.39;274.2975
20009.93,0.580097,20046.39;274.9277
20009.93,0.580097,20046.39;274.9277
20009.92,0.580097,20046.39;275.558
20009.92,0.580097,20046.39;276.2341
20009.92,0.580097,20046.39;276.9102
20009.92,0.580097,20046.39;277.5118
20009.92,0.580097,20046.39;277.5118
20009.92,0.580097,20046.39;278.1134
20009.92,0.580097,20046.39;278.8181
20009.92,0.580097,20046.39;279.5171
20009.92,0.580097,20046.39;279.5171
20009.92,0.580097,20046.39;279.5171
20009.92,0.580097,20046.39;280.1015
20009.92,0.580097,20046.39;280.686
20009.92,0.580097,20046.39;281.3563
20009.92,0.580097,20046.39;281.3563
20009.92,0.580097,20046.39;282.0267
20009.92,0.580097,20046.39;282.6053
20009.92,0.580097,20046.39;283.2528
20009.92,0.580097,20046.39;283.2528
20009.92,0.580097,20046.39;283.2528
20009.92,0.580097,20046.39;283.9174
20009.92,0.580097,20046.39;284.5821
20009.92,0.580097,20046.39;285.1665
20009.92,0.580097,20046.39;285.1665
20009.92,0.580097,20046.39;285.8597
20009.92,0.580097,20046.39;286.553
20009.92,0.580097,20046.39;287.2463
20009.92,0.580097,20046.39;287.2463
20009.92,0.580097,20046.39;287.8536
20009.92,0.580097,20046.39;288.461
20009.92,0.580097,20046.39;289.1772
20009.92,0.580097,20046.39;289.1772
20009.92,0.580097,20046.39;289.1772
20009.92,0.580097,20046.39;289.8876
20009.92,0.580097,20046.39;290.5981
20009.92,0.580097,20046.39;291.2226
20009.92,0.580097,20046.39;291.2226
20009.92,0.580097,20046.39;291.2226
20009.92,0.580097,20046.39;291.8013
20009.92,0.580097,20046.39;292.38
20009.92,0.580097,20046.39;292.529
20009.92,0.580097,20046.39;292.529
20009.92,0.580097,20046.39;292.718
20009.92,0.580097,20046.39;292.718
20009.92,0.580097,20046.39;292.9071
20009.91,0.580097,20046.39;292.9644
20009.91,0.580097,20046.39;293.1535
20009.91,0.580097,20046.39;293.1535
20009.92,0.580097,20046.38;293.3425
20009.94,0.580097,20046.38;293.8009
20009.94,0.580097,20046.38;293.8009
20009.99,0.580097,20046.35;294.202
20009.99,0.580097,20046.35;294.202
20010,0.580097,20046.35;294.603
20010.01,0.580097,20046.35;294.9067
20010.01,0.580097,20046.35;294.9067
20010.01,0.580097,20046.35;295.0843
20010.01,0.580097,20046.35;295.0843
20010,0.580097,20046.35;295.2619
20010,0.580097,20046.35;295.4281
20010,0.580097,20046.35;295.4281
20009.91,0.580097,20046.39;295.5427
20009.91,0.580097,20046.39;295.5427
20009.81,0.580097,20046.44;295.6573
20009.71,0.580097,20046.49;295.7088
20009.61,0.580097,20046.54;295.6745
20009.61,0.580097,20046.54;295.6745
20009.61,0.580097,20046.54;295.6745
20009.5,0.580097,20046.59;295.6401
20009.4,0.580097,20046.64;295.514
20009.38,0.5800973,20046.71;295.3823
20009.38,0.5800973,20046.71;295.3823
20009.38,0.5800973,20046.71;295.3823
20009.38,0.5800973,20046.71;295.3823
20009.38,0.5800984,20046.79;295.2047
20009.35,0.5800993,20046.9;294.9926
20009.35,0.5800993,20046.9;294.9926
20009.35,0.5800993,20046.9;294.9926
20009.15,0.5800993,20046.99;294.815
20008.95,0.5800993,20047.09;294.6374
20008.75,0.5800993,20047.18;294.477
20008.75,0.5800993,20047.18;294.477
20008.58,0.5800993,20047.25;294.3166
20008.41,0.5800993,20047.33;294.179
20008.22,0.5800993,20047.41;294.0415
20008.03,0.5800993,20047.5;293.904
20008.03,0.5800993,20047.5;293.904
20007.84,0.5800993,20047.58;293.7665
20007.65,0.5800993,20047.66;293.5832
20007.49,0.5800993,20047.73;293.3826
20007.49,0.5800993,20047.73;293.3826
20007.49,0.5800993,20047.73;293.3826
20007.3,0.5800993,20047.81;293.1821
20007.12,0.5800993,20047.89;293.0388
20006.94,0.5800993,20047.97;292.8956
20006.94,0.5800993,20047.97;292.8956
20006.94,0.5800993,20047.97;292.8956
20006.78,0.5800993,20048.03;292.7524
20006.6,0.5800993,20048.11;292.6263
20006.42,0.5800993,20048.18;292.4888
20006.42,0.5800993,20048.18;292.4888
20006.42,0.5800993,20048.18;292.4888
20006.24,0.5800993,20048.26;292.3226
20006.08,0.5800993,20048.32;292.1565
20005.92,0.5800993,20048.39;291.9903
20005.92,0.5800993,20048.39;291.9903
20005.92,0.5800993,20048.39;291.9903
20005.74,0.5800993,20048.46;291.8242
20005.55,0.5800993,20048.54;291.6752
20005.37,0.5800993,20048.61;291.4976
20005.37,0.5800993,20048.61;291.4976
20005.37,0.5800993,20048.61;291.4976
20005.21,0.5800993,20048.67;291.3085
20005.02,0.5800993,20048.74;291.1194
20004.84,0.5800993,20048.81;290.959
20004.84,0.5800993,20048.81;290.959
20004.84,0.5800993,20048.81;290.959
20004.65,0.5800993,20048.88;290.7757
20004.49,0.5800993,20048.94;290.5923
20004.33,0.5800993,20049;290.4147
20004.33,0.5800993,20049;290.4147
20004.33,0.5800993,20049;290.4147
20004.15,0.5800993,20049.07;290.2657
20003.96,0.5800993,20049.14;290.1168
20003.78,0.5800993,20049.21;289.9449
20003.78,0.5800993,20049.21;289.9449
20003.78,0.5800993,20049.21;289.9449
20003.62,0.5800993,20049.26;289.8016
20003.43,0.5800993,20049.33;289.6584
20003.25,0.5800993,20049.39;289.4922
20003.25,0.5800993,20049.39;289.4922
20003.25,0.5800993,20049.39;289.4922
20003.06,0.5800993,20049.46;289.3146
20002.9,0.5800993,20049.52;289.137
20002.74,0.5800993,20049.57;288.9709
20002.74,0.5800993,20049.57;288.9709
20002.55,0.5800993,20049.63;288.8276
20002.55,0.5800993,20049.63;288.8276
20002.37,0.5800993,20049.7;288.6844
20002.18,0.5800993,20049.76;288.5068
20002.18,0.5800993,20049.76;288.5068
20002.02,0.5800993,20049.81;288.3406
20002.02,0.5800993,20049.81;288.3406
20001.83,0.5800993,20049.88;288.1744
20001.64,0.5800993,20049.94;288.0312
20001.64,0.5800993,20049.94;288.0312
20001.45,0.5800993,20050;287.8651
20001.45,0.5800993,20050;287.8651
20001.29,0.5800993,20050.05;287.6989
20001.12,0.5800993,20050.1;287.5327
20000.93,0.5800993,20050.16;287.3838
20000.93,0.5800993,20050.16;287.3838
20000.93,0.5800993,20050.16;287.3838
20000.77,0.5800993,20050.21;287.2061
20000.77,0.5800993,20050.21;287.2061
20000.58,0.5800993,20050.27;287.0572
20000.58,0.5800993,20050.27;287.0572
20000.58,0.5800993,20050.27;287.0572
20000.39,0.5800993,20050.33;286.891
20000.39,0.5800993,20050.33;286.891
20000.2,0.5800993,20050.38;286.7248
20000.2,0.5800993,20050.38;286.7248
20000.03,0.5800993,20050.44;286.5587
19999.87,0.5800993,20050.48;286.4097
19999.69,0.5800993,20050.54;286.2321
19999.53,0.5800993,20050.58;286.0544
19999.36,0.5800993,20050.63;285.8768
19999.18,0.5800993,20050.68;285.6992
19998.99,0.5800993,20050.73;285.5445
19998.99,0.5800993,20050.73;285.5445
19998.8,0.5800993,20050.78;285.3898
19998.62,0.5800993,20050.83;285.2179
19998.48,0.5800993,20050.87;285.0403
19998.48,0.5800993,20050.87;285.0403
19998.35,0.5800993,20050.91;284.8627
19998.21,0.5800993,20050.94;284.6736
19998.06,0.5800993,20050.98;284.4846
19997.91,0.5800993,20051.02;284.2153
19997.8,0.5800993,20051.04;283.946
19997.7,0.5800993,20051.07;283.6996
19997.61,0.5800993,20051.09;283.4532
19997.52,0.5800993,20051.12;283.2412
19997.52,0.5800993,20051.12;283.2412
19997.44,0.5800993,20051.13;283.0292
19997.38,0.5800993,20051.15;282.8
19997.31,0.5800993,20051.16;282.588
19997.31,0.5800993,20051.16;282.588
19997.22,0.5800993,20051.18;282.3761
19997.12,0.5800993,20051.2;282.2156
19997,0.5800993,20051.23;282.0552
19996.88,0.5800993,20051.25;281.8776
19996.88,0.5800993,20051.25;281.8776
19996.75,0.5800993,20051.28;281.7
19996.63,0.5800993,20051.31;281.5223
19996.45,0.5800993,20051.34;281.3848
19996.45,0.5800993,20051.34;281.3848
19996.45,0.5800993,20051.34;281.3848
19996.26,0.5800993,20051.38;281.2473
19996.06,0.5800993,20051.42;281.0926
19995.88,0.5800993,20051.45;280.9379
19995.88,0.5800993,20051.45;280.9379
19995.88,0.5800993,20051.45;280.9379
19995.67,0.5800993,20051.49;280.7832
19995.47,0.5800993,20051.53;280.6572
19995.27,0.5800993,20051.57;280.4968
19995.27,0.5800993,20051.57;280.4968
19995.27,0.5800993,20051.57;280.4968
19995.11,0.5800993,20051.6;280.3363
19994.95,0.5800993,20051.63;280.1816
19994.75,0.5800993,20051.66;280.0613
19994.75,0.5800993,20051.66;280.0613
19994.75,0.5800993,20051.66;280.0613
19994.56,0.5800993,20051.7;279.9753
19994.39,0.5800993,20051.72;279.8894
19994.39,0.5800993,20051.72;279.8894
19994.39,0.5800993,20051.72;279.8894
19994.39,0.5800993,20051.72;279.8894
19994.19,0.5800993,20051.76;279.8034
19994.19,0.5800993,20051.76;279.8034
19994,0.5800993,20051.79;279.7175
19994,0.5800993,20051.79;279.7175
19994,0.5800993,20051.79;279.7175
19993.84,0.5800993,20051.82;279.6659
19993.65,0.5800993,20051.85;279.6144
19993.47,0.5800993,20051.88;279.4769
19993.47,0.5800993,20051.88;279.4769
19993.47,0.5800993,20051.88;279.4769
19993.28,0.5800993,20051.91;279.3279
19993.12,0.5800993,20051.94;279.1789
19992.96,0.5800993,20051.96;279.0299
19992.96,0.5800993,20051.96;279.0299
19992.96,0.5800993,20051.96;279.0299
19992.78,0.5800993,20051.99;278.8981
19992.59,0.5800993,20052.02;278.7664
19992.4,0.5800993,20052.05;278.6059
19992.4,0.5800993,20052.05;278.6059
19992.24,0.5800993,20052.07;278.4398
19992.24,0.5800993,20052.07;278.4398
19992.06,0.5800993,20052.1;278.2736
19991.88,0.5800993,20052.13;278.1304
19991.88,0.5800993,20052.13;278.1304
19991.88,0.5800993,20052.13;278.1304
19991.7,0.5800993,20052.15;277.9528
19991.54,0.5800993,20052.17;277.7751
19991.38,0.5800993,20052.19;277.6032
19991.38,0.5800993,20052.19;277.6032
19991.21,0.5800993,20052.22;277.4944
19991.21,0.5800993,20052.22;277.4944
19991.02,0.5800993,20052.24;277.3855
19990.84,0.5800993,20052.26;277.2881
19990.84,0.5800993,20052.26;277.2881
19990.69,0.5800993,20052.28;277.2652
19990.69,0.5800993,20052.28;277.2652
19990.51,0.5800993,20052.31;277.2423
19990.33,0.5800993,20052.33;277.2365
19990.33,0.5800993,20052.33;277.2365
19990.14,0.5800993,20052.35;277.2308
19989.99,0.5800993,20052.37;277.2251
19989.99,0.5800993,20052.37;277.2251
19989.81,0.5800993,20052.39;277.2194
