20000,0.5,20000;0
20000,0.5,20000;359.4328
20000,0.5,20000;359.4328
20000,0.5,20000;359.4328
20000,0.5,20000;359.4328
20000,0.5,20000;359.4328
20000,0.5,20000;359.4328
20000,0.5,20000;359.4328
20000,0.5,20000;359.4328
20000,0.5,20000;359.4328
20000,0.5,20000;359.4328
20000,0.5,20000;359.4328
20000,0.5,20000;359.4328
20000,0.5,20000;359.4328
20000,0.5,20000;359.4328
20000,0.5,20000;359.4328
20000,0.5,20000;359.4328
20000,0.5,20000;359.4328
20000,0.5,20000;359.4328
20000,0.5,20000;359.4328
20000,0.5,20000;359.4328
20000,0.5,20000;359.4328
20000,0.5,20000;358.8655
20000,0.5,20000;358.8655
20000,0.5,20000;358.2983
20000,0.5,20000;358.2983
20000,0.5,20000;358.2983
20000,0.5,20000;358.2983
20000,0.5,20000;358.2983
20000,0.5,20000;358.2983
20000,0.5,20000;358.2983
20000,0.5,20000;358.2983
20000,0.5,20000;357.7311
20000,0.5,20000;357.7311
20000,0.5,20000;357.7311
20000,0.5,20000;357.7311
20000,0.5,20000;357.7311
20000,0.5,20000;357.1638
20000,0.5,20000;357.1638
20000,0.5,20000;357.1638
20000,0.5,20000;357.1638
20000,0.5799968,19999.99;356.5966
20000,0.5799968,19999.99;356.5966
20000,0.5799993,19999.98;356.0294
20000,0.5799993,19999.98;356.0294
20000,0.5799993,19999.98;356.0294
20000,0.5799993,19999.96;355.4621
20000.01,0.5799993,19999.93;355.4449
20000.01,0.5799993,19999.9;355.4278
20000.01,0.5799993,19999.87;355.3991
20000.01,0.5799993,19999.87;355.3991
20000.01,0.5799993,19999.84;355.3705
20000.02,0.5799993,19999.8;355.3762
20000.02,0.5799993,19999.78;355.4106
20000.02,0.5799993,19999.78;355.4106
20000.02,0.5799993,19999.78;355.4106
20000.02,0.5800001,19999.75;355.4449
20000.02,0.5800001,19999.72;355.4965
20000.03,0.5800001,19999.68;355.508
20000.03,0.5800001,19999.68;355.508
20000.03,0.5800001,19999.68;355.508
20000.03,0.5800001,19999.64;355.5194
20000.03,0.5800001,19999.61;355.508
20000.03,0.5800001,19999.58;355.4679
20000.03,0.5800001,19999.58;355.4679
20000.04,0.5800001,19999.53;355.4278
20000.04,0.5800001,19999.49;355.3475
20000.04,0.5800001,19999.45;355.2673
20000.05,0.5800001,19999.41;355.1986
20000.05,0.5800001,19999.41;355.1986
20000.05,0.5800001,19999.41;355.1986
20000.05,0.5800001,19999.39;355.17
20000.05,0.5800001,19999.38;355.1413
20000.05,0.5800001,19999.37;355.1241
20000.05,0.5800001,19999.37;355.1241
20000.05,0.5800001,19999.37;355.1069
20000.05,0.5800001,19999.37;355.1012
20000.05,0.5800001,19999.38;355.0955
20000.05,0.5800001,19999.39;355.1012
20000.05,0.5800001,19999.39;355.1012
20000.05,0.5800001,19999.4;355.1069
20000.05,0.5800001,19999.42;355.1184
20000.04,0.5800001,19999.43;355.1299
20000.04,0.5800001,19999.45;355.1241
20000.04,0.5800001,19999.45;355.1241
20000.04,0.5800001,19999.47;355.1184
20000.04,0.5800001,19999.49;355.0897
20000.04,0.5800001,19999.52;355.0611
20000.04,0.5800001,19999.55;355.0095
20000.04,0.5800001,19999.55;355.0095
20000.03,0.5800001,19999.6;354.9579
20000.03,0.5800001,19999.65;354.9351
20000.02,0.5800001,19999.69;354.9121
20000.02,0.5800001,19999.74;354.9064
20000.02,0.5800001,19999.74;354.9064
20000.01,0.5800001,19999.81;354.9236
20000.01,0.5800001,19999.81;354.9236
20000,0.5800001,19999.89;354.9408
20000,0.5800001,19999.98;354.9923
20000,0.5800001,19999.98;354.9923
19999.99,0.5800001,20000.07;355.0554
19999.99,0.5800001,20000.07;355.0554
19999.98,0.5800001,20000.18;355.1184
19999.97,0.5800001,20000.3;355.1871
19999.97,0.5800001,20000.3;355.1871
19999.96,0.5800001,20000.41;355.2616
19999.96,0.5800001,20000.41;355.2616
19999.95,0.5800001,20000.54;355.3304
19999.95,0.5800001,20000.54;355.3304
19999.95,0.5800001,20000.54;355.3304
19999.94,0.5800001,20000.68;355.3877
19999.94,0.5800001,20000.68;355.3877
19999.93,0.5800001,20000.8;355.422
19999.93,0.5800001,20000.8;355.422
19999.93,0.5800001,20000.8;355.422
19999.92,0.5800001,20000.96;355.4278
19999.9,0.5800001,20001.15;355.4335
19999.9,0.5800001,20001.15;355.4335
19999.9,0.5800001,20001.15;355.4335
19999.89,0.5800001,20001.34;355.4392
19999.89,0.5800001,20001.34;355.4392
19999.87,0.5800001,20001.5;355.4449
19999.87,0.5800001,20001.5;355.4449
19999.87,0.5800001,20001.5;355.4449
19999.86,0.5800001,20001.69;355.4507
19999.86,0.5800001,20001.69;355.4507
19999.85,0.5800001,20001.85;355.4564
19999.85,0.5800001,20001.85;355.4564
19999.83,0.5800001,20002.02;355.4621
19999.83,0.5800001,20002.02;355.4621
19999.83,0.5800001,20002.02;355.4621
19999.82,0.5800001,20002.2;355.4679
19999.8,0.5800001,20002.38;355.4621
19999.79,0.5800001,20002.53;355.4621
19999.79,0.5800001,20002.53;355.4621
19999.79,0.5800001,20002.53;355.4621
19999.78,0.5800001,20002.71;355.4621
19999.78,0.5800001,20002.71;355.4621
19999.76,0.5800001,20002.89;355.4621
19999.76,0.5800001,20002.89;355.4621
19999.75,0.5800001,20003.04;355.4621
19999.74,0.5800001,20003.2;355.4679
19999.72,0.5800001,20003.38;355.4736
19999.71,0.5800001,20003.57;355.4736
19999.71,0.5800001,20003.57;355.4736
19999.7,0.5800001,20003.75;355.4736
19999.68,0.5800001,20003.94;355.4736
19999.67,0.5800001,20004.1;355.4736
19999.65,0.5800001,20004.25;355.4679
19999.65,0.5800001,20004.25;355.4679
19999.64,0.5800001,20004.44;355.4621
19999.63,0.5800001,20004.63;355.4564
19999.61,0.5800001,20004.81;355.4507
19999.6,0.5800001,20004.99;355.4507
19999.6,0.5800001,20004.99;355.4507
19999.58,0.5800001,20005.15;355.4507
19999.57,0.5800001,20005.31;355.4507
19999.56,0.5800001,20005.49;355.4507
19999.54,0.5800001,20005.67;355.4507
19999.54,0.5800001,20005.67;355.4507
19999.53,0.5800001,20005.86;355.4507
19999.51,0.5800001,20006.04;355.4507
19999.5,0.5800001,20006.2;355.4507
19999.49,0.5800001,20006.36;355.4507
19999.49,0.5800001,20006.36;355.4507
19999.47,0.5800001,20006.54;355.4507
19999.46,0.5800001,20006.73;355.4449
19999.44,0.5800001,20006.91;355.4392
19999.43,0.5800001,20007.09;355.4392
19999.43,0.5800001,20007.09;355.4392
19999.42,0.5800001,20007.25;355.4392
19999.4,0.5800001,20007.41;355.4392
19999.39,0.5800001,20007.6;355.4392
19999.38,0.5800001,20007.78;355.4392
19999.38,0.5800001,20007.78;355.4392
19999.36,0.5800001,20007.96;355.4392
19999.34,0.5800001,20008.15;355.4392
19999.33,0.5800001,20008.31;355.4392
19999.33,0.5800001,20008.31;355.4392
19999.33,0.5800001,20008.31;355.4392
19999.32,0.5800001,20008.49;355.4392
19999.3,0.5800001,20008.68;355.4392
19999.29,0.5800001,20008.87;355.4392
19999.29,0.5800001,20008.87;355.4392
19999.28,0.5800001,20009.02;355.4392
19999.26,0.5800001,20009.18;355.4392
19999.25,0.5800001,20009.36;355.4392
19999.23,0.5800001,20009.55;355.4392
19999.23,0.5800001,20009.55;355.4392
19999.22,0.5800001,20009.73;355.4392
19999.2,0.5800001,20009.92;355.4392
19999.19,0.5800001,20010.08;355.4392
19999.19,0.5800001,20010.08;355.4392
19999.19,0.5800001,20010.08;355.4392
19999.18,0.5800001,20010.26;355.4392
19999.16,0.5800001,20010.45;355.4392
19999.15,0.5800001,20010.63;355.4392
19999.15,0.5800001,20010.63;355.4392
19999.13,0.5800001,20010.79;355.4392
19999.13,0.5800001,20010.79;355.4392
19999.12,0.5800001,20010.98;355.4392
19999.1,0.5800001,20011.17;355.4392
19999.1,0.5800001,20011.17;355.4392
19999.09,0.5800001,20011.36;355.4392
19999.08,0.5800001,20011.52;355.4392
19999.06,0.5800001,20011.68;355.4392
19999.06,0.5800001,20011.68;355.4392
19999.05,0.5800001,20011.87;355.4392
19999.05,0.5800001,20011.87;355.4392
19999.03,0.5800001,20012.06;355.4392
19999.02,0.5800001,20012.25;355.4392
19999.02,0.5800001,20012.25;355.4392
19999,0.5800001,20012.41;355.4392
19999,0.5800001,20012.41;355.4392
19998.99,0.5800001,20012.6;355.4392
19998.99,0.5800001,20012.6;355.4392
19998.97,0.5800001,20012.79;355.4335
19998.97,0.5800001,20012.79;355.4335
19998.96,0.5800001,20012.95;355.4335
19998.96,0.5800001,20012.95;355.4335
19998.95,0.5800001,20013.14;355.4335
19998.95,0.5800001,20013.14;355.4335
19998.93,0.5800001,20013.29;355.4335
19998.92,0.5800001,20013.45;355.4335
19998.91,0.5800001,20013.64;355.4335
19998.91,0.5800001,20013.64;355.4335
19998.91,0.5800001,20013.64;355.4335
19998.9,0.5800001,20013.73;355.4335
19998.89,0.5800001,20013.83;355.4335
19998.88,0.5800001,20014;355.4335
19998.88,0.5800001,20014;355.4335
19998.88,0.5800001,20014;355.4335
19998.86,0.5800001,20014.19;355.4335
19998.85,0.5800001,20014.39;355.4335
19998.83,0.5800001,20014.58;355.4335
19998.83,0.5800001,20014.58;355.4335
19998.83,0.5800001,20014.58;355.4335
19998.82,0.5800001,20014.75;355.4278
19998.82,0.5800001,20014.75;355.4278
19998.8,0.5800001,20014.94;355.422
19998.8,0.5800001,20014.94;355.422
19998.79,0.5800001,20015.13;355.4163
19998.77,0.5800001,20015.32;355.4048
19998.76,0.5800001,20015.49;355.3934
19998.74,0.5800001,20015.66;355.3877
19998.74,0.5800001,20015.66;355.3877
19998.73,0.5800001,20015.85;355.3819
19998.71,0.5800001,20016.04;355.3819
19998.7,0.5800001,20016.23;355.3819
19998.68,0.5800001,20016.42;355.3762
19998.68,0.5800001,20016.42;355.3762
19998.67,0.5800001,20016.58;355.3705
19998.67,0.5800001,20016.58;355.3705
19998.66,0.5800001,20016.75;355.3533
19998.64,0.5800001,20016.92;355.3074
19998.64,0.5800001,20016.92;355.3074
19998.63,0.5800001,20017.03;355.2616
19998.63,0.5800001,20017.13;355.2444
19998.62,0.5800001,20017.16;355.2272
19998.62,0.5800001,20017.19;355.233
19998.62,0.5800001,20017.19;355.233
19998.62,0.5800001,20017.21;355.2387
19998.62,0.5800001,20017.22;355.2616
19998.62,0.5800001,20017.25;355.2845
19998.61,0.5800001,20017.27;355.3246
19998.61,0.5800001,20017.27;355.3246
19998.61,0.5800001,20017.27;355.3246
19998.61,0.5800001,20017.3;355.3533
19998.61,0.5800001,20017.36;355.3819
19998.6,0.5800001,20017.42;355.3934
19998.6,0.5800001,20017.42;355.3934
19998.59,0.5800001,20017.51;355.4048
19998.59,0.5800001,20017.6;355.4106
19998.58,0.5800001,20017.71;355.4163
19998.57,0.5800001,20017.82;355.4278
19998.57,0.5800001,20017.82;355.4278
19998.56,0.5800001,20017.98;355.4392
19998.54,0.5800001,20018.13;355.4449
19998.53,0.5800001,20018.29;355.4507
19998.52,0.5800001,20018.46;355.4278
19998.52,0.5800001,20018.46;355.4278
19998.51,0.5800001,20018.6;355.4048
19998.5,0.5800001,20018.73;355.3533
19998.48,0.5800001,20018.88;355.3017
19998.47,0.5800001,20019.02;355.2616
19998.47,0.5800001,20019.02;355.2616
19998.46,0.5800001,20019.15;355.2215
19998.45,0.5800001,20019.28;355.1527
19998.44,0.5800001,20019.38;355.0725
19998.44,0.5800001,20019.38;355.0725
19998.44,0.5800001,20019.38;355.0725
19998.43,0.5800001,20019.49;355.021
19998.43,0.5800001,20019.49;355.021
19998.42,0.5800001,20019.61;355.0153
19998.42,0.5800001,20019.61;355.0153
19998.42,0.5800001,20019.61;355.0153
19998.41,0.5800001,20019.71;354.9809
19998.41,0.5800001,20019.71;354.9809
19998.4,0.5800001,20019.83;354.9465
19998.39,0.5800001,20019.96;354.8835
19998.39,0.5800001,20019.96;354.8835
19998.38,0.5800001,20020.06;354.7803
19998.38,0.5800001,20020.06;354.7803
19998.37,0.5800001,20020.18;354.6657
19998.37,0.5800001,20020.18;354.6657
19998.37,0.5800001,20020.18;354.6657
19998.36,0.5800001,20020.29;354.5683
19998.35,0.5800001,20020.41;354.4709
19998.34,0.5800001,20020.52;354.3793
19998.33,0.5800001,20020.62;354.299
19998.33,0.5800001,20020.62;354.299
19998.32,0.5800001,20020.73;354.2188
19998.3,0.5800001,20020.85;354.173
19998.3,0.5800001,20020.85;354.173
19998.29,0.5800001,20020.96;354.1443
19998.29,0.5800001,20020.96;354.1443
19998.28,0.5800001,20021.06;354.1157
19998.27,0.5800001,20021.16;354.0412
19998.27,0.5800001,20021.16;354.0412
19998.26,0.5800001,20021.28;353.9668
19998.26,0.5800001,20021.28;353.9668
19998.25,0.5800001,20021.38;353.8923
19998.24,0.5800001,20021.48;353.8063
19998.23,0.5800001,20021.59;353.7204
19998.23,0.5800001,20021.59;353.7204
19998.23,0.5800001,20021.59;353.7204
19998.21,0.5800001,20021.71;353.6344
19998.2,0.5800001,20021.82;353.5485
19998.2,0.5800001,20021.82;353.5485
19998.19,0.5800001,20021.91;353.4683
19998.19,0.5800001,20021.91;353.4683
19998.18,0.5800001,20022.03;353.3881
19998.16,0.5800001,20022.14;353.348
19998.15,0.5800001,20022.25;353.262
19998.15,0.5800001,20022.25;353.262
19998.15,0.5800001,20022.25;353.262
19998.14,0.5800001,20022.35;353.1761
19998.13,0.5800001,20022.45;353.0786
19998.11,0.5800001,20022.56;352.987
19998.11,0.5800001,20022.56;352.987
19998.11,0.5800001,20022.56;352.987
19998.1,0.5800001,20022.67;352.8953
19998.08,0.5800001,20022.78;352.8094
19998.07,0.5800001,20022.88;352.7177
19998.07,0.5800001,20022.88;352.7177
19998.07,0.5800001,20022.88;352.7177
19998.06,0.5800001,20022.99;352.626
19998.04,0.5800001,20023.1;352.5802
19998.03,0.5800001,20023.22;352.5343
19998.03,0.5800001,20023.22;352.5343
19998.03,0.5800001,20023.22;352.5343
19998.02,0.5800001,20023.31;352.4885
19998.02,0.5800001,20023.31;352.4885
19998,0.5800001,20023.43;352.4427
19998,0.5800001,20023.43;352.4427
19998,0.5800001,20023.43;352.4427
19997.98,0.5800001,20023.54;352.3968
19997.98,0.5800001,20023.54;352.3968
19997.97,0.5800001,20023.64;352.351
19997.97,0.5800001,20023.64;352.351
19997.97,0.5800001,20023.64;352.351
19997.96,0.5800001,20023.75;352.3052
19997.94,0.5800001,20023.86;352.2593
19997.94,0.5800001,20023.86;352.2593
19997.94,0.5800001,20023.86;352.2593
19997.94,0.5800001,20023.86;352.2593
19997.93,0.5800001,20023.96;352.2135
19997.91,0.5800001,20024.07;352.1677
19997.91,0.5800001,20024.07;352.1677
19997.91,0.5800001,20024.07;352.1677
19997.91,0.5800001,20024.07;352.1677
19997.9,0.5800001,20024.16;352.1218
19997.89,0.5800001,20024.24;352.076
19997.88,0.5800001,20024.32;352.0302
19997.88,0.5800001,20024.32;352.0302
19997.88,0.5800001,20024.32;352.0302
19997.87,0.5800001,20024.4;351.9843
19997.86,0.5800001,20024.47;351.9729
19997.86,0.5800001,20024.47;351.9729
19997.86,0.5800001,20024.47;351.9729
19997.86,0.5800001,20024.47;351.9729
19997.85,0.5800001,20024.54;351.9614
19997.85,0.5800001,20024.54;351.9614
19997.83,0.5800001,20024.63;351.95
19997.83,0.5800001,20024.63;351.95
19997.83,0.5800001,20024.63;351.95
19997.82,0.5800001,20024.73;351.9385
19997.82,0.5800001,20024.73;351.9385
19997.81,0.5800001,20024.83;351.927
19997.81,0.5800001,20024.83;351.927
19997.81,0.5800001,20024.83;351.927
19997.79,0.5800001,20024.95;351.9156
19997.79,0.5800001,20024.95;351.9156
19997.77,0.5800001,20025.07;351.9041
19997.77,0.5800001,20025.07;351.9041
19997.77,0.5800001,20025.07;351.9041
19997.76,0.5800001,20025.18;351.8927
19997.76,0.5800001,20025.18;351.8927
19997.74,0.5800001,20025.31;351.8812
19997.74,0.5800001,20025.31;351.8812
19997.74,0.5800001,20025.31;351.8812
19997.72,0.5800001,20025.45;351.8698
19997.72,0.5800001,20025.45;351.8698
19997.7,0.5800001,20025.56;351.8583
19997.7,0.5800001,20025.56;351.8583
19997.7,0.5800001,20025.56;351.8583
19997.68,0.5800001,20025.69;351.8468
19997.68,0.5800001,20025.69;351.8468
19997.66,0.5800001,20025.83;351.8354
19997.66,0.5800001,20025.83;351.8354
19997.66,0.5800001,20025.83;351.8354
19997.65,0.5800001,20025.95;351.8239
19997.65,0.5800001,20025.95;351.8239
19997.63,0.5800001,20026.09;351.8124
19997.63,0.5800001,20026.09;351.8124
19997.63,0.5800001,20026.09;351.8124
19997.61,0.5800001,20026.21;351.801
19997.61,0.5800001,20026.21;351.801
19997.59,0.5800001,20026.35;351.7895
19997.59,0.5800001,20026.35;351.7895
19997.59,0.5800001,20026.35;351.7895
19997.57,0.5800001,20026.49;351.7781
19997.55,0.5800001,20026.62;351.7666
19997.55,0.5800001,20026.62;351.7666
19997.53,0.5800001,20026.74;351.7552
19997.53,0.5800001,20026.74;351.7552
19997.51,0.5800001,20026.87;351.7437
19997.51,0.5800001,20026.87;351.7437
19997.51,0.5800001,20026.87;351.7437
19997.5,0.5800001,20026.99;351.7322
19997.5,0.5800001,20026.99;351.7322
19997.48,0.5800001,20027.13;351.7208
19997.48,0.5800001,20027.13;351.7208
19997.46,0.5800001,20027.26;351.7093
19997.46,0.5800001,20027.26;351.7093
19997.46,0.5800001,20027.26;351.7093
19997.44,0.5800001,20027.38;351.6979
19997.44,0.5800001,20027.38;351.6979
19997.42,0.5800001,20027.51;351.6864
19997.42,0.5800001,20027.51;351.6864
19997.4,0.5800001,20027.64;351.675
19997.4,0.5800001,20027.64;351.675
19997.38,0.5800001,20027.76;351.6635
19997.38,0.5800001,20027.76;351.6635
19997.38,0.5800001,20027.76;351.6635
19997.37,0.5800001,20027.89;351.652
19997.37,0.5800001,20027.89;351.652
19997.35,0.5800001,20028.02;351.6406
19997.35,0.5800001,20028.02;351.6406
19997.35,0.5800001,20028.02;351.6406
19997.33,0.5800001,20028.13;351.6291
19997.31,0.5800001,20028.26;351.6176
19997.31,0.5800001,20028.26;351.6176
19997.31,0.5800001,20028.26;351.6176
19997.31,0.5800001,20028.26;351.6176
19997.29,0.5800001,20028.36;351.6062
19997.28,0.5800001,20028.47;351.5947
19997.28,0.5800001,20028.47;351.5947
19997.28,0.5800001,20028.47;351.5947
19997.28,0.5800001,20028.47;351.5947
19997.26,0.5800001,20028.59;351.5833
19997.25,0.5800001,20028.7;351.5718
19997.25,0.5800001,20028.7;351.5718
19997.25,0.5800001,20028.7;351.5718
19997.23,0.5800001,20028.82;351.5604
19997.23,0.5800001,20028.82;351.5604
19997.21,0.5800001,20028.95;351.5489
19997.21,0.5800001,20028.95;351.5489
19997.21,0.5800001,20028.95;351.5489
19997.19,0.5800001,20029.06;351.5374
19997.19,0.5800001,20029.06;351.5374
19997.17,0.5800001,20029.19;351.526
19997.17,0.5800001,20029.19;351.526
19997.17,0.5800001,20029.19;351.526
19997.15,0.5800001,20029.31;351.5145
19997.14,0.5800001,20029.42;351.5031
19997.14,0.5800001,20029.42;351.5031
19997.14,0.5800001,20029.42;351.5031
19997.12,0.5800001,20029.54;351.4916
19997.12,0.5800001,20029.54;351.4916
19997.1,0.5800001,20029.65;351.4802
19997.1,0.5800001,20029.65;351.4802
19997.1,0.5800001,20029.65;351.4802
19997.09,0.5800001,20029.76;351.4687
19997.07,0.5800001,20029.88;351.4572
19997.07,0.5800001,20029.88;351.4572
19997.07,0.5800001,20029.88;351.4572
19997.05,0.5800001,20030;351.4458
19997.05,0.5800001,20030;351.4458
19997.04,0.5800001,20030.11;351.4343
19997.04,0.5800001,20030.11;351.4343
19997.04,0.5800001,20030.11;351.4343
19997.02,0.5800001,20030.22;351.4229
19997,0.5800001,20030.35;351.4114
19997,0.5800001,20030.35;351.4114
19997,0.5800001,20030.35;351.4114
19996.98,0.5800001,20030.45;351.3999
19996.98,0.5800001,20030.45;351.3999
19996.96,0.5800001,20030.56;351.3885
19996.95,0.5800001,20030.68;351.3656
19996.95,0.5800001,20030.68;351.3656
19996.93,0.5800001,20030.8;351.3369
19996.93,0.5800001,20030.8;351.3369
19996.91,0.5800001,20030.9;351.3083
19996.91,0.5800001,20030.9;351.3083
19996.91,0.5800001,20030.9;351.3083
19996.9,0.5800001,20031.02;351.2796
19996.9,0.5800001,20031.02;351.2796
19996.88,0.5800001,20031.13;351.251
19996.88,0.5800001,20031.13;351.251
19996.86,0.5800001,20031.23;351.2338
19996.86,0.5800001,20031.23;351.2338
19996.86,0.5800001,20031.23;351.2338
19996.85,0.5800001,20031.35;351.1708
19996.85,0.5800001,20031.35;351.1708
19996.83,0.5800001,20031.46;351.0676
19996.83,0.5800001,20031.46;351.0676
19996.83,0.5800001,20031.46;351.0676
19996.81,0.5800001,20031.56;351.0504
19996.81,0.5800001,20031.56;351.0504
19996.79,0.5800001,20031.68;350.9932
19996.79,0.5800001,20031.68;350.9932
19996.78,0.5800001,20031.79;350.9359
19996.76,0.5800001,20031.91;350.8385
19996.76,0.5800001,20031.91;350.8385
19996.74,0.5800001,20032.01;350.7468
19996.74,0.5800001,20032.01;350.7468
19996.72,0.5800001,20032.12;350.6551
19996.7,0.5800001,20032.24;350.5462
19996.68,0.5800001,20032.35;350.4775
19996.68,0.5800001,20032.35;350.4775
19996.68,0.5800001,20032.35;350.4775
19996.67,0.5800001,20032.44;350.4088
19996.65,0.5800001,20032.53;350.3171
19996.63,0.5800001,20032.65;350.2139
19996.63,0.5800001,20032.65;350.2139
19996.63,0.5800001,20032.65;350.2139
19996.61,0.5800001,20032.76;350.1108
19996.6,0.5800001,20032.85;350.0134
19996.6,0.5800001,20032.85;350.0134
19996.6,0.5800001,20032.85;350.0134
19996.58,0.5800001,20032.96;349.916
19996.56,0.5800001,20033.08;349.8071
19996.54,0.5800001,20033.19;349.704
19996.54,0.5800001,20033.19;349.704
19996.54,0.5800001,20033.19;349.704
19996.52,0.5800001,20033.29;349.6008
19996.5,0.5800001,20033.39;349.5092
19996.48,0.5800001,20033.5;349.406
19996.48,0.5800001,20033.5;349.406
19996.48,0.5800001,20033.5;349.406
19996.46,0.5800001,20033.59;349.3029
19996.44,0.5800001,20033.69;349.257
19996.42,0.5800001,20033.8;349.1654
19996.42,0.5800001,20033.8;349.1654
19996.42,0.5800001,20033.8;349.1654
19996.4,0.5800001,20033.91;349.0737
19996.38,0.5800001,20034.01;348.9706
19996.36,0.5800001,20034.11;348.8617
19996.36,0.5800001,20034.11;348.8617
19996.36,0.5800001,20034.11;348.8617
19996.34,0.5800001,20034.22;348.7528
19996.32,0.5800001,20034.33;348.6669
19996.29,0.5800001,20034.44;348.5638
19996.29,0.5800001,20034.44;348.5638
19996.29,0.5800001,20034.44;348.5638
19996.28,0.5800001,20034.53;348.4606
19996.25,0.5800001,20034.64;348.3575
19996.23,0.5800001,20034.75;348.283
19996.23,0.5800001,20034.75;348.283
19996.23,0.5800001,20034.75;348.283
19996.21,0.5800001,20034.86;348.2085
19996.18,0.5800001,20034.97;348.1054
19996.16,0.5800001,20035.06;348.0022
19996.16,0.5800001,20035.06;348.0022
19996.16,0.5800001,20035.06;348.0022
19996.14,0.5800001,20035.17;347.8991
19996.12,0.5800001,20035.29;347.8132
19996.09,0.5800001,20035.4;347.7043
19996.09,0.5800001,20035.4;347.7043
19996.09,0.5800001,20035.4;347.7043
19996.07,0.5800001,20035.49;347.6012
19996.05,0.5800001,20035.61;347.498
19996.02,0.5800001,20035.72;347.4121
19996.02,0.5800001,20035.72;347.4121
19996.02,0.5800001,20035.72;347.4121
19996,0.5800001,20035.83;347.3089
19995.97,0.5800001,20035.93;347.2058
19995.95,0.5800001,20036.02;347.0969
19995.95,0.5800001,20036.02;347.0969
19995.93,0.5800001,20036.13;347.0052
19995.93,0.5800001,20036.13;347.0052
19995.9,0.5800001,20036.24;346.9136
19995.88,0.5800001,20036.35;346.7932
19995.88,0.5800001,20036.35;346.7932
19995.86,0.5800001,20036.42;346.6328
19995.86,0.5800001,20036.42;346.6328
19995.85,0.5800001,20036.45;346.5984
19995.85,0.5800001,20036.45;346.5984
19995.85,0.5800001,20036.45;346.5984
19995.85,0.5800001,20036.47;346.6156
19995.85,0.5800001,20036.47;346.6328
19995.85,0.5800001,20036.47;346.6443
19995.85,0.5800001,20036.47;346.6443
19995.85,0.5800001,20036.47;346.6443
19995.85,0.5800001,20036.48;346.6214
19995.84,0.5800001,20036.5;346.5984
19995.84,0.5800001,20036.52;346.5125
19995.84,0.5800001,20036.52;346.5125
19995.84,0.5800001,20036.52;346.5125
19995.83,0.5800001,20036.54;346.3807
19995.83,0.5800001,20036.54;346.3807
19995.82,0.5800001,20036.58;346.2489
19995.81,0.5800001,20036.62;346.1057
19995.8,0.5800001,20036.65;345.9109
19995.8,0.5800001,20036.65;345.9109
19995.8,0.5800001,20036.65;345.9109
19995.8,0.5800001,20036.68;345.7161
19995.79,0.5800001,20036.7;345.4697
19995.78,0.5800001,20036.73;345.2405
19995.78,0.5800001,20036.73;345.2405
19995.78,0.5800001,20036.73;345.2405
19995.77,0.5800001,20036.77;344.9197
19995.77,0.5800001,20036.77;344.9197
19995.76,0.5800001,20036.81;344.5358
19995.76,0.5800001,20036.81;344.5358
19995.75,0.5800001,20036.87;344.1519
19995.73,0.5800001,20036.92;343.791
19995.71,0.5800001,20036.98;343.3669
19995.69,0.5800001,20037.04;342.943
19995.67,0.5800001,20037.1;342.5132
19995.65,0.5800001,20037.18;342.1408
19995.65,0.5800001,20037.18;342.1408
19995.65,0.5800001,20037.18;342.1408
19995.62,0.5800001,20037.26;341.7684
19995.6,0.5800001,20037.34;341.3616
19995.57,0.5800001,20037.41;340.9949
19995.57,0.5800001,20037.41;340.9949
19995.54,0.5800001,20037.49;340.6282
19995.52,0.5800001,20037.57;340.3303
19995.49,0.5800001,20037.64;340.0323
19995.46,0.5800001,20037.71;339.6828
19995.46,0.5800001,20037.71;339.6828
19995.44,0.5800001,20037.79;339.3219
19995.4,0.5800001,20037.87;338.9609
19995.37,0.5800001,20037.95;338.6458
19995.37,0.5800001,20037.95;338.6458
19995.37,0.5800001,20037.95;338.6458
19995.35,0.5800001,20038.01;338.2619
19995.31,0.5800001,20038.09;337.878
19995.28,0.5800001,20038.18;337.5056
19995.28,0.5800001,20038.18;337.5056
19995.25,0.5800001,20038.25;337.1733
19995.22,0.5800001,20038.32;336.841
19995.19,0.5800001,20038.39;336.4686
19995.19,0.5800001,20038.39;336.4686
19995.19,0.5800001,20038.39;336.4686
19995.15,0.5800001,20038.46;336.1019
19995.12,0.5800001,20038.54;335.7352
19995.08,0.5800001,20038.62;335.4258
19995.08,0.5800001,20038.62;335.4258
19995.06,0.5800001,20038.67;335.1164
19995.04,0.5800001,20038.72;334.7841
19995.01,0.5800001,20038.78;334.509
19995.01,0.5800001,20038.78;334.509
19995.01,0.5800001,20038.78;334.509
19994.99,0.5800001,20038.81;334.234
19994.97,0.5800001,20038.85;334.1366
19994.97,0.5800001,20038.86;334.0392
19994.96,0.5800001,20038.87;334.0621
19994.96,0.5800001,20038.87;334.0621
19994.96,0.5800001,20038.87;334.0851
19994.96,0.5800001,20038.87;334.2054
19994.97,0.5800001,20038.85;334.3773
19994.97,0.5800001,20038.85;334.3773
19994.97,0.5800001,20038.85;334.3773
19994.98,0.5800001,20038.83;334.5491
19994.99,0.5800001,20038.81;334.7955
19994.99,0.5800001,20038.81;334.7955
19995.01,0.5800001,20038.78;335.0648
19995.01,0.5800001,20038.78;335.0648
19995.03,0.5800001,20038.73;335.2997
19995.03,0.5800001,20038.73;335.2997
19995.04,0.5800001,20038.7;335.6034
19995.04,0.5800001,20038.7;335.6034
19995.07,0.5800001,20038.65;335.907
19995.09,0.5800001,20038.59;336.268
19995.12,0.5800001,20038.53;336.629
19995.14,0.5800001,20038.47;336.9727
19995.14,0.5800001,20038.47;336.9727
19995.14,0.5800001,20038.47;336.9727
19995.17,0.5800001,20038.42;337.4197
19995.19,0.5800001,20038.36;337.8666
19995.21,0.5800001,20038.3;338.3593
19995.21,0.5800001,20038.3;338.3593
19995.23,0.5800001,20038.25;338.812
19995.23,0.5800001,20038.25;338.812
19995.24,0.5800001,20038.22;339.2646
19995.26,0.5800001,20038.19;339.8032
19995.26,0.5800001,20038.19;339.8032
19995.27,0.5800001,20038.15;340.336
19995.27,0.5800001,20038.15;340.336
19995.28,0.5800001,20038.13;340.8689
19995.29,0.5800001,20038.1;341.3444
19995.29,0.5800001,20038.1;341.3444
19995.3,0.5800001,20038.06;341.9002
19995.3,0.5800001,20038.06;341.9002
19995.31,0.5800001,20038.03;342.456
19995.32,0.5800001,20037.99;343.006
19995.32,0.5800001,20037.99;343.006
19995.33,0.5800001,20037.96;343.4873
19995.33,0.5800001,20037.96;343.4873
19995.34,0.5800001,20037.93;343.9686
19995.35,0.5800001,20037.9;344.5014
19995.36,0.5800001,20037.87;345.0285
19995.36,0.5800001,20037.87;345.0285
19995.36,0.5800001,20037.87;345.0285
19995.36,0.5800001,20037.85;345.464
19995.36,0.5800001,20037.85;345.464
19995.37,0.5800001,20037.83;345.9624
19995.37,0.5800001,20037.83;345.9624
19995.37,0.5800001,20037.83;345.9624
19995.37,0.5800001,20037.8;346.4609
19995.37,0.5800001,20037.8;346.4609
19995.38,0.5800001,20037.77;346.8906
19995.38,0.5800001,20037.77;346.8906
19995.39,0.5800001,20037.74;347.3204
19995.39,0.5800001,20037.71;347.8418
19995.4,0.5800001,20037.68;348.3631
19995.41,0.5800001,20037.64;348.8788
19995.41,0.5800001,20037.64;348.8788
19995.41,0.5800001,20037.64;348.8788
19995.41,0.5800001,20037.61;349.32
19995.41,0.5800001,20037.61;349.32
19995.42,0.5800001,20037.58;349.8299
19995.42,0.5800001,20037.58;349.8299
19995.42,0.5800001,20037.55;350.3398
19995.43,0.5800001,20037.52;350.8269
19995.43,0.5800001,20037.49;351.3139
19995.44,0.5800001,20037.46;351.7321
19995.44,0.5800001,20037.46;351.7321
19995.44,0.5800001,20037.46;351.7321
19995.44,0.5800001,20037.43;352.1504
19995.45,0.5800001,20037.39;352.6374
19995.45,0.5800001,20037.36;353.1187
19995.45,0.5800001,20037.36;353.1187
19995.45,0.5800001,20037.33;353.6
19995.46,0.5800001,20037.3;353.9552
19995.46,0.5800001,20037.27;354.3105
19995.46,0.5800001,20037.24;354.7115
19995.46,0.5800001,20037.24;354.7115
19995.46,0.5800001,20037.24;354.7115
19995.46,0.5800001,20037.21;355.1871
19995.47,0.5800001,20037.18;355.6626
19995.47,0.5800001,20037.15;356.0752
19995.47,0.5800001,20037.15;356.0752
19995.47,0.5800001,20037.15;356.0752
19995.47,0.5800001,20037.11;356.4877
19995.47,0.5800001,20037.08;356.969
19995.47,0.5800001,20037.04;357.3872
19995.47,0.5800001,20037.04;357.3872
19995.47,0.5800001,20037.04;357.3872
19995.47,0.5800001,20037.02;357.8055
19995.48,0.5800001,20036.98;358.2925
19995.48,0.5800001,20036.94;358.7852
19995.48,0.5800001,20036.94;358.7852
19995.48,0.5800001,20036.94;358.7852
19995.48,0.5800001,20036.9;359.215
19995.48,0.5800001,20036.87;359.6447
19995.48,0.5800001,20036.84;0.1489054
19995.48,0.5800001,20036.84;0.1489054
19995.48,0.5800001,20036.8;0.653107
19995.48,0.5800001,20036.77;1.168767
19995.48,0.5800001,20036.74;1.684427
19995.47,0.5800001,20036.71;2.131337
19995.47,0.5800001,20036.71;2.131337
19995.47,0.5800001,20036.69;2.578247
19995.47,0.5800001,20036.67;3.111094
19995.47,0.5800001,20036.65;3.643942
19995.47,0.5800001,20036.63;4.188248
19995.47,0.5800001,20036.63;4.188248
19995.47,0.5800001,20036.6;4.732554
19995.46,0.5800001,20036.56;5.213839
19995.46,0.5800001,20036.54;5.695124
19995.46,0.5800001,20036.51;6.038898
19995.46,0.5800001,20036.51;6.038898
19995.46,0.5800001,20036.47;6.354024
19995.46,0.5800001,20036.47;6.354024
19995.45,0.5800001,20036.44;6.634777
19995.45,0.5800001,20036.44;6.634777
19995.45,0.5800001,20036.44;6.634777
19995.45,0.5800001,20036.43;7.087416
19995.45,0.5800001,20036.43;7.087416
19995.45,0.5800001,20036.43;7.683295
19995.45,0.5800001,20036.43;7.683295
19995.45,0.5800001,20036.43;7.683295
19995.45,0.5800001,20036.43;8.095831
19995.45,0.5800001,20036.43;8.095831
19995.45,0.5800001,20036.43;8.508366
19995.45,0.5800001,20036.43;8.840681
19995.45,0.5800001,20036.43;8.840681
19995.45,0.5800001,20036.43;8.949547
19995.45,0.5800001,20036.43;8.949547
19995.45,0.5800001,20036.44;9.058413
19995.45,0.5800001,20036.44;9.161549
19995.45,0.5800001,20036.44;9.161549
19995.45,0.5800001,20036.45;9.264684
19995.45,0.5800001,20036.45;9.264684
19995.45,0.5800001,20036.45;9.362091
19995.45,0.5800001,20036.45;9.362091
19995.45,0.5800001,20036.45;9.362091
19995.45,0.5800001,20036.45;9.682948
19995.45,0.5800001,20036.45;9.998075
19995.45,0.5800001,20036.45;9.998075
19995.45,0.5800001,20036.45;10.23298
19995.45,0.5800001,20036.45;10.23298
19995.46,0.5800001,20036.47;10.46789
19995.46,0.5800001,20036.5;10.6054
19995.47,0.5800001,20036.55;10.72
19995.47,0.5800001,20036.55;10.72
19995.49,0.5800001,20036.62;10.83459
19995.5,0.5800001,20036.7;10.89188
19995.5,0.5800001,20036.7;10.89188
19995.51,0.5800001,20036.77;10.92053
19995.51,0.5800001,20036.77;10.92053
19995.54,0.5800001,20036.88;10.94918
19995.56,0.5800001,20036.99;10.94918
19995.58,0.5800001,20037.13;10.90907
19995.58,0.5800001,20037.13;10.90907
19995.58,0.5800001,20037.13;10.90907
19995.61,0.5800001,20037.25;10.86897
19995.63,0.5800001,20037.38;10.8174
19995.66,0.5800001,20037.53;10.74865
19995.66,0.5800001,20037.53;10.74865
19995.66,0.5800001,20037.53;10.74865
19995.69,0.5800001,20037.69;10.69136
19995.71,0.5800001,20037.82;10.63407
19995.74,0.5800001,20037.95;10.58824
19995.74,0.5800001,20037.95;10.58824
19995.74,0.5800001,20037.95;10.58824
19995.77,0.5800001,20038.11;10.5424
19995.8,0.5800001,20038.27;10.49657
19995.83,0.5800001,20038.42;10.44501
19995.83,0.5800001,20038.42;10.44501
19995.83,0.5800001,20038.42;10.44501
19995.85,0.5800001,20038.56;10.39344
19995.88,0.5800001,20038.71;10.34761
19995.91,0.5800001,20038.88;10.29032
19995.91,0.5800001,20038.88;10.29032
19995.91,0.5800001,20038.88;10.29032
19995.94,0.5800001,20039.04;10.23303
19995.96,0.5800001,20039.17;10.16428
19995.99,0.5800001,20039.31;10.10699
19995.99,0.5800001,20039.31;10.10699
19995.99,0.5800001,20039.31;10.10699
19996.02,0.5800001,20039.47;10.04969
19996.04,0.5800001,20039.63;9.986672
19996.07,0.5800001,20039.79;9.923651
19996.07,0.5800001,20039.79;9.923651
19996.07,0.5800001,20039.79;9.923651
19996.1,0.5800001,20039.93;9.877819
19996.12,0.5800001,20040.09;9.831985
19996.15,0.5800001,20040.25;9.774693
19996.15,0.5800001,20040.25;9.774693
19996.15,0.5800001,20040.25;9.774693
19996.18,0.5800001,20040.41;9.717402
19996.2,0.5800001,20040.55;9.66011
19996.23,0.5800001,20040.69;9.608547
19996.23,0.5800001,20040.69;9.608547
19996.23,0.5800001,20040.69;9.608547
19996.25,0.5800001,20040.85;9.545524
19996.25,0.5800001,20040.85;9.545524
19996.28,0.5800001,20041.01;9.488233
19996.28,0.5800001,20041.01;9.488233
19996.28,0.5800001,20041.01;9.488233
19996.3,0.5800001,20041.14;9.43094
19996.33,0.5800001,20041.3;9.379376
19996.35,0.5800001,20041.46;9.322084
19996.35,0.5800001,20041.46;9.322084
19996.35,0.5800001,20041.46;9.322084
19996.38,0.5800001,20041.62;9.270522
19996.4,0.5800001,20041.76;9.218959
19996.42,0.5800001,20041.89;9.173126
19996.42,0.5800001,20041.89;9.173126
19996.42,0.5800001,20041.89;9.173126
19996.45,0.5800001,20042.05;9.115834
19996.47,0.5800001,20042.18;9.058542
19996.49,0.5800001,20042.32;9.00698
19996.49,0.5800001,20042.32;9.00698
19996.49,0.5800001,20042.32;9.00698
19996.52,0.5800001,20042.47;8.955417
19996.54,0.5800001,20042.62;8.903852
19996.56,0.5800001,20042.76;8.840832
19996.56,0.5800001,20042.76;8.840832
19996.56,0.5800001,20042.76;8.840832
19996.58,0.5800001,20042.87;8.800728
19996.58,0.5800001,20042.87;8.800728
19996.59,0.5800001,20042.97;8.78927
19996.59,0.5800001,20042.97;8.78927
19996.59,0.5800001,20042.97;8.78927
19996.61,0.5800001,20043.04;8.817916
19996.61,0.5800001,20043.04;8.817916
19996.61,0.5800001,20043.07;8.846561
19996.61,0.5800001,20043.09;8.86375
19996.62,0.5800001,20043.11;8.892395
19996.62,0.5800001,20043.11;8.892395
19996.62,0.5800001,20043.13;8.921041
19996.62,0.5800001,20043.15;8.961145
19996.62,0.5800001,20043.15;8.961145
19996.63,0.5800001,20043.17;8.995521
19996.63,0.5800001,20043.17;8.995521
19996.63,0.5800001,20043.21;9.029896
19996.64,0.5800001,20043.24;9.064271
19996.64,0.5800001,20043.28;9.098646
19996.65,0.5800001,20043.32;9.138751
19996.65,0.5800001,20043.32;9.138751
19996.65,0.5800001,20043.36;9.178856
19996.66,0.5800001,20043.39;9.230417
19996.67,0.5800001,20043.43;9.28771
19996.67,0.5800001,20043.43;9.28771
19996.67,0.5800001,20043.47;9.345002
19996.68,0.5800001,20043.52;9.419481
19996.69,0.5800001,20043.55;9.493961
19996.69,0.5800001,20043.59;9.562712
19996.69,0.5800001,20043.59;9.562712
19996.7,0.5800001,20043.64;9.631461
19996.71,0.5800001,20043.69;9.734597
19996.72,0.5800001,20043.73;9.849193
19996.72,0.5800001,20043.73;9.849193
19996.72,0.5800001,20043.73;9.849193
19996.73,0.5800001,20043.78;9.958058
19996.73,0.5800001,20043.78;9.958058
19996.74,0.5800001,20043.86;10.06692
19996.74,0.5800001,20043.86;10.06692
19996.75,0.5800001,20043.93;10.17579
19996.77,0.5800001,20044;10.256
19996.77,0.5800001,20044.03;10.31902
19996.77,0.5800001,20044.03;10.31902
19996.77,0.5800001,20044.03;10.31902
19996.77,0.5800001,20044.05;10.4107
19996.78,0.5800001,20044.05;10.50237
19996.78,0.5800001,20044.05;10.61697
19996.78,0.5800001,20044.05;10.61697
19996.78,0.5800001,20044.07;10.73156
19996.78,0.5800001,20044.09;10.82897
19996.79,0.5800001,20044.13;10.92638
19996.8,0.5800001,20044.16;11.01806
19996.8,0.5800001,20044.16;11.01806
19996.8,0.5800001,20044.2;11.10973
19996.81,0.5800001,20044.23;11.18422
19996.82,0.5800001,20044.27;11.23005
19996.82,0.5800001,20044.27;11.23005
19996.82,0.5800001,20044.27;11.23005
19996.82,0.5800001,20044.3;11.27588
19996.83,0.5800001,20044.33;11.33317
19996.84,0.5800001,20044.37;11.40766
19996.84,0.5800001,20044.37;11.40766
19996.84,0.5800001,20044.4;11.48214
19996.85,0.5800001,20044.43;11.55089
19996.86,0.5800001,20044.46;11.63109
19996.86,0.5800001,20044.46;11.63109
19996.86,0.5800001,20044.46;11.63109
19996.86,0.5800001,20044.49;11.69985
19996.87,0.5800001,20044.52;11.7686
19996.88,0.5800001,20044.55;11.83162
19996.88,0.5800001,20044.55;11.83162
19996.88,0.5800001,20044.59;11.89464
19996.89,0.5800001,20044.62;11.95766
19996.9,0.5800001,20044.65;12.02068
19996.9,0.5800001,20044.69;12.08943
19996.9,0.5800001,20044.69;12.08943
19996.91,0.5800001,20044.71;12.15819
19996.92,0.5800001,20044.75;12.20975
19996.92,0.5800001,20044.78;12.28996
19996.92,0.5800001,20044.78;12.28996
19996.92,0.5800001,20044.78;12.28996
19996.93,0.5800001,20044.81;12.37016
19996.93,0.5800001,20044.81;12.37016
19996.94,0.5800001,20044.84;12.43891
19996.94,0.5800001,20044.84;12.43891
19996.94,0.5800001,20044.84;12.43891
19996.95,0.5800001,20044.87;12.51912
19996.95,0.5800001,20044.9;12.59933
19996.96,0.5800001,20044.94;12.66235
19996.96,0.5800001,20044.94;12.66235
19996.96,0.5800001,20044.94;12.66235
19996.96,0.5800001,20044.96;12.74256
19996.96,0.5800001,20044.96;12.74256
19996.97,0.5800001,20044.99;12.82277
19996.98,0.5800001,20045.02;12.90298
19996.98,0.5800001,20045.02;12.90298
19996.99,0.5800001,20045.05;12.98318
19996.99,0.5800001,20045.05;12.98318
19996.99,0.5800001,20045.08;13.06339
19997,0.5800001,20045.11;13.13214
19997.01,0.5800001,20045.14;13.21235
19997.01,0.5800001,20045.14;13.21235
19997.01,0.5800001,20045.16;13.29256
19997.02,0.5800001,20045.18;13.34985
19997.02,0.5800001,20045.18;13.34985
19997.02,0.5800001,20045.18;13.41287
19997.02,0.5800001,20045.18;13.41287
19997.01,0.5800001,20045.17;13.47589
19997.01,0.5800001,20045.16;13.56184
19997.01,0.5800001,20045.16;13.56184
19997.01,0.5800001,20045.15;13.63632
19997.01,0.5800001,20045.15;13.63632
19997.01,0.5800001,20045.15;13.7108
19997.01,0.5800001,20045.15;13.76237
19997.01,0.5800001,20045.15;13.76237
19997.01,0.5800001,20045.16;13.8082
19997.01,0.5800001,20045.16;13.8082
19997.02,0.5800001,20045.18;13.85403
19997.02,0.5800001,20045.2;13.88268
19997.02,0.5800001,20045.2;13.88268
19997.03,0.5800001,20045.23;13.89987
19997.03,0.5800001,20045.23;13.89987
19997.03,0.5800001,20045.25;13.91705
19997.04,0.5800001,20045.27;13.97435
19997.04,0.5800001,20045.27;13.97435
19997.04,0.5800001,20045.28;14.06602
19997.04,0.5800001,20045.28;14.06602
19997.04,0.5800001,20045.29;14.1577
19997.05,0.5800001,20045.31;14.25511
19997.05,0.5800001,20045.31;14.25511
19997.05,0.5800001,20045.32;14.38689
19997.05,0.5800001,20045.32;14.38689
19997.05,0.5800001,20045.33;14.51867
19997.05,0.5800001,20045.34;14.639
19997.06,0.5800001,20045.35;14.75932
19997.06,0.5800001,20045.36;14.8911
19997.06,0.5800001,20045.36;14.8911
19997.06,0.5800001,20045.37;15.02289
19997.06,0.5800001,20045.37;15.16613
19997.06,0.5800001,20045.37;15.29218
19997.06,0.5800001,20045.37;15.29218
19997.06,0.5800001,20045.37;15.29218
19997.06,0.5800001,20045.37;15.41824
19997.06,0.5800001,20045.37;15.57293
19997.06,0.5800001,20045.36;15.7792
19997.06,0.5800001,20045.36;15.7792
19997.06,0.5800001,20045.36;15.7792
19997.06,0.5800001,20045.35;15.98546
19997.05,0.5800001,20045.33;16.18026
19997.05,0.5800001,20045.32;16.4209
19997.05,0.5800001,20045.32;16.4209
19997.05,0.5800001,20045.32;16.4209
19997.04,0.5800001,20045.3;16.66154
19997.04,0.5800001,20045.28;16.89645
19997.03,0.5800001,20045.26;17.09698
19997.03,0.5800001,20045.26;17.09698
19997.03,0.5800001,20045.26;17.09698
19997.02,0.5800001,20045.22;17.29751
19997.01,0.5800001,20045.19;17.53815
19997,0.5800001,20045.16;17.57253
19997,0.5800001,20045.16;17.57253
19997,0.5800001,20045.16;17.57253
19996.99,0.5800001,20045.13;17.6069
19996.98,0.5800001,20045.1;17.64127
19996.98,0.5800001,20045.1;17.64127
19996.98,0.5800001,20045.1;17.64127
19996.98,0.5800001,20045.1;17.64127
19996.97,0.5800001,20045.08;17.67565
19996.97,0.5800001,20045.08;17.67565
19996.96,0.5800001,20045.05;17.71002
19996.96,0.5800001,20045.05;17.71002
19996.96,0.5800001,20045.05;17.71002
19996.95,0.5800001,20045.01;17.7444
19996.95,0.5800001,20045.01;17.7444
19996.94,0.5800001,20044.98;17.77877
19996.94,0.5800001,20044.98;17.77877
19996.94,0.5800001,20044.98;17.77877
19996.93,0.5800001,20044.96;17.81314
19996.93,0.5800001,20044.93;17.94493
19996.92,0.5800001,20044.9;17.99076
19996.92,0.5800001,20044.9;17.99076
19996.92,0.5800001,20044.9;17.99076
19996.91,0.5800001,20044.87;18.03659
19996.9,0.5800001,20044.84;18.08243
19996.9,0.5800001,20044.84;18.08243
19996.9,0.5800001,20044.84;18.08243
19996.89,0.5800001,20044.81;18.12826
19996.88,0.5800001,20044.78;18.1741
19996.88,0.5800001,20044.78;18.1741
19996.88,0.5800001,20044.78;18.1741
19996.87,0.5800001,20044.76;18.21993
19996.86,0.5800001,20044.74;18.22566
19996.86,0.5800001,20044.71;18.23139
19996.85,0.5800001,20044.69;18.40901
19996.85,0.5800001,20044.69;18.40901
19996.84,0.5800001,20044.66;18.57516
19996.83,0.5800001,20044.64;18.7757
19996.83,0.5800001,20044.64;18.7757
19996.82,0.5800001,20044.62;19.01633
19996.82,0.5800001,20044.62;19.01633
19996.82,0.5800001,20044.61;19.23978
19996.82,0.5800001,20044.61;19.23978
19996.82,0.5800001,20044.61;19.23978
19996.83,0.5800001,20044.63;19.40594
19996.84,0.5800001,20044.66;19.5721
19996.85,0.5800001,20044.69;19.73253
19996.85,0.5800001,20044.69;19.73253
19996.87,0.5800001,20044.74;19.87577
19996.87,0.5800001,20044.74;19.87577
19996.89,0.5800001,20044.8;19.96745
19996.89,0.5800001,20044.8;19.96745
19996.92,0.5800001,20044.88;20.04193
19996.92,0.5800001,20044.88;20.04193
19996.92,0.5800001,20044.88;20.04193
19996.95,0.5800001,20044.97;20.08203
19996.95,0.5800001,20044.97;20.08203
19997,0.5800001,20045.09;20.12786
19997,0.5800001,20045.09;20.12786
19997.05,0.5800001,20045.24;20.1737
19997.11,0.5800001,20045.4;20.25391
19997.11,0.5800001,20045.4;20.25391
19997.17,0.5800001,20045.56;20.34558
19997.17,0.5800001,20045.56;20.34558
19997.25,0.5800001,20045.78;20.43726
19997.34,0.5800001,20046.01;20.50601
19997.38,0.5800001,20046.11;20.56903
19997.38,0.5800001,20046.11;20.56903
19997.38,0.5800001,20046.11;20.56903
19997.46,0.5800001,20046.35;20.63206
19997.55,0.5800001,20046.58;20.68935
19997.64,0.5800001,20046.81;20.72945
19997.64,0.5800001,20046.81;20.72945
19997.73,0.5800001,20047.05;20.76955
19997.82,0.5800001,20047.29;20.82685
19997.9,0.5800001,20047.5;20.88414
19997.98,0.5800001,20047.72;20.95862
19997.98,0.5800001,20047.72;20.95862
19998.07,0.5800001,20047.95;21.0331
19998.17,0.5800001,20048.19;21.10758
19998.26,0.5800001,20048.43;21.18206
19998.35,0.5800001,20048.66;21.26801
19998.35,0.5800001,20048.66;21.26801
19998.44,0.5800001,20048.88;21.35396
19998.44,0.5800001,20048.88;21.35396
19998.53,0.5800001,20049.12;21.43417
19998.62,0.5800001,20049.36;21.49719
19998.62,0.5800001,20049.36;21.49719
19998.71,0.5800001,20049.59;21.56021
19998.81,0.5800001,20049.83;21.62323
19998.89,0.5800001,20050.05;21.68625
19998.98,0.5800001,20050.26;21.74928
19998.98,0.5800001,20050.26;21.74928
19999.08,0.5800001,20050.5;21.8123
19999.17,0.5800001,20050.74;21.86386
19999.27,0.5800001,20050.97;21.91542
19999.36,0.5800001,20051.21;21.97845
19999.36,0.5800001,20051.21;21.97845
19999.44,0.5800001,20051.41;22.04147
19999.53,0.5800001,20051.62;22.10449
19999.62,0.5800001,20051.85;22.16751
19999.72,0.5800001,20052.08;22.2248
19999.72,0.5800001,20052.08;22.2248
19999.72,0.5800001,20052.08;22.2248
19999.81,0.5800001,20052.32;22.29355
19999.89,0.5800001,20052.52;22.36231
19999.98,0.5800001,20052.71;22.43679
19999.98,0.5800001,20052.71;22.43679
19999.98,0.5800001,20052.71;22.43679
20000.07,0.5800001,20052.94;22.51126
20000.16,0.5800001,20053.16;22.58002
20000.26,0.5800001,20053.39;22.63158
20000.26,0.5800001,20053.39;22.63158
20000.3,0.5800001,20053.5;22.68314
20000.35,0.5800001,20053.61;22.55136
20000.36,0.58,20053.61;22.41958
20000.37,0.5802343,20053.62;22.40239
20000.37,0.5802343,20053.62;22.40239
20000.37,0.5802343,20053.62;22.40239
20000.38,0.5804908,20053.62;22.4253
20000.38,0.5804722,20053.62;22.44822
20000.38,0.5805056,20053.62;22.52843
20000.38,0.5805056,20053.62;22.52843
20000.38,0.5805056,20053.62;22.52843
20000.39,0.5804349,20053.62;22.62584
20000.39,0.5804349,20053.61;22.72325
20000.39,0.5804349,20053.61;22.90086
20000.39,0.5804349,20053.61;22.90086
20000.39,0.5804349,20053.61;22.90086
20000.38,0.5804349,20053.6;23.03838
20000.37,0.5804349,20053.57;23.17589
20000.36,0.5804349,20053.55;23.21599
20000.36,0.5804349,20053.55;23.21599
20000.36,0.5804349,20053.55;23.21599
20000.35,0.5804349,20053.52;23.25609
20000.34,0.5804349,20053.51;23.2962
20000.34,0.5804349,20053.51;23.2962
20000.34,0.5804349,20053.51;23.2962
20000.34,0.5804349,20053.51;23.2962
20000.34,0.5804349,20053.51;23.38788
20000.35,0.5804349,20053.52;23.47956
20000.35,0.5804349,20053.53;23.76604
20000.35,0.5804349,20053.53;23.76604
20000.36,0.5804349,20053.55;24.07544
20000.36,0.5804349,20053.55;24.07544
20000.37,0.5804349,20053.58;24.38483
20000.39,0.5804349,20053.6;24.67704
20000.39,0.5804349,20053.6;24.67704
20000.4,0.5803766,20053.62;24.9979
20000.4,0.5803766,20053.62;24.9979
20000.41,0.5802284,20053.62;25.31875
20000.42,0.5801677,20053.62;25.64534
20000.42,0.5801677,20053.62;25.64534
20000.43,0.58,20053.62;25.93755
20000.43,0.58,20053.62;25.93755
20000.44,0.5801334,20053.62;26.22976
20000.46,0.5802203,20053.62;26.59645
20000.46,0.5802203,20053.62;26.59645
20000.46,0.5803161,20053.62;26.96887
20000.46,0.5803161,20053.62;26.96887
20000.47,0.5803356,20053.62;27.34129
20000.47,0.5803955,20053.62;27.66788
20000.47,0.5803955,20053.62;27.66788
20000.48,0.5802615,20053.62;28.04603
20000.48,0.5802615,20053.62;28.04603
20000.49,0.5801354,20053.62;28.42418
20000.49,0.5803537,20053.62;28.81378
20000.5,0.5804771,20053.62;29.20339
20000.5,0.580527,20053.62;29.4383
20000.5,0.580527,20053.62;29.4383
20000.51,0.5804811,20053.62;29.67321
20000.51,0.5805388,20053.62;30.06855
20000.51,0.580579,20053.62;30.45816
20000.51,0.580579,20053.62;30.45816
20000.51,0.580579,20053.62;30.45816
20000.51,0.5805727,20053.62;30.84777
20000.51,0.5805777,20053.62;31.15143
20000.51,0.5805777,20053.62;31.415
20000.51,0.5805777,20053.62;31.415
20000.51,0.5805777,20053.62;31.415
20000.51,0.5805777,20053.62;31.67856
20000.51,0.5805777,20053.62;31.84472
20000.52,0.5805733,20053.62;32.01087
20000.52,0.5805733,20053.62;32.01087
20000.52,0.5805733,20053.62;32.01087
20000.52,0.5805733,20053.62;32.17704
20000.52,0.5805733,20053.62;32.17704
20000.52,0.5805733,20053.62;32.34319
20000.52,0.5805733,20053.62;32.34319
20000.52,0.5805733,20053.62;32.34319
20000.52,0.5805733,20053.62;32.50935
20000.52,0.5805733,20053.62;32.67551
20000.52,0.5805733,20053.62;32.68124
20000.52,0.5805733,20053.62;32.68124
20000.52,0.5805733,20053.62;32.68124
20000.52,0.5805733,20053.62;32.68697
20000.52,0.5805733,20053.62;32.6927
20000.52,0.5805733,20053.62;32.6927
20000.52,0.5805733,20053.62;32.6927
20000.52,0.5805733,20053.62;32.6927
20000.52,0.5805733,20053.62;32.69843
20000.52,0.5805733,20053.62;32.70416
20000.52,0.5805733,20053.62;32.70416
20000.52,0.5805733,20053.62;32.70416
20000.52,0.5805733,20053.62;32.70416
20000.52,0.5805733,20053.62;32.70989
20000.52,0.5805733,20053.62;32.76145
20000.52,0.5805733,20053.62;33.15106
20000.52,0.5805733,20053.62;33.15106
20000.52,0.5805733,20053.62;33.15106
20000.52,0.5805733,20053.62;33.54067
20000.52,0.5805733,20053.62;33.82142
20000.52,0.5805733,20053.62;34.13083
20000.52,0.5805733,20053.62;34.13083
20000.52,0.5805733,20053.62;34.13083
20000.52,0.5805733,20053.62;34.44022
20000.51,0.5805733,20053.62;34.79545
20000.51,0.5805733,20053.62;35.16214
20000.51,0.5805733,20053.62;35.16214
20000.51,0.5805733,20053.62;35.16214
20000.5,0.5805733,20053.6;35.48873
20000.48,0.5805733,20053.57;35.81531
20000.46,0.5805733,20053.54;36.19919
20000.46,0.5805733,20053.54;36.19919
20000.46,0.5805733,20053.54;36.19919
20000.43,0.5805733,20053.5;36.52578
20000.43,0.5805733,20053.5;36.52578
20000.41,0.5805733,20053.47;36.77216
20000.41,0.5805733,20053.47;36.77216
20000.4,0.5805733,20053.47;37.02426
20000.41,0.5805733,20053.48;37.27637
20000.42,0.5805733,20053.48;37.48836
20000.42,0.5805733,20053.48;37.48836
20000.44,0.5805733,20053.51;37.73473
20000.44,0.5805733,20053.51;37.73473
20000.46,0.5805733,20053.54;37.98111
20000.49,0.5805733,20053.57;38.22749
20000.49,0.5805733,20053.57;38.22749
20000.49,0.5805733,20053.57;38.22749
20000.51,0.5805733,20053.61;38.43375
20000.54,0.5807055,20053.63;38.64001
20000.56,0.5802438,20053.63;38.86919
20000.56,0.5802438,20053.63;38.86919
20000.59,0.5803517,20053.63;39.09264
20000.59,0.5803517,20053.63;39.09264
20000.62,0.5800797,20053.63;39.31609
20000.65,0.58,20053.63;39.51089
20000.65,0.58,20053.63;39.51089
20000.68,0.5805495,20053.63;39.74007
20000.68,0.5805495,20053.63;39.74007
20000.72,0.5805091,20053.63;39.96925
20000.76,0.5800001,20053.63;40.1927
20000.76,0.5800001,20053.63;40.1927
20000.8,0.5800001,20053.63;40.3875
20000.8,0.5800001,20053.63;40.3875
20000.83,0.58,20053.63;40.58231
20000.87,0.5800003,20053.63;40.80575
20000.87,0.5800003,20053.63;40.80575
20000.91,0.5800005,20053.63;41.0292
20000.91,0.5800005,20053.63;41.0292
20000.95,0.5800007,20053.63;41.25266
20000.99,0.5800006,20053.63;41.45319
20000.99,0.5800006,20053.63;41.45319
20001.02,0.5800006,20053.63;41.68237
20001.02,0.5800006,20053.63;41.68237
20001.06,0.5800005,20053.63;41.91155
20001.1,0.5800002,20053.63;42.14645
20001.14,0.5800006,20053.63;42.38137
20001.18,0.5800009,20053.63;42.57617
20001.18,0.5800009,20053.63;42.57617
20001.21,0.5800008,20053.63;42.77097
20001.24,0.5800007,20053.63;42.99442
20001.29,0.5800004,20053.63;43.21788
20001.29,0.5800004,20053.63;43.21788
20001.29,0.5800004,20053.63;43.21788
20001.32,0.5800008,20053.63;43.44133
20001.37,0.5800011,20053.63;43.62468
20001.4,0.5800008,20053.63;43.80802
20001.43,0.5800009,20053.63;44.02574
20001.43,0.5800009,20053.63;44.02574
20001.47,0.5800009,20053.63;44.24347
20001.51,0.5800013,20053.63;44.46119
20001.55,0.5800011,20053.63;44.67891
20001.59,0.5800013,20053.63;44.86225
20001.59,0.5800013,20053.63;44.86225
20001.62,0.5800015,20053.63;45.04559
20001.66,0.5800017,20053.63;45.07997
20001.7,0.5800019,20053.63;45.24613
20001.7,0.5800019,20053.63;45.24613
20001.7,0.5800019,20053.63;45.24613
20001.73,0.5800021,20053.63;45.41228
20001.77,0.5800022,20053.63;45.58417
20001.8,0.5800022,20053.63;45.75606
20001.84,0.5800025,20053.63;45.96805
20001.84,0.5800025,20053.63;45.96805
20001.88,0.5800024,20053.63;46.18004
20001.91,0.5800022,20053.63;46.3863
20001.95,0.5800022,20053.63;46.59256
20001.98,0.5800021,20053.63;46.78164
20001.98,0.5800021,20053.63;46.78164
20002.02,0.580002,20053.63;46.97071
20002.06,0.5800021,20053.63;47.18271
20002.09,0.5800021,20053.63;47.3947
20002.13,0.5800023,20053.63;47.61242
20002.13,0.5800023,20053.63;47.61242
20002.16,0.5800022,20053.64;47.83014
20002.18,0.5800023,20053.64;48.00203
20002.19,0.5800024,20053.64;48.12235
20002.19,0.5800024,20053.64;48.12235
20002.19,0.5800024,20053.64;48.12235
20002.2,0.5800024,20053.64;48.40884
20002.21,0.5800024,20053.64;48.69531
20002.23,0.5800024,20053.64;48.92449
20002.23,0.5800024,20053.64;48.92449
20002.28,0.580002,20053.64;49.15367
20002.34,0.5800021,20053.64;49.41151
20002.42,0.5800017,20053.64;49.66935
20002.51,0.5800021,20053.64;49.91572
20002.51,0.5800021,20053.64;49.91572
20002.62,0.5800022,20053.64;50.13344
20002.73,0.5800031,20053.64;50.35116
20002.85,0.5800031,20053.64;50.62619
20002.85,0.5800031,20053.64;50.62619
20002.99,0.5800028,20053.64;50.90121
20003.12,0.5800033,20053.64;51.16478
20003.24,0.5800033,20053.64;51.37104
20003.24,0.5800033,20053.64;51.37104
20003.38,0.5800036,20053.64;51.5773
20003.53,0.5800031,20053.64;51.80648
20003.66,0.5800031,20053.64;52.03565
20003.8,0.5800033,20053.64;52.28776
20003.8,0.5800033,20053.64;52.28776
20003.92,0.5800033,20053.64;52.51694
20004.06,0.5800037,20053.64;52.74613
20004.2,0.580004,20053.64;53.00396
20004.2,0.580004,20053.64;53.00396
20004.35,0.5800039,20053.64;53.25034
20004.35,0.5800039,20053.64;53.25034
20004.49,0.5800044,20053.64;53.49671
20004.64,0.5800042,20053.64;53.68579
20004.64,0.5800042,20053.64;53.68579
20004.7,0.5800041,20053.64;53.89778
20004.7,0.5800041,20053.64;53.89778
20004.85,0.580004,20053.64;54.10977
20004.99,0.5800039,20053.64;54.32176
20004.99,0.5800039,20053.64;54.32176
20005.15,0.580004,20053.64;54.51083
20005.15,0.580004,20053.64;54.51083
20005.29,0.5800042,20053.64;54.69991
20005.42,0.5800039,20053.64;54.92336
20005.57,0.580004,20053.64;55.14681
20005.57,0.580004,20053.64;55.14681
20005.57,0.580004,20053.64;55.14681
20005.61,0.580004,20053.64;55.34734
20005.61,0.580004,20053.64;55.34734
20005.63,0.580004,20053.64;55.58225
20005.63,0.580004,20053.64;55.58225
20005.63,0.580004,20053.64;55.58225
20005.64,0.580004,20053.64;55.79997
20005.66,0.580004,20053.64;55.97759
20005.66,0.580004,20053.64;55.97759
20005.66,0.580004,20053.64;55.97759
20005.68,0.580004,20053.64;56.18958
20005.68,0.580004,20053.64;56.18958
20005.71,0.580004,20053.64;56.41303
20005.71,0.580004,20053.64;56.41303
20005.71,0.5800041,20053.64;56.63648
20005.72,0.5800041,20053.64;56.81983
20005.73,0.5800041,20053.64;57.04328
20005.73,0.5800041,20053.64;57.04328
20005.73,0.5800041,20053.64;57.04328
20005.81,0.5800043,20053.64;57.26673
20005.89,0.5800041,20053.65;57.48445
20005.99,0.5800044,20053.65;57.67352
20005.99,0.5800044,20053.65;57.67352
20005.99,0.5800044,20053.65;57.67352
20006.07,0.5800041,20053.65;57.8626
20006.15,0.5800046,20053.65;58.08031
20006.25,0.5800045,20053.65;58.30376
20006.25,0.5800045,20053.65;58.30376
20006.25,0.5800045,20053.65;58.30376
20006.27,0.5800045,20053.65;58.49856
20006.29,0.5800046,20053.65;58.69337
20006.31,0.5800046,20053.65;58.91109
20006.31,0.5800046,20053.65;58.91109
20006.31,0.5800046,20053.65;58.91109
20006.44,0.5800043,20053.65;59.13454
20006.46,0.5800043,20053.65;59.35799
20006.48,0.5800043,20053.65;59.52987
20006.48,0.5800043,20053.65;59.52987
20006.52,0.5800043,20053.65;59.70176
20006.55,0.5800045,20053.65;59.91375
20006.64,0.5800043,20053.65;60.0971
20006.64,0.5800043,20053.65;60.0971
20006.64,0.5800043,20053.65;60.0971
20006.77,0.5800045,20053.65;60.28044
20006.89,0.5800043,20053.65;60.49243
20007.04,0.5800047,20053.65;60.70443
20007.19,0.5800043,20053.65;60.91068
20007.19,0.5800043,20053.65;60.91068
20007.34,0.5800039,20053.65;61.11695
20007.47,0.5800041,20053.65;61.3232
20007.59,0.5800042,20053.65;61.50081
20007.59,0.5800042,20053.65;61.50081
20007.59,0.5800042,20053.65;61.50081
20007.74,0.5800042,20053.65;61.72999
20007.89,0.5800041,20053.65;61.95918
20008.04,0.5800039,20053.65;62.18835
20008.04,0.5800039,20053.65;62.18835
20008.04,0.5800039,20053.65;62.18835
20008.16,0.5800042,20053.65;62.38315
20008.31,0.5800043,20053.65;62.60661
20008.31,0.5800043,20053.65;62.60661
20008.46,0.5800043,20053.65;62.83006
20008.61,0.5800045,20053.65;63.05924
20008.71,0.5800043,20053.65;63.28842
20008.8,0.5800045,20053.65;63.47749
20008.8,0.5800045,20053.65;63.47749
20008.95,0.5800047,20053.65;63.66655
20009.1,0.5800049,20053.65;63.89573
20009.25,0.5800047,20053.65;64.12491
20009.4,0.5800052,20053.65;64.31972
20009.4,0.5800052,20053.65;64.31972
20009.52,0.5800054,20053.65;64.5489
20009.52,0.5800054,20053.65;64.5489
20009.67,0.5800056,20053.65;64.77808
20009.82,0.5800055,20053.66;64.99007
20009.82,0.5800055,20053.66;64.99007
20009.94,0.5800058,20053.66;65.20206
20009.94,0.5800058,20053.66;65.20206
20010.09,0.5800056,20053.66;65.41405
20010.23,0.5800061,20053.66;65.58595
20010.23,0.5800061,20053.66;65.58595
20010.37,0.5800062,20053.66;65.79221
20010.49,0.5800059,20053.66;65.99846
20010.61,0.5800061,20053.66;66.21045
20010.61,0.5800061,20053.66;66.21045
