20000,0.5,20000;0
20000.01,0.5798963,20000.63;0.6159317
20000.02,0.58,20001.27;1.332125
20000.04,0.58,20001.9;2.062651
20000.08,0.58,20002.54;2.850469
20000.12,0.58,20003.17;3.466401
20000.16,0.58,20003.81;3.752883
20000.2,0.58,20004.44;4.225574
20000.26,0.58,20005.07;4.941767
20000.32,0.58,20005.7;5.629314
20000.39,0.58,20006.34;6.345508
20000.47,0.58,20006.96;7.10468
20000.55,0.58,20007.59;7.749257
20000.65,0.58,20008.22;8.50843
20000.75,0.58,20008.85;9.324895
20000.86,0.58,20009.47;10.02676
20000.98,0.58,20010.1;10.77162
20000.98,0.58,20010.1;11.50214
20000.98,0.58,20010.09;12.21833
20001.12,0.58,20010.71;12.93453
20001.27,0.58,20011.32;13.53613
20001.43,0.58,20011.94;14.25233
20001.59,0.58,20012.55;14.86826
20001.76,0.58,20013.17;15.65608
20001.94,0.58,20013.78;16.31498
20002.12,0.58,20014.38;17.01685
20002.32,0.58,20014.99;17.69007
20002.52,0.58,20015.59;18.40627
20002.72,0.58,20016.19;18.99355
20002.94,0.58,20016.79;19.6811
20003.16,0.58,20017.38;20.44027
20003.39,0.58,20017.97;21.18512
20003.63,0.58,20018.56;21.8297
20003.87,0.58,20019.15;22.6032
20004.12,0.58,20019.73;23.30507
20004.38,0.58,20020.31;24.04991
20004.64,0.58,20020.89;24.68017
20004.67,0.58,20020.94;25.39636
20004.94,0.58,20021.51;25.99797
20005.23,0.58,20022.07;26.68551
20005.52,0.58,20022.64;27.2728
20005.82,0.58,20023.2;27.97467
20006.12,0.58,20023.76;28.60492
20006.43,0.58,20024.31;29.39274
20006.75,0.58,20024.86;30.03732
20007.08,0.58,20025.41;30.72487
20007.41,0.58,20025.95;31.2835
20007.74,0.58,20026.49;31.98537
20008.08,0.58,20027.02;32.57266
20008.43,0.58,20027.55;33.23156
20008.79,0.58,20028.08;33.87614
20009.15,0.58,20028.6;34.59233
20009.51,0.58,20029.12;35.23691
20009.75,0.58,20029.63;36.03906
20009.75,0.58,20030.14;36.7266
20009.75,0.5800005,20030.65;37.5001
20009.75,0.5800005,20031.15;38.2163
20009.75,0.58,20031.42;38.83223
20009.75,0.5800015,20031.91;39.5341
20009.75,0.580002,20032.4;40.12139
20009.75,0.5800039,20032.88;40.82326
20009.75,0.5800049,20033.36;41.39622
20009.75,0.5800039,20033.83;42.08377
20009.75,0.5800039,20034.29;42.82862
20009.75,0.580006,20034.75;43.5878
20009.75,0.580006,20035.21;44.27534
20009.75,0.5800065,20035.66;44.90559
20009.75,0.5800071,20036.1;45.49288
20009.75,0.5800092,20036.54;46.16611
20009.75,0.5800104,20036.98;46.83933
20009.75,0.5800115,20037.4;47.5412
20009.75,0.580012,20037.83;48.25739
20009.75,0.580012,20038.24;48.97358
20009.75,0.580012,20038.65;49.68977
20009.75,0.580012,20039.06;50.49192
20009.75,0.580012,20039.46;51.26542
20009.75,0.580012,20039.85;51.98161
20009.75,0.5800108,20040.23;52.59754
20009.75,0.5800108,20040.61;53.32807
20009.75,0.5800121,20040.99;54.00129
