20000,0.5,20000;0
19998,0.58,20000;0
19998,0.58,20000;0
19998,0.58,20000;0
19998,0.58,20000;0
19998,0.58,20000;0
19998,0.58,20000;0
19998,0.58,20000;0
19998,0.58,20000;0
19998,0.58,20000;0
19998,0.58,20000;0
19998,0.58,20000;0
19998,0.58,20000;0
19998,0.58,20000;0
19998,0.58,20000;0
19998,0.58,20000;0
19998,0.58,20000;0
19998,0.58,20000;0
19998,0.58,20000;0
19998,0.58,20000;0
19998,0.58,20000;0
19998,0.58,20000;0
19998,0.58,20000;0
19998,0.58,20000;0
19998,0.58,20000;0
19998,0.58,20000;0
19998,0.58,20000;0
19998,0.58,20000;0
19998,0.58,20000;0
19998,0.58,20000;0
19998,0.58,20000;0
19998,0.58,20000;0
19998,0.58,20000;0
19998,0.58,20000;0
19998,0.58,20000;0
19998,0.58,20000;0
19998,0.58,20000;0
19998,0.58,20000;0
19998,0.58,20000;0
19998,0.58,20000;0
19998,0.58,20000;0
19998,0.58,20000;0
19998,0.58,20000;0
19998,0.58,20000;0
19998,0.58,20000;0
19998,0.58,20000;0
19998,0.58,20000;0
19998,0.58,20000;0
19998,0.58,20000;0
19998,0.58,20000;0
19998,0.58,20000;0
19998,0.58,20000;0
19998,0.58,20000;0
19998,0.58,20000;0
19998,0.58,20000;0
19998,0.58,20000;0
19998,0.58,20000;0
19998,0.58,20000;0
19998,0.58,20000;0
19998,0.58,20000;0
19998,0.58,20000;0
19998,0.58,20000;0
19998,0.58,20000;0
19998,0.58,20000;0
19998,0.58,20000;0
19998,0.58,20000;0
19998,0.58,20000;0
19998,0.58,20000;0
19998,0.58,20000;0
19998,0.58,20000;0
19998,0.58,20000;0
19998,0.58,20000;0
19998,0.58,20000;0
19998,0.58,20000;0
19998,0.58,20000;0
19998,0.58,20000;0
19998,0.58,20000;0
19998,0.58,20000;0
19998,0.58,20000;0
19998,0.58,20000;0
19998,0.58,20000;0
19998,0.58,20000;0
19998,0.58,20000;0
19998,0.58,20002;0
19998,0.58,20004;0
19998,0.58,20006;0
19998,0.58,20008;0
19998,0.58,20010;0
19998,0.58,20012;0
19998,0.58,20014;0
19998,0.58,20016;0
19998,0.58,20018;0
19998,0.58,20020;0
19998,0.58,20020;0
19998,0.58,20020;0
19998,0.58,20020;0
19998,0.58,20020;0
19998,0.58,20020;0
19998,0.58,20020;0
19998,0.58,20020;0
19998,0.58,20020;0
19998,0.58,20020;0
19998,0.58,20020;0
19998,0.58,20020;0
19998,0.58,20020;0
19998,0.58,20020;0
19998,0.58,20020;0
19998,0.58,20020;0
19998,0.58,20020;0
19998,0.58,20020;0
19998,0.58,20020;0
19998,0.58,20022;0
19998,0.58,20024;0
19998,0.58,20026;0
19998,0.58,20028;0
19998,0.58,20030;0
19998,0.58,20032;0
19998,0.58,20034;0
19998,0.58,20036;0
19998,0.58,20038;0
19998,0.58,20040;0
19998,0.58,20042;0
19998,0.58,20042;0
19998,0.58,20042;0
19998,0.58,20042;0
19998,0.58,20042;0
19998,0.58,20042;0
19998,0.58,20042;0
19998,0.58,20042;0
19998,0.58,20042;359.9857
19998,0.58,20042;359.9857
19998,0.58,20042;359.9857
19998,0.58,20042;359.9857
19998,0.58,20042;359.9857
19998,0.58,20042;359.9857
19998,0.58,20042;359.9857
19998,0.58,20042;359.9857
19998,0.58,20042;359.9857
19998,0.58,20042;359.9857
19998,0.58,20042;359.9857
19998,0.58,20042;359.9857
19998,0.58,20044;359.9857
19998,0.58,20046;359.9857
19998,0.58,20048;359.9857
19998,0.58,20050;359.9857
19998,0.58,20052;359.9857
