20000,0.5,20000;0
20000,0.58,20000;0
20000,0.58,20000;0
20000,0.58,20000;0
20000,0.58,20000;0
20000,0.58,20000;0
20000,0.58,20000;0
20000,0.58,20000;0
20000,0.58,20000;0
20000,0.58,20000;0
20000,0.58,20000;0
20000,0.58,20000;0
20000,0.58,20000;0
20000,0.58,20000;0
20000,0.58,20000;0
20000,0.58,20000;0
20000,0.58,20000;0
20000,0.58,20000;0
20000,0.58,20000;0
20000,0.58,20000;0
20000,0.58,20000;0
20000,0.58,20000;0
20000,0.58,20000;0
20000,0.58,20000;0
20000,0.58,20000;0
20000,0.58,20000;0
20000,0.58,20000;0
20000,0.58,20000;0
20000,0.58,20000;0
20000,0.58,20000;0
20000,0.58,20000;0
20000,0.58,20000;0
20000,0.58,20000;0
20000,0.58,20000;0
20000,0.58,20000;0
20000,0.58,20000;0
20000,0.58,20000;0
20000,0.58,20000;0
20000,0.58,20000;0
20000,0.58,20000;0
20000,0.58,20000;0
20000,0.58,20000;0
20000,0.58,20000;0
20000,0.58,20000;0
20000,0.58,20000;0
20000,0.58,20000;0
20000,0.58,20000;0
20000,0.58,20000;0
20000,0.58,20000;0
20000,0.58,20000;0
20000,0.58,20000;0
20000,0.58,20000;0
20000,0.58,20000;0
20000,0.58,20000;0
20000,0.58,20000;0
20000,0.58,20000;0
20000,0.58,20000;0
20000,0.58,20000;0
20000,0.58,20000;0
20000,0.58,20000;0
20000,0.58,20000;0
20000,0.58,20000;0
20000,0.58,20000;0
20000,0.58,20000;0
20000,0.58,20000;0
20000,0.58,20000;0
20000,0.58,20000;0
20000,0.58,20000;0
20000,0.58,20000;0
20000,0.58,20000;0
20000,0.58,20000;0
20000,0.58,20000;0
20000,0.58,20000;0
20000,0.58,20000;0
20000,0.58,20000;0
20000,0.58,20000;0
20000,0.58,20000;0
20000,0.58,20000;0
20000,0.58,20000;0
20000,0.58,20000;0
20000,0.58,20000;0
20000,0.58,20000;0
20000,0.58,20000;0
20000,0.58,20000;0
20000,0.58,20000;0
20000,0.58,20000;0
20000,0.58,20000;0
20000,0.58,20000;0
20000,0.58,20000;0
20000,0.58,20000;0
20000,0.58,20000;0
20000,0.58,20000;0
20000,0.58,20000;0
20000,0.58,20000;0
20000,0.58,20000;0
20000,0.58,20000;0
20000,0.58,20000;0
20000,0.58,20000;0
20000,0.58,20000;0
20000,0.58,20000;0
20000,0.58,20000;0
20000,0.58,20000;0
20000,0.58,20000;0
20000,0.58,20000;0
20000,0.58,20000;0
20000,0.58,20000;0
20000,0.58,20000;0
20000,0.58,20000;0
20000,0.58,20000;0
20000,0.58,20000;0
20000,0.58,20000;0
20000,0.58,20000;0
20000,0.58,20000;0
20000,0.58,20000;0
20000,0.58,20000;0
20000,0.58,20000;0
20000,0.58,20000;0
20000,0.58,20000;0
20000,0.58,20000;0
20000,0.58,20000;0
20000,0.58,20000;0
20000,0.58,20000;0
20000,0.58,20000;0
20000,0.58,20000;0
20000,0.58,20000;0
20000,0.58,20000;0
20000,0.58,20000;0
20000,0.58,20000;0
20000,0.58,20000;0
20000,0.58,20000;0
20000,0.58,20000;0
20000,0.58,20000;0
20000,0.58,20000;0
20000,0.58,20000;0
20000,0.58,20000;0
20000,0.58,20000;0
20000,0.58,20000;0
20000,0.58,20000;0
20000,0.58,20000;0
20000,0.58,20000;0
20000,0.58,20000;0
20000,0.58,20000;0
20000,0.58,20000;0
20000,0.58,20000;0
20000,0.58,20000;0
20000,0.58,20000;0
20000,0.58,20000;0
20000,0.58,20000;0
20000,0.58,20000;0
20000,0.58,20000;0
20000,0.58,20000;0
20000,0.58,20000;0
20000,0.58,20000;0
20000,0.58,20000;0
20000,0.58,20000;0
20000,0.58,20000;0
20000,0.58,20000;0
20000,0.58,20000;0
20000,0.58,20000;0
20000,0.58,20000;0
20000,0.58,20000;0
20000,0.58,20000;0
20000,0.58,20000;0
20000,0.58,20000;0
20000,0.58,20000;0
20000,0.58,20000;0
20000,0.58,20000;0
20000,0.58,20000;0
20000,0.58,20000;0
20000,0.58,20000;0
20000,0.58,20000;0
20000,0.58,20000;0
20000,0.58,20000;0
20000,0.58,20000;0
20000,0.58,20000;0
20000,0.58,20000;0
20000,0.58,20000;0
20000,0.58,20000;0
20000,0.58,20000;0
20000,0.58,20000;0
20000,0.58,20000;0
20000,0.58,20000;0
20000,0.58,20000;0
20000,0.58,20000;0
20000,0.58,20000;0
20000,0.58,20000;0
20000,0.58,20000;0
20000,0.58,20000;0
20000,0.58,20000;0
20000,0.58,20000;0
20000,0.58,20000;0
20000,0.58,20000;0
20000,0.58,20000;0
20000,0.58,20000;0
20000,0.58,20000;0
20000,0.58,20000;0
20000,0.58,20000;0
20000,0.58,20000;0
20000,0.58,20000;0
20000,0.58,20000;0
20000,0.58,20000;0
20000,0.58,20000;0
20000,0.58,20000;0
20000,0.58,20000;0
20000,0.58,20000;0
20000,0.58,20000;0
20000,0.58,20000;0
20000,0.58,20000;0
20000,0.58,20000;0
20000,0.58,20000;0
20000,0.58,20000;0
20000,0.58,20000;0
20000,0.58,20000;0
20000,0.58,20000;0
20000,0.58,20000;0
20000,0.58,20000;0
20000,0.58,20000;0
20000,0.58,20000;0
20000,0.58,20000;0
20000,0.58,20000;0
20000,0.58,20000;0
20000,0.58,20000;0
20000,0.58,20000;0
20000,0.58,20000;0
20000,0.58,20000;0
20000,0.58,20000;0
20000,0.58,20000;0
20000,0.58,20000;0
20000,0.58,20000;0
20000,0.58,20000;0
20000,0.58,20000;0
20000,0.58,20000;0
20000,0.58,20000;0
20000,0.58,20000;0
20000,0.58,20000;0
20000,0.58,20000;0
20000,0.58,20000;0
20000,0.58,20000;0
20000,0.58,20000;0
20000,0.58,20000;0
20000,0.58,20000;0
20000,0.58,20000;0
20000,0.58,20000;0
20000,0.58,20000;0
20000,0.58,20000;0
20000,0.58,20000;0
20000,0.58,20000;0
20000,0.58,20000;0
20000,0.58,20000;0
20000,0.58,20000;0
20000,0.58,20000;0
20000,0.58,20000;0
20000,0.58,20000;0
20000,0.58,20000;0
20000,0.58,20000;0
20000,0.58,20000;0
20000,0.58,20000;0
20000,0.58,20000;0
20000,0.58,20000;0
20000,0.58,20000;0
20000,0.58,20000;0
20000,0.58,20000;0
20000,0.58,20000;0
20000,0.58,20000.01;0
20000,0.58,20000.01;0
20000,0.58,20000.01;0
20000,0.58,20000.02;0
20000,0.58,20000.02;0
20000,0.58,20000.02;0
20000,0.58,20000.02;0
20000,0.58,20000.02;0
20000,0.58,20000.04;0
20000,0.58,20000.04;0
20000,0.58,20000.04;0
20000,0.58,20000.06;0
20000,0.58,20000.06;0
20000,0.58,20000.06;0
20000,0.58,20000.09;0
20000,0.58,20000.09;0
20000,0.58,20000.17;0
20000,0.58,20000.17;0
20000,0.58,20000.17;0
20000,0.58,20000.28;0
20000,0.58,20000.28;0
20000,0.58,20000.28;0
20000,0.58,20000.41;0
20000,0.58,20000.41;0
20000,0.58,20000.41;0
20000,0.58,20000.53;0
20000,0.58,20000.53;0
20000,0.58,20000.65;0
20000,0.58,20000.65;0
20000,0.58,20000.65;0
20000,0.58,20000.84;0
20000,0.58,20000.84;0
20000,0.58,20000.84;0
20000,0.58,20001.06;0
20000,0.58,20001.29;359.9713
20000,0.58,20001.53;359.8854
20000,0.58,20001.53;359.8854
20000,0.58,20001.73;359.7995
20000,0.58,20001.93;359.7021
20000,0.58,20002.17;359.6046
19999.99,0.58,20002.4;359.4786
19999.99,0.58,20002.4;359.4786
19999.99,0.58,20002.63;359.3525
19999.99,0.58,20002.87;359.278
19999.99,0.58,20003.06;359.2036
19999.99,0.58,20003.06;359.2036
19999.99,0.58,20003.06;359.2036
19999.98,0.58,20003.28;359.1291
19999.98,0.58,20003.28;359.1291
19999.98,0.58,20003.28;359.1291
19999.98,0.58,20003.47;359.0546
19999.98,0.58,20003.47;359.0546
19999.98,0.58,20003.47;359.0546
19999.97,0.58,20003.69;358.9801
19999.97,0.58,20003.92;358.9458
19999.97,0.58,20004.14;358.8828
19999.97,0.58,20004.14;358.8828
19999.97,0.58,20004.14;358.8828
19999.96,0.58,20004.33;358.7796
19999.96,0.58,20004.33;358.7796
19999.96,0.58,20004.33;358.7796
19999.96,0.58,20004.55;358.6765
19999.95,0.58,20004.77;358.5791
19999.95,0.58,20004.77;358.5791
19999.95,0.58,20004.99;358.4817
19999.94,0.58,20005.21;358.3613
19999.93,0.58,20005.39;358.2467
19999.93,0.58,20005.39;358.2467
19999.93,0.58,20005.39;358.2467
19999.93,0.58,20005.61;358.1493
19999.93,0.58,20005.61;358.1493
19999.93,0.58,20005.61;358.1493
19999.92,0.58,20005.82;358.0519
19999.91,0.58,20006.04;357.9431
19999.91,0.58,20006.04;357.9431
19999.91,0.58,20006.22;357.8342
19999.9,0.58,20006.44;357.7196
19999.89,0.58,20006.66;357.6222
19999.89,0.58,20006.66;357.6222
19999.89,0.58,20006.66;357.6222
19999.88,0.58,20006.88;357.5076
19999.88,0.58,20006.88;357.5076
19999.88,0.58,20006.88;357.5076
19999.87,0.58,20007.07;357.393
19999.86,0.58,20007.25;357.2841
19999.86,0.58,20007.25;357.2841
19999.85,0.58,20007.47;357.1753
19999.84,0.58,20007.69;357.0836
19999.83,0.58,20007.9;356.969
19999.83,0.58,20007.9;356.969
19999.82,0.58,20008.09;356.8544
19999.81,0.58,20008.28;356.7627
19999.81,0.58,20008.28;356.7627
19999.81,0.58,20008.28;356.7627
19999.79,0.58,20008.5;356.6539
19999.79,0.58,20008.5;356.6539
19999.78,0.58,20008.72;356.545
19999.77,0.58,20008.95;356.4304
19999.75,0.58,20009.14;356.3215
19999.75,0.58,20009.14;356.3215
19999.75,0.58,20009.14;356.3215
19999.74,0.58,20009.37;356.2241
19999.74,0.58,20009.37;356.2241
19999.72,0.58,20009.59;356.1267
19999.71,0.58,20009.82;356.0179
19999.71,0.58,20009.82;356.0179
19999.69,0.58,20010.02;355.909
19999.68,0.58,20010.25;355.8001
19999.66,0.58,20010.49;355.7027
19999.66,0.58,20010.49;355.7027
19999.64,0.58,20010.72;355.5881
19999.64,0.58,20010.72;355.5881
19999.63,0.58,20010.92;355.4735
19999.61,0.58,20011.12;355.3647
19999.61,0.58,20011.12;355.3647
19999.59,0.58,20011.35;355.2558
19999.57,0.58,20011.58;355.1584
19999.55,0.58,20011.81;355.061
19999.53,0.58,20012.05;354.9464
19999.53,0.58,20012.05;354.9464
19999.51,0.58,20012.25;354.8318
19999.49,0.58,20012.44;354.7401
19999.49,0.58,20012.44;354.7401
19999.47,0.58,20012.68;354.6484
19999.45,0.58,20012.92;354.5338
19999.43,0.58,20013.15;354.4193
19999.43,0.58,20013.15;354.4193
19999.41,0.58,20013.34;354.3047
19999.39,0.58,20013.54;354.2072
19999.39,0.58,20013.54;354.2072
19999.39,0.58,20013.54;354.2072
19999.36,0.58,20013.77;354.1098
19999.36,0.58,20013.77;354.1098
19999.36,0.58,20013.77;354.1098
19999.34,0.58,20013.99;354.001
19999.34,0.58,20013.99;354.001
19999.32,0.58,20014.18;353.9036
19999.32,0.58,20014.18;353.9036
19999.29,0.58,20014.39;353.8062
19999.27,0.58,20014.61;353.6916
19999.25,0.58,20014.79;353.577
19999.23,0.58,20014.96;353.4796
19999.23,0.58,20014.96;353.4796
19999.22,0.58,20015.09;353.3821
19999.2,0.58,20015.21;353.2905
19999.18,0.58,20015.44;353.2103
19999.18,0.58,20015.44;353.2103
19999.18,0.58,20015.44;353.2103
19999.15,0.58,20015.63;353.1301
19999.13,0.58,20015.82;353.067
19999.13,0.58,20015.82;353.067
19999.1,0.58,20016.05;352.9811
19999.1,0.58,20016.05;352.9811
19999.1,0.58,20016.05;352.9811
19999.07,0.58,20016.28;352.9181
19999.07,0.58,20016.28;352.9181
19999.05,0.58,20016.47;352.8379
19999.05,0.58,20016.47;352.8379
19999.02,0.58,20016.69;352.7577
19998.99,0.58,20016.92;352.7404
19998.99,0.58,20016.92;352.7404
19998.96,0.58,20017.14;352.7233
19998.96,0.58,20017.14;352.7233
19998.96,0.58,20017.14;352.7233
19998.94,0.58,20017.33;352.7061
19998.92,0.58,20017.52;352.7061
19998.89,0.58,20017.73;352.7061
19998.89,0.58,20017.73;352.7061
19998.89,0.58,20017.73;352.7061
19998.86,0.58,20017.95;352.7061
19998.86,0.58,20017.95;352.7061
19998.86,0.58,20017.95;352.7061
19998.83,0.58,20018.16;352.7061
19998.83,0.58,20018.16;352.7061
19998.83,0.58,20018.16;352.7061
19998.81,0.58,20018.34;352.7061
19998.81,0.58,20018.34;352.7061
19998.78,0.58,20018.55;352.7061
19998.78,0.58,20018.55;352.7061
19998.78,0.58,20018.55;352.7061
19998.76,0.58,20018.73;352.7061
19998.74,0.58,20018.91;352.6431
19998.74,0.58,20018.91;352.6431
19998.71,0.58,20019.12;352.58
19998.68,0.58,20019.32;352.4998
19998.68,0.58,20019.32;352.4998
19998.65,0.58,20019.53;352.4196
19998.63,0.58,20019.71;352.3452
19998.61,0.58,20019.88;352.2535
19998.61,0.58,20019.88;352.2535
19998.58,0.58,20020.08;352.1618
19998.55,0.58,20020.28;352.0988
19998.55,0.58,20020.28;352.0988
19998.52,0.58,20020.49;352.0357
19998.49,0.58,20020.69;351.9613
19998.49,0.58,20020.69;351.9613
19998.49,0.58,20020.69;351.9613
19998.47,0.58,20020.86;351.8581
19998.44,0.58,20021.06;351.755
19998.41,0.58,20021.27;351.6633
19998.41,0.58,20021.27;351.6633
19998.39,0.58,20021.44;351.5717
19998.36,0.58,20021.61;351.4685
19998.36,0.58,20021.61;351.4685
19998.33,0.58,20021.8;351.3654
19998.3,0.58,20022;351.2565
19998.3,0.58,20022;351.2565
19998.27,0.58,20022.2;351.1476
19998.24,0.58,20022.39;351.056
19998.21,0.58,20022.56;350.9528
19998.21,0.58,20022.56;350.9528
19998.21,0.58,20022.56;350.9528
19998.21,0.58,20022.76;350.8497
19998.21,0.58,20022.95;350.7466
19998.21,0.58,20022.95;350.7466
19998.21,0.5800001,20023.15;350.6434
19998.21,0.5800001,20023.35;350.5575
19998.21,0.5800001,20023.35;350.5575
19998.21,0.5800001,20023.51;350.4486
19998.21,0.5800001,20023.51;350.4486
19998.21,0.5800001,20023.71;350.3455
19998.21,0.5800001,20023.71;350.3455
19998.21,0.5800001,20023.71;350.3455
19998.21,0.58,20023.9;350.2423
19998.21,0.5800001,20024.1;350.1621
19998.21,0.5800001,20024.1;350.1621
19998.21,0.58,20024.26;350.0819
19998.21,0.5800001,20024.43;349.9788
19998.21,0.5800001,20024.43;349.9788
19998.21,0.5800003,20024.63;349.8814
19998.21,0.5800003,20024.82;349.784
19998.21,0.5800003,20025.01;349.6923
19998.21,0.5800003,20025.01;349.6923
19998.21,0.5800004,20025.21;349.6006
19998.21,0.5800003,20025.4;349.4975
19998.21,0.5800003,20025.4;349.4975
19998.21,0.5800003,20025.4;349.4975
19998.21,0.58,20025.57;349.3943
19998.21,0.58,20025.57;349.3943
19998.21,0.5800001,20025.76;349.3026
19998.21,0.5800001,20025.93;349.1995
19998.21,0.5800001,20025.93;349.1995
19998.21,0.5800001,20025.93;349.1995
19998.21,0.5800001,20026.13;349.0964
19998.21,0.5800001,20026.13;349.0964
19998.21,0.5800001,20026.13;349.0964
19998.21,0.5800002,20026.32;348.9933
19998.21,0.5800003,20026.51;348.9016
19998.21,0.5800006,20026.68;348.8156
19998.21,0.5800006,20026.68;348.8156
19998.21,0.5800005,20026.87;348.7297
19998.21,0.5800006,20027.06;348.6265
19998.21,0.5800006,20027.06;348.6265
19998.21,0.5800006,20027.26;348.5234
19998.21,0.5800008,20027.46;348.4374
19998.21,0.5800008,20027.46;348.4374
19998.21,0.5800012,20027.63;348.3515
19998.21,0.5800016,20027.79;348.2484
19998.21,0.5800016,20027.79;348.2484
19998.21,0.5800021,20027.99;348.1452
19998.21,0.5800021,20027.99;348.1452
19998.21,0.5800024,20028.18;348.0421
19998.21,0.5800024,20028.38;347.9561
19998.21,0.5800024,20028.38;347.9561
19998.21,0.5800024,20028.54;347.8702
19998.21,0.5800025,20028.71;347.7671
19998.21,0.5800025,20028.71;347.7671
19998.21,0.5800025,20028.91;347.6639
19998.21,0.5800025,20029.1;347.5551
19998.21,0.5800027,20029.29;347.4634
19998.21,0.5800027,20029.29;347.4634
19998.21,0.580003,20029.46;347.3717
19998.21,0.5800033,20029.63;347.2686
19998.21,0.5800033,20029.63;347.2686
19998.21,0.5800033,20029.63;347.2686
19998.21,0.5800042,20029.83;347.1597
19998.21,0.5800042,20029.83;347.1597
19998.21,0.5800042,20029.83;347.1597
19998.21,0.5800041,20030.02;347.068
19998.21,0.5800042,20030.19;346.9763
19998.21,0.5800046,20030.35;346.8789
19998.21,0.5800046,20030.35;346.8789
19998.21,0.5800046,20030.55;346.7815
19998.21,0.5800045,20030.74;346.6956
19998.21,0.5800045,20030.74;346.6956
19998.21,0.5800041,20030.93;346.6096
19998.21,0.5800044,20031.13;346.5237
19998.21,0.5800044,20031.13;346.5237
19998.21,0.5800044,20031.29;346.4377
19998.21,0.580004,20031.46;346.369
19998.21,0.5800046,20031.65;346.3002
