20000,0.5,20000;0
20000,0.58,20000.19;0
20000,0.58,20000.39;0.0974071
20000,0.58,20000.62;0.1948142
20000,0.58,20000.85;0.3552425
20000,0.58,20000.85;0.3552425
20000,0.58,20001.07;0.5156708
20000.01,0.58,20001.29;0.6818283
20000.01,0.58,20001.29;0.6818283
20000.01,0.58,20001.49;0.8479857
20000.01,0.58,20001.69;0.979768
20000.01,0.58,20001.69;0.979768
20000.02,0.58,20001.92;1.11155
20000.02,0.58,20002.14;1.266249
20000.03,0.58,20002.37;1.420949
20000.03,0.58,20002.37;1.420949
20000.03,0.58,20002.37;1.420949
20000.03,0.58,20002.57;1.547002
20000.03,0.58,20002.57;1.547002
20000.03,0.58,20002.57;1.547002
20000.04,0.58,20002.8;1.695971
20000.04,0.58,20002.8;1.695971
20000.05,0.58,20003.03;1.839212
20000.05,0.58,20003.23;1.982453
20000.06,0.58,20003.43;2.091318
20000.06,0.58,20003.43;2.091318
20000.07,0.58,20003.66;2.200184
20000.08,0.58,20003.9;2.337695
20000.08,0.58,20003.9;2.337695
20000.09,0.58,20004.1;2.475207
20000.1,0.58,20004.3;2.612718
20000.1,0.58,20004.3;2.612718
20000.11,0.58,20004.53;2.75023
20000.12,0.58,20004.77;2.876283
20000.13,0.58,20005;3.002336
20000.15,0.58,20005.23;3.139847
20000.15,0.58,20005.23;3.139847
20000.16,0.58,20005.43;3.277359
20000.17,0.58,20005.63;3.414871
20000.17,0.58,20005.63;3.414871
20000.18,0.58,20005.86;3.552382
20000.2,0.58,20006.1;3.672706
20000.2,0.58,20006.1;3.672706
20000.21,0.58,20006.31;3.810218
20000.21,0.58,20006.31;3.810218
20000.23,0.58,20006.51;3.947729
20000.23,0.58,20006.51;3.947729
20000.23,0.58,20006.51;3.947729
20000.24,0.58,20006.75;4.085241
20000.26,0.58,20006.99;4.194106
20000.26,0.58,20006.99;4.194106
20000.28,0.58,20007.22;4.337347
20000.28,0.58,20007.22;4.337347
20000.29,0.58,20007.42;4.4634
20000.29,0.58,20007.42;4.4634
20000.31,0.58,20007.65;4.589454
20000.33,0.58,20007.88;4.709777
20000.33,0.58,20007.88;4.709777
20000.35,0.58,20008.11;4.830101
20000.37,0.58,20008.34;4.961884
20000.37,0.58,20008.34;4.961884
20000.37,0.58,20008.34;4.961884
20000.39,0.58,20008.54;5.093666
20000.41,0.58,20008.75;5.219719
20000.43,0.58,20008.98;5.334314
20000.43,0.58,20008.98;5.334314
20000.45,0.58,20009.2;5.448908
20000.47,0.58,20009.43;5.51193
20000.47,0.58,20009.43;5.51193
20000.49,0.58,20009.62;5.574952
20000.51,0.58,20009.81;5.689547
20000.51,0.58,20009.81;5.689547
20000.51,0.58,20009.81;5.689547
20000.53,0.58,20010.03;5.832788
20000.53,0.58,20010.03;5.832788
20000.56,0.58,20010.24;5.981758
20000.56,0.58,20010.24;5.981758
20000.58,0.58,20010.43;6.130727
20000.6,0.58,20010.62;6.268239
20000.6,0.58,20010.62;6.268239
20000.62,0.58,20010.83;6.405751
20000.64,0.58,20011.04;6.566179
20000.64,0.58,20011.04;6.566179
20000.67,0.58,20011.26;6.726607
20000.7,0.58,20011.48;6.875577
20000.72,0.58,20011.66;7.00736
20000.72,0.58,20011.66;7.00736
20000.72,0.58,20011.66;7.00736
20000.75,0.58,20011.87;7.139142
20000.77,0.58,20012.08;7.299569
20000.77,0.58,20012.08;7.299569
20000.79,0.58,20012.25;7.454269
20000.79,0.58,20012.25;7.454269
20000.79,0.58,20012.25;7.454269
20000.82,0.58,20012.46;7.591779
20000.85,0.58,20012.66;7.746479
20000.85,0.58,20012.66;7.746479
20000.85,0.58,20012.66;7.746479
20000.87,0.58,20012.82;7.901179
20000.9,0.58,20012.99;8.061605
20000.9,0.58,20012.99;8.061605
20000.92,0.58,20013.14;8.222035
20000.94,0.58,20013.28;8.353818
20000.94,0.58,20013.28;8.353818
20000.97,0.58,20013.47;8.4856
20000.99,0.58,20013.64;8.646029
20001.02,0.58,20013.8;8.806457
20001.02,0.58,20013.8;8.806457
20001.05,0.58,20013.99;8.966885
20001.08,0.58,20014.18;9.092937
20001.08,0.58,20014.18;9.092937
20001.11,0.58,20014.38;9.21899
20001.14,0.58,20014.57;9.379419
20001.14,0.58,20014.57;9.379419
20001.17,0.58,20014.73;9.539848
20001.17,0.58,20014.73;9.539848
20001.2,0.58,20014.92;9.677359
20001.2,0.58,20014.92;9.677359
20001.2,0.58,20014.92;9.677359
20001.23,0.58,20015.11;9.837787
20001.23,0.58,20015.11;9.837787
20001.23,0.58,20015.11;9.837787
20001.26,0.58,20015.28;9.998215
20001.26,0.58,20015.28;9.998215
20001.26,0.58,20015.28;9.998215
20001.3,0.58,20015.47;10.13573
20001.33,0.58,20015.66;10.27324
20001.37,0.58,20015.86;10.43367
20001.37,0.58,20015.86;10.43367
20001.4,0.58,20016.03;10.5941
20001.43,0.58,20016.2;10.75452
20001.43,0.58,20016.2;10.75452
20001.47,0.58,20016.39;10.91495
20001.51,0.58,20016.58;11.05246
20001.51,0.58,20016.58;11.05246
20001.55,0.58,20016.78;11.18997
20001.59,0.58,20016.97;11.34467
20001.62,0.58,20017.14;11.49937
20001.65,0.58,20017.31;11.6598
20001.65,0.58,20017.31;11.6598
20001.69,0.58,20017.49;11.82023
20001.73,0.58,20017.67;11.95201
20001.73,0.58,20017.67;11.95201
20001.77,0.58,20017.87;12.08379
20001.78,0.5800002,20018.07;12.23849
20001.78,0.5800002,20018.07;12.23849
20001.78,0.5800006,20018.24;12.39319
20001.78,0.5800006,20018.24;12.39319
20001.78,0.5800006,20018.28;12.54789
20001.78,0.5800005,20018.31;12.67967
20001.78,0.5800005,20018.31;12.67967
20001.78,0.5800005,20018.39;12.83437
20001.78,0.5800005,20018.39;12.83437
20001.78,0.5800005,20018.39;12.83437
20001.78,0.5800006,20018.5;12.98907
20001.78,0.5800006,20018.61;13.14377
20001.78,0.5800006,20018.61;13.14377
20001.78,0.5800009,20018.82;13.26982
20001.78,0.5800009,20018.95;13.39588
20001.78,0.580001,20019.08;13.54485
20001.78,0.580001,20019.08;13.54485
20001.78,0.5800009,20019.26;13.69382
20001.78,0.5800005,20019.43;13.84852
20001.78,0.5800005,20019.43;13.84852
20001.78,0.5800009,20019.64;14.00322
20001.78,0.5800008,20019.84;14.12927
20001.78,0.5800008,20019.84;14.12927
20001.78,0.5800012,20020.04;14.28397
20001.78,0.5800012,20020.04;14.28397
20001.78,0.5800014,20020.22;14.43867
20001.78,0.5800012,20020.39;14.59337
20001.78,0.5800012,20020.39;14.59337
20001.78,0.5800015,20020.59;14.72515
20001.78,0.5800015,20020.59;14.72515
20001.78,0.5800015,20020.59;14.72515
20001.78,0.5800011,20020.79;14.85693
20001.78,0.5800013,20020.99;15.01163
20001.78,0.5800012,20021.16;15.14341
20001.78,0.5800012,20021.16;15.14341
20001.78,0.580001,20021.36;15.27519
20001.78,0.5800011,20021.55;15.36114
20001.78,0.5800011,20021.55;15.36114
20001.78,0.5800011,20021.55;15.36114
20001.78,0.580001,20021.75;15.51011
20001.78,0.580001,20021.75;15.51011
20001.78,0.580001,20021.75;15.51011
20001.78,0.5800012,20021.84;15.65908
20001.78,0.5800012,20021.93;15.80805
20001.78,0.5800011,20022.09;15.93983
20001.78,0.5800011,20022.09;15.93983
20001.78,0.5800011,20022.23;16.07162
20001.78,0.5800011,20022.38;16.21486
20001.78,0.5800011,20022.38;16.21486
20001.78,0.5800008,20022.59;16.35809
20001.78,0.5800005,20022.81;16.47269
20001.78,0.5800005,20022.81;16.47269
20001.78,0.5800005,20022.81;16.47269
20001.78,0.5800004,20023.01;16.58728
20001.78,0.5800004,20023.22;16.70761
20001.78,0.5800005,20023.4;16.85658
20001.78,0.5800005,20023.4;16.85658
20001.78,0.5800006,20023.59;17.00555
20001.78,0.5800007,20023.79;17.16598
20001.78,0.5800007,20023.79;17.16598
20001.78,0.5800007,20023.88;17.3264
20001.78,0.5800006,20023.96;17.3837
20001.78,0.5800006,20023.96;17.3837
20001.78,0.5800006,20023.96;17.3837
20001.78,0.5800008,20024.13;17.48684
20001.78,0.5800009,20024.31;17.58997
20001.78,0.5800011,20024.49;17.61862
20001.78,0.5800012,20024.7;17.66445
20001.78,0.5800012,20024.7;17.66445
20001.78,0.5800012,20024.7;17.66445
20001.78,0.5800011,20024.84;17.68164
20001.78,0.5800011,20024.84;17.68164
20001.78,0.5800011,20024.84;17.68164
20001.78,0.580001,20025.04;17.69883
20001.78,0.5800011,20025.24;17.71601
20001.78,0.5800011,20025.24;17.71601
20001.78,0.5800011,20025.24;17.71601
20001.78,0.5800013,20025.41;17.7332
20001.78,0.5800013,20025.41;17.7332
20001.78,0.5800013,20025.41;17.7332
20001.78,0.5800014,20025.61;17.75039
20001.78,0.5800014,20025.61;17.75039
20001.78,0.5800014,20025.61;17.75039
20001.78,0.5800015,20025.8;17.76758
20001.78,0.5800015,20025.8;17.76758
20001.78,0.5800017,20025.96;17.78476
20001.78,0.5800017,20025.96;17.78476
20001.78,0.5800017,20025.96;17.78476
20001.78,0.580002,20026.15;17.80195
20001.78,0.580002,20026.15;17.80195
20001.78,0.580002,20026.15;17.80195
20001.78,0.5800021,20026.25;17.81914
20001.78,0.5800021,20026.25;17.81914
20001.78,0.5800021,20026.25;17.81914
20001.78,0.5800022,20026.41;17.83633
20001.78,0.5800022,20026.41;17.83633
20001.78,0.5800022,20026.55;17.85351
20001.78,0.5800022,20026.55;17.85351
20001.78,0.5800022,20026.55;17.85351
20001.78,0.5800022,20026.57;17.8707
20001.78,0.5800022,20026.57;17.8707
20001.78,0.5800022,20026.57;17.8707
20001.78,0.5800022,20026.57;17.88789
20001.78,0.5800022,20026.57;17.88789
20001.78,0.5800022,20026.57;17.88789
20001.78,0.5800022,20026.57;17.88789
20001.78,0.5800022,20026.59;17.90508
20001.78,0.5800022,20026.59;17.90508
20001.78,0.5800022,20026.59;17.90508
20001.78,0.5800022,20026.59;17.92227
20001.78,0.5800022,20026.59;17.92227
20001.78,0.5800022,20026.59;17.92227
20001.78,0.5800022,20026.59;17.93946
20001.78,0.5800022,20026.59;17.93946
20001.78,0.5800022,20026.59;17.93946
20001.78,0.5800022,20026.59;17.95664
20001.78,0.5800022,20026.59;17.95664
20001.78,0.5800022,20026.59;17.97383
20001.78,0.5800022,20026.59;17.97383
20001.78,0.5800022,20026.59;17.97383
20001.78,0.5800022,20026.58;17.99102
20001.78,0.5800022,20026.58;17.99102
20001.78,0.5800022,20026.58;17.99102
20001.78,0.5800022,20026.57;18.00821
20001.78,0.5800022,20026.57;18.00821
20001.78,0.5800022,20026.57;18.02539
20001.78,0.5800022,20026.57;18.02539
20001.78,0.5800022,20026.57;18.04258
20001.78,0.5800022,20026.57;18.04258
20001.78,0.5800022,20026.57;18.04258
20001.78,0.5800022,20026.57;18.05977
20001.78,0.5800022,20026.57;18.05977
20001.78,0.5800022,20026.57;18.05977
20001.78,0.5800022,20026.57;18.07696
20001.78,0.5800022,20026.57;18.07696
20001.78,0.5800022,20026.57;18.07696
20001.78,0.5800022,20026.57;18.09414
20001.78,0.5800022,20026.58;18.11133
20001.78,0.5800022,20026.58;18.11133
20001.78,0.5800022,20026.58;18.11133
20001.78,0.5800022,20026.58;18.11133
20001.78,0.5800023,20026.59;18.12852
20001.78,0.5800023,20026.59;18.12852
20001.78,0.5800023,20026.59;18.12852
20001.78,0.5800022,20026.62;18.14571
20001.78,0.5800022,20026.62;18.14571
20001.78,0.5800022,20026.65;18.1629
20001.78,0.5800022,20026.65;18.1629
20001.78,0.5800023,20026.68;18.18008
20001.78,0.5800023,20026.68;18.18008
20001.78,0.5800023,20026.68;18.18008
20001.78,0.5800023,20026.72;18.19727
20001.78,0.5800023,20026.72;18.19727
20001.78,0.5800023,20026.72;18.19727
20001.78,0.5800024,20026.76;18.21446
20001.78,0.5800024,20026.76;18.21446
20001.78,0.5800025,20026.79;18.23165
20001.78,0.5800025,20026.79;18.23165
20001.78,0.5800025,20026.79;18.23165
20001.78,0.5800025,20026.83;18.24883
20001.78,0.5800025,20026.83;18.24883
20001.78,0.5800025,20026.85;18.26602
20001.78,0.5800025,20026.85;18.26602
20001.78,0.5800025,20026.85;18.26602
20001.78,0.5800027,20026.89;18.28321
20001.78,0.5800027,20026.89;18.28321
20001.78,0.5800027,20026.92;18.3004
20001.78,0.5800028,20026.96;18.29467
20001.78,0.5800028,20026.96;18.29467
20001.78,0.5800028,20026.98;18.28894
20001.78,0.5800028,20027.01;18.28321
20001.78,0.5800028,20027.01;18.28321
20001.78,0.5800028,20027.01;18.28321
20001.78,0.5800028,20027.04;18.27748
20001.78,0.5800028,20027.04;18.27748
20001.78,0.5800028,20027.08;18.27175
20001.78,0.5800028,20027.08;18.27175
20001.78,0.5800029,20027.11;18.26602
20001.78,0.5800029,20027.11;18.26602
20001.78,0.5800029,20027.11;18.26602
20001.78,0.580003,20027.14;18.26029
20001.78,0.580003,20027.14;18.26029
20001.78,0.580003,20027.14;18.26029
20001.78,0.580003,20027.17;18.25456
20001.78,0.580003,20027.17;18.25456
20001.78,0.580003,20027.17;18.25456
20001.78,0.5800031,20027.2;18.24883
20001.78,0.580003,20027.22;18.2431
20001.78,0.580003,20027.22;18.2431
20001.78,0.580003,20027.22;18.2431
20001.78,0.580003,20027.25;18.23737
20001.78,0.580003,20027.25;18.23737
20001.78,0.580003,20027.25;18.23737
20001.78,0.580003,20027.25;18.23737
20001.78,0.5800031,20027.28;18.23164
20001.78,0.5800031,20027.28;18.23164
20001.78,0.5800031,20027.28;18.23164
20001.78,0.5800031,20027.31;18.22591
20001.78,0.5800031,20027.33;18.22018
20001.78,0.5800031,20027.33;18.22018
20001.78,0.5800031,20027.33;18.22018
20001.78,0.580003,20027.35;18.21445
20001.78,0.580003,20027.35;18.21445
20001.78,0.580003,20027.35;18.21445
20001.78,0.5800031,20027.38;18.20872
20001.78,0.5800031,20027.38;18.20872
20001.78,0.5800031,20027.38;18.20872
20001.78,0.5800031,20027.41;18.203
20001.78,0.5800031,20027.41;18.203
20001.78,0.5800031,20027.43;18.19727
20001.78,0.5800031,20027.43;18.19727
20001.78,0.5800031,20027.43;18.19727
20001.78,0.5800031,20027.46;18.19154
20001.78,0.5800031,20027.46;18.19154
20001.78,0.5800031,20027.46;18.19154
20001.78,0.5800032,20027.5;18.18581
20001.78,0.5800032,20027.5;18.18581
20001.78,0.5800032,20027.5;18.18581
20001.78,0.5800031,20027.54;18.18008
20001.78,0.5800032,20027.59;18.17435
20001.78,0.5800032,20027.59;18.17435
20001.78,0.5800032,20027.59;18.17435
20001.78,0.5800031,20027.64;18.16862
20001.78,0.5800031,20027.64;18.16862
20001.78,0.5800031,20027.64;18.16862
20001.78,0.5800032,20027.71;18.16289
20001.78,0.5800032,20027.71;18.16289
20001.78,0.5800032,20027.71;18.16289
20001.78,0.5800031,20027.79;18.15716
20001.78,0.5800031,20027.79;18.15716
20001.78,0.5800032,20027.89;18.15143
20001.78,0.5800032,20027.89;18.15143
20001.78,0.5800032,20027.89;18.15143
20001.78,0.5800034,20027.97;18.14571
20001.78,0.5800034,20027.97;18.14571
20001.78,0.5800034,20027.97;18.14571
20001.78,0.5800033,20028.09;18.13998
20001.78,0.5800033,20028.09;18.13998
20001.78,0.5800033,20028.09;18.13998
20001.78,0.5800034,20028.22;18.13425
20001.78,0.5800034,20028.22;18.13425
20001.78,0.5800037,20028.34;18.12852
20001.78,0.5800037,20028.34;18.12852
20001.78,0.5800037,20028.34;18.12852
20001.78,0.580004,20028.5;18.12279
20001.78,0.580004,20028.5;18.12279
20001.78,0.580004,20028.5;18.12279
20001.78,0.580004,20028.66;18.11707
20001.78,0.580004,20028.66;18.11707
20001.78,0.580004,20028.81;18.11134
20001.78,0.580004,20028.81;18.11134
20001.78,0.580004,20029;18.10561
20001.78,0.580004,20029;18.10561
20001.78,0.580004,20029;18.10561
20001.78,0.5800044,20029.16;18.09988
20001.78,0.5800045,20029.33;18.08842
20001.78,0.5800045,20029.33;18.08842
20001.78,0.5800045,20029.33;18.08842
20001.78,0.580005,20029.52;18.00247
20001.78,0.580005,20029.52;18.00247
20001.78,0.5800056,20029.71;17.8535
20001.78,0.5800056,20029.71;17.8535
20001.78,0.5800057,20029.87;17.70453
20001.78,0.5800059,20030.03;17.58421
20001.78,0.5800059,20030.03;17.58421
20001.78,0.5800064,20030.22;17.46389
20001.78,0.5800069,20030.41;17.40087
20001.78,0.5800069,20030.41;17.40087
20001.78,0.5800073,20030.6;17.33784
20001.78,0.5800074,20030.79;17.26336
20001.78,0.5800076,20030.95;17.17168
20001.78,0.5800076,20030.95;17.17168
20001.78,0.5800076,20030.95;17.17168
20001.78,0.5800081,20031.14;17.08001
20001.78,0.5800082,20031.33;16.96541
20001.78,0.5800082,20031.33;16.96541
20001.78,0.580008,20031.52;16.85082
20001.78,0.5800082,20031.71;16.73049
