20000,0.5,20000;0
20000,0.58,20000.23;359.9427
20000,0.58,20000.46;359.874
20000,0.58,20000.46;359.874
20000,0.58,20000.66;359.8052
20000,0.58,20000.85;359.7708
20000,0.58,20000.85;359.7708
20000,0.58,20001.07;359.7365
20000,0.58,20001.29;359.6563
19999.99,0.58,20001.52;359.6333
19999.99,0.58,20001.52;359.6333
19999.99,0.58,20001.71;359.6104
19999.99,0.58,20001.91;359.5703
19999.99,0.58,20001.91;359.5703
19999.99,0.58,20002.13;359.5302
19999.99,0.58,20002.36;359.4786
19999.99,0.58,20002.36;359.4786
19999.98,0.58,20002.58;359.4271
19999.98,0.58,20002.8;359.3984
19999.98,0.58,20002.99;359.3698
19999.98,0.58,20003.18;359.3068
19999.98,0.58,20003.18;359.3068
19999.97,0.58,20003.41;359.2437
19999.97,0.58,20003.63;359.1693
19999.97,0.58,20003.63;359.1693
19999.97,0.58,20003.86;359.0948
19999.96,0.58,20004.08;359.0547
19999.96,0.58,20004.08;359.0547
19999.96,0.58,20004.27;359.0146
19999.96,0.58,20004.49;358.9401
19999.95,0.58,20004.71;358.8656
19999.95,0.58,20004.71;358.8656
19999.95,0.58,20004.94;358.7911
19999.94,0.58,20005.17;358.7281
19999.94,0.58,20005.17;358.7281
19999.94,0.58,20005.36;358.6651
19999.93,0.58,20005.56;358.6021
19999.93,0.58,20005.56;358.6021
19999.93,0.58,20005.79;358.5391
19999.92,0.58,20006.02;358.4531
19999.92,0.58,20006.25;358.3672
19999.91,0.58,20006.48;358.2984
19999.91,0.58,20006.48;358.2984
19999.9,0.58,20006.68;358.2296
19999.9,0.58,20006.87;358.1494
19999.9,0.58,20006.87;358.1494
19999.89,0.58,20007.1;358.0692
19999.88,0.58,20007.32;357.989
19999.88,0.58,20007.32;357.989
19999.87,0.58,20007.52;357.9489
19999.87,0.58,20007.75;357.9088
19999.86,0.58,20007.97;357.8458
19999.86,0.58,20007.97;357.8458
19999.85,0.58,20008.2;357.7828
19999.84,0.58,20008.43;357.7255
19999.84,0.58,20008.43;357.7255
19999.84,0.58,20008.43;357.7255
19999.83,0.58,20008.63;357.6625
19999.83,0.58,20008.63;357.6625
19999.83,0.58,20008.63;357.6625
19999.82,0.58,20008.86;357.5822
19999.81,0.58,20009.09;357.502
19999.8,0.58,20009.32;357.4161
19999.8,0.58,20009.32;357.4161
19999.79,0.58,20009.53;357.3301
19999.78,0.58,20009.73;357.2557
19999.78,0.58,20009.73;357.2557
19999.77,0.58,20009.96;357.1812
19999.76,0.58,20010.2;357.101
19999.75,0.58,20010.43;357.0208
19999.73,0.58,20010.64;356.9406
19999.72,0.58,20010.84;356.8718
19999.72,0.58,20010.84;356.8718
19999.71,0.58,20011.04;356.8031
19999.7,0.58,20011.25;356.7229
19999.7,0.58,20011.25;356.7229
19999.69,0.58,20011.48;356.6426
19999.67,0.58,20011.72;356.5567
19999.67,0.58,20011.72;356.5567
19999.66,0.58,20011.92;356.4708
19999.66,0.58,20011.92;356.4708
19999.65,0.58,20012.06;356.3848
19999.64,0.58,20012.2;356.3046
19999.64,0.58,20012.2;356.3046
19999.63,0.58,20012.34;356.2244
19999.62,0.58,20012.48;356.1728
19999.62,0.58,20012.48;356.1728
19999.61,0.58,20012.68;356.1212
19999.6,0.58,20012.88;356.0525
19999.58,0.58,20013.11;355.9551
19999.58,0.58,20013.11;355.9551
19999.56,0.58,20013.34;355.8577
19999.55,0.58,20013.58;355.829
19999.55,0.58,20013.58;355.829
19999.53,0.58,20013.78;355.8004
19999.52,0.58,20013.97;355.7546
19999.5,0.58,20014.21;355.7087
19999.48,0.58,20014.44;355.6228
19999.46,0.58,20014.67;355.5368
19999.45,0.58,20014.89;355.4624
19999.45,0.58,20014.89;355.4624
19999.43,0.58,20015.09;355.3879
19999.41,0.58,20015.28;355.3077
19999.41,0.58,20015.28;355.3077
19999.4,0.58,20015.5;355.2274
19999.38,0.58,20015.72;355.1472
19999.38,0.58,20015.72;355.1472
19999.36,0.58,20015.94;355.067
19999.34,0.58,20016.16;354.9811
19999.32,0.58,20016.35;354.9009
19999.32,0.58,20016.35;354.9009
19999.32,0.58,20016.35;354.9009
19999.3,0.58,20016.57;354.8207
19999.3,0.58,20016.57;354.8207
19999.3,0.58,20016.57;354.8207
19999.28,0.58,20016.78;354.7405
19999.28,0.58,20016.78;354.7405
19999.28,0.58,20016.78;354.7405
19999.27,0.58,20016.96;354.6717
19999.25,0.58,20017.17;354.603
19999.23,0.58,20017.38;354.5285
19999.23,0.58,20017.38;354.5285
19999.21,0.58,20017.6;354.454
19999.18,0.58,20017.81;354.3681
19999.18,0.58,20017.81;354.3681
19999.17,0.58,20017.99;354.2821
19999.15,0.58,20018.16;354.2191
19999.15,0.58,20018.16;354.2191
19999.13,0.58,20018.37;354.1561
19999.11,0.58,20018.57;354.0873
19999.09,0.58,20018.77;354.0071
19999.09,0.58,20018.77;354.0071
19999.09,0.58,20018.77;354.0071
19999.07,0.58,20018.95;353.9384
19999.07,0.58,20018.95;353.9384
19999.07,0.58,20018.95;353.9384
19999.04,0.58,20019.15;353.8524
19999.04,0.58,20019.15;353.8524
19999.04,0.58,20019.15;353.8524
19999.02,0.58,20019.35;353.7779
19999,0.58,20019.52;353.7035
19998.99,0.58,20019.69;353.6347
19998.99,0.58,20019.69;353.6347
19998.96,0.58,20019.89;353.5659
19998.94,0.58,20020.09;353.4857
19998.94,0.58,20020.09;353.4857
19998.92,0.58,20020.29;353.4055
19998.89,0.58,20020.48;353.3311
19998.89,0.58,20020.48;353.3311
19998.87,0.58,20020.65;353.2566
19998.85,0.58,20020.83;353.1935
19998.83,0.58,20021.02;353.1133
19998.83,0.58,20021.02;353.1133
19998.83,0.58,20021.02;353.1133
19998.8,0.58,20021.22;353.0446
19998.8,0.58,20021.22;353.0446
19998.8,0.58,20021.22;353.0446
19998.79,0.58,20021.39;352.9758
19998.76,0.58,20021.55;352.9071
19998.76,0.58,20021.55;352.9071
19998.74,0.58,20021.75;352.8383
19998.71,0.58,20021.95;352.7696
19998.69,0.58,20022.14;352.6951
19998.69,0.58,20022.14;352.6951
19998.67,0.58,20022.32;352.6206
19998.64,0.58,20022.49;352.5519
19998.64,0.58,20022.49;352.5519
19998.62,0.58,20022.69;352.4831
19998.59,0.58,20022.88;352.4087
19998.59,0.58,20022.88;352.4087
19998.57,0.58,20023.08;352.3342
19998.57,0.58,20023.08;352.3342
19998.54,0.58,20023.25;352.2597
19998.52,0.58,20023.42;352.1967
19998.52,0.58,20023.42;352.1967
19998.49,0.58,20023.62;352.1336
19998.46,0.58,20023.81;352.0534
19998.46,0.58,20023.81;352.0534
19998.44,0.58,20024.01;351.9732
19998.41,0.58,20024.21;351.9102
19998.41,0.58,20024.21;351.9102
19998.38,0.58,20024.38;351.8472
19998.38,0.58,20024.38;351.8472
19998.36,0.58,20024.58;351.7727
19998.36,0.58,20024.58;351.7727
19998.36,0.58,20024.58;351.7727
19998.33,0.58,20024.78;351.7097
19998.33,0.58,20024.78;351.7097
19998.33,0.58,20024.78;351.7097
19998.3,0.58,20024.95;351.6467
19998.28,0.58,20025.12;351.5836
19998.25,0.58,20025.32;351.5149
19998.25,0.58,20025.32;351.5149
19998.22,0.58,20025.52;351.4461
19998.19,0.58,20025.72;351.3831
19998.19,0.58,20025.72;351.3831
19998.16,0.58,20025.89;351.3201
19998.13,0.58,20026.07;351.2399
19998.13,0.58,20026.07;351.2399
19998.13,0.58,20026.07;351.2399
19998.1,0.58,20026.26;351.1654
19998.1,0.58,20026.26;351.1654
19998.07,0.58,20026.46;351.1081
19998.07,0.58,20026.46;351.1081
19998.04,0.58,20026.63;351.0508
19998.02,0.58,20026.81;350.9821
19998.02,0.58,20026.81;350.9821
19997.99,0.58,20026.96;350.9133
19997.97,0.58,20027.12;350.8388
19997.97,0.58,20027.12;350.8388
19997.96,0.58,20027.19;350.7644
19997.94,0.58,20027.27;350.7071
19997.91,0.58,20027.46;350.6326
19997.91,0.58,20027.46;350.6326
19997.91,0.58,20027.46;350.6326
19997.88,0.58,20027.67;350.5581
19997.88,0.58,20027.67;350.5581
19997.88,0.58,20027.67;350.5581
19997.85,0.58,20027.84;350.4951
19997.85,0.58,20027.84;350.4951
19997.85,0.58,20027.84;350.4951
19997.81,0.58,20028.04;350.4206
19997.78,0.58,20028.24;350.3461
19997.75,0.58,20028.44;350.2717
19997.75,0.58,20028.44;350.2717
19997.71,0.58,20028.61;350.1972
19997.69,0.58,20028.79;350.1399
19997.69,0.58,20028.79;350.1399
19997.65,0.58,20028.98;350.0826
19997.62,0.58,20029.18;350.0081
19997.62,0.58,20029.18;350.0081
19997.58,0.58,20029.38;349.9336
19997.54,0.58,20029.58;349.8592
19997.51,0.58,20029.75;349.7961
19997.51,0.58,20029.75;349.7961
19997.51,0.58,20029.75;349.7961
19997.48,0.58,20029.95;349.7216
19997.48,0.58,20029.95;349.7216
19997.48,0.58,20029.95;349.7216
19997.44,0.58,20030.15;349.6414
19997.44,0.58,20030.15;349.6414
19997.44,0.58,20030.15;349.6414
19997.41,0.58,20030.31;349.5612
19997.38,0.58,20030.51;349.4982
19997.34,0.58,20030.71;349.4237
19997.34,0.58,20030.71;349.4237
19997.3,0.58,20030.9;349.3492
19997.26,0.58,20031.1;349.2748
19997.26,0.58,20031.1;349.2748
19997.23,0.58,20031.27;349.2003
19997.2,0.58,20031.44;349.1315
19997.2,0.58,20031.44;349.1315
19997.16,0.58,20031.62;349.0628
19997.13,0.58,20031.8;348.9998
19997.09,0.58,20032;348.9367
19997.05,0.58,20032.2;348.8565
19997.05,0.58,20032.2;348.8565
19997.02,0.58,20032.37;348.7763
19996.98,0.58,20032.53;348.719
19996.98,0.58,20032.53;348.719
19996.95,0.58,20032.73;348.6617
19996.91,0.58,20032.92;348.5873
19996.91,0.58,20032.92;348.5873
19996.87,0.58,20033.12;348.5128
19996.87,0.58,20033.12;348.5128
19996.83,0.58,20033.28;348.4498
19996.83,0.58,20033.28;348.4498
19996.83,0.58,20033.28;348.4498
19996.79,0.58,20033.48;348.3867
19996.75,0.58,20033.67;348.318
19996.75,0.58,20033.67;348.318
19996.71,0.58,20033.87;348.2492
19996.67,0.58,20034.06;348.1748
19996.67,0.58,20034.06;348.1748
19996.64,0.58,20034.22;348.1175
19996.6,0.58,20034.42;348.0602
19996.55,0.58,20034.61;347.9857
19996.55,0.58,20034.61;347.9857
19996.55,0.58,20034.61;347.9857
19996.51,0.58,20034.8;347.9112
19996.51,0.58,20034.8;347.9112
19996.51,0.58,20034.8;347.9112
19996.48,0.58,20034.97;347.8539
19996.48,0.58,20034.97;347.8539
19996.44,0.58,20035.16;347.7852
19996.44,0.58,20035.16;347.7852
19996.4,0.58,20035.33;347.7164
19996.4,0.58,20035.33;347.7164
19996.36,0.58,20035.52;347.6477
19996.32,0.58,20035.71;347.5904
19996.32,0.58,20035.71;347.5904
19996.28,0.58,20035.9;347.5331
19996.23,0.58,20036.09;347.4815
19996.19,0.58,20036.28;347.4414
19996.19,0.58,20036.28;347.4414
19996.15,0.58,20036.45;347.4013
19996.12,0.58,20036.61;347.344
19996.12,0.58,20036.61;347.344
19996.07,0.58,20036.8;347.2867
19996.03,0.58,20036.99;347.218
19996.03,0.58,20036.99;347.218
19996.03,0.58,20036.99;347.218
19995.98,0.58,20037.18;347.1435
19995.98,0.58,20037.18;347.1435
19995.95,0.58,20037.35;347.0748
19995.95,0.58,20037.35;347.0748
19995.9,0.58,20037.54;347.006
19995.86,0.58,20037.73;346.9315
19995.86,0.58,20037.73;346.9315
19995.82,0.58,20037.89;346.8571
19995.78,0.58,20038.05;346.7883
19995.78,0.58,20038.05;346.7883
19995.74,0.58,20038.24;346.7195
19995.69,0.58,20038.43;346.6623
19995.65,0.58,20038.62;346.5935
19995.65,0.58,20038.62;346.5935
19995.65,0.58,20038.62;346.5935
19995.61,0.58,20038.79;346.519
19995.61,0.58,20038.79;346.519
19995.61,0.58,20038.79;346.519
19995.56,0.58,20038.97;346.456
19995.56,0.58,20038.97;346.456
19995.56,0.58,20038.97;346.456
19995.52,0.58,20039.16;346.3758
19995.48,0.58,20039.33;346.2956
19995.44,0.58,20039.49;346.2268
19995.44,0.58,20039.49;346.2268
19995.39,0.58,20039.68;346.1581
19995.34,0.58,20039.87;346.0951
19995.34,0.58,20039.87;346.0951
19995.3,0.58,20040.06;346.032
19995.25,0.58,20040.25;345.9862
19995.25,0.58,20040.25;345.9862
19995.21,0.58,20040.42;345.9404
19995.17,0.58,20040.58;345.8946
19995.12,0.58,20040.77;345.8487
19995.07,0.58,20040.96;345.78
19995.02,0.58,20041.15;345.7112
19994.97,0.58,20041.34;345.6367
19994.97,0.58,20041.34;345.6367
19994.93,0.58,20041.5;345.5623
19994.89,0.58,20041.66;345.505
19994.89,0.58,20041.66;345.505
19994.84,0.58,20041.85;345.4477
19994.79,0.58,20042.04;345.3904
19994.79,0.58,20042.04;345.3904
19994.79,0.58,20042.04;345.3904
19994.75,0.58,20042.2;345.3331
19994.75,0.58,20042.2;345.3331
19994.75,0.58,20042.2;345.3331
19994.7,0.58,20042.39;345.2758
19994.7,0.58,20042.39;345.2758
19994.7,0.58,20042.39;345.2758
19994.65,0.58,20042.58;345.2472
