20000,0.5,20000;0
20000,0.58,20000.08;0
20000,0.58,20000.15;0
20000,0.58,20000.15;0
20000,0.58,20000.22;0
20000,0.58,20000.29;0
20000,0.58,20000.36;0
20000,0.58,20000.42;0
20000,0.58,20000.42;0
20000,0.58,20000.42;0
20000,0.58,20000.44;0
20000,0.58,20000.44;0
20000,0.58,20000.44;0
20000,0.58,20000.44;0
20000,0.58,20000.44;0
20000,0.58,20000.44;0
20000,0.58,20000.44;0
20000,0.58,20000.44;0
20000,0.58,20000.44;0
20000,0.58,20000.44;0
20000,0.58,20000.44;0
20000,0.58,20000.44;0
20000,0.58,20000.44;0
20000,0.58,20000.44;0
20000,0.58,20000.44;0
20000,0.58,20000.44;0
20000,0.58,20000.44;0
20000,0.58,20000.44;0
20000,0.58,20000.44;0
20000,0.58,20000.44;0
20000,0.58,20000.47;0
20000,0.58,20000.47;0
20000,0.58,20000.47;0
20000,0.58,20000.47;0
20000,0.58,20000.47;0
20000,0.58,20000.47;0
20000,0.58,20000.47;0
20000,0.58,20000.47;0
20000,0.58,20000.48;0
20000,0.58,20000.54;0
20000,0.58,20000.59;0
20000,0.58,20000.61;0
20000,0.58,20000.61;0
20000,0.58,20000.64;0
20000,0.58,20000.7;0
20000,0.58,20000.76;0
20000,0.58,20000.81;0
20000,0.58,20000.87;0
20000,0.58,20000.87;0
20000,0.58,20000.93;0
20000,0.58,20000.99;0
20000,0.58,20001.06;0
20000,0.58,20001.12;0
20000,0.58,20001.18;0
20000,0.58,20001.24;0
20000,0.58,20001.24;0
20000,0.58,20001.31;0
20000,0.58,20001.38;0
20000,0.58,20001.45;0
20000,0.58,20001.52;0
20000,0.58,20001.52;0
20000,0.58,20001.59;0
20000,0.58,20001.66;0
20000,0.58,20001.72;0
20000,0.58,20001.79;0
20000,0.58,20001.79;0
20000,0.58,20001.86;0
20000,0.58,20001.93;0
20000,0.58,20002;0
20000,0.58,20002.06;0
20000,0.58,20002.13;0
20000,0.58,20002.13;0
20000,0.58,20002.2;0
20000,0.58,20002.27;0
20000,0.58,20002.34;0
20000,0.58,20002.41;0
20000,0.58,20002.48;0
20000,0.58,20002.48;0
20000,0.58,20002.55;0
20000,0.58,20002.62;0
20000,0.58,20002.69;0
20000,0.58,20002.77;0
20000,0.58,20002.84;0
20000,0.58,20002.84;0
20000,0.58,20002.92;0
20000,0.58,20003;0
20000,0.58,20003.08;0
20000,0.58,20003.16;0
20000,0.58,20003.24;0
20000,0.58,20003.32;0
20000,0.58,20003.32;0
20000,0.58,20003.4;0
20000,0.58,20003.49;0
20000,0.58,20003.57;0
20000,0.58,20003.65;0
20000,0.58,20003.65;0
20000,0.58,20003.74;0
20000,0.58,20003.82;0
20000,0.58,20003.91;0
20000,0.58,20003.99;0
20000,0.58,20004.07;0
20000,0.58,20004.07;0
20000,0.58,20004.16;0
20000,0.58,20004.16;0
20000,0.58,20004.24;0
20000,0.58,20004.33;0
20000,0.58,20004.41;0
20000,0.58,20004.41;0
20000,0.58,20004.5;0
20000,0.58,20004.58;0
20000,0.58,20004.58;0
20000,0.58,20004.67;0
20000,0.58,20004.67;0
20000,0.58,20004.67;0
20000,0.58,20004.67;0
20000,0.58,20004.75;0
20000,0.58,20004.75;0
20000,0.58,20004.83;0
20000,0.58,20004.92;0
20000,0.58,20004.92;0
20000,0.58,20004.92;0
20000,0.58,20004.92;0
20000,0.58,20004.92;0
20000,0.58,20004.92;0
20000,0.58,20004.92;0
20000,0.58,20004.92;0
20000,0.58,20004.92;0
20000,0.58,20004.92;0
20000,0.58,20004.92;0
20000,0.58,20004.92;0
20000,0.58,20004.92;0
20000,0.58,20004.92;0
20000,0.58,20004.92;0
20000,0.58,20004.92;0
20000,0.58,20004.92;0
20000,0.58,20004.92;0
20000,0.58,20004.92;0
20000,0.58,20004.92;0
20000,0.58,20004.92;0
20000,0.58,20004.92;0
20000,0.58,20004.92;0
20000,0.58,20004.92;0
20000,0.58,20004.92;0
20000,0.58,20004.92;0
20000,0.58,20004.92;0
20000,0.58,20004.92;0
20000,0.58,20004.92;0
20000,0.58,20004.92;0
20000,0.58,20004.92;0
20000,0.58,20004.92;0
20000,0.58,20004.92;0
20000,0.58,20004.92;0
20000,0.58,20004.92;0
20000,0.58,20004.92;0
20000,0.58,20004.92;0
20000,0.58,20004.92;0
20000,0.58,20004.92;0
20000,0.58,20004.92;0
20000,0.58,20004.92;0
20000,0.58,20004.92;0
20000,0.58,20004.92;0
20000,0.58,20004.92;0
20000,0.58,20004.92;0
20000,0.58,20004.92;0
20000,0.58,20004.92;0
20000,0.58,20004.92;0
20000,0.58,20004.92;0
20000,0.58,20004.92;0
20000,0.58,20004.92;0
20000,0.58,20004.92;0
20000,0.58,20004.92;0
20000,0.58,20004.92;0
20000,0.58,20004.92;0
20000,0.58,20004.92;0
20000,0.58,20004.92;0
20000,0.58,20004.92;0
20000,0.58,20004.92;0
20000,0.58,20004.92;0
20000,0.58,20004.92;0
20000,0.58,20004.92;0
20000,0.58,20004.92;0
20000,0.58,20004.92;0
20000,0.58,20004.92;0
20000,0.58,20004.92;0
20000,0.58,20004.92;0
20000,0.58,20004.92;0
20000,0.58,20004.92;0
20000,0.58,20004.92;0
20000,0.58,20004.92;0
20000,0.58,20004.92;0
20000,0.58,20004.92;0
20000,0.58,20004.92;0
20000,0.58,20004.92;0
20000,0.58,20004.92;0
20000,0.58,20004.92;0
20000,0.58,20004.92;0
20000,0.58,20004.92;0
20000,0.58,20004.92;0
20000,0.58,20004.92;0
20000,0.58,20004.92;0
20000,0.58,20004.92;0
20000,0.58,20004.92;0
20000,0.58,20004.92;0
20000,0.58,20004.92;0
20000,0.58,20004.92;0
20000,0.58,20004.92;0
20000,0.58,20004.92;0
20000,0.58,20004.92;0
20000,0.58,20004.92;0
20000,0.58,20004.92;0
20000,0.58,20004.92;0
20000,0.58,20004.92;0
20000,0.58,20004.92;0
20000,0.58,20004.92;0
20000,0.58,20004.92;0
20000,0.58,20004.92;0
20000,0.58,20004.92;0
20000,0.58,20004.92;0
20000,0.58,20004.92;0
20000,0.58,20004.92;0
20000,0.58,20004.92;0
20000,0.58,20004.92;0
20000,0.58,20004.92;0
20000,0.58,20004.92;0
20000,0.58,20004.92;0
20000,0.58,20004.92;0
20000,0.58,20004.92;0
20000,0.58,20004.92;0
20000,0.58,20004.92;0
20000,0.58,20004.92;0
20000,0.58,20004.92;0
20000,0.58,20004.92;0
20000,0.58,20004.92;0
20000,0.58,20004.92;0
20000,0.58,20004.92;0
20000,0.58,20004.92;0
20000,0.58,20004.92;0
20000,0.58,20004.92;0
20000,0.58,20004.92;0
20000,0.58,20004.92;0
20000,0.58,20004.92;0
20000,0.58,20004.92;0
20000,0.58,20004.92;0
20000,0.58,20004.92;0
20000,0.58,20004.92;0
20000,0.58,20004.92;0
20000,0.58,20004.92;0
20000,0.58,20004.92;0
20000,0.58,20004.92;0
20000,0.58,20004.92;0
20000,0.58,20004.92;0
20000,0.58,20004.92;0
20000,0.58,20004.92;0
20000,0.58,20004.92;0
20000,0.58,20004.92;0
20000,0.58,20004.92;0
20000,0.58,20004.92;0
20000,0.58,20004.92;0
20000,0.58,20005.01;0
20000,0.58,20005.11;0
20000,0.58,20005.11;0
20000,0.58,20005.2;0
20000,0.58,20005.29;0
20000,0.58,20005.38;0
20000,0.58,20005.46;0
20000,0.58,20005.46;0
20000,0.58,20005.55;0
20000,0.58,20005.63;0
20000,0.58,20005.72;0
20000,0.58,20005.81;0
20000,0.58,20005.89;0
20000,0.58,20005.89;0
20000,0.58,20005.98;0
20000,0.58,20006.07;0
20000,0.58,20006.15;0
20000,0.58,20006.23;0
20000,0.58,20006.31;0
20000,0.58,20006.31;0
20000,0.58,20006.4;0
20000,0.58,20006.47;0
20000,0.58,20006.56;0
20000,0.58,20006.63;0
20000,0.58,20006.72;0
20000,0.58,20006.72;0
20000,0.58,20006.79;0
20000,0.58,20006.87;0
20000,0.58,20006.94;0
20000,0.58,20007.01;0
20000,0.58,20007.01;0
20000,0.58,20007.08;0
20000,0.58,20007.15;0
20000,0.58,20007.22;0
20000,0.58,20007.28;0
20000,0.58,20007.35;0
20000,0.58,20007.35;0
20000,0.58,20007.42;0
20000,0.58,20007.49;0
20000,0.58,20007.56;0
20000,0.58,20007.62;0
20000,0.58,20007.69;0
20000,0.58,20007.69;0
20000,0.58,20007.76;0
20000,0.58,20007.77;0
20000,0.58,20007.77;0
20000,0.58,20007.77;0
20000,0.58,20007.77;0
20000,0.58,20007.77;0
20000,0.58,20007.77;0
20000,0.58,20007.78;0
20000,0.58,20007.78;0
20000,0.58,20007.78;0
20000,0.58,20007.78;0
20000,0.58,20007.78;0
20000,0.58,20007.78;0
20000,0.58,20007.78;0
20000,0.58,20007.78;0
20000,0.58,20007.78;0
20000,0.58,20007.78;0
20000,0.58,20007.78;0
20000,0.58,20007.78;0
20000,0.58,20007.79;0
20000,0.58,20007.79;0
20000,0.58,20007.79;0
20000,0.58,20007.8;0
20000,0.58,20007.82;0
20000,0.58,20007.82;0
20000,0.58,20007.82;0
20000,0.58,20007.82;0
20000,0.58,20007.82;0
20000,0.58,20007.82;0
20000,0.58,20007.82;0
20000,0.58,20007.84;0
20000,0.58,20007.84;0
20000,0.58,20007.86;0
20000,0.58,20007.86;0
20000,0.58,20007.86;0
20000,0.58,20007.87;0
20000,0.58,20007.9;0
20000,0.58,20007.9;0
20000,0.58,20007.9;0
20000,0.58,20007.9;0
20000,0.58,20007.92;0
20000,0.58,20007.92;0
20000,0.58,20007.92;0
20000,0.58,20007.94;0
20000,0.58,20007.94;0
20000,0.58,20007.98;0
20000,0.58,20008;0
20000,0.58,20008.05;0
20000,0.58,20008.09;0
20000,0.58,20008.13;0
20000,0.58,20008.13;0
20000,0.58,20008.17;0
20000,0.58,20008.19;0
20000,0.58,20008.23;0
20000,0.58,20008.27;0
20000,0.58,20008.29;0
20000,0.58,20008.29;0
20000,0.58,20008.3;0
20000,0.58,20008.33;0
20000,0.58,20008.37;0
20000,0.58,20008.41;0
20000,0.58,20008.41;0
20000,0.58,20008.45;0
20000,0.58,20008.49;0
20000,0.58,20008.53;0
20000,0.58,20008.57;0
20000,0.58,20008.6;0
20000,0.58,20008.6;0
20000,0.58,20008.64;0
20000,0.58,20008.68;0
20000,0.58,20008.71;0
20000,0.58,20008.75;0
20000,0.58,20008.79;0
20000,0.58,20008.79;0
20000,0.58,20008.83;0
20000,0.58,20008.85;0
20000,0.58,20008.87;0
20000,0.58,20008.91;0
20000,0.58,20008.94;0
20000,0.58,20008.94;0
20000,0.58,20008.98;0
20000,0.58,20009.02;0
20000,0.58,20009.05;0
20000,0.58,20009.06;0
20000,0.58,20009.06;0
20000,0.58,20009.06;0
20000,0.58,20009.07;0
20000,0.58,20009.07;0
20000,0.58,20009.08;0
20000,0.58,20009.12;0
20000,0.58,20009.12;0
20000,0.58,20009.15;0
20000,0.58,20009.19;0
20000,0.58,20009.19;0
20000,0.58,20009.23;0
20000,0.58,20009.23;0
20000,0.58,20009.23;0
20000,0.58,20009.23;0
20000,0.58,20009.23;0
20000,0.58,20009.23;0
20000,0.58,20009.24;0
20000,0.58,20009.24;0
20000,0.58,20009.24;0
20000,0.58,20009.24;0
20000,0.58,20009.24;0
20000,0.58,20009.24;0
20000,0.58,20009.24;0
20000,0.58,20009.24;0
20000,0.58,20009.28;0
20000,0.58,20009.32;0
20000,0.58,20009.32;0
20000,0.58,20009.36;0
20000,0.58,20009.4;0
20000,0.58,20009.44;0
20000,0.58,20009.44;0
20000,0.58,20009.47;0
20000,0.58,20009.47;0
20000,0.58,20009.5;0
20000,0.58,20009.54;0
20000,0.58,20009.59;0
20000,0.58,20009.63;0
20000,0.58,20009.66;0
20000,0.58,20009.66;0
20000,0.58,20009.68;0
20000,0.58,20009.72;0
20000,0.58,20009.73;0
20000,0.58,20009.77;0
20000,0.58,20009.77;0
20000,0.58,20009.81;0
20000,0.58,20009.86;0
20000,0.58,20009.9;0
20000,0.58,20009.9;0
20000,0.58,20009.9;0
20000,0.58,20009.91;0
20000,0.58,20009.91;0
20000,0.58,20009.91;0
20000,0.58,20009.93;0
20000,0.58,20009.98;0
20000,0.58,20009.98;0
20000,0.58,20010;0
20000,0.58,20010.02;0
20000,0.58,20010.02;0
20000,0.58,20010.02;0
20000,0.58,20010.05;0
20000,0.58,20010.05;0
20000,0.58,20010.11;0
20000,0.58,20010.17;0
20000,0.58,20010.22;0
20000,0.58,20010.29;0
20000,0.58,20010.29;0
20000,0.58,20010.35;0
20000,0.58,20010.42;0
20000,0.58,20010.49;0
20000,0.58,20010.49;0
20000,0.58,20010.49;0
20000,0.58,20010.49;0
20000,0.58,20010.49;0
20000,0.58,20010.49;0
20000,0.58,20010.49;0
20000,0.58,20010.49;0
20000,0.58,20010.49;0
20000,0.58,20010.49;0
20000,0.58,20010.49;0
20000,0.58,20010.49;0
20000,0.58,20010.49;0
20000,0.58,20010.49;0
20000,0.58,20010.49;0
20000,0.58,20010.49;0
20000,0.58,20010.49;0
20000,0.58,20010.49;0
20000,0.58,20010.49;0
20000,0.58,20010.49;0
20000,0.58,20010.49;0
20000,0.58,20010.49;0
20000,0.58,20010.49;0
20000,0.58,20010.49;0
20000,0.58,20010.49;0
20000,0.58,20010.49;0
20000,0.58,20010.49;0
20000,0.58,20010.49;0
20000,0.58,20010.49;0
20000,0.58,20010.49;0
20000,0.58,20010.49;0
20000,0.58,20010.49;0
20000,0.58,20010.49;0
20000,0.58,20010.49;0
20000,0.58,20010.49;0
20000,0.58,20010.49;0
20000,0.58,20010.49;0
20000,0.58,20010.49;0
20000,0.58,20010.49;0
20000,0.58,20010.49;0
20000,0.58,20010.49;0
20000,0.58,20010.49;0
20000,0.58,20010.49;0
20000,0.58,20010.49;0
20000,0.58,20010.49;0
20000,0.58,20010.49;0
20000,0.58,20010.49;0
20000,0.58,20010.49;0
20000,0.58,20010.49;0
20000,0.58,20010.49;0
20000,0.58,20010.49;0
20000,0.58,20010.49;0
20000,0.58,20010.49;0
20000,0.58,20010.49;0
20000,0.58,20010.49;0
20000,0.58,20010.49;0
20000,0.58,20010.49;0
20000,0.58,20010.49;0
20000,0.58,20010.49;0
20000,0.58,20010.49;0
20000,0.58,20010.49;0
20000,0.58,20010.49;0
20000,0.58,20010.49;0
20000,0.58,20010.49;0
20000,0.58,20010.49;0
20000,0.58,20010.49;0
20000,0.58,20010.49;0
20000,0.58,20010.49;0
20000,0.58,20010.49;0
20000,0.58,20010.49;0
20000,0.58,20010.49;0
20000,0.58,20010.49;0
20000,0.58,20010.49;0
20000,0.58,20010.49;0
20000,0.58,20010.49;0
20000,0.58,20010.49;0
20000,0.58,20010.49;0
20000,0.58,20010.49;0
20000,0.58,20010.49;0
20000,0.58,20010.49;0
20000,0.58,20010.49;0
20000,0.58,20010.49;0
20000,0.58,20010.49;0
20000,0.58,20010.49;0
20000,0.58,20010.49;0
20000,0.58,20010.49;0
20000,0.58,20010.49;0
20000,0.58,20010.49;0
20000,0.58,20010.49;0
20000,0.58,20010.49;0
20000,0.58,20010.49;0
20000,0.58,20010.49;0
20000,0.58,20010.49;0
20000,0.58,20010.49;0
20000,0.58,20010.49;0
20000,0.58,20010.49;0
20000,0.58,20010.49;0
20000,0.58,20010.49;0
20000,0.58,20010.49;0
20000,0.58,20010.49;0
20000,0.58,20010.49;0
20000,0.58,20010.49;0
20000,0.58,20010.49;0
20000,0.58,20010.49;0
20000,0.58,20010.49;0
20000,0.58,20010.49;0
20000,0.58,20010.49;0
20000,0.58,20010.49;0
20000,0.58,20010.49;0
20000,0.58,20010.49;0
20000,0.58,20010.49;0
20000,0.58,20010.49;0
20000,0.58,20010.49;0
20000,0.58,20010.49;0
20000,0.58,20010.49;0
20000,0.58,20010.49;0
20000,0.58,20010.49;0
20000,0.58,20010.49;0
20000,0.58,20010.54;0
20000,0.58,20010.59;0
20000,0.58,20010.59;0
20000,0.58,20010.59;0
20000,0.58,20010.59;0
20000,0.58,20010.59;0
20000,0.58,20010.59;0
20000,0.58,20010.59;0
20000,0.58,20010.59;0
20000,0.58,20010.59;0
20000,0.58,20010.59;0
20000,0.58,20010.59;0
20000,0.58,20010.59;0
20000,0.58,20010.59;0
20000,0.58,20010.59;0
20000,0.58,20010.59;0
20000,0.58,20010.59;0
20000,0.58,20010.59;0
20000,0.58,20010.59;0
20000,0.58,20010.59;0
20000,0.58,20010.59;0
20000,0.58,20010.59;0
20000,0.58,20010.59;0
20000,0.58,20010.59;0
20000,0.58,20010.59;0
20000,0.58,20010.59;0
20000,0.58,20010.59;0
20000,0.58,20010.59;0
20000,0.58,20010.59;0
20000,0.58,20010.59;0
20000,0.58,20010.59;0
20000,0.58,20010.59;0
20000,0.58,20010.59;0
20000,0.58,20010.59;0
20000,0.58,20010.59;0
20000,0.58,20010.59;0
20000,0.58,20010.59;0
20000,0.58,20010.59;0
20000,0.58,20010.63;0
20000,0.58,20010.67;0
20000,0.58,20010.71;0
20000,0.58,20010.76;0
20000,0.58,20010.8;0
20000,0.58,20010.8;0
20000,0.58,20010.84;0
20000,0.58,20010.87;0
20000,0.58,20010.91;0
20000,0.58,20010.95;0
20000,0.58,20010.99;0
20000,0.58,20010.99;0
20000,0.58,20011.02;0
20000,0.58,20011.06;0
20000,0.58,20011.1;0
20000,0.58,20011.13;0
20000,0.58,20011.16;0
20000,0.58,20011.16;0
20000,0.58,20011.2;0
20000,0.58,20011.23;0
20000,0.58,20011.27;0
20000,0.58,20011.3;0
20000,0.58,20011.33;0
20000,0.58,20011.33;0
20000,0.58,20011.37;0
20000,0.58,20011.4;0
20000,0.58,20011.43;0
20000,0.58,20011.46;0
20000,0.58,20011.49;0
20000,0.58,20011.49;0
20000,0.58,20011.52;0
20000,0.58,20011.55;0
20000,0.58,20011.58;0
20000,0.58,20011.61;0
20000,0.58,20011.61;0
20000,0.58,20011.64;0
20000,0.58,20011.67;0
20000,0.58,20011.7;0
20000,0.58,20011.72;0
20000,0.58,20011.75;0
20000,0.58,20011.75;0
20000,0.58,20011.77;0
20000,0.58,20011.8;0
20000,0.58,20011.82;0
20000,0.58,20011.84;0
20000,0.58,20011.87;0
20000,0.58,20011.87;0
20000,0.58,20011.89;0
20000,0.58,20011.91;0
20000,0.58,20011.94;0
20000,0.58,20011.96;0
20000,0.58,20011.98;0
20000,0.58,20011.98;0
20000,0.58,20012;0
20000,0.58,20012.02;0
20000,0.58,20012.04;0
20000,0.58,20012.06;0
20000,0.58,20012.09;0
20000,0.58,20012.09;0
20000,0.58,20012.11;0
20000,0.58,20012.12;0
20000,0.58,20012.14;0
20000,0.58,20012.16;0
20000,0.58,20012.18;0
20000,0.58,20012.18;0
20000,0.58,20012.2;0
20000,0.58,20012.22;0
20000,0.58,20012.23;0
20000,0.58,20012.25;0
20000,0.58,20012.25;0
20000,0.58,20012.27;0
20000,0.58,20012.28;0
20000,0.58,20012.3;0
20000,0.58,20012.3;0
20000,0.58,20012.31;0
20000,0.58,20012.31;0
20000,0.58,20012.31;0
20000,0.58,20012.31;0
20000,0.58,20012.33;0
20000,0.58,20012.33;0
20000,0.58,20012.33;0
20000,0.58,20012.33;0
20000,0.58,20012.33;0
20000,0.58,20012.34;0
20000,0.58,20012.35;0
20000,0.58,20012.36;0
20000,0.58,20012.38;0
20000,0.58,20012.38;0
20000,0.58,20012.39;0
20000,0.58,20012.4;0
20000,0.58,20012.41;0
20000,0.58,20012.42;0
20000,0.58,20012.42;0
20000,0.58,20012.44;0
20000,0.58,20012.44;0
20000,0.58,20012.45;0
20000,0.58,20012.46;0
20000,0.58,20012.47;0
20000,0.58,20012.48;0
20000,0.58,20012.48;0
20000,0.58,20012.48;0
20000,0.58,20012.48;0
20000,0.58,20012.48;0
20000,0.58,20012.48;0
20000,0.58,20012.48;0
20000,0.58,20012.48;0
20000,0.58,20012.48;0
20000,0.58,20012.48;0
20000,0.58,20012.48;0
20000,0.58,20012.48;0
20000,0.58,20012.48;0
20000,0.58,20012.48;0
20000,0.58,20012.48;0
20000,0.58,20012.48;0
20000,0.58,20012.48;0
20000,0.58,20012.48;0
20000,0.58,20012.48;0
20000,0.58,20012.48;0
20000,0.58,20012.48;0
20000,0.58,20012.48;0
20000,0.58,20012.48;0
20000,0.58,20012.48;0
20000,0.58,20012.48;0
20000,0.58,20012.48;0
20000,0.58,20012.48;0
20000,0.58,20012.48;0
20000,0.58,20012.48;0
20000,0.58,20012.48;0
20000,0.58,20012.48;0
20000,0.58,20012.48;0
20000,0.58,20012.48;0
20000,0.58,20012.48;0
20000,0.58,20012.48;0
20000,0.58,20012.48;0
20000,0.58,20012.48;0
20000,0.58,20012.48;0
20000,0.58,20012.48;0
20000,0.58,20012.48;0
20000,0.58,20012.48;0
20000,0.58,20012.48;0
20000,0.58,20012.48;0
20000,0.58,20012.48;0
20000,0.58,20012.48;0
20000,0.58,20012.48;0
20000,0.58,20012.48;0
20000,0.58,20012.48;0
20000,0.58,20012.48;0
20000,0.58,20012.48;0
20000,0.58,20012.48;0
20000,0.58,20012.48;0
20000,0.58,20012.48;0
20000,0.58,20012.6;0
20000,0.58,20012.73;0
20000,0.58,20012.86;0
20000,0.58,20012.98;0
20000,0.58,20013.11;0
20000,0.58,20013.11;0
20000,0.58,20013.24;0
20000,0.58,20013.37;0
20000,0.58,20013.49;0
20000,0.58,20013.49;0
20000,0.58,20013.49;0
20000,0.58,20013.49;0
20000,0.58,20013.62;0
20000,0.58,20013.75;0
20000,0.58,20013.87;0
20000,0.58,20014;0
20000,0.58,20014.13;0
20000,0.58,20014.13;0
20000,0.58,20014.26;0
20000,0.58,20014.38;0
20000,0.58,20014.51;0
20000,0.58,20014.64;0
20000,0.58,20014.76;0
20000,0.58,20014.76;0
20000,0.58,20014.89;0
20000,0.58,20015.02;0
20000,0.58,20015.14;0
20000,0.58,20015.27;0
20000,0.58,20015.4;0
20000,0.58,20015.4;0
20000,0.58,20015.53;0
20000,0.58,20015.65;0
20000,0.58,20015.78;0
20000,0.58,20015.91;0
20000,0.58,20015.91;0
20000,0.58,20016.03;0
20000,0.58,20016.16;0
20000,0.58,20016.29;0
20000,0.58,20016.41;0
20000,0.58,20016.54;0
20000,0.58,20016.54;0
20000,0.58,20016.67;0
20000,0.58,20016.79;0
20000,0.58,20016.92;0
20000,0.58,20017.05;0
20000,0.58,20017.18;0
20000,0.58,20017.18;0
20000,0.58,20017.3;0
20000,0.58,20017.43;0
20000,0.58,20017.56;0
20000,0.58,20017.68;0
20000,0.58,20017.81;0
20000,0.58,20017.81;0
20000,0.58,20017.94;0
20000,0.58,20018.06;0
20000,0.58,20018.19;0
20000,0.58,20018.32;0
20000,0.58,20018.45;0
20000,0.58,20018.45;0
20000,0.58,20018.57;0
20000,0.58,20018.57;0
20000,0.58,20018.7;0
20000,0.58,20018.83;0
20000,0.58,20018.83;0
20000,0.58,20018.95;0
20000,0.58,20018.95;0
20000,0.58,20018.95;0
20000,0.58,20019.08;0
20000,0.58,20019.08;0
20000,0.58,20019.08;0
20000,0.58,20019.08;0
20000,0.58,20019.08;0
20000,0.58,20019.21;0
20000,0.58,20019.21;0
20000,0.58,20019.21;0
20000,0.58,20019.21;0
20000,0.58,20019.21;0
20000,0.58,20019.21;0
20000,0.58,20019.34;0
20000,0.58,20019.46;0
20000,0.58,20019.59;0
20000,0.58,20019.59;0
20000,0.58,20019.59;0
20000,0.58,20019.59;0
20000,0.58,20019.59;0
20000,0.58,20019.59;0
20000,0.58,20019.59;0
20000,0.58,20019.59;0
20000,0.58,20019.59;0
20000,0.58,20019.59;0
20000,0.58,20019.59;0
20000,0.58,20019.59;0
20000,0.58,20019.59;0
20000,0.58,20019.59;0
20000,0.58,20019.59;0
20000,0.58,20019.59;0
20000,0.58,20019.59;0
20000,0.58,20019.59;0
20000,0.58,20019.59;0
20000,0.58,20019.59;0
20000,0.58,20019.59;0
20000,0.58,20019.59;0
20000,0.58,20019.59;0
20000,0.58,20019.59;0
20000,0.58,20019.59;0
20000,0.58,20019.59;0
20000,0.58,20019.59;0
20000,0.58,20019.59;0
20000,0.58,20019.59;0
20000,0.58,20019.59;0
20000,0.58,20019.59;0
20000,0.58,20019.59;0
20000,0.58,20019.59;0
20000,0.58,20019.59;0
20000,0.58,20019.59;0
20000,0.58,20019.59;0
20000,0.58,20019.59;0
20000,0.58,20019.59;0
20000,0.58,20019.59;0
20000,0.58,20019.59;0
20000,0.58,20019.59;0
20000,0.58,20019.59;0
20000,0.58,20019.59;0
20000,0.58,20019.59;0
20000,0.58,20019.72;0
20000,0.58,20019.84;0
20000,0.58,20019.97;0
20000,0.58,20019.97;0
20000,0.58,20020.1;0
20000,0.58,20020.22;0
20000,0.58,20020.35;0
20000,0.58,20020.48;0
20000,0.58,20020.61;0
20000,0.58,20020.61;0
20000,0.58,20020.73;0
20000,0.58,20020.86;0
20000,0.58,20020.99;0
20000,0.58,20021.11;0
20000,0.58,20021.24;0
20000,0.58,20021.24;0
20000,0.58,20021.37;0
20000,0.58,20021.49;0
20000,0.58,20021.62;0
20000,0.58,20021.75;0
20000,0.58,20021.75;0
20000,0.58,20021.88;0
20000,0.58,20022;0
20000,0.58,20022.13;0
20000,0.58,20022.26;0
20000,0.58,20022.38;0
20000,0.58,20022.38;0
20000,0.58,20022.51;0
20000,0.58,20022.64;0
20000,0.58,20022.76;0
20000,0.58,20022.89;0
20000,0.58,20023.02;0
20000,0.58,20023.02;0
20000,0.58,20023.14;0
20000,0.58,20023.27;0
20000,0.58,20023.4;0
20000,0.58,20023.53;0
20000,0.58,20023.65;0
20000,0.58,20023.65;0
20000,0.58,20023.78;0
20000,0.58,20023.91;0
20000,0.58,20024.03;0
20000,0.58,20024.16;0
20000,0.58,20024.29;0
20000,0.58,20024.29;0
20000,0.58,20024.41;0
20000,0.58,20024.54;0
20000,0.58,20024.67;0
20000,0.58,20024.8;0
20000,0.58,20024.8;0
20000,0.58,20024.92;0
20000,0.58,20025.05;0
20000,0.58,20025.18;0
20000,0.58,20025.3;0
20000,0.58,20025.43;0
20000,0.58,20025.43;0
20000,0.58,20025.56;0
20000,0.58,20025.69;0
20000,0.58,20025.81;0
20000,0.58,20025.94;0
20000,0.58,20026.07;0
20000,0.58,20026.07;0
20000,0.58,20026.19;0
20000,0.58,20026.32;0
20000,0.58,20026.45;0
20000,0.58,20026.45;0
20000,0.58,20026.45;0
20000,0.58,20026.45;0
20000,0.58,20026.57;0
20000,0.58,20026.7;0
20000,0.58,20026.83;0
20000,0.58,20026.96;0
20000,0.58,20027.08;0
20000,0.58,20027.08;0
20000,0.58,20027.21;0
20000,0.58,20027.34;0
20000,0.58,20027.46;0
20000,0.58,20027.59;0
20000,0.58,20027.59;0
20000,0.58,20027.72;0
20000,0.58,20027.84;0
20000,0.58,20027.84;0
20000,0.58,20027.84;0
20000,0.58,20027.84;0
20000,0.58,20027.84;0
20000,0.58,20027.97;0
20000,0.58,20028.1;0
20000,0.58,20028.1;0
20000,0.58,20028.1;0
20000,0.58,20028.22;0
20000,0.58,20028.22;0
20000,0.58,20028.22;0
20000,0.58,20028.22;0
20000,0.58,20028.22;0
20000,0.58,20028.22;0
20000,0.58,20028.22;0
20000,0.58,20028.22;0
20000,0.58,20028.22;0
20000,0.58,20028.22;0
20000,0.58,20028.22;0
20000,0.58,20028.22;0
20000,0.58,20028.22;0
20000,0.58,20028.22;0
20000,0.58,20028.22;0
20000,0.58,20028.22;0
20000,0.58,20028.22;0
20000,0.58,20028.22;0
20000,0.58,20028.22;0
20000,0.58,20028.22;0
20000,0.58,20028.22;0
20000,0.58,20028.22;0
20000,0.58,20028.22;0
20000,0.58,20028.22;0
20000,0.58,20028.22;0
20000,0.58,20028.22;0
20000,0.58,20028.22;0
20000,0.58,20028.22;0
20000,0.58,20028.22;0
20000,0.58,20028.22;0
20000,0.58,20028.22;0
20000,0.58,20028.22;0
20000,0.58,20028.22;0
20000,0.58,20028.22;0
20000,0.58,20028.22;0
20000,0.58,20028.22;0
20000,0.58,20028.22;0
20000,0.58,20028.22;0
20000,0.58,20028.22;0
20000,0.58,20028.22;0
20000,0.58,20028.22;0
20000,0.58,20028.22;0
20000,0.58,20028.22;0
20000,0.58,20028.35;0
20000,0.58,20028.35;0
20000,0.58,20028.48;0
20000,0.58,20028.61;0
20000,0.58,20028.73;0
20000,0.58,20028.73;0
20000,0.58,20028.86;0
20000,0.58,20028.99;0
20000,0.58,20028.99;0
20000,0.58,20029.11;0
20000,0.58,20029.11;0
20000,0.58,20029.24;0
20000,0.58,20029.37;0
20000,0.58,20029.49;0
20000,0.58,20029.62;0
20000,0.58,20029.75;0
20000,0.58,20029.75;0
20000,0.58,20029.88;0
20000,0.58,20030;0
20000,0.58,20030.13;0
20000,0.58,20030.26;0
20000,0.58,20030.38;0
20000,0.58,20030.38;0
20000,0.58,20030.51;0
20000,0.58,20030.64;0
20000,0.58,20030.77;0
20000,0.58,20030.89;0
20000,0.58,20030.89;0
20000,0.58,20031.02;0
20000,0.58,20031.15;0
20000,0.58,20031.27;0
20000,0.58,20031.4;0
20000,0.58,20031.53;0
20000,0.58,20031.53;0
20000,0.58,20031.65;0
20000,0.58,20031.78;0
20000,0.58,20031.91;0
20000,0.58,20032.04;0
20000,0.58,20032.16;0
20000,0.58,20032.16;0
20000,0.58,20032.29;0
20000,0.58,20032.42;0
20000,0.58,20032.54;0
20000,0.58,20032.67;0
20000,0.58,20032.8;0
20000,0.58,20032.8;0
20000,0.58,20032.92;0
20000,0.58,20033.05;0
20000,0.58,20033.18;0
20000,0.58,20033.3;0
20000,0.58,20033.43;0
20000,0.58,20033.43;0
20000,0.58,20033.56;0
20000,0.58,20033.69;0
20000,0.58,20033.81;0
20000,0.58,20033.94;