20000,-0.1,20000;0
20000,-0.1,20000;0
20000,-0.1,20000;0
20000,-0.1,20000;0
20000,-0.1,20000;0
20000,-0.1,20000;0
20000,-0.1,20000;0
20000,-0.1,20000;0
20000,-0.1,20000;0
20000,-0.1,20000;0
20000,-0.1,20000;0
20000,-0.1,20000;0
20000,-0.1,20000;0
20000,-0.1,20000;0
20000,-0.1,20000;0
20000,-0.1,20000;0
20000,-0.1,20000;0
20000,-0.1,20000;0
20000,-0.1,20000;0
20000,-0.1,20000;0
20000,-0.1,20000;0
20000,-0.1,20000;0
20000,-0.1,20000;0
20000,-0.1,20000;0
20000,-0.1,20000;0
20000,-0.1,20000;0
20000,-0.1,20000;0
20000,-0.1,20000;0
20000,-0.1,20000;0
20000,-0.1,20000;0
20000,-0.1,20000;0
20000,-0.1,20000;0
20000,-0.1,20000;0
20000,-0.1,20000;0
20000,-0.1,20000;0
20000,-0.1,20000;0
20000,-0.1,20002;0
20000,-0.1,20004;0
20000,-0.1,20006;0
20000,-0.1,20008;0
20000,-0.1,20010;0
20000,-0.1,20012;0
20000,-0.1,20014;0
20000,-0.1,20016;0
20000,-0.1,20018;0
20000,-0.1,20020;0
20000,-0.1,20022;0
20000,-0.1,20024;0
20000,-0.1,20026;0
20000,-0.1,20028;0
20000,-0.1,20030;0
20000,-0.1,20032;0
20000,-0.1,20034;0
20000,-0.1,20036;0
20000,-0.1,20038;0
20000,-0.1,20040;0
20000,-0.1,20042;0
20000,-0.1,20044;0
20000,-0.1,20045.72;0
20000,-0.1,20045.72;0
20000,-0.1,20045.72;0
20000,-0.1,20045.72;0
20000,-0.1,20045.72;0
20000,-0.1,20045.72;0
20000,-0.1,20045.72;0
20000,-0.1,20045.72;0
20000,-0.1,20045.72;0
20000,-0.1,20045.72;0
20000,-0.1,20045.72;0
20000,-0.1,20045.72;0
20000,-0.1,20045.72;0
20000,-0.1,20045.72;0
20000,-0.1,20045.72;0
20000,-0.1,20045.72;0
20000,-0.1,20045.72;0
20000,-0.1,20045.72;0
20000,-0.1,20045.72;0
20000,-0.1,20045.72;0
20000,-0.1,20045.72;0
20000,-0.1,20045.72;0
20000,-0.1,20045.72;0
20000,-0.1,20045.72;0
20000,-0.1,20045.72;0
20000,-0.1,20045.72;0
20000,-0.1,20045.72;0
20000,-0.1,20045.72;0
20000,-0.1,20045.72;0
20000,-0.1,20045.72;0
20000,-0.1,20045.72;0
20000,-0.1,20045.72;0
20000,-0.1,20045.72;0
20000,-0.1,20045.72;0
20000,-0.1,20045.72;0
20000,-0.1,20045.72;0
20000,-0.1,20045.72;0
20000,-0.1,20045.72;0
20000,-0.1,20045.72;0
20000,-0.1,20045.72;0
20000,-0.1,20045.72;0
20000,-0.1,20045.72;0
20000,-0.1,20045.72;0
20000,-0.1,20045.72;0
20000,-0.1,20045.72;0
20000,-0.1,20045.72;0
20000,-0.1,20045.72;0
20000,-0.1,20045.72;0
20000,-0.1,20045.72;0
20000,-0.1,20045.72;0
19998,-0.1,20045.72;0
19996,-0.1,20045.72;0
19994,-0.1,20045.72;0
19992,-0.1,20045.72;0
19990,-0.1,20045.72;0
20000,-0.1,20000;0
20000,-0.1,20000;0
20000,-0.1,20000;0
