20000,0.5,20000;0
20000,0.5799999,20000.2;359.8854
20000,0.58,20000.37;359.7708
20000,0.58,20000.54;359.6734
20000,0.58,20000.54;359.6734
20000,0.58,20000.73;359.576
19999.99,0.58,20000.93;359.4614
19999.99,0.58,20000.93;359.4614
19999.99,0.58,20001.13;359.3468
19999.99,0.58,20001.32;359.2379
19999.99,0.58,20001.32;359.2379
19999.99,0.58,20001.48;359.1463
19999.98,0.58,20001.64;359.0546
19999.98,0.58,20001.8;358.9457
19999.98,0.58,20001.8;358.9457
19999.98,0.58,20001.97;358.8369
19999.97,0.58,20002.15;358.728
19999.97,0.58,20002.15;358.728
19999.97,0.58,20002.31;358.6363
19999.97,0.58,20002.31;358.6363
19999.96,0.58,20002.52;358.5217
19999.96,0.58,20002.52;358.5217
19999.96,0.58,20002.72;358.4128
19999.96,0.58,20002.72;358.4128
19999.96,0.58,20002.9;358.304
19999.95,0.58,20003.09;358.2066
19999.95,0.58,20003.09;358.2066
19999.95,0.58,20003.17;358.1092
19999.94,0.58,20003.25;358.0003
19999.94,0.58,20003.25;358.0003
19999.94,0.58,20003.33;357.8914
19999.94,0.58,20003.33;357.8914
19999.94,0.58,20003.41;357.794
19999.94,0.58,20003.41;357.794
19999.94,0.58,20003.41;357.794
19999.93,0.58,20003.49;357.6794
19999.93,0.58,20003.49;357.6794
19999.93,0.58,20003.49;357.6794
19999.93,0.58,20003.57;357.5648
19999.93,0.58,20003.65;357.4617
19999.93,0.58,20003.65;357.4617
19999.93,0.58,20003.65;357.4617
19999.92,0.58,20003.73;357.3471
19999.92,0.58,20003.73;357.3471
19999.92,0.58,20003.73;357.3471
19999.92,0.58,20003.81;357.2268
19999.92,0.58,20003.81;357.2268
19999.92,0.58,20003.81;357.2268
19999.92,0.58,20003.89;357.1237
19999.92,0.58,20003.89;357.1237
19999.91,0.58,20003.97;357.0091
19999.91,0.58,20004.05;356.8945
19999.91,0.58,20004.05;356.8945
19999.91,0.58,20004.05;356.8945
19999.9,0.58,20004.13;356.7913
19999.9,0.58,20004.13;356.7913
19999.9,0.58,20004.13;356.7913
19999.9,0.58,20004.21;356.6595
19999.89,0.58,20004.26;356.5278
19999.89,0.58,20004.26;356.5278
19999.89,0.58,20004.33;356.396
19999.88,0.58,20004.4;356.2871
19999.88,0.58,20004.4;356.2871
19999.88,0.58,20004.53;356.1783
19999.87,0.58,20004.66;356.0465
19999.87,0.58,20004.66;356.0465
19999.85,0.58,20004.86;355.9261
19999.84,0.58,20005.03;355.8058
19999.83,0.58,20005.2;355.697
19999.83,0.58,20005.2;355.697
19999.83,0.58,20005.2;355.697
19999.81,0.58,20005.4;355.5881
19999.81,0.58,20005.4;355.5881
19999.8,0.58,20005.59;355.4792
19999.78,0.58,20005.79;355.399
19999.77,0.58,20005.96;355.3188
19999.75,0.58,20006.13;355.2271
19999.74,0.58,20006.32;355.1641
19999.74,0.58,20006.32;355.1641
19999.72,0.58,20006.49;355.1011
19999.72,0.58,20006.49;355.1011
19999.72,0.58,20006.49;355.1011
19999.71,0.58,20006.67;355.0381
19999.69,0.58,20006.86;355.0323
19999.69,0.58,20006.86;355.0323
19999.67,0.58,20007.05;354.9349
19999.66,0.58,20007.21;354.8375
19999.64,0.58,20007.36;354.7172
19999.64,0.58,20007.36;354.7172
19999.63,0.58,20007.55;354.6141
19999.63,0.58,20007.55;354.6141
19999.63,0.58,20007.55;354.6141
19999.61,0.58,20007.73;354.4937
19999.61,0.58,20007.73;354.4937
19999.61,0.58,20007.73;354.4937
19999.6,0.58,20007.88;354.3792
19999.58,0.58,20008.06;354.276
19999.58,0.58,20008.06;354.276
19999.56,0.58,20008.24;354.1729
19999.54,0.58,20008.42;354.0583
19999.54,0.58,20008.42;354.0583
19999.53,0.58,20008.57;353.9437
19999.51,0.58,20008.72;353.8176
19999.51,0.58,20008.72;353.8176
19999.49,0.58,20008.89;353.7145
19999.47,0.58,20009.05;353.6114
19999.45,0.58,20009.22;353.5139
19999.45,0.58,20009.22;353.5139
19999.44,0.58,20009.37;353.4165
19999.44,0.58,20009.37;353.4165
19999.42,0.58,20009.53;353.3191
19999.4,0.58,20009.7;353.216
19999.4,0.58,20009.7;353.216
19999.38,0.58,20009.86;353.0957
19999.36,0.58,20010;352.9753
19999.34,0.58,20010.14;352.8493
19999.34,0.58,20010.14;352.8493
19999.32,0.58,20010.3;352.7232
19999.32,0.58,20010.3;352.7232
19999.32,0.58,20010.3;352.7232
19999.3,0.58,20010.46;352.5972
19999.28,0.58,20010.61;352.494
19999.28,0.58,20010.61;352.494
19999.26,0.58,20010.74;352.4769
19999.24,0.58,20010.89;352.4597
19999.24,0.58,20010.89;352.4597
19999.24,0.58,20010.89;352.4597
19999.22,0.58,20011.04;352.4425
19999.22,0.58,20011.04;352.4425
19999.22,0.58,20011.04;352.4425
19999.21,0.58,20011.17;352.4253
19999.21,0.58,20011.17;352.4253
19999.21,0.58,20011.17;352.4253
19999.21,0.58,20011.17;352.4253
19999.21,0.58,20011.17;352.4253
19999.21,0.58,20011.17;352.4253
19999.21,0.58,20011.17;352.4253
19999.21,0.58,20011.17;352.4253
19999.21,0.58,20011.17;352.4253
19999.21,0.58,20011.17;352.4253
19999.21,0.58,20011.17;352.4253
19999.21,0.58,20011.17;352.4253
19999.21,0.58,20011.17;352.4253
19999.21,0.58,20011.17;352.4253
19999.21,0.58,20011.17;352.4253
19999.21,0.58,20011.17;352.4253
19999.21,0.58,20011.17;352.4253
19999.21,0.58,20011.17;352.4253
19999.21,0.58,20011.17;352.4253
19999.21,0.58,20011.17;352.4253
19999.21,0.58,20011.17;352.4253
19999.21,0.58,20011.17;352.4253
19999.21,0.58,20011.17;352.4253
19999.21,0.58,20011.17;352.4253
19999.21,0.58,20011.17;352.4253
19999.21,0.58,20011.17;352.4253
19999.21,0.58,20011.17;352.4253
19999.21,0.58,20011.17;352.4253
19999.21,0.58,20011.17;352.4253
19999.21,0.58,20011.17;352.4253
19999.21,0.58,20011.17;352.4253
19999.21,0.58,20011.17;352.4253
19999.21,0.58,20011.17;352.4253
19999.21,0.58,20011.17;352.4253
19999.21,0.58,20011.17;352.4253
19999.21,0.58,20011.17;352.4253
19999.21,0.58,20011.17;352.4253
19999.21,0.58,20011.17;352.4253
19999.21,0.58,20011.17;352.4253
19999.21,0.58,20011.17;352.4253
19999.21,0.58,20011.17;352.4253
19999.21,0.58,20011.17;352.4253
19999.21,0.58,20011.17;352.4253
19999.21,0.58,20011.17;352.4253
19999.21,0.58,20011.17;352.4253
19999.21,0.58,20011.17;352.4253
19999.21,0.58,20011.17;352.4253
19999.21,0.58,20011.17;352.4253
19999.21,0.58,20011.17;352.4253
19999.21,0.58,20011.17;352.4253
19999.21,0.58,20011.17;352.4253
19999.21,0.58,20011.17;352.4253
19999.21,0.58,20011.17;352.4253
19999.21,0.58,20011.17;352.4253
19999.21,0.58,20011.17;352.4253
19999.21,0.58,20011.17;352.4253
19999.21,0.58,20011.17;352.4253
19999.21,0.58,20011.17;352.4253
19999.21,0.58,20011.17;352.4253
19999.21,0.58,20011.17;352.4253
19999.21,0.58,20011.17;352.4253
19999.21,0.58,20011.17;352.4253
19999.21,0.58,20011.17;352.4253
19999.21,0.58,20011.17;352.4253
19999.21,0.58,20011.17;352.4253
19999.21,0.58,20011.17;352.4253
19999.21,0.58,20011.17;352.4253
19999.21,0.58,20011.17;352.4253
19999.21,0.58,20011.17;352.4253
19999.21,0.58,20011.17;352.4253
19999.21,0.58,20011.17;352.4253
19999.21,0.58,20011.17;352.4253
19999.21,0.58,20011.17;352.4253
19999.21,0.58,20011.17;352.4253
19999.21,0.58,20011.17;352.4253
19999.21,0.58,20011.17;352.4253
19999.21,0.58,20011.17;352.4253
19999.21,0.58,20011.17;352.4253
19999.21,0.58,20011.17;352.4253
19999.21,0.58,20011.17;352.4253
19999.21,0.58,20011.17;352.4253
19999.21,0.58,20011.17;352.4253
19999.21,0.58,20011.17;352.4253
19999.21,0.58,20011.17;352.4253
19999.21,0.58,20011.17;352.4253
19999.21,0.58,20011.17;352.4253
19999.21,0.58,20011.17;352.4253
19999.21,0.58,20011.17;352.4253
19999.21,0.58,20011.17;352.4253
19999.21,0.58,20011.17;352.4253
19999.21,0.58,20011.17;352.4253
19999.21,0.58,20011.17;352.4253
19999.21,0.58,20011.17;352.4253
19999.21,0.58,20011.17;352.4253
19999.21,0.58,20011.17;352.4253
19999.21,0.58,20011.17;352.4253
19999.21,0.58,20011.17;352.4253
19999.21,0.58,20011.17;352.4253
19999.21,0.58,20011.17;352.4253
19999.21,0.58,20011.17;352.4253
19999.21,0.58,20011.17;352.4253
19999.21,0.58,20011.17;352.4253
19999.21,0.58,20011.17;352.4253
19999.21,0.58,20011.17;352.4253
19999.21,0.58,20011.17;352.4253
19999.21,0.58,20011.17;352.4253
19999.21,0.58,20011.17;352.4253
19999.21,0.58,20011.17;352.4253
19999.21,0.58,20011.17;352.4253
19999.21,0.58,20011.17;352.4253
19999.21,0.58,20011.17;352.4253
19999.21,0.58,20011.17;352.4253
19999.21,0.58,20011.17;352.4253
19999.21,0.58,20011.17;352.4253
19999.21,0.58,20011.17;352.4253
19999.21,0.58,20011.17;352.4253
19999.21,0.58,20011.17;352.4253
19999.21,0.58,20011.17;352.4253
19999.21,0.58,20011.17;352.4253
19999.21,0.58,20011.17;352.4253
19999.21,0.5