20000,0.5,20000;0
20000,0.5,20000;-0.005729198
20000,0.5,20000;-0.005729198
20000,0.5,20000;-0.005729198
20000,0.5,20000;-0.005729198
20000,0.5,20000;-0.005729198
20000,0.5,20000;-0.005729198
20000,0.5,20000;-0.005729198
20000,0.5,20000;-0.005729198
20000,0.5,20000;-0.005729198
20000,0.5,20000;-0.005729198
20000,0.5,20000;-0.005729198
20000,0.5,20000;-0.005729198
20000,0.5,20000;-0.005729198
20000,0.5,20000;-0.005729198
20000,0.5,20000;-0.005729198
20000,0.5,20000;-0.005729198
20000,0.5,20000;-0.005729198
20000,0.5,20000;-0.005729198
20000,0.5,20000;-0.005729198
20000,0.5,20000;-0.005729198
20000,0.5,20000;-0.005729198
20000,0.5,20000;-0.005729198
20000,0.5,20000;-0.005729198
20000,0.5,20000;-0.005729198
20000,0.5,20000;-0.005729198
20000,0.5,20000;-0.005729198
20000,0.5,20000;-0.005729198
20000,0.5,20000;-0.005729198
20000,0.5,20000;-0.005729198
20000,0.5,20000;-0.005729198
20000,0.5,20000;-0.005729198
20000,0.5,20000;-0.005729198
20000,0.5,20000;-0.005729198
20000,0.5,20000;-0.005729198
20000,0.5,20000;359.9886
20000,0.5,20000;359.9886
20000,0.5,20000;359.9886
20000,0.5,20000;359.9886
20000,0.5,20000;359.9886
20000,0.5,20000;359.9886
20000,0.5,20000;359.9886
20000,0.5,20000;359.9886
20000,0.5,20000;359.9886
20000,0.5,20000;359.9828
20000,0.5,20000;359.9828
20000,0.5,20000;359.9828
20000,0.5,20000;359.9828
20000,0.5,20000;359.9828
20000,0.5,20000;359.9828
20000,0.5,20000;359.9828
20000,0.5,20000;359.9828
20000,0.5,20000;359.9828
20000,0.5,20000;359.9828
20000,0.5,20000;359.9828
20000,0.5,20000;359.9828
20000,0.5,20000;359.9828
20000,0.5,20000;359.9828
20000,0.5,20000;359.9828
20000,0.5,20000;359.9828
20000,0.5,20000;359.9828
20000,0.5,20000;359.9828
20000,0.5,20000;359.9828
20000,0.5,20000;359.9771
20000,0.5,20000;359.9771
20000,0.5,20000;359.9771
20000,0.5,20000;359.9771
20000,0.5,20000;359.9771
20000,0.5,20000;359.9771
20000,0.5,20000;359.9771
20000,0.5,20000;359.9771
20000,0.5,20000;359.9771
20000,0.5,20000;359.9771
20000,0.5,20000;359.9771
20000,0.5,20000;359.9771
20000,0.5,20000;359.9771
20000,0.5,20000;359.9771
20000,0.5,20000;359.9771
20000,0.5,20000;359.9771
20000,0.5,20000;359.9771
20000,0.5,20000;359.9771
20000,0.5,20000;359.9771
20000,0.5,20000;359.9771
20000,0.5,20000;359.9771
20000,0.5,20000;359.9771
20000,0.5,20000;359.9771
20000,0.5,20000;359.9771
20000,0.5,20000;359.9771
20000,0.5,20000;359.9771
20000,0.5,20000;359.9771
20000,0.5,20000;359.9771
20000,0.5,20000;359.9771
20000,0.5,20000;359.9771
20000,0.5,20000;359.9771
20000,0.5,20000;359.9771
20000,0.5,20000;359.9771
20000,0.5,20000;359.9713
20000,0.5,20000;359.9713
20000,0.58,20000;359.9656
20000,0.58,20000;359.9656
20000,0.58,20000;359.9656
20000,0.58,20000;359.9656
20000,0.58,20000;359.9656
20000,0.58,20000;359.9656
20000,0.58,20000;359.9656
20000,0.58,20000;359.9656
20000,0.58,20000;359.9656
20000,0.58,20000;359.9656
20000,0.58,20000;359.9656
20000,0.58,20000;359.9656
20000,0.58,20000;359.9656
20000,0.58,20000;359.9656
20000,0.58,19999.97;359.9656
20000,0.58,19999.95;359.9599
20000,0.58,19999.91;359.9542
20000,0.58,19999.91;359.9542
20000,0.58,19999.91;359.9542
20000,0.58,19999.87;359.9484
20000,0.58,19999.87;359.9484
20000,0.58,19999.87;359.9484
20000,0.58,19999.81;359.9427
20000,0.58,19999.81;359.9427
20000,0.58,19999.81;359.9427
20000,0.58,19999.76;359.9427
20000,0.58,19999.76;359.9427
20000,0.58,19999.74;359.9427
20000,0.58,19999.72;359.9312
20000,0.58,19999.72;359.9312
20000,0.58,19999.72;359.9198
20000,0.58,19999.72;359.9198
20000,0.58,19999.72;359.9198
20000,0.58,19999.75;359.9083
20000,0.58,19999.78;359.937
20000,0.58,19999.78;359.937
20000,0.58,19999.82;359.9771
20000,0.58,19999.82;359.9771
20000,0.58,19999.88;0.0171876
20000,0.58,19999.94;0.04010439
20000,0.58,19999.94;0.04010439
20000,0.58,20000.03;0.06302118
20000,0.58,20000.12;0.06302118
20000,0.58,20000.12;0.06302118
20000,0.58,20000.22;0.06302118
20000,0.58,20000.22;0.06302118
20000,0.58,20000.37;0.06302118
20000,0.58,20000.37;0.06302118
20000,0.58,20000.37;0.06302118
20000,0.58,20000.57;0.06302118
20000,0.58,20000.57;0.06302118
20000,0.58,20000.57;0.06302118
20000,0.58,20000.78;0.06302118
20000,0.58,20000.78;0.06302118
20000,0.58,20000.78;0.06302118
20000,0.58,20001.04;0.06302118
20000,0.58,20001.04;0.06302118
20000,0.58,20001.04;0.06302118
20000,0.58,20001.29;0.06302118
20000,0.58,20001.29;0.06302118
20000,0.58,20001.55;0.06302118
20000,0.58,20001.8;359.9542
20000,0.58,20001.8;359.9542
20000,0.58,20002.05;359.8453
20000,0.58,20002.31;359.7078
20000,0.58,20002.31;359.7078
20000,0.58,20002.56;359.5703
20000,0.58,20002.82;359.427
19999.99,0.58,20003.07;359.2494
19999.99,0.58,20003.07;359.2494
19999.99,0.58,20003.07;359.2494
19999.99,0.58,20003.32;359.0718
19999.98,0.58,20003.58;358.9056
19999.98,0.58,20003.58;358.9056
19999.98,0.58,20003.83;358.7395
19999.97,0.58,20004.09;358.5332
19999.97,0.58,20004.09;358.5332
19999.96,0.58,20004.34;358.327
19999.96,0.58,20004.59;358.115
19999.95,0.58,20004.85;357.9431
19999.95,0.58,20004.85;357.9431
19999.95,0.58,20004.85;357.9431
19999.94,0.58,20005.1;357.7597
19999.94,0.58,20005.1;357.7597
19999.94,0.58,20005.1;357.7597
19999.93,0.58,20005.35;357.6107
19999.93,0.58,20005.35;357.6107
19999.91,0.58,20005.61;357.4618
19999.9,0.58,20005.86;357.2899
19999.89,0.58,20006.11;357.1753
19999.89,0.58,20006.11;357.1753
19999.88,0.58,20006.37;357.0607
19999.86,0.58,20006.62;356.8774
19999.86,0.58,20006.62;356.8774
19999.85,0.58,20006.88;356.694
19999.83,0.58,20007.13;356.5393
19999.83,0.58,20007.13;356.5393
19999.83,0.58,20007.13;356.5393
19999.82,0.58,20007.38;356.3846
19999.8,0.58,20007.63;356.207
19999.78,0.58,20007.89;356.0351
19999.78,0.58,20007.89;356.0351
19999.78,0.58,20007.89;356.0351
19999.76,0.58,20008.14;355.8976
19999.76,0.58,20008.14;355.8976
19999.76,0.58,20008.14;355.8976
19999.75,0.58,20008.33;355.7257
19999.75,0.58,20008.33;355.7257
19999.75,0.58,20008.33;355.7257
19999.74,0.58,20008.52;355.5309
19999.72,0.58,20008.74;355.3361
19999.7,0.58,20008.97;355.1642
19999.7,0.58,20008.97;355.1642
19999.69,0.58,20009.03;354.9923
19999.69,0.58,20009.08;354.7975
19999.69,0.58,20009.08;354.7975
19999.66,0.58,20009.34;354.6028
19999.64,0.58,20009.59;354.4194
19999.64,0.58,20009.59;354.4194
19999.61,0.58,20009.84;354.2361
19999.59,0.58,20010.09;354.0756
19999.56,0.58,20010.31;353.9152
19999.54,0.58,20010.54;353.7261
19999.54,0.58,20010.54;353.7261
19999.52,0.58,20010.72;353.537
19999.5,0.58,20010.9;353.3594
19999.5,0.58,20010.9;353.3594
19999.47,0.58,20011.15;353.1818
19999.44,0.58,20011.41;353.0443
19999.44,0.58,20011.41;353.0443
19999.44,0.58,20011.41;353.0443
19999.41,0.58,20011.63;352.8724
19999.38,0.58,20011.87;352.7005
19999.35,0.58,20012.1;352.5229
19999.35,0.58,20012.1;352.5229
19999.31,0.58,20012.35;352.3453
19999.28,0.58,20012.61;352.1906
19999.28,0.58,20012.61;352.1906
19999.24,0.58,20012.86;352.0359
19999.21,0.58,20013.11;351.8525
19999.21,0.58,20013.11;351.8525
19999.17,0.58,20013.36;351.6921
19999.17,0.58,20013.36;351.6921
19999.13,0.58,20013.61;351.4973
19999.13,0.58,20013.61;351.4973
19999.13,0.58,20013.61;351.4973
19999.1,0.58,20013.86;351.3025
19999.06,0.58,20014.11;351.1077
19999.06,0.58,20014.11;351.1077
19999.02,0.58,20014.36;350.9129
19998.97,0.58,20014.61;350.7468
19998.97,0.58,20014.61;350.7468
19998.93,0.58,20014.87;350.5577
19998.89,0.58,20015.12;350.3686
19998.85,0.58,20015.37;350.1795
19998.85,0.58,20015.37;350.1795
19998.85,0.58,20015.37;350.1795
19998.8,0.58,20015.62;349.9904
19998.76,0.58,20015.87;349.8358
19998.76,0.58,20015.87;349.8358
19998.71,0.58,20016.12;349.6811
19998.67,0.58,20016.37;349.5092
19998.62,0.58,20016.6;349.343
19998.62,0.58,20016.6;349.343
19998.62,0.58,20016.6;349.343
19998.59,0.58,20016.75;349.194
19998.59,0.58,20016.75;349.194
19998.55,0.58,20017;349.0451
19998.5,0.58,20017.25;348.8675
19998.5,0.58,20017.25;348.8675
19998.5,0.58,20017.25;348.8675
19998.45,0.58,20017.48;348.6898
19998.45,0.58,20017.48;348.6898
19998.4,0.58,20017.73;348.5409
19998.4,0.58,20017.73;348.5409
19998.35,0.58,20017.98;348.3919
19998.3,0.58,20018.23;348.2143
19998.3,0.58,20018.23;348.2143
19998.24,0.58,20018.48;348.0367
19998.22,0.5800001,20018.72;347.8648
19998.22,0.5800001,20018.72;347.8648
19998.22,0.58,20018.97;347.6929
19998.22,0.58,20019.22;347.5497
19998.22,0.58,20019.47;347.3835
19998.22,0.58,20019.72;347.2173
19998.22,0.5800002,20019.96;347.0569
19998.22,0.5800002,20019.96;347.0569
19998.22,0.5800003,20020.21;346.8965
19998.22,0.5800004,20020.46;346.759
19998.22,0.5800004,20020.46;346.759
19998.22,0.5800004,20020.51;346.6215
19998.22,0.5800004,20020.56;346.461
19998.22,0.5800004,20020.56;346.461
19998.22,0.5800003,20020.61;346.3006
19998.22,0.5800003,20020.61;346.3006
19998.22,0.5800002,20020.71;346.1402
19998.22,0.5800003,20020.81;345.9912
19998.22,0.5800003,20020.81;345.9912
19998.22,0.5800002,20020.91;345.8136
19998.22,0.5800002,20020.91;345.8136
19998.22,0.5800002,20020.91;345.8136
19998.22,0.5800002,20020.93;345.636
19998.22,0.5800002,20021.18;345.4641
19998.22,0.5800005,20021.43;345.3151
19998.22,0.5800005,20021.43;345.3151
19998.22,0.5800005,20021.43;345.3151
19998.22,0.5800006,20021.67;345.1432
19998.22,0.5800006,20021.67;345.1432
19998.22,0.5800006,20021.67;345.1432
19998.22,0.5800012,20021.92;344.9656
19998.22,0.5800012,20021.92;344.9656
19998.22,0.5800012,20021.92;344.9656
19998.22,0.5800016,20022.05;344.8167
19998.22,0.5800019,20022.29;344.6677
19998.22,0.5800023,20022.54;344.4843
19998.22,0.5800023,20022.54;344.4843
19998.22,0.5800027,20022.78;344.301
19998.22,0.5800031,20023.03;344.1291
19998.22,0.5800031,20023.03;344.1291
19998.22,0.5800034,20023.12;343.9572
19998.22,0.5800038,20023.21;343.8025
19998.22,0.5800038,20023.21;343.8025
19998.22,0.5800038,20023.21;343.8025
19998.22,0.5800039,20023.31;343.6249
19998.22,0.5800043,20023.48;343.4473
19998.22,0.5800046,20023.64;343.2754
19998.22,0.5800046,20023.64;343.2754
19998.22,0.5800044,20023.81;343.1035
19998.22,0.5800045,20023.97;342.9488
19998.22,0.5800045,20023.97;342.9488
19998.22,0.5800047,20024.21;342.7941
19998.22,0.5800049,20024.46;342.5993
19998.22,0.5800049,20024.46;342.5993
19998.22,0.5800052,20024.7;342.4331
19998.22,0.5800052,20024.7;342.4331
19998.22,0.5800056,20024.94;342.2784
19998.22,0.5800056,20024.94;342.2784
19998.22,0.5800056,20024.94;342.2784
19998.22,0.5800053,20025.18;342.1237
19998.22,0.5800053,20025.18;342.1237
19998.22,0.580006,20025.42;341.9691
19998.22,0.5800054,20025.67;341.8659
19998.22,0.5800054,20025.67;341.8659
19998.22,0.5800061,20025.91;341.8545
19998.22,0.5800059,20026.15;341.843
19998.22,0.5800059,20026.15;341.843
19998.22,0.5800059,20026.15;341.843
19998.22,0.5800056,20026.39;341.8315
19998.22,0.5800052,20026.63;341.8315
19998.22,0.5800052,20026.63;341.8315
19998.22,0.5800052,20026.63;341.8315
19998.22,0.5800057,20026.87;341.7169
19998.22,0.5800057,20026.87;341.7169
19998.22,0.5800058,20027.11;341.5336
19998.22,0.5800058,20027.11;341.5336
19998.22,0.5800059,20027.35;341.3503
19998.22,0.5800052,20027.59;341.1669
19998.22,0.5800052,20027.59;341.1669
19998.22,0.5800056,20027.83;340.9836
19998.22,0.5800053,20028.07;340.8231
19998.22,0.5800053,20028.07;340.8231
19998.22,0.5800059,20028.3;340.6627
19998.22,0.5800052,20028.53;340.4793
19998.22,0.5800052,20028.53;340.4793
19998.22,0.5800052,20028.71;340.3017
19998.22,0.5800052,20028.71;340.3017
19998.22,0.5800058,20028.91;340.1241
19998.22,0.5800059,20029.13;339.9752
19998.22,0.5800059,20029.13;339.9752
19998.22,0.5800055,20029.34;339.8262
19998.22,0.5800051,20029.56;339.6543
19998.22,0.5800051,20029.56;339.6543
19998.22,0.580005,20029.79;339.4824
19998.22,0.5800059,20030.03;339.3105
19998.22,0.5800052,20030.27;339.1902
19998.22,0.5800052,20030.27;339.1902
19998.22,0.5800052,20030.27;339.1902
19998.22,0.5800058,20030.49;339.0584
19998.22,0.5800058,20030.49;339.0584
19998.22,0.5800058,20030.73;338.9266
19998.22,0.5800056,20030.96;338.7662
19998.22,0.5800056,20030.96;338.7662
19998.22,0.5800056,20030.96;338.7662
19998.22,0.5800052,20031.2;338.6344
19998.22,0.5800056,20031.44;338.5026
19998.22,0.5800057,20031.67;338.3479
19998.22,0.5800057,20031.67;338.3479
19998.22,0.5800061,20031.91;338.1932
19998.22,0.5800055,20032.14;338.0328
