20000,0.5,20000;0
20000,0.58,20000.06;0.06302118
20000,0.58,20000.12;0.1145839
20000,0.58,20000.18;0.1776051
20000,0.58,20000.24;0.2291679
20000,0.58,20000.28;0.2921891
20000,0.58,20000.33;0.3494811
20000,0.58,20000.38;0.4067731
20000,0.58,20000.43;0.464065
20000,0.58,20000.48;0.5213571
20000,0.58,20000.53;0.5901075
20000,0.58,20000.58;0.6588579
20000,0.58,20000.63;0.7161498
20000,0.58,20000.68;0.7791711
20000,0.58,20000.68;0.7791711
20000.01,0.58,20000.73;0.8479215
20000.01,0.58,20000.78;0.8994843
20000.01,0.58,20000.78;0.8994843
20000.01,0.58,20000.83;0.9510471
20000.01,0.58,20000.88;1.019797
20000.01,0.58,20000.93;1.088548
20000.01,0.58,20000.98;1.14584
20000.01,0.58,20000.98;1.14584
20000.01,0.58,20001.04;1.208861
20000.01,0.58,20001.04;1.208861
20000.01,0.58,20001.04;1.208861
20000.01,0.58,20001.08;1.271882
20000.01,0.58,20001.13;1.340633
20000.01,0.58,20001.13;1.340633
20000.01,0.58,20001.18;1.397925
20000.01,0.58,20001.18;1.397925
20000.01,0.58,20001.18;1.397925
20000.02,0.58,20001.23;1.466675
20000.02,0.58,20001.23;1.466675
20000.02,0.58,20001.23;1.466675
20000.02,0.58,20001.28;1.535426
20000.02,0.58,20001.33;1.604176
20000.02,0.58,20001.38;1.661468
20000.02,0.58,20001.38;1.661468
20000.02,0.58,20001.43;1.71876
20000.02,0.58,20001.49;1.781781
20000.02,0.58,20001.49;1.781781
20000.03,0.58,20001.53;1.844802
20000.03,0.58,20001.57;1.913553
20000.03,0.58,20001.57;1.913553
20000.03,0.58,20001.63;1.982303
20000.03,0.58,20001.68;2.039595
20000.03,0.58,20001.68;2.039595
20000.03,0.58,20001.73;2.096887
20000.03,0.58,20001.78;2.165637
20000.03,0.58,20001.78;2.165637
20000.04,0.58,20001.82;2.234388
20000.04,0.58,20001.86;2.303139
20000.04,0.58,20001.86;2.303139
20000.04,0.58,20001.91;2.371889
20000.04,0.58,20001.96;2.429181
20000.04,0.58,20001.96;2.429181
20000.04,0.58,20002.01;2.486473
20000.04,0.58,20002.05;2.549494
20000.05,0.58,20002.1;2.618245
20000.05,0.58,20002.1;2.618245
20000.05,0.58,20002.14;2.686995
20000.05,0.58,20002.19;2.744287
20000.05,0.58,20002.19;2.744287
20000.05,0.58,20002.23;2.801579
20000.05,0.58,20002.28;2.870329
20000.05,0.58,20002.28;2.870329
20000.06,0.58,20002.32;2.93908
20000.06,0.58,20002.37;3.002101
20000.06,0.58,20002.37;3.002101
20000.06,0.58,20002.42;3.065123
20000.07,0.58,20002.47;3.116685
20000.07,0.58,20002.52;3.168248
20000.07,0.58,20002.56;3.231269
20000.07,0.58,20002.56;3.231269
20000.07,0.58,20002.6;3.29429
20000.08,0.58,20002.64;3.36304
20000.08,0.58,20002.64;3.36304
20000.08,0.58,20002.64;3.36304
20000.08,0.58,20002.69;3.426062
20000.08,0.58,20002.73;3.489083
20000.08,0.58,20002.78;3.552104
20000.08,0.58,20002.78;3.552104
20000.09,0.58,20002.82;3.615125
20000.09,0.58,20002.82;3.615125
20000.09,0.58,20002.86;3.678146
20000.09,0.58,20002.91;3.735438
20000.09,0.58,20002.91;3.735438
20000.1,0.58,20002.95;3.809918
20000.1,0.58,20002.95;3.809918
20000.1,0.58,20002.95;3.809918
20000.1,0.58,20002.99;3.872939
20000.1,0.58,20002.99;3.872939
20000.1,0.58,20002.99;3.872939
20000.1,0.58,20003.03;3.93596
20000.1,0.58,20003.08;3.993252
20000.1,0.58,20003.08;3.993252
20000.11,0.58,20003.12;4.056273
20000.11,0.58,20003.12;4.056273
20000.11,0.58,20003.12;4.056273
20000.11,0.58,20003.16;4.125024
20000.11,0.58,20003.2;4.193774
20000.12,0.58,20003.24;4.251067
20000.12,0.58,20003.24;4.251067
20000.12,0.58,20003.28;4.308359
20000.12,0.58,20003.32;4.377109
20000.12,0.58,20003.32;4.377109
20000.13,0.58,20003.36;4.445859
20000.13,0.58,20003.39;4.51461
20000.13,0.58,20003.44;4.566172
20000.13,0.58,20003.44;4.566172
20000.13,0.58,20003.44;4.566172
20000.13,0.58,20003.47;4.634923
20000.13,0.58,20003.47;4.634923
20000.13,0.58,20003.47;4.634923
20000.14,0.58,20003.51;4.703673
20000.14,0.58,20003.51;4.703673
20000.14,0.58,20003.51;4.703673
20000.14,0.58,20003.55;4.760965
20000.14,0.58,20003.55;4.760965
20000.14,0.58,20003.59;4.841174
20000.14,0.58,20003.59;4.841174
20000.15,0.58,20003.63;4.921383
20000.15,0.58,20003.67;4.984404
20000.15,0.58,20003.67;4.984404
20000.15,0.58,20003.71;5.047425
20000.16,0.58,20003.75;5.110446
20000.16,0.58,20003.75;5.110446
20000.16,0.58,20003.78;5.173468
20000.16,0.58,20003.81;5.247947
20000.16,0.58,20003.81;5.247947
20000.17,0.58,20003.86;5.322427
20000.17,0.58,20003.89;5.391178
20000.17,0.58,20003.89;5.391178
20000.18,0.58,20003.93;5.459928
20000.18,0.58,20003.97;5.51722
20000.18,0.58,20003.97;5.51722
20000.18,0.58,20004;5.574512
20000.19,0.58,20004.04;5.631804
20000.19,0.58,20004.04;5.631804
20000.19,0.58,20004.08;5.689095
20000.19,0.58,20004.11;5.757846
20000.2,0.58,20004.15;5.815138
20000.2,0.58,20004.15;5.815138
20000.2,0.58,20004.15;5.815138
20000.2,0.58,20004.18;5.832325
20000.2,0.58,20004.18;5.832325
20000.2,0.58,20004.22;5.849513
20000.2,0.58,20004.22;5.849513
20000.2,0.58,20004.22;5.849513
20000.21,0.58,20004.26;5.866701
20000.21,0.58,20004.3;5.901076
20000.21,0.58,20004.3;5.901076
20000.21,0.58,20004.33;5.935452
20000.22,0.58,20004.36;5.981285
20000.22,0.58,20004.36;5.981285
20000.22,0.58,20004.4;6.027119
20000.22,0.58,20004.4;6.027119
20000.22,0.58,20004.4;6.027119
20000.22,0.58,20004.4;6.027119
20000.23,0.58,20004.43;6.072953
20000.23,0.58,20004.43;6.072953
20000.23,0.58,20004.43;6.072953
20000.23,0.58,20004.46;6.118785
20000.23,0.58,20004.5;6.164619
20000.23,0.58,20004.5;6.164619
20000.23,0.58,20004.5;6.164619
20000.24,0.58,20004.54;6.210453
20000.24,0.58,20004.54;6.210453
20000.24,0.58,20004.54;6.210453
20000.24,0.58,20004.57;6.256286
20000.24,0.58,20004.57;6.256286
20000.24,0.58,20004.57;6.256286
20000.24,0.58,20004.6;6.30212
20000.24,0.58,20004.6;6.30212
20000.24,0.58,20004.6;6.30212
20000.25,0.58,20004.63;6.347953
20000.25,0.58,20004.66;6.359412
20000.25,0.58,20004.66;6.359412
20000.25,0.58,20004.7;6.37087
20000.26,0.58,20004.73;6.393787
20000.26,0.58,20004.73;6.393787
20000.26,0.58,20004.77;6.416704
20000.26,0.58,20004.77;6.416704
20000.26,0.58,20004.77;6.416704
20000.27,0.58,20004.79;6.43962
20000.27,0.58,20004.79;6.43962
20000.27,0.58,20004.83;6.462537
20000.27,0.58,20004.86;6.502642
20000.27,0.58,20004.86;6.502642
20000.28,0.58,20004.9;6.542746
20000.28,0.58,20004.94;6.605767
20000.28,0.58,20004.94;6.605767
20000.29,0.58,20004.96;6.668788
20000.29,0.58,20004.99;6.72035
20000.29,0.58,20004.99;6.72035
20000.29,0.58,20005.03;6.771913
20000.3,0.58,20005.06;6.840663
20000.3,0.58,20005.06;6.840663
20000.3,0.58,20005.1;6.909414
20000.3,0.58,20005.13;6.978164
20000.3,0.58,20005.13;6.978164
20000.31,0.58,20005.16;7.046915
20000.31,0.58,20005.19;7.104207
20000.31,0.58,20005.19;7.104207
20000.32,0.58,20005.22;7.161499
20000.32,0.58,20005.26;7.22452
20000.32,0.58,20005.26;7.22452
20000.32,0.58,20005.29;7.281812
20000.32,0.58,20005.29;7.281812
20000.33,0.58,20005.32;7.356291
20000.33,0.58,20005.32;7.356291
20000.33,0.58,20005.32;7.356291
20000.33,0.58,20005.35;7.407854
20000.33,0.58,20005.35;7.407854
20000.33,0.58,20005.35;7.407854
20000.34,0.58,20005.38;7.465145
20000.34,0.58,20005.41;7.522438
20000.35,0.58,20005.44;7.591188
20000.35,0.58,20005.44;7.591188
20000.35,0.58,20005.44;7.591188
20000.35,0.58,20005.48;7.654211
20000.35,0.58,20005.48;7.654211
20000.35,0.58,20005.48;7.654211
20000.35,0.58,20005.51;7.700043
20000.35,0.58,20005.51;7.700043
20000.35,0.58,20005.51;7.700043
20000.36,0.58,20005.54;7.774522
20000.36,0.58,20005.54;7.774522
20000.36,0.58,20005.57;7.837545
20000.36,0.58,20005.57;7.837545
20000.37,0.58,20005.6;7.900566
20000.37,0.58,20005.63;7.957859
20000.37,0.58,20005.63;7.957859
20000.38,0.58,20005.66;8.01515
20000.38,0.58,20005.69;8.078172
20000.38,0.58,20005.69;8.078172
20000.38,0.58,20005.72;8.141192
20000.39,0.58,20005.76;8.204215
20000.39,0.58,20005.76;8.204215
20000.39,0.58,20005.79;8.267237
20000.4,0.58,20005.82;8.31307
20000.4,0.58,20005.82;8.31307
20000.4,0.58,20005.85;8.358904
20000.41,0.58,20005.88;8.421926
20000.41,0.58,20005.88;8.421926
20000.41,0.58,20005.91;8.484947
20000.42,0.58,20005.94;8.553699
20000.42,0.58,20005.94;8.553699
20000.42,0.58,20005.97;8.62245
20000.43,0.58,20006.01;8.679742
20000.43,0.58,20006.04;8.742764
20000.43,0.58,20006.04;8.742764
20000.43,0.58,20006.04;8.742764
20000.44,0.58,20006.06;8.811515
20000.44,0.58,20006.06;8.811515
20000.44,0.58,20006.06;8.811515
20000.44,0.58,20006.09;8.868808
20000.44,0.58,20006.09;8.868808
20000.45,0.58,20006.12;8.9261
20000.45,0.58,20006.16;8.983393
20000.45,0.58,20006.16;8.983393
20000.46,0.58,20006.19;9.040685
20000.46,0.58,20006.22;9.103703
20000.46,0.58,20006.22;9.103703
20000.46,0.58,20006.25;9.166724
20000.47,0.58,20006.27;9.224018
20000.47,0.58,20006.27;9.224018
20000.47,0.58,20006.3;9.281309
20000.48,0.58,20006.34;9.344332
20000.48,0.58,20006.34;9.344332
20000.48,0.58,20006.37;9.407352
20000.49,0.58,20006.4;9.470373
20000.49,0.58,20006.42;9.521936
20000.49,0.58,20006.42;9.521936
20000.5,0.58,20006.46;9.5735
20000.5,0.58,20006.49;9.642249
20000.5,0.58,20006.49;9.642249
20000.51,0.58,20006.52;9.710998
20000.52,0.58,20006.55;9.774019
20000.52,0.58,20006.55;9.774019
20000.52,0.58,20006.58;9.837042
20000.52,0.58,20006.61;9.894333
20000.52,0.58,20006.61;9.894333
20000.53,0.58,20006.64;9.951625
20000.54,0.58,20006.67;10.00892
20000.54,0.58,20006.67;10.00892
20000.54,0.58,20006.7;10.06621
20000.55,0.58,20006.73;10.12923
20000.55,0.58,20006.73;10.12923
20000.55,0.58,20006.76;10.18079
20000.55,0.58,20006.76;10.18079
20000.56,0.58,20006.79;10.23236
20000.56,0.58,20006.83;10.29538
20000.57,0.58,20006.86;10.3584
20000.57,0.58,20006.86;10.3584
20000.57,0.58,20006.89;10.42142
20000.58,0.58,20006.92;10.47298
20000.58,0.58,20006.92;10.47298
20000.59,0.58,20006.95;10.52455
20000.59,0.58,20006.98;10.58757
20000.59,0.58,20006.98;10.58757
20000.6,0.58,20007.01;10.65059
20000.6,0.58,20007.04;10.71361
20000.6,0.58,20007.04;10.71361
20000.61,0.58,20007.07;10.77663
20000.62,0.58,20007.1;10.82819
20000.62,0.58,20007.1;10.82819
20000.62,0.58,20007.13;10.87976
20000.63,0.58,20007.16;10.9485
20000.63,0.58,20007.16;10.9485
20000.63,0.58,20007.2;11.01726
20000.64,0.58,20007.23;11.08028
20000.64,0.58,20007.23;11.08028
20000.65,0.58,20007.26;11.13184
20000.65,0.58,20007.29;11.20059
20000.65,0.58,20007.29;11.20059
20000.66,0.58,20007.33;11.26361
20000.66,0.58,20007.33;11.26361
20000.66,0.58,20007.35;11.32663
20000.67,0.58,20007.38;11.38393
20000.67,0.58,20007.38;11.38393
20000.68,0.58,20007.42;11.44122
20000.69,0.58,20007.45;11.50424
20000.69,0.58,20007.45;11.50424
20000.69,0.58,20007.49;11.56726
20000.7,0.58,20007.52;11.63601
20000.7,0.58,20007.52;11.63601
20000.71,0.58,20007.55;11.70476
20000.71,0.58,20007.58;11.76205
20000.71,0.58,20007.58;11.76205
20000.72,0.58,20007.61;11.81934
20000.72,0.58,20007.65;11.88237
20000.72,0.58,20007.65;11.88237
20000.73,0.58,20007.68;11.95112
20000.74,0.58,20007.71;12.01987
20000.74,0.58,20007.74;12.07143
20000.74,0.58,20007.74;12.07143
20000.75,0.58,20007.78;12.12299
20000.76,0.58,20007.81;12.18602
20000.76,0.58,20007.81;12.18602
20000.77,0.58,20007.85;12.24903
20000.78,0.58,20007.88;12.30633
20000.78,0.58,20007.88;12.30633
20000.78,0.58,20007.91;12.36362
20000.79,0.58,20007.94;12.43237
20000.79,0.58,20007.94;12.43237
20000.8,0.58,20007.97;12.50112
20000.8,0.58,20008.01;12.56987
20000.8,0.58,20008.01;12.56987
20000.81,0.58,20008.04;12.63862
20000.82,0.58,20008.08;12.69019
20000.82,0.58,20008.08;12.69019
20000.83,0.58,20008.11;12.74175
20000.83,0.58,20008.14;12.8105
20000.83,0.58,20008.14;12.8105
20000.84,0.58,20008.18;12.87352
20000.84,0.58,20008.18;12.87352
20000.85,0.58,20008.21;12.93654
20000.86,0.58,20008.24;12.99383
20000.86,0.58,20008.24;12.99383
20000.86,0.58,20008.27;13.05112
20000.87,0.58,20008.31;13.11414
20000.87,0.58,20008.31;13.11414
20000.88,0.58,20008.34;13.17717
20000.89,0.58,20008.38;13.24019
20000.89,0.58,20008.38;13.24019
20000.9,0.58,20008.41;13.30321
20000.9,0.58,20008.44;13.35477
20000.9,0.58,20008.44;13.35477
20000.91,0.58,20008.47;13.40633
20000.92,0.58,20008.51;13.46935
20000.92,0.58,20008.51;13.46935
20000.93,0.58,20008.54;13.53237
20000.94,0.58,20008.58;13.5954
20000.94,0.58,20008.58;13.5954
20000.94,0.58,20008.61;13.65842
20000.95,0.58,20008.64;13.72717
20000.96,0.58,20008.67;13.78446
20000.96,0.58,20008.67;13.78446
20000.96,0.58,20008.67;13.78446
20000.97,0.58,20008.71;13.84748
20000.97,0.58,20008.71;13.84748
20000.97,0.58,20008.71;13.84748
20000.98,0.58,20008.74;13.89904
20000.98,0.58,20008.74;13.89904
20000.98,0.58,20008.74;13.89904
20000.98,0.58,20008.77;13.95633
20000.98,0.58,20008.77;13.95633
20000.98,0.58,20008.77;13.95633
20000.99,0.58,20008.81;14.01936
20000.99,0.58,20008.81;14.01936
20000.99,0.58,20008.81;14.01936
20001,0.58,20008.84;14.07665
20001,0.58,20008.84;14.07665
20001,0.58,20008.84;14.07665
20001.01,0.58,20008.87;14.13394
20001.02,0.58,20008.91;14.19696
20001.02,0.58,20008.91;14.19696
20001.03,0.58,20008.94;14.25998
20001.04,0.58,20008.97;14.323
20001.04,0.58,20009;14.3803
20001.04,0.58,20009;14.3803
20001.05,0.58,20009.04;14.43759
20001.06,0.58,20009.07;14.49488
20001.06,0.58,20009.07;14.49488
20001.07,0.58,20009.1;14.55217
20001.08,0.58,20009.14;14.61519
20001.08,0.58,20009.14;14.61519
20001.08,0.58,20009.17;14.67821
20001.09,0.58,20009.2;14.73551
20001.09,0.58,20009.2;14.73551
20001.1,0.58,20009.23;14.7928
20001.11,0.58,20009.26;14.85582
20001.12,0.58,20009.29;14.91884
20001.13,0.58,20009.32;14.98759
20001.13,0.58,20009.32;14.98759
20001.13,0.58,20009.35;15.05634
20001.14,0.58,20009.38;15.11364
20001.14,0.58,20009.38;15.11364
20001.15,0.58,20009.41;15.17666
20001.16,0.58,20009.44;15.23968
20001.17,0.58,20009.46;15.3027
20001.17,0.58,20009.46;15.3027
20001.17,0.58,20009.5;15.36572
20001.18,0.58,20009.53;15.42301
20001.18,0.58,20009.53;15.42301
20001.19,0.58,20009.56;15.48604
20001.19,0.58,20009.56;15.48604
20001.19,0.58,20009.56;15.48604
20001.2,0.58,20009.59;15.54906
20001.2,0.58,20009.59;15.54906
20001.2,0.58,20009.59;15.54906
20001.21,0.58,20009.62;15.60635
20001.21,0.58,20009.62;15.60635
20001.21,0.58,20009.62;15.60635
20001.21,0.58,20009.65;15.66365
20001.22,0.58,20009.68;15.72667
20001.22,0.58,20009.68;15.72667
20001.23,0.58,20009.71;15.78969
20001.24,0.58,20009.74;15.85844
20001.24,0.58,20009.74;15.85844
20001.25,0.58,20009.76;15.91
20001.26,0.58,20009.79;15.96157
20001.26,0.58,20009.82;16.03031
20001.26,0.58,20009.82;16.03031
20001.26,0.58,20009.82;16.03031
20001.27,0.58,20009.85;16.09907
20001.27,0.58,20009.85;16.09907
20001.27,0.58,20009.85;16.09907
20001.28,0.58,20009.87;16.15636
20001.28,0.58,20009.87;16.15636
20001.28,0.58,20009.87;16.15636
20001.29,0.58,20009.9;16.22511
20001.29,0.58,20009.9;16.22511
20001.29,0.58,20009.9;16.22511
20001.29,0.58,20009.92;16.2824
20001.29,0.58,20009.92;16.2824
20001.29,0.58,20009.92;16.2824
20001.3,0.58,20009.95;16.35115
20001.3,0.58,20009.95;16.35115
20001.3,0.58,20009.95;16.35115
20001.31,0.58,20009.97;16.41417
20001.31,0.58,20009.97;16.41417
20001.31,0.58,20009.99;16.47719
20001.31,0.58,20009.99;16.47719
20001.32,0.58,20010.02;16.54021
20001.33,0.58,20010.04;16.60897
20001.33,0.58,20010.04;16.60897
20001.34,0.58,20010.06;16.67772
20001.34,0.58,20010.09;16.7522
20001.34,0.58,20010.09;16.7522
20001.35,0.58,20010.11;16.82668
20001.36,0.58,20010.13;16.8897
20001.36,0.58,20010.13;16.8897
20001.36,0.58,20010.15;16.95272
20001.37,0.58,20010.17;17.01574
20001.37,0.58,20010.17;17.01574
20001.38,0.58,20010.19;17.07876
20001.38,0.58,20010.21;17.14751
20001.38,0.58,20010.21;17.14751
20001.39,0.58,20010.23;17.21626
20001.39,0.58,20010.25;17.27929
20001.39,0.58,20010.25;17.27929
20001.4,0.58,20010.27;17.34231
20001.41,0.58,20010.29;17.41679
20001.41,0.58,20010.31;17.48554
20001.41,0.58,20010.31;17.48554
20001.41,0.58,20010.31;17.48554
20001.42,0.58,20010.33;17.54283
20001.42,0.58,20010.33;17.54283
20001.42,0.58,20010.33;17.54283
20001.42,0.58,20010.35;17.61159
20001.42,0.58,20010.35;17.61159
20001.42,0.58,20010.35;17.61159
20001.43,0.58,20010.37;17.68034
20001.43,0.58,20010.37;17.68034
20001.43,0.58,20010.37;17.68034
20001.44,0.58,20010.38;17.73763
20001.44,0.58,20010.38;17.73763
20001.44,0.58,20010.38;17.73763
20001.44,0.58,20010.4;17.80638
20001.44,0