20000,0.5,20000;0
20000,0.58,20000.63;0.07161499
20000,0.58,20001.27;0.100261
20000,0.58,20001.9;0.114584
20000.01,0.58,20002.54;0.1575529
20000.01,0.58,20003.17;0.2435016
20000.01,0.58,20003.79;0.3724193
20000.02,0.58,20004.43;0.51566
20000.02,0.58,20005.06;0.6302546
20000.03,0.58,20005.7;0.7591723
20000.04,0.58,20006.33;0.873767
20000.05,0.58,20006.68;1.031331
20000.05,0.58,20006.7;1.188894
20000.06,0.58,20007.33;1.317812
20000.08,0.58,20007.96;1.475376
20000.1,0.58,20008.6;1.604294
20000.12,0.58,20009.19;1.733211
20000.14,0.58,20009.82;1.847806
20000.16,0.58,20010.45;1.991047
20000.18,0.58,20011.08;2.148611
20000.21,0.58,20011.71;2.277528
20000.23,0.58,20012.33;2.420769
20000.26,0.58,20012.97;2.535364
20000.29,0.58,20013.6;2.664282
20000.32,0.58,20014.23;2.778876
20000.35,0.58,20014.86;2.922117
20000.39,0.58,20015.5;3.051035
20000.42,0.58,20016.13;3.194275
20000.46,0.58,20016.77;3.323193
20000.5,0.58,20017.4;3.466433
20000.54,0.58,20018.03;3.595351
20000.58,0.58,20018.67;3.738592
20000.61,0.58,20019.11;3.86751
20000.62,0.58,20019.31;4.025074
20000.67,0.58,20019.92;4.168314
20000.71,0.58,20020.54;4.211283
20000.75,0.58,20021.1;4.268576
20000.8,0.58,20021.66;4.325868
20000.85,0.58,20022.3;4.38316
20000.89,0.58,20022.93;4.440452
20000.95,0.58,20023.56;4.555047
20001,0.58,20024.2;4.669641
20001.05,0.58,20024.83;4.71261
20001.08,0.58,20025.22;4.75558
20001.11,0.58,20025.57;4.798549
20001.11,0.58,20025.58;4.841518
20001.11,0.58,20025.57;4.884487
20001.11,0.58,20025.58;4.927456
20001.11,0.58,20025.57;4.970425
20001.11,0.58,20025.53;5.013394
20001.1,0.58,20025.47;5.056363
20001.09,0.58,20025.37;5.099333
20001.08,0.58,20025.26;5.142302
20001.07,0.58,20025.14;5.170948
20001.06,0.58,20024.99;5.256896
20001.04,0.58,20024.84;5.443106
20001.03,0.58,20024.7;5.60067
20001.02,0.58,20024.55;5.758234
20001,0.58,20024.43;5.901475
20000.99,0.58,20024.29;6.059039
20000.97,0.58,20024.15;6.202279
20000.96,0.58,20024.01;6.374166
20000.95,0.58,20023.89;6.417135
20000.94,0.58,20023.85;6.460104
20000.94,0.58,20023.85;6.503073
20000.95,0.58,20023.9;6.689282
20000.96,0.58,20024.02;6.803877
20000.98,0.58,20024.17;7.792228
20000.99,0.58,20024.22;8.508422
20001.03,0.58,20024.48;9.582723
20001.04,0.58,20024.53;10.05541
20001.04,0.58,20024.55;11.18701
20001.06,0.58,20024.63;12.40454
20001.07,0.58,20024.65;13.3929
20001.07,0.58,20024.68;14.4672
20001.12,0.58,20024.85;15.52717
20001.3,0.58,20025.46;16.54417
20001.49,0.58,20026.06;17.44658
20001.69,0.58,20026.66;18.50656
20001.9,0.58,20027.25;19.26573
20002.11,0.58,20027.83;20.31137
20002.34,0.58,20028.42;21.19946
20002.44,0.58,20028.66;22.21645
20002.43,0.58,20028.64;23.10453
20002.66,0.58,20029.14;24.17883
20002.93,0.58,20029.72;25.2961
20003.2,0.58,20030.26;26.44201
20003.49,0.58,20030.82;27.3874
20003.79,0.58,20031.38;28.50467
20004.06,0.58,20031.86;29.60761
20004.11,0.58,20031.93;30.51003
20004.44,0.58,20032.47;31.52703
20004.78,0.58,20033.01;32.42944
20005.13,0.58,20033.54;33.51806
20005.49,0.58,20034.06;34.60669
20005.86,0.58,20034.58;35.53774
20006.24,0.58,20035.09;36.64069
20006.63,0.58,20035.59;37.71499
20007.02,0.58,20036.08;38.80362
20007.43,0.58,20036.57;39.76332
20007.84,0.58,20037.05;40.42222
20008.26,0.58,20037.53;41.02383
20008.44,0.58,20037.74;41.62544
20008.87,0.58,20038.21;42.22704
20009.3,0.58,20038.67;42.82866
20009.73,0.58,20039.13;43.43026
20009.74,0.5800015,20039.56;44.03187
20009.74,0.5800025,20040.01;44.63348
20009.74,0.5800036,20040.46;45.55022
20009.74,0.5800031,20040.89;46.6102
