20000,0.5,20000;0
20000,0.5,20000;0
20000,0.5,20000;0
20000,0.5,20000;0
20000,0.5,20000;0
20000,0.5,20000;0
20000,0.5,20000;0
20000,0.5,20000;0
20000,0.5,20000;0
20000,0.5,20000;0
20000,0.5,20000;0
20000,0.5,20000;0
20000,0.5,20000;0
20000,0.5,20000;0
20000,0.5,20000;0
20000,0.5,20000;0
20000,0.5,20000;0
20000,0.5,20000;0
20000,0.5,20000;0
20000,0.5,20000;0
20000,0.5,20000;0
20000,0.5,20000;0
20000,0.5,20000;0
20000,0.5,20000;0
20000,0.5,20000;0
20000,0.5,20000;0
20000,0.5,20000;0
20000,0.5,20000;0
20000,0.5,20000;0
20000,0.5,20000;0
20000,0.5,20000;0
20000,0.58,20000;0
20000,0.58,20000;0
20000,0.58,20000;0
20000,0.58,20000;0
20000,0.58,20000;0
20000,0.58,20000;0
20000,0.58,20000;0
20000,0.58,20000;0
20000,0.58,20000;0
20000,0.58,20000;0
20000,0.58,20000;0
20000,0.58,20000;0
20000,0.58,20000;0
20000,0.58,20000;0
20000,0.58,20000;0
20000,0.58,20000;0
20000,0.58,20000;0
20000,0.58,20000;0
20000,0.58,20000;0
20000,0.58,20000;0
20000,0.58,20000;0
20000,0.58,20000;0
20000,0.58,20000;0
20000,0.58,20000;0
20000,0.58,20000;0
20000,0.58,20000;0
20000,0.58,20000;0
20000,0.58,20000;0
20000,0.58,20000;0
20000,0.58,20000;0
20000,0.58,20000;0
20000,0.58,20000;0
20000,0.58,20000;0
20000,0.58,20000;0
20000,0.58,20000;0
20000,0.58,20000;0
20000,0.58,20000;0
20000,0.58,20000;0
20000,0.58,20000;0
20000,0.58,20000;0
20000,0.58,20000;0
20000,0.58,20000;0
20000,0.58,20000;0
20000,0.58,20000;0
20000,0.58,20000;0
20000,0.58,20000;0
20000,0.58,20000;0
20000,0.58,20000;0
20000,0.58,20000;0
20000,0.58,20000;0
20000,0.58,20000;0
20000,0.58,20000;0
20000,0.58,20000;0
20000,0.58,20000;0
20000,0.58,20000;0
20000,0.58,20000;0
20000,0.58,20000;0
20000,0.58,20000;0
20000,0.58,20000;0
20000,0.58,20000;0
20000,0.58,20000;0
20000,0.58,20000;0
20000,0.58,20000;0
20000,0.58,20000;0
20000,0.58,20000;0
20000,0.58,20000;0
20000,0.58,20000;0
20000,0.58,20000;0
20000,0.58,20000;0
20000,0.58,20000;0
20000,0.58,20000;0
20000,0.58,20000;0
20000,0.58,20000;0
20000,0.58,20000;0
20000,0.58,20000;0
20000,0.58,20000;0
20000,0.58,20000;0
20000,0.58,20000;0
20000,0.58,20000;0
20000,0.58,20000;0
20000,0.58,20000;0
20000,0.58,19999.97;0
20000,0.58,19999.92;0
20000,0.58,19999.88;0.04583359
20000,0.58,19999.88;0.04583359
20000,0.58,19999.85;0.1718867
20000,0.58,19999.85;0.1718867
20000,0.58,19999.85;0.2979397
20000,0.58,19999.85;0.4469096
20000,0.58,19999.85;0.4469096
20000,0.58,19999.87;0.6646298
20000,0.58,19999.91;0.8823501
20000,0.58,19999.95;1.077154
20000,0.58,19999.95;1.077154
20000,0.58,20000.03;1.271957
20000.01,0.58,20000.11;1.392281
20000.01,0.58,20000.11;1.392281
20000.01,0.58,20000.22;1.512605
20000.01,0.58,20000.32;1.632929
20000.01,0.58,20000.42;1.724607
20000.01,0.58,20000.42;1.724607
20000.02,0.58,20000.52;1.816285
20000.02,0.58,20000.63;1.844931
20000.02,0.58,20000.63;1.844931
20000.02,0.58,20000.7;1.873577
20000.02,0.58,20000.7;1.873577
20000.03,0.58,20000.77;1.902223
20000.03,0.58,20000.77;1.902223
20000.03,0.58,20000.82;1.930869
20000.03,0.58,20000.82;1.930869
20000.03,0.58,20000.86;1.959515
20000.03,0.58,20000.9;1.982432
20000.03,0.58,20000.9;1.982432
20000.03,0.58,20000.96;1.99389
20000.03,0.58,20000.96;1.99389
20000.03,0.58,20001.02;2.005348
20000.04,0.58,20001.08;2.005348
20000.04,0.58,20001.13;2.005348
20000.04,0.58,20001.13;2.005348
20000.04,0.58,20001.13;2.005348
20000.04,0.58,20001.19;2.005348
20000.04,0.58,20001.19;2.005348
20000.04,0.58,20001.25;2.005348
20000.04,0.58,20001.3;2.005348
20000.04,0.58,20001.3;2.005348
20000.04,0.58,20001.36;2.005348
20000.05,0.58,20001.4;2.005348
20000.05,0.58,20001.46;2.005348
20000.05,0.58,20001.46;2.005348
20000.05,0.58,20001.52;2.005348
20000.05,0.58,20001.58;2.005348
20000.05,0.58,20001.58;2.005348
20000.05,0.58,20001.63;2.005348
20000.06,0.58,20001.67;2.005348
20000.06,0.58,20001.67;2.005348
20000.06,0.58,20001.71;2.005348
20000.06,0.58,20001.77;2.005348
20000.06,0.58,20001.83;2.005348
20000.06,0.58,20001.83;2.005348
20000.06,0.58,20001.87;2.005348
20000.06,0.58,20001.87;2.005348
20000.07,0.58,20001.93;2.005348
20000.07,0.58,20001.98;2.005348
20000.07,0.58,20001.98;2.005348
20000.07,0.58,20002.04;2.005348
20000.07,0.58,20002.08;2.005348
20000.07,0.58,20002.13;2.005348
20000.07,0.58,20002.13;2.005348
20000.07,0.58,20002.18;2.005348
20000.08,0.58,20002.23;2.005348
20000.08,0.58,20002.23;2.005348
20000.08,0.58,20002.29;2.005348
20000.08,0.58,20002.34;2.005348
20000.08,0.58,20002.34;2.005348
20000.08,0.58,20002.39;2.005348
20000.08,0.58,20002.44;2.005348
20000.09,0.58,20002.49;2.005348
20000.09,0.58,20002.54;2.005348
20000.09,0.58,20002.59;2.005348
20000.09,0.58,20002.59;2.005348
20000.09,0.58,20002.59;2.005348
20000.09,0.58,20002.63;2.005348
20000.09,0.58,20002.63;2.005348
20000.09,0.58,20002.68;2.005348
20000.09,0.58,20002.73;2.005348
20000.1,0.58,20002.78;1.999619
20000.1,0.58,20002.8;1.942327
20000.1,0.58,20002.8;1.942327
20000.1,0.58,20002.8;1.879306
20000.1,0.58,20002.8;1.879306
20000.09,0.58,20002.75;1.873577
20000.09,0.58,20002.7;1.867848
20000.09,0.58,20002.65;1.856389
20000.09,0.58,20002.65;1.856389
20000.09,0.58,20002.65;1.844931
20000.09,0.58,20002.65;1.844931
20000.09,0.58,20002.63;1.833473
20000.09,0.58,20002.62;1.85066
20000.09,0.58,20002.62;1.85066
20000.09,0.58,20002.57;1.873577
20000.09,0.58,20002.49;1.896494
20000.08,0.58,20002.4;1.919411
20000.08,0.58,20002.4;1.919411
20000.08,0.58,20002.32;1.942327
20000.08,0.58,20002.24;1.970974
20000.08,0.58,20002.24;1.970974
20000.08,0.58,20002.18;1.99389
20000.08,0.58,20002.18;1.99389
20000.07,0.58,20002.12;2.005348
20000.07,0.58,20002.12;2.005348
20000.07,0.58,20002.06;2.016807
20000.07,0.58,20002.01;1.988161
20000.07,0.58,20002.01;1.988161
20000.07,0.58,20001.96;1.959515
20000.07,0.58,20001.92;1.92514
20000.07,0.58,20001.92;1.92514
20000.06,0.58,20001.86;1.890764
20000.06,0.58,20001.79;1.856389
20000.06,0.58,20001.73;1.85066
20000.06,0.58,20001.73;1.85066
20000.06,0.58,20001.67;1.856389
20000.06,0.58,20001.67;1.856389
20000.06,0.58,20001.61;1.862118
20000.05,0.58,20001.54;1.890764
20000.05,0.58,20001.54;1.890764
20000.05,0.58,20001.49;1.91941
20000.05,0.58,20001.44;1.959514
20000.05,0.58,20001.39;2.011077
20000.05,0.58,20001.39;2.011077
20000.05,0.58,20001.35;2.06264
20000.04,0.58,20001.3;2.097015
20000.04,0.58,20001.3;2.097015
20000.04,0.58,20001.26;2.13139
20000.04,0.58,20001.22;2.165765
20000.04,0.58,20001.18;2.20014
20000.04,0.58,20001.13;2.234516
20000.04,0.58,20001.09;2.268891
20000.04,0.58,20001.05;2.308995
20000.04,0.58,20001.05;2.308995
20000.04,0.58,20001.02;2.34337
20000.04,0.58,20001.02;2.34337
20000.04,0.58,20001.02;2.34337
20000.03,0.58,20000.98;2.389204
20000.03,0.58,20000.98;2.389204
20000.03,0.58,20000.98;2.389204
20000.03,0.58,20000.94;2.435038
20000.03,0.58,20000.9;2.480871
20000.03,0.58,20000.87;2.515246
20000.03,0.58,20000.87;2.515246
20000.03,0.58,20000.83;2.549622
20000.03,0.58,20000.83;2.549622
20000.03,0.58,20000.79;2.583997
20000.02,0.58,20000.75;2.612643
20000.02,0.58,20000.75;2.612643
20000.02,0.58,20000.73;2.641289
20000.02,0.58,20000.71;2.669935
20000.02,0.58,20000.69;2.710039
20000.02,0.58,20000.69;2.710039
20000.02,0.58,20000.68;2.750144
20000.02,0.58,20000.68;2.784519
20000.02,0.58,20000.68;2.784519
20000.02,0.58,20000.7;2.818894
20000.02,0.58,20000.71;2.836082
20000.02,0.58,20000.71;2.836082
20000.02,0.58,20000.74;2.824623
20000.03,0.58,20000.79;2.813164
20000.03,0.58,20000.83;2.795977
20000.03,0.58,20000.87;2.77879
20000.03,0.58,20000.91;2.755873
20000.03,0.58,20000.91;2.755873
20000.03,0.58,20000.96;2.744415
20000.03,0.58,20000.96;2.744415
20000.04,0.58,20001.01;2.732956
20000.04,0.58,20001.06;2.710039
20000.04,0.58,20001.13;2.675664
20000.04,0.58,20001.13;2.675664
20000.04,0.58,20001.22;2.641289
20000.05,0.58,20001.3;2.583997
20000.05,0.58,20001.3;2.583997
20000.05,0.58,20001.39;2.526705
20000.05,0.58,20001.39;2.526705
20000.06,0.58,20001.48;2.469413
20000.06,0.58,20001.58;2.400663
20000.07,0.58,20001.7;2.343371
20000.07,0.58,20001.7;2.343371
20000.07,0.58,20001.84;2.286079
20000.08,0.58,20001.99;2.228787
20000.08,0.58,20001.99;2.228787
20000.08,0.58,20002.14;2.165766
20000.08,0.58,20002.14;2.165766
20000.09,0.58,20002.35;2.119932
20000.09,0.58,20002.35;2.119932
20000.1,0.58,20002.58;2.097016
20000.1,0.58,20002.58;2.097016
20000.1,0.58,20002.58;2.097016
20000.11,0.58,20002.79;2.079828
20000.11,0.58,20002.79;2.079828
20000.12,0.58,20003.05;2.06264
20000.13,0.58,20003.3;2.051182
20000.13,0.58,20003.55;2.051182
20000.13,0.58,20003.55;2.051182
20000.14,0.58,20003.79;2.051182
20000.15,0.58,20004.02;2.051182
20000.15,0.58,20004.02;2.051182
20000.16,0.58,20004.27;2.051182
20000.17,0.58,20004.52;2.051182
20000.17,0.58,20004.52;2.051182
20000.18,0.58,20004.78;2.051182
20000.18,0.58,20004.78;2.051182
20000.19,0.58,20005.01;2.051182
20000.19,0.58,20005.01;2.051182
20000.2,0.58,20005.25;2.051182
20000.2,0.58,20005.25;2.051182
20000.2,0.58,20005.25;2.051182
20000.21,0.58,20005.51;2.051182
20000.21,0.58,20005.51;2.051182
20000.21,0.58,20005.51;2.051182
20000.21,0.58,20005.74;2.051182
20000.21,0.58,20005.74;2.051182
20000.22,0.58,20005.96;2.051182
20000.22,0.58,20005.96;2.051182
20000.23,0.58,20006.2;2.051182
20000.23,0.58,20006.2;2.051182
20000.23,0.58,20006.2;2.051182
20000.24,0.58,20006.45;2.051182
20000.25,0.58,20006.71;2.051182
20000.25,0.58,20006.71;2.051182
20000.26,0.58,20006.96;2.051182
20000.26,0.58,20007.19;2.051182
20000.26,0.58,20007.19;2.051182
20000.26,0.58,20007.19;2.051182
20000.27,0.58,20007.44;2.051182
20000.27,0.58,20007.44;2.051182
20000.27,0.58,20007.44;2.051182
20000.28,0.58,20007.69;2.051182
20000.28,0.58,20007.69;2.051182
20000.28,0.58,20007.69;2.051182
20000.29,0.58,20007.92;2.051182
20000.3,0.58,20008.17;2.051182
20000.3,0.58,20008.17;2.051182
20000.3,0.58,20008.17;2.051182
20000.31,0.58,20008.4;2.051182
20000.31,0.58,20008.4;2.051182
20000.32,0.58,20008.63;2.051182
20000.32,0.58,20008.63;2.051182
20000.32,0.58,20008.63;2.051182
20000.33,0.58,20008.89;2.051182
20000.33,0.58,20008.89;2.051182
20000.33,0.58,20009.11;2.051182
20000.34,0.58,20009.33;2.051182
20000.34,0.58,20009.33;2.051182
20000.35,0.58,20009.56;2.051182
20000.35,0.58,20009.56;2.051182
20000.36,0.58,20009.82;2.051182
20000.36,0.58,20009.82;2.051182
20000.36,0.58,20009.82;2.051182
20000.37,0.58,20010.07;2.051182
20000.38,0.58,20010.31;2.051182
20000.38,0.58,20010.31;2.051182
20000.38,0.58,20010.31;2.051182
20000.38,0.58,20010.56;2.051182
20000.38,0.58,20010.56;2.051182
20000.38,0.58,20010.56;2.051182
20000.39,0.58,20010.82;2.051182
20000.39,0.58,20010.82;2.051182
20000.39,0.58,20010.82;2.051182
20000.4,0.58,20011.05;2.051182
20000.41,0.58,20011.3;2.051182
20000.41,0.58,20011.3;2.051182
20000.41,0.58,20011.3;2.051182
20000.41,0.58,20011.38;2.051182
20000.41,0.58,20011.38;2.051182
20000.41,0.58,20011.38;2.051182
20000.42,0.58,20011.58;2.051182
20000.42,0.58,20011.58;2.051182
20000.42,0.58,20011.58;2.051182
20000.43,0.58,20011.83;2.051182
20000.44,0.58,20012.09;2.051182
20000.44,0.58,20012.09;2.051182
20000.44,0.58,20012.09;2.051182
20000.45,0.58,20012.33;2.051182
20000.45,0.58,20012.33;2.051182
20000.45,0.58,20012.33;2.051182
20000.46,0.58,20012.58;2.051182
20000.47,0.58,20012.83;2.051182
20000.47,0.58,20012.83;2.051182
20000.47,0.58,20013.07;2.051182
20000.47,0.58,20013.07;2.051182
20000.47,0.58,20013.07;2.051182
20000.48,0.58,20013.32;2.051182
20000.48,0.58,20013.32;2.051182
20000.48,0.58,20013.32;2.051182
20000.49,0.58,20013.57;2.051182
20000.49,0.58,20013.57;2.051182
20000.49,0.58,20013.57;2.051182
20000.5,0.58,20013.8;2.051182
20000.51,0.58,20014.06;2.051182
20000.51,0.58,20014.06;2.051182
20000.51,0.58,20014.06;2.051182
20000.52,0.58,20014.28;2.051182
20000.52,0.58,20014.28;2.051182
20000.52,0.58,20014.28;2.051182
20000.53,0.58,20014.54;2.051182
20000.53,0.58,20014.54;2.051182
20000.54,0.58,20014.79;2.051182
20000.54,0.58,20014.79;2.051182
20000.54,0.58,20015.01;2.051182
20000.54,0.58,20015.01;2.051182
20000.55,0.58,20015.26;2.051182
20000.55,0.58,20015.26;2.051182
20000.55,0.58,20015.26;2.051182
20000.56,0.58,20015.52;2.051182
20000.56,0.58,20015.52;2.051182
20000.57,0.58,20015.74;2.051182
20000.57,0.58,20015.74;2.051182
20000.58,0.58,20015.99;2.051182
20000.58,0.58,20015.99;2.051182
20000.58,0.58,20015.99;2.051182
20000.59,0.58,20016.25;2.051182
20000.6,0.58,20016.5;2.051182
20000.6,0.58,20016.5;2.051182
20000.61,0.58,20016.72;2.051182
20000.61,0.58,20016.72;2.051182
20000.62,0.58,20016.98;2.051182
20000.62,0.58,20016.98;2.051182
20000.63,0.58,20017.23;2.051182
20000.63,0.58,20017.23;2.051182
20000.63,0.58,20017.23;2.051182
20000.63,0.58,20017.23;2.051182
20000.63,0.58,20017.45;2.051182
20000.63,0.58,20017.45;2.051182
20000.64,0.58,20017.7;2.051182
20000.65,0.58,20017.96;2.051182
20000.66,0.58,20018.21;2.051182
20000.67,0.58,20018.46;2.051182
20000.67,0.58,20018.46;2.051182
20000.68,0.58,20018.67;2.051182
20000.68,0.58,20018.67;2.051182
20000.69,0.58,20018.93;2.051182
20000.69,0.58,20019.18;2.051182
20000.69,0.58,20019.18;2.051182
20000.7,0.58,20019.43;2.051182
20000.71,0.58,20019.68;2.051182
20000.72,0.58,20019.9;2.051182
20000.72,0.58,20019.9;2.051182
20000.73,0.58,20020.15;2.051182
20000.74,0.58,20020.4;2.051182
20000.74,0.58,20020.4;2.051182
20000.75,0.58,20020.66;2.051182
20000.76,0.58,20020.91;2.051182
20000.76,0.58,20020.91;2.051182
20000.76,0.58,20021.13;2.051182
20000.77,0.58,20021.35;2.051182
20000.78,0.58,20021.61;2.051182
20000.78,0.58,20021.61;2.051182
20000.79,0.58,20021.86;2.051182
20000.8,0.58,20022.11;2.051182
20000.8,0.58,20022.11;2.051182
20000.81,0.58,20022.33;2.051182
20000.81,0.58,20022.55;2.051182
20000.81,0.58,20022.55;2.051182
20000.82,0.58,20022.8;2.051182
20000.83,0.58,20023.05;2.051182
20000.84,0.58,20023.31;2.051182
20000.84,0.58,20023.31;2.051182
20000.84,0.58,20023.31;2.051182
20000.85,0.58,20023.52;2.051182
20000.85,0.58,20023.52;2.051182
20000.85,0.58,20023.52;2.051182
20000.86,0.58,20023.77;2.051182
20000.86,0.58,20023.77;2.051182
20000.86,0.58,20023.77;2.051182
20000.87,0.58,20024.02;2.051182
20000.88,0.58,20024.23;2.051182
20000.88,0.58,20024.44;2.051182
20000.88,0.58,20024.44;2.051182
20000.89,0.58,20024.7;2.051182
20000.89,0.58,20024.7;2.051182
20000.89,0.58,20024.7;2.051182
20000.9,0.58,20024.95;2.051182
20000.9,0.58,20024.95;2.051182
20000.9,0.58,20024.95;2.051182
20000.91,0.58,20025.17;2.051182
20000.92,0.58,20025.43;2.051182
20000.93,0.58,20025.68;2.051182
20000.93,0.58,20025.68;2.051182
20000.94,0.58,20025.93;2.051182
20000.94,0.58,20026.15;2.051182
20000.95,0.58,20026.37;2.051182
20000.95,0.58,20026.37;2.051182
20000.96,0.58,20026.63;2.051182
20000.97,0.58,20026.88;2.051182
20000.98,0.58,20027.13;2.051182
20000.98,0.58,20027.13;2.051182
20000.99,0.58,20027.35;2.051182
20000.99,0.58,20027.57;2.051182
20000.99,0.58,20027.57;2.051182
20001,0.58,20027.82;2.051182
20001.01,0.58,20028.07;2.051182
20001.01,0.58,20028.07;2.051182
20001.02,0.58,20028.32;2.051182
20001.03,0.58,20028.53;2.051182
20001.04,0.58,20028.75;2.051182
20001.04,0.58,20028.75;2.051182
20001.04,0.58,20028.99;2.051182
20001.05,0.58,20029.24;2.051182
20001.05,0.58,20029.24;2.051182
20001.06,0.58,20029.49;2.051182
20001.06,0.58,20029.49;2.051182
20001.07,0.58,20029.7;2.051182
20001.07,0.58,20029.7;2.051182
20001.08,0.58,20029.94;2.051182
20001.08,0.58,20029.94;2.051182
20001.09,0.58,20030.18;2.051182
20001.09,0.58,20030.18;2.051182
20001.09,0.58,20030.18;2.051182
20001.1,0.58,20030.39;2.051182
20001.1,0.58,20030.39;2.051182
20001.1,0.58,20030.63;2.051182
20001.1,0.58,20030.63;2.051182
20001.11,0.58,20030.87;2.051182
20001.11,0.58,20030.87;2.051182
20001.11,0.58,20030.87;2.051182
20001.12,0.58,20031.08;2.051182
20001.12,0.58,20031.08;2.051182
20001.12,0.58,20031.08;2.051182
20001.12,0.58,20031.08;2.051182
20001.13,0.58,20031.33;2.051182
20001.14,0.58,20031.57;2.051182
20001.15,0.58,20031.81;2.051182
20001.15,0.58,20031.81;2.051182
20001.15,0.58,20032.02;2.051182
20001.16,0.58,20032.23;2.051182
20001.16,0.58,20032.23;2.051182
20001.17,0.58,20032.47;2.051182
20001.17,0.58,20032.47;2.051182
20001.18,0.58,20032.71;2.051182
20001.18,0.58,20032.71;2.051182
20001.19,0.58,20032.92;2.051182
20001.19,0.58,20032.92;2.051182
20001.2,0.58,20033.16;2.051182
20001.2,0.58,20033.16;2.051182
20001.2,0.58,20033.16;2.051182
20001.2,0.58,20033.16;2.051182
20001.2,0.58,20033.41;2.051182
20001.2,0.58,20033.41;2.051182
20001.21,0.58,20033.62;2.051182
20001.21,0.58,20033.62;2.051182
20001.22,0.58,20033.87;2.051182
20001.22,0.58,20033.87;2.051182
20001.22,0.58,20033.87;2.051182
20001.23,0.58,20034.08;2.051182
20001.23,0.58,20034.08;2.051182
20001.24,0.58,20034.33;2.051182
20001.24,0.58,20034.33;2.051182
20001.24,0.58,20034.33;2.051182
20001.25,0.58,20034.58;2.051182
20001.25,0.58,20034.58;2.051182
20001.25,0.58,20034.8;2.051182
20001.25,0.58,20034.8;2.051182
20001.26,0.58,20035.05;2.051182
20001.26,0.58,20035.05;2.051182
20001.26,0.58,20035.05;2.051182
20001.27,0.58,20035.3;2.051182
20001.27,0.58,20035.3;2.051182
20001.27,0.58,20035.3;2.051182
20001.28,0.58,20035.52;2.051182
20001.28,0.58,20035.52;2.051182
20001.29,0.58,20035.77;2.051182
20001.29,0.58,20035.77;2.051182
20001.3,0.58,20036.01;2.051182
20001.3,0.58,20036.01;2.051182
20001.3,0.58,20036.01;2.051182
20001.3,0.58,20036.21;2.051182
20001.3,0.58,20036.21;2.051182
20001.31,0.58,20036.35;2.051182
20001.31,0.58,20036.35;2.051182
20001.31,0.58,20036.5;2.051182
20001.31,0.58,20036.5;2.051182
20001.31,0.58,20036.5;2.051182
20001.32,0.58,20036.71;2.051182
20001.32,0.58,20036.71;2.051182
20001.32,0.58,20036.71;2.051182
20001.33,0.58,20036.96;2.051182
20001.33,0.58,20036.96;2.051182
20001.33,0.58,20036.96;2.051182
20001.34,0.58,20037.21;2.051182
20001.35,0.58,20037.42;2.051182
20001.35,0.58,20037.42;2.051182
20001.35,0.58,20037.42;2.051182
20001.36,0.58,20037.67;2.051182
20001.36,0.58,20037.67;2.051182
20001.36,0.58,20037.67;2.051182
20001.37,0.58,20037.91;2.045453
20001.37,0.58,20037.91;2.045453
20001.37,0.58,20038.12;2.039724
20001.37,0.58,20038.12;2.039724
20001.38,0.58,20038.37;2.033994
20001.38,0.58,20038.37;2.033994
20001.38,0.58,20038.37;2.033994
20001.39,0.58,20038.61;2.028265
20001.39,0.58,20038.61;2.028265
20001.4,0.58,20038.81;2.022536
20001.4,0.58,20038.81;2.022536
20001.41,0.58,20039.06;2.016807
20001.41,0.58,20039.26;2.011077
20001.41,0.58,20039.26;2.011077
20001.41,0.58,20039.26;2.011077
20001.42,0.58,20039.49;2.005348
20001.42,0.58,20039.49;2.005348
20001.42,0.58,20039.49;2.005348
20001.43,0.58,20039.73;1.999619
20001.43,0.58,20039.73;1.999619
20001.44,0.58,20039.96;1.99389
20001.44,0.58,20039.96;1.99389
20001.44,0.58,20040.16;1.98816
20001.45,0.58,20040.36;1.98816
20001.45,0.58,20040.36;1.98816
20001.46,0.58,20040.6;1.98816
20001.47,0.58,20040.83;1.98816
20001.47,0.58,20040.83;1.98816
20001.47,0.58,20041.07;1.98816
20001.48,0.58,20041.26;1.98816
20001.49,0.58,20041.46;1.98816
20001.49,0.58,20041.46;1.98816
20001.5,0.58,20041.7;1.98816
20001.5,0.58,20041.7;1.98816
20001.5,0.58,20041.9;1.98816
20001.51,0.58,20042.1;1.98816
20001.51,0.58,20042.1;1.98816
20001.52,0.58,20042.34;1.98816
20001.53,0.58,20042.57;1.98816
20001.53,0.58,20042.57;1.98816
20001.53,0.58,20042.57;1.98816
20001.54,0.58,20042.77;1.98816
20001.54,0.58,20042.77;1.98816
20001.54,0.58,20042.77;1.98816
