20000,0.5,20000;0
20000,0.5,20000;-0.005729198
20000,0.5,20000;-0.005729198
20000,0.5,20000;-0.005729198
20000,0.5,20000;-0.005729198
20000,0.5,20000;-0.005729198
20000,0.5799975,20000;359.9886
20000,0.5799975,20000;359.9886
20000,0.5799975,20000;359.9886
20000,0.5799975,20000;359.9886
20000,0.5799975,20000;359.9886
20000,0.5799975,20000;359.9886
20000,0.5799975,20000;359.9886
20000,0.5799975,20000;359.9886
20000,0.5799975,20000;359.9886
20000,0.5799975,20000;359.9828
20000,0.5799975,20000;359.9828
20000,0.5799975,20000;359.9828
20000,0.5799975,20000;359.9828
20000,0.5799975,20000;359.9828
20000,0.5799975,20000;359.9828
20000,0.5799975,20000;359.9828
20000,0.5799975,20000;359.9828
20000,0.5799975,20000;359.9771
20000,0.5799975,20000;359.9771
20000,0.5799975,20000;359.9771
20000,0.5799975,20000;359.9771
20000,0.5799975,20000;359.9771
20000,0.5799975,20000;359.9771
20000,0.5799975,20000;359.9771
20000,0.5799975,20000;359.9771
20000,0.5799975,20000;359.9771
20000,0.5799975,20000;359.9771
20000,0.5799975,20000;359.9771
20000,0.5799975,20000;359.9771
20000,0.5799975,20000;359.9771
20000,0.5799975,20000;359.9771
20000,0.5799975,20000;359.9771
20000,0.5799975,20000;359.9771
20000,0.5799975,20000;359.9771
20000,0.5799975,20000;359.9771
20000,0.5799975,20000;359.9771
20000,0.5799975,20000;359.9771
20000,0.5799975,20000;359.9771
20000,0.5799975,20000;359.9771
20000,0.5799975,20000;359.9771
20000,0.5799975,20000;359.9771
20000,0.5799975,20000;359.9771
20000,0.5799975,20000;359.9771
20000,0.5799975,20000;359.9771
20000,0.5799975,20000;359.9713
20000,0.5799975,20000;359.9713
20000,0.5799975,20000;359.9713
20000,0.5799975,20000;359.9713
20000,0.5799975,20000;359.9713
20000,0.5799975,20000;359.9713
20000,0.5799975,20000;359.9713
20000,0.5799975,20000;359.9713
20000,0.5799975,20000;359.9713
20000,0.5799975,20000;359.9713
20000,0.5799975,20000;359.9713
20000,0.5799975,20000;359.9713
20000,0.5799975,20000;359.9713
20000,0.5799975,20000;359.9713
20000,0.5799975,20000;359.9656
20000,0.5799975,20000;359.9656
20000,0.5799975,20000;359.9656
20000,0.5799975,20000;359.9656
20000,0.5799975,20000;359.9656
20000,0.5799975,20000;359.9656
20000,0.5799975,20000;359.9656
20000,0.5799975,20000;359.9656
20000,0.5799975,20000;359.9656
20000,0.58,20002;359.9656
20000,0.58,20004;359.9713
20000,0.58,20006;359.9713
20000,0.58,20008;359.9771
20000,0.58,20010;359.9771
20000,0.58,20012;359.9771
20000,0.58,20014;359.9828
20000,0.58,20016;359.9828
20000,0.58,20018;359.9828
20000,0.58,20020;359.9828
20000,0.58,20022;359.9886
20000,0.58,20024;359.9886
20000,0.58,20026;359.9886
20000,0.58,20028;359.9886
20000,0.58,20030;-0.005729198
20000,0.58,20032;-0.005729198
20000,0.58,20034;0
20000,0.58,20036;0
20000,0.58,20038;0
20000,0.58,20040;0
20000,0.58,20042;0
20000,0.58,20044;0
20000,0.58,20045.72;0
20000,0.58,20045.72;0
20000,0.58,20045.72;0
20000,0.58,20045.72;0
20000,0.58,20045.72;0
20000,0.58,20045.72;0
20000,0.58,20045.72;0
20000,0.58,20045.72;0
20000,0.58,20045.72;0
20000,0.58,20045.72;0
20000,0.58,20045.72;0
20000,0.58,20045.72;0
20000,0.58,20045.72;0
20000,0.58,20045.72;0
20000,0.58,20045.72;0.005729198
20000,0.58,20045.72;0.005729198
20000,0.58,20045.72;0.0114584
20000,0.58,20045.72;0.0114584
20000,0.58,20045.72;0.0114584
20000,0.58,20045.72;0.0114584
20000,0.58,20045.72;0.01718759
20000,0.58,20045.72;0.01718759
20000,0.58,20045.72;0.02291679
20000,0.58,20045.72;0.02291679
20000,0.58,20045.72;0.02291679
20000,0.58,20045.72;0.02864599
20000,0.58,20045.72;0.03437519
20000,0.58,20045.72;0.03437519
20000,0.58,20043.72;0.03437519
20000,0.58,20041.72;0.04010438
20000,0.58,20039.72;0.04010438
20000,0.58,20037.72;0.04583358
20000,0.58,20035.72;0.04583358
20000,0.58,20033.72;0.04583358
20000,0.58,20031.72;0.04583358
20000,0.58,20031.72;0.04583358
20000,0.58,20031.72;0.04583358
20000,0.58,20031.72;0.04583358
20000,0.58,20031.72;0.04583358
20000,0.58,20031.72;0.04583358
20000,0.58,20031.72;0.04583358
20000,0.58,20031.71;0.05156277
20000,0.58,20031.71;0.05156277
20000,0.58,20031.71;0.05156277
20000,0.58,20031.71;0.05729197
20000,0.58,20031.71;0.05729197
20000,0.58,20031.71;0.05729197
20000,0.58,20031.71;0.06302117
20000,0.58,20031.71;0.06302117
20000,0.58,20031.71;0.06302117
20000,0.58,20031.71;0.06875037
20000,0.58,20031.71;0.06875037
20000,0.58,20031.71;0.06875037
20000,0.58,20031.71;0.06875037
20000,0.58,20033.71;0.07447956
20000,0.58,20035.71;0.07447956
20000,0.58,20037.71;0.07447956
20000,0.58,20039.71;0.08020876
20000,0.58,20039.71;0.08020876
20000,0.58,20039.71;0.08020876
20000,0.58,20039.71;0.08020876
20000,0.58,20039.71;0.08020876
20000,0.58,20039.71;0.08020876
20000,0.58,20039.71;0.08593795
20000,0.58,20039.71;0.09166715
20000,0.58,20039.71;0.09166715
20000,0.58,20039.71;0.09166715
20000,0.58,20039.71;0.09166715
20000,0.58,20039.71;0.09166715
20000,0.58,20039.71;0.09166715
20000,0.58,20039.71;0.09166715
20000,0.58,20039.71;0.09166715
20000,0.58,20039.71;0.09166715
20000,0.58,20039.71;0.09166715
20000,0.58,20039.71;0.09166715
20000,0.58,20039.71;0.09166715
20000,0.58,20039.71;0.09166715
20000,0.58,20039.71;0.09166715
20000,0.58,20039.71;0.09166715
20000,0.58,20039.71;0.09739636
20000,0.58,20041.71;0.09739636
20000,0.58,20043.71;0.1031256
20000,0.58,20045.71;0.1031256
20000,0.58,20045.72;0.1031256
20000,0.58,20045.72;0.1031256
20000,0.58,20045.72;0.1031256
20000,0.58,20045.72;0.1031256
20000,0.58,20045.72;0.1031256
20000,0.58,20045.72;0.1031256
20000,0.58,20045.72;0.1031256
20000,0.58,20045.72;0.1031256
20000,0.58,20045.72;0.1031256
20000,0.58,20045.72;0.1031256
20000,0.58,20045.72;0.1031256
20000,0.58,20045.72;0.1031256
20000,0.58,20045.72;0.1031256
20000,0.58,20045.72;0.1088548
20000,0.58,20045.72;0.1088548
20000,0.58,20045.72;0.1088548
20000,0.58,20045.72;0.1088548
20000,0.58,20045.72;0.1088548
20000,0.58,20045.72;0.1088548
20000,0.58,20045.72;0.1088548
20002,0.58,20045.72;0.1088548
20004,0.58,20045.72;0.1088548
20006,0.58,20045.72;0.1088548
20008,0.58,20045.72;0.1088548
20010,0.58,20045.72;0.1088548
20010,0.58,20045.72;0.1088548
20010,0.58,20045.72;0.1088548
