18730,0.58,21991;251.9182
18730,0.58,21991;251.9469
18730,0.58,21991;251.9469
18730,0.58,21991;251.9469
18730,0.58,21991;251.9469
18730,0.58,21991;251.9469
18730,0.58,21991;251.9469
18730,0.58,21991;251.9469
18730,0.58,21991;251.9469
18730,0.58,21991;251.9469
18730,0.58,21991;251.9469
18730,0.58,21991;251.9469
18730,0.58,21991;251.9469
18730,0.58,21991;251.9469
18730,0.58,21991;251.9469
18730,0.58,21991;251.9469
18730,0.58,21991;251.9469
18730,0.58,21991;251.9469
18730,0.58,21991;251.9469
18730,0.58,21991;251.9469
18730,0.58,21991;251.9469
18730,0.58,21991;251.9469
18730,0.58,21991;251.9469
18730,0.58,21991;251.9469
18730,0.58,21991;251.9469
18730,0.58,21991;251.9469
18730,0.58,21991;251.9469
18730,0.58,21991;251.9469
18730,0.58,21991;251.9469
18730,0.58,21991;251.9469
18730,0.58,21991;251.9469
18730,0.58,21991;251.9469
18730,0.58,21991;251.9469
18730,0.58,21991;251.9469
18730,0.58,21991;251.9469
18730,0.58,21991;251.9469
18730,0.58,21991;251.9469
18730,0.58,21991;251.9469
18730,0.58,21991;251.9469
18730,0.58,21991;251.9469
18730,0.58,21991;251.9469
18730,0.58,21991;251.9469
18730,0.58,21991;251.9469
18730,0.58,21991;251.9469
18730,0.58,21991;251.9469
18730,0.58,21991;251.9469
18730,0.58,21991;251.9469
18730,0.58,21991;251.9469
18730,0.58,21991;251.9469
18730,0.58,21991;251.9469
18730,0.58,21991;251.9469
18730,0.58,21991;251.9469
18730,0.58,21991;251.9469
18730,0.58,21991;251.9469
18730,0.58,21991;251.9469
18730,0.58,21991;251.9469
18730,0.58,21991;251.9469
18730,0.58,21991;251.9469
18730,0.58,21991;251.9469
18730,0.58,21991;251.9469
18730,0.58,21991;251.9469
18730,0.58,21991;251.9469
18728,0.58,21991;251.9469
18726,0.58,21991;251.9469
18724,0.58,21991;251.9469
18722,0.58,21991;251.9469
18720,0.58,21991;251.9469
18718,0.58,21991;251.9469
18716,0.58,21991;251.9469
18714,0.58,21991;251.9469
18712,0.58,21991;251.9469
18710,0.58,21991;251.9813
18708,0.58,21991;251.9813
18706,0.58,21991;251.9813
18706,0.58,21991;251.9813
18706,0.58,21991;251.9813
18706,0.58,21991;251.9813
18706,0.58,21991;251.9813
18706,0.58,21991;251.9813
18706,0.58,21991;251.9813
18706,0.58,21991;251.9813
18706,0.58,21991;251.9813
18706,0.58,21991;251.9927
18706,0.58,21991;251.9927
18706,0.58,21991;251.9927
18706,0.58,21991;251.9927
18706,0.58,21991;251.9927
18706,0.58,21991;251.9927
18706,0.58,21991;251.9927
18706,0.58,21991;251.9927
18706,0.58,21991;251.9927
18706,0.58,21991;251.9927
18706,0.58,21991;251.9927
18706,0.58,21991;251.9927
18706,0.58,21991;251.9927
18706,0.58,21991;251.9927
18708,0.58,21991;251.9927
18710,0.58,21991;251.9927
18712,0.58,21991;251.9927
18714,0.58,21991;251.9927
18716,0.58,21991;251.9927
18718,0.58,21991;251.9927
18720,0.58,21991;251.9927
18722,0.58,21991;251.9813
18724,0.58,21991;251.9813
18726,0.58,21991;251.9813
18728,0.58,21991;251.9813
18730,0.58,21991;251.9813
18730,0.58,21991;251.9813
18730,0.58,21991;251.9813
18730,0.58,21991;251.9813
18730,0.58,21991;251.9813
18730,0.58,21991;251.9813
18730,0.58,21991;251.9813
18730,0.58,21991;251.9813
18730,0.58,21991;251.9813
18730,0.58,21991;251.9698
18730,0.58,21991;251.9698
18730,0.58,21991;251.9698
18730,0.58,21991;251.9698
18730,0.58,21991;251.9698
18730,0.58,21991;251.9698
18730,0.58,21991;251.9698
18730,0.58,21991;251.9698
18730,0.58,21991;251.9698
18730,0.58,21991;251.9698
18730,0.58,21991;251.9698
18730,0.58,21991;251.9698
18730,0.58,21991;251.9698
18730,0.58,21991;251.9698
18730,0.58,21991;251.9698
18730,0.58,21991;251.9698
18730,0.58,21991;251.9698
18730,0.58,21991;251.9698
18730,0.58,21991;251.9698
18730,0.58,21991;251.9698
18730,0.58,21991;251.9698
18730,0.58,21991;251.9698
18732,0.58,21991;251.9698
18734,0.58,21991;251.9698
18736,0.58,21991;251.9698
18738,0.58,21991;251.9698
18738,0.58,21991;251.9698
18738,0.58,21991;251.9698
18738,0.58,21991;251.9698
18738,0.58,21991;251.9698
18738,0.58,21991;251.9698
18738,0.58,21991;251.9698
18738,0.58,21991;251.9698
18738,0.58,21991;251.9698
18738,0.58,21991;251.9698
18738,0.58,21991;251.9698
18738,0.58,21991;251.9698
18738,0.58,21991;251.9698
18738,0.58,21991;251.9698
18738,0.58,21991;251.9698
18738,0.58,21991;251.9698
18738,0.58,21991;251.9698
18738,0.58,21991;251.9698
18738,0.58,21991;251.9698
18738,0.58,21991;251.9698
18738,0.58,21991;251.9698
18738,0.58,21991;251.9698
18738,0.58,21991;251.9698
18738,0.58,21991;251.9698
18738,0.58,21991;251.9698
18738,0.58,21991;251.9698
18738,0.58,21991;251.9698
18738,0.58,21991;251.9698
18738,0.58,21991;251.9698
18738,0.58,21991;251.9698
18738,0.58,21991;251.9698
18738,0.58,21991;251.9698
18738,0.58,21991;251.9698
18738,0.58,21991;251.9698
18738,0.58,21991;251.9698
18738,0.58,21991;251.9698
18738,0.58,21991;251.9698
18738,0.58,21991;251.9698
18738,0.58,21991;251.9698
18738,0.58,21991;251.9698
18738,0.58,21991;251.9698
18738,0.58,21991;251.9698
18738,0.58,21991;251.9698
18738,0.58,21991;251.9698
18738,0.58,21991;251.9698
18738,0.58,21991;251.9698
18738,0.58,21991;251.9698
18738,0.58,21991;251.9698
18738,0.58,21991;251.9698
18738,0.58,21991;251.9698
18738,0.58,21991;251.9698
18738,0.58,21991;251.9698
18738,0.58,21991;251.9698
18738,0.58,21991;251.9698
18738,0.58,21991;251.9698
18738,0.58,21991;251.9698
18738,0.58,21991;251.9698
18738,0.58,21991;251.9813
18738,0.58,21991;251.9813
18738,0.58,21991;251.9813
18738,0.58,21991;251.9813
18738,0.58,21991;251.9813
18738,0.58,21991;251.9813
18738,0.58,21991;251.9813
18738,0.58,21991;251.9813
18738,0.58,21991;251.9813
18738,0.58,21991;251.9813
18736,0.58,21991;251.9813
18734,0.58,21991;251.9813
18732,0.58,21991;251.9813
18730,0.58,21991;251.9813
18728,0.58,21991;251.9813
18726,0.58,21991;251.9813
18724,0.58,21991;251.9813
18722,0.58,21991;251.9813
18720,0.58,21991;251.9813
18718,0.58,21991;251.9813
18716,0.58,21991;251.9813
18714,0.58,21991;251.9813
18712,0.58,21991;251.9813
18710,0.58,21991;251.9813
18708,0.58,21991;251.9813
18708,0.58,21991;251.9813
18708,0.58,21991;251.9813
18708,0.58,21991;251.9813
18708,0.58,21991;251.9813
18708,0.58,21991;251.9813
18708,0.58,21991;251.9813
18708,0.58,21991;251.9813
18708,0.58,21991;251.9813
18708,0.58,21991;251.9813
18708,0.58,21991;251.9813
18708,0.58,21991;251.9813
18708,0.58,21991;251.9813
18708,0.58,21991;251.9813
18708,0.58,21991;251.9813
18708,0.58,21991;251.9813
18708,0.58,21991;251.9813
18708,0.58,21991;251.9813
18708,0.58,21991;251.9813
18710,0.58,21991;251.9813
18712,0.58,21991;251.9813
18714,0.58,21991;251.9813
18716,0.58,21991;251.9813
18718,0.58,21991;251.9813
18720,0.58,21991;251.9813
18722,0.58,21991;251.9813
18724,0.58,21991;251.9813
18726,0.58,21991;251.9813
18728,0.58,21991;251.9813
18728,0.58,21991;251.9813
18728,0.58,21991;251.9813
18728,0.58,21991;251.9813
18728,0.58,21991;251.9813
18728,0.58,21991;251.9813
18728,0.58,21991;251.9813
18728,0.58,21991;251.9813
18728,0.58,21991;251.9813
18728,0.58,21991;251.9813
18728,0.58,21991;251.9813
18728,0.58,21991;251.9813
18728,0.58,21991;251.9813
18728,0.58,21991;251.9813
18728,0.58,21991;251.9813
18728,0.58,21991;251.9813
18726,0.58,21991;251.9813
18724,0.58,21991;251.9813
18722,0.58,21991;251.9813
18720,0.58,21991;251.9813
18718,0.58,21991;251.9813
18716,0.58,21991;251.9813
18714,0.58,21991;251.9813
18712,0.58,21991;251.9813
18710,0.58,21991;251.9813
18708,0.58,21991;251.9813
18706,0.58,21991;251.9813
18704,0.58,21991;251.9813
18704,0.58,21991;251.9813
18704,0.58,21991;251.9813
18704,0.58,21991;251.9813
18704,0.58,21991;251.9813
18704,0.58,21991;251.9813
18704,0.58,21991;251.9813
18704,0.58,21991;251.9813
18704,0.58,21991;251.9813
18704,0.58,21991;251.9813
18704,0.58,21991;251.9813
18704,0.58,21991;251.9813
18704,0.58,21991;251.9813
18704,0.58,21991;251.9813
18704,0.58,21991;251.9813
18704,0.58,21991;251.9813
18704,0.58,21991;251.9813
18704,0.58,21991;251.9813
18704,0.58,21991;251.9813
18704,0.58,21991;251.9813
18704,0.58,21991;251.9813
18704,0.58,21991;251.9813
18704,0.58,21991;251.9813
18704,0.58,21991;251.9813
18704,0.58,21991;251.9813
18704,0.58,21991;251.9813
18704,0.58,21991;251.9813
18704,0.58,21991;251.9813
18704,0.58,21991;251.9813
18704,0.58,21991;251.9813
18704,0.58,21991;251.9813
18704,0.58,21991;251.9813
18704,0.58,21991;251.9813
18704,0.58,21991;251.9813
18704,0.58,21991;251.9813
18704,0.58,21991;251.9813
18704,0.58,21991;251.9813
18704,0.58,21991;251.9813
18704,0.58,21991;251.9813
18704,0.58,21991;251.9813
18704,0.58,21991;251.9813
18704,0.58,21991;251.9813
18704,0.58,21991;251.9813
18704,0.58,21991;251.9813
18704,0.58,21991;251.9813
18704,0.58,21991;251.9813
18704,0.58,21991;251.9813
18704,0.58,21991;251.9813
18704,0.58,21991;251.9813
18704,0.58,21991;251.9813
18704,0.58,21991;251.9813
18704,0.58,21991;251.9813
18704,0.58,21991;251.9813
18704,0.58,21991;251.9813
18704,0.58,21991;251.9813
18704,0.58,21991;251.9813
18704,0.58,21991;251.9813
18704,0.58,21991;251.9813
18704,0.58,21991;251.9813
18704,0.58,21991;251.9813
18704,0.58,21991;251.9813
18704,0.58,21991;251.9813
18704,0.58,21991;251.9813
18704,0.58,21991;251.9813
18704,0.58,21991;251.9813
18704,0.58,21991;251.9813
18704,0.58,21991;251.9813
18704,0.58,21991;251.9813
18704,0.58,21991;251.9813
18704,0.58,21991;251.9813
18704,0.58,21991;251.9813
18704,0.58,21991;251.9813
18704,0.58,21991;251.9813
18704,0.58,21991;251.9813
18704,0.58,21991;251.9813
18704,0.58,21991;251.9813
18704,0.58,21991;251.9813
18704,0.58,21991;251.9813
18704,0.58,21991;251.9813
18704,0.58,21991;251.9813
18704,0.58,21991;251.9813
18704,0.58,21991;251.9813
18704,0.58,21991;251.9813
18704,0.58,21991;251.9813
18704,0.58,21991;251.9813
18704,0.58,21991;251.9813
18704,0.58,21991;251.9813
18704,0.58,21991;251.9813
18704,0.58,21991;251.9813
18704,0.58,21991;251.9813
18704,0.58,21991;251.9813
18704,0.58,21991;251.9813
18704,0.58,21991;251.9813
18704,0.58,21991;251.9813
18704,0.58,21991;251.9813
18704,0.58,21991;251.9813
18704,0.58,21991;251.9813
18704,0.58,21991;251.9813
18704,0.58,21991;251.9813
18704,0.58,21991;251.9813
18704,0.58,21991;251.9813
18704,0.58,21991;251.9813
18704,0.58,21991;251.9813
18704,0.58,21991;251.9813
18704,0.58,21991;251.9813
18704,0.58,21991;251.9813
18704,0.58,21991;251.9813
18704,0.58,21991;252.0042
18704,0.58,21991;252.0042
18704,0.58,21991;252.0042
18704,0.58,21991;252.0042
18704,0.58,21991;252.0042
18704,0.58,21991;252.0042
18704,0.58,21991;252.0042
18704,0.58,21991;252.0042
18704,0.58,21991;252.0042
18704,0.58,21991;252.0042
18704,0.58,21991;252.0042
18704,0.58,21991;252.0042
18704,0.58,21991;252.0042
18704,0.58,21991;252.0042
18704,0.58,21991;252.0042
18704,0.58,21991;252.0042
18704,0.58,21991;252.0042
18704,0.58,21991;252.0042
18704,0.58,21991;252.0042
18704,0.58,21991;252.0042
18704,0.58,21991;252.0042
18704,0.58,21991;252.0042
18704,0.58,21991;252.0042
18704,0.58,21991;252.0042
18704,0.58,21991;252.0042
18704,0.58,21991;252.0042
18704,0.58,21991;252.0042
18704,0.58,21991;252.0042
18704,0.58,21991;252.0042
18704,0.58,21991;252.0042
18704,0.58,21991;252.0042
18704,0.58,21991;252.0042
18704,0.58,21991;252.0042
18704,0.58,21991;252.0042
18704,0.58,21991;252.0042
18704,0.58,21991;252.0042
18704,0.58,21991;252.0042
18704,0.58,21991;252.0042
18704,0.58,21991;252.0042
18704,0.58,21991;252.0042
18704,0.58,21991;252.0042
18704,0.58,21991;252.0042
18704,0.58,21991;252.0042
18704,0.58,21991;252.0042
18704,0.58,21991;252.0042
18704,0.58,21991;252.0042
18704,0.58,21991;252.0042
18704,0.58,21991;252.0042
18704,0.58,21991;252.0042
18704,0.58,21991;252.0042
18704,0.58,21991;252.0042
18704,0.58,21991;252.0042
18704,0.58,21991;252.0042
18704,0.58,21991;252.0042
18704,0.58,21991;252.0042
18704,0.58,21991;252.0042
18704,0.58,21991;252.0042
18704,0.58,21991;252.0042
18704,0.58,21991;252.0042
18704,0.58,21991;252.0042
18704,0.58,21991;252.0042
18704,0.58,21991;252.0042
18704,0.58,21991;252.0042
18704,0.58,21991;252.0042
18704,0.58,21991;252.0042
18704,0.58,21991;252.0042
18704,0.58,21991;252.0042
18704,0.58,21991;252.0042
18704,0.58,21991;252.0042
18704,0.58,21991;252.0042
18704,0.58,21991;252.0042
18704,0.58,21991;252.0042
18704,0.58,21991;252.0042
18704,0.58,21991;252.0042
18704,0.58,21991;252.0042
18704,0.58,21991;252.0042
18704,0.58,21991;252.0042
18704,0.58,21991;252.0042
18704,0.58,21991;252.0042
18704,0.58,21991;252.0042
18704,0.58,21991;252.0042
18704,0.58,21991;252.0042
18704,0.58,21991;252.0042
18704,0.58,21991;252.0042
18704,0.58,21991;252.0042
18704,0.58,21991;252.0042
18704,0.58,21991;252.0042
18704,0.58,21991;252.0042
18704,0.58,21991;252.0042
18704,0.58,21991;252.0042
18704,0.58,21991;252.0042
18704,0.58,21991;252.0042
18704,0.58,21991;252.0042
18704,0.58,21991;252.0042
18704,0.58,21991;252.0042
18704,0.58,21991;252.0042
18704,0.58,21991;252.0042
18704,0.58,21991;252.0042
18704,0.58,21991;252.0042
18704,0.58,21991;252.0042
18704,0.58,21991;252.0042
18704,0.58,21991;252.0042
18704,0.58,21991;252.0042
18704,0.58,21991;252.0042
18704,0.58,21991;252.0042
18704,0.58,21991;252.0042
18704,0.58,21991;252.0042
18704,0.58,21991;252.0042
18704,0.58,21991;252.0042
18704,0.58,21991;252.0042
18704,0.58,21991;252.0042
18704,0.58,21991;252.0042
18704,0.58,21991;252.0042
18704,0.58,21991;252.0042
18704,0.58,21991;252.0042
18704,0.58,21991;252.0042
18704,0.58,21991;252.0042
18704,0.58,21991;252.0042
18704,0.58,21991;252.0042
18704,0.58,21991;252.0042
18704,0.58,21991;252.0042
18704,0.58,21991;252.0042
18704,0.58,21991;252.0042
18704,0.58,21991;252.0042
18704,0.58,21991;252.0042
18704,0.58,21991;252.0042
18704,0.58,21991;252.0042
18704,0.58,21991;252.0042
18704,0.58,21991;252.0042
18704,0.58,21991;252.0042
18704,0.58,21991;252.0042
18704,0.58,21991;252.0042
18704,0.58,21991;252.0042
18704,0.58,21991;252.0042
18704,0.58,21991;252.0042
18704,0.58,21991;252.0042
18704,0.58,21991;252.0042
18704,0.58,21991;252.0042
18704,0.58,21991;252.0042
18704,0.58,21991;252.0042
18704,0.58,21991;252.0042
18704,0.58,21991;252.0042
18704,0.58,21991;252.0042
18704,0.58,21991;252.0042
18704,0.58,21991;252.0042
18704,0.58,21991;252.0042
18704,0.58,21991;252.0042
18704,0.58,21991;252.0042
18704,0.58,21991;252.0042
18704,0.58,21991;252.0042
18704,0.58,21991;252.0042
18704,0.58,21991;252.0042
18704,0.58,21991;252.0042
18704,0.58,21991;252.0042
18704,0.58,21991;252.0042
18704,0.58,21991;252.0042
18704,0.58,21991;252.0042
18704,0.58,21991;252.0042
18704,0.58,21991;252.0042
18704,0.58,21991;252.0042
18704,0.58,21991;252.0042
18704,0.58,21991;252.0042
18704,0.58,21991;252.0042
18704,0.58,21991;252.0042
18704,0.58,21991;252.0042
18704,0.58,21991;252.0042
18704,0.58,21991;252.0042
18704,0.58,21991;252.0042
18704,0.58,21991;252.0042
18704,0.58,21991;252.0042
18704,0.58,21991;252.0042
18704,0.58,21991;252.0042
18704,0.58,21991;252.0042
18704,0.58,21991;252.0042
18704,0.58,21991;252.0042
18704,0.58,21991;252.0042
18704,0.58,21991;252.0042
18704,0.58,21991;252.0042
18704,0.58,21991;252.0042
18704,0.58,21991;252.0042
18704,0.58,21991;252.0042
18704,0.58,21991;252.0042
18704,0.58,21991;252.0042
18704,0.58,21991;252.0042
18704,0.58,21991;252.05
18704,0.58,21991;252.05
18704,0.58,21991;252.05
18704,0.58,21991;252.05
18704,0.58,21991;252.05
18704,0.58,21991;252.05
18704,0.58,21991;252.05
18704,0.58,21991;252.05
18704,0.58,21991;252.05
18704,0.58,21991;252.05
18704,0.58,21991;252.05
18704,0.58,21991;252.05
18704,0.58,21991;252.05
18704,0.58,21991;252.05
18704,0.58,21991;252.05
18704,0.58,21991;252.05
18704,0.58,21991;252.05
18704,0.58,21991;252.05
18704,0.58,21991;252.05
18704,0.58,21991;252.05
18704,0.58,21991;252.05
18704,0.58,21991;252.05
18704,0.58,21991;252.05
18704,0.58,21991;252.05
18704,0.58,21991;252.05
18704,0.58,21991;252.05
18704,0.58,21991;252.05
18704,0.58,21991;252.05
18704,0.58,21991;252.05
18704,0.58,21991;252.05
18704,0.58,21991;252.05
18704,0.58,21991;252.05
18704,0.58,21991;252.05
18704,0.58,21991;252.05
18704,0.58,21991;252.05
18704,0.58,21991;252.05
18704,0.58,21991;252.05
18704,0.58,21991;252.05
18704,0.58,21991;252.05
18704,0.58,21991;252.05
18704,0.58,21991;252.05
18704,0.58,21991;252.05
18704,0.58,21991;252.05
18704,0.58,21991;252.05
18704,0.58,21991;252.05
18704,0.58,21991;252.05
18704,0.58,21991;252.05
18704,0.58,21991;252.05
18704,0.58,21991;252.05
18704,0.58,21991;252.05
18704,0.58,21991;252.05
18704,0.58,21991;252.05
18704,0.58,21991;252.05
18704,0.58,21991;252.05
18704,0.58,21991;252.05
18704,0.58,21991;252.05
18704,0.58,21991;252.05
18704,0.58,21991;252.05
18704,0.58,21991;252.05
18704,0.58,21991;252.05
18704,0.58,21991;252.05
18704,0.58,21991;252.05
18704,0.58,21991;252.05
18704,0.58,21991;252.05
18704,0.58,21991;252.05
18704,0.58,21991;252.05
18704,0.58,21991;252.05
18704,0.58,21991;252.05
18704,0.58,21991;252.05
18704,0.58,21991;252.05
18704,0.58,21991;252.1073
18704,0.58,21991;252.1073
18704,0.58,21991;252.1073
18704,0.58,21991;252.1073
18704,0.58,21991;252.1073
18704,0.58,21991;252.1073
18704,0.58,21991;252.1073
18704,0.58,21991;252.1073
18704,0.58,21991;252.1073
18704,0.58,21991;252.1073
18704,0.58,21991;252.1073
18704,0.58,21991;252.1073
18704,0.58,21991;252.1073
18704,0.58,21991;252.1073
18704,0.58,21991;252.1073
18704,0.58,21991;252.1073
18704,0.58,21991;252.1073
18704,0.58,21991;252.1073
18704,0.58,21991;252.1073
18704,0.58,21991;252.1073
18704,0.58,21991;252.1073
18704,0.58,21991;252.1073
18704,0.58,21991;252.1073
18704,0.58,21991;252.1073
18704,0.58,21991;252.1073
18704,0.58,21991;252.1073
18704,0.58,21991;252.1073
18704,0.58,21991;252.1073
18704,0.58,21991;252.1073
18704,0.58,21991;252.1073
18704,0.58,21991;252.1073
18704,0.58,21991;252.1073
18704,0.58,21991;252.1073
18704,0.58,21991;252.1073
18704,0.58,21991;252.1073
18704,0.58,21991;252.1073
18704,0.58,21991;252.1073
18704,0.58,21991;252.1073
18704,0.58,21991;252.1073
18704,0.58,21991;252.1073
18704,0.58,21991;252.1073
18704,0.58,21991;252.1073
18704,0.58,21991;252.1073
18704,0.58,21991;252.1073
18704,0.58,21991;252.1073
18704,0.58,21991;252.1073
18704,0.58,21991;252.1073
18704,0.58,21991;252.1073
18704,0.58,21991;252.1073
18704,0.58,21991;252.1073
18704,0.58,21991;252.1073
18704,0.58,21991;252.1073
18704,0.58,21991;252.1073
18704,0.58,21991;252.1073
18704,0.58,21991;252.1073
18704,0.58,21991;252.1073
18704,0.58,21991;252.1073
18704,0.58,21991;252.1073
18704,0.58,21991;252.1073
18704,0.58,21991;252.1073
18704,0.58,21991;252.1073
18704,0.58,21991;252.1073
18704,0.58,21991;252.1073
18704,0.58,21991;252.1073
18704,0.58,21991;252.1073
18704,0.58,21991;252.1073
18704,0.58,21991;252.1073
18704,0.58,21991;252.1073
18704,0.58,21991;252.1073
18704,0.58,21991;252.1073
18704,0.58,21991;252.1073
18704,0.58,21991;252.1073
18704,0.58,21991;252.1073
18704,0.58,21991;252.1073
18704,0.58,21991;252.1073
18704,0.58,21991;252.1073
18704,0.58,21991;252.1073
18704,0.58,21991;252.1073
18704,0.58,21991;252.1073
18704,0.58,21991;252.1073
18704,0.58,21991;252.1073
18704,0.58,21991;252.1073
18704,0.58,21991;252.1073
18704,0.58,21991;252.1073
18704,0.58,21991;252.1073
18704,0.58,21991;252.1073
18704,0.58,21991;252.1073
18704,0.58,21991;252.1073
18704,0.58,21991;252.1073
18704,0.58,21991;252.1073
18704,0.58,21991;252.1073
18704,0.58,21991;252.1073
18704,0.58,21991;252.1073
18704,0.58,21991;252.1073
18704,0.58,21991;252.1073
18704,0.58,21991;252.1073
18704,0.58,21991;252.1073
18704,0.58,21991;252.1073
18704,0.58,21991;252.1073
18704,0.58,21991;252.1073
18704,0.58,21991;252.1073
18704,0.58,21991;252.1073
18704,0.58,21991;252.1073
18704,0.58,21991;252.1073
18704,0.58,21991;252.1073
18704,0.58,21991;252.1073
18704,0.58,21991;252.1073
18704,0.58,21991;252.1073
18704,0.58,21991;252.1073
18704,0.58,21991;252.1073
18704,0.58,21991;252.1073
18704,0.58,21991;252.1073
18704,0.58,21991;252.1073
18704,0.58,21991;252.1073
18704,0.58,21991;252.1073
18704,0.58,21991;252.1073
18704,0.58,21991;252.1073
18704,0.58,21991;252.1073
