20000,0.5,20000;0
20000,0.5800001,20002;0.005729198
20000,0.5800001,20004;0.005729198
20000,0.5800001,20006;0.005729198
20000,0.5800001,20008;0.005729198
20000,0.5800001,20010;0.005729198
20000,0.5800001,20012;0.005729198
20000,0.5800001,20014;0.005729198
20000,0.5800001,20016;0.005729198
20000,0.5800001,20018;0.005729198
20000,0.5800001,20020;0.005729198
20000,0.5800001,20022;0.005729198
20000,0.5800001,20024;0.005729198
20000,0.5800001,20026;0.005729198
20000,0.5800001,20026;0.005729198
20000,0.5800001,20026;0.0114584
20000,0.5800001,20026;0.0114584
20000,0.5800001,20026;0.0114584
20000,0.5800001,20026;0.0114584
20000,0.5800001,20026;0.0114584
20000,0.5800001,20026;0.01718759
20000,0.5800001,20028;0.01718759
20000,0.5800001,20030;0.01718759
20000,0.5800001,20032;0.01718759
20000,0.5800001,20034;0.01718759
20000,0.5800001,20036;0.01718759
20000,0.5800001,20038;0.01718759
20000,0.5800001,20040;0.01718759
20000,0.5800001,20042;0.01718759
20000,0.5800001,20044;0.01718759
20000,0.5800001,20045.72;0.01718759
20000,0.5800001,20045.72;0.01718759
20000,0.5800001,20045.72;0.01718759
20000,0.5800001,20045.72;0.01718759
20000,0.5800001,20045.72;0.01718759
20000,0.5800001,20045.72;0.01718759
20000,0.5800001,20045.72;0.01718759
20000,0.5800001,20045.72;0.01718759
20000,0.5800001,20045.72;0.01718759
20000,0.5800001,20045.72;0.01718759
20000,0.5800001,20045.72;0.01718759
20000,0.5800001,20045.72;0.01718759
20000,0.5800001,20045.72;0.01718759
20000,0.5800001,20045.72;0.01718759
20000,0.5800001,20045.72;0.01718759
20000,0.5800001,20045.72;0.01718759
20000,0.5800001,20045.72;0.01718759
20000,0.5800001,20045.72;0.01718759
20000,0.5800001,20045.72;0.01718759
20000,0.5800001,20045.72;0.01718759
20000,0.5800001,20045.72;0.01718759
20000,0.5800001,20045.72;0.01718759
20000,0.5800001,20045.72;0.01718759
20000,0.5800001,20045.72;0.01718759
20000,0.5800001,20045.72;0.01718759
20000,0.5800001,20045.72;0.01718759
20000,0.5800001,20045.72;0.01718759
20000,0.5800001,20045.72;0.01718759
20000,0.5800001,20045.72;0.01718759
19998,0.5800001,20045.72;0.01718759
19996,0.5800001,20045.71;0.01718759
19994,0.5800001,20045.71;0.01718759
19992,0.5800001,20045.71;0.01718759
19990,0.5800001,20045.71;0.01718759
19988,0.5800001,20045.71;0.01718759
19988,0.5800001,20045.71;0.01718759
19988,0.5800001,20045.71;0.01718759
