20000,0.5,20000;0
20000,0.58,20000.08;0
20000,0.58,20000.16;0
20000,0.58,20000.24;0
20000,0.58,20000.33;0
20000,0.58,20000.4;0
20000,0.58,20000.45;0
20000,0.58,20000.51;0
20000,0.58,20000.53;0
20000,0.58,20000.56;0
20000,0.58,20000.57;0
20000,0.58,20000.66;0
20000,0.58,20000.74;0
20000,0.58,20000.79;0
20000,0.58,20000.83;0
20000,0.58,20000.86;0
20000,0.58,20000.88;0
20000,0.58,20000.91;0
20000,0.58,20000.93;0
20000,0.58,20000.95;0
20000,0.58,20000.96;0
20000,0.58,20001.03;0
20000,0.58,20001.13;0
20000,0.58,20001.23;0
20000,0.58,20001.33;0
20000,0.58,20001.44;0
20000,0.58,20001.55;0
20000,0.58,20001.66;0
20000,0.58,20001.77;0
20000,0.58,20001.89;0
20000,0.58,20002;0
20000,0.58,20002.12;0
20000,0.58,20002.24;0
20000,0.58,20002.35;0
20000,0.58,20002.47;0
20000,0.58,20002.59;0
20000,0.58,20002.71;0
20000,0.58,20002.83;0
20000,0.58,20002.96;0
20000,0.58,20003.09;0
20000,0.58,20003.21;0
20000,0.58,20003.34;0
20000,0.58,20003.47;0
20000,0.58,20003.59;0
20000,0.58,20003.72;0
20000,0.58,20003.85;0
20000,0.58,20003.97;0
20000,0.58,20004.1;0
20000,0.58,20004.23;0
20000,0.58,20004.36;0
20000,0.58,20004.48;0
20000,0.58,20004.61;0
20000,0.58,20004.74;0
20000,0.58,20004.86;0
20000,0.58,20004.99;0
20000,0.58,20005.12;0
20000,0.58,20005.24;0
20000,0.58,20005.37;0
20000,0.58,20005.37;0
20000,0.58,20005.5;0
20000,0.58,20005.63;0
20000,0.58,20005.75;0
20000,0.58,20005.88;0
20000,0.58,20006.01;0
20000,0.58,20006.13;0
20000,0.58,20006.13;0
20000,0.58,20006.26;0
20000,0.58,20006.38;0
20000,0.58,20006.49;0
20000,0.58,20006.61;0
20000,0.58,20006.73;0
20000,0.58,20006.84;0
20000,0.58,20006.96;0
20000,0.58,20007.08;0
20000,0.58,20007.19;0
20000,0.58,20007.19;0
20000,0.58,20007.31;0
20000,0.58,20007.42;0
20000,0.58,20007.53;0
20000,0.58,20007.65;0
20000,0.58,20007.74;0
20000,0.58,20007.79;0
20000,0.58,20007.79;0
20000,0.58,20007.79;0
20000,0.58,20007.79;0
20000,0.58,20007.79;0
20000,0.58,20007.8;0
20000,0.58,20007.8;0
20000,0.58,20007.82;0
20000,0.58,20007.82;0
20000,0.58,20007.86;0
20000,0.58,20007.88;0
20000,0.58,20007.9;0
20000,0.58,20007.91;0
20000,0.58,20007.92;0
20000,0.58,20007.95;0
20000,0.58,20007.97;0
20000,0.58,20007.99;0
20000,0.58,20008.01;0
20000,0.58,20008.03;0
20000,0.58,20008.03;0
20000,0.58,20008.05;0
20000,0.58,20008.07;0
20000,0.58,20008.1;0
20000,0.58,20008.11;0
20000,0.58,20008.13;0
20000,0.58,20008.13;0
20000,0.58,20008.14;0
20000,0.58,20008.16;0
20000,0.58,20008.18;0
20000,0.58,20008.19;0
20000,0.58,20008.2;0
20000,0.58,20008.21;0
20000,0.58,20008.21;0
20000,0.58,20008.22;0
20000,0.58,20008.22;0
20000,0.58,20008.23;0
20000,0.58,20008.24;0
20000,0.58,20008.25;0
20000,0.58,20008.25;0
20000,0.58,20008.25;0
20000,0.58,20008.25;0
20000,0.58,20008.25;0
20000,0.58,20008.26;0
20000,0.58,20008.26;0
20000,0.58,20008.26;0
20000,0.58,20008.26;0
20000,0.58,20008.26;0
20000,0.58,20008.26;0
20000,0.58,20008.26;0
20000,0.58,20008.26;0
20000,0.58,20008.26;0
20000,0.58,20008.26;0
20000,0.58,20008.26;0
20000,0.58,20008.26;0
20000,0.58,20008.26;0
20000,0.58,20008.26;0
20000,0.58,20008.26;0
20000,0.58,20008.26;0
20000,0.58,20008.26;0
20000,0.58,20008.26;0
20000,0.58,20008.26;0
20000,0.58,20008.26;0
20000,0.58,20008.26;0
20000,0.58,20008.26;0
20000,0.58,20008.26;0
20000,0.58,20008.26;0
20000,0.58,20008.26;0
20000,0.58,20008.26;0
20000,0.58,20008.25;0
20000,0.58,20008.23;0
20000,0.58,20008.21;0
20000,0.58,20008.14;0
20000,0.58,20008.12;0
20000,0.58,20008.12;0
20000,0.58,20008.13;0
20000,0.58,20008.13;0
20000,0.58,20008.13;0
20000,0.58,20008.15;0
20000,0.58,20008.19;0
20000,0.58,20008.21;0
20000,0.58,20008.22;0
20000,0.58,20008.22;0
20000,0.58,20008.22;0
20000,0.58,20008.22;0
20000,0.58,20008.22;0
20000,0.58,20008.22;0
20000,0.58,20008.25;0
20000,0.58,20008.25;0
20000,0.58,20008.26;0
20000,0.58,20008.25;0
20000,0.58,20008.24;0
20000,0.58,20008.22;0
20000,0.58,20008.22;0
20000,0.58,20008.22;0
20000,0.58,20008.22;0
20000,0.58,20008.21;0
20000,0.58,20008.21;0
20000,0.58,20008.21;0
20000,0.58,20008.23;0
20000,0.58,20008.24;0
20000,0.58,20008.25;0
20000,0.58,20008.26;0
20000,0.58,20008.27;0
20000,0.58,20008.27;0
20000,0.58,20008.27;0
20000,0.58,20008.27;0
20000,0.58,20008.27;0
20000,0.58,20008.27;0
20000,0.58,20008.27;0
20000,0.58,20008.26;0
20000,0.58,20008.27;0
20000,0.58,20008.28;0
20000,0.58,20008.28;0
20000,0.58,20008.28;0
20000,0.58,20008.28;0
20000,0.58,20008.28;0
20000,0.58,20008.28;0
20000,0.58,20008.26;0
20000,0.58,20008.26;0
20000,0.58,20008.25;0
20000,0.58,20008.27;0
20000,0.58,20008.27;0
20000,0.58,20008.28;0
20000,0.58,20008.28;0
20000,0.58,20008.29;0
20000,0.58,20008.29;0
20000,0.58,20008.29;0
20000,0.58,20008.27;0
20000,0.58,20008.26;0
20000,0.58,20008.26;0
20000,0.58,20008.26;0
20000,0.58,20008.27;0
20000,0.58,20008.27;0
20000,0.58,20008.27;0
20000,0.58,20008.26;0
20000,0.58,20008.27;0
20000,0.58,20008.27;0
20000,0.58,20008.27;0
20000,0.58,20008.27;0
20000,0.58,20008.27;0
20000,0.58,20008.28;0
20000,0.58,20008.28;0
20000,0.58,20008.28;0
20000,0.58,20008.28;0
20000,0.58,20008.28;0
20000,0.58,20008.28;0
20000,0.58,20008.28;0
20000,0.58,20008.28;0
20000,0.58,20008.28;0
20000,0.58,20008.27;0
20000,0.58,20008.26;0
20000,0.58,20008.25;0
20000,0.58,20008.25;0
20000,0.58,20008.28;0
20000,0.58,20008.26;0
20000,0.58,20008.26;0
20000,0.58,20008.26;0
20000,0.58,20008.26;0
20000,0.58,20008.25;0
20000,0.58,20008.25;0
20000,0.58,20008.24;0
20000,0.58,20008.23;0
20000,0.58,20008.22;0
20000,0.58,20008.24;0
20000,0.58,20008.24;0
20000,0.58,20008.17;0
20000,0.58,20008.14;0
20000,0.58,20008.14;0
20000,0.58,20008.17;0
20000,0.58,20008.2;0
20000,0.58,20008.21;0
20000,0.58,20008.21;0
20000,0.58,20008.2;0
20000,0.58,20008.21;0
20000,0.58,20008.21;0
20000,0.58,20008.21;0
20000,0.58,20008.2;0
20000,0.58,20008.18;0
20000,0.58,20008.19;0
20000,0.58,20008.19;0
20000,0.58,20008.19;0
20000,0.58,20008.19;0
20000,0.58,20008.19;0
20000,0.58,20008.19;0
20000,0.58,20008.2;0
20000,0.58,20008.21;0
20000,0.58,20008.21;0
20000,0.58,20008.21;0
20000,0.58,20008.21;0
20000,0.58,20008.21;0
20000,0.58,20008.21;0
20000,0.58,20008.2;0
20000,0.58,20008.2;0
20000,0.58,20008.2;0
20000,0.58,20008.21;0
20000,0.58,20008.21;0
20000,0.58,20008.22;0
20000,0.58,20008.22;0
20000,0.58,20008.22;0
20000,0.58,20008.22;0
20000,0.58,20008.22;0
20000,0.58,20008.22;0
20000,0.58,20008.21;0
20000,0.58,20008.21;0
20000,0.58,20008.21;0
20000,0.58,20008.22;0
20000,0.58,20008.22;0
20000,0.58,20008.22;0
20000,0.58,20008.22;0
20000,0.58,20008.23;0
20000,0.58,20008.23;0
20000,0.58,20008.23;0
20000,0.58,20008.22;0
20000,0.58,20008.22;0
20000,0.58,20008.23;0
20000,0.58,20008.23;0
20000,0.58,20008.22;0
20000,0.58,20008.21;0
20000,0.58,20008.21;0
20000,0.58,20008.21;0
20000,0.58,20008.21;0
20000,0.58,20008.2;0
20000,0.58,20008.2;0
20000,0.58,20008.2;0
20000,0.58,20008.2;0
20000,0.58,20008.22;0
20000,0.58,20008.22;0
20000,0.58,20008.24;0
20000,0.58,20008.24;0
20000,0.58,20008.24;0
20000,0.58,20008.24;0
20000,0.58,20008.24;0
20000,0.58,20008.24;0
20000,0.58,20008.24;0
20000,0.58,20008.26;0
20000,0.58,20008.26;0
20000,0.58,20008.26;0
20000,0.58,20008.26;0
20000,0.58,20008.27;0
20000,0.58,20008.27;0
20000,0.58,20008.27;0
20000,0.58,20008.28;0
20000,0.58,20008.34;0
20000,0.58,20008.42;0
20000,0.58,20008.54;0
20000,0.58,20008.67;0
20000,0.58,20008.8;0
20000,0.58,20008.93;0
20000,0.58,20009.05;0
20000,0.58,20009.18;0
20000,0.58,20009.31;0
20000,0.58,20009.43;0
20000,0.58,20009.56;0
20000,0.58,20009.69;0
20000,0.58,20009.81;0
20000,0.58,20009.94;0
20000,0.58,20010.07;0
20000,0.58,20010.2;0
20000,0.58,20010.32;0
20000,0.58,20010.45;0
20000,0.58,20010.58;0
20000,0.58,20010.7;0
20000,0.58,20010.83;0
20000,0.58,20010.96;0
20000,0.58,20011.09;0
20000,0.58,20011.21;0
20000,0.58,20011.34;0
20000,0.58,20011.47;0
20000,0.58,20011.59;0
20000,0.58,20011.72;0
20000,0.58,20011.85;0
20000,0.58,20011.97;0
20000,0.58,20012.1;0
20000,0.58,20012.23;0
20000,0.58,20012.36;0
20000,0.58,20012.48;0
20000,0.58,20012.61;0
20000,0.58,20012.74;0
20000,0.58,20012.74;0
20000,0.58,20012.86;0
20000,0.58,20012.99;0
20000,0.58,20013.12;0
20000,0.58,20013.24;0
20000,0.58,20013.37;0
20000,0.58,20013.5;0
20000,0.58,20013.63;0
20000,0.58,20013.75;0
20000,0.58,20013.88;0
20000,0.58,20014.01;0
20000,0.58,20014.01;0
20000,0.58,20014.13;0
20000,0.58,20014.26;0
20000,0.58,20014.39;0
20000,0.58,20014.51;0
20000,0.58,20014.64;0
20000,0.58,20014.64;0
20000,0.58,20014.77;0
20000,0.58,20014.89;0
20000,0.58,20015.02;0
20000,0.58,20015.15;0
20000,0.58,20015.28;0
20000,0.58,20015.4;0
20000,0.58,20015.53;0
20000,0.58,20015.53;0
20000,0.58,20015.66;0
20000,0.58,20015.66;0
20000,0.58,20015.78;0
20000,0.58,20015.91;0
20000,0.58,20016.04;0
20000,0.58,20016.16;0
20000,0.58,20016.29;0
20000,0.58,20016.29;0
20000,0.58,20016.42;0
20000,0.58,20016.55;0
20000,0.58,20016.67;0
20000,0.58,20016.8;0
20000,0.58,20016.93;0
20000,0.58,20017.05;0
20000,0.58,20017.05;0
20000,0.58,20017.18;0
20000,0.58,20017.31;0
20000,0.58,20017.44;0
20000,0.58,20017.56;0
20000,0.58,20017.56;0
20000,0.58,20017.56;0
20000,0.58,20017.56;0
20000,0.58,20017.56;0
20000,0.58,20017.56;0
20000,0.58,20017.59;0
20000,0.58,20017.59;0
20000,0.58,20017.59;0
20000,0.58,20017.72;0
20000,0.58,20017.85;0
20000,0.58,20017.97;0
20000,0.58,20018.1;0
20000,0.58,20018.23;0
20000,0.58,20018.35;0
20000,0.58,20018.48;0
20000,0.58,20018.61;0
20000,0.58,20018.73;0
20000,0.58,20018.86;0
20000,0.58,20018.99;0
20000,0.58,20019.12;0
20000,0.58,20019.24;0
20000,0.58,20019.37;0
20000,0.58,20019.5;0
20000,0.58,20019.62;0
20000,0.58,20019.75;0
20000,0.58,20019.88;0
20000,0.58,20020.01;0
20000,0.58,20020.13;0
20000,0.58,20020.26;0
20000,0.58,20020.39;0
20000,0.58,20020.51;0
20000,0.58,20020.64;0
20000,0.58,20020.77;0
20000,0.58,20020.89;0
20000,0.58,20021.02;0
20000,0.58,20021.15;0
20000,0.58,20021.28;0
20000,0.58,20021.4;0
20000,0.58,20021.53;0
20000,0.58,20021.66;0
20000,0.58,20021.78;0
20000,0.58,20021.91;0
20000,0.58,20022.04;0
20000,0.58,20022.16;0
20000,0.58,20022.29;0
20000,0.58,20022.42;0
20000,0.58,20022.54;0
20000,0.58,20022.67;0
20000,0.58,20022.8;0
20000,0.58,20022.93;0
20000,0.58,20023.05;0
20000,0.58,20023.18;0
20000,0.58,20023.31;0
20000,0.58,20023.43;0
20000,0.58,20023.43;0
20000,0.58,20023.56;0
20000,0.58,20023.69;0
20000,0.58,20023.81;0
20000,0.58,20023.94;0
20000,0.58,20024.07;0
20000,0.58,20024.2;0
20000,0.58,20024.32;0
20000,0.58,20024.45;0
20000,0.58,20024.58;0
20000,0.58,20024.7;0
20000,0.58,20024.83;0
20000,0.58,20024.96;0
20000,0.58,20025.09;0
20000,0.58,20025.21;0
20000,0.58,20025.34;0
20000,0.58,20025.47;0
20000,0.58,20025.59;0
20000,0.58,20025.72;0
20000,0.58,20025.85;0
20000,0.58,20025.97;0
20000,0.58,20025.97;0
20000,0.58,20026.1;0
20000,0.58,20026.23;0
20000,0.58,20026.36;0
20000,0.58,20026.48;0
20000,0.58,20026.61;0
20000,0.58,20026.74;0
20000,0.58,20026.86;0
20000,0.58,20026.99;0
20000,0.58,20027.12;0
20000,0.58,20027.24;0
20000,0.58,20027.24;0
20000,0.58,20027.37;0
20000,0.58,20027.5;0
20000,0.58,20027.63;0
20000,0.58,20027.75;0
20000,0.58,20027.88;0
20000,0.58,20028.01;0
20000,0.58,20028.13;0
20000,0.58,20028.26;0
20000,0.58,20028.39;0
20000,0.58,20028.51;0
20000,0.58,20028.51;0
20000,0.58,20028.64;0
20000,0.58,20028.77;0
20000,0.58,20028.89;0
20000,0.58,20029.02;0
20000,0.58,20029.15;0
20000,0.58,20029.28;0
20000,0.58,20029.4;0
20000,0.58,20029.4;0
20000,0.58,20029.53;0
20000,0.58,20029.66;0
20000,0.58,20029.78;0
20000,0.58,20029.91;0
20000,0.58,20030.04;0
20000,0.58,20030.16;0
20000,0.58,20030.29;0
20000,0.58,20030.42;0
20000,0.58,20030.55;0
20000,0.58,20030.67;0
20000,0.58,20030.8;0
20000,0.58,20030.93;0
20000,0.58,20031.05;0
20000,0.58,20031.18;0
20000,0.58,20031.31;0
20000,0.58,20031.44;0
20000,0.58,20031.56;0
20000,0.58,20031.69;0
20000,0.58,20031.82;0
20000,0.58,20031.94;0
20000,0.58,20032.07;0
20000,0.58,20032.2;0
20000,0.58,20032.32;0
20000,0.58,20032.45;0
20000,0.58,20032.58;0
20000,0.58,20032.71;0
20000,0.58,20032.83;0
20000,0.58,20032.96;0
20000,0.58,20033.09;0
20000,0.58,20033.21;0
20000,0.58,20033.34;0
20000,0.58,20033.47;0
20000,0.58,20033.59;0
20000,0.58,20033.72;0
20000,0.58,20033.85;0
20000,0.58,20033.97;0
20000,0.58,20034.1;0
20000,0.58,20034.23;0
20000,0.58,20034.36;0
20000,0.58,20034.36;0
20000,0.58,20034.48;0
20000,0.58,20034.61;0
20000,0.58,20034.74;0
20000,0.58,20034.86;0
20000,0.58,20034.99;0
20000,0.58,20035.12;0
20000,0.58,20035.24;0
20000,0.58,20035.37;0
20000,0.58,20035.5;0
20000,0.58,20035.63;0
20000,0.58,20035.75;0
20000,0.58,20035.88;0
20000,0.58,20036.01;0
20000,0.58,20036.13;0
20000,0.58,20036.26;0
20000,0.58,20036.39;0
20000,0.58,20036.52;0
20000,0.58,20036.64;0
20000,0.58,20036.77;0
20000,0.58,20036.9;0
20000,0.58,20037.02;0
20000,0.58,20037.15;0
20000,0.58,20037.28;0
20000,0.58,20037.4;0
20000,0.58,20037.53;0
20000,0.58,20037.66;0
20000,0.58,20037.79;0
20000,0.58,20037.91;0
20000,0.58,20038.04;0
20000,0.58,20038.17;0
20000,0.58,20038.29;0
20000,0.58,20038.29;0
20000,0.58,20038.42;0
20000,0.58,20038.55;0
20000,0.58,20038.67;0
20000,0.58,20038.8;0
20000,0.58,20038.93;0
20000,0.58,20039.05;0
20000,0.58,20039.18;0
20000,0.58,20039.18;0
20000,0.58,20039.31;0
20000,0.58,20039.44;0
20000,0.58,20039.56;0
20000,0.58,20039.69;0
20000,0.58,20039.82;0
20000,0.58,20039.94;0
20000,0.58,20040.07;0
20000,0.58,20040.2;0
20000,0.58,20040.32;0
20000,0.58,20040.32;0
20000,0.58,20040.45;0
20000,0.58,20040.58;0
20000,0.58,20040.71;0
20000,0.58,20040.83;0
20000,0.58,20040.96;0
20000,0.58,20041.09;0
20000,0.58,20041.09;0
20000,0.58,20041.21;0
20000,0.58,20041.34;0
20000,0.58,20041.47;0
20000,0.58,20041.6;0
20000,0.58,20041.72;0
20000,0.58,20041.85;0
20000,0.58,20041.98;0
20000,0.58,20042.1;0
20000,0.58,20042.23;0
20000,0.58,20042.36;0
20000,0.58,20042.48;0
20000,0.58,20042.61;0
20000,0.58,20042.74;0
20000,0.58,20042.87;0
20000,0.58,20042.99;0
20000,0.58,20043.12;0
20000,0.58,20043.25;0
20000,0.58,20043.37;0
20000,0.58,20043.5;0
20000,0.58,20043.63;0
20000,0.58,20043.75;0
20000,0.58,20043.88;0
20000,0.58,20044.01;0
20000,0.58,20044.13;0
20000,0.58,20044.26;0
20000,0.58,20044.39;0
20000,0.58,20044.52;0
20000,0.58,20044.64;0
20000,0.58,20044.77;0
20000,0.58,20044.9;0
20000,0.58,20045.02;0
20000,0.58,20045.15;0
20000,0.58,20045.28;0
20000,0.58,20045.4;0
20000,0.58,20045.53;0
20000,0.58,20045.66;0
20000,0.58,20045.79;0
20000,0.58,20045.91;0
20000,0.58,20046.04;0
20000,0.58,20046.17;0
20000,0.58,20046.29;0
20000,0.58,20046.42;0
20000,0.58,20046.55;0
20000,0.58,20046.68;0
20000,0.58,20046.8;0
20000,0.58,20046.93;0
20000,0.58,20047.06;0
20000,0.58,20047.18;0
20000,0.58,20047.31;0
20000,0.58,20047.31;0
20000,0.58,20047.44;0
20000,0.58,20047.56;0
20000,0.58,20047.69;0
