20000,0.5,20000;0
20000,0.58,20000.25;359.7937
20000,0.58,20000.51;359.5531
20000,0.58,20000.51;359.5531
20000,0.58,20000.51;359.5531
19999.99,0.58,20000.76;359.3125
19999.99,0.58,20001.02;359.0833
19999.99,0.58,20001.02;359.0833
19999.99,0.58,20001.21;358.8828
19999.99,0.58,20001.21;358.6822
19999.99,0.58,20001.21;358.453
19999.99,0.58,20001.21;358.453
19999.99,0.58,20001.21;358.453
19999.99,0.58,20001.21;358.2296
19999.99,0.58,20001.21;358.2296
19999.98,0.58,20001.38;358.0061
19999.97,0.58,20001.56;357.8113
19999.97,0.58,20001.56;357.8113
19999.97,0.58,20001.63;357.5822
19999.97,0.58,20001.63;357.5822
19999.97,0.58,20001.63;357.5822
19999.97,0.58,20001.7;357.3587
19999.97,0.58,20001.7;357.3587
19999.97,0.58,20001.7;357.3587
19999.96,0.58,20001.78;357.1639
19999.96,0.58,20001.78;357.1639
19999.96,0.58,20001.78;357.1639
19999.96,0.58,20001.85;356.9347
19999.96,0.58,20001.93;356.7113
19999.96,0.58,20001.93;356.7113
19999.95,0.58,20001.96;356.4878
19999.95,0.58,20002;356.2873
19999.95,0.58,20002;356.2873
19999.93,0.58,20002.25;356.0868
19999.91,0.58,20002.5;355.8576
19999.91,0.58,20002.5;355.8576
19999.9,0.58,20002.76;355.6284
19999.88,0.58,20003.01;355.4451
19999.85,0.58,20003.26;355.2617
19999.83,0.58,20003.52;355.17
19999.83,0.58,20003.52;355.17
19999.81,0.58,20003.77;355.0784
19999.79,0.58,20004.02;354.9924
19999.79,0.58,20004.02;354.9924
19999.77,0.58,20004.28;354.9065
19999.77,0.58,20004.28;354.9065
19999.77,0.58,20004.28;354.9065
19999.74,0.58,20004.53;354.8205
19999.72,0.58,20004.78;354.8148
19999.7,0.58,20005.04;354.7804
19999.7,0.58,20005.04;354.7804
19999.7,0.58,20005.04;354.7804
19999.67,0.58,20005.29;354.769
19999.67,0.58,20005.29;354.769
19999.67,0.58,20005.29;354.769
19999.65,0.58,20005.54;354.7575
19999.65,0.58,20005.54;354.7575
19999.65,0.58,20005.54;354.7575
19999.63,0.58,20005.79;354.746
19999.61,0.58,20006.05;354.7346
19999.58,0.58,20006.3;354.7346
19999.58,0.58,20006.3;354.7346
19999.56,0.58,20006.55;354.7346
19999.56,0.58,20006.55;354.7346
19999.56,0.58,20006.55;354.7346
19999.54,0.58,20006.8;354.7346
19999.54,0.58,20006.8;354.7346
19999.54,0.58,20006.8;354.7346
19999.51,0.58,20007.06;354.7346
19999.49,0.58,20007.31;354.7346
19999.46,0.58,20007.56;354.7346
19999.46,0.58,20007.56;354.7346
19999.44,0.58,20007.82;354.6314
19999.44,0.58,20007.82;354.6314
19999.44,0.58,20007.82;354.6314
19999.42,0.58,20008.07;354.5799
19999.42,0.58,20008.07;354.5799
19999.42,0.58,20008.07;354.5799
19999.39,0.58,20008.32;354.471
19999.37,0.58,20008.57;354.3622
19999.34,0.58,20008.83;354.2418
19999.34,0.58,20008.83;354.2418
19999.32,0.58,20009.08;354.1215
19999.29,0.58,20009.33;354.0069
19999.29,0.58,20009.33;354.0069
19999.26,0.58,20009.59;353.8923
19999.23,0.58,20009.84;353.7663
19999.23,0.58,20009.84;353.7663
19999.21,0.58,20010.09;353.6402
19999.18,0.58,20010.34;353.4855
19999.15,0.58,20010.6;353.3193
19999.15,0.58,20010.6;353.3193
19999.15,0.58,20010.6;353.3193
19999.12,0.58,20010.85;353.1475
19999.12,0.58,20010.85;353.1475
19999.12,0.58,20010.85;353.1475
19999.09,0.58,20011.1;352.9183
19999.09,0.58,20011.1;352.9183
19999.09,0.58,20011.1;352.9183
19999.05,0.58,20011.35;352.6834
19999.02,0.58,20011.6;352.4485
19998.99,0.58,20011.86;352.2479
19998.99,0.58,20011.86;352.2479
19998.97,0.58,20011.99;352.0474
19998.95,0.58,20012.13;351.8411
19998.95,0.58,20012.13;351.8411
19998.94,0.58,20012.16;351.6349
19998.94,0.58,20012.2;351.4802
19998.94,0.58,20012.2;351.4802
19998.9,0.58,20012.45;351.3713
19998.9,0.58,20012.45;351.3713
19998.86,0.58,20012.7;351.2911
19998.86,0.58,20012.7;351.2911
19998.86,0.58,20012.7;351.2911
19998.82,0.58,20012.95;351.2109
19998.78,0.58,20013.2;351.102
19998.78,0.58,20013.2;351.102
19998.74,0.58,20013.45;350.9932
19998.7,0.58,20013.7;350.8041
19998.66,0.58,20013.95;350.5749
19998.66,0.58,20013.95;350.5749
19998.62,0.58,20014.2;350.3457
19998.58,0.58,20014.45;350.1165
19998.58,0.58,20014.45;350.1165
19998.58,0.58,20014.45;350.1165
19998.53,0.58,20014.7;349.9218
19998.53,0.58,20014.7;349.9218
19998.53,0.58,20014.7;349.9218
19998.49,0.58,20014.95;349.6983
19998.49,0.58,20014.95;349.6983
19998.44,0.58,20015.2;349.4749
19998.44,0.58,20015.2;349.4749
19998.39,0.58,20015.45;349.2514
19998.34,0.58,20015.7;349.0681
19998.34,0.58,20015.7;349.0681
19998.29,0.58,20015.95;348.8847
19998.24,0.58,20016.2;348.6784
19998.24,0.58,20016.2;348.6784
19998.19,0.58,20016.45;348.4722
19998.14,0.58,20016.7;348.3175
19998.09,0.58,20016.95;348.1399
19998.09,0.58,20016.95;348.1399
19998.09,0.58,20016.95;348.1399
19998.04,0.58,20017.19;347.9737
19998.04,0.58,20017.19;347.9737
19998.04,0.58,20017.19;347.9737
19997.99,0.58,20017.41;347.8419
19997.99,0.58,20017.41;347.8419
19997.99,0.58,20017.41;347.8419
19997.94,0.58,20017.66;347.6987
19997.88,0.58,20017.9;347.5555
19997.83,0.58,20018.15;347.4179
19997.83,0.58,20018.15;347.4179
19997.77,0.58,20018.39;347.2804
19997.72,0.58,20018.64;347.1544
19997.72,0.58,20018.64;347.1544
19997.66,0.58,20018.89;347.0283
19997.6,0.58,20019.14;346.9195
19997.6,0.58,20019.14;346.9195
19997.56,0.58,20019.3;346.8106
19997.52,0.58,20019.46;346.7017
19997.46,0.58,20019.71;346.5929
19997.46,0.58,20019.71;346.5929
19997.46,0.58,20019.71;346.5929
19997.41,0.58,20019.95;346.5012
19997.41,0.58,20019.95;346.5012
19997.35,0.58,20020.17;346.4095
19997.35,0.58,20020.17;346.4095
19997.35,0.58,20020.17;346.4095
19997.3,0.58,20020.41;346.3293
19997.24,0.58,20020.65;346.2491
19997.18,0.58,20020.9;346.1574
19997.18,0.58,20020.9;346.1574
19997.12,0.58,20021.15;346.0657
19997.05,0.58,20021.39;345.9798
19997.05,0.58,20021.39;345.9798
19997,0.58,20021.62;345.8938
19996.94,0.58,20021.84;345.8193
19996.94,0.58,20021.84;345.8193
19996.88,0.58,20022.08;345.7449
19996.82,0.58,20022.31;345.6589
19996.76,0.58,20022.56;345.5787
19996.76,0.58,20022.56;345.5787
19996.76,0.58,20022.56;345.5787
19996.7,0.58,20022.78;345.4985
19996.7,0.58,20022.78;345.4985
19996.7,0.58,20022.78;345.4985
19996.66,0.58,20022.94;345.4126
19996.66,0.58,20022.94;345.4126
19996.66,0.58,20022.94;345.4126
19996.59,0.58,20023.18;345.3266
19996.56,0.58,20023.33;345.2521
19996.56,0.58,20023.33;345.2521
19996.49,0.58,20023.57;345.1776
19996.43,0.58,20023.82;345.0917
19996.43,0.58,20023.82;345.0917
19996.37,0.58,20024.03;345.0057
19996.31,0.58,20024.24;344.9198
19996.31,0.58,20024.24;344.9198
19996.25,0.58,20024.48;344.8339
19996.18,0.58,20024.73;344.7708
19996.12,0.58,20024.96;344.6849
19996.12,0.58,20024.96;344.6849
19996.12,0.58,20024.96;344.6849
19996.06,0.58,20025.17;344.5989
19996,0.58,20025.37;344.5073
19996,0.58,20025.37;344.5073
19995.94,0.58,20025.6;344.4271
19995.94,0.58,20025.6;344.4271
19995.94,0.58,20025.6;344.4271
19995.87,0.58,20025.84;344.3297
19995.82,0.58,20026.03;344.2322
19995.76,0.58,20026.23;344.1406
19995.76,0.58,20026.23;344.1406
19995.7,0.58,20026.46;344.0604
19995.7,0.58,20026.46;344.0604
19995.63,0.58,20026.69;343.9801
19995.56,0.58,20026.92;343.8999
19995.56,0.58,20026.92;343.8999
19995.5,0.58,20027.15;343.8254
19995.44,0.58,20027.34;343.751
19995.38,0.58,20027.54;343.6822
19995.38,0.58,20027.54;343.6822
19995.32,0.58,20027.77;343.6077
19995.32,0.58,20027.77;343.6077
19995.32,0.58,20027.77;343.6077
19995.25,0.58,20027.99;343.5447
19995.25,0.58,20027.99;343.5447
19995.19,0.58,20028.19;343.476
19995.13,0.58,20028.42;343.4072
19995.06,0.58,20028.64;343.3442
19995.06,0.58,20028.64;343.3442
19995.06,0.58,20028.64;343.3442
19995,0.58,20028.84;343.2755
19995,0.58,20028.84;343.2755
19995,0.58,20028.84;343.2755
19994.93,0.58,20029.06;343.2067
19994.93,0.58,20029.06;343.2067
19994.86,0.58,20029.29;343.1207
19994.86,0.58,20029.29;343.1207
19994.8,0.58,20029.48;343.0348
19994.74,0.58,20029.67;342.9546
19994.74,0.58,20029.67;342.9546
19994.68,0.58,20029.89;342.8744
19994.61,0.58,20030.11;342.8056
19994.61,0.58,20030.11;342.8056
19994.54,0.58,20030.34;342.7369
19994.47,0.58,20030.56;342.6567
19994.41,0.58,20030.75;342.5822
19994.41,0.58,20030.75;342.5822
19994.34,0.58,20030.97;342.5077
19994.27,0.58,20031.19;342.439
19994.27,0.58,20031.19;342.439
19994.2,0.58,20031.42;342.3702
19994.12,0.58,20031.65;342.3015
19994.12,0.58,20031.65;342.3015
19994.06,0.58,20031.84;342.2327
19994,0.58,20032.04;342.1697
19993.93,0.58,20032.26;342.1009
19993.93,0.58,20032.26;342.1009
19993.93,0.58,20032.26;342.1009
19993.85,0.58,20032.49;342.0379
19993.85,0.58,20032.49;342.0379
19993.85,0.58,20032.49;342.0379
19993.79,0.58,20032.68;341.9577
19993.79,0.58,20032.68;341.9577
19993.79,0.58,20032.68;341.9577
19993.71,0.58,20032.91;341.8775
19993.64,0.58,20033.14;341.8145
19993.56,0.58,20033.37;341.7457
19993.56,0.58,20033.37;341.7457
19993.5,0.58,20033.56;341.677
19993.43,0.58,20033.76;341.5967
19993.43,0.58,20033.76;341.5967
19993.36,0.58,20033.97;341.5165
19993.29,0.58,20034.19;341.4593
19993.29,0.58,20034.19;341.4593
19993.24,0.58,20034.35;341.4019
19993.18,0.58,20034.51;341.3275
19993.12,0.58,20034.68;341.253
19993.06,0.58,20034.86;341.2014
19993.06,0.58,20034.86;341.2014
19992.99,0.58,20035.08;341.1499
19992.91,0.58,20035.31;341.0811
19992.91,0.58,20035.31;341.0811
19992.83,0.58,20035.53;341.0124
19992.76,0.58,20035.75;340.9494
19992.76,0.58,20035.75;340.9494
19992.7,0.58,20035.93;340.8863
19992.62,0.58,20036.15;340.8233
19992.54,0.58,20036.37;340.7889
19992.54,0.58,20036.37;340.7889
19992.46,0.58,20036.59;340.7546
19992.39,0.58,20036.81;340.7317
19992.39,0.58,20036.81;340.7317
19992.32,0.58,20037;340.7087
19992.26,0.58,20037.19;340.6801
19992.26,0.58,20037.19;340.6801
19992.18,0.58,20037.4;340.6514
19992.1,0.58,20037.62;340.5941
19992.03,0.58,20037.84;340.5369
19991.95,0.58,20038.05;340.491
19991.95,0.58,20038.05;340.491
19991.89,0.58,20038.23;340.4452
19991.82,0.58,20038.41;340.3822
19991.82,0.58,20038.41;340.3822
19991.75,0.58,20038.63;340.3192
19991.67,0.58,20038.84;340.2733
19991.67,0.58,20038.84;340.2733
19991.61,0.58,20039.02;340.2046
19991.53,0.58,20039.24;340.1358
19991.45,0.58,20039.45;340.0728
19991.45,0.58,20039.45;340.0728
19991.37,0.58,20039.66;340.0098
19991.3,0.58,20039.86;339.9353
19991.3,0.58,20039.86;339.9353
19991.23,0.58,20040.04;339.8608
19991.17,0.58,20040.22;339.8035
19991.17,0.58,20040.22;339.8035
19991.09,0.58,20040.43;339.7691
19991.09,0.58,20040.43;339.7691
19991.01,0.58,20040.64;339.7405
19991.01,0.58,20040.64;339.7405
19991.01,0.58,20040.64;339.7405
19990.96,0.58,20040.8;339.7119
19990.96,0.58,20040.8;339.7119
19990.96,0.58,20040.8;339.7119
19990.88,0.58,20041;339.6775
19990.88,0.58,20041;339.6775
19990.82,0.58,20041.17;339.6431
19990.82,0.58,20041.17;339.6431
19990.75,0.58,20041.34;339.6087
19990.69,0.58,20041.51;339.5686
19990.69,0.58,20041.51;339.5686
19990.63,0.58,20041.67;339.5285
19990.57,0.58,20041.82;339.5171
19990.57,0.58,20041.82;339.5171
19990.5,0.58,20042.01;339.5056
19990.43,0.58,20042.21;339.4712
19990.43,0.58,20042.21;339.4712
