20000,0.58,19984;18.00005
20000,0.58,19984;17.94275
20000,0.58,19984;17.94275
20000,0.58,19984;17.94275
20000,0.58,19984;17.94275
20000,0.58,19984;17.94275
20000,0.58,19984;17.94275
20000,0.58,19984;17.94275
20000,0.58,19984;17.94275
20000,0.58,19984;17.94275
20000,0.58,19984;17.94275
20000,0.58,19984;17.94275
20000,0.58,19984;17.94275
20000,0.58,19984;17.94275
20000,0.58,19984;17.94275
20000,0.58,19984;17.94275
20000,0.58,19984;17.94275
20000,0.58,19984;17.94275
20000,0.58,19984;17.94275
20000,0.58,19984;17.94275
20000,0.58,19984;17.94275
20000,0.58,19984;17.94275
20000,0.58,19984;17.94275
20000,0.58,19984;17.94275
20000,0.58,19984;17.94275
20000,0.58,19984;17.94275
20000,0.58,19984;17.94275
20000,0.58,19984;17.94275
20000,0.58,19984;17.94275
20000,0.58,19984;17.94275
20000,0.58,19984;17.94275
20000,0.58,19984;17.94275
20000,0.58,19984;17.94275
20000,0.58,19984;17.94275
20000,0.58,19984;17.94275
20000,0.58,19984;17.94275
20000,0.58,19984;17.94275
20000,0.58,19984;17.94275
20000,0.58,19984;17.94275
20000,0.58,19984;17.94275
20000,0.58,19984;17.94275
20000,0.58,19984;17.94275
20000,0.58,19984;17.94275
20000,0.58,19984;17.94275
20000,0.58,19984;17.94275
20000,0.58,19984;17.94275
20000,0.58,19984;17.94275
20000,0.58,19984;17.94275
20000,0.58,19984;17.94275
20000,0.58,19984;17.94275
20000,0.58,19984;17.94275
20000,0.58,19984;17.94275
20000,0.58,19984;17.94275
20000,0.58,19984;17.94275
20000,0.58,19984;17.94275
20000,0.58,19984;17.94275
20000,0.58,19984;17.94275
20000,0.58,19984;17.94275
20000,0.58,19984;17.94275
20000,0.58,19984;17.94275
20000,0.58,19984;17.94275
20000,0.58,19984;17.94275
20000,0.58,19984;17.94275
20000,0.58,19984;17.94275
20000,0.58,19984;17.94275
20000,0.58,19984;17.94275
20000,0.58,19984;17.94275
20000,0.58,19984;17.94275
20000,0.58,19984;17.94275
20000,0.58,19984;17.94275
20000,0.58,19984;17.94275
20000,0.58,19984;17.94275
20000,0.58,19984;17.94275
20000,0.58,19984;17.94275
20000,0.58,19984;17.94275
20000,0.58,19984;17.94275
20000,0.58,19984;17.94275
20000,0.58,19984;17.94275
19999.99,0.58,19983.96;17.85681
19999.98,0.58,19983.94;17.79951
19999.98,0.58,19983.94;17.79951
19999.98,0.58,19983.94;17.79951
19999.98,0.58,19983.94;17.79951
20000,0.58,19983.99;17.82816
20000.01,0.58,19984.04;17.91984
20000.01,0.58,19984.04;17.91984
20000.01,0.58,19984.04;17.91984
20000.04,0.58,19984.12;18.02297
20000.04,0.58,19984.12;18.02297
20000.04,0.58,19984.12;18.02297
20000.04,0.58,19984.12;18.02297
20000.04,0.58,19984.12;18.02297
20000.04,0.58,19984.12;18.02297
20000.07,0.58,19984.21;18.12611
20000.07,0.58,19984.21;18.12611
20000.07,0.58,19984.21;18.12611
20000.07,0.58,19984.21;18.12611
20000.07,0.58,19984.21;18.12611
20000.07,0.58,19984.21;18.12611
20000.1,0.58,19984.31;18.24071
20000.1,0.58,19984.31;18.24071
20000.1,0.58,19984.31;18.24071
20000.13,0.58,19984.39;18.30945
20000.13,0.58,19984.39;18.30945
20000.13,0.58,19984.39;18.30945
20000.15,0.58,19984.46;18.25216
20000.15,0.58,19984.46;18.25216
20000.15,0.58,19984.46;18.25216
20000.15,0.58,19984.46;18.25216
20000.15,0.58,19984.46;18.25216
20000.15,0.58,19984.46;18.25216
20000.15,0.58,19984.46;18.25216
20000.17,0.58,19984.53;18.17195
20000.19,0.58,19984.58;18.03444
20000.19,0.58,19984.58;18.03444
20000.19,0.58,19984.58;18.03444
20000.19,0.58,19984.58;18.03444
20000.19,0.58,19984.58;18.03444
20000.19,0.58,19984.58;18.03444
20000.19,0.58,19984.58;18.03444
20000.19,0.58,19984.58;18.03444
20000.19,0.58,19984.58;18.03444
20000.19,0.58,19984.58;18.03444
20000.19,0.58,19984.58;18.03444
20000.19,0.58,19984.58;18.03444
20000.19,0.58,19984.58;18.03444
20000.19,0.58,19984.58;18.03444
20000.19,0.58,19984.58;18.03444
20000.19,0.58,19984.58;18.03444
20000.19,0.58,19984.58;18.03444
20000.19,0.58,19984.58;18.03444
20000.19,0.58,19984.58;18.03444
20000.19,0.58,19984.58;18.03444
20000.19,0.58,19984.58;18.03444
20000.19,0.58,19984.58;18.03444
20000.19,0.58,19984.58;18.03444
20000.19,0.58,19984.58;18.03444
20000.19,0.58,19984.58;18.03444
20000.19,0.58,19984.58;18.03444
20000.19,0.58,19984.58;18.03444
20000.19,0.58,19984.58;18.03444
20000.19,0.58,19984.58;18.03444
20000.19,0.58,19984.58;18.03444
20000.19,0.58,19984.58;18.03444
20000.19,0.58,19984.58;18.03444
20000.21,0.58,19984.64;17.82818
20000.21,0.58,19984.64;17.82818
20000.21,0.58,19984.64;17.82818
20000.21,0.58,19984.64;17.82818
20000.21,0.58,19984.64;17.82818
20000.22,0.58,19984.67;17.61046
20000.22,0.58,19984.67;17.61046
20000.22,0.58,19984.67;17.61046
20000.22,0.58,19984.67;17.61046
20000.22,0.58,19984.67;17.61046
20000.22,0.58,19984.67;17.61046
20000.22,0.58,19984.67;17.61046
20000.22,0.58,19984.67;17.61046
20000.22,0.58,19984.67;17.61046
20000.22,0.58,19984.67;17.61046
20000.22,0.58,19984.67;17.61046
20000.22,0.58,19984.67;17.61046
20000.22,0.58,19984.67;17.61046
20000.22,0.58,19984.67;17.61046
20000.22,0.58,19984.67;17.61046
20000.22,0.58,19984.67;17.61046
20000.22,0.58,19984.67;17.61046
20000.22,0.58,19984.67;17.61046
20000.22,0.58,19984.67;17.61046
20000.22,0.58,19984.67;17.61046
20000.22,0.58,19984.67;17.61046
20000.22,0.58,19984.67;17.61046
20000.22,0.58,19984.67;17.61046
20000.22,0.58,19984.67;17.61046
20000.22,0.58,19984.67;17.61046
20000.22,0.58,19984.67;17.61046
20000.22,0.58,19984.67;17.61046
20000.22,0.58,19984.67;17.61046
20000.22,0.58,19984.67;17.61046
20000.22,0.58,19984.67;17.61046
20000.22,0.58,19984.67;17.61046
20000.22,0.58,19984.67;17.61046
20000.22,0.58,19984.67;17.61046
20000.23,0.58,19984.71;17.45004
20000.23,0.58,19984.71;17.45004
20000.23,0.58,19984.71;17.45004
20000.25,0.58,19984.76;17.27815
20000.25,0.58,19984.76;17.27815
20000.27,0.58,19984.83;17.10626
20000.27,0.58,19984.83;17.10626
20000.27,0.58,19984.83;17.10626
20000.27,0.58,19984.83;17.10626
20000.27,0.58,19984.83;17.10626
20000.27,0.58,19984.83;17.10626
20000.27,0.58,19984.83;17.10626
20000.27,0.58,19984.83;17.10626
20000.27,0.58,19984.83;17.10626
20000.27,0.58,19984.83;17.10626
20000.27,0.58,19984.83;17.10626
20000.27,0.58,19984.83;17.10626
20000.32,0.58,19984.99;17.00313
20000.32,0.58,19984.99;17.00313
20000.32,0.58,19984.99;17.00313
20000.32,0.58,19984.99;17.00313
20000.38,0.58,19985.18;16.92292
20000.38,0.58,19985.18;16.92292
20000.43,0.58,19985.38;16.86563
20000.43,0.58,19985.38;16.86563
20000.43,0.58,19985.38;16.86563
20000.43,0.58,19985.38;16.86563
20000.43,0.58,19985.38;16.86563
20000.43,0.58,19985.38;16.86563
20000.43,0.58,19985.38;16.86563
20000.43,0.58,19985.38;16.86563
20000.43,0.58,19985.38;16.86563
20000.43,0.58,19985.38;16.86563
20000.43,0.58,19985.38;16.86563
20000.43,0.58,19985.38;16.86563
20000.49,0.58,19985.57;16.86563
20000.55,0.58,19985.75;16.93438
20000.55,0.58,19985.75;16.93438
20000.55,0.58,19985.75;16.93438
20000.55,0.58,19985.75;16.93438
20000.55,0.58,19985.75;16.93438
20000.6,0.58,19985.92;16.86563
20000.7,0.58,19986.26;16.76249
20000.86,0.58,19986.79;16.63644
20001.08,0.58,19987.52;16.3958
20001.08,0.58,19987.52;16.3958
20001.29,0.58,19988.29;15.93744
20001.48,0.58,19988.98;15.28426
20001.61,0.58,19989.48;14.14981
20001.61,0.58,19989.48;14.14981
20001.61,0.58,19989.48;14.14981
20001.61,0.58,19989.48;14.14981
20001.61,0.58,19989.48;14.14981
20001.61,0.58,19989.48;14.14981
20001.61,0.58,19989.48;14.14981
20001.61,0.58,19989.48;14.14981
20001.61,0.58,19989.48;14.14981
20001.68,0.58,19989.79;12.71741
20001.68,0.58,19989.79;12.71741
20001.68,0.58,19989.79;12.71741
20001.68,0.58,19989.79;12.71741
20001.74,0.58,19990.08;11.13605
20001.81,0.58,19990.54;9.531764
20001.88,0.58,19991;7.996243
20001.94,0.58,19991.5;6.701359
20001.94,0.58,19991.5;6.701359
20001.94,0.58,19991.5;6.701359
20001.94,0.58,19991.5;6.701359
20001.94,0.58,19991.5;6.701359
20001.94,0.58,19991.5;6.701359
20001.94,0.58,19991.5;6.701359
20001.94,0.58,19991.5;6.701359
20001.94,0.58,19991.5;6.701359
20001.94,0.58,19991.5;6.701359
20001.94,0.58,19991.5;6.701359
20001.94,0.58,19991.5;6.701359
20001.94,0.58,19991.5;6.701359
20001.94,0.58,19991.5;6.701359
20001.94,0.58,19991.5;6.701359
20001.94,0.58,19991.5;6.701359
20001.94,0.58,19991.5;6.701359
20001.94,0.58,19991.5;6.701359
20001.94,0.58,19991.5;6.701359
20001.94,0.58,19991.5;6.701359
20001.94,0.58,19991.5;6.701359
20001.94,0.58,19991.5;6.701359
20001.94,0.58,19991.5;6.701359
20001.94,0.58,19991.5;6.701359
20001.94,0.58,19991.5;6.701359
20001.94,0.58,19991.5;6.701359
20001.94,0.58,19991.5;6.701359
20001.94,0.58,19991.5;6.701359
20001.94,0.58,19991.5;6.701359
20001.94,0.58,19991.5;6.701359
20001.94,0.58,19991.5;6.701359
20001.94,0.58,19991.5;6.701359
20001.94,0.58,19991.5;6.701359
20001.94,0.58,19991.5;6.701359
20001.99,0.58,19991.97;5.830467
20001.99,0.58,19991.97;5.830467
20001.99,0.58,19991.97;5.830467
20001.99,0.58,19991.97;5.830467
20001.99,0.58,19991.97;5.830467
20002.02,0.58,19992.29;5.280431
20002.03,0.58,19992.4;5.005409
20002.04,0.58,19992.55;5.062701
20002.04,0.58,19992.55;5.062701
20002.05,0.58,19992.72;5.521069
20002.05,0.58,19992.72;5.521069
20002.07,0.58,19992.9;6.013812
20002.07,0.58,19992.9;6.013812
20002.07,0.58,19992.9;6.013812
20002.07,0.58,19992.9;6.013812
20002.07,0.58,19992.9;6.013812
20002.07,0.58,19992.9;6.013812
20002.07,0.58,19992.9;6.013812
20002.07,0.58,19992.9;6.013812
20002.07,0.58,19992.9;6.013812
20002.07,0.58,19992.9;6.013812
20002.07,0.58,19992.9;6.013812
20002.07,0.58,19992.9;6.013812
20002.07,0.58,19992.9;6.013812
20002.07,0.58,19992.9;6.013812
20002.07,0.58,19992.9;6.013812
20002.07,0.58,19992.9;6.013812
20002.07,0.58,19992.9;6.013812
20002.07,0.58,19992.9;6.013812
20002.07,0.58,19992.9;6.013812
20002.07,0.58,19992.9;6.013812
20002.07,0.58,19992.9;6.013812
20002.07,0.58,19992.9;6.013812
20002.07,0.58,19992.9;6.013812
20002.09,0.58,19993.04;6.6899
20002.09,0.58,19993.04;6.6899
20002.09,0.58,19993.04;6.6899
20002.09,0.58,19993.04;6.6899
20002.09,0.58,19993.04;6.6899
20002.09,0.58,19993.04;6.6899
20002.09,0.58,19993.04;6.6899
20002.09,0.58,19993.04;6.6899
20002.09,0.58,19993.04;6.6899
20002.09,0.58,19993.04;6.6899
20002.09,0.58,19993.04;6.6899
20002.09,0.58,19993.04;6.6899
20002.09,0.58,19993.04;6.6899
20002.09,0.58,19993.04;6.6899
20002.09,0.58,19993.04;6.6899
20002.09,0.58,19993.04;6.6899
20002.09,0.58,19993.04;6.6899
20002.09,0.58,19993.04;6.6899
20002.09,0.58,19993.04;6.6899
20002.09,0.58,19993.04;6.6899
20002.09,0.58,19993.04;6.6899
20002.09,0.58,19993.04;6.6899
20002.09,0.58,19993.04;6.6899
20002.09,0.58,19993.04;6.6899
20002.09,0.58,19993.04;6.6899
20002.09,0.58,19993.04;6.6899
20002.09,0.58,19993.04;6.6899
20002.09,0.58,19993.04;6.6899
20002.09,0.58,19993.04;6.6899
20002.09,0.58,19993.04;6.6899
20002.09,0.58,19993.04;6.6899
20002.09,0.58,19993.04;6.6899
20002.09,0.58,19993.04;6.6899
20002.09,0.58,19993.04;6.6899
20002.09,0.58,19993.04;6.6899
20002.09,0.58,19993.04;6.6899
20002.09,0.58,19993.04;6.6899
20002.09,0.58,19993.04;6.6899
20002.09,0.58,19993.04;6.6899
20002.09,0.58,19993.04;6.6899
20002.09,0.58,19993.04;6.6899
20002.09,0.58,19993.04;6.6899
20002.09,0.58,19993.04;6.6899
20002.09,0.58,19993.04;6.6899
20002.09,0.58,19993.04;6.6899
20002.09,0.58,19993.04;6.6899
20002.09,0.58,19993.04;6.6899
20002.09,0.58,19993.04;6.6899
20002.09,0.58,19993.04;6.6899
20002.09,0.58,19993.04;6.6899
20002.09,0.58,19993.04;6.6899
20002.09,0.58,19993.04;6.6899
20002.09,0.58,19993.04;6.6899
20002.09,0.58,19993.04;6.6899
20002.09,0.58,19993.04;6.6899
20002.09,0.58,19993.04;6.6899
20002.09,0.58,19993.04;6.6899
20002.09,0.58,19993.04;6.6899
20002.09,0.58,19993.04;6.6899
20002.09,0.58,19993.04;6.6899
20002.09,0.58,19993.04;6.6899
20002.09,0.58,19993.04;6.6899
20002.09,0.58,19993.04;6.6899
20002.09,0.58,19993.04;6.6899
20002.09,0.58,19993.04;6.6899
20002.09,0.58,19993.04;6.6899
20002.09,0.58,19993.04;6.6899
20002.09,0.58,19993.04;6.6899
20002.09,0.58,19993.04;6.6899
20002.09,0.58,19993.04;6.6899
20002.11,0.58,19993.19;6.919079
20002.11,0.58,19993.19;6.919079
20002.11,0.58,19993.19;6.919079
20002.11,0.58,19993.19;6.919079
20002.11,0.58,19993.19;6.919079
20002.13,0.58,19993.34;6.701358
20002.14,0.58,19993.47;5.945051
20002.14,0.58,19993.47;5.945051
20002.15,0.58,19993.61;4.638707
20002.15,0.58,19993.61;4.638707
20002.15,0.58,19993.61;4.638707
20002.15,0.58,19993.61;4.638707
20002.15,0.58,19993.61;4.638707
20002.15,0.58,19993.61;4.638707
20002.16,0.58,19993.77;3.0688
20002.16,0.58,19993.94;1.991636
20002.16,0.58,19993.94;1.991636
20002.17,0.58,19994.14;1.567643
20002.17,0.58,19994.14;1.567643
20002.17,0.58,19994.14;1.567643
20002.17,0.58,19994.14;1.567643
20002.18,0.58,19994.31;1.980178
20002.18,0.58,19994.31;1.980178
20002.19,0.58,19994.57;3.550086
20002.23,0.58,19994.96;6.094022
20002.33,0.58,19995.54;9.485932
20002.5,0.58,19996.25;13.34767
20002.5,0.58,19996.25;13.34767
20002.79,0.58,19997.17;17.43859
20003.12,0.58,19998.01;21.43783
20003.12,0.58,19998.01;21.43783
20003.12,0.58,19998.01;21.43783
20003.12,0.58,19998.01;21.43783
20003.12,0.58,19998.01;21.43783
20003.12,0.58,19998.01;21.43783
20003.12,0.58,19998.01;21.43783
20003.43,0.58,19998.69;24.97871
20003.43,0.58,19998.69;24.97871
20003.43,0.58,19998.69;24.97871
20003.43,0.58,19998.69;24.97871
20003.43,0.58,19998.69;24.97871
20003.43,0.58,19998.69;24.97871
20003.43,0.58,19998.69;24.97871
20003.43,0.58,19998.69;24.97871
20003.43,0.58,19998.69;24.97871
20003.43,0.58,19998.69;24.97871
20003.43,0.58,19998.69;24.97871
20003.43,0.58,19998.69;24.97871
20003.43,0.58,19998.69;24.97871
20003.43,0.58,19998.69;24.97871
20003.43,0.58,19998.69;24.97871
20003.43,0.58,19998.69;24.97871
20003.68,0.58,19999.15;27.60286
20003.84,0.58,19999.44;29.48216
20003.89,0.58,19999.52;30.79997
20003.89,0.58,19999.52;30.79997
20003.89,0.58,19999.52;30.79997
20003.89,0.58,19999.52;30.79997
20003.89,0.58,19999.52;30.79997
20003.89,0.58,19999.52;30.79997
20003.94,0.58,19999.6;31.61357
20003.98,0.58,19999.67;32.09485
20003.98,0.58,19999.67;32.09485
20003.98,0.58,19999.67;32.09485
20003.98,0.58,19999.67;32.09485
20003.98,0.58,19999.67;32.09485
20003.98,0.58,19999.67;32.09485
20003.98,0.58,19999.67;32.09485
20003.98,0.58,19999.67;32.09485
20004.04,0.58,19999.77;32.83969
20004.12,0.58,19999.87;33.85956
20004.21,0.58,20000.02;35.06277
20004.21,0.58,20000.02;35.06277
20004.21,0.58,20000.02;35.06277
20004.21,0.58,20000.02;35.06277
20004.21,0.58,20000.02;35.06277
20004.21,0.58,20000.02;35.06277
20004.21,0.58,20000.02;35.06277
20004.35,0.58,20000.2;36.3462
20004.35,0.58,20000.2;36.3462
20004.5,0.58,20000.39;37.58379
20004.5,0.58,20000.39;37.58379
20004.64,0.58,20000.58;38.63803
20004.64,0.58,20000.58;38.63803
20004.64,0.58,20000.58;38.63803
20004.64,0.58,20000.58;38.63803
20004.64,0.58,20000.58;38.63803
20004.64,0.58,20000.58;38.63803
20004.64,0.58,20000.58;38.63803
20004.64,0.58,20000.58;38.63803
20004.64,0.58,20000.58;38.63803
20004.78,0.58,20000.73;39.44017
20004.78,0.58,20000.73;39.44017
20004.78,0.58,20000.73;39.44017
20004.78,0.58,20000.73;39.44017
20004.78,0.58,20000.73;39.44017
20004.78,0.58,20000.73;39.44017
20004.78,0.58,20000.73;39.44017
20004.78,0.58,20000.73;39.44017
20004.78,0.58,20000.73;39.44017
20004.78,0.58,20000.73;39.44017
20004.78,0.58,20000.73;39.44017
20004.78,0.58,20000.73;39.44017
20004.78,0.58,20000.73;39.44017
20004.78,0.58,20000.73;39.44017
20004.78,0.58,20000.73;39.44017
20004.78,0.58,20000.73;39.44017
20004.78,0.58,20000.73;39.44017
20004.78,0.58,20000.73;39.44017
20004.78,0.58,20000.73;39.44017
20004.78,0.58,20000.73;39.44017
20004.9,0.58,20000.88;39.95583
20004.9,0.58,20000.88;39.95583
20004.9,0.58,20000.88;39.95583
20004.9,0.58,20000.88;39.95583
20004.9,0.58,20000.88;39.95583
20004.9,0.58,20000.88;39.95583
20004.9,0.58,20000.88;39.95583
20004.9,0.58,20000.88;39.95583
20004.9,0.58,20000.88;39.95583
20004.9,0.58,20000.88;39.95583
20004.9,0.58,20000.88;39.95583
20004.9,0.58,20000.88;39.95583
20004.9,0.58,20000.88;39.95583
20004.9,0.58,20000.88;39.95583
20004.97,0.58,20000.96;40.15063
20004.97,0.58,20000.96;40.15063
20004.97,0.58,20000.96;40.15063
20004.97,0.58,20000.96;40.15063
20004.97,0.58,20000.96;40.15063
20004.97,0.58,20000.96;40.15063
20004.97,0.58,20000.96;40.15063
20004.97,0.58,20000.96;40.15063
20004.97,0.58,20000.96;40.15063
20004.97,0.58,20000.96;40.15063
20005.02,0.58,20001.03;40.17355
20005.02,0.58,20001.03;40.17355
20005.02,0.58,20001.03;40.17355
20005.02,0.58,20001.03;40.17355
20005.02,0.58,20001.03;40.17355
20005.02,0.58,20001.03;40.17355
20005.02,0.58,20001.03;40.17355
20005.02,0.58,20001.03;40.17355
20005.02,0.58,20001.03;40.17355
20005.02,0.58,20001.03;40.17355
20005.02,0.58,20001.03;40.17355
20005.07,0.58,20001.08;40.1621
20005.18,0.58,20001.21;40.1621
20005.18,0.58,20001.21;40.1621
20005.18,0.58,20001.21;40.1621
20005.29,0.58,20001.34;40.23084
20005.29,0.58,20001.34;40.23084
20005.45,0.58,20001.53;40.39127
20005.75,0.58,20001.88;40.59753
20006.18,0.58,20002.39;40.76942
20006.18,0.58,20002.39;40.76942
20006.18,0.58,20002.39;40.76942
20006.18,0.58,20002.39;40.76942
20006.55,0.58,20002.81;40.91839
20006.55,0.58,20002.81;40.91839
20006.55,0.58,20002.81;40.91839
20006.55,0.58,20002.81;40.91839
20006.91,0.58,20003.22;41.02153
20006.91,0.58,20003.22;41.02153
20006.91,0.58,20003.22;41.02153
20006.91,0.58,20003.22;41.02153
20006.91,0.58,20003.22;41.02153
20006.91,0.58,20003.22;41.02153
20006.91,0.58,20003.22;41.02153
20006.91,0.58,20003.22;41.02153
20006.91,0.58,20003.22;41.02153
20006.91,0.58,20003.22;41.02153
20006.91,0.58,20003.22;41.02153
20006.91,0.58,20003.22;41.02153
20006.91,0.58,20003.22;41.02153
20006.91,0.58,20003.22;41.02153
20006.91,0.58,20003.22;41.02153
20006.91,0.58,20003.22;41.02153
20006.91,0.58,20003.22;41.02153
20006.91,0.58,20003.22;41.02153
20006.91,0.58,20003.22;41.02153
20006.91,0.58,20003.22;41.02153
20007.21,0.58,20003.57;41.06735
20007.44,0.58,20003.82;41.27362
20007.54,0.58,20003.95;41.74344
20007.65,0.58,20004.06;42.54559
20007.65,0.58,20004.06;42.54559
20007.65,0.58,20004.06;42.54559
20007.65,0.58,20004.06;42.54559
20007.65,0.58,20004.06;42.54559
20007.78,0.58,20004.19;43.61129
20007.99,0.58,20004.4;45.05515
20007.99,0.58,20004.4;45.05515
20008.19,0.58,20004.59;46.72818
20008.19,0.58,20004.59;46.72818
20008.19,0.58,20004.59;46.72818
20008.19,0.58,20004.59;46.72818
20008.19,0.58,20004.59;46.72818
20008.36,0.58,20004.75;48.14912
20008.36,0.58,20004.75;48.14912
20008.54,0.58,20004.91;49.26066
20008.54,0.58,20004.91;49.26066
20008.54,0.58,20004.91;49.26066
20008.69,0.58,20005.02;50.08572
20008.69,0.58,20005.02;50.08572
20008.74,0.58,20005.06;50.567
20008.74,0.58,20005.06;50.567
20008.74,0.58,20005.06;50.567
20008.74,0.58,20005.06;50.567
20008.74,0.58,20005.06;50.567
20008.74,0.58,20005.06;50.567
20008.74,0.58,20005.06;50.567
20008.74,0.58,20005.06;50.567
20008.74,0.58,20005.06;50.567
20008.76,0.58,20005.08;50.63575
20008.8,0.58,20005.12;50.64721
20008.8,0.58,20005.12;50.64721
20008.83,0.58,20005.15;50.58992
20008.83,0.58,20005.15;50.58992
20008.83,0.58,20005.15;50.58992
20008.83,0.58,20005.15;50.58992
20008.83,0.58,20005.15;50.58992
20008.83,0.58,20005.15;50.58992
20008.83,0.58,20005.15;50.58992
20008.83,0.58,20005.15;50.58992
20008.83,0.58,20005.15;50.58992
20008.83,0.58,20005.15;50.58992
20008.83,0.58,20005.15;50.58992
20008.83,0.58,20005.15;50.58992
20008.83,0.58,20005.15;50.58992
20008.83,0.58,20005.15;50.58992
20008.83,0.58,20005.15;50.58992
20008.83,0.58,20005.15;50.58992
20008.83,0.58,20005.15;50.58992
20008.83,0.58,20005.15;50.58992
20008.83,0.58,20005.15;50.58992
20008.83,0.58,20005.15;50.58992
20008.83,0.58,20005.15;50.58992
20008.83,0.58,20005.15;50.58992
20008.83,0.58,20005.15;50.58992
20008.83,0.58,20005.15;50.58992
20008.83,0.58,20005.15;50.58992
20008.83,0.58,20005.15;50.58992
20008.83,0.58,20005.15;50.58992
20008.83,0.58,20005.15;50.58992
20008.83,0.58,20005.15;50.58992
20008.83,0.58,20005.15;50.58992
20008.83,0.58,20005.15;50.58992
20008.83,0.58,20005.15;50.58992
20008.83,0.58,20005.15;50.58992
20008.83,0.58,20005.15;50.58992
20008.83,0.58,20005.15;50.58992
20008.83,0.58,20005.15;50.58992
20008.83,0.58,20005.15;50.58992
20008.83,0.58,20005.15;50.58992
20008.83,0.58,20005.15;50.58992
20008.83,0.58,20005.15;50.58992
20008.83,0.58,20005.15;50.58992
20008.83,0.58,20005.15;50.58992
20008.83,0.58,20005.15;50.58992
20008.83,0.58,20005.15;50.58992
20008.83,0.58,20005.15;50.58992
20008.83,0.58,20005.15;50.58992
20008.88,0.58,20005.18;50.40657
20008.91,0.58,20005.21;50.08572
20008.95,0.58,20005.24;49.61589
20008.95,0.58,20005.24;49.61589
20008.95,0.58,20005.24;49.61589
20008.95,0.58,20005.24;49.61589
20008.95,0.58,20005.24;49.61589
20008.95,0.58,20005.24;49.61589
20008.95,0.58,20005.24;49.61589
20008.95,0.58,20005.24;49.61589
20008.95,0.58,20005.24;49.61589
20008.95,0.58,20005.24;49.61589
20008.95,0.58,20005.24;49.61589
20008.95,0.58,20005.24;49.61589
20008.95,0.58,20005.24;49.61589
20008.95,0.58,20005.24;49.61589
20008.95,0.58,20005.24;49.61589
20008.95,0.58,20005.24;49.61589
20008.95,0.58,20005.24;49.61589
20008.95,0.58,20005.24;49.61589
20008.95,0.58,20005.24;49.61589
20008.95,0.58,20005.24;49.61589
20008.95,0.58,20005.24;49.61589
20008.95,0.58,20005.24;49.61589
20008.95,0.58,20005.24;49.61589
20008.95,0.58,20005.24;49.61589
20008.95,0.58,20005.24;49.61589
20008.95,0.58,20005.24;49.61589
20008.95,0.58,20005.24;49.61589
20008.95,0.58,20005.24;49.61589
20008.95,0.58,20005.24;49.61589
20008.95,0.58,20005.24;49.61589
20008.95,0.58,20005.24;49.61589
20008.95,0.58,20005.24;49.61589
20008.95,0.58,20005.24;49.61589
20008.95,0.58,20005.24;49.61589
20008.95,0.58,20005.24;49.61589
20008.95,0.58,20005.24;49.61589
20008.95,0.58,20005.24;49.61589
20008.95,0.58,20005.24;49.61589
20008.95,0.58,20005.24;49.61589
20008.95,0.58,20005.24;49.61589
20008.95,0.58,20005.24;49.61589
20008.96,0.58,20005.25;49.06586
20008.95,0.58,20005.24;48.42414
20008.92,0.58,20005.22;47.78243
20008.92,0.58,20005.22;47.78243
20008.88,0.58,20005.18;47.16364
20008.83,0.58,20005.13;46.57921
20008.77,0.58,20005.08;46.00626
20008.71,0.58,20005.02;45.43329
20008.71,0.58,20005.02;45.43329
20008.71,0.58,20005.02;45.43329
20008.71,0.58,20005.02;45.43329
20008.71,0.58,20005.02;45.43329
20008.71,0.58,20005.02;45.43329
20008.71,0.58,20005.02;45.43329
20008.71,0.58,20005.02;45.43329
20008.71,0.58,20005.02;45.43329
20008.71,0.58,20005.02;45.43329
20008.71,0.58,20005.02;45.43329
20008.71,0.58,20005.02;45.43329
20008.71,0.58,20005.02;45.43329
20008.71,0.58,20005.02;45.43329
20008.71,0.58,20005.02;45.43329
20008.71,0.58,20005.02;45.43329
20008.71,0.58,20005.02;45.43329
20008.71,0.58,20005.02;45.43329
20008.71,0.58,20005.02;45.43329
20008.71,0.58,20005.02;45.43329
20008.71,0.58,20005.02;45.43329
20008.71,0.58,20005.02;45.43329
20008.71,0.58,20005.02;45.43329
20008.71,0.58,20005.02;45.43329
20008.71,0.58,20005.02;45.43329
20008.71,0.58,20005.02;45.43329
20008.71,0.58,20005.02;45.43329
20008.71,0.58,20005.02;45.43329
20008.71,0.58,20005.02;45.43329
20008.71,0.58,20005.02;45.43329
20008.71,0.58,20005.02;45.43329
20008.71,0.58,20005.02;45.43329
20008.71,0.58,20005.02;45.43329
20008.71,0.58,20005.02;45.43329
20008.71,0.58,20005.02;45.43329
20008.71,0.58,20005.02;45.43329
20008.66,0.58,20004.96;44.86033
20008.66,0.58,20004.96;44.86033
20008.66,0.58,20004.96;44.86033
20008.66,0.58,20004.96;44.86033
20008.66,0.58,20004.96;44.86033
20008.66,0.58,20004.96;44.86033
20008.66,0.58,20004.96;44.86033
20008.66,0.58,20004.96;44.86033
20008.66,0.58,20004.96;44.86033
20008.66,0.58,20004.96;44.86033
20008.66,0.58,20004.96;44.86033
20008.66,0.58,20004.96;44.86033
20008.66,0.58,20004.96;44.86033
20008.66,0.58,20004.96;44.86033
20008.66,0.58,20004.96;44.86033
20008.66,0.58,20004.96;44.86033
20008.66,0.58,20004.96;44.86033
20008.66,0.58,20004.96;44.86033
20008.61,0.58,20004.91;44.26445
20008.61,0.58,20004.91;44.26445
20008.56,0.58,20004.86;43.68003
20008.5,0.58,20004.79;43.07269
20008.44,0.58,20004.73;42.47681
20008.44,0.58,20004.73;42.47681
20008.44,0.58,20004.73;42.47681
20008.44,0.58,20004.73;42.47681
20008.38,0.58,20004.66;41.85802
20008.31,0.58,20004.59;41.23922
20008.31,0.58,20004.59;41.23922
20008.31,0.58,20004.59;41.23922
20008.31,0.58,20004.59;41.23922
20008.31,0.58,20004.59;41.23922
20008.31,0.58,20004.59;41.239