20000,0.5,20000;0
20000,0.58,20000.25;359.9771
20000,0.58,20000.51;359.9599
20000,0.58,20000.51;359.9599
20000,0.58,20000.76;359.9427
20000,0.58,20001.02;359.9312
20000,0.58,20001.27;359.9198
20000,0.58,20001.52;359.8854
20000,0.58,20001.52;359.8854
20000,0.58,20001.78;359.8568
20000,0.58,20002.03;359.8281
20000,0.58,20002.29;359.7995
19999.99,0.58,20002.54;359.7708
19999.99,0.58,20002.79;359.7479
19999.99,0.58,20002.79;359.7479
19999.99,0.58,20003.05;359.725
19999.99,0.58,20003.3;359.6964
19999.99,0.58,20003.3;359.6964
19999.99,0.58,20003.56;359.6964
19999.99,0.58,20003.81;359.6964
19999.99,0.58,20003.81;359.6964
19999.99,0.58,20003.81;359.6964
19999.99,0.58,20004.06;359.6964
19999.99,0.58,20004.06;359.6964
19999.99,0.58,20004.06;359.6964
19999.99,0.58,20004.32;359.6964
19999.99,0.58,20004.32;359.6964
19999.99,0.58,20004.32;359.6964
19999.98,0.58,20004.57;359.6964
19999.98,0.58,20004.83;359.6964
19999.98,0.58,20004.83;359.6964
19999.98,0.58,20004.83;359.6964
19999.98,0.58,20005.08;359.6964
19999.98,0.58,20005.08;359.6964
19999.98,0.58,20005.08;359.6964
19999.98,0.58,20005.33;359.6964
19999.98,0.58,20005.33;359.6964
19999.98,0.58,20005.33;359.6964
19999.98,0.58,20005.59;359.6964
19999.98,0.58,20005.84;359.6964
19999.98,0.58,20006.1;359.6849
19999.98,0.58,20006.1;359.6849
19999.97,0.58,20006.35;359.6734
19999.97,0.58,20006.6;359.6391
19999.97,0.58,20006.6;359.6391
19999.97,0.58,20006.6;359.6391
19999.97,0.58,20006.86;359.599
19999.97,0.58,20006.86;359.599
19999.97,0.58,20007.11;359.5588
19999.97,0.58,20007.37;359.5187
19999.96,0.58,20007.62;359.4672
19999.96,0.58,20007.62;359.4672
19999.96,0.58,20007.87;359.4156
19999.96,0.58,20008.13;359.3698
19999.96,0.58,20008.38;359.3239
19999.95,0.58,20008.64;359.2838
19999.95,0.58,20008.89;359.2323
19999.95,0.58,20008.89;359.2323
19999.95,0.58,20009.14;359.1807
19999.94,0.58,20009.4;359.1292
19999.94,0.58,20009.4;359.1292
19999.94,0.58,20009.65;359.0776
19999.93,0.58,20009.91;359.0318
19999.93,0.58,20009.91;359.0318
19999.93,0.58,20010.16;358.9859
19999.93,0.58,20010.41;358.9458
19999.92,0.58,20010.67;358.8885
19999.92,0.58,20010.67;358.8885
19999.92,0.58,20010.67;358.8885
19999.92,0.58,20010.92;358.8255
19999.92,0.58,20010.92;358.8255
19999.91,0.58,20011.18;358.7625
19999.9,0.58,20011.43;358.688
19999.9,0.58,20011.43;358.688
19999.9,0.58,20011.68;358.6135
19999.89,0.58,20011.94;358.5448
19999.88,0.58,20012.19;358.4875
19999.88,0.58,20012.19;358.4875
19999.88,0.58,20012.45;358.4302
19999.87,0.58,20012.7;358.3729
19999.87,0.58,20012.7;358.3729
19999.86,0.58,20012.95;358.3156
19999.86,0.58,20013.21;358.2583
19999.86,0.58,20013.21;358.2583
19999.85,0.58,20013.46;358.201
19999.84,0.58,20013.71;358.1552
19999.83,0.58,20013.97;358.1151
19999.83,0.58,20013.97;358.1151
19999.82,0.58,20014.22;358.075
19999.81,0.58,20014.48;358.0464
19999.81,0.58,20014.48;358.0464
19999.8,0.58,20014.73;358.0177
19999.79,0.58,20014.98;357.9948
19999.79,0.58,20014.98;357.9948
19999.79,0.58,20015.24;357.9719
19999.78,0.58,20015.49;357.9375
19999.77,0.58,20015.75;357.8802
19999.77,0.58,20015.75;357.8802
19999.77,0.58,20015.75;357.8802
19999.76,0.58,20016;357.8286
19999.76,0.58,20016;357.8286
19999.75,0.58,20016.25;357.7771
19999.74,0.58,20016.51;357.7141
19999.74,0.58,20016.51;357.7141
19999.73,0.58,20016.76;357.651
19999.72,0.58,20017.01;357.6052
19999.71,0.58,20017.27;357.5708
19999.71,0.58,20017.27;357.5708
19999.71,0.58,20017.27;357.5708
19999.7,0.58,20017.52;357.5364
19999.69,0.58,20017.78;357.5021
19999.69,0.58,20017.78;357.5021
19999.67,0.58,20018.03;357.4677
19999.66,0.58,20018.28;357.4448
19999.65,0.58,20018.54;357.4219
19999.64,0.58,20018.79;357.4104
19999.63,0.58,20019.04;357.3817
19999.63,0.58,20019.04;357.3817
19999.63,0.58,20019.04;357.3817
19999.62,0.58,20019.3;357.3531
19999.62,0.58,20019.3;357.3531
19999.6,0.58,20019.55;357.3245
19999.59,0.58,20019.8;357.3015
19999.59,0.58,20019.8;357.3015
19999.58,0.58,20020.06;357.2729
19999.58,0.58,20020.06;357.2729
19999.57,0.58,20020.31;357.2614
19999.57,0.58,20020.31;357.2614
19999.57,0.58,20020.31;357.2614
19999.56,0.58,20020.57;357.2385
19999.56,0.58,20020.57;357.2385
19999.56,0.58,20020.57;357.2385
19999.54,0.58,20020.82;357.2099
19999.54,0.58,20020.82;357.2099
19999.53,0.58,20021.07;357.187
19999.53,0.58,20021.07;357.187
19999.52,0.58,20021.33;357.1641
19999.51,0.58,20021.58;357.1354
19999.51,0.58,20021.58;357.1354
19999.49,0.58,20021.83;357.1068
19999.48,0.58,20022.09;357.0667
19999.48,0.58,20022.09;357.0667
19999.47,0.58,20022.34;357.0266
19999.45,0.58,20022.6;356.9807
19999.44,0.58,20022.85;356.9521
19999.43,0.58,20023.1;356.912
19999.43,0.58,20023.1;356.912
19999.41,0.58,20023.31;356.8719
19999.4,0.58,20023.53;356.8375
19999.4,0.58,20023.53;356.8375
19999.39,0.58,20023.78;356.7917
19999.39,0.58,20023.78;356.7917
19999.38,0.58,20024.03;356.7401
19999.38,0.58,20024.03;356.7401
19999.36,0.58,20024.29;356.6942
19999.36,0.58,20024.29;356.6942
19999.34,0.58,20024.54;356.6484
19999.33,0.58,20024.79;356.5911
19999.33,0.58,20024.79;356.5911
19999.31,0.58,20025.05;356.5338
19999.3,0.58,20025.3;356.4765
19999.3,0.58,20025.3;356.4765
19999.28,0.58,20025.55;356.4307
19999.28,0.58,20025.55;356.4307
19999.27,0.58,20025.81;356.3849
19999.25,0.58,20026.06;356.3333
19999.25,0.58,20026.06;356.3333
19999.23,0.58,20026.32;356.2817
19999.22,0.58,20026.57;356.2416
19999.22,0.58,20026.57;356.2416
19999.2,0.58,20026.82;356.2015
19999.18,0.58,20027.08;356.1614
19999.17,0.58,20027.33;356.1099
19999.17,0.58,20027.33;356.1099
19999.15,0.58,20027.58;356.0583
19999.13,0.58,20027.84;356.0411
19999.13,0.58,20027.84;356.0411
19999.11,0.58,20028.09;356.0239
19999.1,0.58,20028.34;355.9781
19999.1,0.58,20028.34;355.9781
19999.08,0.58,20028.6;355.9323
19999.06,0.58,20028.85;355.9094
19999.04,0.58,20029.1;355.8864
19999.02,0.58,20029.36;355.8635
19999.02,0.58,20029.36;355.8635
19999.01,0.58,20029.61;355.8635
19999.01,0.58,20029.61;355.8635
19998.99,0.58,20029.86;355.8635
19998.99,0.58,20029.86;355.8635
19998.99,0.58,20029.86;355.8635
19998.97,0.58,20030.12;355.8635
19998.97,0.58,20030.12;355.8635
19998.95,0.58,20030.37;355.8635
19998.95,0.58,20030.37;355.8635
19998.95,0.58,20030.37;355.8635
19998.93,0.58,20030.62;355.8635
19998.93,0.58,20030.62;355.8635
19998.93,0.58,20030.62;355.8635
19998.91,0.58,20030.88;355.8635
19998.91,0.58,20030.88;355.8635
19998.91,0.58,20030.88;355.8635
19998.89,0.58,20031.13;355.8635
19998.88,0.58,20031.38;355.8635
19998.88,0.58,20031.38;355.8635
19998.88,0.58,20031.38;355.8635
19998.86,0.58,20031.64;355.8635
19998.86,0.58,20031.64;355.8635
19998.86,0.58,20031.64;355.8635
19998.86,0.58,20031.64;355.8635
19998.86,0.58,20031.64;355.8635
