20000,0.5,20000;0
20000,0.58,20000.25;359.9083
20000,0.58,20000.51;359.7995
20000,0.58,20000.51;359.7995
20000,0.58,20000.75;359.6906
20000,0.58,20001;359.5875
20000,0.58,20001;359.5875
19999.99,0.58,20001.25;359.4843
19999.99,0.58,20001.51;359.4041
19999.99,0.58,20001.51;359.4041
19999.99,0.58,20001.76;359.3239
19999.98,0.58,20002.01;359.215
19999.98,0.58,20002.25;359.1119
19999.98,0.58,20002.5;359.0088
19999.97,0.58,20002.76;358.9228
19999.97,0.58,20002.76;358.9228
19999.97,0.58,20003.01;358.8369
19999.96,0.58,20003.27;358.7337
19999.96,0.58,20003.27;358.7337
19999.96,0.58,20003.35;358.6306
19999.96,0.58,20003.44;358.5446
19999.95,0.58,20003.64;358.4587
19999.95,0.58,20003.84;358.39
19999.94,0.58,20004.09;358.3212
19999.93,0.58,20004.35;358.218
19999.93,0.58,20004.35;358.218
19999.93,0.58,20004.35;358.218
19999.92,0.58,20004.56;358.1149
19999.92,0.58,20004.77;358.0175
19999.91,0.58,20004.98;357.9774
19999.9,0.58,20005.24;357.9373
19999.89,0.58,20005.49;357.88
19999.89,0.58,20005.49;357.88
19999.88,0.58,20005.71;357.8227
19999.87,0.58,20005.92;357.8055
19999.87,0.58,20005.92;357.8055
19999.86,0.58,20006.17;357.7884
19999.85,0.58,20006.41;357.7654
19999.85,0.58,20006.41;357.7654
19999.85,0.58,20006.62;357.7425
19999.84,0.58,20006.83;357.7253
19999.83,0.58,20007.08;357.6909
19999.83,0.58,20007.08;357.6909
19999.83,0.58,20007.08;357.6909
19999.82,0.58,20007.31;357.6566
19999.81,0.58,20007.55;357.6451
19999.81,0.58,20007.55;357.6451
19999.8,0.58,20007.76;357.6337
19999.8,0.58,20007.76;357.6337
19999.8,0.58,20007.76;357.6337
19999.79,0.58,20007.99;357.6279
19999.78,0.58,20008.23;357.6222
19999.77,0.58,20008.46;357.5936
19999.77,0.58,20008.46;357.5936
19999.76,0.58,20008.66;357.5649
19999.75,0.58,20008.86;357.542
19999.75,0.58,20008.86;357.542
19999.74,0.58,20009.1;357.5191
19999.73,0.58,20009.33;357.5191
19999.73,0.58,20009.33;357.5191
19999.72,0.58,20009.53;357.5191
19999.72,0.58,20009.53;357.5191
19999.72,0.58,20009.72;357.5191
19999.72,0.58,20009.72;357.5191
19999.72,0.58,20009.72;357.5191
19999.71,0.58,20009.91;357.5191
19999.71,0.58,20009.91;357.5191
19999.71,0.58,20009.91;357.5191
19999.7,0.58,20010;357.5191
19999.7,0.58,20010;357.5191
19999.7,0.58,20010.18;357.5191
19999.7,0.58,20010.18;357.5191
19999.7,0.58,20010.18;357.5191
19999.69,0.58,20010.39;357.5076
19999.69,0.58,20010.39;357.5076
19999.69,0.58,20010.39;357.5076
19999.68,0.58,20010.61;357.479
19999.68,0.58,20010.61;357.479
19999.68,0.58,20010.61;357.479
19999.67,0.58,20010.79;357.4503
19999.67,0.58,20010.79;357.4503
19999.66,0.58,20011;357.4045
19999.66,0.58,20011;357.4045
19999.65,0.58,20011.21;357.3586
19999.64,0.58,20011.42;357.3472
19999.64,0.58,20011.42;357.3472
19999.63,0.58,20011.59;357.3358
19999.62,0.58,20011.77;357.3185
19999.62,0.58,20011.77;357.3185
19999.61,0.58,20011.98;357.3014
19999.6,0.58,20012.19;357.2842
19999.59,0.58,20012.4;357.2613
19999.59,0.58,20012.4;357.2613
19999.59,0.58,20012.4;357.2613
19999.59,0.58,20012.58;357.2383
19999.58,0.58,20012.76;357.1982
19999.58,0.58,20012.76;357.1982
19999.57,0.58,20012.96;357.1581
19999.56,0.58,20013.18;357.118
19999.56,0.58,20013.18;357.118
19999.55,0.58,20013.36;357.0779
19999.54,0.58,20013.54;357.0264
19999.53,0.58,20013.75;356.9691
19999.53,0.58,20013.75;356.9691
19999.51,0.58,20013.96;356.9118
19999.5,0.58,20014.18;356.8774
19999.5,0.58,20014.18;356.8774
19999.49,0.58,20014.39;356.843
19999.48,0.58,20014.6;356.7743
19999.48,0.58,20014.6;356.7743
19999.47,0.58,20014.79;356.7055
19999.46,0.58,20014.97;356.6482
19999.45,0.58,20015.18;356.5909
19999.43,0.58,20015.39;356.5451
19999.43,0.58,20015.39;356.5451
19999.42,0.58,20015.58;356.4993
19999.41,0.58,20015.77;356.4362
19999.41,0.58,20015.77;356.4362
19999.39,0.58,20015.99;356.3732
19999.38,0.58,20016.22;356.3159
19999.38,0.58,20016.22;356.3159
19999.37,0.58,20016.4;356.2586
19999.36,0.58,20016.5;356.2071
19999.36,0.58,20016.6;356.1498
19999.36,0.58,20016.6;356.1498
19999.35,0.58,20016.73;356.0925
19999.34,0.58,20016.87;356.0352
19999.34,0.58,20016.87;356.0352
19999.34,0.58,20016.87;356.0352
19999.32,0.58,20017.09;355.9836
19999.32,0.58,20017.09;355.9836
19999.32,0.58,20017.09;355.9836
19999.31,0.58,20017.24;355.9264
19999.31,0.58,20017.24;355.9264
19999.3,0.58,20017.39;355.8691
19999.3,0.58,20017.39;355.8691
19999.29,0.58,20017.52;355.8118
19999.28,0.58,20017.64;355.7602
19999.28,0.58,20017.64;355.7602
19999.27,0.58,20017.82;355.7086
19999.25,0.58,20018.01;355.6514
19999.25,0.58,20018.01;355.6514
19999.25,0.58,20018.01;355.6514
19999.24,0.58,20018.2;355.5883
19999.23,0.58,20018.27;355.531
19999.23,0.58,20018.27;355.531
19999.23,0.58,20018.27;355.531
19999.22,0.58,20018.47;355.4738
19999.2,0.58,20018.66;355.4107
19999.2,0.58,20018.66;355.4107
19999.18,0.58,20018.89;355.3477
19999.16,0.58,20019.13;355.2904
19999.16,0.58,20019.13;355.2904
19999.15,0.58,20019.26;355.2331
19999.15,0.58,20019.26;355.2331
19999.14,0.58,20019.4;355.1644
19999.14,0.58,20019.4;355.1644
19999.14,0.58,20019.4;355.1644
19999.13,0.58,20019.58;355.1071
19999.13,0.58,20019.58;355.1071
19999.13,0.58,20019.58;355.1071
19999.11,0.58,20019.82;355.0612
19999.11,0.58,20019.82;355.0612
19999.11,0.58,20019.82;355.0612
19999.09,0.58,20020.01;354.9982
19999.07,0.58,20020.23;354.9352
19999.05,0.58,20020.45;354.8665
19999.05,0.58,20020.45;354.8665
19999.03,0.58,20020.65;354.7977
19999.01,0.58,20020.86;354.7748
19999.01,0.58,20020.86;354.7748
19999,0.58,20021.03;354.7519
19998.98,0.58,20021.21;354.7175
19998.98,0.58,20021.21;354.7175
19998.97,0.58,20021.35;354.6717
19998.97,0.58,20021.35;354.6717
19998.95,0.58,20021.55;354.643
19998.95,0.58,20021.55;354.643
19998.95,0.58,20021.55;354.643
19998.93,0.58,20021.72;354.6144
19998.93,0.58,20021.72;354.6144
19998.93,0.58,20021.72;354.6144
19998.91,0.58,20021.92;354.5857
19998.91,0.58,20021.92;354.5857
19998.89,0.58,20022.12;354.5571
19998.89,0.58,20022.12;354.5571
19998.88,0.58,20022.29;354.5284
19998.88,0.58,20022.29;354.5284
19998.88,0.58,20022.29;354.5284
19998.86,0.58,20022.5;354.4998
19998.86,0.58,20022.5;354.4998
19998.86,0.58,20022.5;354.4998
19998.84,0.58,20022.69;354.4711
19998.84,0.58,20022.69;354.4711
19998.82,0.58,20022.86;354.4425
19998.82,0.58,20022.86;354.4425
19998.82,0.58,20022.86;354.4425
19998.8,0.58,20023.06;354.4138
19998.8,0.58,20023.06;354.4138
19998.8,0.58,20023.06;354.4138
19998.78,0.58,20023.25;354.3852
19998.78,0.58,20023.25;354.3852
19998.78,0.58,20023.25;354.3852
19998.77,0.58,20023.42;354.3566
19998.77,0.58,20023.42;354.3566
19998.75,0.58,20023.56;354.3279
19998.75,0.58,20023.56;354.3279
19998.75,0.58,20023.56;354.3279
19998.75,0.58,20023.56;354.3279
19998.75,0.58,20023.56;354.3279
19998.75,0.58,20023.56;354.3279
19998.75,0.58,20023.61;354.2993
19998.75,0.58,20023.61;354.2993
19998.75,0.58,20023.61;354.2993
19998.75,0.58,20023.61;354.2993
19998.74,0.58,20023.71;354.2706
19998.74,0.58,20023.71;354.2706
19998.74,0.58,20023.71;354.2706
19998.72,0.58,20023.9;354.242
19998.7,0.58,20024.09;354.242
19998.7,0.58,20024.09;354.242
19998.68,0.58,20024.28;354.242
19998.66,0.58,20024.47;354.242
19998.64,0.58,20024.63;354.242
19998.63,0.58,20024.82;354.242
19998.61,0.58,20025.01;354.242
19998.61,0.58,20025.01;354.242
19998.59,0.58,20025.19;354.242
19998.57,0.58,20025.36;354.2248
19998.57,0.58,20025.36;354.2248
19998.55,0.58,20025.53;354.2076
19998.54,0.58,20025.69;354.1847
19998.54,0.58,20025.69;354.1847
19998.52,0.58,20025.87;354.1618
19998.5,0.58,20026.06;354.1217
19998.48,0.58,20026.24;354.0815
19998.46,0.58,20026.43;354.0472
19998.46,0.58,20026.43;354.0472
19998.45,0.58,20026.58;354.0128
19998.43,0.58,20026.74;353.9784
19998.43,0.58,20026.74;353.9784
19998.41,0.58,20026.92;353.9441
19998.39,0.58,20027.09;353.8982
19998.39,0.58,20027.09;353.8982
19998.37,0.58,20027.27;353.8524
19998.35,0.58,20027.45;353.8065
19998.34,0.58,20027.6;353.7722
19998.34,0.58,20027.6;353.7722
19998.34,0.58,20027.6;353.7722
19998.32,0.58,20027.78;353.7263
19998.32,0.58,20027.78;353.7263
19998.32,0.58,20027.78;353.7263
19998.3,0.58,20027.95;353.6805
19998.28,0.58,20028.13;353.6347
19998.28,0.58,20028.13;353.6347
19998.26,0.58,20028.28;353.6003
19998.24,0.58,20028.45;353.5659
19998.22,0.58,20028.63;353.5316
19998.22,0.58,20028.63;353.5316
19998.2,0.58,20028.8;353.4972
19998.18,0.58,20028.98;353.4514
19998.18,0.58,20028.98;353.4514
19998.16,0.58,20029.12;353.4055
19998.15,0.58,20029.27;353.3654
19998.15,0.58,20029.27;353.3654
19998.13,0.58,20029.44;353.3196
19998.13,0.58,20029.44;353.3196
19998.11,0.58,20029.62;353.2737
19998.09,0.58,20029.79;353.2279
19998.09,0.58,20029.79;353.2279
19998.07,0.58,20029.93;353.1821
19998.05,0.58,20030.08;353.1477
19998.05,0.58,20030.08;353.1477
19998.04,0.58,20030.21;353.1133
19998.02,0.58,20030.33;353.0789
19998.02,0.58,20030.33;353.0789
19998,0.58,20030.49;353.0503
19997.99,0.58,20030.62;353.0217
19997.97,0.58,20030.75;352.9987
19997.97,0.58,20030.75;352.9987
19997.95,0.58,20030.92;352.9758
19997.93,0.58,20031.09;352.9472
19997.93,0.58,20031.09;352.9472
19997.91,0.58,20031.24;352.9185
19997.89,0.58,20031.38;352.9013
19997.89,0.58,20031.38;352.9013
19997.88,0.58,20031.44;352.8727
19997.88,0.58,20031.44;352.8727
19997.87,0.58,20031.59;352.8441
19997.85,0.58,20031.74;352.8154
19997.85,0.58,20031.74;352.8154
19997.85,0.58,20031.74;352.8154
19997.83,0.58,20031.89;352.7925
19997.83,0.58,20031.89;352.7925
19997.81,0.58,20032.03;352.7696
19997.79,0.58,20032.17;352.7581
19997.77,0.58,20032.33;352.7466
19997.77,0.58,20032.33;352.7466
19997.75,0.58,20032.47;352.7352
19997.74,0.58,20032.6;352.7295
19997.74,0.58,20032.6;352.7295
19997.74,0.58,20032.6;352.7295
19997.72,0.58,20032.77;352.7238
19997.72,0.58,20032.77;352.7238
19997.71,0.58,20032.8;352.718
19997.71,0.58,20032.83;352.718
19997.7,0.58,20032.88;352.718
19997.7,0.58,20032.88;352.718
19997.69,0.58,20033;352.718
19997.67,0.58,20033.13;352.7123
19997.67,0.58,20033.13;352.7123
19997.65,0.58,20033.25;352.7065
19997.64,0.58,20033.37;352.6951
19997.64,0.58,20033.37;352.6951
19997.63,0.58,20033.47;352.6836
19997.61,0.58,20033.56;352.6836
19997.61,0.58,20033.56;352.6836
19997.6,0.58,20033.66;352.6836
19997.6,0.58,20033.66;352.6836
19997.59,0.58,20033.76;352.6779
19997.59,0.58,20033.76;352.6779
19997.58,0.58,20033.86;352.6779
19997.58,0.58,20033.86;352.6779
19997.58,0.58,20033.86;352.6779
19997.56,0.58,20033.95;352.6779
19997.56,0.58,20033.95;352.6779
19997.55,0.58,20034.05;352.6779
19997.55,0.58,20034.05;352.6779
19997.55,0.58,20034.05;352.6779
19997.54,0.58,20034.15;352.6779
19997.54,0.58,20034.15;352.6779
19997.54,0.58,20034.15;352.6779
19997.53,0.58,20034.24;352.6779
19997.53,0.58,20034.24;352.6779
19997.53,0.58,20034.24;352.6779
19997.51,0.58,20034.34;352.6779
19997.5,0.58,20034.44;352.6779
19997.5,0.58,20034.44;352.6779
19997.5,0.58,20034.44;352.6779
19997.49,0.58,20034.54;352.6779
19997.49,0.58,20034.54;352.6779
19997.49,0.58,20034.54;352.6779
19997.48,0.58,20034.63;352.6779
19997.48,0.58,20034.63;352.6779
19997.48,0.58,20034.63;352.6779
19997.46,0.58,20034.73;352.6779
19997.45,0.58,20034.82;352.6779
19997.44,0.58,20034.9;352.6779
19997.44,0.58,20034.9;352.6779
19997.43,0.58,20034.98;352.6779
19997.42,0.58,20035.05;352.6779
19997.42,0.58,20035.05;352.6779
19997.42,0.58,20035.05;352.6779
19997.41,0.58,20035.13;352.6779
19997.41,0.58,20035.13;352.6779
19997.41,0.58,20035.13;352.6779
19997.4,0.58,20035.21;352.6779
19997.4,0.58,20035.24;352.6779
19997.4,0.58,20035.24;352.6779
19997.4,0.58,20035.24;352.6779
19997.4,0.58,20035.24;352.6779
19997.4,0.58,20035.24;352.6779
19997.4,0.58,20035.24;352.6779
19997.4,0.58,20035.24;352.6779
19997.4,0.58,20035.24;352.6779
19997.4,0.58,20035.24;352.6779
19997.39,0.58,20035.27;352.6779
19997.39,0.58,20035.27;352.6779
19997.39,0.58,20035.3;352.6779
19997.39,0.58,20035.3;352.6779
19997.39,0.58,20035.33;352.6779
19997.39,0.58,20035.33;352.6779
19997.39,0.58,20035.33;352.6779
19997.39,0.58,20035.33;352.6779
19997.38,0.58,20035.35;352.6779
19997.38,0.58,20035.35;352.6779
19997.38,0.58,20035.39;352.6779
19997.38,0.58,20035.39;352.6779
19997.38,0.58,20035.39;352.6779
19997.38,0.58,20035.39;352.6779
19997.38,0.58,20035.39;352.6779
19997.37,0.58,20035.47;352.6779
19997.37,0.58,20035.47;352.6779
19997.37,0.58,20035.47;352.6779
19997.36,0.58,20035.54;352.6779
19997.36,0.58,20035.54;352.6779
19997.36,0.58,20035.54;352.6779
19997.35,0.58,20035.59;352.6779
19997.35,0.58,20035.63;352.6779
19997.34,0.58,20035.67;352.6779
19997.34,0.58,20035.67;352.6779
19997.34,0.58,20035.67;352.6779
19997.34,0.58,20035.71;352.6779
19997.34,0.58,20035.71;352.6779
19997.34,0.58,20035.71;352.6779
19997.33,0.58,20035.74;352.6779
19997.33,0.58,20035.74;352.6779
19997.33,0.58,20035.74;352.6779
19997.33,0.58,20035.74;352.6779
19997.33,0.58,20035.74;352.6779
19997.33,0.58,20035.74;352.6779
19997.33,0.58,20035.74;352.6779
19997.33,0.58,20035.74;352.6779
19997.33,0.58,20035.74;352.6779
19997.33,0.58,20035.74;352.6779
19997.33,0.58,20035.74;352.6779
19997.33,0.58,20035.74;352.6779
19997.33,0.58,20035.74;352.6779
19997.33,0.58,20035.76;352.6779
19997.33,0.58,20035.76;352.6779
19997.33,0.58,20035.76;352.6779
19997.33,0.58,20035.79;352.6779
19997.33,0.58,20035.79;352.6779
19997.33,0.58,20035.79;352.6779
19997.32,0.58,20035.81;352.6779
19997.32,0.58,20035.81;352.6779
19997.32,0.58,20035.81;352.6779
19997.32,0.58,20035.84;352.6779
19997.32,0.58,20035.87;352.6779
19997.32,0.58,20035.87;352.6779
19997.32,0.58,20035.87;352.6779
19997.31,0.58,20035.89;352.6779
19997.31,0.58,20035.89;352.6779
19997.31,0.58,20035.89;352.6779
19997.31,0.58,20035.92;352.6779
19997.31,0.58,20035.92;352.6779
19997.31,0.58,20035.92;352.6779
19997.31,0.58,20035.94;352.6779
19997.31,0.58,20035.94;352.6779
19997.3,0.58,20035.97;352.6779
19997.3,0.58,20035.97;352.6779
19997.3,0.58,20035.97;352.6779
19997.3,0.58,20035.99;352.6779
19997.3,0.58,20035.99;352.6779
19997.3,0.58,20035.99;352.6779
19997.3,0.58,20036.02;352.6779
19997.3,0.58,20036.02;352.6779
19997.3,0.58,20036.02;352.6779
19997.29,0.58,20036.04;352.6779
19997.29,0.58,20036.07;352.6779
19997.29,0.58,20036.07;352.6779
19997.29,0.58,20036.07;352.6779
19997.29,0.58,20036.1;352.6779
19997.29,0.58,20036.1;352.6779
19997.29,0.58,20036.1;352.6779
19997.29,0.58,20036.12;352.6779
19997.29,0.58,20036.12;352.6779
19997.29,0.58,20036.12;352.6779
19997.29,0.58,20036.13;352.6779
19997.28,0.58,20036.15;352.6779
19997.28,0.58,20036.17;352.6779
19997.28,0.58,20036.17;352.6779
19997.28,0.58,20036.19;352.6779
19997.28,0.58,20036.19;352.6779
19997.27,0.58,20036.22;352.6779
19997.27,0.58,20036.25;352.6779
19997.27,0.58,20036.25;352.6779
19997.26,0.58,20036.32;352.6779
19997.26,0.58,20036.32;352.6779
19997.25,0.58,20036.41;352.6779
19997.25,0.58,20036.41;352.6779
19997.25,0.58,20036.41;352.6779
19997.23,0.58,20036.54;352.6263
19997.23,0.58,20036.54;352.6263
19997.23,0.58,20036.54;352.6263
19997.21,0.58,20036.71;352.5461
19997.21,0.58,20036.71;352.5461
19997.21,0.58,20036.71;352.5461
19997.19,0.58,20036.87;352.4659
19997.16,0.58,20037.08;352.3857
19997.16,0.58,20037.08;352.3857
19997.16,0.58,20037.08;352.3857
19997.13,0.58,20037.32;352.3055
19997.13,0.58,20037.32;352.3055
19997.13,0.58,20037.32;352.3055
19997.09,0.58,20037.57;352.2253
19997.09,0.58,20037.57;352.2253
19997.09,0.58,20037.57;352.2253
19997.06,0.58,20037.82;352.1451
19997.06,0.58,20037.82;352.1451
19997.02,0.58,20038.07;352.0649
19996.99,0.58,20038.32;352.0534
19996.99,0.58,20038.32;352.0534
19996.95,0.58,20038.58;352.042
19996.92,0.58,20038.83;351.8586
19996.92,0.58,20038.83;351.8586
19996.88,0.58,20039.08;351.6753
19996.84,0.58,20039.33;351.3258
19996.84,0.58,20039.33;351.3258
19996.8,0.58,20039.58;351.045
19996.77,0.58,20039.81;350.7643
19996.73,0.58,20040.04;350.4491
19996.73,0.58,20040.04;350.4491
19996.68,0.58,20040.29;350.134
19996.64,0.58,20040.54;349.859
19996.64,0.58,20040.54;349.859
19996.64,0.58,20040.54;349.859
19996.59,0.58,20040.79;349.5381
19996.59,0.58,20040.79;349.5381
19996.54,0.58,20041.04;349.223
19996.54,0.58,20041.04;349.223
19996.5,0.58,20041.29;348.9079
19996.45,0.58,20041.54;348.65
19996.45,0.58,20041.54;348.65
19996.39,0.58,20041.79;348.3922
19996.34,0.58,20042.04;348.0885
19996.34,0.58,20042.04;348.0885
19996.29,0.58,20042.27;347.7849
19996.24,0.58,20042.5;347.4869
19996.24,0.58,20042.5;347.4869
19996.18,0.58,20042.75;347.2405
19996.18,0.58,20042.75;347.2405
19996.13,0.58,20043;346.9942
