20000,0.5,20000;0
20000,0.58,20000.17;359.4385
19999.99,0.58,20000.34;358.877
19999.99,0.58,20000.51;358.2525
19999.98,0.58,20000.68;357.6394
19999.98,0.58,20000.68;357.6394
19999.98,0.58,20000.68;357.6394
19999.97,0.58,20000.85;357.0264
19999.96,0.58,20001.07;356.5393
19999.95,0.58,20001.3;355.9893
19999.95,0.58,20001.3;355.9893
19999.93,0.58,20001.53;355.4393
19999.9,0.58,20001.78;354.9007
19999.88,0.58,20002.03;354.4481
19999.88,0.58,20002.03;354.4481
19999.88,0.58,20002.03;354.4481
19999.85,0.58,20002.28;353.9496
19999.82,0.58,20002.53;353.4511
19999.79,0.58,20002.78;352.9584
19999.79,0.58,20002.78;352.9584
19999.79,0.58,20002.78;352.9584
19999.76,0.58,20003.03;352.5401
19999.73,0.58,20003.28;352.1218
19999.69,0.58,20003.53;351.7494
19999.69,0.58,20003.53;351.7494
19999.69,0.58,20003.53;351.7494
19999.65,0.58,20003.79;351.526
19999.61,0.58,20004.04;351.3025
19999.58,0.58,20004.29;351.3025
19999.58,0.58,20004.29;351.3025
19999.54,0.58,20004.54;351.3025
19999.5,0.58,20004.79;350.9817
19999.46,0.58,20005.04;350.6608
19999.41,0.58,20005.29;350.5634
19999.41,0.58,20005.29;350.5634
19999.41,0.58,20005.29;350.5634
19999.39,0.58,20005.44;350.1337
19999.35,0.58,20005.66;349.7039
19999.31,0.58,20005.88;349.2112
19999.31,0.58,20005.88;349.2112
19999.26,0.58,20006.13;348.7643
19999.26,0.58,20006.13;348.7643
19999.21,0.58,20006.36;348.3174
19999.16,0.58,20006.59;347.8991
19999.16,0.58,20006.59;347.8991
19999.1,0.58,20006.84;347.4178
19999.1,0.58,20006.84;347.4178
19999.05,0.58,20007.08;346.9366
19998.99,0.58,20007.33;346.5068
19998.93,0.58,20007.57;346.0829
19998.93,0.58,20007.57;346.0829
19998.87,0.58,20007.81;345.6588
19998.8,0.58,20008.06;345.3036
19998.8,0.58,20008.06;345.3036
19998.74,0.58,20008.3;344.8281
19998.74,0.58,20008.3;344.8281
19998.67,0.58,20008.53;344.5359
19998.67,0.58,20008.53;344.5359
19998.6,0.58,20008.78;344.1118
19998.6,0.58,20008.78;344.1118
19998.53,0.58,20009.02;343.6879
19998.46,0.58,20009.26;343.4415
19998.39,0.58,20009.49;343.0232
19998.39,0.58,20009.49;343.0232
19998.31,0.58,20009.73;342.6049
19998.24,0.58,20009.97;342.1924
19998.16,0.58,20010.21;341.9002
19998.16,0.58,20010.21;341.9002
19998.16,0.58,20010.21;341.9002
19998.08,0.58,20010.44;341.608
19998,0.58,20010.68;341.2012
19997.92,0.58,20010.92;340.8288
19997.92,0.58,20010.92;340.8288
19997.84,0.58,20011.14;340.8231
19997.84,0.58,20011.14;340.8231
19997.84,0.58,20011.14;340.8231
19997.76,0.58,20011.38;340.8173
19997.76,0.58,20011.38;340.8173
19997.69,0.58,20011.58;340.8058
19997.69,0.58,20011.58;340.8058
19997.69,0.58,20011.58;340.8058
19997.63,0.58,20011.76;340.7944
19997.57,0.58,20011.92;340.7887
19997.52,0.58,20012.07;340.3876
19997.52,0.58,20012.07;340.3876
19997.52,0.58,20012.07;340.3876
19997.47,0.58,20012.19;339.9865
19997.42,0.58,20012.32;339.6657
19997.37,0.58,20012.46;339.4594
19997.37,0.58,20012.46;339.4594
19997.33,0.58,20012.57;339.2532
19997.28,0.58,20012.69;339.0641
19997.25,0.58,20012.79;338.875
19997.21,0.58,20012.88;338.7432
19997.21,0.58,20012.88;338.7432
19997.17,0.58,20012.99;338.6115
19997.12,0.58,20013.1;338.537
19997.08,0.58,20013.21;338.4625
19997.03,0.58,20013.33;338.4052
19997.03,0.58,20013.33;338.4052
19996.99,0.58,20013.43;338.3479
19996.95,0.58,20013.54;338.3192
19996.9,0.58,20013.67;338.2906
19996.84,0.58,20013.81;338.2906
19996.84,0.58,20013.81;338.2906
19996.78,0.58,20013.97;338.2906
19996.72,0.58,20014.13;338.3364
19996.66,0.58,20014.28;338.3823
19996.6,0.58,20014.43;338.451
19996.6,0.58,20014.43;338.451
19996.52,0.58,20014.62;338.5198
19996.45,0.58,20014.8;338.6115
19996.37,0.58,20015.01;338.7031
19996.29,0.58,20015.21;338.8235
19996.29,0.58,20015.21;338.8235
19996.29,0.58,20015.21;338.8235
19996.23,0.58,20015.38;338.8807
19996.15,0.58,20015.59;338.938
19996.15,0.58,20015.59;338.938
19996.15,0.58,20015.59;338.938
19996.06,0.58,20015.8;338.9953
19996.06,0.58,20015.8;338.9953
19996,0.58,20015.98;339.0526
19996,0.58,20015.98;339.0526
19996,0.58,20015.98;339.0526
19995.92,0.58,20016.18;339.1099
19995.92,0.58,20016.18;339.1099
19995.85,0.58,20016.37;339.1672
19995.85,0.58,20016.37;339.1672
19995.85,0.58,20016.37;339.1672
19995.83,0.58,20016.41;339.2245
19995.83,0.58,20016.41;339.2245
19995.75,0.58,20016.62;339.2818
19995.75,0.58,20016.62;339.2818
19995.75,0.58,20016.62;339.2818
19995.67,0.58,20016.83;339.3391
19995.67,0.58,20016.83;339.3391
19995.61,0.58,20017.01;339.3964
19995.61,0.58,20017.01;339.3964
19995.61,0.58,20017.01;339.3964
19995.53,0.58,20017.21;339.4536
19995.53,0.58,20017.21;339.4536
19995.45,0.58,20017.42;339.5109
19995.45,0.58,20017.42;339.5109
19995.45,0.58,20017.42;339.5109
19995.4,0.58,20017.55;339.5682
19995.4,0.58,20017.55;339.5682
19995.33,0.58,20017.75;339.6255
19995.26,0.58,20017.95;339.6714
19995.26,0.58,20017.95;339.6714
19995.2,0.58,20018.12;339.6943
19995.2,0.58,20018.12;339.6943
19995.12,0.58,20018.31;339.7172
19995.12,0.58,20018.31;339.7172
19995.12,0.58,20018.31;339.7172
19995.05,0.58,20018.5;339.7401
19994.98,0.58,20018.68;339.8031
19994.92,0.58,20018.87;339.8661
19994.85,0.58,20019.06;339.975
19994.79,0.58,20019.22;340.0839
19994.79,0.58,20019.22;340.0839
19994.79,0.58,20019.22;340.0839
19994.72,0.58,20019.41;340.1927
19994.65,0.58,20019.59;340.313
19994.59,0.58,20019.78;340.399
19994.59,0.58,20019.78;340.399
19994.59,0.58,20019.78;340.399
19994.54,0.58,20019.92;340.485
19994.49,0.58,20020.05;340.485
19994.46,0.58,20020.16;340.4162
19994.46,0.58,20020.16;340.4162
19994.43,0.58,20020.22;340.3475
19994.41,0.58,20020.29;340.2443
19994.38,0.58,20020.37;340.1412
19994.35,0.58,20020.44;340.0896
19994.32,0.58,20020.52;340.0381
19994.3,0.58,20020.6;340.0323
19994.28,0.58,20020.66;340.0266
19994.28,0.58,20020.66;340.0266
19994.28,0.58,20020.66;340.0266
19994.25,0.58,20020.73;340.0209
19994.22,0.58,20020.81;340.0381
19994.18,0.58,20020.91;340.124
19994.18,0.58,20020.91;340.124
19994.18,0.58,20020.91;340.124
19994.14,0.58,20021.03;340.21
19994.1,0.58,20021.15;340.3532
19994.04,0.58,20021.32;340.4964
19993.97,0.58,20021.5;340.6626
19993.97,0.58,20021.5;340.6626
19993.91,0.58,20021.67;340.8288
19993.86,0.58,20021.84;341.0579
19993.79,0.58,20022.03;341.2871
19993.73,0.58,20022.21;341.5106
19993.73,0.58,20022.21;341.5106
19993.66,0.58,20022.41;341.734
19993.6,0.58,20022.62;341.9403
19993.53,0.58,20022.82;342.1465
19993.47,0.58,20023.01;342.3242
19993.47,0.58,20023.01;342.3242
19993.47,0.58,20023.01;342.3242
19993.42,0.58,20023.17;342.5533
19993.36,0.58,20023.37;342.7825
19993.34,0.5800001,20023.56;342.9945
19993.34,0.5800001,20023.56;342.9945
19993.34,0.5800001,20023.56;342.9945
19993.33,0.5800001,20023.75;343.2523
19993.33,0.5800002,20023.91;343.5102
19993.33,0.5800002,20024.08;343.7737
19993.33,0.5800002,20024.08;343.7737
19993.33,0.5800001,20024.28;344.0373
19993.33,0.5800004,20024.47;344.2436
19993.33,0.5800005,20024.67;344.4842
19993.33,0.5800005,20024.67;344.4842
19993.33,0.5800005,20024.67;344.4842
19993.33,0.5800006,20024.85;344.7191
19993.33,0.5800008,20025.05;344.954
19993.33,0.5800012,20025.26;345.1488
19993.33,0.5800012,20025.26;345.1488
19993.33,0.5800012,20025.26;345.1488
19993.33,0.5800015,20025.46;345.378
19993.33,0.5800018,20025.63;345.6071
19993.33,0.5800021,20025.79;345.8478
19993.33,0.5800021,20025.79;345.8478
19993.33,0.5800021,20025.79;345.8478
19993.33,0.5800019,20025.99;346.0483
19993.33,0.5800023,20026.19;346.2489
19993.33,0.5800022,20026.38;346.4838
19993.33,0.5800022,20026.38;346.4838
19993.33,0.5800024,20026.56;346.713
19993.33,0.5800024,20026.56;346.713
19993.33,0.5800024,20026.76;346.9421
19993.33,0.5800022,20026.96;347.1312
19993.33,0.5800022,20026.96;347.1312
19993.33,0.5800022,20026.96;347.1312
19993.33,0.5800022,20027.16;347.3489
19993.33,0.5800023,20027.3;347.5667
19993.33,0.5800023,20027.44;347.7385
19993.33,0.5800023,20027.44;347.7385
19993.33,0.5800023,20027.54;347.9104
19993.33,0.5800023,20027.54;347.9104
19993.33,0.5800024,20027.62;348.0823
19993.33,0.5800024,20027.7;348.2083
19993.33,0.5800024,20027.7;348.2083
19993.33,0.5800024,20027.7;348.4089
19993.33,0.5800024,20027.7;348.4089
19993.33,0.5800024,20027.7;348.4089
19993.33,0.5800024,20027.7;348.5636
19993.33,0.5800024,20027.7;348.5636
19993.33,0.5800025,20027.75;348.7011
19993.33,0.5800025,20027.75;348.7011
19993.33,0.5800024,20027.88;348.8386
19993.33,0.5800025,20028.02;349.0048
19993.33,0.5800025,20028.02;349.0048
19993.33,0.5800025,20028.14;349.148
19993.33,0.5800025,20028.14;349.148
19993.33,0.5800025,20028.2;349.2912
19993.33,0.5800025,20028.26;349.3199
19993.33,0.5800025,20028.26;349.3199
19993.33,0.5800025,20028.26;349.3371
19993.33,0.5800025,20028.26;349.3371
19993.33,0.5800025,20028.24;349.3542
19993.33,0.5800025,20028.23;349.446
19993.33,0.5800025,20028.23;349.446
19993.33,0.5800025,20028.21;349.4918
19993.33,0.5800025,20028.21;349.4918
19993.33,0.5800025,20028.21;349.4918
19993.34,0.5800025,20028.21;349.5376
19993.34,0.5800025,20028.2;349.5834
19993.34,0.5800025,20028.2;349.5834
19993.34,0.5800025,20028.2;349.5834
19993.34,0.5800025,20028.2;349.5834
19993.34,0.5800025,20028.2;349.6293
19993.34,0.5800025,20028.2;349.6293
19993.34,0.5800025,20028.2;349.6293
19993.34,0.5800025,20028.2;349.6293
19993.34,0.5800025,20028.2;349.6293
19993.34,0.5800025,20028.2;349.635
19993.34,0.5800025,20028.2;349.6407
19993.34,0.5800025,20028.2;349.6407
19993.34,0.5800025,20028.2;349.6407
19993.34,0.5800025,20028.2;349.6407
19993.34,0.5800025,20028.2;349.6407
19993.34,0.5800025,20028.2;349.6407
19993.34,0.5800025,20028.2;349.6407
19993.34,0.5800025,20028.2;349.6407
19993.34,0.5800025,20028.2;349.6407
19993.34,0.5800025,20028.2;349.6407
19993.34,0.5800025,20028.2;349.6407
19993.34,0.5800025,20028.2;349.6407
19993.34,0.5800025,20028.2;349.6407
19993.34,0.5800025,20028.2;349.6407
19993.34,0.5800025,20028.2;349.8929
19993.34,0.5800025,20028.2;349.8929
19993.34,0.5800025,20028.2;350.3455
19993.34,0.5800025,20028.2;350.3455
19993.34,0.5800025,20028.2;350.3455
19993.34,0.5800025,20028.2;350.8038
19993.34,0.5800025,20028.2;350.8038
19993.34,0.5800025,20028.2;351.1705
19993.34,0.5800025,20028.2;351.1705
19993.34,0.5800025,20028.2;351.1705
19993.34,0.5800025,20028.2;351.1705
19993.34,0.5800025,20028.2;351.5945
19993.34,0.5800025,20028.2;352.0128
19993.34,0.5800025,20028.2;352.0128
19993.34,0.5800025,20028.2;352.0128
19993.34,0.5800025,20028.2;352.368
19993.34,0.5800025,20028.2;352.368
19993.34,0.5800025,20028.2;352.7978
19993.34,0.5800025,20028.2;352.7978
19993.34,0.5800025,20028.2;352.7978
19993.34,0.5800025,20028.2;353.2275
19993.34,0.5800025,20028.2;353.6629
19993.34,0.5800025,20028.19;354.0353
19993.34,0.5800025,20028.19;354.0353
19993.34,0.5800025,20028.19;354.0353
19993.34,0.5800025,20028.19;354.4536
19993.34,0.5800025,20028.19;354.4536
19993.34,0.5800025,20028.18;354.8719
19993.34,0.5800025,20028.18;354.8719
19993.34,0.5800025,20028.18;354.8719
19993.34,0.5800025,20028.19;355.2214
19993.34,0.5800025,20028.19;355.2214
19993.34,0.5800025,20028.19;355.6454
19993.34,0.5800025,20028.19;355.6454
19993.34,0.5800025,20028.19;355.6454
19993.34,0.5800025,20028.2;356.0694
19993.34,0.5800025,20028.2;356.4933
19993.34,0.5800025,20028.21;356.8772
19993.34,0.5800025,20028.21;356.8772
19993.34,0.5800025,20028.23;357.3413
19993.34,0.5800025,20028.23;357.3413
19993.34,0.5800025,20028.25;357.8112
19993.34,0.5800025,20028.25;357.8112
19993.34,0.5800025,20028.25;357.8112
19993.34,0.5800025,20028.27;358.2065
19993.34,0.5800025,20028.27;358.6018
19993.34,0.5800025,20028.27;359.0717
19993.34,0.5800025,20028.27;359.0717
19993.33,0.5800025,20028.29;359.5415
19993.33,0.5800025,20028.29;359.5415
19993.33,0.5800025,20028.3;0.01130071
19993.33,0.5800025,20028.31;0.412366
19993.33,0.5800025,20028.31;0.412366
19993.34,0.5800025,20028.33;0.8821924
19993.34,0.5800025,20028.36;1.352019
19993.34,0.5800025,20028.39;1.821845
19993.34,0.5800025,20028.39;1.821845
19993.34,0.5800025,20028.43;2.228651
19993.34,0.5800025,20028.43;2.228651
19993.34,0.5800025,20028.46;2.692748
19993.34,0.5800025,20028.46;2.692748
19993.34,0.5800025,20028.49;3.162575
19993.34,0.5800025,20028.49;3.162575
19993.34,0.5800025,20028.52;3.632401
19993.34,0.5800025,20028.54;4.033466
19993.35,0.5800025,20028.57;4.491835
19993.35,0.5800025,20028.57;4.491835
19993.35,0.5800025,20028.59;4.950203
19993.35,0.5800025,20028.62;5.40857
19993.35,0.5800025,20028.62;5.40857
19993.35,0.5800025,20028.64;5.798178
19993.35,0.5800025,20028.64;5.798178
19993.36,0.5800025,20028.66;6.187785
19993.36,0.5800025,20028.68;6.623236
19993.36,0.5800025,20028.69;7.030042
19993.36,0.5800025,20028.69;7.030042
19993.36,0.5800025,20028.69;7.030042
19993.36,0.5800025,20028.68;7.373815
19993.35,0.5800025,20028.65;7.71759
19993.35,0.5800025,20028.62;8.095737
19993.35,0.5800025,20028.62;8.095737
19993.34,0.5800025,20028.58;8.473886
19993.34,0.5800025,20028.53;8.82339
19993.34,0.5800025,20028.53;9.172892
19993.34,0.5800025,20028.53;9.493749
19993.34,0.5800025,20028.53;9.889085
19993.34,0.5800025,20028.55;10.28442
19993.34,0.5800025,20028.57;10.67976
19993.34,0.5800025,20028.57;10.67976
19993.34,0.5800025,20028.57;10.67976
19993.34,0.5800025,20028.57;11.00634
19993.36,0.5800025,20028.63;11.33293
19993.37,0.5800025,20028.69;11.68243
19993.37,0.5800025,20028.69;11.68243
19993.37,0.5800025,20028.69;11.68243
19993.39,0.5800025,20028.79;12.03194
19993.4,0.5800025,20028.83;12.41581
19993.41,0.5800025,20028.87;12.73667
19993.41,0.5800025,20028.87;12.73667
19993.42,0.5800025,20028.92;13.05753
19993.43,0.5800025,20028.96;13.47006
19993.46,0.5800025,20029.11;13.8826
19993.5,0.5800025,20029.25;14.2894
19993.5,0.5800025,20029.25;14.2894
19993.53,0.5800025,20029.35;14.69621
19993.55,0.5800025,20029.45;15.07436
19993.61,0.5800025,20029.64;15.4525
19993.66,0.5800025,20029.83;15.90514
19993.66,0.5800025,20029.83;15.90514
19993.67,0.5800025,20029.86;16.35778
19993.68,0.5800025,20029.89;16.77032
19993.68,0.5800025,20029.89;16.77032
19993.69,0.5800025,20029.93;17.24587
19993.69,0.5800025,20029.93;17.24587
19993.69,0.5800025,20029.93;17.24587
19993.7,0.5800025,20029.96;17.70424
19993.7,0.5800025,20029.96;17.70424
19993.71,0.5800025,20029.99;18.07666
19993.71,0.5800025,20029.99;18.07666
19993.71,0.5800025,20029.99;18.07666
19993.72,0.5800025,20030.02;18.50639
19993.74,0.5800025,20030.07;18.93611
19993.76,0.5800025,20030.12;19.36583
19993.76,0.5800025,20030.12;19.36583
19993.8,0.5800025,20030.26;19.79556
19993.86,0.5800025,20030.39;20.1737
19993.9,0.5800025,20030.51;20.55186
19993.94,0.5800025,20030.63;21.01022
19993.94,0.5800025,20030.63;21.01022
19993.96,0.5800025,20030.66;21.48005
19993.96,0.5800025,20030.66;21.48005
19993.96,0.5800025,20030.68;21.94987
19993.97,0.5800025,20030.7;22.33949
19993.97,0.5800025,20030.7;22.33949
19993.97,0.5800025,20030.7;22.33949
19993.97,0.5800025,20030.71;22.79785
19993.98,0.5800025,20030.72;23.25622
19993.99,0.5800025,20030.74;23.6974
19993.99,0.5800025,20030.74;23.6974
19994,0.5800025,20030.77;24.06409
19994,0.5800025,20030.77;24.06409
19994.01,0.5800025,20030.78;24.43078
19994.01,0.5800025,20030.79;24.88342
19994.01,0.5800025,20030.79;24.88342
19994.02,0.5800025,20030.8;25.34179
19994.02,0.5800025,20030.8;25.34179
19994.02,0.5800025,20030.8;25.80016
19994.01,0.5800025,20030.79;26.20696
19994.01,0.5800025,20030.79;26.20696
19994.01,0.5800025,20030.78;26.67678
19994.01,0.5800025,20030.78;26.67678
19994.01,0.5800025,20030.78;27.14661
19994.01,0.5800025,20030.78;27.61644
19994.01,0.5800025,20030.78;27.61644
19994.02,0.5800025,20030.8;28.01177
19994.02,0.5800025,20030.8;28.01177
19994.02,0.5800025,20030.8;28.01177
19994.03,0.5800025,20030.82;28.4816
19994.03,0.5800025,20030.82;28.4816
19994.03,0.5800025,20030.83;28.93423
19994.03,0.5800025,20030.83;28.93423
19994.05,0.5800025,20030.86;29.38688
19994.08,0.5800025,20030.9;29.78221
19994.11,0.5800025,20030.96;30.24057
19994.11,0.5800025,20030.96;30.24057
19994.11,0.5800025,20030.96;30.24057
19994.13,0.5800025,20030.99;30.69894
19994.14,0.5800025,20031.02;31.14585
19994.18,0.5800025,20031.07;31.53546
19994.18,0.5800025,20031.07;31.53546
19994.18,0.5800025,20031.07;31.53546
19994.23,0.5800025,20031.16;31.92507
19994.29,0.5800025,20031.25;32.37198
19994.31,0.5800025,20031.28;32.76732
19994.31,0.5800025,20031.28;32.76732
19994.31,0.5800025,20031.28;32.76732
19994.38,0.5800025,20031.39;33.16265
19994.45,0.5800025,20031.5;33.44341
19994.45,0.5800025,20031.5;33.70698
19994.44,0.5800025,20031.48;33.97054
19994.42,0.5800025,20031.46;34.03929
19994.42,0.5800025,20031.46;34.10805
19994.42,0.5800025,20031.46;34.08513
19994.42,0.5800025,20031.46;34.08513
19994.43,0.5800025,20031.47;34.06221
19994.44,0.5800025,20031.48;33.99347
19994.46,0.5800025,20031.51;33.92472
19994.47,0.5800025,20031.53;33.83304
19994.47,0.5800025,20031.53;33.83304
19994.47,0.5800025,20031.53;33.83304
19994.49,0.5800025,20031.56;33.74136
19994.51,0.5800025,20031.59;33.64968
19994.53,0.5800025,20031.62;33.54082
19994.53,0.5800025,20031.62;33.54082
19994.56,0.5800025,20031.66;33.43196
19994.58,0.5800025,20031.7;33.34028
19994.61,0.5800025,20031.74;33.2486
19994.64,0.5800025,20031.78;33.12254
19994.64,0.5800025,20031.78;33.12254
19994.67,0.5800025,20031.84;32.9965
19994.71,0.5800025,20031.89;32.83607
19994.76,0.5800025,20031.97;32.69283
19994.76,0.5800025,20031.97;32.69283
19994.76,0.5800025,20031.97;32.69283
19994.8,0.5800025,20032.04;32.52094
19994.86,0.5800025,20032.13;32.34905
19994.92,0.5800025,20032.23;32.17717
19994.92,0.5800025,20032.23;32.17717
19994.99,0.5800025,20032.34;32.00528
19995.07,0.5800025,20032.46;31.85631
19995.14,0.5800025,20032.57;31.66723
19995.14,0.5800025,20032.57;31.66723
19995.23,0.5800025,20032.72;31.47816
19995.32,0.5800025,20032.87;31.27189
19995.41,0.5800025,20033.03;31.06563
19995.5,0.5800025,20033.18;30.89375
19995.5,0.5800025,20033.18;30.89375
19995.58,0.5800025,20033.3;30.68748
19995.66,0.5800025,20033.44;30.48123
19995.74,0.5800025,20033.58;30.29215
19995.74,0.5800025,20033.58;30.29215
19995.82,0.5800025,20033.71;30.13745
19995.89,0.5800025,20033.83;29.98275
19995.96,0.5800025,20033.95;29.79941
19995.96,0.5800025,20033.95;29.79941
19996.03,0.5800025,20034.09;29.77077
19996.11,0.5800025,20034.22;29.74212
19996.11,0.5800025,20034.22;29.74212
19996.11,0.5800025,20034.22;29.74212
19996.18,0.5800025,20034.34;29.71347
19996.18,0.5800025,20034.34;29.71347
19996.25,0.5800025,20034.47;29.68483
19996.25,0.5800025,20034.47;29.68483
19996.25,0.5800025,20034.47;29.68483
19996.33,0.5800025,20034.61;29.53012
19996.39,0.5800025,20034.72;29.37543
19996.45,0.5800025,20034.83;29.16916
19996.45,0.5800025,20034.83;29.16916
19996.53,0.5800025,20034.96;28.96863
19996.53,0.5800025,20034.96;28.96863
19996.6,0.5800025,20035.1;28.7681
19996.67,0.5800025,20035.23;28.59621
19996.67,0.5800025,20035.23;28.59621
19996.73,0.5800025,20035.34;28.38995
19996.73,0.5800025,20035.34;28.38995
19996.8,0.5800025,20035.47;28.18369
19996.88,0.5800025,20035.61;27.9717
19996.88,0.5800025,20035.61;27.9717
19996.95,0.5800025,20035.74;27.79408
19996.95,0.5800025,20035.74;27.79408
19997,0.5800025,20035.85;27.61647
19997.06,0.5800025,20035.97;27.40447
19997.06,0.5800025,20035.97;27.40447
19997.13,0.5800025,20036.1;27.19821
19997.13,0.5800025,20036.1;27.19821
19997.2,0.5800025,20036.23;27.01487
19997.2,0.5800025,20036.23;27.01487
19997.25,0.5800025,20036.34;26.79715
19997.25,0.5800025,20036.34;26.79715
19997.32,0.5800025,20036.47;26.57943
19997.38,0.5800025,20036.6;26.35598
19997.38,0.5800025,20036.6;26.35598
19997.45,0.5800025,20036.73;26.16117
19997.45,0.5800025,20036.73;26.16117
19997.5,0.5800025,20036.84;25.96637
19997.55,0.5800025,20036.95;25.76583
19997.55,0.5800025,20036.95;25.76583
19997.61,0.5800025,20037.07;25.70854
19997.61,0.5800025,20037.07;25.70854
19997.67,0.5800025,20037.19;25.54239
19997.72,0.5800025,20037.29;25.33039
19997.72,0.5800025,20037.29;25.33039
19997.72,0.5800025,20037.29;25.33039
19997.78,0.5800025,20037.42;25.1184
19997.83,0.5800025,20037.54;24.91214
19997.88,0.5800025,20037.65;24.73452
19997.88,0.5800025,20037.65;24.73452
19997.88,0.5800025,20037.65;24.73452
19997.94,0.5800025,20037.77;24.55691
19998,0.5800025,20037.9;24.3048
19998.04,0.5800025,20037.99;23.97822
19998.04,0.5800025,20037.99;23.97822
19998.04,0.5800025,20037.99;23.97822
19998.05,0.5800025,20038.03;23.65163
19998.07,0.5800025,20038.07;23.42818
19998.09,0.5800025,20038.12;23.2563
19998.09,0.5800025,20038.12;23.2563
19998.09,0.5800025,20038.12;23.2563
19998.1,0.5800025,20038.15;23.08441
19998.12,0.5800025,20038.18;22.95836
19998.13,0.5800025,20038.21;22.8323
19998.15,0.5800025,20038.25;22.75783
19998.15,0.5800025,20038.25;22.75783
19998.17,0.5800025,20038.31;22.68335
19998.2,0.5800025,20038.37;22.58594
19998.23,0.5800025,20038.45;22.48853
19998.26,0.5800025,20038.52;22.3854
19998.26,0.5800025,20038.52;22.3854
19998.3,0.5800025,20038.61;22.28226
19998.33,0.5800025,20038.7;22.19058
19998.38,0.5800025,20038.82;22.09891
19998.43,0.5800025,20038.95;21.97285
19998.43,0.5800025,20038.95;21.97285
19998.49,0.5800025,20039.09;21.8468
19998.54,0.5800025,20039.22;21.70356
19998.6,0.5800025,20039.36;21.58323
19998.6,0.5800025,20039.36;21.58323
19998.6,0.5800025,20039.36;21.58323
19998.66,0.5800025,20039.53;21.45718
19998.73,0.5800025,20039.7;21.33113
19998.8,0.5800025,20039.88;21.22226
19998.8,0.5800025,20039.88;21.22226
19998.8,0.5800025,20039.88;21.22226
19998.87,0.5800025,20040.04;21.1134
19998.95,0.5800025,20040.27;21.03319
19999.03,0.5800025,20040.49;20.89568
19999.03,0.5800025,20040.49;20.89568
19999.03,0.5800025,20040.49;20.89568
19999.11,0.5800025,20040.68;20.75817
19999.2,0.5800025,20040.92;20.62066
19999.2,0.5800025,20040.92;20.62066
19999.2,0.5800025,20040.92;20.62066
19999.2,0.5800025,20040.92;20.62066
19999.29,0.5800025,20041.16;20.6092
19999.29,0.5800025,20041.16;20.6092
19999.38,0.5800025,20041.39;20.48888
19999.38,0.5800025,20041.39;20.48888
19999.38,0.5800025,20041.39;20.48888
19999.46,0.5800025,20041.61;20.36283
19999.54,0.5800025,20041.85;20.23678
19999.63,0.5800025,20042.09;20.07062
19999.63,0.5800025,20042.09;20.07062
19999.63,0.5800025,20042.09;20.07062
19999.72,0.5800025,20042.32;19.893
19999.72,0.5800025,20042.32;19.893
19999.79,0.5800025,20042.53;19.71539
19999.86,0.5800025,20042.73;19.56642
19999.86,0.5800025,20042.73;19.56642
19999.95,0.5800025,20042.97;19.40026
19999.95,0.5800025,20042.97;19.40026
20000.02,0.5800025,20043.19;19.2341
20000.1,0.5800025,20043.41;19.07368
20000.1,0.5800025,20043.41;19.07368
20000.18,0.5800025,20043.65;18.94189
20000.18,0.5800025,20043.65;18.94189
20000.26,0.5800025,20043.87;18.81011
20000.33,0.5800025,20044.1;18.64968
20000.33,0.5800025,20044.1;18.64968
20000.33,0.5800025,20044.1;18.50644
20000.33,0.5800025,20044.1;18.50644
20000.33,0.5800025,20044.1;18.50644
20000.33,0.5800025,20044.1;18.44342
20000.33,0.5800025,20044.1;18.44342
20000.33,0.5800025,20044.1;18.283
20000.33,0.5800025,20044.1;18.283
20000.33,0.5800025,20044.1;18.283
20000.34,0.5800025,20044.11;18.13403
20000.34,0.5800025,20044.11;18.13403
20000.34,0.5800025,20044.11;18.03089
20000.34,0.5800025,20044.11;18.03089
20000.34,0.5800025,20044.13;17.92775
20000.35,0.5800025,20044.16;17.7043
20000.4,0.5800025,20044.31;17.48085
20000.45,0.5800025,20044.45;17.26313
20000.45,0.5800025,20044.45;17.26313
20000.45,0.5800025,20044.46;17.04541
20000.45,0.5800025,20044.47;17.01677
20000.45,0.5800025,20044.47;17.09698
20000.45,0.5800025,20044.47;17.09698
20000.45,0.5800025,20044.47;17.09698
20000.45,0.5800025,20044.46;17.17718
20000.44,0.5800025,20044.44;17.33188
20000.43,0.5800025,20044.41;17.59544
20000.43,0.5800025,20044.41;17.59544
20000.43,0.5800025,20044.41;17.59544
20000.42,0.5800025,20044.37;17.85901
20000.41,0.5800025,20044.34;18.16268
20000.4,0.5800025,20044.31;18.46635
20000.39,0.5800025,20044.29;18.7471
20000.39,0.5800025,20044.29;18.7471
20000.38,0.5800025,20044.25;19.02785
20000.38,0.5800025,20044.25;19.02785
20000.36,0.5800025,20044.21;19.38881
20000.35,0.5800025,20044.16;19.77842
20000.35,0.5800025,20044.16;19.77842
20000.33,0.5800025,20044.12;20.16803
20000.31,0.5800025,20044.08;20.53472
20000.31,0.5800025,20044.06;20.90141
20000.31,0.5800025,20044.05;21.38269
20000.31,0.5800025,20044.05;21.38269
20000.31,0.5800025,20044.05;21.38269
20000.3,0.5800025,20044.04;21.85252
20000.3,0.5800025,20044.03;22.24785
20000.3,0.5800025,20044.03;22.24785
20000.3,0.5800025,20044.03;22.24785
20000.3,0.5800025,20044.03;22.24785
20000.29,0.5800025,20044.02;22.71195
20000.29,0.5800025,20044.01;23.18751
20000.29,0.5800025,20044.01;23.18751
20000.29,0.5800025,20044.01;23.18751
20000.29,0.5800025,20044.01;23.66306
20000.29,0.5800025,20044.01;23.81204
20000.29,0.5800025,20044.01;24.2704
20000.29,0.5800025,20044.01;24.2704
20000.29,0.5800025,20044.01;24.2704
20000.29,0.5800025,20044.01;24.72877
20000.29,0.5800025,20044.01;25.24443
20000.29,0.5800025,20044.01;25.67988
20000.29,0.5800025,20044.01;25.67988
20000.29,0.5800025,20044.01;25.67988
20000.29,0.5800025,20044.01;26.11533
20000.29,0.5800025,20044.01;26.60808
20000.29,0.5800025,20044.01;27.10082
20000.29,0.5800025,20044.01;27.59356
20000.29,0.5800025,20044.01;27.59356
20000.29,0.5800025,20044.01;28.08631
20000.29,0.5800025,20044.01;28.5103
20000.29,0.5800025,20044.01;28.93429
20000.29,0.5800025,20044.01;29.43277
20000.29,0.5800025,20044.01;29.43277
20000.29,0.5800025,20044.01;29.93124
20000.29,0.5800025,20044.01;30.3667
20000.29,0.5800025,20044.02;30.80215
20000.29,0.5800025,20044.02;31.14593
20000.29,0.5800025,20044.02;31.14593
20000.32,0.5800025,20044.06;31.50688
20000.32,0.5800025,20044.06;31.50688
20000.34,0.5800025,20044.1;31.8392
20000.34,0.5800025,20044.1;31.8392
20000.34,0.5800025,20044.1;31.8392
20000.37,0.5800025,20044.14;32.10276
20000.41,0.5800025,20044.21;32.36633
20000.45,0.5800025,20044.27;32.67001
20000.45,0.5800025,20044.27;32.67001
20000.45,0.5800025,20044.27;32.67001
20000.47,0.5800025,20044.31;32.92211
20000.46,0.5800025,20044.29;33.17422
20000.46,0.5800025,20044.28;33.26589
20000.46,0.5800025,20044.28;33.26589
20000.46,0.5800025,20044.28;33.26589
20000.46,0.5800025,20044.28;33.35757
20000.47,0.5800025,20044.3;33.44925
20000.49,0.5800025,20044.33;33.43206
20000.49,0.5800025,20044.33;33.43206
20000.49,0.5800025,20044.33;33.43206
20000.51,0.5800025,20044.36;33.43779
20000.51,0.5800025,20044.36;33.43779
20000.57,0.5800025,20044.45;33.49509
20000.57,0.5800025,20044.45;33.49509
20000.57,0.5800025,20044.45;33.49509
20000.65,0.5800025,20044.57;33.53519
20000.65,0.5800025,20044.57;33.53519
20000.74,0.5800025,20044.71;33.57529
20000.83,0.5800025,20044.85;33.62685
20000.83,0.5800025,20044.85;33.62685
20000.96,0.5800025,20045.03;33.7128
20000.96,0.5800025,20045.03;33.7128
20001.07,0.5800025,20045.21;33.79876
20001.19,0.5800025,20045.38;33.92481
20001.19,0.5800025,20045.38;33.92481
20001.33,0.5800025,20045.59;34.03941
20001.33,0.5800025,20045.59;34.03941
20001.47,0.5800025,20045.8;34.154
20001.62,0.5800025,20046.01;34.27433
20001.76,0.5800025,20046.22;34.40611
20001.76,0.5800025,20046.22;34.40611
20001.76,0.5800025,20046.22;34.40611
20001.9,0.5800025,20046.42;34.50925
20001.9,0.5800025,20046.42;34.50925
20002.04,0.5800025,20046.63;34.62957
20002.04,0.5800025,20046.63;34.62957
20002.04,0.5800025,20046.63;34.62957
20002.17,0.5800025,20046.82;34.7499
20002.17,0.5800025,20046.82;34.7499
20002.32,0.5800025,20047.03;34.8473
20002.32,0.5800025,20047.03;34.8473
20002.32,0.5800025,20047.03;34.8473
20002.46,0.5800025,20047.23;34.94471
20002.61,0.5800025,20047.44;35.05357
20002.74,0.5800025,20047.62;35.08223
20002.74,0.5800025,20047.62;35.08223
20002.74,0.5800025,20047.62;35.08223
20002.88,0.5800025,20047.83;35.11087
20003.02,0.5800025,20048.02;35.13952
20003.02,0.5800025,20048.02;35.13952
20003.02,0.5800025,20048.02;35.13952
20003.16,0.5800025,20048.22;35.16816
20003.16,0.5800025,20048.22;35.16816
20003.29,0.5800025,20048.4;35.19681
20003.29,0.5800025,20048.4;35.19681
20003.29,0.5800025,20048.4;35.19681
20003.43,0.5800025,20048.61;35.22546
20003.56,0.5800025,20048.79;35.2541
20003.56,0.5800025,20048.79;35.2541
20003.56,0.5800025,20048.79;35.2541
20003.71,0.5800025,20048.99;35.28275
20003.71,0.5800025,20048.99;35.28275
20003.85,0.5800025,20049.2;35.31139
20003.85,0.5800025,20049.2;35.31139
20003.85,0.5800025,20049.2;35.31139
20003.98,0.5800025,20049.38;35.34004
20004.13,0.5800025,20049.59;35.36869
20004.13,0.5800025,20049.59;35.36869
20004.13,0.5800025,20049.59;35.36869
20004.27,0.5800025,20049.8;35.39734
20004.27,0.5800025,20049.8;35.39734
20004.4,0.5800025,20049.98;35.42599
20004.4,0.5800025,20049.98;35.42599
20004.4,0.5800025,20049.98;35.42599
20004.55,0.5800025,20050.19;35.45463
20004.7,0.5800025,20050.39;35.46035
20004.7,0.5800025,20050.39;35.46035
20004.85,0.5800025,20050.6;35.48327
20004.97,0.5800025,20050.78;35.50619
20005.1,0.5800025,20050.95;35.63225
20005.25,0.5800025,20051.16;35.7583
20005.4,0.5800025,20051.37;35.87289
20005.4,0.5800025,20051.37;35.87289
20005.55,0.5800025,20051.57;36.00468
20005.69,0.5800025,20051.77;36.13646
20005.84,0.5800025,20051.97;36.2396
20005.84,0.5800025,20051.97;36.2396
20005.84,0.5800025,20051.97;36.2396
20005.96,0.5800025,20052.14;36.34273
20005.98,0.5800025,20052.16;36.44587
20005.99,0.5800025,20052.18;36.56619
20005.99,0.5800025,20052.18;36.56619
20005.99,0.5800025,20052.18;36.56619
20006,0.5800025,20052.2;36.68652
20006.05,0.5800025,20052.26;36.80684
20006.11,0.5800025,20052.33;36.90998
20006.11,0.5800025,20052.33;36.90998
20006.25,0.5800025,20052.53;37.02457
20006.25,0.5800025,20052.53;37.02457
20006.4,0.5800025,20052.72;37.13917
20006.54,0.5800025,20052.91;37.25949
20006.7,0.5800025,20053.11;37.36836
20006.7,0.5800025,20053.11;37.36836
20006.7,0.5800025,20053.11;37.36836
20006.85,0.5800025,20053.31;37.48868
20006.85,0.5800025,20053.31;37.48868
20006.85,0.5800025,20053.31;37.48868
20006.98,0.5800025,20053.48;37.59755
20007.14,0.5800027,20053.63;37.70641
20007.29,0.580004,20053.63;37.83247
20007.29,0.580004,20053.63;37.83247
20007.44,0.5800031,20053.63;37.95852
20007.44,0.5800031,20053.63;37.95852
20007.59,0.5800027,20053.63;38.08458
20007.75,0.5800031,20053.63;38.19344
20007.75,0.5800031,20053.63;38.19344
20007.91,0.5800047,20053.63;38.31949
20007.91,0.5800047,20053.63;38.31949
20008.05,0.5800059,20053.63;38.44555
20008.19,0.5800062,20053.63;38.57733
20008.19,0.5800062,20053.63;38.57733
20008.35,0.5800059,20053.63;38.69193
20008.35,0.5800059,20053.63;38.69193
20008.51,0.5800072,20053.63;38.80652
20008.67,0.5800071,20053.63;38.93831
20008.8,0.5800074,20053.63;39.05863
20008.8,0.5800074,20053.63;39.05863
20008.96,0.5800085,20053.63;39.15604
20008.96,0.5800085,20053.63;39.15604
20009.11,0.5800086,20053.63;39.2649
20009.11,0.5800086,20053.63;39.2649
20009.24,0.5800092,20053.63;39.37377
20009.37,0.5800098,20053.63;39.49409
20009.52,0.5800102,20053.63;39.61441
20009.67,0.5800114,20053.63;39.72328
20009.67,0.5800114,20053.63;39.72328
20009.83,0.5800118,20053.63;39.83215
20009.98,0.5800126,20053.63;39.97539
20010.11,0.5800117,20053.63;40.11863
20010.25,0.5800124,20053.63;40.26187
20010.25,0.5800124,20053.63;40.26187
20010.41,0.5800118,20053.63;40.40511
20010.57,0.5800132,20053.63;40.53116
20010.73,0.5800126,20053.63;40.65722
