20000,0.5,20000;0
20000,0.5,20000;0.005729198
20000,0.5,20000;0.005729198
20000,0.5,20000;0.005729198
20000,0.5,20000;0.005729198
20000,0.5,20000;0.005729198
20000,0.5,20000;0.005729198
20000,0.5,20000;0.005729198
20000,0.5,20000;0.005729198
20000,0.5,20000;0.005729198
20000,0.5,20000;0.005729198
20000,0.5,20000;0.005729198
20000,0.5,20000;0.005729198
20000,0.5,20000;0.005729198
20000,0.5,20000;0.005729198
20000,0.5,20000;0.005729198
20000,0.5,20000;0.005729198
20000,0.5,20000;0.005729198
20000,0.5,20000;0.005729198
20000,0.5,20000;0.005729198
20000,0.5,20000;0.005729198
20000,0.5,20000;0.005729198
20000,0.5,20000;0.005729198
20000,0.5,20000;0.005729198
20000,0.5,20000;0.005729198
20000,0.5,20000;0.005729198
20000,0.5,20000;0.005729198
20000,0.5,20000;0.005729198
20000,0.5,20000;0.005729198
20000,0.5,20000;0.005729198
20000,0.5,20000;0.005729198
20000,0.5,20000;0.005729198
20000,0.5,20000;0.005729198
20000,0.5,20000;0.005729198
20000,0.5,20000;0
20000,0.5799781,20000;-0.005729198
20000,0.5799781,20000;-0.005729198
20000,0.5799781,20000;-0.005729198
20000,0.5799781,20000;-0.005729198
20000,0.5799781,20000;-0.005729198
20000,0.5799781,20000;-0.005729198
20000,0.5799781,20000;-0.005729198
20000,0.5799781,20000;-0.005729198
20000,0.5799781,20000;-0.005729198
20000,0.5799781,20000;-0.005729198
20000,0.5799781,20000;-0.005729198
20000,0.5799781,20000;-0.005729198
20000,0.5799781,20000;-0.005729198
20000,0.5799781,20000;359.9886
20000,0.5799781,20000;359.9886
20000,0.5799781,20000;359.9886
20000,0.5799781,20000;359.9886
20000,0.5799781,20000;359.9886
20000,0.5799781,20000;359.9886
20000,0.5799781,20000;359.9886
20000,0.5799781,20000;359.9886
20000,0.5799781,20000;359.9886
20000,0.5799781,20000;359.9886
20000,0.5799781,20000.01;359.9828
20000,0.5799781,20000.01;359.9828
20000,0.5799781,20000.01;359.9828
20000,0.5799781,20000.01;359.9771
20000,0.5799781,20000.01;359.9771
20000,0.5799781,20000.01;359.9771
20000,0.5799781,20000.01;359.9771
20000,0.5799781,20000.01;359.9771
20000,0.5799781,20000.01;359.9771
20000,0.5799781,20000.01;359.9771
20000,0.5799781,20000.01;359.9771
20000,0.5799781,20000.01;359.9771
20000,0.5799781,20000.01;359.9771
20000,0.5800001,20002.01;359.9713
20000,0.5800001,20004.01;359.9713
20000,0.5800001,20006.01;359.9713
20000,0.5800001,20008.01;359.9713
20000,0.5800001,20010.01;359.9713
20000,0.5800001,20012.01;359.9713
20000,0.5800001,20014.01;359.9656
20000,0.5800001,20016.01;359.9656
20000,0.5800001,20018.01;359.9656
20000,0.5800001,20020.01;359.9656
20000,0.5800001,20022.01;359.9656
20000,0.5800001,20024.01;359.9656
20000,0.5800001,20026.01;359.9656
20000,0.5800001,20028.01;359.9656
20000,0.5800001,20030.01;359.9656
20000,0.5800001,20032.01;359.9656
20000,0.5800001,20034.01;359.9656
20000,0.5800001,20036.01;359.9656
20000,0.5800001,20038.01;359.9656
20000,0.5800001,20040.01;359.9656
20000,0.5800001,20042.01;359.9656
20000,0.5800001,20044.01;359.9656
20000,0.5800001,20045.72;359.9656
20000,0.5800001,20045.72;359.9656
20000,0.5800001,20045.72;359.9656
20000,0.5800001,20045.72;359.9656
20000,0.5800001,20045.72;359.9656
20000,0.5800001,20045.72;359.9656
20000,0.5800001,20045.72;359.9656
20000,0.5800001,20045.72;359.9599
20000,0.5800001,20045.72;359.9599
20000,0.5800001,20045.72;359.9599
20000,0.5800001,20045.72;359.9599
20000,0.5800001,20045.72;359.9599
20000,0.5800001,20045.72;359.9599
20000,0.5800001,20045.72;359.9599
20000,0.5800001,20045.72;359.9599
20000,0.5800001,20045.72;359.9542
20000,0.5800001,20045.72;359.9542
20000,0.5800001,20045.72;359.9542
20000,0.5800001,20045.72;359.9542
20000,0.5800001,20045.72;359.9542
20000,0.5800001,20045.72;359.9542
20000,0.5800001,20045.72;359.9542
20000,0.5800001,20045.72;359.9542
20000,0.5800001,20045.72;359.9542
20000,0.5800001,20045.72;359.9542
20000,0.5800001,20045.72;359.9484
20000,0.5800001,20045.72;359.9484
20000,0.5800001,20045.72;359.9484
20002,0.5800001,20045.72;359.9484
20004,0.5800001,20045.72;359.9484
20006,0.5800001,20045.72;359.9484
20008,0.5800001,20045.72;359.9484
20010,0.5800001,20045.72;359.9484
20012,0.5800001,20045.72;359.9484
20014,0.5800001,20045.72;359.9484
20015.72,0.5800001,20045.72;359.9427
20015.72,0.5800001,20045.72;359.937
20015.72,0.5800001,20045.72;359.937
20015.72,0.5800001,20045.72;359.937
20015.72,0.5800001,20045.72;359.937
20015.72,0.5800001,20045.72;359.937
20015.72,0.5800001,20045.72;359.937
20015.72,0.5800001,20045.72;359.9312
20015.72,0.5800001,20045.72;359.9312
20015.72,0.5800001,20045.72;359.9255
20015.72,0.5800001,20043.72;359.9255
20015.72,0.5800001,20041.72;359.9255
20015.72,0.5800001,20039.72;359.9255
20015.72,0.5800001,20039.28;359.9255
20015.72,0.5800001,20039.28;359.9255
20015.72,0.5800001,20039.28;359.9255
20015.72,0.5800001,20039.28;359.9255
20015.72,0.5800001,20039.28;359.9255
20015.72,0.5800001,20039.28;359.9255
20015.72,0.5800001,20039.28;359.9255
20015.72,0.5800001,20039.28;359.9198
20015.72,0.5800001,20039.28;359.9198
20015.72,0.5800001,20039.28;359.9141
20015.72,0.5800001,20039.28;359.9141
20015.72,0.5800001,20039.28;359.9141
20015.72,0.5800001,20039.28;359.9083
20013.72,0.5800001,20039.28;359.9083
20011.72,0.5800001,20039.28;359.9083
20009.72,0.5800001,20039.28;359.9083
20007.72,0.5800001,20039.28;359.9083
20005.72,0.5800001,20039.28;359.9026
20003.72,0.5800001,20039.28;359.9026
20001.72,0.5800001,20039.28;359.9026
19999.72,0.5800001,20039.28;359.9026
19997.72,0.5800001,20039.28;359.9026
19995.72,0.5800001,20039.28;359.8969
19995.72,0.5800001,20039.28;359.8969
19995.72,0.5800001,20039.28;359.8969
19995.72,0.5800001,20039.28;359.8969
19995.72,0.5800001,20039.28;359.8969
19995.72,0.5800001,20039.28;359.8911
19995.72,0.5800001,20039.28;359.8911
19995.72,0.5800001,20039.28;359.8911
19995.72,0.5800001,20039.28;359.8911
19995.72,0.5800001,20039.28;359.8911
19995.72,0.5800001,20039.28;359.8911
19995.72,0.5800001,20039.28;359.8911
19995.72,0.5800001,20039.28;359.8911
19995.72,0.5800001,20039.28;359.8911
19995.72,0.5800001,20039.28;359.8911
19995.72,0.5800001,20039.28;359.8911
19995.72,0.5800001,20039.28;359.8911
19995.72,0.5800001,20039.28;359.8911
19995.72,0.5800001,20039.28;359.8911
19995.72,0.5800001,20039.28;359.8911
19995.72,0.5800001,20039.28;359.8911
19995.72,0.5800001,20039.28;359.8911
19995.72,0.5800001,20039.28;359.8911
19995.72,0.5800001,20039.28;359.8911
19995.72,0.5800001,20039.28;359.8911
19995.72,0.5800001,20039.28;359.8911
19995.72,0.5800001,20039.28;359.8911
19995.72,0.5800001,20039.28;359.8911
19995.72,0.5800001,20039.28;359.8911
19995.72,0.5800001,20039.28;359.8911
19995.72,0.5800001,20039.28;359.8911
19995.72,0.5800001,20039.28;359.8911
19995.72,0.5800001,20039.28;359.8911
19995.72,0.5800001,20039.28;359.8911
19995.72,0.5800001,20039.28;359.8911
19995.72,0.5800001,20039.28;359.8911
19995.72,0.5800001,20039.28;359.8911
19995.72,0.5800001,20039.28;359.8911
19995.72,0.5800001,20039.28;359.8911
19995.72,0.5800001,20039.28;359.8911
19995.72,0.5800001,20039.28;359.8911
19995.72,0.5800001,20039.28;359.8911
19995.72,0.5800001,20039.28;359.8911
19995.72,0.5800001,20039.28;359.8911
19995.72,0.5800001,20039.28;359.8911
19995.72,0.5800001,20039.28;359.8911
19995.72,0.5800001,20039.28;359.8911
19995.72,0.5800001,20039.28;359.8911
19995.72,0.5800001,20039.28;359.8911
19995.72,0.5800001,20039.28;359.8911
19995.72,0.5800001,20039.28;359.8911
19995.72,0.5800001,20039.28;359.8911
19995.72,0.5800001,20039.28;359.8911
19995.72,0.5800001,20039.28;359.8911
19995.72,0.5800001,20039.28;359.8911
19995.72,0.5800001,20039.28;359.8911
19995.72,0.5800001,20039.28;359.8911
19995.72,0.5800001,20039.28;359.8911
19995.72,0.5800001,20039.28;359.8911
19995.72,0.5800001,20039.28;359.8911
19995.72,0.5800001,20039.28;359.8911
19995.72,0.5800001,20039.28;359.8911
19995.72,0.5800001,20039.29;359.8911
19995.72,0.5800001,20039.29;359.8911
19995.72,0.5800001,20039.29;359.8911
19995.72,0.5800001,20039.29;359.8911
19995.72,0.5800001,20039.29;359.8911
19995.72,0.5800001,20039.29;359.8911
19995.72,0.5800001,20039.29;359.8911
19995.72,0.5800001,20039.29;359.8911
19995.72,0.5800001,20039.29;359.8911
19995.72,0.5800001,20039.29;359.8854
19995.72,0.5800001,20039.29;359.8854
19995.72,0.5800001,20039.29;359.8854
19995.72,0.5800001,20039.29;359.8854
19995.72,0.5800001,20039.29;359.8854
19995.72,0.5800001,20039.29;359.8854
19995.72,0.5800001,20039.29;359.8854
19995.72,0.5800001,20039.29;359.8854
19995.72,0.5800001,20039.29;359.8854
19995.72,0.5800001,20039.29;359.8854
19995.72,0.5800001,20039.29;359.8854
19995.72,0.5800001,20039.29;359.8854
19995.72,0.5800001,20039.29;359.8854
19995.72,0.5800001,20039.29;359.8854
19995.72,0.5800001,20039.29;359.8854
19995.72,0.5800001,20039.29;359.8854
19995.72,0.5800001,20039.29;359.8854
19995.72,0.5800001,20039.29;359.8854
19995.72,0.5800001,20039.29;359.8854
19995.72,0.5800001,20039.29;359.8854
19995.72,0.5800001,20039.29;359.8854
19995.72,0.5800001,20039.29;359.8854
19995.72,0.5800001,20039.29;359.8854
19995.72,0.5800001,20039.29;359.8854
19995.72,0.5800001,20039.29;359.8797
19995.72,0.5800001,20039.29;359.8797
19995.72,0.5800001,20039.29;359.8797
19995.72,0.5800001,20039.29;359.8797
19995.72,0.5800001,20039.29;359.8797
19995.72,0.5800001,20039.29;359.8797
19995.72,0.5800001,20039.29;359.8797
19995.72,0.5800001,20039.29;359.874
19995.72,0.5800001,20039.29;359.874
19995.72,0.5800001,20039.29;359.874
19995.72,0.5800001,20039.29;359.874
19995.72,0.5800001,20039.29;359.8682
19995.72,0.5800001,20039.29;359.8682
19995.72,0.5800001,20039.29;359.8682
19995.72,0.5800001,20039.29;359.8682
19995.72,0.5800001,20039.29;359.8682
19995.72,0.5800001,20039.29;359.8682
19995.72,0.5800001,20039.28;359.8625
19995.72,0.5800001,20039.28;359.8568
19995.72,0.5800001,20039.28;359.8568
19995.72,0.5800001,20039.28;359.8568
19995.72,0.5800001,20039.28;359.8568
19995.72,0.5800001,20039.28;359.8568
19995.72,0.5800001,20039.28;359.8568
19995.72,0.5800001,20039.28;359.8568
19995.72,0.5800001,20039.28;359.8568
19995.72,0.5800001,20039.28;359.8568
19995.72,0.5800001,20039.28;359.8568
19995.72,0.5800001,20039.28;359.8568
19995.72,0.5800001,20039.28;359.8568
19995.72,0.5800001,20039.28;359.8568
19995.72,0.5800001,20039.28;359.8568
19995.72,0.5800001,20039.28;359.8625
19995.72,0.5800001,20039.28;359.8625
19995.72,0.5800001,20039.28;359.8625
19995.72,0.5800001,20039.29;359.8682
19995.72,0.5800001,20039.29;359.8682
19995.72,0.5800001,20039.29;359.8682
19995.72,0.5800001,20039.29;359.8682
19995.72,0.5800001,20039.29;359.874
19995.72,0.5800001,20039.29;359.874
19995.72,0.5800001,20039.29;359.8797
19995.72,0.5800001,20039.29;359.8797
19995.72,0.5800001,20039.29;359.874
19995.72,0.5800001,20039.29;359.874
19995.72,0.5800001,20039.29;359.874
19995.72,0.5800001,20039.29;359.8797
19995.72,0.5800001,20039.29;359.8797
19995.72,0.5800001,20039.29;359.8854
19995.72,0.5800001,20039.29;359.8854
19995.72,0.5800001,20039.29;359.8854
19995.72,0.5800001,20039.29;359.8854
19995.72,0.5800001,20039.29;359.8854
19995.72,0.5800001,20039.29;359.8911
19995.72,0.5800001,20039.29;359.8911
19995.72,0.5800001,20039.29;359.8911
19995.72,0.5800001,20039.29;359.8911
19995.72,0.5800001,20039.29;359.8969
19995.72,0.5800001,20039.29;359.8969
19995.72,0.5800001,20039.29;359.8969
19995.72,0.5800001,20039.29;359.8969
19995.72,0.5800001,20039.29;359.8969
19995.72,0.5800001,20039.29;359.9026
19995.72,0.5800001,20039.29;359.9026
19995.72,0.5800001,20039.29;359.9026
19995.72,0.5800001,20039.29;359.9026
19995.72,0.5800001,20039.29;359.9026
19995.72,0.5800001,20039.29;359.9026
19995.72,0.5800001,20039.29;359.9026
19995.72,0.5800001,20039.29;359.9026
19995.72,0.5800001,20039.29;359.9026
19995.72,0.5800001,20039.29;359.9026
19995.72,0.5800001,20039.29;359.9026
19995.72,0.5800001,20039.29;359.9026
19995.72,0.5800001,20039.29;359.9026
19995.72,0.5800001,20039.29;359.9026
19995.72,0.5800001,20039.29;359.9026
19995.72,0.5800001,20039.29;359.9026
19995.72,0.5800001,20039.29;359.9026
19995.72,0.5800001,20039.29;359.9026
19995.72,0.5800001,20039.29;359.9026
19995.72,0.5800001,20039.29;359.9026
19995.72,0.5800001,20039.29;359.9026
19995.72,0.5800001,20039.29;359.9026
19995.72,0.5800001,20039.29;359.9026
19995.72,0.5800001,20039.29;359.9026
19995.72,0.5800001,20039.29;359.9026
19995.72,0.5800001,20039.29;359.9026
19995.72,0.5800001,20039.29;359.9026
19995.72,0.5800001,20039.29;359.9026
19995.72,0.5800001,20039.29;359.9026
19995.72,0.5800001,20039.29;359.9026
19995.72,0.5800001,20039.29;359.9026
19995.72,0.5800001,20039.29;359.9026
19995.72,0.5800001,20039.29;359.9026
19995.72,0.5800001,20039.29;359.9026
19995.72,0.5800001,20039.29;359.9026
19995.72,0.5800001,20039.29;359.9026
19995.72,0.5800001,20039.29;359.9026
19995.72,0.5800001,20039.29;359.9026
19995.72,0.5800001,20039.28;359.9026
19995.72,0.5800001,20039.28;359.9026
19995.72,0.5800001,20039.28;359.9026
19995.72,0.5800001,20039.28;359.9026
19995.72,0.5800001,20039.28;359.9026
19995.72,0.5800001,20039.28;359.9026
19995.72,0.5800001,20039.28;359.9026
19995.72,0.5800001,20039.28;359.9026
19995.72,0.5800001,20039.28;359.9026
19995.72,0.5800001,20039.28;359.9026
19995.72,0.5800001,20039.28;359.9026
19995.72,0.5800001,20039.28;359.9026
19995.72,0.5800001,20039.28;359.9026
19995.72,0.5800001,20039.28;359.9026
19995.72,0.5800001,20039.28;359.9026
19995.72,0.5800001,20039.28;359.9026
19995.72,0.5800001,20039.28;359.9026
19995.72,0.5800001,20039.28;359.9026
19995.72,0.5800001,20039.28;359.9026
19995.72,0.5800001,20039.28;359.9026
19995.72,0.5800001,20039.28;359.9026
19995.72,0.5800001,20039.28;359.9026
19995.72,0.5800001,20039.28;359.8969
19995.72,0.5800001,20039.28;359.8969
19995.72,0.5800001,20039.28;359.8911
19995.72,0.5800001,20039.28;359.8911
19995.72,0.5800001,20039.28;359.8911
19995.72,0.5800001,20039.28;359.8911
19995.72,0.5800001,20039.28;359.8911
19995.72,0.5800001,20039.28;359.8911
19995.72,0.5800001,20039.28;359.8911
19995.72,0.5800001,20039.28;359.8911
19995.72,0.5800001,20039.28;359.8911
19995.72,0.5800001,20039.28;359.8911
19995.72,0.5800001,20039.28;359.8911
19995.72,0.5800001,20039.28;359.8911
19995.72,0.5800001,20039.28;359.8911
19995.72,0.5800001,20039.28;359.8911
19995.72,0.5800001,20039.28;359.8911
19995.72,0.5800001,20039.28;359.8911
19995.72,0.5800001,20039.28;359.8911
19995.72,0.5800001,20039.28;359.8911
19995.72,0.5800001,20039.28;359.8911
19995.72,0.5800001,20039.28;359.8911
19995.72,0.58,20039.28;359.8911
19995.72,0.58,20039.28;359.8911
19995.72,0.58,20039.28;359.8911
19995.72,0.58,20039.28;359.8911
19995.72,0.58,20039.28;359.8911
19995.72,0.58,20039.28;359.8911
19995.72,0.58,20039.28;359.8911
19995.72,0.58,20039.28;359.8911
19995.72,0.58,20039.28;359.8911
19995.72,0.58,20039.28;359.8911
19995.72,0.58,20039.28;359.8911
19995.72,0.58,20039.28;359.8911
19995.72,0.58,20039.28;359.8911
19995.72,0.58,20039.28;359.8911
19995.72,0.58,20039.28;359.8911
19995.72,0.58,20039.28;359.8911
19995.72,0.58,20039.28;359.8911
19995.72,0.58,20039.28;359.8911
19995.72,0.58,20039.28;359.8911
19995.72,0.58,20039.28;359.8911
19995.72,0.58,20039.28;359.8911
19995.72,0.58,20039.28;359.8911
19995.72,0.58,20039.28;359.8911
19995.72,0.58,20039.28;359.8911
19995.72,0.58,20039.28;359.8911
19995.72,0.58,20039.28;359.8911
19995.72,0.58,20039.28;359.8911
19995.72,0.58,20039.28;359.8911
19995.72,0.58,20039.28;359.8911
19995.72,0.58,20039.28;359.8911
19995.72,0.58,20039.28;359.8911
19995.72,0.58,20039.28;359.8911
19995.72,0.58,20039.28;359.8911
19995.72,0.58,20039.28;359.8911
19995.72,0.58,20039.28;359.8911
19995.72,0.58,20039.28;359.8911
19995.72,0.58,20039.28;359.8911
19995.72,0.58,20039.28;359.8911
19995.72,0.58,20039.28;359.8911
19995.72,0.58,20039.28;359.8911
19995.72,0.58,20039.28;359.8911
19995.72,0.58,20039.28;359.8911
19995.72,0.58,20039.28;359.8911
19995.72,0.58,20039.28;359.8911
19995.72,0.58,20039.28;359.8911
19995.72,0.58,20039.28;359.8911
19995.72,0.58,20039.28;359.8911
19995.72,0.58,20039.28;359.8911
19995.72,0.58,20039.28;359.8911
19995.72,0.58,20039.28;359.8911
19995.72,0.58,20039.28;359.8854
19995.72,0.58,20039.28;359.8854
19995.72,0.58,20039.28;359.8854
19995