20000,0.5,20000;0
20000,0.58,20000.63;359.6849
19999.99,0.58,20001.27;359.3984
19999.98,0.58,20001.9;359.1262
19999.97,0.58,20002.54;358.9257
19999.96,0.58,20003.17;358.7252
19999.94,0.58,20003.81;358.5246
19999.92,0.58,20004.44;358.2238
19999.9,0.58,20005.08;357.966
19999.87,0.58,20005.71;357.6938
19999.84,0.58,20006.35;357.479
19999.81,0.58,20006.98;357.1925
19999.78,0.58,20007.62;356.8487
19999.74,0.58,20008.25;356.5049
19999.7,0.58,20008.88;356.2185
19999.65,0.58,20009.52;355.932
19999.6,0.58,20010.15;355.7171
19999.55,0.58,20010.78;355.3877
19999.5,0.58,20011.42;355.0869
19999.44,0.58,20012.05;354.7144
19999.38,0.58,20012.68;354.5139
19999.32,0.58,20013.31;354.3564
19999.25,0.58,20013.94;354.0842
19999.18,0.58,20014.57;353.7691
19999.11,0.58,20015.21;353.5112
19999.04,0.58,20015.84;353.2534
19998.96,0.58,20016.47;352.9956
19998.88,0.58,20017.1;352.8237
19998.8,0.58,20017.73;352.6518
19998.71,0.58,20018.36;352.4799
19998.63,0.58,20018.98;352.308
19998.54,0.58,20019.61;352.0789
19998.45,0.58,20020.24;351.778
19998.36,0.58,20020.87;351.5489
19998.26,0.58,20021.5;351.291
19998.16,0.58,20022.13;351.0475
19998.06,0.58,20022.75;350.7324
19997.96,0.58,20023.38;350.4889
19997.85,0.58,20024;350.2883
19997.74,0.58,20024.63;350.1165
19997.63,0.58,20025.26;349.9016
19997.51,0.58,20025.88;349.6438
19997.4,0.58,20026.5;349.3573
19997.28,0.58,20027.13;349.0708
19997.15,0.58,20027.75;348.8416
19997.03,0.58,20028.37;348.5981
19996.9,0.58,20028.99;348.2973
19996.77,0.58,20029.62;347.9535
19996.63,0.58,20030.24;347.6957
19996.49,0.58,20030.86;347.4092
19996.35,0.58,20031.47;347.1227
19996.21,0.58,20032.09;346.8506
19996.06,0.58,20032.71;346.5498
19995.91,0.58,20033.33;346.249
19995.76,0.58,20033.94;346.1773
19995.6,0.58,20034.56;346.163
19995.45,0.58,20035.18;346.1487
19995.3,0.58,20035.79;346.1057
19995.14,0.58,20036.41;345.8049
19994.98,0.58,20037.02;345.5041
19994.82,0.58,20037.64;345.2033
19994.66,0.58,20038.25;344.9025
19994.49,0.58,20038.86;344.6733
19994.32,0.58,20039.47;344.4585
19994.15,0.58,20040.09;344.2436
19993.97,0.58,20040.7;344.0288
19993.79,0.58,20041.31;343.8139
19993.62,0.58,20041.92;343.5561
19993.43,0.58,20042.52;343.3126
