20000,0.5,20000;0
20000,0.5,20000;0.014323
20000,0.58,19999.99;0.04296899
20000,0.58,19999.99;0.05729198
20000,0.58,19999.99;0.07161498
20000,0.58,19999.98;0.08593797
20000,0.58,19999.98;0.100261
20000,0.58,19999.97;0.114584
20000,0.58,19999.97;0.128907
20000,0.58,19999.96;0.1432299
20000,0.58,19999.96;0.1718759
20000,0.58,19999.96;0.1861989
20000,0.58,19999.95;0.2005219
20000,0.58,19999.95;0.2291679
20000,0.58,19999.95;0.2434909
20000,0.58,19999.94;0.2578139
20000,0.58,19999.94;0.2721369
20000,0.58,19999.93;0.2864599
20000,0.58,19999.92;0.3151059
20000,0.58,19999.91;0.3294289
20000,0.58,19999.91;0.3437518
20000,0.58,19999.9;0.3580748
20000,0.58,19999.89;0.3867208
20000,0.58,19999.89;0.4010438
20000,0.58,19999.88;0.4153668
20000,0.58,19999.88;0.4296898
20000,0.58,19999.87;0.4440128
20000,0.58,19999.87;0.4583358
20000,0.58,19999.86;0.4726588
20000,0.58,19999.86;0.4869818
20000,0.58,19999.85;0.5013048
20000,0.58,19999.84;0.5299508
20000,0.58,19999.84;0.5585968
20000,0.58,19999.83;0.5872428
20000,0.58,19999.83;0.6015657
20000,0.58,19999.82;0.6158888
20000,0.58,19999.82;0.6302118
20000,0.58,19999.81;0.6445348
20000,0.58,19999.81;0.6588578
20000,0.58,19999.8;0.6731808
20000,0.58,19999.8;0.6875038
20000,0.58,19999.8;0.7018268
20000,0.58,19999.79;0.7161497
20000,0.58,19999.79;0.7304729
20000,0.58,19999.79;0.7447957
20000,0.58,19999.78;0.7591187
20000,0.58,19999.78;0.7734418
20000,0.58,19999.77;0.7877648
20000,0.58,19999.77;0.8020877
20000,0.58,19999.76;0.8164108
20000,0.58,19999.76;0.8450567
20000,0.58,19999.75;0.8593798
20000,0.58,19999.74;0.8737027
20000,0.58,19999.74;0.8880257
20000,0.58,19999.73;0.9023486
20000,0.58,19999.73;0.9166718
20000,0.58,19999.73;0.9453177
20000,0.58,19999.73;0.9596406
20000,0.58,19999.73;0.9739636
20000,0.58,19999.72;1.00261
20000,0.58,19999.72;1.016933
20000,0.58,19999.72;1.045579
20000,0.58,19999.79;1.074225
20000,0.58,19999.91;1.102871
20000,0.58,20000.07;0.95963
20000.01,0.58,20000.29;0.7161176
20000.01,0.58,20000.55;0.4726052
20000.01,0.58,20000.84;0.2434266
20000.01,0.58,20001.19;0.07153988
20000.01,0.58,20001.49;359.871
20000.01,0.58,20001.81;359.6562
20000,0.58,20002.18;359.4699
20000,0.58,20002.49;359.2551
19999.99,0.58,20002.83;359.0832
19999.99,0.58,20003.19;358.8683
19999.98,0.58,20003.54;358.6821
19999.97,0.58,20003.88;358.4673
19999.96,0.58,20004.21;358.2811
19999.95,0.58,20004.48;358.0805
19999.94,0.58,20004.74;357.8657
19999.93,0.58,20005.05;357.6508
19999.91,0.58,20005.37;357.436
19999.9,0.58,20005.69;357.2211
19999.88,0.58,20005.96;357.0492
19999.87,0.58,20006.29;356.8487
19999.85,0.58,20006.62;356.6482
19999.83,0.58,20006.91;356.4906
19999.81,0.58,20007.25;356.2901
19999.79,0.58,20007.55;356.0895
19999.76,0.58,20007.91;355.889
19999.73,0.58,20008.28;355.6885
19999.71,0.58,20008.65;355.4879
19999.67,0.58,20009.02;355.2588
19999.64,0.58,20009.4;355.0296
19999.61,0.58,20009.77;354.8004
19999.57,0.58,20010.14;354.5712
19999.54,0.58,20010.51;354.3707
19999.5,0.58,20010.88;354.1272
19999.46,0.58,20011.23;353.941
19999.42,0.58,20011.59;353.7404
19999.38,0.58,20011.95;353.5399
19999.34,0.58,20012.32;353.3537
19999.29,0.58,20012.7;353.1818
19999.25,0.58,20013.01;352.9669
19999.21,0.58,20013.38;352.7807
19999.16,0.58,20013.7;352.5659
19999.12,0.58,20014.06;352.351
19999.07,0.58,20014.38;352.1505
19999.02,0.58,20014.74;351.9356
19999,0.58,20014.9;351.6348
19998.99,0.58,20014.95;351.463
19998.99,0.58,20014.96;351.4916
19998.99,0.58,20014.97;351.5632
19998.99,0.58,20014.96;351.6635
19998.99,0.58,20014.94;351.7494
19998.99,0.58,20014.94;351.8067
19998.99,0.58,20014.92;351.8497
19999,0.58,20014.9;351.8927
19999,0.58,20014.86;351.9643
19999.01,0.58,20014.82;352.0072
19999.02,0.58,20014.77;352.0216
19999.02,0.58,20014.74;352.0359
19999.03,0.58,20014.69;352.0502
19999.03,0.58,20014.65;352.0932
19999.04,0.58,20014.6;352.1218
19999.04,0.58,20014.55;352.1505
19999.05,0.58,20014.5;352.1791
19999.06,0.58,20014.45;352.2078
19999.07,0.58,20014.39;352.2078
19999.08,0.58,20014.31;352.1791
19999.09,0.58,20014.23;352.1935
19999.11,0.58,20014.09;352.1935
19999.13,0.58,20013.93;352.265
19999.15,0.58,20013.79;352.3796
19999.17,0.58,20013.65;352.4083
19999.18,0.58,20013.54;352.4799
19999.2,0.58,20013.43;352.5659
19999.21,0.58,20013.3;352.6375
19999.23,0.58,20013.19;352.6805
19999.24,0.58,20013.06;352.7377
19999.26,0.58,20012.94;352.795
19999.27,0.58,20012.83;352.8523
19999.29,0.58,20012.71;352.9096
19999.3,0.58,20012.6;352.9669
19999.32,0.58,20012.48;353.0099
19999.33,0.58,20012.38;353.0672
19999.34,0.58,20012.27;353.1245
19999.35,0.58,20012.17;353.1817
19999.37,0.58,20012.06;353.239
19999.38,0.58,20011.96;353.2963
19999.39,0.58,20011.85;353.3536
19999.4,0.58,20011.75;353.4109
19999.41,0.58,20011.66;353.4682
19999.43,0.58,20011.56;353.5112
19999.44,0.58,20011.47;353.5685
19999.45,0.58,20011.38;353.5971
19999.46,0.58,20011.3;353.6544
19999.46,0.58,20011.21;353.6974
19999.47,0.58,20011.13;353.7404
19999.48,0.58,20011.06;353.769
19999.49,0.58,20010.99;353.812
19999.5,0.58,20010.92;353.8549
19999.5,0.58,20010.85;353.8836
19999.51,0.58,20010.78;353.9265
19999.52,0.58,20010.71;353.9695
19999.53,0.58,20010.64;354.0125
19999.53,0.58,20010.58;354.0555
19999.53,0.58,20010.58;354.0555
19999.53,0.58,20010.58;354.0555
19999.53,0.58,20010.58;354.0555
19999.53,0.58,20010.58;354.0555
19999.53,0.58,20010.58;354.0555
19999.53,0.58,20010.58;354.0555
19999.53,0.58,20010.58;354.0555
19999.53,0.58,20010.58;354.0555
19999.53,0.58,20010.58;354.0555
19999.53,0.58,20010.58;354.0555
19999.53,0.58,20010.58;354.0555
19999.53,0.58,20010.58;354.0555
19999.53,0.58,20010.58;354.0555
19999.53,0.58,20010.58;354.0555
19999.53,0.58,20010.58;354.0555
19999.53,0.58,20010.58;354.0555
19999.53,0.58,20010.58;354.0555
19999.53,0.58,20010.58;354.0555
19999.53,0.58,20010.58;354.0555
19999.53,0.58,20010.58;354.0555
19999.53,0.58,20010.58;354.0555
19999.53,0.58,20010.58;354.0555
19999.53,0.58,20010.58;354.0555
19999.53,0.58,20010.58;354.0555
19999.53,0.58,20010.58;354.0555
19999.53,0.58,20010.58;354.0555
19999.53,0.58,20010.58;354.0555
19999.53,0.58,20010.58;354.0555
19999.53,0.58,20010.58;354.0555
19999.53,0.58,20010.58;354.0555
19999.53,0.58,20010.58;354.0555
19999.53,0.58,20010.58;354.0555
19999.53,0.58,20010.58;354.0555
19999.53,0.58,20010.58;354.0555
19999.53,0.58,20010.58;354.0555
19999.53,0.58,20010.58;354.0555
19999.53,0.58,20010.58;354.0555
19999.53,0.58,20010.58;354.0555
19999.53,0.58,20010.58;354.0555
19999.53,0.58,20010.58;354.0555
19999.53,0.58,20010.58;354.0555
19999.53,0.58,20010.58;354.0555
19999.53,0.58,20010.58;354.0555
19999.53,0.58,20010.58;354.0555
19999.53,0.58,20010.58;354.0555
19999.53,0.58,20010.58;354.0555
19999.53,0.58,20010.58;354.0555
19999.53,0.58,20010.58;354.0555
19999.53,0.58,20010.58;354.0555
19999.53,0.58,20010.58;354.0555
19999.53,0.58,20010.58;354.0555
19999.53,0.58,20010.58;354.0555
19999.53,0.58,20010.58;354.0555
19999.53,0.58,20010.58;354.0555
19999.53,0.58,20010.58;354.0555
19999.53,0.58,20010.58;354.0555
19999.53,0.58,20010.58;354.0555
19999.53,0.58,20010.58;354.0555
19999.53,0.58,20010.58;354.0555
19999.53,0.58,20010.58;354.0555
19999.53,0.58,20010.58;354.0555
19999.53,0.58,20010.58;354.0555
19999.53,0.58,20010.58;354.0555
19999.53,0.58,20010.58;354.0555
19999.53,0.58,20010.58;354.0555
19999.53,0.58,20010.58;354.0555
19999.53,0.58,20010.58;354.0555
19999.53,0.58,20010.58;354.0555
19999.53,0.58,20010.58;354.0555
19999.53,0.58,20010.58;354.0555
19999.53,0.58,20010.58;354.0555
19999.53,0.58,20010.58;354.0555
19999.53,0.58,20010.58;354.0555
19999.53,0.58,20010.58;354.0555
19999.53,0.58,20010.58;354.0555
19999.53,0.58,20010.58;354.0555
19999.53,0.58,20010.58;354.0555
19999.53,0.58,20010.58;354.0555
19999.53,0.58,20010.58;354.0555
19999.53,0.58,20010.58;354.0555
19999.53,0.58,20010.58;354.0555
19999.53,0.58,20010.58;354.0555
19999.53,0.58,20010.58;354.0555
19999.53,0.58,20010.58;354.0555
19999.53,0.58,20010.58;354.0555
19999.53,0.58,20010.58;354.0555
19999.53,0.58,20010.58;354.0555
19999.53,0.58,20010.58;354.0555
19999.53,0.58,20010.58;354.0555
19999.53,0.58,20010.58;354.0555
19999.53,0.58,20010.58;354.0555
19999.53,0.58,20010.58;354.0555
19999.53,0.58,20010.58;354.0555
19999.53,0.58,20010.58;354.0555
19999.53,0.58,20010.58;354.0555
19999.53,0.58,20010.58;354.0555
19999.53,0.58,20010.58;354.0555
19999.53,0.58,20010.58;354.0555
19999.53,0.58,20010.58;354.0555
19999.53,0.58,20010.58;354.0555
19999.53,0.58,20010.58;354.0555
19999.53,0.58,20010.58;354.0555
19999.53,0.58,20010.58;354.0555
19999.53,0.58,20010.58;354.0555
19999.53,0.58,20010.58;354.0555
19999.53,0.58,20010.58;354.0555
19999.53,0.58,20010.58;354.0555
19999.53,0.58,20010.58;354.0555
19999.53,0.58,20010.58;354.0555
19999.53,0.58,20010.58;354.0555
19999.53,0.58,20010.58;354.0555
19999.53,0.58,20010.58;354.0555
19999.53,0.58,20010.58;354.0555
19999.53,0.58,20010.58;354.0555
19999.53,0.58,20010.58;354.0555
19999.53,0.58,20010.58;354.0555
19999.53,0.58,20010.58;354.0555
19999.53,0.58,20010.58;354.0555
19999.53,0.58,20010.58;354.0555
19999.53,0.58,20010.58;354.0555
19999.53,0.58,20010.58;354.0555
19999.53,0.58,20010.58;354.0555
19999.53,0.58,20010.58;354.0555
19999.53,0.58,20010.58;354.0555
19999.53,0.58,20010.58;354.0555
19999.53,0.58,20010.58;354.0555
19999.53,0.58,20010.58;354.0555
19999.53,0.58,20010.58;354.0555
19999.53,0.58,20010.58;354.0555
19999.53,0.58,20010.58;354.0555
19999.53,0.58,20010.58;354.0555
19999.53,0.58,20010.58;354.0555
19999.53,0.58,20010.58;354.0555
19999.53,0.58,20010.58;354.0555
19999.53,0.58,20010.58;354.0555
19999.53,0.58,20010.58;354.0555
19999.53,0.58,20010.58;354.0555
19999.53,0.58,20010.58;354.0555
19999.53,0.58,20010.58;354.0555
19999.53,0.58,20010.58;354.0555
19999.53,0.58,20010.58;354.0555
19999.53,0.58,20010.58;354.0555
19999.53,0.58,20010.58;354.0555
19999.53,0.58,20010.58;354.0555
19999.53,0.58,20010.58;354.0555
19999.53,0.58,20010.58;354.0555
19999.53,0.58,20010.58;354.0555
19999.53,0.58,20010.58;354.0555
19999.53,0.58,20010.58;354.0555
19999.53,0.58,20010.58;354.0555
19999.53,0.58,20010.58;354.0555
19999.53,0.58,20010.58;354.0555
19999.53,0.58,20010.58;354.0555
19999.53,0.58,20010.58;354.0555
19999.53,0.58,20010.58;354.0555
19999.53,0.58,20010.58;354.0555
19999.53,0.58,20010.58;354.0555
19999.53,0.58,20010.58;354.0555
19999.53,0.58,20010.58;354.0555
19999.53,0.58,20010.58;354.0555
19999.53,0.58,20010.58;354.0555
19999.53,0.58,20010.58;354.0555
19999.53,0.58,20010.58;354.0555
19999.53,0.58,20010.58;354.0555
19999.53,0.58,20010.58;354.0555
19999.53,0.58,20010.58;354.0555
19999.53,0.58,20010.58;354.0555
19999.53,0.58,20010.58;354.0555
19999.53,0.58,20010.58;354.0555
19999.53,0.58,20010.58;354.0555
19999.53,0.58,20010.58;354.0555
19999.53,0.58,20010.58;354.0555
19999.53,0.58,20010.58;354.0555
19999.53,0.58,20010.58;354.0555
19999.53,0.58,20010.58;354.0555
19999.53,0.58,20010.58;354.0555
19999.53,0.58,20010.58;354.0555
19999.53,0.58,20010.58;354.0555
19999.53,0.58,20010.58;354.0555
19999.53,0.58,20010.58;354.0555
19999.53,0.58,20010.58;354.0555
19999.53,0.58,20010.58;354.0555
19999.53,0.58,20010.58;354.0555
19999.53,0.58,20010.58;354.0555
19999.53,0.58,20010.58;354.0555
19999.53,0.58,20010.58;354.0555
19999.53,0.58,20010.58;354.0555
19999.53,0.58,20010.58;354.0555
19999.53,0.58,20010.58;354.0555
19999.53,0.58,20010.58;354.0555
19999.53,0.58,20010.58;354.0555
19999.53,0.58,20010.58;354.0555
19999.53,0.58,20010.58;354.0555
19999.53,0.58,20010.58;354.0555
19999.53,0.58,20010.58;354.0555
19999.53,0.58,20010.58;354.0555
19999.53,0.58,20010.58;354.0555
19999.53,0.58,20010.58;354.0555
19999.53,0.58,20010.58;354.0555
19999.53,0.58,20010.58;354.0555
19999.53,0.58,20010.58;354.0555
19999.53,0.58,20010.58;354.0555
19999.53,0.58,20010.58;354.0555
19999.53,0.58,20010.58;354.0555
19999.53,0.58,20010.58;354.0555
19999.53,0.58,20010.58;354.0555
19999.53,0.58,20010.58;354.0555
19999.53,0.58,20010.58;354.0555
19999.53,0.58,20010.58;354.0555
19999.53,0.58,20010.58;354.0555
19999.53,0.58,20010.58;354.0555
19999.53,0.58,20010.58;354.0555
19999.53,0.58,20010.58;354.0555
19999.53,0.58,20010.58;354.0555
19999.53,0.58,20010.58;354.0555
19999.53,0.58,20010.58;354.0555
19999.53,0.58,20010.58;354.0555
19999.53,0.58,20010.58;354.0555
19999.53,0.58,20010.58;354.0555
19999.53,0.58,20010.58;354.0555
19999.53,0.58,20010.58;354.0555
19999.53,0.58,20010.58;354.0555
19999.53,0.58,20010.58;354.0555
19999.53,0.58,20010.58;354.0555
19999.53,0.58,20010.58;354.0555
19999.53,0.58,20010.58;354.0555
19999.53,0.58,20010.58;354.0555
19999.53,0.58,20010.58;354.0555
19999.53,0.58,20010.58;354.0555
19999.53,0.58,20010.58;354.0555
19999.53,0.58,20010.58;354.0555
19999.53,0.58,20010.58;354.0555
19999.53,0.58,20010.58;354.0555
19999.53,0.58,20010.58;354.0555
19999.53,0.58,20010.58;354.0555
19999.53,0.58,20010.58;354.0555
19999.53,0.58,20010.58;354.0555
19999.53,0.58,20010.58;354.0555
19999.53,0.58,20010.58;354.0555
19999.53,0.58,20010.58;354.0555
19999.53,0.58,20010.58;354.0555
19999.53,0.58,20010.58;354.0555
19999.53,0.58,20010.58;354.0555
19999.53,0.58,20010.58;354.0555
19999.53,0.58,20010.58;354.0555
19999.53,0.58,20010.58;354.0555
19999.53,0.58,20010.58;354.0555
19999.53,0.58,20010.58;354.0555
19999.53,0.58,20010.58;354.0555
19999.53,0.58,20010.58;354.0555
19999.53,0.58,20010.58;354.0555
19999.53,0.58,20010.58;354.0555
19999.53,0.58,20010.58;354.0555
19999.53,0.58,20010.58;354.0555
19999.53,0.58,20010.58;354.0555
19999.53,0.58,20010.58;354.0555
19999.53,0.58,20010.58;354.0555
19999.53,0.58,20010.58;354.0555
19999.53,0.58,20010.58;354.0555
19999.53,0.58,20010.58;354.0555
19999.53,0.58,20010.58;354.0555
19999.53,0.58,20010.58;354.0555
19999.53,0.58,20010.58;354.0555
19999.53,0.58,20010.58;354.0555
19999.53,0.58,20010.58;354.0555
19999.53,0.58,20010.58;354.0555
19999.53,0.58,20010.58;354.0555
19999.53,0.58,20010.58;354.0555
19999.53,0.58,20010.58;354.0555
19999.53,0.58,20010.58;354.0555
19999.53,0.58,20010.58;354.0555
19999.53,0.58,20010.58;354.0555
19999.53,0.58,20010.58;354.0555
19999.53,0.58,20010.58;354.0555
19999.53,0.58,20010.58;354.0555
19999.53,0.58,20010.58;354.0555
19999.53,0.58,20010.58;354.0555
19999.53,0.58,20010.58;354.0555
19999.53,0.58,20010.58;354.0555
19999.53,0.58,20010.58;354.0555
19999.53,0.58,20010.58;354.0555
19999.53,0.58,20010.58;354.0555
19999.53,0.58,20010.58;354.0555
19999.53,0.58,20010.58;354.0555
19999.53,0.58,20010.58;354.0555
19999.53,0.58,20010.58;354.0555
19999.53,0.58,20010.58;354.0555
19999.53,0.58,20010.58;354.0555
19999.53,0.58,20010.58;354.0555
19999.53,0.58,20010.58;354.0555
19999.53,0.58,20010.58;354.0555
19999.53,0.58,20010.58;354.0555
19999.53,0.58,20010.58;354.0555
19999.53,0.58,20010.58;354.0555
19999.53,0.58,20010.58;354.0555
19999.53,0.58,20010.58;354.0555
19999.53,0.58,20010.58;354.0555
19999.53,0.58,20010.58;354.0555
19999.53,0.58,20010.58;354.0555
19999.53,0.58,20010.58;354.0555
19999.53,0.58,20010.58;354.0555
19999.53,0.58,20010.58;354.0555
19999.53,0.58,20010.58;354.0555
19999.53,0.58,20010.58;354.0555
19999.53,0.58,20010.58;354.0555
19999.53,0.58,20010.58;354.0555
19999.53,0.58,20010.58;354.0555
19999.53,0.58,20010.58;354.0555
19999.53,0.58,20010.58;354.0555
19999.53,0.58,20010.58;354.0555
19999.53,0.58,20010.58;354.0555
19999.53,0.58,20010.58;354.0555
19999.53,0.58,20010.58;354.0555
19999.53,0.58,20010.58;354.0555
19999.53,0.58,20010.58;354.0555
19999.53,0.58,20010.58;354.0555
19999.53,0.58,20010.58;354.0555
19999.53,0.58,20010.58;354.0555
19999.53,0.58,20010.58;354.0555
19999.53,0.58,20010.58;354.0555
19999.53,0.58,20010.58;354.0555
19999.53,0.58,20010.58;354.0555
19999.53,0.58,20010.58;354.0555
19999.53,0.58,20010.58;354.0555
19999.53,0.58,20010.58;354.0555
19999.53,0.58,20010.58;354.0555
19999.53,0.58,20010.58;354.0555
19999.53,0.58,20010.58;354.0555
19999.53,0.58,20010.58;354.0555
19999.53,0.58,20010.58;354.0555
19999.53,0.58,20010.58;354.0555
19999.53,0.58,20010.58;354.0555
19999.53,0.58,20010.58;354.0555
19999.53,0.58,20010.58;354.0555
19999.53,0.58,20010.58;354.0555
19999.53,0.58,