20000,0.5,20000;0
20000,0.58,20000.25;359.8969
20000,0.58,20000.51;359.7766
20000,0.58,20000.76;359.6677
19999.99,0.58,20001.02;359.5359
19999.99,0.58,20001.27;359.4213
19999.99,0.58,20001.52;359.2895
19999.99,0.58,20001.78;359.1864
19999.99,0.58,20001.78;359.1864
19999.98,0.58,20002.03;359.066
19999.98,0.58,20002.29;358.9572
19999.97,0.58,20002.54;358.8655
19999.97,0.58,20002.79;358.7853
19999.96,0.58,20003.05;358.7051
19999.96,0.58,20003.3;358.6593
19999.95,0.58,20003.55;358.6421
19999.94,0.58,20003.81;358.5218
19999.94,0.58,20004.06;358.4186
19999.93,0.58,20004.32;358.3327
19999.92,0.58,20004.57;358.2467
19999.91,0.58,20004.82;358.1493
19999.9,0.58,20005.08;358.0462
19999.89,0.58,20005.33;357.9545
19999.88,0.58,20005.59;357.8456
19999.88,0.58,20005.84;357.731
19999.86,0.58,20006.09;357.6164
19999.85,0.58,20006.35;357.519
19999.84,0.58,20006.6;357.4044
19999.83,0.58,20006.86;357.307
19999.82,0.58,20007.11;357.2154
19999.8,0.58,20007.36;357.1008
19999.79,0.58,20007.62;356.9862
19999.78,0.58,20007.87;356.8716
19999.76,0.58,20008.12;356.7742
19999.75,0.58,20008.38;356.671
19999.74,0.58,20008.56;356.5679
19999.72,0.58,20008.82;356.4819
19999.71,0.58,20009.07;356.3845
19999.69,0.58,20009.33;356.2871
19999.67,0.58,20009.58;356.1783
19999.65,0.58,20009.83;356.0808
19999.64,0.58,20010.09;355.9605
19999.62,0.58,20010.34;355.8459
19999.6,0.58,20010.59;355.7542
19999.58,0.58,20010.85;355.6626
19999.56,0.58,20011.1;355.5594
19999.54,0.58,20011.35;355.4506
19999.52,0.58,20011.61;355.3589
19999.5,0.58,20011.86;355.2443
19999.48,0.58,20012.11;355.1297
19999.48,0.58,20012.11;355.1297
19999.46,0.58,20012.36;355.0323
19999.43,0.58,20012.62;354.9234
19999.41,0.58,20012.87;354.8146
19999.39,0.58,20013.12;354.7229
19999.36,0.58,20013.38;354.6312
19999.34,0.58,20013.63;354.5109
19999.31,0.58,20013.88;354.3963
19999.29,0.58,20014.13;354.3046
19999.26,0.58,20014.39;354.19
19999.24,0.58,20014.64;354.0754
19999.21,0.58,20014.89;353.9608
19999.18,0.58,20015.14;353.8577
19999.15,0.58,20015.4;353.7374
19999.13,0.58,20015.65;353.6113
19999.1,0.58,20015.9;353.5082
19999.07,0.58,20016.15;353.3821
19999.04,0.58,20016.41;353.2561
19999.01,0.58,20016.66;353.1357
19998.98,0.58,20016.91;353.0269
19998.95,0.58,20017.16;352.9008
19998.92,0.58,20017.4;352.7748
19998.89,0.58,20017.6;352.6774
19998.86,0.58,20017.85;352.58
19998.82,0.58,20018.1;352.4768
19998.79,0.58,20018.35;352.3622
19998.76,0.58,20018.6;352.2534
19998.72,0.58,20018.85;352.1216
19998.69,0.58,20019.11;351.9898
19998.65,0.58,20019.36;351.8637
19998.62,0.58,20019.61;351.7549
19998.58,0.58,20019.86;351.6346
19998.54,0.58,20020.11;351.5257
19998.5,0.58,20020.36;351.434
19998.46,0.58,20020.61;351.3423
19998.43,0.58,20020.87;351.2392
19998.39,0.58,20021.12;351.1303
19998.35,0.58,20021.37;351.0387
19998.31,0.58,20021.62;350.9241
19998.27,0.58,20021.87;350.8095
19998.22,0.58,20022.12;350.7006
19998.21,0.5800001,20022.37;350.6089
19998.21,0.58,20022.62;350.5058
19998.21,0.5800001,20022.87;350.4026
19998.21,0.5800001,20023.12;350.311
19998.21,0.58,20023.37;350.2021
19998.21,0.5800005,20023.62;350.0933
19998.21,0.5800005,20023.87;349.9844
19998.21,0.5800005,20024.12;349.8927
19998.21,0.5800003,20024.37;349.7896
19998.21,0.5800003,20024.62;349.6979
19998.21,0.5800003,20024.87;349.6062
19998.21,0.5800002,20025.12;349.5031
19998.21,0.5800006,20025.37;349.3942
19998.21,0.5800003,20025.62;349.2911
19998.21,0.5800005,20025.87;349.1994
19998.21,0.5800009,20026.12;349.0848
19998.21,0.580001,20026.3;348.9702
19998.21,0.5800014,20026.55;348.8842
19998.21,0.5800014,20026.8;348.7869
19998.21,0.5800018,20027.05;348.6837
19998.21,0.5800014,20027.3;348.5806
19998.21,0.5800017,20027.55;348.4889
19998.21,0.580002,20027.8;348.3972
19998.21,0.5800027,20028.05;348.2769
19998.21,0.5800025,20028.3;348.1566
19998.21,0.5800024,20028.54;348.0592
19998.21,0.5800022,20028.79;347.9503
19998.21,0.5800025,20029.04;347.8586
19998.21,0.5800024,20029.29;347.7669
19998.21,0.5800021,20029.54;347.6523
19998.21,0.5800021,20029.79;347.532
19998.21,0.5800017,20030.03;347.4403
19998.21,0.5800021,20030.28;347.3257
19998.21,0.5800023,20030.53;347.2112
19998.21,0.5800027,20030.78;347.1023
19998.21,0.5800027,20031.03;347.0106
19998.21,0.580003,20031.27;346.9018
19998.21,0.5800027,20031.52;346.7871
19998.21,0.5800027,20031.52;346.7871
19998.21,0.5800027,20031.52;346.7871
