20000,0.5,20000;0
20000,0.58,20000.23;359.4442
20000,0.58,20000.23;359.4442
19999.99,0.58,20000.48;358.8885
19999.99,0.58,20000.74;358.4587
19999.98,0.58,20000.99;358.029
19999.97,0.58,20001.24;357.479
19999.97,0.58,20001.24;357.479
19999.95,0.58,20001.5;356.929
19999.94,0.58,20001.75;356.3789
19999.92,0.58,20001.98;355.8919
19999.92,0.58,20001.98;355.8919
19999.9,0.58,20002.23;355.4049
19999.88,0.58,20002.49;354.8434
19999.85,0.58,20002.72;354.2819
19999.83,0.58,20002.95;353.7204
19999.83,0.58,20002.95;353.7204
19999.8,0.58,20003.21;353.1589
19999.77,0.58,20003.46;352.6719
19999.73,0.58,20003.71;352.3224
19999.73,0.58,20003.71;352.3224
19999.73,0.58,20003.71;352.3224
19999.7,0.58,20003.91;352.013
19999.67,0.58,20004.11;351.7036
19999.64,0.58,20004.31;351.2911
19999.64,0.58,20004.31;351.2911
19999.64,0.58,20004.31;351.2911
19999.62,0.58,20004.45;350.8728
19999.61,0.58,20004.49;350.4545
19999.61,0.58,20004.54;350.2024
19999.61,0.58,20004.54;350.2024
19999.6,0.58,20004.58;349.9503
19999.59,0.58,20004.62;349.8701
19999.59,0.58,20004.63;349.7899
19999.59,0.58,20004.63;349.7727
19999.59,0.58,20004.63;349.7727
19999.59,0.58,20004.64;349.7555
19999.59,0.58,20004.65;349.83
19999.59,0.58,20004.65;349.9045
19999.58,0.58,20004.66;350.042
19999.58,0.58,20004.66;350.042
19999.58,0.58,20004.66;350.2597
19999.58,0.58,20004.66;350.2597
19999.58,0.58,20004.66;350.5118
19999.58,0.58,20004.66;350.5118
19999.58,0.58,20004.66;350.5118
19999.58,0.58,20004.66;350.7353
19999.58,0.58,20004.66;350.7353
19999.58,0.58,20004.68;350.9931
19999.58,0.58,20004.68;350.9931
19999.58,0.58,20004.68;350.9931
19999.58,0.58,20004.69;351.228
19999.58,0.58,20004.69;351.228
19999.58,0.58,20004.71;351.4056
19999.58,0.58,20004.71;351.4056
19999.58,0.58,20004.71;351.4056
19999.57,0.58,20004.73;351.6234
19999.57,0.58,20004.73;351.6234
19999.57,0.58,20004.76;351.7723
19999.57,0.58,20004.76;351.7723
19999.56,0.58,20004.8;351.9385
19999.56,0.58,20004.8;351.9385
19999.55,0.58,20004.87;352.1046
19999.54,0.58,20004.93;352.3281
19999.54,0.58,20005;352.5515
19999.54,0.58,20005;352.5515
19999.53,0.58,20005.09;352.775
19999.51,0.58,20005.18;352.9755
19999.51,0.58,20005.18;352.9755
19999.5,0.58,20005.27;353.2162
19999.5,0.58,20005.27;353.2162
19999.49,0.58,20005.34;353.4568
19999.49,0.58,20005.42;353.6459
19999.48,0.58,20005.51;353.8349
19999.48,0.58,20005.51;353.8349
19999.47,0.58,20005.58;354.024
19999.47,0.58,20005.58;354.024
19999.47,0.58,20005.58;354.024
19999.46,0.58,20005.67;354.2131
19999.46,0.58,20005.67;354.2131
19999.45,0.58,20005.77;354.4022
19999.45,0.58,20005.77;354.4022
19999.44,0.58,20005.84;354.5225
19999.44,0.58,20005.84;354.5225
19999.44,0.58,20005.84;354.5225
19999.44,0.58,20005.94;354.6199
19999.44,0.58,20005.94;354.6199
19999.43,0.58,20006.02;354.8147
19999.43,0.58,20006.02;354.8147
19999.42,0.58,20006.09;355.0095
19999.41,0.58,20006.16;355.1871
19999.41,0.58,20006.22;355.3647
19999.4,0.58,20006.29;355.5538
19999.4,0.58,20006.29;355.5538
19999.4,0.58,20006.34;355.7429
19999.4,0.58,20006.4;356.0465
19999.39,0.58,20006.44;356.3674
19999.39,0.58,20006.44;356.3674
19999.39,0.58,20006.44;356.3674
19999.39,0.58,20006.48;356.6883
19999.39,0.58,20006.51;356.9576
19999.39,0.58,20006.55;357.2269
19999.39,0.58,20006.55;357.2269
19999.39,0.58,20006.55;357.2269
19999.39,0.58,20006.56;357.4962
19999.39,0.58,20006.56;357.7769
19999.39,0.58,20006.56;358.0003
19999.39,0.58,20006.56;358.0003
19999.39,0.58,20006.56;358.0003
19999.39,0.58,20006.59;358.2238
19999.39,0.58,20006.61;358.39
19999.38,0.58,20006.64;358.4931
19999.38,0.58,20006.64;358.4931
19999.38,0.58,20006.64;358.4931
19999.38,0.58,20006.72;358.5962
19999.38,0.58,20006.81;358.6363
19999.38,0.58,20006.9;358.6478
19999.38,0.58,20006.9;358.6478
19999.38,0.58,20006.9;358.6478
19999.38,0.58,20006.99;358.6592
19999.38,0.58,20007.08;358.6306
19999.37,0.58,20007.19;358.5504
19999.37,0.58,20007.19;358.5504
19999.37,0.58,20007.19;358.5504
19999.37,0.58,20007.37;358.4702
19999.36,0.58,20007.55;358.3212
19999.36,0.58,20007.73;358.1207
19999.36,0.58,20007.73;358.1207
19999.36,0.58,20007.73;358.1207
19999.35,0.58,20007.96;357.9201
19999.34,0.58,20008.18;357.7139
19999.33,0.58,20008.44;357.5076
19999.32,0.58,20008.69;357.2498
19999.32,0.58,20008.69;357.2498
19999.3,0.58,20008.94;356.9805
19999.3,0.58,20008.94;356.9805
19999.29,0.58,20009.2;356.8086
19999.29,0.58,20009.2;356.8086
19999.29,0.58,20009.2;356.8086
19999.27,0.58,20009.45;356.5049
19999.27,0.58,20009.45;356.5049
19999.26,0.58,20009.71;356.2013
19999.24,0.58,20009.96;355.9033
19999.24,0.58,20009.96;355.9033
19999.22,0.58,20010.21;355.6283
19999.22,0.58,20010.21;355.6283
19999.2,0.58,20010.46;355.3533
19999.18,0.58,20010.72;355.0324
19999.18,0.58,20010.72;355.0324
19999.15,0.58,20010.97;354.7173
19999.15,0.58,20010.97;354.7173
19999.13,0.58,20011.22;354.4537
19999.13,0.58,20011.22;354.4537
19999.13,0.58,20011.22;354.4537
19999.1,0.58,20011.47;354.1558
19999.1,0.58,20011.47;354.1558
19999.07,0.58,20011.73;353.8578
19999.07,0.58,20011.73;353.8578
19999.07,0.58,20011.73;353.8578
19999.05,0.58,20011.98;353.6057
19999.05,0.58,20011.98;353.6057
19999.02,0.58,20012.23;353.3135
19999.02,0.58,20012.23;353.3135
19998.99,0.58,20012.48;353.0213
19998.99,0.58,20012.48;353.0213
19998.95,0.58,20012.74;352.7291
19998.92,0.58,20012.99;352.477
19998.92,0.58,20012.99;352.477
19998.89,0.58,20013.24;352.1733
19998.89,0.58,20013.24;352.1733
19998.85,0.58,20013.49;351.8697
19998.81,0.58,20013.74;351.566
19998.81,0.58,20013.74;351.566
19998.78,0.58,20013.99;351.3024
19998.78,0.58,20013.99;351.3024
19998.73,0.58,20014.24;351.0389
19998.69,0.58,20014.5;350.7409
19998.65,0.58,20014.75;350.443
19998.61,0.58,20015;350.1393
19998.61,0.58,20015;350.1393
19998.56,0.58,20015.25;349.87
19998.56,0.58,20015.25;349.87
19998.52,0.58,20015.5;349.6237
19998.52,0.58,20015.5;349.6237
19998.52,0.58,20015.5;349.6237
19998.47,0.58,20015.75;349.3773
19998.42,0.58,20016;349.0679
19998.37,0.58,20016.24;348.7986
19998.37,0.58,20016.24;348.7986
19998.37,0.58,20016.24;348.7986
19998.32,0.58,20016.49;348.558
19998.27,0.58,20016.74;348.3173
19998.22,0.58,20016.99;348.2084
19998.22,0.58,20016.99;348.2084
19998.22,0.58,20016.99;348.2084
19998.17,0.58,20017.24;348.0996
19998.12,0.58,20017.49;347.9678
19998.06,0.58,20017.74;347.7157
19998.06,0.58,20017.74;347.7157
19998.06,0.58,20017.74;347.7157
19998.01,0.58,20017.98;347.4407
19997.95,0.58,20018.23;347.1656
19997.89,0.58,20018.48;346.9307
19997.89,0.58,20018.48;346.9307
19997.83,0.58,20018.73;346.6958
19997.77,0.58,20018.97;346.3864
19997.71,0.58,20019.22;346.077
19997.65,0.58,20019.46;345.888
19997.65,0.58,20019.46;345.888
19997.65,0.58,20019.46;345.888
19997.59,0.58,20019.71;345.6874
19997.52,0.58,20019.96;345.4869
19997.46,0.58,20020.2;345.2462
19997.46,0.58,20020.2;345.2462
19997.39,0.58,20020.45;345.0056
19997.33,0.58,20020.69;344.7191
19997.26,0.58,20020.94;344.4326
19997.19,0.58,20021.18;344.1748
19997.19,0.58,20021.18;344.1748
19997.12,0.58,20021.43;343.917
19997.05,0.58,20021.67;343.619
19996.97,0.58,20021.91;343.3211
19996.9,0.58,20022.16;343.0633
19996.9,0.58,20022.16;343.0633
19996.82,0.58,20022.4;342.8054
19996.75,0.58,20022.64;342.5075
19996.67,0.58,20022.88;342.2095
19996.67,0.58,20022.88;342.2095
19996.67,0.58,20022.88;342.2095
19996.59,0.58,20023.13;341.9517
19996.51,0.58,20023.37;341.6939
19996.43,0.58,20023.61;341.3902
19996.43,0.58,20023.61;341.3902
19996.35,0.58,20023.85;341.0865
19996.27,0.58,20024.09;340.7829
19996.18,0.58,20024.33;340.4792
19996.1,0.58,20024.57;340.2156
19996.1,0.58,20024.57;340.2156
19996.01,0.58,20024.8;339.9521
19996.01,0.58,20024.8;339.9521
19995.92,0.58,20025.04;339.6885
19995.92,0.58,20025.04;339.6885
19995.92,0.58,20025.04;339.6885
19995.83,0.58,20025.28;339.425
19995.74,0.58,20025.52;339.1614
19995.65,0.58,20025.75;338.9838
19995.65,0.58,20025.75;338.9838
19995.56,0.58,20025.99;338.5884
19995.56,0.58,20025.99;338.5884
19995.46,0.58,20026.23;338.1931
19995.37,0.58,20026.46;337.8092
19995.33,0.58,20026.55;337.58
19995.33,0.58,20026.55;337.58
19995.32,0.58,20026.57;337.3509
19995.31,0.58,20026.59;337.3108
19995.31,0.58,20026.59;337.3108
19995.3,0.58,20026.61;337.3337
19995.29,0.58,20026.64;337.3566
19995.29,0.58,20026.64;337.3566
19995.28,0.58,20026.67;337.4998
19995.28,0.58,20026.68;337.7634
19995.28,0.58,20026.68;337.7634
19995.28,0.58,20026.68;338.027
19995.28,0.58,20026.68;338.3306
19995.28,0.58,20026.68;338.7202
19995.28,0.58,20026.68;338.7202
19995.28,0.58,20026.68;338.7202
19995.27,0.58,20026.7;339.1098
19995.26,0.58,20026.72;339.5052
19995.24,0.58,20026.77;339.8432
19995.24,0.58,20026.77;339.8432
19995.22,0.58,20026.84;340.1813
19995.19,0.58,20026.91;340.5652
19995.16,0.58,20027;340.9318
19995.16,0.58,20027;340.9318
19995.16,0.58,20027;340.9318
19995.12,0.58,20027.11;341.2985
19995.09,0.58,20027.22;341.6251
19995.08,0.58,20027.26;342.0262
19995.08,0.58,20027.26;342.0262
19995.08,0.58,20027.26;342.0262
19995.04,0.58,20027.38;342.4444
19994.99,0.58,20027.52;342.8627
19994.95,0.58,20027.66;343.2122
19994.95,0.58,20027.66;343.2122
19994.92,0.58,20027.77;343.5617
19994.88,0.58,20027.89;343.9799
19994.85,0.58,20028.02;344.3982
19994.81,0.58,20028.15;344.8108
19994.81,0.58,20028.15;344.8108
19994.78,0.58,20028.28;345.2233
19994.75,0.58,20028.41;345.5785
19994.72,0.58,20028.52;345.9739
19994.72,0.58,20028.52;345.9739
19994.72,0.58,20028.52;345.9739
19994.69,0.58,20028.65;346.3692
19994.65,0.58,20028.78;346.7645
19994.63,0.58,20028.92;347.0911
19994.63,0.58,20028.92;347.0911
19994.63,0.58,20028.92;347.0911
19994.6,0.58,20029.03;347.4177
19994.58,0.58,20029.13;347.813
19994.55,0.58,20029.27;348.2256
19994.55,0.58,20029.27;348.2256
19994.55,0.58,20029.27;348.2256
19994.52,0.58,20029.4;348.6381
19994.5,0.58,20029.51;348.9991
19994.48,0.58,20029.62;349.4345
19994.48,0.58,20029.62;349.4345
19994.48,0.58,20029.62;349.4345
19994.46,0.58,20029.75;349.87
19994.43,0.58,20029.89;350.2997
19994.41,0.58,20030.02;350.7294
19994.39,0.58,20030.15;351.0961
19994.39,0.58,20030.15;351.0961
19994.37,0.58,20030.26;351.4628
19994.36,0.58,20030.4;351.8811
19994.34,0.58,20030.53;352.2879
19994.34,0.58,20030.53;352.2879
19994.34,0.58,20030.53;352.2879
19994.32,0.58,20030.66;352.6374
19994.32,0.58,20030.66;352.6374
19994.31,0.58,20030.77;353.0442
19994.31,0.58,20030.77;353.0442
19994.31,0.58,20030.77;353.0442
19994.29,0.58,20030.9;353.451
19994.28,0.58,20031.03;353.7776
19994.26,0.58,20031.16;353.9838
19994.26,0.58,20031.16;353.9838
19994.26,0.58,20031.16;353.9838
19994.26,0.58,20031.25;354.4021
19994.25,0.58,20031.31;354.8204
19994.24,0.58,20031.38;355.0152
19994.24,0.58,20031.38;355.0152
19994.24,0.58,20031.38;355.0152
19994.23,0.58,20031.51;355.1699
19994.22,0.58,20031.62;355.3246
19994.21,0.58,20031.73;355.4965
19994.21,0.58,20031.85;355.6683
19994.21,0.58,20031.85;355.6683
19994.2,0.58,20031.95;355.8402
19994.2,0.58,20031.95;355.8402
19994.2,0.58,20031.95;355.8402
19994.2,0.58,20031.99;356.0121
19994.2,0.58,20031.99;356.0121
19994.2,0.58,20031.99;356.184
19994.2,0.58,20031.99;356.184
19994.2,0.58,20031.99;356.184
19994.2,0.58,20031.99;356.184
19994.2,0.58,20031.99;356.184
19994.2,0.58,20032.01;356.3559
19994.19,0.58,20032.02;356.3845
19994.19,0.58,20032.02;356.3845
19994.19,0.58,20032.15;356.4647
19994.19,0.58,20032.15;356.4647
19994.18,0.58,20032.22;356.545
19994.18,0.58,20032.29;356.8944
19994.18,0.58,20032.29;356.8944
19994.17,0.58,20032.36;357.307
19994.17,0.58,20032.36;357.307
19994.17,0.58,20032.48;357.7195
19994.17,0.58,20032.6;358.1378
19994.16,0.58,20032.71;358.493
19994.16,0.58,20032.71;358.493
19994.16,0.58,20032.71;358.493
19994.16,0.58,20032.8;358.8482
19994.16,0.58,20032.89;359.255
19994.16,0.58,20032.89;359.255
19994.16,0.58,20033.02;359.6504
19994.16,0.58,20033.02;359.6504
19994.16,0.58,20033.11;0.04572038
19994.16,0.58,20033.21;0.3723061
19994.16,0.58,20033.31;0.7332669
19994.16,0.58,20033.31;0.7332669
19994.16,0.58,20033.31;0.7332669
19994.16,0.58,20033.38;1.094228
19994.16,0.58,20033.46;1.44373
19994.17,0.58,20033.49;1.724483
19994.17,0.58,20033.49;1.724483
19994.17,0.58,20033.5;2.005235
19994.17,0.58,20033.51;2.331821
19994.17,0.58,20033.58;2.658406
19994.17,0.58,20033.64;2.984992
19994.17,0.58,20033.64;2.984992
19994.18,0.58,20033.71;3.311578
19994.18,0.58,20033.79;3.580871
19994.19,0.58,20033.98;3.850165
19994.21,0.58,20034.16;4.159564
19994.21,0.58,20034.16;4.159564
19994.23,0.58,20034.42;4.468962
19994.25,0.58,20034.67;4.732527
19994.27,0.58,20034.92;4.996091
19994.29,0.58,20035.17;5.185166
19994.29,0.58,20035.17;5.185166
19994.29,0.58,20035.17;5.185166
19994.32,0.58,20035.43;5.391428
19994.34,0.58,20035.68;5.597689
19994.37,0.58,20035.93;5.740931
19994.37,0.58,20035.93;5.740931
19994.37,0.58,20035.93;5.740931
19994.39,0.58,20036.17;5.952921
19994.42,0.58,20036.42;6.164913
19994.45,0.58,20036.68;6.508686
19994.45,0.58,20036.68;6.508686
19994.48,0.58,20036.93;6.852458
19994.51,0.58,20037.18;7.110295
19994.54,0.58,20037.43;7.36813
19994.58,0.58,20037.69;7.499913
19994.58,0.58,20037.69;7.499913
19994.61,0.58,20037.94;7.631696
19994.64,0.58,20038.19;7.757749
19994.68,0.58,20038.44;7.883801
19994.71,0.58,20038.69;8.015585
19994.71,0.58,20038.69;8.015585
19994.75,0.58,20038.94;8.147367
19994.79,0.58,20039.19;8.319254
19994.82,0.58,20039.45;8.49114
19994.86,0.58,20039.7;8.668756
19994.86,0.58,20039.7;8.668756
19994.9,0.58,20039.95;8.846373
19994.94,0.58,20040.2;8.852101
19994.98,0.58,20040.45;8.85783
19994.98,0.58,20040.45;8.85783
19994.98,0.58,20040.45;8.85783
19995.02,0.58,20040.7;8.863558
19995.02,0.58,20040.7;8.863558
19995.06,0.58,20040.95;8.869288
19995.06,0.58,20040.95;8.869288
19995.06,0.58,20040.95;8.869288
19995.09,0.58,20041.18;8.869288
19995.09,0.58,20041.18;8.869288
19995.13,0.58,20041.43;8.972425
19995.13,0.58,20041.43;8.972425
19995.13,0.58,20041.43;8.972425
19995.17,0.58,20041.68;9.213061
19995.22,0.58,20041.93;9.482354
19995.22,0.58,20041.93;9.482354
19995.26,0.58,20042.18;9.763106
19995.26,0.58,20042.18;9.763106
19995.3,0.58,20042.43;10.01521
19995.3,0.58,20042.43;10.01521
19995.3,0.58,20042.43;10.01521
19995.35,0.58,20042.68;10.31315
19995.39,0.58,20042.93;10.61109
19995.44,0.58,20043.18;10.90903
19995.44,0.58,20043.18;10.90903
19995.49,0.58,20043.43;11.15541
19995.49,0.58,20043.43;11.15541
19995.54,0.58,20043.68;11.40179
19995.59,0.58,20043.93;11.68254
19995.59,0.58,20043.93;11.68254
19995.65,0.58,20044.18;11.9461
19995.65,0.58,20044.18;11.9461
19995.7,0.58,20044.42;12.16955
19995.7,0.58,20044.42;12.16955
19995.75,0.58,20044.67;12.42166
19995.75,0.58,20044.67;12.42166
19995.81,0.58,20044.92;12.67377
19995.87,0.58,20045.16;12.93733
19995.87,0.58,20045.16;12.93733
19995.92,0.58,20045.41;13.17797
19995.92,0.58,20045.41;13.17797
19995.98,0.58,20045.64;13.41861
19996.04,0.58,20045.87;13.70509
19996.04,0.58,20045.87;13.70509
19996.1,0.58,20046.11;13.95719
19996.1,0.58,20046.11;13.95719
19996.15,0.58,20046.32;14.2093
19996.2,0.58,20046.52;14.34108
19996.2,0.58,20046.52;14.34108
19996.23,0.58,20046.64;14.46141
19996.23,0.58,20046.64;14.46141
19996.25,0.58,20046.72;14.58173
19996.27,0.58,20046.79;14.65048
19996.27,0.58,20046.79;14.65048
19996.29,0.58,20046.86;14.73069
19996.29,0.58,20046.86;14.73069
19996.31,0.58,20046.95;14.8109
19996.33,0.58,20047.03;14.94268
19996.38,0.58,20047.19;15.07447
19996.42,0.58,20047.35;15.2349
19996.42,0.58,20047.35;15.2349
19996.47,0.58,20047.55;15.39533
19996.53,0.58,20047.75;15.56148
19996.6,0.58,20048;15.72764
19996.67,0.58,20048.24;16.00266
19996.67,0.58,20048.24;16.00266
19996.74,0.58,20048.49;16.27769
19996.81,0.58,20048.73;16.59282
19996.89,0.58,20048.97;16.86784
19996.89,0.58,20048.97;16.86784
19996.89,0.58,20048.97;16.86784
19996.96,0.58,20049.21;17.14286
19997.04,0.58,20049.46;17.2861
19997.1,0.58,20049.65;17.42935
19997.1,0.58,20049.65;17.42935
19997.1,0.58,20049.65;17.42935
19997.12,0.58,20049.71;17.57259
19997.12,0.58,20049.71;17.57259
19997.13,0.58,20049.76;17.71583
19997.15,0.58,20049.81;17.72155
19997.15,0.58,20049.81;17.72155
19997.18,0.58,20049.9;17.72728
19997.21,0.58,20050;17.92781
19997.29,0.58,20050.24;18.12835
19997.37,0.58,20050.48;18.39764
19997.37,0.58,20050.48;18.39764
19997.45,0.58,20050.72;18.66694
19997.53,0.58,20050.96;18.97061
19997.62,0.58,20051.2;19.28573
19997.62,0.58,20051.2;19.28573
19997.7,0.58,20051.44;19.60086
19997.79,0.58,20051.68;19.87589
19997.88,0.58,20051.92;20.15091
19997.96,0.58,20052.16;20.48322
19997.96,0.58,20052.16;20.48322
19997.96,0.58,20052.16;20.48322
19998.06,0.58,20052.39;20.79835
19998.15,0.58,20052.63;21.11348
19998.24,0.58,20052.87;21.37132
19998.24,0.58,20052.87;21.37132
19998.33,0.58,20053.11;21.62915
19998.43,0.58,20053.34;21.90417
19998.52,0.58,20053.58;22.18493
19998.52,0.58,20053.58;22.18493
19998.52,0.58,20053.58;22.18493
19998.62,0.5800001,20053.61;22.43703
19998.72,0.5800012,20053.62;22.68914
19998.82,0.5800015,20053.62;23.01572
19998.82,0.5800015,20053.62;23.01572
19998.82,0.5800015,20053.62;23.01572
19998.92,0.5800019,20053.62;23.36522
19999.02,0.5800024,20053.62;23.71472
19999.13,0.5800016,20053.62;24.00694
19999.13,0.5800016,20053.62;24.00694
19999.23,0.5800022,20053.62;24.32207
19999.23,0.5800022,20053.62;24.32207
19999.33,0.580002,20053.62;24.51114
19999.33,0.580002,20053.62;24.51114
19999.33,0.580002,20053.62;24.51114
19999.44,0.5800019,20053.62;24.74605
19999.55,0.5800022,20053.62;24.98096
19999.66,0.5800279,20053.62;25.30181
19999.66,0.5800279,20053.62;25.30181
19999.66,0.5800279,20053.62;25.30181
19999.77,0.5800425,20053.62;25.6284
19999.81,0.5800372,20053.62;25.95498
19999.86,0.5800333,20053.62;25.97217
19999.86,0.5800333,20053.62;25.97217
19999.86,0.5800333,20053.62;25.97217
19999.97,0.5800414,20053.62;25.98936
19999.97,0.5800414,20053.62;25.98936
20000.08,0.5800309,20053.62;26.00654
20000.08,0.5800309,20053.62;26.00654
20000.19,0.58,20053.62;26.00654
20000.19,0.58,20053.62;26.00654
20000.19,0.58,20053.62;26.00654
20000.3,0.58,20053.62;26.00654
20000.42,0.58,20053.63;26.00654
20000.42,0.58,20053.63;26.00654
20000.54,0.5803462,20053.62;26.01227
20000.54,0.5803462,20053.62;26.01227
20000.63,0.58,20053.63;26.018
20000.72,0.5822943,20053.62;26.23572
20000.83,0.58,20053.62;26.56231
20000.83,0.58,20053.62;26.56231
20000.83,0.58,20053.62;26.56231
20000.93,0.5800002,20053.62;26.8889
20001.02,0.58,20053.62;27.21548
20001.14,0.5800009,20053.62;27.4905
20001.14,0.5800009,20053.62;27.4905
20001.14,0.5800009,20053.62;27.4905
20001.26,0.580001,20053.62;27.76552
20001.38,0.5800029,20053.62;28.08638
20001.5,0.5800015,20053.62;28.40151
20001.5,0.5800015,20053.62;28.40151
20001.5,0.5800015,20053.62;28.40151
20001.62,0.5800036,20053.62;28.71663
20001.74,0.5800053,20053.62;28.96874
20001.87,0.5800043,20053.62;29.26095
20001.87,0.5800043,20053.62;29.26095
20001.87,0.5800043,20053.62;29.26095
20001.99,0.5800019,20053.62;29.55316
20002.11,0.5800006,20053.62;29.83964
20002.23,0.5800027,20053.62;30.12612
20002.36,0.580003,20053.62;30.38969
20002.36,0.580003,20053.62;30.38969
20002.49,0.5800022,20053.62;30.65325
20002.62,0.5800026,20053.62;30.96838
20002.74,0.5800016,20053.62;31.28351
20002.87,0.5800008,20053.62;31.56426
20002.87,0.5800008,20053.62;31.56426
20003,0.58,20053.62;31.84501
20003.14,0.5800015,20053.62;32.1716
20003.27,0.5800019,20053.62;32.49818
20003.41,0.580002,20053.62;32.72163
20003.41,0.580002,20053.62;32.72163
20003.55,0.5800015,20053.62;32.94508
20003.69,0.5800005,20053.62;33.20865
20003.83,0.58,20053.62;33.50659
20003.83,0.58,20053.62;33.50659
20003.83,0.58,20053.62;33.50659
20003.97,0.5800001,20053.62;33.80453
20004.11,0.5800001,20053.62;34.11393
20004.24,0.58,20053.62;34.39469
20004.24,0.58,20053.62;34.39469
20004.24,0.58,20053.62;34.39469
20004.39,0.58,20053.62;34.67544
20004.53,0.5800017,20053.62;34.86451
20004.53,0.5800017,20053.62;34.86451
20004.53,0.5800017,20053.62;34.86451
20004.53,0.5800017,20053.62;34.86451
20004.68,0.5800015,20053.63;35.05359
20004.83,0.5800014,20053.63;35.24267
20004.83,0.5800014,20053.63;35.24267
20004.83,0.5800014,20053.63;35.24267
20004.83,0.5800014,20053.63;35.24267
20004.97,0.5800003,20053.63;35.43174
20005.03,0.5800004,20053.63;35.43747
20005.09,0.5800004,20053.63;35.49476
20005.09,0.5800004,20053.63;35.49476
20005.09,0.5800004,20053.63;35.49476
20005.24,0.5800018,20053.63;35.75832
20005.39,0.5800021,20053.63;36.02189
20005.54,0.5800025,20053.63;36.32556
20005.54,0.5800025,20053.63;36.32556
20005.54,0.5800025,20053.63;36.32556
20005.69,0.580003,20053.63;36.58912
20005.85,0.580004,20053.63;36.85269
20006,0.5800032,20053.63;37.15636
20006,0.5800032,20053.63;37.15636
20006.15,0.5800039,20053.63;37.46575
20006.15,0.5800039,20053.63;37.46575
20006.31,0.5800028,20053.63;37.77515
20006.46,0.5800037,20053.63;38.03872
20006.46,0.5800037,20053.63;38.03872
20006.46,0.5800037,20053.63;38.03872
20006.62,0.580004,20053.63;38.34812
20006.78,0.5800047,20053.63;38.65752
20006.94,0.5800043,20053.63;38.95546
20006.94,0.5800043,20053.63;38.95546
20007.09,0.5800043,20053.63;39.19609
20007.09,0.5800043,20053.63;39.19609
20007.25,0.5800033,20053.63;39.43673
20007.41,0.5800039,20053.63;39.70029
20007.41,0.5800039,20053.63;39.70029
20007.57,0.5800036,20053.63;39.98105
20007.57,0.5800036,20053.63;39.98105
20007.71,0.5800045,20053.63;40.2618
20007.86,0.5800046,20053.63;40.51964
20007.86,0.5800046,20053.63;40.51964
20008.03,0.5800057,20053.63;40.83477
20008.03,0.5800057,20053.63;40.83477
20008.2,0.580007,20053.63;41.14989
20008.36,0.5800069,20053.63;41.47648
20008.36,0.5800069,20053.63;41.47648
20008.52,0.5800066,20053.63;41.74577
20008.52,0.5800066,20053.63;41.74577
20008.69,0.5800061,20053.63;42.01506
20008.86,0.5800055,20053.63;42.31873
20008.86,0.5800055,20053.63;42.31873
20009.03,0.5800042,20053.63;42.57084
20009.03,0.5800042,20053.63;42.57084
20009.2,0.5800036,20053.63;42.82294
20009.38,0.5800031,20053.63;43.08078
20009.38,0.5800031,20053.63;43.08078
20009.54,0.5800039,20053.63;43.38445
20009.54,0.5800039,20053.63;43.38445
20009.69,0.5800049,20053.63;43.68812
20009.85,0.5800052,20053.63;44.00325
20009.85,0.5800052,20053.63;44.00325
20010.03,0.5800043,20053.63;44.20378
20010.03,0.5800043,20053.63;44.20378
20010.09,0.5800048,20053.63;44.40431
20010.09,0.5800048,20053.63;44.40431
20010.27,0.5800055,20053.63;44.60484
20010.27,0.5800055,20053.63;44.60484
20010.27,0.5800055,20053.63;44.60484
20010.45,0.5800059,20053.63;44.80537
20010.45,0.5800059,20053.63;44.80537
