20000,0.5,20000;0
20000,0.58,20000.25;359.8854
20000,0.58,20000.51;359.7651
20000,0.58,20000.76;359.6505
19999.99,0.58,20001.02;359.5359
19999.99,0.58,20001.27;359.4442
19999.99,0.58,20001.52;359.3354
19999.99,0.58,20001.78;359.215
19999.98,0.58,20002.03;359.089
19999.98,0.58,20002.29;358.9629
19999.97,0.58,20002.54;358.8598
19999.97,0.58,20002.79;358.7337
19999.96,0.58,20003.05;358.6191
19999.95,0.58,20003.3;358.4874
19999.95,0.58,20003.55;358.3613
19999.94,0.58,20003.81;358.2353
19999.93,0.58,20004.06;358.1207
19999.92,0.58,20004.32;357.9946
19999.91,0.58,20004.54;357.8685
19999.91,0.58,20004.69;357.7597
19999.9,0.58,20004.94;357.6393
19999.89,0.58,20005.19;357.519
19999.88,0.58,20005.45;357.393
19999.86,0.58,20005.7;357.2899
19999.85,0.58,20005.95;357.1581
19999.84,0.58,20006.21;357.0263
19999.82,0.58,20006.46;356.8945
19999.81,0.58,20006.71;356.7914
19999.79,0.58,20006.97;356.6653
19999.78,0.58,20007.22;356.5507
19999.76,0.58,20007.47;356.4533
19999.75,0.58,20007.73;356.3445
19999.73,0.58,20007.98;356.2299
19999.71,0.58,20008.23;356.1152
19999.7,0.58,20008.49;356.0236
19999.68,0.58,20008.74;355.9204
19999.66,0.58,20009;355.8116
19999.64,0.58,20009.25;355.7314
19999.62,0.58,20009.5;355.6282
19999.6,0.58,20009.76;355.5251
19999.58,0.58,20010.01;355.4391
19999.56,0.58,20010.26;355.336
19999.54,0.58,20010.52;355.2271
19999.52,0.58,20010.77;355.1125
19999.49,0.58,20011.02;355.0151
19999.47,0.58,20011.27;354.9177
19999.45,0.58,20011.53;354.8089
19999.43,0.58,20011.78;354.7057
19999.4,0.58,20012.03;354.614
19999.38,0.58,20012.29;354.5109
19999.35,0.58,20012.54;354.4078
19999.33,0.58,20012.79;354.3046
19999.3,0.58,20013.04;354.2187
19999.28,0.58,20013.3;354.1041
19999.25,0.58,20013.55;353.9952
19999.22,0.58,20013.8;353.8978
19999.2,0.58,20014.05;353.8004
19999.17,0.58,20014.31;353.6973
19999.14,0.58,20014.56;353.6056
19999.12,0.58,20014.73;353.5025
19999.09,0.58,20014.98;353.3993
19999.06,0.58,20015.23;353.3076
19999.03,0.58,20015.48;353.216
19999,0.58,20015.74;353.1071
19998.97,0.58,20015.99;353.004
19998.94,0.58,20016.24;352.9066
19998.91,0.58,20016.49;352.7977
19998.87,0.58,20016.74;352.6831
19998.84,0.58,20017;352.5685
19998.81,0.58,20017.25;352.4711
19998.77,0.58,20017.5;352.3622
19998.74,0.58,20017.75;352.2534
19998.71,0.58,20018;352.156
19998.67,0.58,20018.26;352.0471
19998.63,0.58,20018.51;351.9325
19998.6,0.58,20018.76;351.8179
19998.56,0.58,20019.01;351.7205
19998.53,0.58,20019.26;351.6059
19998.49,0.58,20019.51;351.497
19998.45,0.58,20019.76;351.3824
19998.41,0.58,20020.01;351.2908
19998.41,0.58,20020.01;351.2908
19998.37,0.58,20020.26;351.1762
19998.33,0.58,20020.51;351.0788
19998.29,0.58,20020.77;350.9642
19998.25,0.58,20021.02;350.8496
19998.21,0.58,20021.27;350.735
19998.21,0.5800001,20021.52;350.6376
19998.21,0.58,20021.77;350.5172
19998.21,0.5800002,20022.02;350.4084
19998.21,0.5800006,20022.27;350.3052
19998.21,0.5800011,20022.52;350.1906
19998.21,0.5800014,20022.77;350.0646
19998.21,0.5800014,20022.77;350.0646
19998.21,0.5800016,20023.02;349.9615
19998.21,0.5800018,20023.27;349.8412
19998.21,0.5800017,20023.52;349.7151
19998.21,0.5800018,20023.77;349.6119
19998.21,0.580002,20024.02;349.5088
19998.21,0.5800022,20024.26;349.3828
19998.21,0.5800018,20024.51;349.2567
19998.21,0.5800024,20024.76;349.1536
19998.21,0.5800027,20025.01;349.0333
19998.21,0.5800027,20025.12;348.9129
19998.21,0.5800029,20025.37;348.7926
19998.21,0.5800027,20025.62;348.6895
19998.21,0.5800031,20025.86;348.5692
19998.21,0.5800033,20026.11;348.4488
19998.21,0.5800032,20026.36;348.3457
19998.21,0.5800035,20026.61;348.2311
19998.21,0.580004,20026.86;348.1165
19998.21,0.5800036,20027.11;347.9904
19998.21,0.5800036,20027.36;347.8873
19998.21,0.5800037,20027.6;347.7727
19998.21,0.5800042,20027.85;347.6581
19998.21,0.5800035,20028.1;347.5435
19998.21,0.5800038,20028.35;347.4518
19998.21,0.5800041,20028.59;347.343
19998.21,0.5800042,20028.84;347.2398
19998.21,0.5800041,20029.08;347.1482
19998.21,0.5800044,20029.32;347.0565
19998.21,0.5800046,20029.57;346.9533
19998.21,0.5800044,20029.82;346.8502
19998.21,0.5800041,20030.06;346.7643
19998.21,0.5800042,20030.3;346.6611
19998.21,0.5800042,20030.55;346.5695
19998.21,0.5800045,20030.8;346.4778
19998.21,0.5800045,20031.03;346.3861
19998.21,0.5800046,20031.27;346.2887
19998.21,0.5800043,20031.51;346.197
19998.21,0.5800043,20031.51;346.197
19998.21,0.5800043,20031.51;346.197
