20000,0.58,19838;206.0005
20000,0.58,19838;206.0062
20000,0.58,19838;206.0062
20000,0.58,19838;206.0062
20000,0.58,19838;206.0062
20000,0.58,19838;206.0062
20000,0.58,19838;206.0062
20000,0.58,19838;206.0062
20000,0.58,19838;206.0062
20000,0.58,19838;206.0062
20000,0.58,19838;206.0062
20000,0.58,19838;206.0062
20000,0.58,19838;206.0062
20000,0.58,19838;206.0062
20000,0.58,19838;206.0062
20000,0.58,19838;206.0062
20000,0.58,19838;206.0062
20000,0.58,19838;206.0062
20000,0.58,19838;206.0062
20000,0.58,19838;206.0062
20000,0.58,19838;206.0062
20000,0.58,19838;206.0062
20000,0.58,19838;206.0062
20000,0.58,19838;206.0062
20000,0.58,19838;206.0062
20000,0.58,19838;206.0062
20000,0.58,19838;206.0062
20000,0.58,19838;206.0062
20000,0.58,19838;206.0062
20000,0.58,19838;206.0062
20000,0.58,19838;206.0062
20000,0.58,19838;206.0062
20000,0.58,19838;206.0062
20000,0.58,19838;206.0062
20000,0.58,19838;206.0062
20000,0.58,19838;206.0062
20000,0.58,19838;206.0062
20000,0.58,19838;206.0062
20000,0.58,19838;206.0062
20000,0.58,19838;206.0062
20000,0.58,19838;206.0062
20000,0.58,19838;206.0062
20000,0.58,19838;206.0062
20000,0.58,19838;206.0062
20000,0.58,19838;206.0062
20000,0.58,19838;206.0062
20000,0.58,19838;206.0062
20000,0.58,19838;206.0062
20000,0.58,19838;206.0062
20000,0.58,19838;206.0062
20000,0.58,19838;206.0062
20000,0.58,19838;206.0062
20000,0.58,19838;206.0062
20000,0.58,19838;206.0062
20000,0.58,19838;206.0062
20000,0.58,19838;206.0062
20000,0.58,19838;206.0062
20000,0.58,19838;206.0062
20000,0.58,19838;206.0062
20000,0.58,19838;206.0062
20000,0.58,19838;206.0062
20000,0.58,19838;206.0062
20000,0.58,19838;206.0062
20000,0.58,19838;206.0062
20000,0.58,19838;206.0062
20000,0.58,19838;206.0062
20000,0.58,19838;206.0062
20000,0.58,19838;206.0062
20000,0.58,19838;206.0062
20000,0.58,19838;206.0062
20000,0.58,19838;206.0062
20000,0.58,19838;206.0062
20000,0.58,19838;206.0062
20000,0.58,19838;206.0062
20000,0.58,19838;206.0062
20000,0.58,19838;206.0062
20000,0.58,19838;206.0062
20000,0.58,19838;206.0062
20000,0.58,19838;206.0062
20000,0.58,19838;206.0062
20000,0.58,19838;206.0062
20000,0.58,19838;206.0062
20000,0.58,19838;206.0062
20000,0.58,19838;206.0062
20000,0.58,19838;206.0062
20000,0.58,19838;206.0062
20000,0.58,19838;206.0062
20000,0.58,19838;206.0062
20000,0.58,19838;206.0062
20000,0.58,19838;206.0062
20000,0.58,19838;206.0062
20000,0.58,19838;206.0062
20000,0.58,19838;206.0062
20000,0.58,19838;206.0062
20000,0.58,19838;206.0062
20000,0.58,19838;206.0062
20000,0.58,19838;206.0062
20000,0.58,19838;206.012
20000,0.58,19838;206.012
20000,0.58,19838;206.012
20000,0.58,19838;206.012
20000,0.58,19838;206.012
20000,0.58,19838;206.012
20000,0.58,19838;206.012
20000,0.58,19838;206.012
20000,0.58,19838;206.012
20000,0.58,19838;206.012
20000,0.58,19838;206.012
20000,0.58,19838;206.012
20000,0.58,19838;206.012
20000,0.58,19838;206.0177
20000,0.58,19838;206.0177
20000,0.58,19838;206.0177
20000,0.58,19838;206.0177
20000,0.58,19838;206.0177
20000,0.58,19838;206.0177
20000,0.58,19838;206.0177
20000,0.58,19838;206.0177
20000,0.58,19838;206.0177
20000,0.58,19838;206.0177
20000,0.58,19838;206.0177
20000,0.58,19838;206.0177
20000,0.58,19838;206.0177
20000,0.58,19838;206.0177
20000,0.58,19838;206.0177
20000,0.58,19838;206.0177
20000,0.58,19838;206.0177
20000,0.58,19838;206.0177
20000,0.58,19838;206.0177
20000,0.58,19838;206.0177
20000,0.58,19838;206.0177
20000,0.58,19838;206.0177
20000,0.58,19838;206.0177
20000,0.58,19838;206.0177
20000,0.58,19838;206.0177
20000,0.58,19838;206.0177
20000,0.58,19838;206.0177
20000,0.58,19838;206.0177
20000,0.58,19838;206.0177
20000,0.58,19838;206.0177
20000,0.58,19838;206.0177
20000,0.58,19838;206.0177
20000,0.58,19838;206.0177
20000,0.58,19838;206.0177
20000,0.58,19838;206.0177
20000,0.58,19838;206.0177
20000,0.58,19838;206.0177
20000,0.58,19838;206.0177
20000,0.58,19838;206.0177
20000,0.58,19838;206.0177
20000,0.58,19838;206.0177
20000,0.58,19838;206.0177
20000,0.58,19838;206.0177
20000,0.58,19838;206.0177
20000,0.58,19838;206.0177
20000,0.58,19838;206.0177
20000,0.58,19838;206.0177
20000,0.58,19838;206.0177
20000,0.58,19838;206.0177
20000,0.58,19838;206.0177
20000,0.58,19838;206.0177
20000,0.58,19838;206.0177
20000,0.58,19838;206.0177
20000,0.58,19838;206.0177
20000,0.58,19838;206.0177
20000,0.58,19838;206.0177
20000,0.58,19838;206.0177
20000,0.58,19838;206.0177
20000,0.58,19838;206.0177
20000,0.58,19838;206.0177
20000,0.58,19838;206.0177
20000,0.58,19838;206.0177
20000,0.58,19838;206.0177
20000,0.58,19838;206.0177
20000,0.58,19838;206.0177
20000,0.58,19838;206.0177
20000,0.58,19838;206.0177
20000,0.58,19838;206.0177
20000,0.58,19838;206.0177
20000,0.58,19838;206.0177
20000,0.58,19838;206.0177
20000,0.58,19838;206.0177
20000,0.58,19838;206.0177
20000,0.58,19838;206.0177
20000,0.58,19838;206.0177
20000,0.58,19838;206.0177
20000,0.58,19838;206.0177
20000,0.58,19838;206.0177
20000,0.58,19838;206.0177
20000,0.58,19838;206.0177
20000,0.58,19838;206.0177
20000,0.58,19838;206.0177
20000,0.58,19838;206.0177
20000,0.58,19838;206.0177
20000,0.58,19838;206.0177
20000,0.58,19838;206.0177
20000,0.58,19838;206.0177
20000,0.58,19838;206.0177
20000,0.58,19838;206.0177
20000,0.58,19838;206.0177
20000,0.58,19838;206.0177
20000,0.58,19838;206.0177
20000,0.58,19838;206.0177
20000,0.58,19838;206.0177
20000,0.58,19838;206.0177
20000,0.58,19838;206.0177
20000,0.58,19838;206.0177
20000,0.58,19838;206.0177
20000,0.58,19838;206.0177
20000,0.58,19838;206.0177
20000,0.58,19838;206.0177
20000,0.58,19838;206.0177
20000,0.58,19838;206.0177
20000,0.58,19838;206.0177
20000,0.58,19838;206.0177
20000,0.58,19838;206.0177
20000,0.58,19838;206.0177
20000,0.58,19838;206.0177
20000,0.58,19838;206.0177
20000,0.58,19838;206.0177
20000,0.58,19838;206.0177
20000,0.58,19838;206.0177
20000,0.58,19838;206.0177
20000,0.58,19838;206.0177
20000,0.58,19838;206.0177
20000,0.58,19838;206.0177
20000,0.58,19838;206.0177
20000,0.58,19838;206.0177
20000,0.58,19838;206.0177
20000,0.58,19838;206.0177
20000,0.58,19838;206.0177
20000,0.58,19838;206.0177
20000,0.58,19838;206.0177
20000,0.58,19838;206.0177
20000,0.58,19838;206.0177
20000,0.58,19838;206.0177
20000,0.58,19838;206.0177
20000,0.58,19838;206.0177
20000,0.58,19838;206.0177
20000,0.58,19838;206.0177
20000,0.58,19838;206.0177
20000,0.58,19838;206.0177
20000,0.58,19838;206.0177
20000,0.58,19838;206.0177
20000,0.58,19838;206.0177
20000,0.58,19838;206.0177
20000,0.58,19838;206.0177
20000,0.58,19838;206.0177
20000,0.58,19838;206.0177
20000,0.58,19838;206.0177
20000,0.58,19838;206.0177
20000,0.58,19838;206.0177
20000,0.58,19838;206.0177
20000,0.58,19838;206.0177
20000,0.58,19838;206.0177
20000,0.58,19838;206.0177
20000,0.58,19838;206.0177
20000,0.58,19838;206.0177
20000,0.58,19838;206.0177
20000,0.58,19838;206.0177
20000,0.58,19838;206.0177
20000,0.58,19838;206.0177
20000,0.58,19838;206.0177
20000,0.58,19838;206.0177
20000,0.58,19838;206.0177
20000,0.58,19838;206.0177
20000,0.58,19838;206.0177
20000,0.58,19838;206.0177
20000,0.58,19838;206.0177
20000,0.58,19838;206.0177
20000,0.58,19838;206.0177
20000,0.58,19838;206.0177
20000,0.58,19838;206.0177
20000,0.58,19838;206.0177
20000,0.58,19838;206.0177
20000,0.58,19838;206.0177
20000,0.58,19838;206.0177
20000,0.58,19838;206.0177
20000,0.58,19838;206.0177
20000,0.58,19838;206.0177
20000,0.58,19838;206.0177
20000,0.58,19838;206.0177
20000,0.58,19838;206.0177
20000,0.58,19838;206.0177
20000,0.58,19838;206.0177
20000,0.58,19838;206.0177
20000,0.58,19838;206.0177
20000,0.58,19838;206.0177
20000,0.58,19838;206.0177
20000,0.58,19838;206.0177
20000,0.58,19838;206.0177
20000,0.58,19838;206.0177
20000,0.58,19838;206.0177
20000,0.58,19838;206.0177
20000,0.58,19838;206.0177
20000,0.58,19838;206.0177
20000,0.58,19838;206.0177
20000,0.58,19838;206.0177
20000,0.58,19838;206.0177
20000,0.58,19838;206.0177
20000,0.58,19838;206.0177
20000,0.58,19838;206.0177
20000,0.58,19838;206.0177
20000,0.58,19838;206.0177
20000,0.58,19838;206.0177
20000,0.58,19838;206.0177
20000,0.58,19838;206.0177
20000,0.58,19838;206.0177
20000,0.58,19838;206.0177
20000,0.58,19838;206.0177
20000,0.58,19838;206.0177
20000,0.58,19838;206.0177
20000,0.58,19838;206.0177
20000,0.58,19838;206.0177
20000,0.58,19838;206.0177
20000,0.58,19838;206.0177
20000,0.58,19838;206.0177
20000,0.58,19838;206.0177
20000,0.58,19838;206.0177
20000,0.58,19838;206.0177
20000,0.58,19838;206.0177
20000,0.58,19838;206.0177
20000,0.58,19838;206.0177
20000,0.58,19838;206.0177
20000,0.58,19838;206.0177
20000,0.58,19838;206.0177
20000,0.58,19838;206.0177
20000,0.58,19838;206.0177
20000,0.58,19838;206.0177
20000,0.58,19838;206.0177
20000,0.58,19838;206.0177
20000,0.58,19838;206.0177
20000,0.58,19838;206.0177
20000,0.58,19838;206.0177
20000,0.58,19838;206.0177
20000,0.58,19838;206.0177
20000,0.58,19838;206.0177
20000,0.58,19838;206.0177
20000,0.58,19838;206.0177
20000,0.58,19838;206.0177
20000,0.58,19838;206.0234
20000,0.58,19838;206.0234
20000,0.58,19838;206.0234
20000,0.58,19838;206.0234
20000,0.58,19838;206.0234
20000,0.58,19838;206.0234
20000,0.58,19838;206.0234
20000,0.58,19838;206.0234
20000,0.58,19838;206.0234
20000,0.58,19838;206.0234
20000,0.58,19838;206.0234
20000,0.58,19838;206.0234
20000,0.58,19838;206.0234
20000,0.58,19838;206.0234
20000,0.58,19838;206.0234
20000,0.58,19838;206.0234
20000,0.58,19838;206.0234
20000,0.58,19838;206.0234
20000,0.58,19838;206.0234
20000,0.58,19838;206.0234
20000,0.58,19838;206.0234
20000,0.58,19838;206.0234
20000,0.58,19838;206.0234
20000,0.58,19838;206.0234
20000,0.58,19838;206.0234
20000,0.58,19838;206.0234
20000,0.58,19838;206.0234
20000,0.58,19838;206.0234
20000,0.58,19838;206.0234
20000,0.58,19838;206.0234
20000,0.58,19838;206.0234
20000,0.58,19838;206.0234
20000,0.58,19838;206.0234
20000,0.58,19838;206.0234
20000,0.58,19838;206.0234
20000,0.58,19838;206.0234
20000,0.58,19838;206.0234
20000,0.58,19838;206.0234
20000,0.58,19838;206.0234
20000,0.58,19838;206.0234
20000,0.58,19838;206.0234
20000,0.58,19838;206.0234
20000,0.58,19838;206.0234
20000,0.58,19838;206.0234
20000,0.58,19838;206.0234
20000,0.58,19838;206.0234
20000,0.58,19838;206.0234
20000,0.58,19838;206.0234
20000,0.58,19838;206.0234
20000,0.58,19838;206.0234
20000,0.58,19838;206.0234
20000,0.58,19838;206.0234
20000,0.58,19838;206.0234
20000,0.58,19838;206.0234
20000,0.58,19838;206.0234
20000,0.58,19838;206.0234
20000,0.58,19838;206.0234
20000,0.58,19838;206.0234
20000,0.58,19838;206.0234
20000,0.58,19838;206.0234
20000,0.58,19838;206.0234
20000,0.58,19838;206.0234
20000,0.58,19838;206.0234
20000,0.58,19838;206.0234
20000,0.58,19838;206.0234
20000,0.58,19838;206.0234
20000,0.58,19838;206.0234
20000,0.58,19838;206.0234
20000,0.58,19838;206.0234
20000,0.58,19838;206.0234
20000,0.58,19838;206.0234
20000,0.58,19838;206.0234
20000,0.58,19838;206.0234
20000,0.58,19838;206.0234
20000,0.58,19838;206.0234
20000,0.58,19838;206.0234
20000,0.58,19838;206.0234
20000,0.58,19838;206.0234
20000,0.58,19838;206.0234
20000,0.58,19838;206.0234
20000,0.58,19838;206.0234
20000,0.58,19838;206.0234
20000,0.58,19838;206.0234
20000,0.58,19838;206.0234
20000,0.58,19838;206.0234
20000,0.58,19838;206.0234
20000,0.58,19838;206.0234
20000,0.58,19838;206.0234
20000,0.58,19838;206.0234
20000,0.58,19838;206.0234
20000,0.58,19838;206.0234
20000,0.58,19838;206.0234
20000,0.58,19838;206.0234
20000,0.58,19838;206.0234
20000,0.58,19838;206.0234
20000,0.58,19838;206.0234
20000,0.58,19838;206.0234
20000,0.58,19838;206.0234
20000,0.58,19838;206.0234
20000,0.58,19838;206.0234
20000,0.58,19838;206.0234
20000,0.58,19838;206.0234
20000,0.58,19838;206.0234
20000,0.58,19838;206.0234
20000,0.58,19838;206.0234
20000,0.58,19838;206.0234
20000,0.58,19838;206.0234
20000,0.58,19838;206.0234
20000,0.58,19838;206.0234
20000,0.58,19838;206.0234
20000,0.58,19838;206.0234
20000,0.58,19838;206.0234
20000,0.58,19838;206.0234
20000,0.58,19838;206.0234
20000,0.58,19838;206.0234
20000,0.58,19838;206.0234
20000,0.58,19838;206.0234
20000,0.58,19838;206.0234
20000,0.58,19838;206.0234
20000,0.58,19838;206.0234
20000,0.58,19838;206.0234
20000,0.58,19838;206.0234
20000,0.58,19838;206.0234
20000,0.58,19838;206.0234
20000,0.58,19838;206.0234
20000,0.58,19838;206.0234
20000,0.58,19838;206.0234
20000,0.58,19838;206.0234
20000,0.58,19838;206.0234
20000,0.58,19838;206.0234
20000,0.58,19838;206.0234
20000,0.58,19838;206.0234
20000,0.58,19838;206.0234
20000,0.58,19838;206.0234
20000,0.58,19838;206.0234
20000,0.58,19838;206.0234
20000,0.58,19838;206.0234
20000,0.58,19838;206.0234
20000,0.58,19838;206.0234
20000,0.58,19838;206.0234
20000,0.58,19838;206.0234
20000,0.58,19838;206.0234
20000,0.58,19838;206.0234
20000,0.58,19838;206.0234
20000,0.58,19838;206.0234
20000,0.58,19838;206.0234
20000,0.58,19838;206.0234
20000,0.58,19838;206.0234
20000,0.58,19838;206.0234
20000,0.58,19838;206.0234
20000,0.58,19838;206.0234
20000,0.58,19838;206.0234
20000,0.58,19838;206.0234
20000,0.58,19838;206.0234
20000,0.58,19838;206.0234
20000,0.58,19838;206.0234
20000,0.58,19838;206.0234
20000,0.58,19838;206.0234
20000,0.58,19838;206.0234
20000,0.58,19838;206.0234
20000,0.58,19838;206.0234
20000,0.58,19838;206.0234
20000,0.58,19838;206.0234
20000,0.58,19838;206.0234
20000,0.58,19838;206.0234
20000,0.58,19838;206.0234
20000,0.58,19838;206.0234
20000,0.58,19838;206.0234
20000,0.58,19838;206.0234
20000,0.58,19838;206.0234
20000,0.58,19838;206.0234
20000,0.58,19838;206.0234
20000,0.58,19838;206.0234
20000,0.58,19838;206.0234
20000,0.58,19838;206.0234
20000,0.58,19838;206.0234
20000,0.58,19838;206.0234
20000,0.58,19838;206.0234
20000,0.58,19838;206.0291
20000,0.58,19838;206.0291
20000,0.58,19838;206.0291
20000,0.58,19838;206.0291
20000,0.58,19838;206.0291
20000,0.58,19838;206.0291
20000,0.58,19838;206.0291
20000,0.58,19838;206.0291
20000,0.58,19838;206.0291
20000,0.58,19838;206.0291
20000,0.58,19838;206.0291
20000,0.58,19838;206.0291
20000,0.58,19838;206.0291
20000,0.58,19838;206.0291
20000,0.58,19838;206.0291
20000,0.58,19838;206.0291
20000,0.58,19838;206.0291
20000,0.58,19838;206.0291
20000,0.58,19838;206.0291
20000,0.58,19838;206.0291
20000,0.58,19838;206.0291
20000,0.58,19838;206.0291
20000,0.58,19838;206.0291
20000,0.58,19838;206.0291
20000,0.58,19838;206.0291
20000,0.58,19838;206.0291
20000,0.58,19838;206.0291
20000,0.58,19838;206.0291
20000,0.58,19838;206.0291
20000,0.58,19838;206.0291
20000,0.58,19838;206.0291
20000,0.58,19838;206.0291
20000,0.58,19838;206.0291
20000,0.58,19838;206.0291
20000,0.58,19838;206.0291
20000,0.58,19838;206.0291
20000,0.58,19838;206.0291
20000,0.58,19838;206.0291
20000,0.58,19838;206.0291
20000,0.58,19838;206.0291
20000,0.58,19838;206.0291
20000,0.58,19838;206.0291
20000,0.58,19838;206.0291
20000,0.58,19838;206.0291
20000,0.58,19838;206.0291
20000,0.58,19838;206.0291
20000,0.58,19838;206.0291
20000,0.58,19838;206.0291
20000,0.58,19838;206.0291
20000,0.58,19838;206.0291
20000,0.58,19838;206.0291
20000,0.58,19838;206.0291
20000,0.58,19838;206.0291
20000,0.58,19838;206.0291
20000,0.58,19838;206.0291
20000,0.58,19838;206.0291
20000,0.58,19838;206.0291
20000,0.58,19838;206.0291
20000,0.58,19838;206.0291
20000,0.58,19838;206.0291
20000,0.58,19838;206.0291
20000,0.58,19838;206.0291
20000,0.58,19838;206.0291
20000,0.58,19838;206.0291
20000,0.58,19838;206.0291
20000,0.58,19838;206.0291
20000,0.58,19838;206.0291
20000,0.58,19838;206.0291
20000,0.58,19838;206.0291
20000,0.58,19838;206.0291
20000,0.58,19838;206.0291
20000,0.58,19838;206.0291
20000,0.58,19838;206.0291
20000,0.58,19838;206.0291
20000,0.58,19838;206.0291
20000,0.58,19838;206.0291
20000,0.58,19838;206.0291
20000,0.58,19838;206.0291
20000,0.58,19838;206.0291
20000,0.58,19838;206.0291
20000,0.58,19838;206.0291
20000,0.58,19838;206.0291
20000,0.58,19838;206.0291
20000,0.58,19838;206.0291
20000,0.58,19838;206.0291
20000,0.58,19838;206.0291
20000,0.58,19838;206.0291
20000,0.58,19838;206.0291
20000,0.58,19838;206.0291
20000,0.58,19838;206.0291
20000,0.58,19838;206.0291
20000,0.58,19838;206.0291
20000,0.58,19838;206.0291
20000,0.58,19838;206.0349
20000,0.58,19838;206.0349
20000,0.58,19838;206.0349
20000,0.58,19838;206.0349
20000,0.58,19838;206.0349
20000,0.58,19838;206.0349
20000,0.58,19838;206.0349
20000,0.58,19838;206.0349
20000,0.58,19838;206.0349
20000,0.58,19838;206.0349
20000,0.58,19838;206.0349
20000,0.58,19838;206.0349
20000,0.58,19838;206.0349
20000,0.58,19838;206.0349
20000,0.58,19838;206.0349
20000,0.58,19838;206.0349
20000,0.58,19838;206.0349
20000,0.58,19838;206.0349
20000,0.58,19838;206.0349
20000,0.58,19838;206.0349
20000,0.58,19838;206.0349
20000,0.58,19838;206.0349
20000,0.58,19838;206.0349
20000,0.58,19838;206.0349
20000,0.58,19838;206.0349
20000,0.58,19838;206.0349
20000,0.58,19838;206.0349
20000,0.58,19838;206.0349
20000,0.58,19838;206.0349
20000,0.58,19838;206.0349
20000,0.58,19838;206.0349
20000,0.58,19838;206.0349
20000,0.58,19838;206.0349
20000,0.58,19838;206.0349
20000,0.58,19838;206.0349
20000,0.58,19838;206.0349
20000,0.58,19838;206.0349
20000,0.58,19838;206.0349
20000,0.58,19838;206.0349
20000,0.58,19838;206.0349
20000,0.58,19838;206.0349
20000,0.58,19838;206.0349
20000,0.58,19838;206.0349
20000,0.58,19838;206.0349
20000,0.58,19838;206.0349
20000,0.58,19838;206.0349
20000,0.58,19838;206.0349
20000,0.58,19838;206.0349
20000,0.58,19838;206.0349
20000,0.58,19838;206.0406
20000,0.58,19838;206.0406
20000,0.58,19838;206.0406
20000,0.58,19838;206.0406
20000,0.58,19838;206.0406
20000,0.58,19838;206.0406
20000,0.58,19838;206.0406
20000,0.58,19838;206.0406
20000,0.58,19838;206.0406
20000,0.58,19838;206.0406
20000,0.58,19838;206.0406
20000,0.58,19838;206.0406
20000,0.58,19838;206.0406
20000,0.58,19838;206.0406
20000,0.58,19838;206.0406
20000,0.58,19838;206.0406
20000,0.58,19838;206.0406
20000,0.58,19838;206.0406
20000,0.58,19838;206.0406
20000,0.58,19838;206.0406
20000,0.58,19838;206.0406
20000,0.58,19838;206.0406
20000,0.58,19838;206.0406
20000,0.58,19838;206.0406
20000,0.58,19838;206.0406
20000,0.58,19838;206.0406
20000,0.58,19838;206.0406
20000,0.58,19838;206.0406
20000,0.58,19838;206.0406
20000,0.58,19838;206.0406
20000,0.58,19838;206.0406
20000,0.58,19838;206.0406
20000,0.58,19838;206.0406
20000,0.58,19838;206.0406
20000,0.58,19838;206.0406
20000,0.58,19838;206.0406
20000,0.58,19838;206.0406
20000,0.58,19838;206.0406
20000,0.58,19838;206.0406
20000,0.58,19838;206.0406
20000,0.58,19838;206.0406
20000,0.58,19838;206.0406
20000,0.58,19838;206.0406
20000,0.58,19838;206.0406
20000,0.58,19838;206.0406
20000,0.58,19838;206.0406
20000,0.58,19838;206.0406
20000,0.58,19838;206.0406
20000,0.58,19838;206.0406
20000,0.58,19838;206.0406
20000,0.58,19838;206.0406
20000,0.58,19838;206.0406
20000,0.58,19838;206.0406
20000,0.58,19838;206.0406
20000,0.58,19838;206.0406
20000,0.58,19838;206.0406
20000,0.58,19838;206.0406
20000,0.58,19838;206.0406
20000,0.58,19838;206.0406
20000,0.58,19838;206.0406
20000,0.58,19838;206.0406
20000,0.58,19838;206.0349
20000,0.58,19838;206.0349
20000,0.58,19838;206.0349
20000,0.58,19838;206.0349
20000,0.58,19838;206.0349
20000,0.58,19838;206.0349
20000,0.58,19838;206.0349
20000,0.58,19838;206.0349
20000,0.58,19838;206.0349
20000,0.58,19838;206.0349
20000,0.58,19838;206.0349
20000,0.58,19838;206.0349
20000,0.58,19838;206.0349
20000,0.58,19838;206.0349
20000,0.58,19838;206.0349
20000,0.58,19838;206.0349
20000,0.58,19838;206.0349
20000,0.58,19838;206.0349
20000,0.58,19838;206.0349
20000,0.58,19838;206.0349
20000,0.58,19838;206.0349
20000,0.58,19838;206.0349
20000,0.58,19838;206.0349
20000,0.58,19838;206.0349
20000,0.58,19838;206.0349
20000,0.58,19838;206.0349
20000,0.58,19838;206.0349
20000,0.58,19838;206.0349
20000,0.58,19838;206.0349
20000,0.58,19838;206.0349
20000,0.58,19838;206.0349
20000,0.58,19838;206.0349
20000,0.58,19838;206.0349
20000,0.58,19838;206.0349
20000,0.58,19838;206.0349
20000,0.58,19838;206.0349
20000,0.58,19838;206.0349
20000,0.58,19838;206.0349
20000,0.58,19838;206.0349
20000,0.58,19838;206.0349
20000,0.58,19838;206.0349
20000,0.58,19838;206.0349
20000,0.58,19838;206.0349
20000,0.58,19838;206.0349
20000,0.58,19838;206.0349
20000,0.58,19838;206.0349
20000,0.58,19838;206.0349
20000,0.58,19838;206.0349
20000,0.58,19838;206.0349
20000,0.58,19838;206.0349
20000,0.58,19838;206.0291
20000,0.58,19838;206.0291
20000,0.58,19838;206.0291
20000,0.58,19838;206.0291
20000,0.58,19838;206.0291
20000,0.58,19838;206.0291
20000,0.58,19838;206.0291
20000,0.58,19838;206.0291
20000,0.58,19838;206.0291
20000,0.58,19838;206.0291
20000,0.58,19838;206.0291
20000,0.58,19838;206.0291
20000,0.58,19838;206.0291
20000,0.58,19838;206.0291
20000,0.58,19838;206.0291
20000,0.58,19838;206.0291
20000,0.58,19838;206.0291
20000,0.58,19838;206.0291
20000,0.58,19838;206.0291
20000,0.58,19838;206.0291
20000,0.58,19838;206.0291
20000,0.58,19838;206.0291
20000,0.58,19838;206.0291
20000,0.58,19838;206.0291
20000,0.58,19838;206.0291
20000,0.58,19838;206.0291
20000,0.58,19838;206.0291
20000,0.58,19838;206.0291
20000,0.58,19838;206.0291
20000,0.58,19838;206.0291
20000,0.58,19838;206.0291
20000,0.58,19838;206.0291
20000,0.58,19838;206.0291
20000,0.58,19838;206.0291
20000,0.58,19838;206.0291
20000,0.58,19838;206.0291
20000,0.58,19838;206.0291
20000,0.58,19838;206.0291
20000,0.58,19838;206.0291
20000,0.58,19838;206.0291
20000,0.58,19838;206.0291
20000,0.58,19838;206.0291
20000,0.58,19838;206.0291
20000,0.58,19838;206.0291
20000,0.58,19838;206.0291
20000,0.58,19838;206.0291
20000,0.58,19838;206.0291
20000,0.58,19838;206.0291
20000,0.58,19838;206.0291
20000,0.58,19838;206.0291
20000,0.58,19838;206.0291
20000,0.58,19838;206.0291
20000,0.58,19838;206.0291
20000,0.58,19838;206.0291
20000,0.58,19838;206.0291
20000,0.58,19838;206.0291
20000,0.58,19838;206.0291
20000,0.58,19838;206.0291
20000,0.58,19838;206.0291
20000,0.58,19838;206.0291
20000,0.58,19838;206.0291
20000,0.58,19838;206.0291
20000,0.58,19838;206.0291
20000,0.58,19838;206.0291
20000,0.58,19838;206.0291
20000,0.58,19838;206.0291
20000,0.58,19838;206.0291
20000,0.58,19838;206.0291
20000,0.58,19838;206.0291
20000,0.58,19838;206.0291
20000,0.58,19838;206.0291
20000,0.58,19838;206.0291
20000,0.58,19838;206.0291
20000,0.58,19838;206.0291
20000,0.58,19838;206.0291
20000,0.58,19838;206.0291
20000,0.58,19838;206.0291
20000,0.58,19838;206.0291
20000,0.58,19838;206.0291
20000,0.58,19838;206.0291
20000,0.58,19838;206.0291
20000,0.58,19838;206.0291
20000,0.58,19838;206.0291
20000,0.58,19838;206.0234
20000,0.58,19838;206.0234
20000,0.58,19838;206.0234
20000,0.58,19838;206.0234
20000,0.58,19838;206.0234
20000,0.58,19838;206.0234
20000,0.58,19838;206.0291
20000,0.58,19838;206.0291
20000,0.58,19838;206.0291
20000,0.58,19838;206.0291
20000,0.58,19838;206.0291
20000,0.58,19838;206.0291
20000,0.58,19838;206.0291
20000,0.58,19838;206.0291
20000,0.58,19838;206.0291
20000,0.58,19838;206.0291
20000,0.58,19838;206.0291
20000,0.58,19838;206.0291
20000,0.58,19838;206.0291
20000,0.58,19838;206.0291
20000,0.58,19838;206.0291
20000,0.58,19838;206.0291
20000,0.58,19838;206.0291
20000,0.58,19838;206.0291
20000,0.58,19838;206.0291
20000,0.58,19838;206.0291
20000,0.58,19838;206.0291
20000,0.58,19838;206.0291
20000,0.58,19838;206.0291
20000,0.58,19838;206.0291
20000,0.58,19838;206.0291
20000,0.58,19838;206.0291
20000,0.58,19838;206.0291
20000,0.58,19838;206.0291
20000,0.58,19838;206.0291
20000,0.58,19838;206.0291
20000,0.58,19838;206.0291
20000,0.58,19838;206.0291
20000,0.58,19838;206.0291
20000,0.58,19838;206.0291
20000,0.58,19838;206.0291
20000,0.58,19838;206.0291
20000,0.58,19838;206.0291
20000,0.58,19838;206.0291
20000,0.58,19838;206.0291
20000,0.58,19838;206.0291
20000,0.58,19838;206.0291
20000,0.58,19838;206.0291
20000,0.58,19838;206.0291
20000,0.58,19838;206.0291
20000,0.58,19838;206.0291
20000,0.58,19838;206.0291
20000,0.58,19838;206.0291
20000,0.58,19838;206.0291
20000,0.58,19838;206.0291
20000,0.58,19838;206.0291
20000,0.58,19838;206.0291
20000,0.58,19838;206.0291
20000,0.58,19838;206.0291
20000,0.58,19838;206.0291
20000,0.58,19838;206.0291
20000,0.58,19838;206.0291
20000,0.58,19838;206.0291
20000,0.58,19838;206.0291
20000,0.58,19838;206.0291
20000,0.58,19838;206.0291
20000,0.58,19838;206.0291
20000,0.58,19838;206.0291
20000,0.58,19838;206.0291
20000,0.58,19838;206.0291
20000,0.58,19838;206.0291
20000,0.58,19838;206.0291
20000,0.58,19838;206.0291
20000,0.58,19838;206.0291
20000,0.58,19838;206.0291
20000,0.58,19838;206.0291
20000,0.58,19838;206.0291
20000,0.58,19838;206.0291
20000,0.58,19838;206.0291
20000,0.58,19838;206.0291
20000,0.58,19838;206.0291
20000,0.58,19838;206.0291
20000,0.58,19838;206.0291
20000,0.58,19838;206.0291
20000,0.58,19838;206.0291
20000,0.58,19838;206.0291
20000,0.58,19838;206.0291
20000,0.58,19838;206.0291
20000,0.58,19838;206.0291
20000,0.58,19838;206.0291
20000,0.58,19838;206.0291
20000,0.58,19838;206.0291
20000,0.58,19838;206.0291
20000,0.58,19838;206.0291
20000,0.58,19838;206.0291
20000,0.58,19838;206.0291
20000,0.58,19838;206.0291
20000,0.58,19838;206.0291
20000,0.58,19838;206.0291
20000,0.58,19838;206.0349
20000,0.58,19838.01;206.0234
20000.01,0.58,19838.03;205.989
20000.01,0.58,19838.03;205.989
20000.01,0.58,19838.03;205.989
20000.03,0.58,19838.07;205.9547
20000.03,0.58,19838.07;205.9547
20000.06,0.58,19838.12;205.9375
20000.06,0.58,19838.12;205.9375
20000.08,0.58,19838.17;205.9203
20000.11,0.58,19838.23;205.9203
20000.14,0.58,19838.29;205.9203
20000.14,0.58,19838.29;205.9203
20000.14,0.58,19838.29;205.9203
20000.15,0.58,19838.32;205.9203
20000.17,0.58,19838.35;205.8916
20000.18,0.58,19838.38;205.8687
20000.18,0.58,19838.38;205.8687
20000.2,0.58,19838.41;205.8458
20000.21,0.58,19838.44;205.8229
20000.23,0.58,19838.47;205.8
20000.25,0.58,19838.51;205.7656
20000.25,0.58,19838.51;205.7656
20000.28,0.58,19838.57;205.7312
20000.28,0.58,19838.57;205.7312
20000.31,0.58,19838.64;205.7026
20000.31,0.58,19838.64;205.7026
20000.31,0.58,19838.64;205.7026
20000.35,0.58,19838.72;205.6739
20000.4,0.58,19838.83;205.6568
20000.45,0.58,19838.93;205.6568
20000.45,0.58,19838.93;205.6568
20000.5,0.58,19839.03;205.6568
20000.54,0.58,19839.12;205.6568
20000.58,0.58,19839.2;205.6568
20000.58,0.58,19839.2;205.6568
20000.58,0.58,19839.2;205.6568
20000.63,0.58,19839.3;205.6568
20000.67,0.58,19839.39;205.6568
20000.72,0.58,19839.49;205.6568
20000.72,0.58,19839.49;205.6568
20000.76,0.58,19839.57;205.6568
20000.79,0.58,19839.65;205.6568
20000.84,0.58,19839.75;205.6568
20000.84,0.58,19839.75;205.6568
20000.84,0.58,19839.75;205.6568
20000.88,0.58,19839.83;205.6568
20000.92,0.58,19839.92;205.6568
20000.97,0.58,19840.01;205.6568
20000.97,0.58,19840.01;205.6568
20000.97,0.58,19840.01;205.6568
20001.02,0.58,19840.11;205.6568
20001.06,0.58,19840.2;205.6568
20001.1,0.58,19840.28;205.6568
20001.1,0.58,19840.28;205.6568
20001.14,0.58,19840.38;205.6568
20001.19,0.58,19840.48;205.6568
20001.24,0.58,19840.57;205.6568
20001.24,0.58,19840.57;205.6568
20001.24,0.58,19840.57;205.6568
20001.28,0.58,19840.66;205.6568
20001.32,0.58,19840.75;205.6568
20001.37,0.58,19840.84;205.6568
20001.37,0.58,19840.84;205.6568
20001.41,0.58,19840.94;205.6568
20001.46,0.58,19841.03;205.6568
20001.5,0.58,19841.11;205.6568
20001.54,0.58,19841.19;205.6568
20001.54,0.58,19841.19;205.6568
20001.58,0.58,19841.29;205.6568
20001.63,0.58,19841.38;205.6568
20001.67,0.58,19841.47;205.6568
20001.67,0.58,19841.47;205.6568
20001.71,0.58,19841.54;205.6568
20001.71,0.58,19841.54;205.6568
20001.75,0.58,19841.63;205.6568
20001.75,0.58,19841.63;205.6568
20001.75,0.58,19841.63;205.6568
20001.79,0.58,19841.72;205.6568
20001.82,0.58,19841.79;205.6568
20001.86,0.58,19841.87;205.6568
20001.86,0.58,19841.87;205.6568
20001.9,0.58,19841.96;205.6568
20001.9,0.58,19841.96;205.6568
20001.94,0.58,19842.04;205.6568
20001.94,0.58,19842.04;205.6568
20001.98,0.58,19842.11;205.6568
20001.98,0.58,19842.11;205.6568
20002.02,0.58,19842.2;205.6568
20002.06,0.58,19842.28;205.6568
20002.06,0.58,19842.28;205.6568
20002.1,0.58,19842.36;205.6568
20002.1,0.58,19842.36;205.6568
20002.13,0.58,19842.43;205.6568
20002.17,0.58,19842.5;205.6568
20002.21,0.58,19842.58;205.6568
20002.21,0.58,19842.58;205.6568
20002.24,0.58,19842.67;205.6568
20002.28,0.58,19842.75;205.6568
20002.32,0.58,19842.82;205.6568
20002.35,0.58,19842.89;205.6568
20002.35,0.58,19842.89;205.6568
20002.39,0.58,19842.97;205.6568
20002.43,0.58,19843.05;205.6568
20002.46,0.58,19843.12;205.6568
20002.46,0.58,19843.12;205.6568
20002.46,0.58,19843.12;205.6568
20002.5,0.58,19843.2;205.6568
20002.5,0.58,19843.2;205.6568
20002.54,0.58,19843.28;205.6568
20002.54,0.58,19843.28;205.6568
20002.54,0.58,19843.28;205.6568
20002.56,0.58,19843.33;205.6568
20002.59,0.58,19843.39;205.6568
20002.62,0.58,19843.46;205.6568
20002.62,0.58,19843.46;205.6568
20002.66,0.58,19843.54;205.6568
20002.7,0.58,19843.62;205.6568
20002.73,0.58,19843.69;205.6568
20002.77,0.58,19843.76;205.6568
20002.77,0.58,19843.76;205.6568
20002.81,0.58,19843.85;205.6568
20002.85,0.58,19843.93;205.6568
20002.89,0.58,19844.02;205.6568
20002.89,0.58,19844.02;205.6568
20002.93,0.58,19844.09;205.6568
20002.96,0.58,19844.17;205.6568
20003.01,0.58,19844.25;205.6568
20003.01,0.58,19844.25;205.6568
20003.01,0.58,19844.25;205.6568
20003.05,0.58,19844.34;205.6568
20003.09,0.58,19844.42;205.6568
20003.09,0.58,19844.42;205.6568
20003.12,0.58,19844.49;205.6568
20003.17,0.58,19844.58;205.6568
20003.21,0.58,19844.67;205.6568
20003.25,0.58,19844.77;205.6568
20003.25,0.58,19844.77;205.6568
20003.25,0.58,19844.77;205.6568
20003.29,0.58,19844.84;205.6568
20003.33,0.58,19844.93;205.6568
20003.38,0.58,19845.02;205.6568
20003.38,0.58,19845.02;205.6568
20003.38,0.58,19845.02;205.6568
20003.42,0.58,19845.11;205.6568
20003.46,0.58,19845.19;205.6568
20003.46,0.58,19845.19;205.6568
20003.46,0.58,19845.19;205.6568
20003.5,0.58,19845.28;205.6568
20003.5,0.58,19845.28;205.6568
20003.54,0.58,19845.37;205.6568
20003.54,0.58,19845.37;205.6568
20003.54,0.58,19845.37;205.6568
20003.58,0.58,19845.45;205.6568
20003.58,0.58,19845.45;205.6568
20003.63,0.58,19845.54;205.6568
20003.63,0.58,19845.54;205.6568
20003.63,0.58,19845.54;205.6568
20003.67,0.58,19845.64;205.6568
20003.67,0.58,19845.64;205.6568
20003.71,0.58,19845.72;205.6568
20003.71,0.58,19845.72;205.6568
20003.71,0.58,19845.72;205.6568
20003.76,0.58,19845.81;205.6568
20003.8,0.58,19845.91;205.6568
20003.8,0.58,19845.91;205.6568
20003.8,0.58,19845.91;205.6568
20003.8,0.58,19845.91;205.6568
20003.84,0.58,19845.99;205.6568
20003.89,0.58,19846.09;205.6568
20003.94,0.58,19846.19;205.6568
20003.94,0.58,19846.19;205.6568
20003.98,0.58,19846.29;205.6568
20004.02,0.58,19846.37;205.6568
20004.06,0.58,19846.46;205.6568
20004.06,0.58,19846.46;205.6568
20004.11,0.58,19846.55;205.6568
20004.16,0.58,19846.65;205.6568
20004.21,0.58,19846.75;205.6568
20004.21,0.58,19846.75;205.6568
20004.25,0.58,19846.83;205.6568
20004.25,0.58,19846.83;205.6568
20004.29,0.58,19846.94;205.6568
20004.34,0.58,19847.04;205.6568
20004.34,0.58,19847.04;205.6568
20004.39,0.58,19847.13;205.6568
20004.39,0.58,19847.13;205.6568
20004.43,0.58,19847.22;205.6568
20004.47,0.58,19847.3;205.6568
20004.52,0.58,19847.4;205.6568
20004.52,0.58,19847.4;205.6568
20004.56,0.58,19847.5;205.6568
20004.61,0.58,19847.59;205.6568
20004.65,0.58,19847.67;205.6568
20004.65,0.58,19847.67;205.6568
20004.65,0.58,19847.67;205.6568
20004.7,0.58,19847.77;205.6568
20004.7,0.58,19847.77;205.6568
20004.74,0.58,19847.86;205.6568
20004.74,0.58,19847.86;205.6568
20004.74,0.58,19847.86;205.6568
20004.78,0.58,19847.94;205.6568
20004.78,0.58,19847.94;205.6568
20004.82,0.58,19848.04;205.6568
20004.82,0.58,19848.04;205.6568
20004.87,0.58,19848.13;205.6568
20004.91,0.58,19848.22;205.6568
20004.95,0.58,19848.3;205.6568
20004.95,0.58,19848.3;205.6568
20004.95,0.58,19848.3;205.6568
20004.99,0.58,19848.39;205.6568
20005.03,0.58,19848.47;205.6568
20005.07,0.58,19848.55;205.6568
20005.07,0.58,19848.55;205.6568
20005.12,0.58,19848.65;205.6568
20005.16,0.58,19848.74;205.6568
20005.21,0.58,19848.84;205.6568
20005.21,0.58,19848.84;205.6568
20005.21,0.58,19848.84;205.6568
20005.25,0.58,19848.92;205.6568
20005.29,0.58,19849.01;205.6568
20005.34,0.58,19849.11;205.6568
20005.34,0.58,19849.11;205.6568
20005.34,0.58,19849.11;205.6568
20005.38,0.58,19849.2;205.6568
20005.42,0.58,19849.28;205.6568
20005.46,0.58,19849.36;205.6568
20005.46,0.58,19849.36;205.6568
20005.5,0.58,19849.45;205.6568
20005.55,0.58,19849.54;205.6568
20005.59,0.58,19849.64;205.6568
20005.59,0.58,19849.64;205.6568
20005.63,0.58,19849.71;205.6568
20005.66,0.58,19849.79;205.6568
20005.71,0.58,19849.88;205.6568
20005.71,0.58,19849.88;205.6568
20005.75,0.58,19849.97;205.6568
20005.79,0.58,19850.05;205.6568
20005.83,0.58,19850.13;205.6568
20005.86,0.58,19850.2;205.6568
20005.86,0.58,19850.2;205.6568
20005.9,0.58,19850.28;205.6568
20005.94,0.58,19850.37;205.6568
20005.98,0.58,19850.45;205.6568
20005.98,0.58,19850.45;205.6568
20005.98,0.58,19850.45;205.6568
20006.02,0.58,19850.52;205.6568
20006.06,0.58,19850.6;205.6568
20006.1,0.58,19850.69;205.6568
20006.1,0.58,19850.69;205.6568
20006.1,0.58,19850.69;205.6568
20006.13,0.58,19850.76;205.6568
20006.17,0.58,19850.83;205.6568
20006.2,0.58,19850.9;205.6568
20006.2,0.58,19850.9;205.6568
20006.24,0.58,19850.98;205.6568
20006.24,0.58,19850.98;205.6568
20006.28,0.58,19851.07;205.6568
20006.28,0.58,19851.07;205.6568
20006.28,0.58,19851.07;205.6568
20006.31,0.58,19851.13;205.6568
20006.35,0.58,19851.21;205.6568
20006.39,0.58,19851.29;205.6568
20006.39,0.58,19851.29;205.6568
20006.42,0.58,19851.37;205.6568
20006.42,0.58,19851.37;205.6568
20006.46,0.58,19851.43;205.6568
20006.49,0.58,19851.5;205.6568
20006.49,0.58,19851.5;205.6568
20006.53,0.58,19851.58;205.6568
20006.56,0.58,19851.65;205.6568
20006.6,0.58,19851.73;205.6568
20006.6,0.58,19851.73;205.6568
20006.63,0.58,19851.8;205.6568
20006.67,0.58,19851.88;205.6568
20006.7,0.58,19851.95;205.6568
20006.7,0.58,19851.95;205.6568
20006.74,0.58,19852.03;205.6568
20006.74,0.58,19852.03;205.6568
20006.77,0.58,19852.09;205.6568
20006.81,0.58,19852.16;205.6568
20006.81,0.58,19852.16;205.6568
20006.84,0.58,19852.23;205.6568
20006.84,0.58,19852.23;205.6568
20006.86,0.58,19852.29;205.6568
20006.86,0.58,19852.29;205.6568
20006.89,0.58,19852.34;205.6568
20006.92,0.58,19852.4;205.6568
20006.96,0.58,19852.47;205.6568
20006.96,0.58,19852.47;205.6568
20006.99,0.58,19852.54;205.6568
20007.02,0.58,19852.61;205.6568
20007.06,0.58,19852.69;205.6625
20007.06,0.58,19852.69;205.6625
20007.1,0.58,19852.77;205.6682
20007.14,0.58,19852.85;205.6682
20007.17,0.58,19852.92;205.6682
20007.17,0.58,19852.92;205.6682
20007.21,0.58,19853.01;205.6682
20007.25,0.58,19853.09;205.6682
20007.29,0.58,19853.18;205.6682
20007.29,0.58,19853.18;205.6682
20007.33,0.58,19853.25;205.6682
20007.33,0.58,19853.25;205.6682
20007.37,0.58,19853.33;205.6682
20007.37,0.58,19853.33;205.6682
20007.37,0.58,19853.33;205.6682
20007.41,0.58,19853.42;205.6682
20007.45,0.58,19853.49;205.6682
20007.45,0.58,19853.49;205.6682
20007.45,0.58,19853.49;205.6682
20007.49,0.58,19853.58;205.6682
20007.53,0.58,19853.67;205.6682
20007.53,0.58,19853.67;205.6682
20007.53,0.58,19853.67;205.6682
20007.53,0.58,19853.67;205.6682
20007.56,0.58,19853.74;205.6682
20007.61,0.58,19853.83;205.6682
20007.61,0.58,19853.83;205.6682
20007.61,0.58,19853.83;205.6682
20007.64,0.58,19853.9;205.6682
20007.64,0.58,19853.9;205.6682
20007.69,0.58,19853.99;205.6682
20007.69,0.58,19853.99;205.6682
20007.69,0.58,19853.99;205.6682
20007.73,0.58,19854.09;205.6682
20007.78,0.58,19854.18;205.6682
20007.82,0.58,19854.27;205.6682
20007.82,0.58,19854.27;205.6682
20007.86,0.58,19854.35;205.6682
20007.89,0.58,19854.43;205.6682
20007.94,0.58,19854.52;205.6682
20007.94,0.58,19854.52;205.6682
20007.98,0.58,19854.62;205.6682
20008.03,0.58,19854.71;205.6682
20008.07,0.58,19854.79;205.6682
20008.11,0.58,19854.87;205.6682
20008.11,0.58,19854.87;205.6682
20008.15,0.58,19854.96;205.6682
20008.2,0.58,19855.05;205.6682
20008.24,0.58,19855.15;205.6682
20008.24,0.58,19855.15;205.6682
20008.24,0.58,19855.15;205.6682
20008.28,0.58,19855.23;205.6682
20008.32,0.58,19855.32;205.6682
20008.37,0.58,19855.42;205.6682
20008.37,0.58,19855.42;205.6682
20008.41,0.58,19855.51;205.6682
20008.41,0.58,19855.51;205.6682
20008.45,0.58,19855.59;205.6682
20008.45,0.58,19855.59;205.6682
20008.45,0.58,19855.59;205.6682
20008.5,0.58,19855.68;205.6682
20008.54,0.58,19855.78;205.6682
20008.59,0.58,19855.87;205.6682
20008.59,0.58,19855.87;205.6682
20008.63,0.58,19855.95;205.6682
20008.63,0.58,19855.95;205.6682
20008.67,0.58,19856.04;205.6682
20008.71,0.58,19856.13;205.6682
20008.71,0.58,19856.13;205.6682
20008.76,0.58,19856.22;205.6682
20008.76,0.58,19856.22;205.6682
20008.79,0.58,19856.3;205.6682
20008.79,0.58,19856.3;205.6682
20008.84,0.58,19856.39;205.6682
20008.84,0.58,19856.39;205.6682
20008.88,0.58,19856.47;205.6682
20008.92,0.58,19856.55;205.6682
20008.92,0.58,19856.55;205.6682
20008.96,0.58,19856.65;205.6682
20009,0.58,19856.73;205.6682
20009,0.58,19856.73;205.6682
20009.04,0.58,19856.82;205.6682
20009.04,0.58,19856.82;205.6682
20009.07,0.58,19856.88;205.6682
20009.1,0.58,19856.94;205.6682
20009.14,0.58,19857.03;205.6682
20009.14,0.58,19857.03;205.6682
20009.18,0.58,19857.11;205.6682
20009.22,0.58,19857.18;205.6682
20009.26,0.58,19857.28;205.6682
20009.31,0.58,19857.37;205.6682
20009.31,0.58,19857.37;205.6682
20009.35,0.58,19857.46;205.6682
20009.39,0.58,19857.55;205.6682
20009.43,0.58,19857.62;205.6682
20009.43,0.58,19857.62;205.6682
20009.43,0.58,19857.62;205.6682
20009.47,0.58,19857.71;205.6682
20009.51,0.58,19857.8;205.6682
20009.56,0.58,19857.89;205.6682
20009.56,0.58,19857.89;205.6682
20009.59,0.58,19857.96;205.6682
20009.63,0.58,19858.04;205.6682
20009.67,0.58,19858.12;205.6682
20009.67,0.58,19858.12;205.6682
20009.67,0.58,19858.12;205.6682
20009.71,0.58,19858.21;205.6682
20009.74,0.58,19858.28;205.6682
20009.78,0.58,19858.35;205.6682
20009.78,0.58,19858.35;205.6682
20009.82,0.58,19858.43;205.6682
20009.86,0.58,19858.52;205.6682
20009.9,0.58,19858.6;205.6682
20009.94,0.58,19858.68;205.6682
20009.94,0.58,19858.68;205.6682
20009.97,0.58,19858.75;205.6682
20010.01,0.58,19858.83;205.6682
20010.05,0.58,19858.91;205.6682
20010.05,0.58,19858.91;205.6682
20010.05,0.58,19858.91;205.6682
20010.09,0.58,19858.99;205.6682
20010.12,0.58,19859.06;205.6682
20010.15,0.58,19859.13;205.6682
20010.15,0.58,19859.13;205.6682
20010.19,0.58,19859.21;205.6682
20010.23,0.58,19859.28;205.6682
20010.26,0.58,19859.36;205.6682
20010.3,0.58,19859.44;205.6682
20010.3,0.58,19859.44;205.6682
20010.33,0.58,19859.5;205.6682
20010.37,0.58,19859.58;205.6682
20010.41,0.58,19859.66;205.6682
20010.41,0.58,19859.66;205.6682
20010.44,0.58,19859.73;205.6682
20010.48,0.58,19859.8;205.6682
20010.51,0.58,19859.87;205.6682
20010.54,0.58,19859.93;205.6682
20010.54,0.58,19859.93;205.6682
20010.57,0.58,19860.01;205.6682
20010.61,0.58,19860.08;205.6682
20010.65,0.58,19860.17;205.6682
20010.69,0.58,19860.25;205.6682
20010.69,0.58,19860.25;205.6682
20010.72,0.58,19860.32;205.6682
20010.76,0.58,19860.4;205.6682
20010.8,0.58,19860.48;205.6682
20010.8,0.58,19860.48;205.6682
20010.8,0.58,19860.48;205.6682
20010.84,0.58,19860.57;205.6682
20010.88,0.58,19860.64;205.6682
20010.91,0.58,19860.71;205.6682
20010.91,0.58,19860.71;205.6682
20010.96,0.58,19860.8;205.6682
20011,0.58,19860.88;205.6682
20011.04,0.58,19860.97;205.6682
20011.04,0.58,19860.97;205.6682
20011.07,0.58,19861.04;205.6682
20011.07,0.58,19861.04;205.6682
20011.11,0.58,19861.13;205.6682
20011.16,0.58,19861.21;205.6739
20011.16,0.58,19861.21;205.6739
20011.2,0.58,19861.3;205.6797
20011.23,0.58,19861.38;205.6854
20011.23,0.58,19861.38;205.6854
20011.23,0.58,19861.38;205.6854
20011.28,0.58,19861.46;205.6911
20011.28,0.58,19861.46;205.6911
20011.32,0.58,19861.55;205.6968
20011.35,0.58,19861.63;205.7026
20011.35,0.58,19861.63;205.7026
20011.39,0.58,19861.71;205.7083
20011.39,0.58,19861.71;205.7083
20011.39,0.58,19861.71;205.7083
20011.44,0.58,19861.8;205.714
20011.44,0.58,19861.8;205.714
20011.47,0.58,19861.88;205.7198
20011.47,0.58,19861.88;205.7198
20011.52,0.58,19861.96;205.7255
20011.52,0.58,19861.96;205.7255
20011.55,0.58,19862.04;205.7312
20011.55,0.58,19862.04;205.7312
20011.6,0.58,19862.13;205.737
20011.6,0.58,19862.13;205.737
20011.6,0.58,19862.13;205.737
20011.64,0.58,19862.22;205.7427
20011.64,0.58,19862.22;205.7427
20011.68,0.58,19862.3;205.7427
20011.68,0.58,19862.3;205.7427
20011.72,0.58,19862.4;205.7427
20011.72,0.58,19862.4;205.7427
20011.77,0.58,19862.49;205.7427
20011.82,0.58,19862.58;205.7427
20011.82,0.58,19862.58;205.7427
20011.85,0.58,19862.66;205.7427
20011.9,0.58,19862.76;205.7427
20011.94,0.58,19862.85;205.7427
20011.94,0.58,19862.85;205.7427
20011.94,0.58,19862.85;205.7427
20011.99,0.58,19862.94;205.7427
20012.03,0.58,19863.02;205.7427
20012.06,0.58,19863.1;205.7427
20012.06,0.58,19863.1;205.7427
20012.11,0.58,19863.19;205.7427
20012.15,0.58,19863.29;205.7427
20012.2,0.58,19863.38;205.7427
20012.2,0.58,19863.38;205.7427
20012.2,0.58,19863.38;205.7427
20012.24,0.58,19863.46;205.7427
20012.28,0.58,19863.54;205.7427
20012.32,0.58,19863.63;205.7427
20012.32,0.58,19863.63;205.7427
20012.37,0.58,19863.72;205.7427
20012.41,0.58,19863.81;205.7427
20012.45,0.58,19863.89;205.7427
20012.45,0.58,19863.89;205.7427
20012.45,0.58,19863.89;205.7427
20012.49,0.58,19863.98;205.7427
20012.53,0.58,19864.06;205.7427
20012.57,0.58,19864.15;205.7427
20012.57,0.58,19864.15;205.7427
20012.57,0.58,19864.15;205.7427
20012.61,0.58,19864.22;205.7427
20012.65,0.58,19864.31;205.7427
20012.69,0.58,19864.4;205.7427
20012.69,0.58,19864.4;205.7427
20012.73,0.58,19864.49;205.7427
20012.78,0.58,19864.57;205.7427
20012.81,0.58,19864.65;205.7427
20012.81,0.58,19864.65;205.7427
20012.81,0.58,19864.65;205.7427
20012.86,0.58,19864.74;205.7427
20012.9,0.58,19864.83;205.7427
20012.94,0.58,19864.92;205.7427
20012.94,0.58,19864.92;205.7427
20012.98,0.58,19865;205.7427
20013.03,0.58,19865.09;205.7427
20013.07,0.58,19865.18;205.7427
20013.07,0.58,19865.18;205.7427
20013.07,0.58,19865.18;205.7427
20013.11,0.58,19865.26;205.7427
20013.15,0.58,19865.35;205.7427
20013.19,0.58,19865.44;205.7427
20013.19,0.58,19865.44;205.7427
20013.23,0.58,19865.52;205.7427
20013.27,0.58,19865.59;205.7427
20013.3,0.58,19865.67;205.7427
20013.3,0.58,19865.67;205.7427
20013.34,0.58,19865.75;205.7427
20013.34,0.58,19865.75;205.7427
20013.38,0.58,19865.84;205.7427
20013.38,0.58,19865.84;205.7427
20013.42,0.58,19865.91;205.7427
20013.46,0.58,19865.99;205.7427
20013.5,0.58,19866.07;205.7427
20013.5,0.58,19866.07;205.7427
20013.54,0.58,19866.15;205.7427
20013.54,0.58,19866.15;205.7427
20013.57,0.58,19866.22;205.7427
20013.61,0.58,19866.3;205.7427
20013.61,0.58,19866.3;205.7427
20013.65,0.58,19866.38;205.7427
20013.65,0.58,19866.38;205.7427
20013.68,0.58,19866.45;205.7427
20013.68,0.58,19866.45;205.7427
20013.71,0.58,19866.52;205.7427
20013.75,0.58,19866.6;205.7427
20013.79,0.58,19866.68;205.7427
20013.79,0.58,19866.68;205.7427
20013.79,0.58,19866.68;205.7427
20013.82,0.58,19866.74;205.7427
20013.85,0.58,19866.81;205.7427
20013.89,0.58,19866.88;205.7427
20013.89,0.58,19866.88;205.7427
20013.92,0.58,19866.96;205.7427
20013.96,0.58,19867.03;205.7427
20013.99,0.58,19867.1;205.7427
20013.99,0.58,19867.1;205.7427
20013.99,0.58,19867.1;205.7427
20014.03,0.58,19867.17;205.7427
20014.06,0.58,19867.24;205.7427
20014.1,0.58,19867.32;205.7427
20014.1,0.58,19867.32;205.7427
20014.1,0.58,19867.32;205.7427
20014.13,0.58,19867.38;205.7427
20014.17,0.58,19867.46;205.7427
20014.2,0.58,19867.53;205.7427
20014.2,0.58,19867.53;205.7427
20014.23,0.58,19867.59;205.7427
20014.26,0.58,19867.65;205.7427
20014.29,0.58,19867.72;205.7427
20014.29,0.58,19867.72;205.7427
20014.29,0.58,19867.72;205.7427
20014.32,0.58,19867.79;205.7427
20014.33,0.58,19867.81;205.7427
20014.34,0.58,19867.83;205.7427
20014.34,0.58,19867.83;205.7427
20014.37,0.58,19867.89;205.7427
20014.4,0.58,19867.95;205.7427
20014.44,0.58,19868.03;205.7427
20014.44,0.58,19868.03;205.7427
20014.44,0.58,19868.03;205.7427
20014.47,0.58,19868.09;205.7427
20014.5,0.58,19868.15;205.7427
20014.54,0.58,19868.23;205.7427
20014.54,0.58,19868.23;205.7427
20014.54,0.58,19868.23;205.7427
20014.57,0.58,19868.3;205.7427
20014.61,0.58,19868.37;205.7427
20014.61,0.58,19868.37;205.7427
20014.64,0.58,19868.45;205.7427
20014.64,0.58,19868.45;205.7427
20014.68,0.58,19868.53;205.7427
20014.68,0.58,19868.53;205.7427
20014.72,0.58,19868.6;205.7427
20014.76,0.58,19868.68;205.7427
20014.76,0.58,19868.68;205.7427
20014.79,0.58,19868.76;205.7427
20014.79,0.58,19868.76;205.7427
20014.83,0.58,19868.83;205.7427
20014.87,0.58,19868.92;205.7427
20014.87,0.58,19868.92;205.7427
20014.87,0.58,19868.92;205.7427
20014.91,0.58,19869;205.7427
20014.91,0.58,19869;205.7427
20014.91,0.58,19869;205.7427
20014.95,0.58,19869.07;205.7427
20014.98,0.58,19869.16;205.7427
20014.98,0.58,19869.16;205.7427
20014.98,0.58,19869.16;205.7427
20015.03,0.58,19869.24;205.7427
20015.06,0.58,19869.32;205.7427
20015.1,0.58,19869.4;205.7427
20015.1,0.58,19869.4;205.7427
20015.14,0.58,19869.49;205.7427
20015.14,0.58,19869.49;205.7427
20015.18,0.58,19869.56;205.7427
20015.22,0.58,19869.64;205.7427
20015.22,0.58,19869.64;205.7427
20015.26,0.58,19869.73;205.7427
20015.26,0.58,19869.73;205.7427
20015.3,0.58,19869.82;205.7427
20015.3,0.58,19869.82;205.7427
20015.35,0.58,19869.91;205.7427
20015.35,0.58,19869.91;205.7427
20015.38,0.58,19869.98;205.7427
20015.42,0.58,19870.06;205.7427
20015.42,0.58,19870.06;205.7427
20015.46,0.58,19870.15;205.7427
20015.46,0.58,19870.15;205.7427
20015.5,0.58,19870.23;205.7427
20015.54,0.58,19870.31;205.7427
20015.58,0.58,19870.4;205.7427
20015.58,0.58,19870.4;205.7427
20015.63,0.58,19870.49;205.7427
20015.67,0.58,19870.57;205.7427
20015.71,0.58,19870.65;205.7427
20015.74,0.58,19870.72;205.7427
20015.74,0.58,19870.72;205.7427
20015.78,0.58,19870.81;205.7427
20015.83,0.58,19870.9;205.7427
20015.87,0.58,19870.99;205.7427
20015.87,0.58,19870.99;205.7427
20015.9,0.58,19871.06;205.7427
20015.94,0.58,19871.13;205.7427
20015.94,0.58,19871.13;205.7427
20015.98,0.58,19871.21;205.7427
20015.98,0.58,19871.21;205.7427
20016.02,0.58,19871.3;205.7427
20016.06,0.58,19871.39;205.7427
20016.1,0.58,19871.46;205.7427
20016.13,0.58,19871.54;205.7427
20016.13,0.58,19871.54;205.7427
20016.18,0.58,19871.63;205.7427
20016.22,0.58,19871.71;205.7427
20016.26,0.58,19871.8;205.7427
20016.26,0.58,19871.8;205.7427
20016.26,0.58,19871.8;205.7427
20016.3,0.58,19871.88;205.7427
20016.34,0.58,19871.97;205.7427
20016.38,0.58,19872.05;205.7427
20016.38,0.58,19872.05;205.7427
20016.42,0.58,19872.14;205.7427
20016.46,0.58,19872.23;205.7427
20016.5,0.58,19872.29;205.7427
20016.5,0.58,19872.29;205.7427
20016.5,0.58,19872.29;205.7427
20016.54,0.58,19872.38;205.7427
20016.58,0.58,19872.46;205.7427
20016.62,0.58,19872.55;205.7427
20016.62,0.58,19872.55;205.7427
20016.65,0.58,19872.62;205.7427
20016.7,0.58,19872.7;205.7427
20016.73,0.58,19872.79;205.7427
20016.73,0.58,19872.79;205.7427
20016.78,0.58,19872.87;205.7427
20016.81,0.58,19872.94;205.7427
20016.84,0.58,19873.01;205.7427
20016.84,0.58,19873.01;205.7427
20016.88,0.58,19873.09;205.7427
20016.92,0.58,19873.17;205.7427
20016.96,0.58,19873.25;205.7427
20017,0.58,19873.33;205.7427
20017,0.58,19873.33;205.7427
20017.03,0.58,19873.39;205.7427
20017.07,0.58,19873.47;205.7427
20017.1,0.58,19873.55;205.7427
20017.1,0.58,19873.55;205.7427
20017.14,0.58,19873.62;205.7427
20017.17,0.58,19873.69;205.7427
20017.21,0.58,19873.76;205.7427
20017.21,0.58,19873.76;205.7427
20017.21,0.58,19873.76;205.7427
20017.24,0.58,19873.84;205.7427
20017.27,0.58,19873.9;205.7427
20017.3,0.58,19873.97;205.7427
20017.3,0.58,19873.97;205.7427
20017.34,0.58,19874.04;205.7427
20017.34,0.58,19874.04;205.7427
20017.38,0.58,19874.12;205.7427
20017.41,0.58,19874.19;205.7427
20017.41,0.58,19874.19;205.7427
20017.45,0.58,19874.27;205.7427
20017.48,0.58,19874.33;205.7427
20017.51,0.58,19874.39;205.7427
20017.51,0.58,19874.39;205.7427
20017.54,0.58,19874.47;205.7427
20017.54,0.58,19874.47;205.7427
20017.58,0.58,19874.54;205.7427
20017.58,0.58,19874.54;205.7427
20017.61,0.58,19874.61;205.7427
20017.61,0.58,19874.61;205.7427
20017.65,0.58,19874.68;205.7427
20017.69,0.58,19874.76;205.7427
20017.69,0.58,19874.76;205.7427
20017.72,0.58,19874.83;205.7427
20017.75,0.58,19874.9;205.7427
20017.75,0.58,19874.9;205.7427
20017.79,0.58,19874.98;205.7427
20017.79,0.58,19874.98;205.7427
20017.83,0.58,19875.05;205.7427
20017.83,0.58,19875.05;205.7427
20017.87,0.58,19875.13;205.7427
20017.87,0.58,19875.13;205.7427
20017.9,0.58,19875.21;205.7427
20017.9,0.58,19875.21;205.7427
20017.94,0.58,19875.28;205.7427
20017.94,0.58,19875.28;205.7427
20017.98,0.58,19875.36;205.7427
20018.02,0.58,19875.45;205.7427
20018.06,0.58,19875.53;205.7427
20018.06,0.58,19875.53;205.7427
20018.06,0.58,19875.53;205.7427
20018.09,0.58,19875.6;205.7427
20018.09,0.58,19875.6;205.7427
20018.13,0.58,19875.68;205.7427
20018.13,0.58,19875.68;205.7427
20018.17,0.58,19875.77;205.7427
20018.17,0.58,19875.77;205.7427
20018.21,0.58,19875.84;205.7427
20018.21,0.58,19875.84;205.7427
20018.21,0.58,19875.84;205.7427
20018.25,0.58,19875.92;205.7427
20018.29,0.58,19876;205.7427
20018.29,0.58,19876;205.7427
20018.29,0.58,19876;205.7427
20018.32,0.58,19876.08;205.7427
20018.36,0.58,19876.16;205.7427
20018.36,0.58,19876.16;205.7427
20018.36,0.58,19876.16;205.7427
20018.4,0.58,19876.25;205.7427
20018.4,0.58,19876.25;205.7427
20018.44,0.58,19876.32;205.7427
20018.48,0.58,19876.4;205.7427
20018.48,0.58,19876.4;205.7427
20018.52,0.58,19876.49;205.7427
20018.56,0.58,19876.58;205.7427
20018.61,0.58,19876.67;205.7427
20018.61,0.58,19876.67;205.7427
20018.61,0.58,19876.67;205.7427
20018.64,0.58,19876.74;205.7427
20018.69,0.58,19876.83;205.7427
20018.73,0.58,19876.92;205.7427
20018.73,0.58,19876.92;205.7427
20018.77,0.58,19877.01;205.7427
20018.81,0.58,19877.1;205.7427
20018.85,0.58,19877.17;205.7427
20018.89,0.58,19877.25;205.7427
20018.89,0.58,19877.25;205.7427
20018.93,0.58,19877.34;205.7427
20018.97,0.58,19877.43;205.7427
20019.02,0.58,19877.52;205.7427
20019.02,0.58,19877.52;205.7427
20019.02,0.58,19877.52;205.7427
20019.05,0.58,19877.59;205.7427
20019.09,0.58,19877.68;205.7427
20019.13,0.58,19877.76;205.7427
20019.13,0.58,19877.76;205.7427
20019.13,0.58,19877.76;205.7427
20019.17,0.58,19877.83;205.7427
20019.21,0.58,19877.92;205.7427
20019.25,0.58,19878.01;205.7427
20019.25,0.58,19878.01;205.7427
20019.29,0.58,19878.09;205.7427
20019.33,0.58,19878.17;205.7427
20019.37,0.58,19878.24;205.7427
20019.37,0.58,19878.24;205.7427
20019.37,0.58,19878.24;205.7427
20019.41,0.58,19878.33;205.7427
20019.45,0.58,19878.41;205.7427
20019.49,0.58,19878.49;205.7427
20019.49,0.58,19878.49;205.7427
20019.52,0.58,19878.56;205.7427
20019.52,0.58,19878.56;205.7427
20019.56,0.58,19878.65;205.7427
20019.6,0.58,19878.73;205.7427
20019.6,0.58,19878.73;205.7427
20019.64,0.58,19878.82;205.7427
20019.68,0.58,19878.89;205.7427
20019.71,0.58,19878.96;205.7427
20019.71,0.58,19878.96;205.7427
20019.75,0.58,19879.05;205.7427
20019.75,0.58,19879.05;205.7427
20019.79,0.58,19879.13;205.7427
20019.83,0.58,19879.2;205.7427
20019.86,0.58,19879.28;205.7427
20019.86,0.58,19879.28;205.7427
20019.86,0.58,19879.28;205.7427
20019.9,0.58,19879.36;205.7427
20019.9,0.58,19879.36;205.7427
20019.94,0.58,19879.44;205.7427
20019.94,0.58,19879.44;205.7427
20019.98,0.58,19879.51;205.7427
20020.01,0.58,19879.58;205.7427
20020.01,0.58,19879.58;205.7427
20020.05,0.58,19879.66;205.7427
20020.09,0.58,19879.74;205.7427
20020.12,0.58,19879.81;205.7427
20020.12,0.58,19879.81;205.7427
20020.15,0.58,19879.88;205.7427
20020.15,0.58,19879.88;205.7427
20020.19,0.58,19879.96;205.7427
20020.23,0.58,19880.03;205.7427
20020.27,0.58,19880.11;205.7427
20020.27,0.58,19880.11;205.7427
20020.27,0.58,19880.11;205.7427
20020.3,0.58,19880.17;205.7427
20020.3,0.58,19880.17;205.7427
20020.33,0.58,19880.25;205.7427
20020.33,0.58,19880.25;205.7427
20020.37,0.58,19880.32;205.7427
20020.4,0.58,19880.39;205.7427
20020.43,0.58,19880.46;205.7427
20020.43,0.58,19880.46;205.7427
20020.43,0.58,19880.46;205.7427
20020.47,0.58,19880.53;205.7427
20020.5,0.58,19880.61;205.7427
20020.54,0.58,19880.68;205.7427
20020.54,0.58,19880.68;205.7427
20020.57,0.58,19880.74;205.7427
20020.6,0.58,19880.8;205.7427
20020.63,0.58,19880.87;205.7427
20020.67,0.58,19880.94;205.7427
20020.7,0.58,19881.02;205.7427
20020.74,0.58,19881.09;205.7427
20020.77,0.58,19881.15;205.7427
20020.77,0.58,19881.15;205.7427
20020.8,0.58,19881.22;205.7427
20020.83,0.58,19881.28;205.7427
20020.86,0.58,19881.34;205.7427
20020.89,0.58,19881.41;205.7427
20020.93,0.58,19881.48;205.7427
20020.96,0.58,19881.55;205.7427
20020.96,0.58,19881.55;205.7427
20020.99,0.58,19881.62;205.7427
20021.02,0.58,19881.67;205.7427
20021.02,0.58,19881.67;205.7427
20021.05,0.58,19881.73;205.7427
20021.08,0.58,19881.79;205.7427
20021.1,0.58,19881.84;205.7484
20021.1,0.58,19881.84;205.7484
20021.1,0.58,19881.84;205.7484
20021.13,0.58,19881.91;205.7484
20021.17,0.58,19881.98;205.7484
20021.2,0.58,19882.05;205.7484
20021.2,0.58,19882.05;205.7484
20021.23,0.58,19882.12;205.7484
20021.26,0.58,19882.18;205.7484
20021.3,0.58,19882.25;205.7484
20021.3,0.58,19882.25;205.7484
20021.3,0.58,19882.25;205.7484
20021.34,0.58,19882.33;205.7484
20021.37,0.58,19882.39;205.7484
20021.37,0.58,19882.39;205.7484
20021.37,0.58,19882.39;205.7484
20021.37,0.58,19882.39;205.7484
20021.4,0.58,19882.47;205.7484
20021.44,0.58,19882.54;205.7484
20021.44,0.58,19882.54;205.7484
20021.44,0.58,19882.54;205.7484
20021.47,0.58,19882.61;205.7484
20021.51,0.58,19882.69;205.7484
20021.51,0.58,19882.69;205.7484
20021.51,0.58,19882.69;205.7484
20021.55,0.58,19882.77;205.7484
20021.55,0.58,19882.77;205.7484
20021.58,0.58,19882.84;205.7484
20021.58,0.58,19882.84;205.7484
20021.58,0.58,19882.84;205.7484
20021.62,0.58,19882.92;205.7484
20021.66,0.58,19883;205.7484
20021.7,0.58,19883.08;205.7484
20021.7,0.58,19883.08;205.7484
20021.73,0.58,19883.15;205.7427
20021.77,0.58,19883.23;205.737
20021.81,0.58,19883.31;205.737
20021.85,0.58,19883.39;205.737
20021.85,0.58,19883.39;205.737
20021.88,0.58,19883.46;205.737
20021.92,0.58,19883.53;205.737
20021.92,0.58,19883.53;205.737
20021.96,0.58,19883.62;205.737
20022,0.58,19883.7;205.737
20022.04,0.58,19883.78;205.737
20022.04,0.58,19883.78;205.737
20022.07,0.58,19883.85;205.737
20022.07,0.58,19883.85;205.737
20022.11,0.58,19883.94;205.737
20022.15,0.58,19884.02;205.737
20022.19,0.58,19884.11;205.737
20022.19,0.58,19884.11;205.737
20022.19,0.58,19884.11;205.737
20022.23,0.58,19884.18;205.737
20022.23,0.58,19884.18;205.737
20022.27,0.58,19884.26;205.737
20022.27,0.58,19884.26;205.737
20022.31,0.58,19884.34;205.737
20022.35,0.58,19884.42;205.737
20022.38,0.58,19884.49;205.737
20022.41,0.58,19884.56;205.737
20022.41,0.58,19884.56;205.737
20022.45,0.58,19884.65;205.737
20022.49,0.58,19884.73;205.737
20022.53,0.58,19884.81;205.737
20022.53,0.58,19884.81;205.737
20022.53,0.58,19884.81;205.737
20022.57,0.58,19884.88;205.737
20022.61,0.58,19884.96;205.737
20022.65,0.58,19885.04;205.737
20022.65,0.58,19885.04;205.737
20022.69,0.58,19885.13;205.737
20022.73,0.58,19885.21;205.737
20022.76,0.58,19885.29;205.737
20022.8,0.58,19885.36;205.737
20022.8,0.58,19885.36;205.737
20022.84,0.58,19885.44;205.737
20022.87,0.58,19885.52;205.737
20022.91,0.58,19885.59;205.737
20022.91,0.58,19885.59;205.737
20022.95,0.58,19885.67;205.737
20022.99,0.58,19885.76;205.737
20023.03,0.58,19885.84;205.737
20023.07,0.58,19885.92;205.737
20023.07,0.58,19885.92;205.737
20023.1,0.58,19885.99;205.737
20023.14,0.58,19886.07;205.737
20023.18,0.58,19886.15;205.737
20023.18,0.58,19886.15;205.737
20023.18,0.58,19886.15;205.737
20023.22,0.58,19886.23;205.737
20023.25,0.58,19886.3;205.737
20023.28,0.58,19886.36;205.737
20023.28,0.58,19886.36;205.737
20023.32,0.58,19886.44;205.737
20023.36,0.58,19886.52;205.737
20023.39,0.58,19886.59;205.737
20023.39,0.58,19886.59;205.737
20023.42,0.58,19886.66;205.737
20023.46,0.58,19886.73;205.737
20023.49,0.58,19886.8;205.737
20023.49,0.58,19886.8;205.737
20023.53,0.58,19886.87;205.737
20023.56,0.58,19886.94;205.737
20023.59,0.58,19887;205.737
20023.59,0.58,19887;205.737
20023.59,0.58,19887;205.737
20023.62,0.58,19887.07;205.737
20023.65,0.58,19887.14;205.737
20023.69,0.58,19887.21;205.737
20023.69,0.58,19887.21;205.737
20023.69,0.58,19887.21;205.737
20023.72,0.58,19887.27;205.737
20023.75,0.58,19887.34;205.737
20023.78,0.58,19887.4;205.737
20023.78,0.58,19887.4;205.737
20023.81,0.58,19887.47;205.737
20023.81,0.58,19887.47;205.737
20023.84,0.58,19887.53;205.737
20023.87,0.58,19887.59;205.737
20023.87,0.58,19887.59;205.737
20023.9,0.58,19887.65;205.737
20023.94,0.58,19887.72;205.737
20023.94,0.58,19887.72;205.737
20023.96,0.58,19887.78;205.737
20023.96,0.58,19887.78;205.737
20024,0.58,19887.85;205.737
20024,0.58,19887.85;205.737
20024.03,0.58,19887.92;205.737
20024.03,0.58,19887.92;205.737
20024.06,0.58,19887.98;205.737
20024.06,0.58,19887.98;205.737
20024.1,0.58,19888.05;205.737
20024.1,0.58,19888.05;205.737
20024.13,0.58,19888.13;205.737
20024.17,0.58,19888.2;205.737
20024.2,0.58,19888.27;205.737
20024.2,0.58,19888.27;205.737
20024.2,0.58,19888.27;205.737
20024.23,0.58,19888.34;205.737
20024.23,0.58,19888.34;205.737
20024.27,0.58,19888.41;205.737
20024.27,0.58,19888.41;205.737
20024.3,0.58,19888.47;205.737
20024.3,0.58,19888.47;205.737
20024.3,0.58,19888.47;205.737
20024.33,0.58,19888.55;205.737
20024.33,0.58,19888.55;205.737
20024.37,0.58,19888.62;205.737
20024.37,0.58,19888.62;205.737
20024.4,0.58,19888.69;205.737
20024.4,0.58,19888.69;205.737
20024.4,0.58,19888.69;205.737
20024.44,0.58,19888.76;205.737
20024.44,0.58,19888.76;205.737
20024.47,0.58,19888.84;205.737
20024.47,0.58,19888.84;205.737
20024.5,0.58,19888.9;205.737
20024.5,0.58,19888.9;205.737
20024.54,0.58,19888.98;205.737
20024.54,0.58,19888.98;205.737
20024.54,0.58,19888.98;205.737
20024.58,0.58,19889.05;205.737
20024.58,0.58,19889.05;205.737
20024.61,0.58,19889.12;205.737
20024.61,0.58,19889.12;205.737
20024.64,0.58,19889.19;205.737
20024.68,0.58,19889.27;205.737
20024.68,0.58,19889.27;205.737
20024.68,0.58,19889.27;205.737
20024.68,0.58,19889.27;205.737
20024.71,0.58,19889.34;205.737
20024.75,0.58,19889.42;205.737
20024.75,0.58,19889.42;205.737
20024.75,0.58,19889.42;205.737
20024.79,0.58,19889.49;205.737
20024.79,0.58,19889.49;205.737
20024.83,0.58,19889.57;205.737
20024.87,0.58,19889.65;205.737
20024.87,0.58,19889.65;205.737
20024.9,0.58,19889.73;205.737
20024.94,0.58,19889.81;205.737
20024.98,0.58,19889.89;205.737
20024.98,0.58,19889.89;205.737
20025.01,0.58,19889.96;205.737
20025.05,0.58,19890.03;205.737
20025.09,0.58,19890.11;205.737
20025.09,0.58,19890.11;205.737
20025.13,0.58,19890.19;205.737
20025.16,0.58,19890.26;205.737
20025.19,0.58,19890.33;205.737
20025.19,0.58,19890.33;205.737
20025.19,0.58,19890.33;205.737
20025.23,0.58,19890.41;205.737
20025.26,0.58,19890.47;205.737
20025.26,0.58,19890.47;205.737
20025.26,0.58,19890.47;205.737
20025.3,0.58,19890.55;205.737
20025.34,0.58,19890.63;205.737
20025.38,0.58,19890.71;205.737
20025.38,0.58,19890.71;205.737
20025.41,0.58,19890.77;205.737
20025.41,0.58,19890.77;205.737
20025.44,0.58,19890.85;205.737
20025.44,0.58,19890.85;205.737
20025.44,0.58,19890.85;205.737
20025.48,0.58,19890.92;205.737
20025.51,0.58,19890.98;205.737
20025.54,0.58,19891.05;205.737
20025.54,0.58,19891.05;205.737
20025.58,0.58,19891.12;205.737
20025.58,0.58,19891.12;205.737
20025.61,0.58,19891.2;205.737
20025.61,0.58,19891.2;205.737
20025.61,0.58,19891.2;205.737
20025.64,0.58,19891.26;205.737
20025.68,0.58,19891.34;205.737
20025.72,0.58,19891.41;205.737
20025.72,0.58,19891.41;205.737
20025.75,0.58,19891.49;205.737
20025.75,0.58,19891.49;205.737
20025.78,0.58,19891.55;205.737
20025.78,0.58,19891.55;205.737
20025.82,0.58,19891.63;205.737
20025.82,0.58,19891.63;205.737
20025.86,0.58,19891.71;205.737
20025.89,0.58,19891.78;205.737
20025.89,0.58,19891.78;205.737
20025.92,0.58,19891.84;205.737
20025.92,0.58,19891.84;205.737
20025.96,0.58,19891.92;205.737
20025.99,0.58,19891.99;205.737
20026.03,0.58,19892.06;205.737
20026.03,0.58,19892.06;205.737
20026.03,0.58,19892.06;205.737
20026.06,0.58,19892.12;205.737
20026.06,0.58,19892.12;205.737
20026.09,0.58,19892.2;205.737
20026.09,0.58,19892.2;205.737
20026.13,0.58,19892.26;205.737
20026.16,0.58,19892.33;205.737
20026.19,0.58,19892.39;205.737
20026.19,0.58,19892.39;205.737
20026.22,0.58,19892.45;205.737
20026.25,0.58,19892.52;205.737
20026.28,0.58,19892.58;205.737
20026.31,0.58,19892.64;205.737
20026.31,0.58,19892.64;205.737
20026.33,0.58,19892.7;205.737
20026.33,0.58,19892.7;205.737
20026.36,0.58,19892.76;205.737
20026.36,0.58,19892.76;205.737
20026.39,0.58,19892.81;205.737
20026.42,0.58,19892.87;205.737
20026.44,0.58,19892.91;205.737
20026.46,0.58,19892.96;205.737
20026.46,0.58,19892.96;205.737
20026.49,0.58,19893.01;205.737
20026.51,0.58,19893.06;205.737
20026.53,0.58,19893.11;205.737
20026.53,0.58,19893.11;205.737
20026.55,0.58,19893.14;205.737
20026.57,0.58,19893.19;205.737
20026.59,0.58,19893.23;205.737
20026.59,0.58,19893.23;205.737
20026.61,0.58,19893.27;205.737
20026.63,0.58,19893.3;205.737
20026.64,0.58,19893.34;205.737
20026.64,0.58,19893.34;205.737
20026.64,0.58,19893.34;205.737
20026.66,0.58,19893.37;205.737
20026.67,0.58,19893.4;205.737
20026.67,0.58,19893.4;205.737
20026.69,0.58,19893.42;205.737
20026.7,0.58,19893.45;205.737
20026.71,0.58,19893.48;205.737
20026.72,0.58,19893.5;205.737
20026.73,0.58,19893.52;205.737
20026.74,0.58,19893.54;205.737
20026.74,0.58,19893.54;205.737
20026.75,0.58,19893.56;205.7312
20026.76,0.58,19893.57;205.7255
20026.76,0.58,19893.59;205.7255
20026.77,0.58,19893.6;205.7255
20026.77,0.58,19893.61;205.7255
20026.78,0.58,19893.62;205.7255
20026.78,0.58,19893.62;205.7255
20026.78,0.58,19893.63;205.7255
20026.79,0.58,19893.63;205.7255
20026.79,0.58,19893.63;205.7255
20026.79,0.58,19893.63;205.7255
20026.79,0.58,19893.63;205.7255
20026.79,0.58,19893.64;205.7312
20026.79,0.58,19893.64;205.737
20026.79,0.58,19893.64;205.737
20026.79,0.58,19893.64;205.737
20026.79,0.58,19893.65;205.737
20026.8,0.58,19893.66;205.737
20026.8,0.58,19893.67;205.737
20026.8,0.58,19893.67;205.737
20026.8,0.58,19893.67;205.7312
20026.8,0.58,19893.67;205.7312
20026.81,0.58,19893.68;205.7312
20026.81,0.58,19893.68;205.7312
20026.81,0.58,19893.69;205.7312
20026.81,0.58,19893.69;205.7312
20026.81,0.58,19893.7;205.7312
20026.82,0.58,19893.7;205.7312
20026.82,0.58,19893.7;205.7312
20026.82,0.58,19893.7;205.7312
20026.82,0.58,19893.71;205.7312
20026.82,0.58,19893.71;205.7255
20026.82,0.58,19893.71;205.7255
20026.82,0.58,19893.71;205.7255
20026.82,0.58,19893.71;205.7255
20026.82,0.58,19893.71;205.7255
20026.82,0.58,19893.71;205.7198
20026.82,0.58,19893.71;205.7198
20026.82,0.58,19893.71;205.7198
20026.82,0.58,19893.71;205.7198
20026.82,0.58,19893.71;205.7198
20026.82,0.58,19893.7;205.714
20026.82,0.58,19893.7;205.714
20026.82,0.58,19893.7;205.7083
20026.82,0.58,19893.7;205.7083
20026.82,0.58,19893.7;205.714
20026.82,0.58,19893.7;205.714
20026.82,0.58,19893.7;205.714
20026.82,0.58,19893.7;205.7198
20026.82,0.58,19893.7;205.7198
20026.81,0.58,19893.69;205.7255
20026.81,0.58,19893.69;205.7255
20026.81,0.58,19893.69;205.7312
20026.81,0.58,19893.68;205.7427
20026.81,0.58,19893.68;205.7541
20026.81,0.58,19893.68;205.7541
20026.81,0.58,19893.68;205.7541
20026.81,0.58,19893.68;205.7656
20026.81,0.58,19893.68;205.7771
20026.8,0.58,19893.67;205.7885
20026.8,0.58,19893.67;205.7885
20026.8,0.58,19893.67;205.7885
20026.8,0.58,19893.67;205.8
20026.8,0.58,19893.67;205.8114
20026.8,0.58,19893.66;205.8344
20026.8,0.58,19893.66;205.8344
20026.8,0.58,19893.66;205.8573
20026.8,0.58,19893.66;205.8745
20026.79,0.58,19893.65;205.8916
20026.79,0.58,19893.65;205.8916
20026.79,0.58,19893.65;205.8916
20026.79,0.58,19893.65;205.9088
20026.79,0.58,19893.65;205.9203
20026.79,0.58,19893.65;205.9375
20026.79,0.58,19893.65;205.9375
20026.79,0.58,19893.64;205.9547
20026.79,0.58,19893.64;205.9661
20026.79,0.58,19893.64;205.9776
20026.79,0.58,19893.63;205.9948
20026.79,0.58,19893.63;205.9948
20026.79,0.58,19893.63;206.0119
20026.78,0.58,19893.63;206.0349
20026.78,0.58,19893.63;206.0521
20026.78,0.58,19893.63;206.0521
20026.78,0.58,19893.63;206.0521
20026.78,0.58,19893.63;206.0692
20026.78,0.58,19893.62;206.0864
20026.78,0.58,19893.62;206.1093
20026.78,0.58,19893.62;206.1093
20026.78,0.58,19893.62;206.1208
20026.78,0.58,19893.62;206.1323
20026.78,0.58,19893.62;206.1495
20026.78,0.58,19893.62;206.1495
20026.78,0.58,19893.62;206.1666
20026.78,0.58,19893.61;206.1838
20026.78,0.58,19893.61;206.201
20026.77,0.58,19893.61;206.2239
20026.77,0.58,19893.61;206.2239
20026.77,0.58,19893.61;206.2469
20026.77,0.58,19893.61;206.2469
20026.77,0.58,19893.61;206.264
20026.77,0.58,19893.61;206.264
20026.77,0.58,19893.61;206.264
20026.77,0.58,19893.61;206.2755
20026.77,0.58,19893.61;206.287
20026.77,0.58,19893.6;206.3099
20026.77,0.58,19893.6;206.3099
20026.77,0.58,19893.6;206.3271
20026.77,0.58,19893.6;206.3271
20026.77,0.58,19893.6;206.3443
20026.77,0.58,19893.6;206.3614
20026.77,0.58,19893.6;206.3614
20026.77,0.58,19893.6;206.3843
20026.77,0.58,19893.6;206.4073
20026.77,0.58,19893.6;206.4245
20026.77,0.58,19893.6;206.4245
20026.77,0.58,19893.6;206.4417
20026.77,0.58,19893.6;206.4417
20026.77,0.58,19893.6;206.4588
20026.77,0.58,19893.6;206.4818
20026.77,0.58,19893.6;206.4818
20026.77,0.58,19893.6;206.5047
20026.77,0.58,19893.6;206.5047
20026.77,0.58,19893.6;206.5219
20026.77,0.58,19893.6;206.5219
20026.77,0.58,19893.6;206.539
20026.77,0.58,19893.6;206.539
20026.77,0.58,19893.6;206.5562
20026.77,0.58,19893.6;206.5734
20026.77,0.58,19893.6;206.5734
20026.77,0.58,19893.6;206.5963
20026.77,0.58,19893.6;206.5963
20026.77,0.58,19893.6;206.6192
20026.77,0.58,19893.6;206.6364
20026.77,0.58,19893.6;206.6536
20026.77,0.58,19893.6;206.6536
20026.77,0.58,19893.6;206.6708
20026.77,0.58,19893.6;206.6937
20026.77,0.58,19893.61;206.7166
20026.77,0.58,19893.61;206.7338
20026.77,0.58,19893.61;206.7338
20026.77,0.58,19893.61;206.751
20026.77,0.58,19893.61;206.7739
20026.78,0.58,19893.61;206.7911
20026.78,0.58,19893.61;206.7911
20026.78,0.58,19893.61;206.7911
20026.78,0.58,19893.61;206.814
20026.78,0.58,19893.62;206.837
20026.78,0.58,19893.62;206.8542
20026.78,0.58,19893.62;206.8542
20026.78,0.58,19893.62;206.8713
20026.78,0.58,19893.63;206.8943
20026.78,0.58,19893.63;206.9172
20026.78,0.58,19893.63;206.9344
20026.78,0.58,19893.63;206.9344
20026.79,0.58,19893.63;206.9516
20026.79,0.58,19893.63;206.9687
20026.79,0.58,19893.64;206.9916
20026.79,0.58,19893.64;207.0146
20026.79,0.58,19893.64;207.0375
20026.79,0.58,19893.64;207.0547
20026.79,0.58,19893.64;207.0547
20026.79,0.58,19893.65;207.0776
20026.79,0.58,19893.65;207.1005
20026.8,0.58,19893.65;207.1234
20026.8,0.58,19893.65;207.1234
20026.8,0.58,19893.66;207.1463
20026.8,0.58,19893.66;207.1693
20026.8,0.58,19893.66;207.1693
20026.8,0.58,19893.67;207.1922
20026.8,0.58,19893.67;207.2151
20026.81,0.58,19893.67;207.238
20026.81,0.58,19893.68;207.2609
20026.81,0.58,19893.68;207.2896
20026.81,0.58,19893.69;207.3182
20026.81,0.58,19893.69;207.3468
20026.81,0.58,19893.69;207.3468
20026.82,0.58,19893.69;207.3698
20026.82,0.58,19893.7;207.3927
20026.82,0.58,19893.71;207.4156
20026.82,0.58,19893.71;207.4156
20026.82,0.58,19893.71;207.4156
20026.83,0.58,19893.71;207.45
20026.83,0.58,19893.71;207.4844
20026.83,0.58,19893.72;207.5073
20026.83,0.58,19893.72;207.513
20026.83,0.58,19893.72;207.513
20026.83,0.58,19893.72;207.513
20026.84,0.58,19893.73;207.5187
20026.84,0.58,19893.73;207.5187
20026.84,0.58,19893.73;207.5245
20026.84,0.58,19893.74;207.5359
20026.85,0.58,19893.75;207.5474
20026.85,0.58,19893.75;207.576
20026.85,0.58,19893.75;207.576
20026.85,0.58,19893.76;207.6047
20026.85,0.58,19893.77;207.6333
20026.86,0.58,19893.77;207.6677
20026.86,0.58,19893.77;207.6677
20026.86,0.58,19893.78;207.6849
20026.86,0.58,19893.78;207.6849
20026.87,0.58,19893.79;207.7021
20026.87,0.58,19893.79;207.7078
20026.87,0.58,19893.79;207.7078
20026.87,0.58,19893.8;207.7193
20026.87,0.58,19893.8;207.7193
20026.88,0.58,19893.8;207.7422
20026.88,0.58,19893.8;207.7422
20026.88,0.58,19893.81;207.7536
20026.88,0.58,19893.81;207.7536
20026.88,0.58,19893.82;207.7651
20026.88,0.58,19893.82;207.7937
20026.88,0.58,19893.82;207.7937
20026.89,0.58,19893.83;207.8109
20026.89,0.58,19893.83;207.8109
20026.89,0.58,19893.84;207.8281
20026.9,0.58,19893.84;207.8568
20026.9,0.58,19893.85;207.8854
20026.9,0.58,19893.85;207.8854
20026.9,0.58,19893.86;207.9141
20026.9,0.58,19893.86;207.9141
20026.9,0.58,19893.86;207.9141
20026.91,0.58,19893.87;207.9427
20026.91,0.58,19893.87;207.9427
20026.91,0.58,19893.88;207.9714
20026.91,0.58,19893.88;207.9714
20026.92,0.58,19893.89;208
20026.92,0.58,19893.89;208
20026.92,0.58,19893.89;208
20026.92,0.58,19893.89;208.0286
20026.92,0.58,19893.89;208.0286
20026.93,0.58,19893.9;208.0573
20026.93,0.58,19893.9;208.0573
20026.93,0.58,19893.9;208.0573
20026.93,0.58,19893.91;208.0859
20026.94,0.58,19893.92;208.1146
20026.94,0.58,19893.92;208.1146
20026.94,0.58,19893.92;208.1146
20026.94,0.58,19893.93;208.1432
20026.94,0.58,19893.93;208.1432
20026.95,0.58,19893.94;208.1719
20026.95,0.58,19893.94;208.1719
20026.95,0.58,19893.94;208.1719
20026.95,0.58,19893.95;208.2005
20026.96,0.58,19893.96;208.2292
20026.96,0.58,19893.96;208.2292
20026.96,0.58,19893.96;208.2292
20026.96,0.58,19893.97;208.2578
20026.96,0.58,19893.97;208.2578
20026.97,0.58,19893.98;208.2865
20026.97,0.58,19893.98;208.2865
20026.97,0.58,19893.98;208.2865
20026.97,0.58,19893.99;208.3151
20026.97,0.58,19893.99;208.3151
20026.98,0.58,19894;208.3438
20026.98,0.58,19894;208.3438
20026.98,0.58,19894;208.3438
20026.98,0.58,19894.01;208.3724
20026.99,0.58,19894.02;208.401
20026.99,0.58,19894.02;208.401
20026.99,0.58,19894.02;208.401
20026.99,0.58,19894.02;208.401
20027,0.58,19894.04;208.4297
20027,0.58,19894.04;208.4583
20027,0.58,19894.04;208.4583
20027,0.58,19894.04;208.4583
20027.01,0.58,19894.06;208.487
20027.01,0.58,19894.06;208.487
20027.02,0.58,19894.07;208.5156
20027.02,0.58,19894.07;208.5156
20027.02,0.58,19894.07;208.5156
20027.02,0.58,19894.08;208.5443
20027.02,0.58,19894.08;208.5443
20027.03,0.58,19894.09;208.5729
20027.03,0.58,19894.09;208.5729
20027.03,0.58,19894.09;208.5729
20027.04,0.58,19894.11;208.6016
20027.04,0.58,19894.12;208.6302
20027.04,0.58,19894.12;208.6302
20027.04,0.58,19894.12;208.6302
20027.05,0.58,19894.13;208.6589
20027.05,0.58,19894.13;208.6589
20027.06,0.58,19894.14;208.6875
20027.06,0.58,19894.14;208.6875
20027.06,0.58,19894.14;208.6875
20027.06,0.58,19894.16;208.7162
20027.07,0.58,19894.17;208.7448
20027.07,0.58,19894.17;208.7448
20027.07,0.58,19894.17;208.7448
20027.07,0.58,19894.17;208.7448
20027.08,0.58,19894.18;208.762
20027.09,0.58,19894.2;208.7792
20027.1,0.58,19894.21;208.8021
20027.1,0.58,19894.21;208.8021
20027.11,0.58,19894.23;208.8307
20027.11,0.58,19894.23;208.8307
20027.11,0.58,19894.24;208.8479
20027.11,0.58,19894.24;208.8479
20027.12,0.58,19894.26;208.8708
20027.12,0.58,19894.26;208.8708
20027.13,0.58,19894.27;208.8938
20027.14,0.58,19894.29;208.9224
20027.14,0.58,19894.29;208.9224
20027.14,0.58,19894.3;208.9339
20027.14,0.58,19894.3;208.9339
20027.15,0.58,19894.32;208.9453
20027.16,0.58,19894.33;208.9625
20027.17,0.58,19894.35;208.9912
20027.17,0.58,19894.35;208.9912
20027.18,0.58,19894.36;209.0198
20027.19,0.58,19894.38;209.0542
20027.19,0.58,19894.38;209.0542
20027.2,0.58,19894.39;209.0828
20027.2,0.58,19894.39;209.0828
20027.2,0.58,19894.41;209.1115
20027.21,0.58,19894.42;209.1344
20027.22,0.58,19894.44;209.1688
20027.22,0.58,19894.44;209.1688
20027.22,0.58,19894.44;209.1688
20027.23,0.58,19894.46;209.2031
20027.24,0.58,19894.47;209.2375
20027.25,0.58,19894.49;209.2662
20027.25,0.58,19894.49;209.2662
20027.26,0.58,19894.5;209.2948
20027.26,0.58,19894.51;209.3235
20027.27,0.58,19894.53;209.3464
20027.27,0.58,19894.53;209.3464
20027.28,0.58,19894.55;209.3693
20027.29,0.58,19894.57;209.3979
20027.3,0.58,19894.58;209.4323
20027.3,0.58,19894.58;209.4323
20027.3,0.58,19894.58;209.4323
20027.31,0.58,19894.6;209.461
20027.32,0.58,19894.62;209.4896
20027.33,0.58,19894.63;209.5182
20027.33,0.58,19894.63;209.5182
20027.34,0.58,19894.65;209.5469
20027.35,0.58,19894.67;209.5755
20027.36,0.58,19894.68;209.6042
20027.36,0.58,19894.68;209.6042
20027.37,0.58,19894.7;209.6328
20027.38,0.58,19894.72;209.6672
20027.39,0.58,19894.73;209.6958
20027.39,0.58,19894.73;209.6958
20027.39,0.58,19894.73;209.6958
20027.4,0.58,19894.75;209.7245
20027.41,0.58,19894.77;209.7474
20027.42,0.58,19894.79;209.7761
20027.42,0.58,19894.79;209.7761
20027.43,0.58,19894.8;209.8047
20027.44,0.58,19894.82;209.8219
20027.44,0.58,19894.83;209.8391
20027.45,0.58,19894.85;209.8563
20027.45,0.58,19894.85;209.8563
20027.46,0.58,19894.87;209.8735
20027.47,0.58,19894.88;209.8849
20027.48,0.58,19894.89;209.8964
20027.48,0.58,19894.89;209.8964
20027.48,0.58,19894.89;209.8964
20027.49,0.58,19894.91;209.9021
20027.5,0.58,19894.92;209.9079
20027.5,0.58,19894.94;209.9079
20027.5,0.58,19894.94;209.9079
20027.51,0.58,19894.96;209.9079
20027.51,0.58,19894.96;209.9079
20027.52,0.58,19894.97;209.9079
20027.53,0.58,19894.99;209.9079
20027.53,0.58,19894.99;209.9079
20027.54,0.58,19895;209.9079
20027.55,0.58,19895.02;209.9079
20027.56,0.58,19895.03;209.9079
20027.56,0.58,19895.03;209.9079
20027.56,0.58,19895.03;209.9079
20027.57,0.58,19895.05;209.9079
20027.57,0.58,19895.06;209.9079
20027.58,0.58,19895.07;209.9079
20027.58,0.58,19895.07;209.9079
20027.59,0.58,19895.09;209.9079
20027.59,0.58,19895.09;209.9079
20027.6,0.58,19895.1;209.9079
20027.61,0.58,19895.12;209.9079
20027.61,0.58,19895.12;209.9079
20027.62,0.58,19895.13;209.9079
20027.62,0.58,19895.14;209.9079
20027.62,0.58,19895.14;209.9079
20027.63,0.58,19895.16;209.9079
20027.63,0.58,19895.16;209.9079
20027.64,0.58,19895.17;209.9079
20027.65,0.58,19895.19;209.9079
20027.65,0.58,19895.19;209.9079
20027.65,0.58,19895.2;209.9079
20027.66,0.58,19895.21;209.9079
20027.67,0.58,19895.23;209.9079
20027.67,0.58,19895.23;209.9079
20027.68,0.58,19895.24;209.9079
20027.68,0.58,19895.24;209.9079
20027.69,0.58,19895.26;209.9079
20027.69,0.58,19895.26;209.9079
20027.7,0.58,19895.27;209.9079
20027.7,0.58,19895.27;209.9079
20027.7,0.58,19895.29;209.9079
20027.71,0.58,19895.3;209.9079
20027.72,0.58,19895.31;209.9079
20027.72,0.58,19895.31;209.9079
20027.73,0.58,19895.33;209.9079
20027.74,0.58,19895.34;209.9079
20027.74,0.58,19895.34;209.9079
20027.75,0.58,19895.36;209.9079
20027.75,0.58,19895.36;209.9079
20027.75,0.58,19895.37;209.9079
20027.76,0.58,19895.39;209.9079
20027.77,0.58,19895.4;209.9079
20027.77,0.58,19895.4;209.9079
20027.77,0.58,19895.4;209.9079
20027.78,0.58,19895.42;209.9079
20027.79,0.58,19895.43;209.9079
20027.8,0.58,19895.45;209.9079
20027.8,0.58,19895.45;209.9079
20027.81,0.58,19895.46;209.9079
20027.82,0.58,19895.48;209.9079
20027.83,0.58,19895.5;209.9079
20027.83,0.58,19895.5;209.9079
20027.83,0.58,19895.51;209.9079
20027.84,0.58,19895.53;209.9079
20027.85,0.58,19895.54;209.9079
20027.86,0.58,19895.56;209.9079
20027.86,0.58,19895.56;209.9079
20027.87,0.58,19895.57;209.9079
20027.88,0.58,19895.59;209.9079
20027.89,0.58,19895.6;209.9079
20027.89,0.58,19895.6;209.9079
20027.89,0.58,19895.6;209.9079
20027.9,0.58,19895.62;209.9079
20027.9,0.58,19895.63;209.9079
20027.91,0.58,19895.65;209.9079
20027.91,0.58,19895.65;209.9079
20027.92,0.58,19895.66;209.9079
20027.93,0.58,19895.68;209.9079
20027.94,0.58,19895.7;209.9079
20027.95,0.58,19895.71;209.9079
20027.95,0.58,19895.71;209.9079
20027.96,0.58,19895.73;209.9079
20027.97,0.58,19895.74;209.9079
20027.98,0.58,19895.76;209.9079
20027.98,0.58,19895.76;209.9079
20027.98,0.58,19895.76;209.9079
20027.99,0.58,19895.78;209.9079
20028,0.58,19895.79;209.9079
20028.01,0.58,19895.81;209.9079
20028.01,0.58,19895.81;209.9079
20028.02,0.58,19895.83;209.9079
20028.03,0.58,19895.84;209.9079
20028.04,0.58,19895.86;209.9079
20028.04,0.58,19895.86;209.9079
20028.04,0.58,19895.86;209.9079
20028.04,0.58,19895.88;209.9079
20028.05,0.58,19895.89;209.9079
20028.06,0.58,19895.91;209.9079
20028.06,0.58,19895.91;209.9079
20028.07,0.58,19895.93;209.9079
20028.08,0.58,19895.94;209.9079
20028.09,0.58,19895.96;209.9079
20028.09,0.58,19895.96;209.9079
20028.09,0.58,19895.96;209.9079
20028.1,0.58,19895.98;209.9079
20028.11,0.58,19895.99;209.9079
20028.11,0.58,19895.99;209.9079
20028.12,0.58,19896.01;209.9079
20028.13,0.58,19896.03;209.9079
20028.14,0.58,19896.05;209.9079
20028.14,0.58,19896.05;209.9079
20028.14,0.58,19896.05;209.9079
20028.15,0.58,19896.07;209.9079
20028.15,0.58,19896.07;209.9079
20028.16,0.58,19896.08;209.9079
20028.16,0.58,19896.08;209.9079
20028.16,0.58,19896.08;209.9079
20028.17,0.58,19896.1;209.9079
20028.18,0.58,19896.12;209.9079
20028.19,0.58,19896.13;209.9079
20028.19,0.58,19896.13;209.9079
20028.2,0.58,19896.15;209.9079
20028.2,0.58,19896.15;209.9079
20028.21,0.58,19896.17;209.9079
20028.22,0.58,19896.19;209.9079
20028.22,0.58,19896.19;209.9079
20028.24,0.58,19896.21;209.9079
20028.25,0.58,19896.23;209.9079
20028.26,0.58,19896.25;209.9079
20028.26,0.58,19896.25;209.9079
20028.27,0.58,19896.27;209.9079
20028.27,0.58,19896.27;209.9079
20028.28,0.58,19896.28;209.9079
20028.29,0.58,19896.3;209.9079
20028.29,0.58,19896.3;209.9079
20028.3,0.58,19896.32;209.9079
20028.3,0.58,19896.32;209.9079
20028.31,0.58,19896.34;209.9079
20028.31,0.58,19896.34;209.9079
20028.32,0.58,19896.36;209.9079
20028.32,0.58,19896.36;209.9079
20028.33,0.58,19896.38;209.9079
20028.34,0.58,19896.4;209.9079
20028.36,0.58,19896.42;209.9079
20028.36,0.58,19896.42;209.9079
20028.36,0.58,19896.42;209.9079
20028.37,0.58,19896.44;209.9079
20028.38,0.58,19896.45;209.9079
20028.39,0.58,19896.47;209.9079
20028.39,0.58,19896.47;209.9079
20028.39,0.58,19896.47;209.9079
20028.4,0.58,19896.49;209.9079
20028.41,0.58,19896.51;209.9079
20028.42,0.58,19896.53;209.9079
20028.42,0.58,19896.53;209.9079
20028.43,0.58,19896.55;209.9079
20028.44,0.58,19896.57;209.9079
20028.46,0.58,19896.59;209.9079
20028.46,0.58,19896.59;209.9079
20028.46,0.58,19896.59;209.9079
20028.47,0.58,19896.61;209.9079
20028.48,0.58,19896.63;209.9079
20028.49,0.58,19896.65;209.9079
20028.49,0.58,19896.65;209.9079
20028.49,0.58,19896.65;209.9079
20028.5,0.58,19896.67;209.9079
20028.51,0.58,19896.69;209.9079
20028.52,0.58,19896.71;209.9079
20028.52,0.58,19896.71;209.9079
20028.54,0.58,19896.73;209.9079
20028.55,0.58,19896.75;209.9079
20028.56,0.58,19896.77;209.9079
20028.56,0.58,19896.77;209.9079
20028.56,0.58,19896.77;209.9079
20028.57,0.58,19896.79;209.9079
20028.58,0.58,19896.81;209.9079
20028.6,0.58,19896.84;209.9079
20028.6,0.58,19896.84;209.9079
20028.61,0.58,19896.85;209.9079
20028.62,0.58,19896.87;209.9079
20028.63,0.58,19896.89;209.9079
20028.63,0.58,19896.89;209.9079
20028.63,0.58,19896.89;209.9079
20028.64,0.58,19896.91;209.9079
20028.65,0.58,19896.94;209.9079
20028.67,0.58,19896.96;209.9079
20028.67,0.58,19896.96;209.9079
20028.67,0.58,19896.96;209.9079
20028.68,0.58,19896.98;209.9079
20028.69,0.58,19897;209.9079
20028.7,0.58,19897.02;209.9079
20028.7,0.58,19897.02;209.9079
20028.71,0.58,19897.04;209.9079
20028.71,0.58,19897.04;209.9079
20028.73,0.58,19897.06;209.9079
20028.73,0.58,19897.06;209.9079
20028.73,0.58,19897.06;209.9079
20028.74,0.58,19897.09;209.9079
20028.75,0.58,19897.11;209.9079
20028.75,0.58,19897.11;209.9079
20028.75,0.58,19897.11;209.9079
20028.77,0.58,19897.13;209.9136
20028.78,0.58,19897.15;209.9193
20028.79,0.58,19897.18;209.9193
20028.79,0.58,19897.18;209.9193
20028.8,0.58,19897.2;209.925
20028.82,0.58,19897.22;209.9308
20028.83,0.58,19897.24;209.9422
20028.83,0.58,19897.24;209.9422
20028.83,0.58,19897.24;209.9422
20028.84,0.58,19897.27;209.9422
20028.86,0.58,19897.29;209.9422
20028.86,0.58,19897.29;209.9422
20028.86,0.58,19897.29;209.9422
20028.87,0.58,19897.31;209.9422
20028.87,0.58,19897.31;209.9422
20028.88,0.58,19897.33;209.9422
20028.88,0.58,19897.33;209.9422
20028.88,0.58,19897.33;209.9422
20028.89,0.58,19897.36;209.9422
20028.91,0.58,19897.38;209.9422
20028.91,0.58,19897.38;209.9422
20028.91,0.58,19897.38;209.9422
20028.92,0.58,19897.41;209.9422
20028.92,0.58,19897.41;209.9422
20028.94,0.58,19897.43;209.9422
20028.94,0.58,19897.43;209.9422
20028.95,0.58,19897.45;209.9422
20028.95,0.58,19897.45;209.9422
20028.95,0.58,19897.45;209.9422
20028.97,0.58,19897.48;209.9422
20028.97,0.58,19897.48;209.9422
20028.98,0.58,19897.5;209.9422
20028.98,0.58,19897.5;209.9422
20028.99,0.58,19897.53;209.9422
20028.99,0.58,19897.53;209.9422
20028.99,0.58,19897.53;209.9422
20029.01,0.58,19897.55;209.9422
20029.01,0.58,19897.55;209.9422
20029.02,0.58,19897.58;209.9422
20029.02,0.58,19897.58;209.9422
20029.04,0.58,19897.61;209.9422
20029.04,0.58,19897.61;209.9422
20029.04,0.58,19897.61;209.9422
20029.05,0.58,19897.63;209.9422
20029.05,0.58,19897.63;209.9422
20029.07,0.58,19897.66;209.9422
20029.07,0.58,19897.66;209.9422
20029.09,0.58,19897.69;209.9422
20029.09,0.58,19897.69;209.9422
20029.1,0.58,19897.71;209.9422
20029.1,0.58,19897.71;209.9422
20029.1,0.58,19897.71;209.9422
20029.12,0.58,19897.74;209.9422
20029.12,0.58,19897.74;209.9422
20029.13,0.58,19897.76;209.9422
20029.13,0.58,19897.76;209.9422
20029.13,0.58,19897.76;209.9422
20029.14,0.58,19897.79;209.9422
20029.16,0.58,19897.81;209.9422
20029.18,0.58,19897.84;209.9422
20029.18,0.58,19897.84;209.9422
20029.19,0.58,19897.87;209.9422
20029.21,0.58,19897.89;209.9422
20029.22,0.58,19897.92;209.9422
20029.23,0.58,19897.94;209.9422
20029.23,0.58,19897.94;209.9422
20029.25,0.58,19897.96;209.9422
20029.26,0.58,19897.99;209.9422
20029.27,0.58,19898.01;209.9422
20029.27,0.58,19898.01;209.9422
20029.29,0.58,19898.04;209.9422
20029.3,0.58,19898.06;209.9422
20029.31,0.58,19898.08;209.9422
20029.31,0.58,19898.08;209.9422
20029.31,0.58,19898.08;209.9422
20029.33,0.58,19898.11;209.9422
20029.34,0.58,19898.13;209.9422
20029.35,0.58,19898.15;209.9422
20029.35,0.58,19898.15;209.9422
20029.35,0.58,19898.15;209.9422
20029.37,0.58,19898.17;209.9422
20029.38,0.58,19898.2;209.9422
20029.39,0.58,19898.22;209.9422
20029.39,0.58,19898.22;209.9422
20029.4,0.58,19898.24;209.9422
20029.41,0.58,19898.26;209.948
20029.43,0.58,19898.28;209.948
20029.43,0.58,19898.28;209.948
20029.43,0.58,19898.28;209.948
20029.44,0.58,19898.3;209.948
20029.45,0.58,19898.32;209.948
20029.46,0.58,19898.34;209.948
20029.46,0.58,19898.34;209.948
20029.47,0.58,19898.36;209.948
20029.47,0.58,19898.36;209.948
20029.48,0.58,19898.38;209.948
20029.49,0.58,19898.39;209.948
20029.49,0.58,19898.39;209.948
20029.5,0.58,19898.41;209.948
20029.5,0.58,19898.41;209.948
20029.52,0.58,19898.43;209.948
20029.53,0.58,19898.45;209.948
20029.53,0.58,19898.45;209.948
20029.54,0.58,19898.47;209.948
20029.54,0.58,19898.48;209.948
20029.55,0.58,19898.5;209.948
20029.55,0.58,19898.5;209.948
20029.55,0.58,19898.5;209.948
20029.56,0.58,19898.51;209.948
20029.57,0.58,19898.53;209.948
20029.58,0.58,19898.54;209.948
20029.58,0.58,19898.54;209.948
20029.59,0.58,19898.56;209.948
20029.59,0.58,19898.56;209.948
20029.6,0.58,19898.57;209.948
20029.61,0.58,19898.59;209.948
20029.61,0.58,19898.6;209.948
20029.61,0.58,19898.6;209.948
20029.62,0.58,19898.61;209.948
20029.63,0.58,19898.62;209.948
20029.63,0.58,19898.62;209.948
20029.63,0.58,19898.64;209.948
20029.63,0.58,19898.64;209.948
20029.64,0.58,19898.65;209.948
20029.64,0.58,19898.65;209.948
20029.65,0.58,19898.67;209.948
20029.65,0.58,19898.67;209.948
20029.66,0.58,19898.68;209.948
20029.66,0.58,19898.69;209.948
20029.66,0.58,19898.69;209.948
20029.67,0.58,19898.7;209.948
20029.67,0.58,19898.7;209.948
20029.67,0.58,19898.71;209.948
20029.68,0.58,19898.72;209.948
20029.68,0.58,19898.73;209.948
20029.68,0.58,19898.73;209.948
20029.68,0.58,19898.73;209.948
20029.69,0.58,19898.73;209.948
20029.69,0.58,19898.74;209.948
20029.7,0.58,19898.75;209.948
20029.7,0.58,19898.75;209.948
20029.71,0.58,19898.76;209.948
20029.71,0.58,19898.77;209.948
20029.71,0.58,19898.78;209.948
20029.71,0.58,19898.78;209.948
20029.72,0.58,19898.79;209.948
20029.72,0.58,19898.8;209.948
20029.73,0.58,19898.81;209.948
20029.73,0.58,19898.81;209.948
20029.73,0.58,19898.81;209.948
20029.74,0.58,19898.82;209.948
20029.74,0.58,19898.83;209.948
20029.75,0.58,19898.84;209.948
20029.75,0.58,19898.84;209.948
20029.76,0.58,19898.85;209.948
20029.76,0.58,19898.86;209.948
20029.76,0.58,19898.86;209.9537
20029.76,0.58,19898.86;209.9537
20029.77,0.58,19898.87;209.9594
20029.77,0.58,19898.88;209.9594
20029.78,0.58,19898.89;209.9594
20029.78,0.58,19898.89;209.9594
20029.78,0.58,19898.89;209.9594
20029.78,0.58,19898.9;209.9594
20029.79,0.58,19898.91;209.9594
20029.79,0.58,19898.91;209.9594
20029.79,0.58,19898.91;209.9594
20029.8,0.58,19898.92;209.9594
20029.8,0.58,19898.93;209.9594
20029.8,0.58,19898.93;209.9594
20029.8,0.58,19898.93;209.9594
20029.8,0.58,19898.93;209.9594
20029.81,0.58,19898.94;209.9594
20029.81,0.58,19898.94;209.9594
20029.81,0.58,19898.95;209.9651
20029.81,0.58,19898.95;209.9651
20029.81,0.58,19898.95;209.9709
20029.82,0.58,19898.96;209.9709
20029.82,0.58,19898.96;209.9709
20029.82,0.58,19898.96;209.9709
20029.82,0.58,19898.96;209.9709
20029.82,0.58,19898.96;209.9709
20029.82,0.58,19898.96;209.9709
20029.82,0.58,19898.96;209.9709
20029.82,0.58,19898.96;209.9709
20029.82,0.58,19898.96;209.9709
20029.82,0.58,19898.96;209.9709
20029.82,0.58,19898.96;209.9709
20029.82,0.58,19898.96;209.9709
20029.82,0.58,19898.96;209.9709
20029.82,0.58,19898.96;209.9709
20029.82,0.58,19898.96;209.9709
20029.82,0.58,19898.96;209.9709
20029.82,0.58,19898.96;209.9709
20029.82,0.58,19898.96;209.9709
20029.82,0.58,19898.96;209.9709
20029.82,0.58,19898.96;209.9709
20029.82,0.58,19898.96;209.9709
20029.82,0.58,19898.96;209.9709
20029.82,0.58,19898.96;209.9709
20029.82,0.58,19898.96;209.9709
20029.82,0.58,19898.96;209.9709
20029.82,0.58,19898.96;209.9709
20029.82,0.58,19898.96;209.9709
20029.82,0.58,19898.96;209.9709
20029.82,0.58,19898.96;209.9709
20029.82,0.58,19898.96;209.9709
20029.82,0.58,19898.96;209.9709
20029.82,0.58,19898.96;209.9709
20029.82,0.58,19898.96;209.9709
20029.82,0.58,19898.96;209.9709
20029.82,0.58,19898.96;209.9709
20029.82,0.58,19898.96;209.9709
20029.82,0.58,19898.96;209.9709
20029.82,0.58,19898.96;209.9709
20029.82,0.58,19898.96;209.9709
20029.82,0.58,19898.96;209.9709
20029.82,0.58,19898.96;209.9709
20029.82,0.58,19898.96;209.9709
20029.82,0.58,19898.96;209.9709
20029.82,0.58,19898.96;209.9709
20029.82,0.58,19898.96;209.9709
20029.82,0.58,19898.96;209.9709
20029.82,0.58,19898.96;209.9709
20029.82,0.58,19898.96;209.9709
20029.82,0.58,19898.96;209.9709
20029.82,0.58,19898.96;209.9709
20029.82,0.58,19898.96;209.9709
20029.82,0.58,19898.96;209.9709
20029.82,0.58,19898.96;209.9709
20029.82,0.58,19898.96;209.9709
20029.82,0.58,19898.96;209.9709
20029.82,0.58,19898.96;209.9709
20029.82,0.58,19898.96;209.9709
20029.82,0.58,19898.96;209.9709
20029.82,0.58,19898.96;209.9709
20029.82,0.58,19898.96;209.9709
20029.82,0.58,19898.96;209.9709
20029.82,0.58,19898.96;209.9709
20029.82,0.58,19898.96;209.9709
20029.82,0.58,19898.96;209.9709
20029.82,0.58,19898.96;209.9709
20029.82,0.58,19898.96;209.9709
20029.82,0.58,19898.96;209.9709
20029.82,0.58,19898.96;209.9709
20029.82,0.58,19898.96;209.9709
20029.82,0.58,19898.96;209.9709
20029.82,0.58,19898.96;209.9709
20029.82,0.58,19898.96;209.9709
20029.82,0.58,19898.96;209.9709
20029.82,0.58,19898.96;209.9709
20029.82,0.58,19898.96;209.9709
20029.82,0.58,19898.96;209.9709
20029.82,0.58,19898.96;209.9709
20029.82,0.58,19898.96;209.9709
20029.82,0.58,19898.96;209.9709
20029.82,0.58,19898.96;209.9709
20029.82,0.58,19898.96;209.9709
20029.82,0.58,19898.96;209.9709
20029.82,0.58,19898.96;209.9709
20029.82,0.58,19898.96;209.9709
20029.82,0.58,19898.96;209.9709
20029.82,0.58,19898.96;209.9709
20029.82,0.58,19898.96;209.9709
20029.82,0.58,19898.96;209.9709
20029.82,0.58,19898.96;209.9709
20029.82,0.58,1989