20000,0.5,20000;0
20000,0.5799997,20000.18;359.8224
20000,0.58,20000.35;359.6161
20000,0.58,20000.53;359.4385
19999.99,0.58,20000.7;359.238
19999.99,0.58,20000.87;359.0661
19999.99,0.58,20001.02;358.8598
19999.99,0.58,20001.02;358.8598
19999.98,0.58,20001.2;358.6593
19999.98,0.58,20001.37;358.4874
19999.97,0.58,20001.52;358.2812
19999.97,0.58,20001.69;358.0806
19999.96,0.58,20001.86;357.8801
19999.96,0.58,20002.04;357.7082
19999.95,0.58,20002.19;357.5134
19999.94,0.58,20002.36;357.3186
19999.93,0.58,20002.54;357.1581
19999.92,0.58,20002.69;356.9691
19999.91,0.58,20002.87;356.78
19999.9,0.58,20003.05;356.5852
19999.89,0.58,20003.22;356.419
19999.88,0.58,20003.38;356.23
19999.87,0.58,20003.56;356.0466
19999.86,0.58,20003.71;355.8633
19999.85,0.58,20003.9;355.7029
19999.83,0.58,20004.08;355.5195
19999.82,0.58,20004.26;355.3304
19999.8,0.58,20004.42;355.1643
19999.79,0.58,20004.6;354.9752
19999.77,0.58,20004.78;354.7861
19999.75,0.58,20004.96;354.5913
19999.74,0.58,20005.12;354.4252
19999.72,0.58,20005.3;354.2361
19999.7,0.58,20005.48;354.0527
19999.68,0.58,20005.64;353.8923
19999.66,0.58,20005.82;353.7319
19999.64,0.58,20006;353.5543
19999.62,0.58,20006.18;353.3709
19999.61,0.58,20006.33;353.2277
19999.58,0.58,20006.5;353.0615
19999.56,0.58,20006.68;352.8896
19999.54,0.58,20006.83;352.7178
19999.52,0.58,20006.99;352.5745
19999.5,0.58,20007.16;352.4141
19999.47,0.58,20007.33;352.2479
19999.46,0.58,20007.48;352.1104
19999.43,0.58,20007.65;351.9729
19999.41,0.58,20007.82;351.8125
19999.38,0.58,20007.99;351.6463
19999.36,0.58,20008.14;351.5145
19999.33,0.58,20008.31;351.3598
19999.31,0.58,20008.46;351.2051
19999.28,0.58,20008.63;351.0504
19999.25,0.58,20008.81;350.9187
19999.23,0.58,20008.99;350.7754
19999.2,0.58,20009.14;350.6322
19999.17,0.58,20009.32;350.5061
19999.14,0.58,20009.5;350.3629
19999.11,0.58,20009.66;350.2196
19999.09,0.58,20009.81;350.0649
19999.05,0.58,20009.99;349.9389
19999.02,0.58,20010.17;349.7842
19998.99,0.58,20010.32;349.6295
19998.96,0.58,20010.5;349.4977
19998.93,0.58,20010.68;349.3659
19998.89,0.58,20010.86;349.2112
19998.87,0.58,20011.01;349.0794
19998.83,0.58,20011.19;348.9247
19998.79,0.58,20011.37;348.7701
19998.76,0.58,20011.52;348.6325
19998.73,0.58,20011.69;348.4721
19998.69,0.58,20011.87;348.3117
19998.65,0.58,20012.04;348.1455
19998.62,0.58,20012.19;348.0023
19998.59,0.58,20012.37;347.8361
19998.55,0.58,20012.54;347.7043
19998.52,0.58,20012.69;347.5668
19998.48,0.58,20012.86;347.4293
19998.44,0.58,20013.04;347.2861
19998.4,0.58,20013.21;347.1199
19998.36,0.58,20013.36;346.9767
19998.32,0.58,20013.53;346.8105
19998.29,0.58,20013.68;346.6386
19998.25,0.58,20013.85;346.4667
19998.22,0.5800001,20014.02;346.3235
19998.22,0.5800002,20014.19;346.1573
19998.22,0.5800002,20014.34;345.9797
19998.22,0.5800003,20014.51;345.8307
19998.22,0.5800004,20014.67;345.6589
19998.22,0.5800006,20014.83;345.487
19998.22,0.5800008,20015;345.3151
19998.22,0.5800006,20015.14;345.1718
19998.22,0.5800006,20015.3;345
19998.22,0.5800008,20015.44;344.8281
19998.22,0.5800008,20015.6;344.6848
19998.22,0.5800009,20015.76;344.5416
19998.22,0.5800008,20015.92;344.3697
19998.22,0.5800008,20016.06;344.2036
19998.22,0.5800006,20016.22;344.0546
19998.22,0.5800009,20016.38;343.8827
19998.22,0.5800009,20016.51;343.7108
19998.22,0.5800009,20016.67;343.5446
19998.22,0.5800012,20016.83;343.4014
19998.22,0.5800012,20016.99;343.2353
19998.22,0.5800017,20017.13;343.0634
19998.22,0.5800024,20017.28;342.9258
19998.22,0.5800025,20017.44;342.7883
19998.22,0.5800022,20017.6;342.6165
19998.22,0.5800023,20017.73;342.456
19998.22,0.5800027,20017.89;342.3128
19998.22,0.5800027,20018.04;342.1581
19998.22,0.5800024,20018.18;342.0034
19998.22,0.5800026,20018.34;341.843
19998.22,0.5800022,20018.5;341.7054
19998.22,0.5800021,20018.65;341.5508
19998.22,0.5800026,20018.79;341.3961
19998.22,0.5800026,20018.95;341.2643
19998.22,0.5800028,20019.11;341.1325
19998.22,0.5800027,20019.24;340.9835
19998.22,0.5800027,20019.37;340.8288
19998.22,0.5800029,20019.53;340.7028
19998.22,0.5800031,20019.69;340.5538
19998.22,0.5800037,20019.83;340.4048
19998.22,0.5800036,20019.99;340.2558
19998.22,0.580004,20020.15;340.1241
19998.22,0.5800038,20020.31;339.9694
19998.22,0.5800041,20020.45;339.8376
19998.22,0.5800045,20020.61;339.6829
19998.22,0.5800048,20020.78;339.5282
19998.22,0.5800051,20020.91;339.3735
19998.22,0.5800051,20021.05;339.2417
19998.22,0.5800055,20021.21;339.0927
19998.22,0.5800056,20021.37;338.938
19998.22,0.5800058,20021.51;338.8062
19998.22,0.5800062,20021.67;338.6745
19998.22,0.5800063,20021.82;338.5427
19998.22,0.5800063,20021.98;338.3994
19998.22,0.5800065,20022.11;338.2677
19998.22,0.5800067,20022.27;338.1302
19998.22,0.5800071,20022.42;337.9984
19998.22,0.5800075,20022.55;337.8781
19998.22,0.5800082,20022.71;337.7577
19998.22,0.5800083,20022.84;337.6202
19998.22,0.5800082,20022.97;337.4884
19998.22,0.5800084,20023.12;337.3853
19998.22,0.5800084,20023.27;337.265
19998.22,0.5800082,20023.4;337.1447
19998.22,0.5800081,20023.55;337.0128
19998.22,0.580008,20023.7;336.8983
19998.22,0.5800087,20023.85;336.7665
19998.22,0.5800094,20023.97;336.6347
19998.22,0.5800091,20024.12;336.5201
19998.22,0.580009,20024.27;336.4055
19998.22,0.5800092,20024.4;336.2794
19998.22,0.5800098,20024.53;336.1591
19998.22,0.5800101,20024.68;336.056
19998.22,0.5800101,20024.84;335.9299
19998.22,0.5800103,20024.97;335.8096
19998.22,0.58001,20025.13;335.6893
19998.22,0.5800093,20025.29;335.5804
19998.22,0.5800096,20025.44;335.4544
19998.22,0.58001,20025.57;335.3226
19998.22,0.5800098,20025.73;335.2137
19998.22,0.5800099,20025.89;335.0877
19998.22,0.5800108,20026.02;334.9616
19998.22,0.5800108,20026.18;334.8298
19998.22,0.5800114,20026.34;334.721
19998.22,0.5800117,20026.49;334.5892
19998.22,0.5800122,20026.63;334.4517
19998.22,0.580012,20026.78;334.3142
19998.22,0.5800127,20026.94;334.1996
19998.22,0.5800128,20027.09;334.062
19998.22,0.5800136,20027.22;333.9303
19998.22,0.5800145,20027.37;333.7928
19998.22,0.5800147,20027.52;333.6782
19998.22,0.5800153,20027.65;333.5464
19998.22,0.5800155,20027.8;333.4146
19998.22,0.5800153,20027.95;333.3
19998.22,0.5800154,20028.08;333.1625
19998.22,0.5800159,20028.23;333.0307
19998.22,0.5800158,20028.38;332.9104
19998.22,0.5800164,20028.5;332.7901
19998.22,0.5800166,20028.63;332.6526
19998.22,0.5800166,20028.78;332.515
19998.22,0.5800167,20028.93;332.3947
19998.22,0.5800169,20029.07;332.2515
19998.22,0.580017,20029.2;332.1025
19998.22,0.5800173,20029.34;331.9822
19998.22,0.5800173,20029.34;331.9822
19998.22,0.5800173,20029.46;331.8389
19998.22,0.5800181,20029.61;331.69
19998.22,0.5800181,20029.75;331.5696
19998.22,0.5800183,20029.87;331.4207
19998.22,0.5800179,20030.01;331.2717
19998.22,0.5800183,20030.15;331.1284
19998.22,0.5800182,20030.29;331.0024
19998.22,0.5800178,20030.41;330.8534
19998.22,0.580018,20030.55;330.7102
19998.22,0.5800183,20030.69;330.5899
19998.22,0.5800182,20030.81;330.4695
19998.22,0.5800184,20030.93;330.3206
19998.22,0.5800183,20031.07;330.1773
19998.22,0.580018,20031.21;330.0513
19998.22,0.5800184,20031.33;329.908
19998.22,0.5800184,20031.33;329.908
19998.22,0.5800184,20031.33;329.908
