20000,0.5,20000;0
20000,0.5799728,20000.63;0.2721584
20000.01,0.5799728,20001.27;0.5586398
20000.02,0.5799728,20001.9;0.6875574
20000.03,0.58,20002.54;0.8164751
20000.04,0.58,20003.17;0.9453928
20000.05,0.58,20003.81;1.074311
20000.06,0.58,20004.45;1.203228
20000.08,0.58,20005.08;1.332146
20000.09,0.58,20005.71;1.389438
20000.11,0.58,20006.35;1.44673
20000.13,0.58,20006.98;1.747535
20000.15,0.58,20007.62;2.019693
20000.18,0.58,20008.25;2.291851
20000.2,0.58,20008.89;2.606979
20000.24,0.58,20009.52;2.907783
20000.27,0.58,20010.16;3.165619
20000.31,0.58,20010.79;3.380475
20000.35,0.58,20011.42;3.523715
20000.39,0.58,20012.06;3.666956
20000.43,0.58,20012.69;3.810197
20000.47,0.58,20013.32;3.953438
20000.52,0.58,20013.96;4.096678
20000.57,0.58,20014.59;4.23992
20000.62,0.58,20015.22;4.383161
20000.67,0.58,20015.86;4.526401
20000.72,0.58,20016.49;4.669641
20000.77,0.58,20017.12;4.913154
20000.83,0.58,20017.75;5.242604
20000.89,0.58,20018.39;5.514763
20000.96,0.58,20019.02;5.858535
20001.02,0.58,20019.65;6.187986
20001.1,0.58,20020.28;6.517437
20001.17,0.58,20020.91;6.81824
20001.25,0.58,20021.54;6.904189
20001.32,0.58,20022.17;6.990138
20001.4,0.58,20022.8;7.076087
20001.48,0.58,20023.43;7.162035
20001.56,0.58,20024.06;7.362568
20001.65,0.58,20024.69;7.706341
20001.74,0.58,20025.32;8.050115
20001.83,0.58,20025.95;8.107409
20001.92,0.58,20026.58;8.408212
20002.02,0.58,20027.21;8.709016
20002.12,0.58,20027.83;9.009821
20002.22,0.58,20028.46;9.310624
20002.32,0.58,20029.08;9.640076
20002.43,0.58,20029.71;9.955203
20002.55,0.58,20030.33;10.3133
20002.66,0.58,20030.96;10.59978
20002.78,0.58,20031.58;10.65708
20002.9,0.58,20032.21;10.75735
20003.02,0.58,20032.83;10.85762
20003.14,0.58,20033.45;10.95789
20003.26,0.58,20034.08;11.05816
20003.38,0.58,20034.7;11.15843
20003.51,0.58,20035.32;11.25871
20003.64,0.58,20035.95;11.47356
20003.76,0.58,20036.57;11.68842
20003.88,0.58,20037.06;12.66245
20003.9,0.58,20037.16;12.70542
20003.89,0.58,20037.13;12.53353
20003.89,0.58,20037.11;12.53353
20003.88,0.58,20037.09;12.53353
20003.88,0.58,20037.06;12.49056
20003.87,0.58,20037.03;12.39029
20003.86,0.58,20036.99;12.24705
20003.85,0.58,20036.94;12.1611
20003.83,0.58,20036.87;12.10381
20003.82,0.58,20036.82;11.94624
20003.82,0.58,20036.8;11.63112
20003.81,0.58,20036.78;11.30167
20003.81,0.58,20036.73;11.01519
20003.8,0.58,20036.69;10.81465
20003.79,0.58,20036.65;10.58547
20003.78,0.58,20036.6;10.39926
20003.77,0.58,20036.55;10.25602
20003.76,0.58,20036.47;10.18441
20003.74,0.58,20036.36;10.14144
20003.72,0.58,20036.28;10.12712
20003.71,0.58,20036.18;10.17009
20003.71,0.58,20036.17;10.06982
20003.71,0.58,20036.17;9.926575
20003.71,0.58,20036.21;9.840625
20003.71,0.58,20036.21;9.72603
20003.71,0.58,20036.22;9.539821
20003.71,0.58,20036.22;9.353612
20003.72,0.58,20036.24;9.239017
20003.71,0.58,20036.21;9.281986
20003.7,0.58,20036.15;9.339279
20003.69,0.58,20036.1;9.239007
20003.69,0.58,20036.1;9.081445
20003.69,0.58,20036.1;8.909557
20003.69,0.58,20036.1;8.923881
20003.69,0.58,20036.1;8.981173
20003.7,0.58,20036.13;9.038465
20003.7,0.58,20036.16;9.067111
20003.71,0.58,20036.21;9.067111
20003.74,0.58,20036.38;9.067111
20003.76,0.58,20036.5;9.081434
20003.78,0.58,20036.62;9.210351
20003.8,0.58,20036.73;9.468187
20003.82,0.58,20036.85;9.854931
20003.84,0.58,20036.97;10.11277
20003.86,0.58,20037.09;10.47086
20003.98,0.58,20037.71;10.71438
20004.1,0.58,20038.33;11.0868
20004.23,0.58,20038.96;11.57381
20004.36,0.58,20039.58;12.11812
20004.5,0.58,20040.2;12.47621
20004.64,0.58,20040.82;12.87728
20004.79,0.58,20041.43;13.29268
20004.94,0.58,20042.05;13.67942
20005.09,0.58,20042.67;13.99455
20005.25,0.58,20043.28;14.36697
