20000,0.5,20000;0
20000,0.58,20000;0
20000,0.58,20000;0
20000,0.58,20000;0
20000,0.58,20000;0
20000,0.58,20000;0
20000,0.58,20000;0
20000,0.58,20000;0
20000,0.58,20000;0
20000,0.58,20000;0
20000,0.58,20000;0
20000,0.58,20000;0
20000,0.58,20000;0
20000,0.58,20000;0
20000,0.58,20000;0
20000,0.58,20000;0
20000,0.58,20000;0
20000,0.58,20000;0
20000,0.58,20000;0
20000,0.58,20000;0
20000,0.58,20000;0
20000,0.58,20000;0
20000,0.58,20000;0
20000,0.58,20000;0
20000,0.58,20000;0
20000,0.58,20000;0
20000,0.58,20000;0
20000,0.58,20000;0
20000,0.58,20000;0
20000,0.58,20000;0
20000,0.58,20000;0
20000,0.58,20000;0
20000,0.58,20000;0
20000,0.58,20000;0
20000,0.58,20000;0
20000,0.58,20000;0
20000,0.58,20000;0
20000,0.58,20000;0
20000,0.58,20000;0
20000,0.58,20000;0
20000,0.58,20000;0
20000,0.58,20000;0
20000,0.58,20000;0
20000,0.58,20000;0
20000,0.58,20000;0
20000,0.58,20000;0
20000,0.58,20000;0
20000,0.58,20000;0
20000,0.58,20000;0
20000,0.58,20000;0
20000,0.58,20000;0
20000,0.58,20000;0
20000,0.58,20000;0
20000,0.58,20000;0
20000,0.58,20000;0
20000,0.58,20000;0
20000,0.58,20000;0
20000,0.58,20000;0
20000,0.58,20000;0
20000,0.58,20000;0
20000,0.58,20000;0
20000,0.58,20000;0
20000,0.58,20000;0
20000,0.58,20000;0
20000,0.58,20000;0
20000,0.58,20000;0
20000,0.58,20000;0
20000,0.58,20000;0
20000,0.58,20000;0
20000,0.58,20000;0
20000,0.58,20000;0
20000,0.58,20000;0
20000,0.58,20000;0
20000,0.58,20000;0
20000,0.58,20000;0
20000,0.58,20000;0
20000,0.58,20000;0
20000,0.58,20000;0
20000,0.58,20000;0
20000,0.58,20000;0
20000,0.58,20000;0
20000,0.58,20000;0
20000,0.58,20000;0
20000,0.58,20000;0
20000,0.58,20000;0
20000,0.58,20000;0
20000,0.58,20000;0
20000,0.58,20000;0
20000,0.58,20000.01;0
20000,0.58,20000.01;0
20000,0.58,20000.01;0
20000,0.58,20000.01;0
20000,0.58,20000.01;0
20000,0.58,20000.01;0
20000,0.58,20000.01;0
20000,0.58,20000.01;0
20000,0.58,20000.01;0
20000,0.58,20000.02;0
20000,0.58,20000.02;0
20000,0.58,20000.03;0
20000,0.58,20000.03;0
20000,0.58,20000.03;0
20000,0.58,20000.03;0
20000,0.58,20000.03;0
20000,0.58,20000.03;0
20000,0.58,20000.03;0
20000,0.58,20000.03;0
20000,0.58,20000.03;0
20000,0.58,20000.03;0
20000,0.58,20000.03;0
20000,0.58,20000.03;0
20000,0.58,20000.03;0
20000,0.58,20000.03;0
20000,0.58,20000.03;0
20000,0.58,20000.11;0
20000,0.58,20000.11;0
20000,0.58,20000.2;0
20000,0.58,20000.29;0
20000,0.58,20000.37;0
20000,0.58,20000.45;0
20000,0.58,20000.52;0
20000,0.58,20000.52;0
20000,0.58,20000.59;0
20000,0.58,20000.66;0
20000,0.58,20000.66;0
20000,0.58,20000.72;0
20000,0.58,20000.78;0
20000,0.58,20000.78;0
20000,0.58,20000.83;0
20000,0.58,20000.83;0
20000,0.58,20000.83;0
20000,0.58,20000.83;0
20000,0.58,20000.83;0
20000,0.58,20000.83;0
20000,0.58,20000.89;0
20000,0.58,20000.94;0
20000,0.58,20000.94;0
20000,0.58,20000.94;0
20000,0.58,20000.94;0
20000,0.58,20000.94;0
20000,0.58,20000.94;0
20000,0.58,20000.94;0
20000,0.58,20000.94;0
20000,0.58,20000.94;0
20000,0.58,20000.94;0
20000,0.58,20000.94;0
20000,0.58,20000.94;0
20000,0.58,20000.94;0
20000,0.58,20000.94;0
20000,0.58,20000.94;0
20000,0.58,20000.94;0
20000,0.58,20000.94;0
20000,0.58,20000.94;0
20000,0.58,20000.94;0
20000,0.58,20000.94;0
20000,0.58,20000.94;0
20000,0.58,20000.94;0
20000,0.58,20001;0
20000,0.58,20001.06;0
20000,0.58,20001.12;0
20000,0.58,20001.12;0
20000,0.58,20001.12;0
20000,0.58,20001.12;0
20000,0.58,20001.12;0
20000,0.58,20001.12;0
20000,0.58,20001.12;0
20000,0.58,20001.12;0
20000,0.58,20001.12;0
20000,0.58,20001.17;0
20000,0.58,20001.23;0
20000,0.58,20001.23;0
20000,0.58,20001.23;0
20000,0.58,20001.23;0
20000,0.58,20001.23;0
20000,0.58,20001.23;0
20000,0.58,20001.23;0
20000,0.58,20001.23;0
20000,0.58,20001.23;0
20000,0.58,20001.23;0
20000,0.58,20001.23;0
20000,0.58,20001.23;0
20000,0.58,20001.23;0
20000,0.58,20001.23;0
20000,0.58,20001.23;0
20000,0.58,20001.23;0
20000,0.58,20001.23;0
20000,0.58,20001.23;0
20000,0.58,20001.23;0
20000,0.58,20001.23;0
20000,0.58,20001.23;0
20000,0.58,20001.23;0
20000,0.58,20001.23;0
20000,0.58,20001.23;0
20000,0.58,20001.23;0
20000,0.58,20001.23;0
20000,0.58,20001.23;0
20000,0.58,20001.23;0
20000,0.58,20001.23;0
20000,0.58,20001.23;0
20000,0.58,20001.23;0
20000,0.58,20001.23;0
20000,0.58,20001.23;0
20000,0.58,20001.23;0
20000,0.58,20001.23;0
20000,0.58,20001.23;0
20000,0.58,20001.23;0
20000,0.58,20001.23;0
20000,0.58,20001.23;0
20000,0.58,20001.23;0
20000,0.58,20001.23;0
20000,0.58,20001.26;0
20000,0.58,20001.26;0
20000,0.58,20001.26;0
20000,0.58,20001.29;0
20000,0.58,20001.29;0
20000,0.58,20001.29;0
20000,0.58,20001.29;0
20000,0.58,20001.29;0
20000,0.58,20001.29;0
20000,0.58,20001.29;0
20000,0.58,20001.29;0
20000,0.58,20001.29;0
20000,0.58,20001.29;0
20000,0.58,20001.29;0
20000,0.58,20001.29;0
20000,0.58,20001.29;0
20000,0.58,20001.29;0
20000,0.58,20001.29;0
20000,0.58,20001.29;0
20000,0.58,20001.29;0
20000,0.58,20001.29;0
20000,0.58,20001.29;0
20000,0.58,20001.29;0
20000,0.58,20001.29;0
20000,0.58,20001.29;0
20000,0.58,20001.29;0
20000,0.58,20001.29;0
20000,0.58,20001.29;0
20000,0.58,20001.29;0
20000,0.58,20001.42;0
20000,0.58,20001.54;0
20000,0.58,20001.67;0
20000,0.58,20001.8;0
20000,0.58,20001.8;0
20000,0.58,20001.8;0
20000,0.58,20001.8;0
20000,0.58,20001.8;0
20000,0.58,20001.8;0
20000,0.58,20001.8;0
20000,0.58,20001.8;0
20000,0.58,20001.92;0
20000,0.58,20002.05;0
20000,0.58,20002.18;0
20000,0.58,20002.24;0
20000,0.58,20002.3;0
20000,0.58,20002.3;0
20000,0.58,20002.43;0
20000,0.58,20002.55;0
20000,0.58,20002.68;0
20000,0.58,20002.81;0
20000,0.58,20002.81;0
20000,0.58,20002.93;0
20000,0.58,20003.06;0
20000,0.58,20003.06;0
20000,0.58,20003.06;0
20000,0.58,20003.06;0
20000,0.58,20003.06;0
20000,0.58,20003.19;0
20000,0.58,20003.31;0
20000,0.58,20003.44;0
20000,0.58,20003.57;0
20000,0.58,20003.7;0
20000,0.58,20003.7;0
20000,0.58,20003.82;0
20000,0.58,20003.95;0
20000,0.58,20004.08;0
20000,0.58,20004.2;0
20000,0.58,20004.33;0
20000,0.58,20004.33;0
20000,0.58,20004.46;0
20000,0.58,20004.58;0
20000,0.58,20004.71;0
20000,0.58,20004.84;0
20000,0.58,20004.84;0
20000,0.58,20004.96;0
20000,0.58,20005.09;0
20000,0.58,20005.22;0
20000,0.58,20005.35;0
20000,0.58,20005.47;0
20000,0.58,20005.47;0
20000,0.58,20005.47;0
20000,0.58,20005.47;0
20000,0.58,20005.47;0
20000,0.58,20005.47;0
20000,0.58,20005.47;0
20000,0.58,20005.47;0
20000,0.58,20005.47;0
20000,0.58,20005.47;0
20000,0.58,20005.6;0
20000,0.58,20005.73;0
20000,0.58,20005.73;0
20000,0.58,20005.73;0
20000,0.58,20005.73;0
20000,0.58,20005.73;0
20000,0.58,20005.73;0
20000,0.58,20005.73;0
20000,0.58,20005.73;0
20000,0.58,20005.85;0
20000,0.58,20005.98;0
20000,0.58,20006.11;0
20000,0.58,20006.11;0
20000,0.58,20006.11;0
20000,0.58,20006.11;0
20000,0.58,20006.11;0
20000,0.58,20006.11;0
20000,0.58,20006.11;0
20000,0.58,20006.11;0
20000,0.58,20006.11;0
20000,0.58,20006.11;0
20000,0.58,20006.11;0
20000,0.58,20006.11;0
20000,0.58,20006.11;0
20000,0.58,20006.11;0
20000,0.58,20006.11;0
20000,0.58,20006.11;0
20000,0.58,20006.11;0
20000,0.58,20006.11;0
20000,0.58,20006.11;0
20000,0.58,20006.11;0
20000,0.58,20006.11;0
20000,0.58,20006.11;0
20000,0.58,20006.11;0
20000,0.58,20006.11;0
20000,0.58,20006.11;0
20000,0.58,20006.11;0
20000,0.58,20006.11;0
20000,0.58,20006.11;0
20000,0.58,20006.11;0
20000,0.58,20006.11;0
20000,0.58,20006.11;0
20000,0.58,20006.11;0
20000,0.58,20006.11;0
20000,0.58,20006.11;0
20000,0.58,20006.11;0
20000,0.58,20006.11;0
20000,0.58,20006.11;0
20000,0.58,20006.11;0
20000,0.58,20006.11;0
20000,0.58,20006.11;0
20000,0.58,20006.11;0
20000,0.58,20006.11;0
20000,0.58,20006.11;0
20000,0.58,20006.11;0
20000,0.58,20006.11;0
20000,0.58,20006.11;0
20000,0.58,20006.11;0
20000,0.58,20006.11;0
20000,0.58,20006.11;0
20000,0.58,20006.11;0
20000,0.58,20006.11;0
20000,0.58,20006.11;0
20000,0.58,20006.11;0
20000,0.58,20006.11;0
20000,0.58,20006.11;0
20000,0.58,20006.11;0
20000,0.58,20006.11;0
20000,0.58,20006.11;0
20000,0.58,20006.23;0
20000,0.58,20006.36;0
20000,0.58,20006.49;0
20000,0.58,20006.49;0
20000,0.58,20006.62;0
20000,0.58,20006.74;0
20000,0.58,20006.87;0
20000,0.58,20007;0
20000,0.58,20007;0
20000,0.58,20007;0
20000,0.58,20007;0
20000,0.58,20007;0
20000,0.58,20007.12;0
20000,0.58,20007.25;0
20000,0.58,20007.38;0
20000,0.58,20007.38;0
20000,0.58,20007.51;0
20000,0.58,20007.63;0
20000,0.58,20007.76;0
20000,0.58,20007.89;0
20000,0.58,20007.89;0
20000,0.58,20008.01;0
20000,0.58,20008.14;0
20000,0.58,20008.27;0
20000,0.58,20008.39;0
20000,0.58,20008.52;0
20000,0.58,20008.52;0
20000,0.58,20008.65;0
20000,0.58,20008.78;0
20000,0.58,20008.9;0
20000,0.58,20009.03;0
20000,0.58,20009.16;0
20000,0.58,20009.16;0
20000,0.58,20009.28;0
20000,0.58,20009.41;0
20000,0.58,20009.54;0
20000,0.58,20009.66;0
20000,0.58,20009.79;0
20000,0.58,20009.79;0
20000,0.58,20009.92;0
20000,0.58,20010.04;0
20000,0.58,20010.04;0
20000,0.58,20010.04;0
20000,0.58,20010.04;0
20000,0.58,20010.04;0
20000,0.58,20010.04;0
20000,0.58,20010.17;0
20000,0.58,20010.17;0
20000,0.58,20010.17;0
20000,0.58,20010.17;0
20000,0.58,20010.17;0
20000,0.58,20010.17;0
20000,0.58,20010.17;0
20000,0.58,20010.17;0
20000,0.58,20010.17;0
20000,0.58,20010.17;0
20000,0.58,20010.17;0
20000,0.58,20010.3;0
20000,0.58,20010.43;0
20000,0.58,20010.43;0
20000,0.58,20010.43;0
20000,0.58,20010.43;0
20000,0.58,20010.43;0
20000,0.58,20010.43;0
20000,0.58,20010.55;0
20000,0.58,20010.68;0
20000,0.58,20010.68;0
20000,0.58,20010.68;0
20000,0.58,20010.68;0
20000,0.58,20010.68;0
20000,0.58,20010.68;0
20000,0.58,20010.68;0
20000,0.58,20010.68;0
20000,0.58,20010.68;0
20000,0.58,20010.68;0
20000,0.58,20010.68;0
20000,0.58,20010.68;0
20000,0.58,20010.68;0
20000,0.58,20010.68;0
20000,0.58,20010.68;0
20000,0.58,20010.68;0
20000,0.58,20010.68;0
20000,0.58,20010.68;0
20000,0.58,20010.68;0
20000,0.58,20010.68;0
20000,0.58,20010.68;0
20000,0.58,20010.68;0
20000,0.58,20010.68;0
20000,0.58,20010.68;0
20000,0.58,20010.68;0
20000,0.58,20010.68;0
20000,0.58,20010.68;0
20000,0.58,20010.68;0
20000,0.58,20010.68;0
20000,0.58,20010.68;0
20000,0.58,20010.68;0
20000,0.58,20010.68;0
20000,0.58,20010.68;0
20000,0.58,20010.68;0
20000,0.58,20010.68;0
20000,0.58,20010.68;0
20000,0.58,20010.68;0
20000,0.58,20010.68;0
20000,0.58,20010.68;0
20000,0.58,20010.68;0
20000,0.58,20010.68;0
20000,0.58,20010.68;0
20000,0.58,20010.68;0
20000,0.58,20010.68;0
20000,0.58,20010.68;0
20000,0.58,20010.68;0
20000,0.58,20010.68;0
20000,0.58,20010.68;0
20000,0.58,20010.68;0
20000,0.58,20010.68;0
20000,0.58,20010.68;0
20000,0.58,20010.68;0
20000,0.58,20010.68;0
20000,0.58,20010.68;0
20000,0.58,20010.68;0
20000,0.58,20010.68;0
20000,0.58,20010.68;0
20000,0.58,20010.68;0
20000,0.58,20010.68;0
20000,0.58,20010.68;0
20000,0.58,20010.68;0
20000,0.58,20010.81;0
20000,0.58,20010.93;0
20000,0.58,20011.06;0
20000,0.58,20011.19;0
20000,0.58,20011.31;0
20000,0.58,20011.31;0
20000,0.58,20011.44;0
20000,0.58,20011.44;0
20000,0.58,20011.44;0
20000,0.58,20011.44;0
20000,0.58,20011.44;0
20000,0.58,20011.57;0
20000,0.58,20011.57;0
20000,0.58,20011.57;0
20000,0.58,20011.57;0
20000,0.58,20011.57;0
20000,0.58,20011.57;0
20000,0.58,20011.7;0
20000,0.58,20011.7;0
20000,0.58,20011.7;0
20000,0.58,20011.82;0
20000,0.58,20011.95;0
20000,0.58,20011.95;0
20000,0.58,20012.08;0
20000,0.58,20012.2;0
20000,0.58,20012.33;0
20000,0.58,20012.46;0
20000,0.58,20012.59;0
20000,0.58,20012.59;0
20000,0.58,20012.71;0
20000,0.58,20012.84;0
20000,0.58,20012.97;0
20000,0.58,20013.09;0
20000,0.58,20013.09;0
20000,0.58,20013.22;0
20000,0.58,20013.35;0
20000,0.58,20013.47;0
20000,0.58,20013.6;0
20000,0.58,20013.73;0
20000,0.58,20013.86;0
20000,0.58,20013.98;0
20000,0.58,20014.11;0
20000,0.58,20014.11;0
20000,0.58,20014.24;0
20000,0.58,20014.36;0
20000,0.58,20014.49;0
20000,0.58,20014.62;0
20000,0.58,20014.62;0
20000,0.58,20014.74;0
20000,0.58,20014.87;0
20000,0.58,20015;0
20000,0.58,20015.13;0
20000,0.58,20015.25;0
20000,0.58,20015.25;0
20000,0.58,20015.38;0
20000,0.58,20015.51;0
20000,0.58,20015.51;0
20000,0.58,20015.51;0
20000,0.58,20015.51;0
20000,0.58,20015.51;0
20000,0.58,20015.51;0
20000,0.58,20015.51;0
20000,0.58,20015.51;0
20000,0.58,20015.51;0
20000,0.58,20015.51;0
20000,0.58,20015.51;0
20000,0.58,20015.51;0
20000,0.58,20015.63;0
20000,0.58,20015.63;0
20000,0.58,20015.63;0
20000,0.58,20015.63;0
20000,0.58,20015.76;0
20000,0.58,20015.89;0
20000,0.58,20015.89;0
20000,0.58,20016.01;0
20000,0.58,20016.14;0
20000,0.58,20016.14;0
20000,0.58,20016.27;0
20000,0.58,20016.39;0
20000,0.58,20016.52;0
20000,0.58,20016.52;0
20000,0.58,20016.52;0
20000,0.58,20016.52;0
20000,0.58,20016.52;0
20000,0.58,20016.52;0
20000,0.58,20016.52;0
20000,0.58,20016.52;0
20000,0.58,20016.52;0
20000,0.58,20016.52;0
20000,0.58,20016.52;0
20000,0.58,20016.52;0
20000,0.58,20016.52;0
20000,0.58,20016.52;0
20000,0.58,20016.52;0
20000,0.58,20016.52;0
20000,0.58,20016.52;0
20000,0.58,20016.52;0
20000,0.58,20016.52;0
20000,0.58,20016.52;0
20000,0.58,20016.52;0
20000,0.58,20016.52;0
20000,0.58,20016.52;0
20000,0.58,20016.52;0
20000,0.58,20016.52;0
20000,0.58,20016.52;0
20000,0.58,20016.52;0
20000,0.58,20016.52;0
20000,0.58,20016.52;0
20000,0.58,20016.52;0
20000,0.58,20016.52;0
20000,0.58,20016.52;0
20000,0.58,20016.52;0
20000,0.58,20016.52;0
20000,0.58,20016.52;0
20000,0.58,20016.52;0
20000,0.58,20016.52;0
20000,0.58,20016.52;0
20000,0.58,20016.52;0
20000,0.58,20016.52;0
20000,0.58,20016.52;0
20000,0.58,20016.52;0
20000,0.58,20016.52;0
20000,0.58,20016.52;0
20000,0.58,20016.52;0
20000,0.58,20016.52;0
20000,0.58,20016.52;0
20000,0.58,20016.52;0
20000,0.58,20016.52;0
20000,0.58,20016.52;0
20000,0.58,20016.52;0
20000,0.58,20016.52;0
20000,0.58,20016.52;0
20000,0.58,20016.52;0
20000,0.58,20016.52;0
20000,0.58,20016.52;0
20000,0.58,20016.52;0
20000,0.58,20016.52;0
20000,0.58,20016.52;0
20000,0.58,20016.52;0
20000,0.58,20016.52;0
20000,0.58,20016.52;0
20000,0.58,20016.52;0
20000,0.58,20016.52;0
20000,0.58,20016.52;0
20000,0.58,20016.52;0
20000,0.58,20016.52;0
20000,0.58,20016.65;0
20000,0.58,20016.65;0
20000,0.58,20016.65;0
20000,0.58,20016.65;0
20000,0.58,20016.65;0
20000,0.58,20016.65;0
20000,0.58,20016.78;0
20000,0.58,20016.9;0
20000,0.58,20016.9;0
20000,0.58,20016.9;0
20000,0.58,20016.9;0
20000,0.58,20016.9;0
20000,0.58,20016.9;0
20000,0.58,20017.03;0
20000,0.58,20017.16;0
20000,0.58,20017.28;0
20000,0.58,20017.41;0
20000,0.58,20017.41;0
20000,0.58,20017.41;0
20000,0.58,20017.41;0
20000,0.58,20017.41;0
20000,0.58,20017.41;0
20000,0.58,20017.41;0
20000,0.58,20017.41;0
20000,0.58,20017.41;0
20000,0.58,20017.54;0
20000,0.58,20017.66;0
20000,0.58,20017.79;0
20000,0.58,20017.79;0
20000,0.58,20017.92;0
20000,0.58,20018.05;0
20000,0.58,20018.17;0
20000,0.58,20018.3;0
20000,0.58,20018.43;0
20000,0.58,20018.55;0
20000,0.58,20018.55;0
20000,0.58,20018.68;0
20000,0.58,20018.81;0
20000,0.58,20018.94;0
20000,0.58,20019.06;0
20000,0.58,20019.19;0
20000,0.58,20019.19;0
20000,0.58,20019.32;0
20000,0.58,20019.44;0
20000,0.58,20019.57;0
20000,0.58,20019.7;0
20000,0.58,20019.7;0
20000,0.58,20019.82;0
20000,0.58,20019.95;0
20000,0.58,20020.08;0
20000,0.58,20020.21;0
20000,0.58,20020.21;0
20000,0.58,20020.33;0
20000,0.58,20020.46;0
20000,0.58,20020.59;0
20000,0.58,20020.71;0
20000,0.58,20020.84;0
20000,0.58,20020.84;0
20000,0.58,20020.97;0
20000,0.58,20021.09;0
20000,0.58,20021.22;0
20000,0.58,20021.35;0
20000,0.58,20021.47;0
20000,0.58,20021.47;0
20000,0.58,20021.6;0
20000,0.58,20021.73;0
20000,0.58,20021.86;0
20000,0.58,20021.98;0
20000,0.58,20022.11;0
20000,0.58,20022.11;0
20000,0.58,20022.24;0
20000,0.58,20022.36;0
20000,0.58,20022.36;0
20000,0.58,20022.49;0
20000,0.58,20022.62;0
20000,0.58,20022.62;0
20000,0.58,20022.62;0
20000,0.58,20022.62;0
20000,0.58,20022.62;0
20000,0.58,20022.62;0
20000,0.58,20022.62;0
20000,0.58,20022.62;0
20000,0.58,20022.62;0
20000,0.58,20022.62;0
20000,0.58,20022.62;0
20000,0.58,20022.62;0
20000,0.58,20022.62;0
20000,0.58,20022.62;0
20000,0.58,20022.62;0
20000,0.58,20022.62;0
20000,0.58,20022.62;0
20000,0.58,20022.62;0
20000,0.58,20022.62;0
20000,0.58,20022.62;0
20000,0.58,20022.62;0
20000,0.58,20022.62;0
20000,0.58,20022.62;0
20000,0.58,20022.62;0
20000,0.58,20022.62;0
20000,0.58,20022.62;0
20000,0.58,20022.62;0
20000,0.58,20022.74;0
20000,0.58,20022.74;0
20000,0.58,20022.74;0
20000,0.58,20022.74;0
20000,0.58,20022.74;0
20000,0.58,20022.74;0
20000,0.58,20022.87;0
20000,0.58,20023;0
20000,0.58,20023;0
20000,0.58,20023;0
20000,0.58,20023;0
20000,0.58,20023;0
20000,0.58,20023;0
20000,0.58,20023;0
20000,0.58,20023;0
20000,0.58,20023;0
20000,0.58,20023;0
20000,0.58,20023;0
20000,0.58,20023;0
20000,0.58,20023;0
20000,0.58,20023;0
20000,0.58,20023;0
20000,0.58,20023;0
20000,0.58,20023;0
20000,0.58,20023;0
20000,0.58,20023;0
20000,0.58,20023;0
20000,0.58,20023;0
20000,0.58,20023;0
20000,0.58,20023;0
20000,0.58,20023;0
20000,0.58,20023;0
20000,0.58,20023;0
20000,0.58,20023;0
20000,0.58,20023;0
20000,0.58,20023;0
20000,0.58,20023;0
20000,0.58,20023;0
20000,0.58,20023;0
20000,0.58,20023;0
20000,0.58,20023;0
20000,0.58,20023;0
20000,0.58,20023;0
20000,0.58,20023;0
20000,0.58,20023;0
20000,0.58,20023;0
20000,0.58,20023;0
20000,0.58,20023;0
20000,0.58,20023;0
20000,0.58,20023;0
20000,0.58,20023;0
20000,0.58,20023;0
20000,0.58,20023;0
20000,0.58,20023;0
20000,0.58,20023;0
20000,0.58,20023;0
20000,0.58,20023;0
20000,0.58,20023;0
20000,0.58,20023;0
20000,0.58,20023;0
20000,0.58,20023;0
20000,0.58,20023;0
20000,0.58,20023;0
20000,0.58,20023;0
20000,0.58,20023;0
20000,0.58,20023;0
20000,0.58,20023;0
20000,0.58,20023;0
20000,0.58,20023;0
20000,0.58,20023;0
20000,0.58,20023;0
20000,0.58,20023;0
20000,0.58,20023;0
20000,0.58,20023;0
20000,0.58,20023.13;0
20000,0.58,20023.13;0
20000,0.58,20023.25;0
20000,0.58,20023.25;0
20000,0.58,20023.38;0
20000,0.58,20023.51;0
20000,0.58,20023.51;0
20000,0.58,20023.51;0
20000,0.58,20023.51;0
20000,0.58,20023.51;0
20000,0.58,20023.63;0
20000,0.58,20023.76;0
20000,0.58,20023.76;0
20000,0.58,20023.76;0
20000,0.58,20023.76;0
20000,0.58,20023.76;0
20000,0.58,20023.76;0
20000,0.58,20023.89;0
20000,0.58,20023.89;0
20000,0.58,20023.89;0
20000,0.58,20023.89;0
20000,0.58,20023.89;0
20000,0.58,20023.89;0
20000,0.58,20023.89;0
20000,0.58,20023.89;0
20000,0.58,20023.89;0
20000,0.58,20024.02;0
20000,0.58,20024.02;0
20000,0.58,20024.14;0
20000,0.58,20024.14;0
20000,0.58,20024.27;0
20000,0.58,20024.4;0
20000,0.58,20024.52;0
20000,0.58,20024.65;0
20000,0.58,20024.78;0
20000,0.58,20024.78;0
20000,0.58,20024.9;0
20000,0.58,20025.03;0
20000,0.58,20025.16;0
20000,0.58,20025.29;0
20000,0.58,20025.41;0
20000,0.58,20025.41;0
20000,0.58,20025.54;0
20000,0.58,20025.67;0
20000,0.58,20025.79;0
20000,0.58,20025.92;0
20000,0.58,20026.05;0
20000,0.58,20026.05;0
20000,0.58,20026.17;0
20000,0.58,20026.3;0
20000,0.58,20026.43;0
20000,0.58,20026.55;0
20000,0.58,20026.68;0
20000,0.58,20026.68;0
20000,0.58,20026.81;0
20000,0.58,20026.94;0
20000,0.58,20027.06;0
20000,0.58,20027.19;0
20000,0.58,20027.32;0
20000,0.58,20027.32;0
20000,0.58,20027.44;0
20000,0.58,20027.57;0
20000,0.58,20027.7;0
20000,0.58,20027.82;0
20000,0.58,20027.82;0
20000,0.58,20027.95;0
20000,0.58,20028.08;0
20000,0.58,20028.21;0
20000,0.58,20028.33;0
20000,0.58,20028.46;0
20000,0.58,20028.46;0
20000,0.58,20028.59;0
20000,0.58,20028.71;0
20000,0.58,20028.84;0
20000,0.58,20028.97;0
20000,0.58,20029.1;0
20000,0.58,20029.1;0
20000,0.58,20029.22;0
20000,0.58,20029.35;0
20000,0.58,20029.48;0
20000,0.58,20029.6;0
20000,0.58,20029.73;0
20000,0.58,20029.73;0
20000,0.58,20029.86;0
20000,0.58,20029.98;0
20000,0.58,20030.11;0
20000,0.58,20030.24;0
20000,0.58,20030.24;0
20000,0.58,20030.37;0
20000,0.58,20030.49;0
20000,0.58,20030.62;0
20000,0.58,20030.75;0
20000,0.58,20030.87;0
20000,0.58,20030.87;0
20000,0.58,20030.87;0
20000,0.58,20030.87;0
20000,0.58,20030.87;0
20000,0.58,20030.87;0
20000,0.58,20030.87;0
20000,0.58,20030.87;0
20000,0.58,20030.87;0
20000,0.58,20030.87;0
20000,0.58,20030.87;0
20000,0.58,20030.87;0
20000,0.58,20030.87;0
20000,0.58,20030.87;0
20000,0.58,20030.87;0
20000,0.58,20030.87;0
20000,0.58,20030.87;0
20000,0.58,20030.87;0
20000,0.58,20030.87;0
20000,0.58,20030.87;0
20000,0.58,20030.87;0
20000,0.58,20030.87;0
20000,0.58,20030.87;0
20000,0.58,20030.87;0
20000,0.58,20030.87;0
20000,0.58,20030.87;0
20000,0.58,20030.87;0
20000,0.58,20030.87;0
20000,0.58,20030.87;0
20000,0.58,20030.87;0
20000,0.58,20030.87;0
20000,0.58,20031;0
20000,0.58,20031;0
20000,0.58,20031;0
20000,0.58,20031;0
20000,0.58,20031;0
20000,0.58,20031;0
20000,0.58,20031;0
20000,0.58,20031;0
20000,0.58,20031;0
20000,0.58,20031;0
20000,0.58,20031;0
20000,0.58,20031;0
20000,0.58,20031;0
20000,0.58,20031;0
20000,0.58,20031;0
20000,0.58,20031;0
20000,0.58,20031;0
20000,0.58,20031;0
20000,0.58,20031;0
20000,0.58,20031;0
20000,0.58,20031;0
20000,0.58,20031;0
20000,0.58,20031;0
20000,0.58,20031;0
20000,0.58,20031;0
20000,0.58,20031;0
20000,0.58,20031;0
20000,0.58,20031;0
20000,0.58,20031;0
20000,0.58,20031;0
20000,0.58,20031;0
20000,0.58,20031;0
20000,0.58,20031;0
20000,0.58,20031;0
20000,0.58,20031;0
20000,0.58,20031;0
20000,0.58,20031;0
20000,0.58,20031;0
20000,0.58,20031;0
20000,0.58,20031;0
20000,0.58,20031;0
20000,0.58,20031;0
20000,0.58,20031;0
20000,0.58,20031;0
20000,0.58,20031;0
20000,0.58,20031;0
20000,0.58,20031;0
20000,0.58,20031;0
20000,0.58,20031;0
20000,0.58,20031;0
20000,0.58,20031;0
20000,0.58,20031;0
20000,0.58,20031;0
20000,0.58,20031;0
20000,0.58,20031;0
20000,0.58,20031;0
20000,0.58,20031;0
20000,0.58,20031;0
20000,0.58,20031;0
20000,0.58,20031;0
20000,0.58,20031;0
20000,0.58,20031;0
20000,0.58,20031;0
20000,0.58,20031;0
20000,0.58,20031;0
20000,0.58,20031;0
20000,0.58,20031;0
20000,0.58,20031;0
20000,0.58,20031;0
20000,0.58,20031;0
20000,0.58,20031;0
20000,0.58,20031;0
20000,0.58,20031;0
20000,0.58,20031;0
20000,0.58,20031;0
20000,0.58,20031;0
20000,0.58,20031;0
20000,0.58,20031;0
20000,0.58,20031;0
20000,0.58,20031;0
20000,0.58,20031;0
20000,0.58,20031;0
20000,0.58,20031;0
20000,0.58,20031.13;0
20000,0.58,20031.25;0
20000,0.58,20031.25;0
20000,0.58,20031.25;0
20000,0.58,20031.25;0
20000,0.58,20031.25;0
20000,0.58,20031.25;0
20000,0.58,20031.25;0
20000,0.58,20031.25;0
20000,0.58,20031.25;0
20000,0.58,20031.25;0
20000,0.58,20031.25;0
20000,0.58,20031.25;0
20000,0.58,20031.25;0
20000,0.58,20031.25;0
20000,0.58,20031.25;0
20000,0.58,20031.25;0
20000,0.58,20031.25;0
20000,0.58,20031.25;0
20000,0.58,20031.25;0
20000,0.58,20031.25;0
20000,0.58,20031.25;0
20000,0.58,20031.25;0
20000,0.58,20031.25;0
20000,0.58,20031.25;0
20000,0.58,20031.25;0
20000,0.58,20031.25;0
20000,0.58,20031.25;0
20000,0.58,20031.25;0
20000,0.58,20031.25;0
20000,0.58,20031.25;0
20000,0.58,20031.25;0
20000,0.58,20031.25;0
20000,0.58,20031.25;0
20000,0.58,20031.25;0
20000,0.58,20031.25;0
20000,0.58,20031.25;0
20000,0.58,20031.25;0
20000,0.58,20031.25;0
20000,0.58,20031.25;0
20000,0.58,20031.25;0
20000,0.58,20031.25;0
20000,0.58,20031.38;0
20000,0.58,20031.51;0
20000,0.58,20031.51;0
20000,0.58,20031.63;0
20000,0.58,20031.76;0
20000,0.58,20031.89;0
20000,0.58,20032.02;0
20000,0.58,20032.14;0
20000,0.58,20032.14;0
20000,0.58,20032.27;0
20000,0.58,20032.4;0
20000,0.58,20032.52;0
20000,0.58,20032.65;0
20000,0.58,20032.78;0
20000,0.58,20032.78;0
20000,0.58,20032.9;0
20000,0.58,20033.03;0
20000,0.58,20033.16;0
20000,0.58,20033.29;0
20000,0.58,20033.41;0
20000,0.58,20033.41;0
20000,0.58,20033.54;0
20000,0.58,20033.67;0
20000,0.58,20033.79;0
20000,0.58,20033.92;0
20000,0.58,20033.92;0
20000,0.58,20034.05;0
20000,0.58,20034.18;0
20000,0.58,20034.3;0
20000,0.58,20034.3;0
20000,0.58,20034.43;0
20000,0.58,20034.43;0
20000,0.58,20034.56;0
20000,0.58,20034.68;0
20000,0.58,20034.81;0
20000,0.58,20034.94;0
20000,0.58,20034.94;0
20000,0.58,20035.06;0
20000,0.58,20035.19;0
20000,0.58,20035.32;0
20000,0.58,20035.45;0
20000,0.58,20035.57;0
20000,0.58,20035.7;0
20000,0.58,20035.7;0
20000,0.58,20035.83;0
20000,0.58,20035.95;0
20000,0.58,20036.08;0
20000,0.58,20036.21;0
20000,0.58,20036.21;0
20000,0.58,20036.33;0
20000,0.58,20036.46;0
20000,0.58,20036.59;0
20000,0.58,20036.71;0
20000,0.58,20036.84;0
20000,0.58,20036.84;0
20000,0.58,20036.97;0
20000,0.58,20037.1;0
20000,0.58,20037.22;0
20000,0.58,20037.35;0
20000,0.58,20037.48;0
20000,0.58,20037.6;0
20000,0.58,20037.6;0
20000,0.58,20037.73;0
20000,0.58,20037.86;0
20000,0.58,20037.98;0
20000,0.58,20038.11;0
20000,0.58,20038.11;0
20000,0.58,20038.24;0
20000,0.58,20038.37;0
20000,0.58,20038.49;0
20000,0.58,20038.62;0
20000,0.58,20038.62;0
20000,0.58,20038.62;0
20000,0.58,20038.75;0
20000,0.58,20038.87;0
20000,0.58,20039;0
20000,0.58,20039;0
20000,0.58,20039;0
20000,0.58,20039;0
20000,0.58,20039;0
20000,0.58,20039;0
20000,0.58,20039;0
20000,0.58,20039;0
20000,0.58,20039;0
20000,0.58,20039;0
20000,0.58,20039;0
20000,0.58,20039;0
20000,0.58,20039;0
20000,0.58,20039;0
20000,0.58,20039;0
20000,0.58,20039;0
20000,0.58,20039;0
20000,0.58,20039;0
20000,0.58,20039;0
20000,0.58,20039;0
20000,0.58,20039;0
20000,0.58,20039;0
20000,0.58,20039;0
20000,0.58,20039;0
20000,0.58,20039;0
20000,0.58,20039;0
20000,0.58,20039;0
20000,0.58,20039;0
20000,0.58,20039;0
20000,0.58,20039;0
20000,0.58,20039;0
20000,0.58,20039;0
20000,0.58,20039;0
20000,0.58,20039;0
20000,0.58,20039;0
20000,0.58,20039;0
20000,0.58,20039;0
20000,0.58,20039;0
20000,0.58,20039;0
20000,0.58,20039;0
20000,0.58,20039;0
20000,0.58,20039;0
20000,0.58,20039.13;0
20000,0.58,20039.13;0
20000,0.58,20039.26;0
20000,0.58,20039.26;0
20000,0.58,20039.38;0
20000,0.58,20039.38;0
20000,0.58,20039.51;0
20000,0.58,20039.51;0
20000,0.58,20039.64;0
20000,0.58,20039.64;0
20000,0.58,20039.64;0
20000,0.58,20039.64;0
20000,0.58,20039.64;0
20000,0.58,20039.64;0
20000,0.58,20039.64;0
20000,0.58,20039.64;0
20000,0.58,20039.64;0
20000,0.58,20039.76;0
20000,0.58,20039.76;0
20000,0.58,20039.76;0
20000,0.58,20039.89;0
20000,0.58,20040.02;0
20000,0.58,20040.14;0
20000,0.58,20040.14;0
20000,0.58,20040.14;0
20000,0.58,20040.14;0
20000,0.58,20040.14;0
20000,0.58,20040.14;0
20000,0.58,20040.14;0
20000,0.58,20040.14;0
20000,0.58,20040.14;0
20000,0.58,20040.14;0
20000,0.58,20040.14;0
20000,0.58,20040.14;0
20000,0.58,20040.14;0
20000,0.58,20040.14;0
20000,0.58,20040.14;0
20000,0.58,20040.14;0
20000,0.58,20040.14;0
20000,0.58,20040.14;0
20000,0.58,20040.14;0
20000,0.58,20040.14;0
20000,0.58,20040.14;0
20000,0.58,20040.14;0
20000,0.58,20040.14;0
20000,0.58,20040.14;0
20000,0.58,20040.14;0
20000,0.58,20040.14;0
20000,0.58,20040.14;0
20000,0.58,20040.14;0
20000,0.58,20040.14;0
20000,0.58,20040.14;0
20000,0.58,20040.14;0
20000,0.58,20040.14;0
20000,0.58,20040.14;0
20000,0.58,20040.14;0
20000,0.58,20040.14;0
20000,0.58,20040.14;0
20000,0.58,20040.14;0
20000,0.58,20040.14;0
20000,0.58,20040.14;0
20000,0.58,20040.14;0
20000,0.58,20040.14;0
20000,0.58,20040.14;0
20000,0.58,20040.14;0
20000,0.58,20040.14;0
20000,0.58,20040.14;0
20000,0.58,20040.14;0
20000,0.58,20040.14;0
20000,0.58,20040.14;0
20000,0.58,20040.14;0
20000,0.58,20040.14;0
20000,0.58,20040.14;0
20000,0.58,20040.14;0
20000,0.58,20040.14;0
20000,0.58,20040.14;0
20000,0.58,20040.14;0
20000,0.58,20040.14;0
20000,0.58,20040.14;0
20000,0.58,20040.23;0
20000,0.58,20040.23;0
20000,0.58,20040.23;0
20000,0.58,20040.23;0
20000,0.58,20040.31;0
20000,0.58,20040.4;0
20000,0.58,20040.4;0
20000,0.58,20040.4;0
20000,0.58,20040.4;0
20000,0.58,20040.4;0
20000,0.58,20040.4;0
20000,0.58,20040.48;0
20000,0.58,20040.48;0
20000,0.58,20040.48;0
20000,0.58,20040.48;0
20000,0.58,20040.48;0
20000,0.58,20040.48;0
20000,0.58,20040.56;0
20000,0.58,20040.65;0
20000,0.58,20040.65;0
20000,0.58,20040.65;0
20000,0.58,20040.73;0
20000,0.58,20040.82;0
20000,0.58,20040.9;0
20000,0.58,20040.99;0
20000,0.58,20041.08;0
20000,0.58,20041.08;0
20000,0.58,20041.16;0
20000,0.58,20041.16;0
20000,0.58,20041.16;0
20000,0.58,20041.25;0
20000,0.58,20041.25;0
20000,0.58,20041.25;0
20000,0.58,20041.25;0
20000,0.58,20041.25;0
20000,0.58,20041.25;0
20000,0.58,20041.25;0
20000,0.58,20041.25;0
20000,0.58,20041.25;0
20000,0.58,20041.25;0
20000,0.58,20041.25;0
20000,0.58,20041.25;0
20000,0.58,20041.25;0
20000,0.58,20041.25;0
20000,0.58,20041.25;0
20000,0.58,20041.33;0
20000,0.58,20041.33;0
20000,0.58,20041.42;0
20000,0.58,20041.46;0
20000,0.58,20041.46;0
20000,0.58,20041.53;0
20000,0.58,20041.56;0
20000,0.58,20041.63;0
20000,0.58,20041.63;0
20000,0.58,20041.73;0
20000,0.58,20041.73;0
20000,0.58,20041.84;0
20000,0.58,20041.95;0
20000,0.58,20042.07;0
20000,0.58,20042.07;0
20000,0.58,20042.07;0
20000,0.58,20042.07;0
20000,0.58,20042.18;0
20000,0.58,20042.29;0
20000,0.58,20042.29;0
20000,0.58,20042.41;0
20000,0.58,20042.41;0
20000,0.58,20042.54;0
20000,0.58,20042.66;0
20000,0.58,20042.79;0
20000,0.58,20042.91;0
20000,0.58,20043.04;0
20000,0.58,20043.17;0
20000,0.58,20043.17;0
20000,0.58,20043.29;0
20000,0.58,20043.29;0
20000,0.58,20043.42;0
20000,0.58,20043.55;0
20000,0.58,20043.55;0
20000,0.58,20043.67;0
20000,0.58,20043.8;0
20000,0.58,20043.93;0
20000,0.58,20044.05;0
20000,0.58,20044.18;0
20000,0.58,20044.18;0
20000,0.58,20044.18;0
20000,0.58,20044.18;0
20000,0.58,20044.18;0
20000,0.58,20044.18;0
20000,0.58,20044.18;0
20000,0.58,20044.18;0
20000,0.58,20044.18;0
20000,0.58,20044.29;0
20000,0.58,20044.29;0
20000,0.58,20044.29;0
20000,0.58,20044.29;0
20000,0.58,20044.29;0
20000,0.58,20044.29;0
20000,0.58,20044.29;0
20000,0.58,20044.41;0
20000,0.58,20044.52;0
20000,0.58,20044.62;0
20000,0.58,20044.62;0
20000,0.58,20044.73;0
20000,0.58,20044.73;0
20000,0.58,20044.73;0
20000,0.58,20044.83;0
20000,0.58,20044.83;0
20000,0.58,20044.83;0
20000,0.58,20044.83;0
20000,0.58,20044.83;0
20000,0.58,20044.83;0
20000,0.58,20044.93;0
20000,0.58,20044.93;0
20000,0.58,20045.04;0
20000,0.58,20045.14;0
20000,0.58,20045.14;0
20000,0.58,20045.14;0
20000,0.58,20045.14;0
20000,0.58,20045.14;0
20000,0.58,20045.14;0
20000,0.58,20045.14;0
20000,0.58,20045.14;0
20000,0.58,20045.14;0
20000,0.58,20045.14;0
20000,0.58,20045.14;0
20000,0.58,20045.14;0
20000,0.58,20045.14;0
20000,0.58,20045.14;0
20000,0.58,20045.14;0
20000,0.58,20045.14;0
20000,0.58,20045.14;0
20000,0.58,20045.14;0
20000,0.58,20045.14;0
20000,0.58,20045.14;0
20000,0.58,20045.14;0
20000,0.58,20045.14;0
20000,0.58,20045.14;0
20000,0.58,20045.14;0
20000,0.58,20045.14;0
20000,0.58,20045.14;0
20000,0.58,20045.14;0
20000,0.58,20045.14;0
20000,0.58,20045.14;0
20000,0.58,20045.14;0
20000,0.58,20045.14;0
20000,0.58,20045.14;0
20000,0.58,20045.14;0
20000,0.58,20045.14;0
20000,0.58,20045.14;0
20000,0.58,20045.14;0
20000,0.58,20045.14;0
20000,0.58,20045.14;0
20000,0.58,20045.14;0
20000,0.58,20045.14;0
20000,0.58,20045.14;0
20000,0.58,20045.14;0
20000,0.58,20045.14;0
20000,0.58,20045.14;0
20000,0.58,20045.14;0
20000,0.58,20045.14;0
20000,0.58,20045.14;0
20000,0.58,20045.14;0
20000,0.58,20045.14;0
20000,0.58,20045.14;0
20000,0.58,20045.14;0
20000,0.58,20045.14;0
20000,0.58,20045.14;0
20000,0.58,20045.14;0
20000,0.58,20045.14;0
20000,0.58,20045.14;0
20000,0.58,20045.19;0
20000,0.58,20045.19;0
20000,0.58,20045.24;0
20000,0.58,20045.24;0
20000,0.58,20045.24;0
20000,0.58,20045.24;0
20000,0.58,20045.24;0
20000,0.58,20045.24;0
20000,0.58,20045.24;0
20000,0.58,20045.24;0
20000,0.58,20045.24;0
20000,0.58,20045.24;0
20000,0.58,20045.24;0
20000,0.58,20045.24;0
20000,0.58,20045.24;0
20000,0.58,20045.24;0
20000,0.58,20045.24;0
20000,0.58,20045.24;0
20000,0.58,20045.24;0
20000,0.58,20045.24;0
20000,0.58,20045.24;0
20000,0.58,20045.24;0
20000,0.58,20045.24;0
20000,0.58,20045.24;0
20000,0.58,20045.24;0
20000,0.58,20045.24;0
20000,0.58,20045.24;0
20000,0.58,20045.24;0
20000,0.58,20045.24;0
20000,0.58,20045.24;0
20000,0.58,20045.24;0
20000,0.58,20045.24;0
20000,0.58,20045.24;0
20000,0.58,20045.24;0
20000,0.58,20045.24;0
20000,0.58,20045.24;0
20000,0.58,20045.24;0
20000,0.58,20045.24;0
20000,0.58,20045.24;0
20000,0.58,20045.24;0
20000,0.58,20045.24;0
20000,0.58,20045.24;0
20000,0.58,20045.24;0
20000,0.58,20045.24;0
20000,0.58,20045.24;0
20000,0.58,20045.24;0
20000,0.58,20045.24;0
20000,0.58,20045.24;0
20000,0.58,20045.24;0
20000,0.58,20045.29;0
20000,0.58,20045.29;0
20000,0.58,20045.29;0
20000,0.58,20045.29;0
20000,0.58,20045.29;0
20000,0.58,20045.29;0
20000,0.58,20045.34;0
20000,0.58,20045.34;0
20000,0.58,20045.34;0
20000,0.58,20045.34;0
20000,0.58,20045.34;0
20000,0.58,20045.39;0
20000,0.58,20045.39;0
20000,0.58,20045.39;0
20000,0.58,20045.39;0
20000,0.58,20045.39;0
20000,0.58,20045.39;0
20000,0.58,20045.39;0
20000,0.58,20045.39;0
20000,0.58,20045.44;0
20000,0.58,20045.49;0
20000,0.58,20045.49;0
20000,0.58,20045.49;0
20000,0.58,20045.49;0
20000,0.58,20045.49;0
20000,0.58,20045.49;0
20000,0.58,20045.49;0
20000,0.58,20045.49;0
20000,0.58,20045.52;0
20000,0.58,20045.52;0
20000,0.58,20045.52;0
20000,0.58,20045.52;0
20000,0.58,20045.52;0
20000,0.58,20045.54;0
20000,0.58,20045.54;0
20000,0.58,20045.54;0
20000,0.58,20045.54;0
20000,0.58,20045.54;0
20000,0.58,20045.54;0
20000,0.58,20045.54;0
20000,0.58,20045.54;0
20000,0.58,20045.54;0
20000,0.58,20045.54;0
20000,0.58,20045.54;0
20000,0.58,20045.54;0
20000,0.58,20045.54;0
20000,0.58,20045.54;0
20000,0.58,20045.54;0
20000,0.58,20045.54;0
20000,0.58,20045.54;0
20000,0.58,20045.54;0
20000,0.58,20045.54;0
20000,0.58,20045.54;0
20000,0.58,20045.54;0
20000,0.58,20045.54;0
20000,0.58,20045.54;0
20000,0.58,20045.54;0
20000,0.58,20045.54;0
20000,0.58,20045.54;0
20000,0.58,20045.61;0
20000,0.58,20045.69;0
20000,0.58,20045.76;0
20000,0.58,20045.76;0
20000,0.58,20045.83;0
20000,0.58,20045.91;0
20000,0.58,20045.98;0
20000,0.58,20046.06;0
20000,0.58,20046.06;0
20000,0.58,20046.14;0
20000,0.58,20046.22;0
20000,0.58,20046.3;0
20000,0.58,20046.38;0
20000,0.58,20046.45;0
20000,0.58,20046.45;0
20000,0.58,20046.53;0
20000,0.58,20046.62;0
20000,0.58,20046.7;0
20000,0.58,20046.78;0
20000,0.58,20046.87;0
20000,0.58,20046.87;0
20000,0.58,20046.95;0
20000,0.58,20047.03;0
20000,0.58,20047.11;0
20000,0.58,20047.19;0
20000,0.58,20047.27;0
20000,0.58,20047.27;0
20000,0.58,20047.35;0
20000,0.58,20047.42;0
20000,0.58,20047.5;0
