20000,0.5,20000;0
20000.01,0.5798973,20000.63;0.6302547
20000.02,0.58,20001.27;1.203217
20000.04,0.58,20001.9;1.862118
20000.07,0.58,20002.54;2.463727
20000.1,0.58,20003.17;3.13695
20000.14,0.58,20003.81;3.681257
20000.19,0.58,20004.44;4.325834
20000.25,0.58,20005.07;4.87014
20000.31,0.58,20005.71;5.471748
20000.37,0.58,20006.34;6.13065
20000.45,0.58,20006.97;6.846843
20000.53,0.58,20007.6;7.419805
20000.62,0.58,20008.22;8.035737
20000.7,0.58,20008.77;8.221947
20000.71,0.58,20008.88;8.408156
20000.72,0.58,20008.9;8.594366
20000.72,0.58,20008.9;8.551397
20000.72,0.58,20008.9;8.637347
20000.72,0.58,20008.91;8.737618
20000.73,0.58,20009.01;8.708973
20000.74,0.58,20009.06;8.737618
20000.75,0.58,20009.12;9.052747
20000.77,0.58,20009.19;9.468146
20000.78,0.58,20009.28;9.811919
20000.79,0.58,20009.37;10.12705
20000.81,0.58,20009.44;10.52811
20000.82,0.58,20009.51;10.88621
20000.83,0.58,20009.53;11.28728
20000.84,0.58,20009.57;11.6024
20000.84,0.58,20009.61;11.94618
20000.85,0.58,20009.62;12.11806
20000.83,0.58,20009.53;12.06077
20000.82,0.58,20009.51;11.93185
20000.82,0.58,20009.49;11.64537
20000.81,0.58,20009.46;11.24431
20000.81,0.58,20009.47;10.7
20000.81,0.58,20009.47;10.12704
20000.82,0.58,20009.48;9.453815
20000.83,0.58,20009.58;8.737622
20000.85,0.58,20009.69;8.150336
20000.86,0.58,20009.78;7.620353
20000.87,0.58,20009.89;6.961453
20000.88,0.58,20010;6.388491
20000.9,0.58,20010.12;5.715267
20000.9,0.58,20010.2;5.085012
20000.91,0.58,20010.31;4.454757
20000.92,0.58,20010.42;3.924775
20000.93,0.58,20010.53;3.323166
20000.93,0.58,20010.63;2.649942
20000.93,0.58,20010.75;1.948073
20000.94,0.58,20010.89;1.403767
20000.94,0.58,20011.03;0.9310759
20000.94,0.58,20011.14;0.6589177
20000.94,0.58,20011.13;0.7735122
20000.94,0.58,20011.11;0.873784
20000.94,0.58,20011.09;0.9024299
20000.94,0.58,20011.09;0.888107
20000.94,0.58,20011.1;0.888107
20000.94,0.58,20011.09;1.031348
20000.94,0.58,20011.04;1.260526
20000.94,0.58,20010.99;1.461059
20000.94,0.58,20010.97;1.561331
20000.94,0.58,20010.93;1.618623
20000.94,0.58,20010.89;1.704571
20000.93,0.58,20010.85;1.862135
20000.93,0.58,20010.83;1.962407
20000.93,0.58,20010.75;1.905115
20000.93,0.58,20010.73;1.862146
20000.93,0.58,20010.73;1.661613
20000.93,0.58,20010.74;1.446757
20000.93,0.58,20010.73;1.360809
20000.93,0.58,20010.73;1.360809
20000.93,0.58,20010.73;1.360809
20000.93,0.58,20010.72;1.446757
20000.93,0.58,20010.72;1.69027
20000.93,0.58,20010.71;1.905126
20000.93,0.58,20010.71;1.919449
20000.93,0.58,20010.72;1.933772
20000.93,0.58,20010.79;1.991064
20000.93,0.58,20010.82;2.005386
20000.94,0.58,20010.86;2.16295
20000.94,0.58,20010.93;2.263222
20000.94,0.58,20011.07;2.220253
20000.95,0.58,20011.21;2.177284
20000.96,0.58,20011.39;2.162961
20000.97,0.58,20011.74;2.234576
20000.99,0.58,20012.37;2.334848
20001.02,0.58,20013.01;2.549704
20001.05,0.58,20013.64;2.807539
20001.09,0.58,20014.28;3.065375
20001.13,0.58,20014.91;3.337533
20001.16,0.58,20015.54;3.581045
20001.21,0.58,20016.18;3.939142
20001.25,0.58,20016.81;4.196978
20001.3,0.58,20017.44;4.469136
20001.36,0.58,20018.08;4.798586
20001.41,0.58,20018.71;5.113714
20001.47,0.58,20019.34;5.385873
20001.54,0.58,20019.97;5.543436
20001.6,0.58,20020.6;5.701
20001.66,0.58,20021.24;5.915856
20001.73,0.58,20021.87;6.130711
20001.8,0.58,20022.5;6.345567
20001.87,0.58,20023.13;6.517454
20001.95,0.58,20023.76;6.803935
20002.03,0.58,20024.39;7.119063
20002.11,0.58,20025.02;7.333918
20002.19,0.58,20025.65;7.548774
20002.28,0.58,20026.28;7.692017
20002.36,0.58,20026.91;7.835257
20002.45,0.58,20027.54;8.093092
20002.54,0.58,20028.16;8.250656
20002.64,0.58,20028.79;8.451189
20002.73,0.58,20029.42;8.780639
20002.83,0.58,20030.05;9.06712
20002.94,0.58,20030.67;9.382248
20003.04,0.58,20031.3;9.654406
20003.15,0.58,20031.93;9.912241
20003.27,0.58,20032.55;10.14142
20003.38,0.58,20033.17;10.35628
20003.5,0.58,20033.8;10.65708
20003.62,0.58,20034.42;10.91492
20003.74,0.58,20035.04;11.15843
20003.87,0.58,20035.67;11.37329
20003.99,0.58,20036.29;11.64544
20004.12,0.58,20036.91;11.8603
20004.26,0.58,20037.53;12.08948
20004.39,0.58,20038.15;12.27569
20004.53,0.58,20038.77;12.49054
20004.67,0.58,20039.39;12.7054
20004.81,0.58,20040.01;12.84864
20004.96,0.58,20040.63;13.13512
20005.1,0.58,20041.25;13.45025
20005.25,0.58,20041.86;13.79402
20005.41,0.58,20042.48;14.0805
20005.56,0.58,20043.1;14.32402
