20000,0.5,20000;0
20000,0.58,20000.25;359.8568
20000,0.58,20000.46;359.6992
20000,0.58,20000.7;359.5416
19999.99,0.58,20000.93;359.4127
19999.99,0.58,20001.17;359.2552
19999.99,0.58,20001.37;359.1262
19999.98,0.58,20001.59;359.0116
19999.98,0.58,20001.82;358.9114
19999.98,0.58,20002;358.7681
19999.97,0.58,20002.01;358.6822
19999.97,0.58,20002.14;358.5819
19999.97,0.58,20002.32;358.4816
19999.96,0.58,20002.54;358.3813
19999.96,0.58,20002.73;358.2668
19999.95,0.58,20002.96;358.1952
19999.94,0.58,20003.19;358.1952
19999.93,0.58,20003.43;358.1808
19999.93,0.58,20003.68;358.1665
19999.92,0.58,20003.92;358.1235
19999.91,0.58,20004.16;357.966
19999.9,0.58,20004.4;357.8227
19999.89,0.58,20004.6;357.7081
19999.88,0.58,20004.8;357.5935
19999.88,0.58,20005;357.4646
19999.88,0.58,20004.99;357.88
19999.88,0.58,20004.96;358.0089
19999.88,0.58,20004.95;358.0089
19999.88,0.58,20004.95;357.7798
19999.88,0.58,20004.97;357.6508
19999.87,0.58,20005.02;357.8657
19999.87,0.58,20005.07;358.0949
19999.87,0.58,20005.11;358.2668
19999.87,0.58,20005.21;358.4387
19999.87,0.58,20005.32;358.6249
19999.86,0.58,20005.47;359.0116
19999.86,0.58,20005.58;359.1978
19999.86,0.58,20005.72;359.5129
19999.86,0.58,20005.85;359.914
19999.86,0.58,20006.01;0.30075
19999.86,0.58,20006.13;0.5729084
19999.87,0.58,20006.28;0.9166818
19999.87,0.58,20006.34;1.203163
19999.87,0.58,20006.41;1.346404
19999.87,0.58,20006.47;1.260455
19999.87,0.58,20006.53;1.217486
19999.87,0.58,20006.6;1.274778
19999.87,0.58,20006.66;1.33207
19999.88,0.58,20006.73;1.375039
19999.88,0.58,20006.79;1.489634
19999.88,0.58,20006.85;1.51828
19999.88,0.58,20006.92;1.575572
19999.88,0.58,20006.98;1.575572
19999.88,0.58,20006.99;1.589895
19999.88,0.58,20007;1.675843
19999.88,0.58,20007.01;1.761792
19999.88,0.58,20007.02;1.876387
19999.88,0.58,20007.04;1.919356
19999.88,0.58,20007.04;1.976648
19999.88,0.58,20007.05;2.062597
19999.88,0.58,20007.06;2.134212
19999.88,0.58,20007.08;2.234483
19999.88,0.58,20007.08;2.291776
19999.88,0.58,20007.09;2.377724
19999.88,0.58,20007.1;2.449339
19999.88,0.58,20007.1;2.563934
19999.89,0.58,20007.11;2.606904
19999.89,0.58,20007.11;2.606904
19999.89,0.58,20007.11;2.578258
19999.89,0.58,20007.12;2.477986
19999.89,0.58,20007.12;2.406371
19999.89,0.58,20007.12;2.349079
19999.89,0.58,20007.13;2.291787
19999.89,0.58,20007.13;2.220172
19999.89,0.58,20007.13;2.16288
19999.89,0.58,20007.13;2.105588
19999.89,0.58,20007.13;2.062619
19999.89,0.58,20007.12;2.01965
19999.89,0.58,20007.12;1.962359
19999.89,0.58,20007.12;1.919389
19999.89,0.58,20007.11;1.862097
19999.89,0.58,20007.11;1.819129
19999.89,0.58,20007.11;1.776159
19999.89,0.58,20007.1;1.73319
19999.88,0.58,20007.09;1.690221
19999.88,0.58,20007.09;1.647252
19999.88,0.58,20007.08;1.58996
19999.88,0.58,20007.08;1.561314
19999.88,0.58,20007.07;1.518345
19999.88,0.58,20007.06;1.461053
19999.88,0.58,20007.05;1.418084
19999.88,0.58,20007.05;1.389438
19999.88,0.58,20007.04;1.346469
19999.88,0.58,20007.02;1.3035
19999.88,0.58,20007.01;1.274854
19999.88,0.58,20007;1.231885
19999.88,0.58,20006.99;1.203239
19999.88,0.58,20006.98;1.188916
19999.88,0.58,20006.97;1.16027
19999.88,0.58,20006.96;1.131624
19999.88,0.58,20006.95;1.131624
19999.88,0.58,20006.93;1.131624
19999.88,0.58,20006.91;1.117301
19999.88,0.58,20006.9;1.102979
19999.88,0.58,20006.88;1.102979
19999.88,0.58,20006.87;1.102979
19999.88,0.58,20006.85;1.102979
19999.88,0.58,20006.83;1.102979
19999.88,0.58,20006.81;1.088655
19999.88,0.58,20006.79;1.088655
19999.88,0.58,20006.77;1.088655
19999.88,0.58,20006.75;1.088655
19999.88,0.58,20006.73;1.088655
19999.88,0.58,20006.71;1.088655
19999.88,0.58,20006.67;1.074332
19999.88,0.58,20006.63;1.074332
19999.88,0.58,20006.6;1.074332
19999.88,0.58,20006.56;1.074332
19999.88,0.58,20006.52;1.074332
19999.87,0.58,20006.48;1.074332
19999.87,0.58,20006.44;1.074332
19999.87,0.58,20006.39;1.074332
19999.87,0.58,20006.35;1.074332
19999.87,0.58,20006.31;1.074332
19999.87,0.58,20006.26;1.074332
19999.87,0.58,20006.21;1.074332
19999.87,0.58,20006.16;1.074332
19999.87,0.58,20006.12;1.074332
19999.87,0.58,20006.07;1.074332
19999.87,0.58,20006.02;1.074332
19999.86,0.58,20005.98;1.074332
19999.86,0.58,20005.93;1.074332
19999.86,0.58,20005.88;1.074332
19999.86,0.58,20005.83;1.074332
19999.86,0.58,20005.78;1.074332
19999.86,0.58,20005.73;1.074332
19999.86,0.58,20005.68;1.074332
19999.86,0.58,20005.64;1.074332
19999.86,0.58,20005.58;1.074332
19999.86,0.58,20005.52;1.074332
19999.86,0.58,20005.48;1.074332
19999.85,0.58,20005.43;1.074332
19999.85,0.58,20005.38;1.074332
19999.85,0.58,20005.32;1.074332
19999.85,0.58,20005.26;1.074332
19999.85,0.58,20005.22;1.074332
19999.85,0.58,20005.16;1.074332
19999.85,0.58,20005.12;1.074332
19999.85,0.58,20005.06;1.074332
19999.85,0.58,20005.01;1.060009
19999.85,0.58,20004.96;1.060009
19999.84,0.58,20004.91;1.060009
19999.84,0.58,20004.85;1.045686
19999.84,0.58,20004.8;1.045686
19999.84,0.58,20004.75;1.031364
19999.84,0.58,20004.71;1.031364
19999.84,0.58,20004.66;1.031364
19999.84,0.58,20004.62;1.031364
19999.84,0.58,20004.57;1.031364
19999.84,0.58,20004.53;1.031364
19999.84,0.58,20004.49;1.031364
19999.84,0.58,20004.45;1.031364
19999.83,0.58,20004.4;1.031364
19999.83,0.58,20004.35;1.031364
19999.83,0.58,20004.31;1.031364
19999.83,0.58,20004.27;1.031364
19999.83,0.58,20004.22;1.031364
19999.83,0.58,20004.18;1.031364
19999.83,0.58,20004.14;1.031364
19999.83,0.58,20004.1;1.031364
19999.83,0.58,20004.05;1.031364
19999.83,0.58,20004.01;1.031364
19999.83,0.58,20003.97;1.031364
19999.83,0.58,20003.92;1.031364
19999.83,0.58,20003.89;1.031364
19999.82,0.58,20003.85;1.031364
19999.82,0.58,20003.8;1.031364
19999.82,0.58,20003.76;1.031364
19999.82,0.58,20003.71;1.031364
19999.82,0.58,20003.66;1.031364
19999.82,0.58,20003.62;1.031364
19999.82,0.58,20003.57;1.031364
19999.82,0.58,20003.52;1.031364
19999.82,0.58,20003.48;1.031364
19999.82,0.58,20003.43;1.031364
19999.82,0.58,20003.38;1.031364
19999.82,0.58,20003.33;1.031364
19999.81,0.58,20003.28;1.031364
19999.81,0.58,20003.22;1.031364
19999.81,0.58,20003.18;1.031364
19999.81,0.58,20003.13;1.031364
19999.81,0.58,20003.08;1.031364
19999.81,0.58,20003.02;1.031364
19999.81,0.58,20002.97;1.031364
19999.81,0.58,20002.92;1.031364
19999.81,0.58,20002.87;1.031364
19999.81,0.58,20002.81;1.031364
19999.8,0.58,20002.76;1.031364
19999.8,0.58,20002.71;1.031364
19999.8,0.58,20002.66;1.031364
19999.8,0.58,20002.61;1.031364
19999.8,0.58,20002.56;1.031364
19999.8,0.58,20002.51;1.031364
19999.8,0.58,20002.47;1.031364
19999.8,0.58,20002.42;1.031364
19999.8,0.58,20002.38;1.031364
19999.8,0.58,20002.34;1.031364
19999.8,0.58,20002.3;1.031364
19999.8,0.58,20002.26;1.031364
19999.79,0.58,20002.21;1.031364
19999.79,0.58,20002.17;1.031364
19999.79,0.58,20002.12;1.031364
19999.79,0.58,20002.09;1.031364
19999.79,0.58,20002.05;1.031364
19999.79,0.58,20002.01;1.031364
19999.79,0.58,20001.97;1.031364
19999.79,0.58,20001.93;1.031364
19999.79,0.58,20001.9;1.031364
19999.79,0.58,20001.87;1.031364
19999.79,0.58,20001.83;1.017041
19999.79,0.58,20001.8;1.017041
19999.79,0.58,20001.78;1.017041
19999.79,0.58,20001.74;1.017041
19999.79,0.58,20001.72;1.017041
19999.79,0.58,20001.69;1.017041
19999.79,0.58,20001.66;1.002718
19999.79,0.58,20001.64;1.002718
19999.79,0.58,20001.62;0.9883946
19999.79,0.58,20001.6;0.9883946
19999.78,0.58,20001.58;0.9740716
19999.78,0.58,20001.56;0.9597485
19999.78,0.58,20001.54;0.9167797
19999.78,0.58,20001.52;0.9024566
19999.78,0.58,20001.51;0.8881336
19999.78,0.58,20001.49;0.8881336
19999.78,0.58,20001.48;0.8594876
19999.78,0.58,20001.46;0.8594876
19999.78,0.58,20001.45;0.8594876
19999.78,0.58,20001.43;0.8451645
19999.78,0.58,20001.42;0.8451645
19999.78,0.58,20001.41;0.8308416
19999.78,0.58,20001.39;0.8308416
19999.78,0.58,20001.38;0.8165185
19999.78,0.58,20001.37;0.8165185
19999.78,0.58,20001.36;0.8165185
19999.78,0.58,20001.34;0.8165185
19999.78,0.58,20001.33;0.8165185
19999.78,0.58,20001.32;0.8165185
19999.78,0.58,20001.31;0.8165185
19999.78,0.58,20001.3;0.8165185
19999.78,0.58,20001.29;0.8165185
19999.78,0.58,20001.28;0.8165185
19999.78,0.58,20001.27;0.8165185
19999.78,0.58,20001.25;0.8165185
19999.78,0.58,20001.24;0.8165185
19999.78,0.58,20001.23;0.8165185
19999.78,0.58,20001.21;0.8165185
19999.78,0.58,20001.2;0.8165185
19999.78,0.58,20001.19;0.8165185
19999.78,0.58,20001.18;0.8165185
19999.78,0.58,20001.16;0.8165185
19999.78,0.58,20001.15;0.8165185
19999.78,0.58,20001.13;0.8165185
19999.78,0.58,20001.12;0.8165185
19999.78,0.58,20001.1;0.8165185
19999.78,0.58,20001.08;0.8165185
19999.78,0.58,20001.06;0.8165185
19999.78,0.58,20001.04;0.8165185
19999.78,0.58,20001.02;0.8165185
19999.78,0.58,20001;0.8165185
19999.78,0.58,20000.98;0.8165185
19999.78,0.58,20000.96;0.8165185
19999.78,0.58,20000.94;0.8165185
19999.77,0.58,20000.91;0.8165185
19999.77,0.58,20000.89;0.8165185
19999.77,0.58,20000.87;0.8165185
19999.77,0.58,20000.85;0.8165185
19999.77,0.58,20000.82;0.8165185
19999.77,0.58,20000.8;0.8165185
19999.77,0.58,20000.78;0.7878725
19999.77,0.58,20000.76;0.7878725
19999.77,0.58,20000.73;0.7592266
19999.77,0.58,20000.71;0.7449035
19999.77,0.58,20000.69;0.7449035
19999.77,0.58,20000.67;0.7449035
19999.77,0.58,20000.64;0.7305805
19999.77,0.58,20000.62;0.7305805
19999.77,0.58,20000.59;0.7162575
19999.77,0.58,20000.56;0.7162575
19999.77,0.58,20000.54;0.7162575
19999.77,0.58,20000.51;0.7019346
19999.77,0.58,20000.49;0.7019346
19999.77,0.58,20000.46;0.7019346
19999.77,0.58,20000.44;0.7019346
19999.77,0.58,20000.42;0.6876116
19999.77,0.58,20000.39;0.6876116
19999.77,0.58,20000.37;0.6876116
19999.77,0.58,20000.35;0.6732885
19999.77,0.58,20000.32;0.6732885
19999.77,0.58,20000.3;0.6589656
19999.77,0.58,20000.28;0.6589656
19999.77,0.58,20000.25;0.6589656
19999.77,0.58,20000.23;0.6589656
19999.77,0.58,20000.21;0.6589656
19999.77,0.58,20000.19;0.6589656
19999.77,0.58,20000.16;0.6589656
19999.77,0.58,20000.14;0.6589656
19999.76,0.58,20000.12;0.6589656
19999.76,0.58,20000.09;0.6589656
19999.76,0.58,20000.07;0.6589656
19999.76,0.58,20000.05;0.6589656
19999.76,0.58,20000.03;0.6589656
19999.76,0.58,20000.01;0.6589656
19999.76,0.58,19999.98;0.6589656
19999.76,0.58,19999.96;0.6589656
19999.76,0.58,19999.94;0.6589656
19999.76,0.58,19999.92;0.6589656
19999.76,0.58,19999.9;0.6589656
19999.76,0.58,19999.88;0.6589656
19999.76,0.58,19999.86;0.6589656
19999.76,0.58,19999.84;0.6589656
19999.76,0.58,19999.82;0.6589656
19999.76,0.58,19999.81;0.6589656
19999.76,0.58,19999.8;0.6589656
19999.76,0.58,19999.79;0.6589656
19999.76,0.58,19999.78;0.6446425
19999.76,0.58,19999.77;0.6446425
19999.76,0.58,19999.76;0.6446425
19999.76,0.58,19999.75;0.6446425
19999.76,0.58,19999.74;0.6446425
19999.76,0.58,19999.72;0.6446425
19999.76,0.58,19999.71;0.6446425
19999.76,0.58,19999.7;0.6446425
19999.76,0.58,19999.69;0.6446425
19999.76,0.58,19999.69;0.6303196
19999.76,0.58,19999.68;0.6159966
19999.76,0.58,19999.68;0.6159966
19999.76,0.58,19999.67;0.6159966
19999.76,0.58,19999.67;0.6016735
19999.76,0.58,19999.67;0.6016735
19999.76,0.58,19999.67;0.5873505
19999.76,0.58,19999.67;0.5730276
19999.76,0.58,19999.67;0.5730276
19999.76,0.58,19999.67;0.5587047
19999.76,0.58,19999.68;0.5443817
19999.76,0.58,19999.69;0.5443817
19999.76,0.58,19999.7;0.5300586
19999.76,0.58,19999.71;0.5157357
19999.76,0.58,19999.72;0.5014126
19999.76,0.58,19999.73;0.5014126
19999.76,0.58,19999.75;0.5014126
19999.76,0.58,19999.76;0.4870897
19999.76,0.58,19999.78;0.4727667
19999.76,0.58,19999.79;0.4297977
19999.76,0.58,19999.81;0.4154747
19999.76,0.58,19999.83;0.3868287
19999.76,0.58,19999.85;0.3581827
19999.76,0.58,19999.86;0.3581827
19999.76,0.58,19999.88;0.3295367
19999.76,0.58,19999.9;0.3152137
19999.76,0.58,19999.91;0.3008907
19999.76,0.58,19999.93;0.3008907
19999.76,0.58,19999.94;0.3008907
19999.76,0.58,19999.96;0.3008907
19999.76,0.58,19999.97;0.3008907
19999.76,0.58,19999.98;0.3008907
19999.76,0.58,20000;0.3008907
19999.76,0.58,20000.01;0.3008907
19999.76,0.58,20000.03;0.2865678
19999.76,0.58,20000.04;0.2865678
19999.76,0.58,20000.05;0.2865678
19999.76,0.58,20000.06;0.2722448
19999.76,0.58,20000.08;0.2722448
19999.76,0.58,20000.09;0.2722448
19999.76,0.58,20000.1;0.2579218
19999.76,0.58,20000.11;0.2435988
19999.76,0.58,20000.12;0.2292758
19999.76,0.58,20000.12;0.2149528
19999.76,0.58,20000.12;0.2006298
19999.76,0.58,20000.12;0.1863068
19999.76,0.58,20000.13;0.1719838
19999.76,0.58,20000.13;0.1719838
19999.76,0.58,20000.13;0.1576608
19999.76,0.58,20000.14;0.1290148
19999.76,0.58,20000.14;0.1003688
19999.76,0.58,20000.14;0.08604585
19999.76,0.58,20000.15;0.08604585
19999.76,0.58,20000.15;0.07172286
19999.76,0.58,20000.15;0.07172286
19999.76,0.58,20000.15;0.05739986
19999.76,0.58,20000.15;0.05739986
19999.76,0.58,20000.15;0.05739986
19999.76,0.58,20000.15;0.04307687
19999.76,0.58,20000.15;0.04307687
19999.76,0.58,20000.15;0.02875388
19999.76,0.58,20000.15;0.02875388
19999.76,0.58,20000.15;0.02875388
19999.76,0.58,20000.15;0.02875388
19999.76,0.58,20000.15;0.02875388
19999.76,0.58,20000.15;0.02875388
19999.76,0.58,20000.15;0.02875388
19999.76,0.58,20000.15;0.02875388
19999.76,0.58,20000.15;0.02875388
19999.76,0.58,20000.15;0.02875388
19999.76,0.58,20000.16;0.02875388
19999.76,0.58,20000.16;0.02875388
19999.76,0.58,20000.17;0.02875388
19999.76,0.58,20000.18;0.02875388
19999.76,0.58,20000.19;0.02875388
19999.76,0.58,20000.2;0.02875388
19999.76,0.58,20000.21;0.02875388
19999.76,0.58,20000.22;0.02875388
19999.76,0.58,20000.23;0.02875388
19999.76,0.58,20000.24;0.02875388
19999.76,0.58,20000.25;0.02875388
19999.76,0.58,20000.27;0.01443088
19999.76,0.58,20000.28;0.01443088
19999.76,0.58,20000.29;0.01443088
19999.76,0.58,20000.29;0.01443088
19999.76,0.58,20000.3;0.01443088
19999.76,0.58,20000.32;0.01443088
19999.76,0.58,20000.33;0.0001078856
19999.76,0.58,20000.34;359.9715
19999.76,0.58,20000.36;359.9715
19999.76,0.58,20000.38;359.9572
19999.76,0.58,20000.39;359.9572
19999.76,0.58,20000.41;359.9428
19999.76,0.58,20000.43;359.9428
19999.76,0.58,20000.46;359.9142
19999.76,0.58,20000.48;359.8998
19999.76,0.58,20000.5;359.8998
19999.76,0.58,20000.53;359.8569
19999.76,0.58,20000.55;359.8569
19999.76,0.58,20000.58;359.8569
19999.76,0.58,20000.61;359.8569
19999.76,0.58,20000.64;359.8139
19999.76,0.58,20000.67;359.7852
19999.76,0.58,20000.7;359.7566
19999.76,0.58,20000.73;359.7423
19999.76,0.58,20000.77;359.7423
19999.76,0.58,20000.81;359.685
19999.76,0.58,20000.84;359.6563
19999.76,0.58,20000.88;359.642
19999.76,0.58,20000.91;359.6134
19999.76,0.58,20000.95;359.5847
19999.76,0.58,20000.98;359.5704
19999.76,0.58,20001.01;359.5418
19999.76,0.58,20001.05;359.5274
19999.76,0.58,20001.08;359.4845
19999.76,0.58,20001.11;359.4702
19999.76,0.58,20001.15;359.4415
19999.76,0.58,20001.18;359.4415
19999.76,0.58,20001.21;359.4129
19999.76,0.58,20001.24;359.3842
19999.76,0.58,20001.28;359.3412
19999.76,0.58,20001.31;359.284
19999.76,0.58,20001.34;359.241
19999.76,0.58,20001.35;359.2123
19999.76,0.58,20001.38;359.1837
19999.76,0.58,20001.41;359.1551
19999.76,0.58,20001.43;359.1264
19999.76,0.58,20001.43;359.0834
19999.75,0.58,20001.43;359.0548
19999.75,0.58,20001.44;359.0262
19999.75,0.58,20001.46;359.0262
19999.75,0.58,20001.47;358.9975
19999.75,0.58,20001.48;358.9832
19999.75,0.58,20001.49;358.9688
19999.75,0.58,20001.5;358.9259
19999.75,0.58,20001.51;358.8972
19999.75,0.58,20001.52;358.8686
19999.75,0.58,20001.53;358.8543
19999.75,0.58,20001.55;358.8543
19999.75,0.58,20001.57;358.8399
19999.75,0.58,20001.59;358.8399
19999.75,0.58,20001.61;358.8256
19999.75,0.58,20001.63;358.8113
19999.75,0.58,20001.63;358.797
19999.75,0.58,20001.64;358.7827
19999.75,0.58,20001.65;358.7827
19999.75,0.58,20001.66;358.7683
19999.75,0.58,20001.67;358.754
19999.75,0.58,20001.69;358.754
19999.75,0.58,20001.71;358.754
19999.75,0.58,20001.72;358.7397
19999.75,0.58,20001.73;358.7254
19999.75,0.58,20001.75;358.7254
19999.75,0.58,20001.76;358.7254
19999.75,0.58,20001.78;358.7254
19999.75,0.58,20001.79;358.7254
19999.75,0.58,20001.81;358.7254
19999.75,0.58,20001.83;358.7254
19999.75,0.58,20001.84