20000,0.5,20000;0
20000,0.58,19999.99;0
20000,0.58,19999.99;0
20000,0.58,19999.99;0
20000,0.58,19999.99;0
20000,0.58,19999.99;0
20000,0.58,19999.99;0
20000,0.58,19999.99;0
20000,0.58,19999.99;0
20000,0.58,19999.99;0
20000,0.58,19999.99;0
20000,0.58,19999.99;0
20000,0.58,19999.99;0
20000,0.58,19999.99;0
20000,0.58,19999.99;0
20000,0.58,19999.99;0
20000,0.58,19999.99;0
20000,0.58,19999.99;0
20000,0.58,19999.99;0
20000,0.58,19999.99;0
20000,0.58,19999.99;0
20000,0.58,19999.99;0
20000,0.58,19999.99;0
20000,0.58,19999.99;0
20000,0.58,19999.99;0
20000,0.58,19999.99;0
20000,0.58,19999.99;0
20000,0.58,19999.99;0
20000,0.58,19999.99;0
20000,0.58,19999.99;0
20000,0.58,19999.99;0
20000,0.58,19999.99;0
20000,0.58,19999.99;0
20000,0.58,19999.99;0
20000,0.58,19999.99;0
20000,0.58,19999.99;0
20000,0.58,19999.99;0
20000,0.58,19999.99;0
20000,0.58,19999.99;0
20000,0.58,19999.99;0
20000,0.58,19999.99;0
20000,0.58,19999.99;0
20000,0.58,19999.99;0
20000,0.58,19999.99;0
20000,0.58,19999.99;0
20000,0.58,19999.98;0
20000,0.58,19999.98;0
20000,0.58,19999.98;0
20000,0.58,19999.98;0
20000,0.58,19999.98;0
20000,0.58,19999.98;0
20000,0.58,19999.98;0
20000,0.58,19999.98;0
20000,0.58,19999.98;0
20000,0.58,19999.98;0
20000,0.58,19999.97;0
20000,0.58,19999.97;0
20000,0.58,19999.97;0
20000,0.58,19999.97;0
20000,0.58,19999.97;0
20000,0.58,19999.97;0
20000,0.58,19999.97;0
20000,0.58,19999.96;0
20000,0.58,19999.96;0
20000,0.58,19999.96;0
20000,0.58,19999.96;0
20000,0.58,19999.96;0
20000,0.58,19999.96;0
20000,0.58,19999.96;0
20000,0.58,19999.96;0
20000,0.58,19999.96;0
20000,0.58,19999.96;0
20000,0.58,19999.96;0
20000,0.58,19999.96;0
20000,0.58,19999.96;0
20000,0.58,19999.96;0
20000,0.58,19999.96;0
20000,0.58,19999.96;0
20000,0.58,19999.96;0
20000,0.58,19999.96;0
20000,0.58,19999.96;0
20000,0.58,19999.96;0
20000,0.58,19999.96;0
20000,0.58,19999.96;0
20000,0.58,19999.96;0
20000,0.58,19999.96;0
20000,0.58,19999.96;0
20000,0.58,19999.96;0
20000,0.58,19999.95;0
20000,0.58,19999.95;0
20000,0.58,19999.95;0
20000,0.58,19999.95;0
20000,0.58,19999.95;0
20000,0.58,19999.95;0
20000,0.58,19999.95;0
20000,0.58,19999.95;0
20000,0.58,19999.95;0
20000,0.58,19999.95;0
20000,0.58,19999.95;0
20000,0.58,19999.95;0
20000,0.58,19999.95;0
20000,0.58,19999.95;0
20000,0.58,19999.95;0
20000,0.58,19999.95;0
20000,0.58,19999.95;0
20000,0.58,19999.95;0
20000,0.58,19999.95;0
20000,0.58,19999.95;0
20000,0.58,19999.95;0
20000,0.58,19999.95;0
20000,0.58,19999.95;0
20000,0.58,19999.95;0
20000,0.58,19999.95;0
20000,0.58,19999.95;0
20000,0.58,19999.95;0
20000,0.58,19999.96;0
20000,0.58,19999.96;0
20000,0.58,19999.96;0
20000,0.58,19999.96;0
20000,0.58,19999.96;0
20000,0.58,19999.96;0
20000,0.58,19999.96;0
20000,0.58,19999.96;0
20000,0.58,19999.96;0
20000,0.58,19999.97;0
20000,0.58,19999.97;0
20000,0.58,19999.97;0
20000,0.58,19999.97;0
20000,0.58,19999.97;0
20000,0.58,19999.97;0
20000,0.58,19999.97;0
20000,0.58,19999.97;0
20000,0.58,19999.98;0
20000,0.58,19999.98;0
20000,0.58,19999.98;0
20000,0.58,19999.98;0
20000,0.58,19999.98;0
20000,0.58,19999.98;0
20000,0.58,19999.99;0
20000,0.58,19999.99;0
20000,0.58,19999.99;0
20000,0.58,19999.99;0
20000,0.58,19999.99;0
20000,0.58,20000;0
20000,0.58,20000;0
20000,0.58,20000;0
20000,0.58,20000.01;0
20000,0.58,20000.01;0
20000,0.58,20000.01;0
20000,0.58,20000.01;0
20000,0.58,20000.01;0
20000,0.58,20000.02;0
20000,0.58,20000.02;0
20000,0.58,20000.02;0
20000,0.58,20000.02;0
20000,0.58,20000.03;0
20000,0.58,20000.03;0
20000,0.58,20000.03;0
20000,0.58,20000.03;0
20000,0.58,20000.03;0
20000,0.58,20000.03;0
20000,0.58,20000.04;0
20000,0.58,20000.04;0
20000,0.58,20000.04;0
20000,0.58,20000.04;0
20000,0.58,20000.05;0
20000,0.58,20000.05;0
20000,0.58,20000.05;0
20000,0.58,20000.06;0
20000,0.58,20000.06;0
20000,0.58,20000.08;0
20000,0.58,20000.11;0
20000,0.58,20000.11;0
20000,0.58,20000.15;0
20000,0.58,20000.22;0
20000,0.58,20000.22;0
20000,0.58,20000.31;0
20000,0.58,20000.41;0
20000,0.58,20000.41;0
20000,0.58,20000.52;0
20000,0.58,20000.52;0
20000,0.58,20000.52;0
20000,0.58,20000.64;0
20000,0.58,20000.77;0
20000,0.58,20000.77;0
20000,0.58,20000.89;0
20000,0.58,20000.89;0
20000,0.58,20001.02;0
20000,0.58,20001.15;0
20000,0.58,20001.15;0
20000,0.58,20001.15;0
20000,0.58,20001.27;0
20000,0.58,20001.27;0
20000,0.58,20001.4;0
20000,0.58,20001.4;0
20000,0.58,20001.53;0
20000,0.58,20001.53;0
20000,0.58,20001.65;0
20000,0.58,20001.78;0
20000,0.58,20001.78;0
20000,0.58,20001.78;0
20000,0.58,20001.78;0
20000,0.58,20001.78;0
20000,0.58,20001.78;0
20000,0.58,20001.78;0
20000,0.58,20001.78;0
20000,0.58,20001.78;0
20000,0.58,20001.78;0
20000,0.58,20001.78;0
20000,0.58,20001.91;0
20000,0.58,20002.04;0
20000,0.58,20002.04;0
20000,0.58,20002.04;0
20000,0.58,20002.16;0
20000,0.58,20002.16;0
20000,0.58,20002.16;0
20000,0.58,20002.16;0
20000,0.58,20002.16;0
20000,0.58,20002.16;0
20000,0.58,20002.16;0
20000,0.58,20002.16;0
20000,0.58,20002.16;0
20000,0.58,20002.16;0
20000,0.58,20002.16;0
20000,0.58,20002.16;0
20000,0.58,20002.16;0
20000,0.58,20002.16;0
20000,0.58,20002.16;0
20000,0.58,20002.16;0
20000,0.58,20002.16;0
20000,0.58,20002.16;0
20000,0.58,20002.16;0
20000,0.58,20002.16;0
20000,0.58,20002.16;0
20000,0.58,20002.16;0
20000,0.58,20002.16;0
20000,0.58,20002.16;0
20000,0.58,20002.16;0
20000,0.58,20002.16;0
20000,0.58,20002.16;0
20000,0.58,20002.16;0
20000,0.58,20002.16;0
20000,0.58,20002.16;0
20000,0.58,20002.16;0
20000,0.58,20002.16;0
20000,0.58,20002.16;0
20000,0.58,20002.16;0
20000,0.58,20002.29;0
20000,0.58,20002.42;0
20000,0.58,20002.42;0
20000,0.58,20002.42;0
20000,0.58,20002.54;0
20000,0.58,20002.67;0
20000,0.58,20002.67;0
20000,0.58,20002.8;0
20000,0.58,20002.8;0
20000,0.58,20002.93;0
20000,0.58,20003.05;0
20000,0.58,20003.05;0
20000,0.58,20003.18;0
20000,0.58,20003.31;0
20000,0.58,20003.31;0
20000,0.58,20003.31;0
20000,0.58,20003.31;0
20000,0.58,20003.31;0
20000,0.58,20003.31;0
20000,0.58,20003.31;0
20000,0.58,20003.31;0
20000,0.58,20003.31;0
20000,0.58,20003.31;0
20000,0.58,20003.31;0
20000,0.58,20003.31;0
20000,0.58,20003.31;0
20000,0.58,20003.31;0
20000,0.58,20003.31;0
20000,0.58,20003.31;0
20000,0.58,20003.31;0
20000,0.58,20003.31;0
20000,0.58,20003.31;0
20000,0.58,20003.31;0
20000,0.58,20003.31;0
20000,0.58,20003.31;0
20000,0.58,20003.43;0
20000,0.58,20003.55;0
20000,0.58,20003.55;0
20000,0.58,20003.67;0
20000,0.58,20003.79;0
20000,0.58,20003.79;0
20000,0.58,20003.91;0
20000,0.58,20004.03;0
20000,0.58,20004.14;0
20000,0.58,20004.14;0
20000,0.58,20004.25;0
20000,0.58,20004.36;0
20000,0.58,20004.36;0
20000,0.58,20004.47;0
20000,0.58,20004.58;0
20000,0.58,20004.58;0
20000,0.58,20004.69;0
20000,0.58,20004.81;0
20000,0.58,20004.81;0
20000,0.58,20004.92;0
20000,0.58,20005.04;0
20000,0.58,20005.04;0
20000,0.58,20005.15;0
20000,0.58,20005.27;0
20000,0.58,20005.27;0
20000,0.58,20005.38;0
20000,0.58,20005.5;0
20000,0.58,20005.62;0
20000,0.58,20005.73;0
20000,0.58,20005.73;0
20000,0.58,20005.85;0
20000,0.58,20005.97;0
20000,0.58,20005.97;0
20000,0.58,20006.08;0
20000,0.58,20006.2;0
20000,0.58,20006.2;0
20000,0.58,20006.32;0
20000,0.58,20006.32;0
20000,0.58,20006.43;0
20000,0.58,20006.55;0
20000,0.58,20006.55;0
20000,0.58,20006.66;0
20000,0.58,20006.78;0
20000,0.58,20006.78;0
20000,0.58,20006.89;0
20000,0.58,20007.01;0
20000,0.58,20007.12;0
20000,0.58,20007.12;0
20000,0.58,20007.23;0
20000,0.58,20007.34;0
20000,0.58,20007.34;0
20000,0.58,20007.45;0
20000,0.58,20007.45;0
20000,0.58,20007.55;0
20000,0.58,20007.65;0
20000,0.58,20007.74;0
20000,0.58,20007.74;0
20000,0.58,20007.84;0
20000,0.58,20007.84;0
20000,0.58,20007.93;0
20000,0.58,20008.02;0
20000,0.58,20008.12;0
20000,0.58,20008.12;0
20000,0.58,20008.21;0
20000,0.58,20008.31;0
20000,0.58,20008.31;0
20000,0.58,20008.4;0
20000,0.58,20008.5;0
20000,0.58,20008.5;0
20000,0.58,20008.59;0
20000,0.58,20008.69;0
20000,0.58,20008.69;0
20000,0.58,20008.78;0
20000,0.58,20008.88;0
20000,0.58,20008.88;0
20000,0.58,20008.97;0
20000,0.58,20009.06;0
20000,0.58,20009.06;0
20000,0.58,20009.16;0
20000,0.58,20009.25;0
20000,0.58,20009.25;0
20000,0.58,20009.35;0
20000,0.58,20009.44;0
20000,0.58,20009.44;0
20000,0.58,20009.53;0
20000,0.58,20009.62;0
20000,0.58,20009.62;0
20000,0.58,20009.71;0
20000,0.58,20009.71;0
20000,0.58,20009.79;0
20000,0.58,20009.87;0
20000,0.58,20009.87;0
20000,0.58,20009.96;0
20000,0.58,20010.04;0
20000,0.58,20010.04;0
20000,0.58,20010.11;0
20000,0.58,20010.19;0
20000,0.58,20010.19;0
20000,0.58,20010.27;0
20000,0.58,20010.27;0
20000,0.58,20010.35;0
20000,0.58,20010.43;0
20000,0.58,20010.43;0
20000,0.58,20010.5;0
20000,0.58,20010.58;0
20000,0.58,20010.58;0
20000,0.58,20010.66;0
20000,0.58,20010.74;0
20000,0.58,20010.81;0
20000,0.58,20010.89;0
20000,0.58,20010.96;0
20000,0.58,20010.96;0
20000,0.58,20011.03;0
20000,0.58,20011.03;0
20000,0.58,20011.03;0
20000,0.58,20011.03;0
20000,0.58,20011.03;0
20000,0.58,20011.03;0
20000,0.58,20011.03;0
20000,0.58,20011.03;0
20000,0.58,20011.03;0
20000,0.58,20011.03;0
20000,0.58,20011.03;0
20000,0.58,20011.03;0
20000,0.58,20011.03;0
20000,0.58,20011.03;0
20000,0.58,20011.03;0
20000,0.58,20011.03;0
20000,0.58,20011.03;0
20000,0.58,20011.03;0
20000,0.58,20011.03;0
20000,0.58,20011.03;0
20000,0.58,20011.1;0
20000,0.58,20011.17;0
20000,0.58,20011.17;0
20000,0.58,20011.24;0
20000,0.58,20011.31;0
20000,0.58,20011.31;0
20000,0.58,20011.38;0
20000,0.58,20011.44;0
20000,0.58,20011.44;0
20000,0.58,20011.5;0
20000,0.58,20011.57;0
20000,0.58,20011.63;0
20000,0.58,20011.69;0
20000,0.58,20011.76;0
20000,0.58,20011.76;0
20000,0.58,20011.82;0
20000,0.58,20011.88;0
20000,0.58,20011.88;0
20000,0.58,20011.94;0
20000,0.58,20011.94;0
20000,0.58,20012.01;0
20000,0.58,20012.07;0
20000,0.58,20012.13;0
20000,0.58,20012.13;0
20000,0.58,20012.19;0
20000,0.58,20012.19;0
20000,0.58,20012.25;0
20000,0.58,20012.31;0
20000,0.58,20012.37;0
20000,0.58,20012.43;0
20000,0.58,20012.48;0
20000,0.58,20012.48;0
20000,0.58,20012.52;0
20000,0.58,20012.56;0
20000,0.58,20012.56;0
20000,0.58,20012.61;0
20000,0.58,20012.65;0
20000,0.58,20012.65;0
20000,0.58,20012.71;0
20000,0.58,20012.77;0
20000,0.58,20012.83;0
20000,0.58,20012.89;0
20000,0.58,20012.95;0
20000,0.58,20012.95;0
20000,0.58,20013.01;0
20000,0.58,20013.01;0
20000,0.58,20013.07;0
20000,0.58,20013.13;0
20000,0.58,20013.13;0
20000,0.58,20013.2;0
20000,0.58,20013.26;0
20000,0.58,20013.26;0
20000,0.58,20013.33;0
20000,0.58,20013.4;0
20000,0.58,20013.4;0
20000,0.58,20013.47;0
20000,0.58,20013.54;0
20000,0.58,20013.54;0
20000,0.58,20013.61;0
20000,0.58,20013.68;0
20000,0.58,20013.68;0
20000,0.58,20013.75;0
20000,0.58,20013.82;0
20000,0.58,20013.82;0
20000,0.58,20013.89;0
20000,0.58,20013.97;0
20000,0.58,20013.97;0
20000,0.58,20014.04;0
20000,0.58,20014.12;0
20000,0.58,20014.12;0
20000,0.58,20014.2;0
20000,0.58,20014.28;0
20000,0.58,20014.28;0
20000,0.58,20014.36;0
20000,0.58,20014.44;0
20000,0.58,20014.52;0
20000,0.58,20014.6;0
20000,0.58,20014.6;0
20000,0.58,20014.7;0
20000,0.58,20014.8;0
20000,0.58,20014.8;0
20000,0.58,20014.92;0
20000,0.58,20015.04;0
20000,0.58,20015.04;0
20000,0.58,20015.04;0
20000,0.58,20015.04;0
20000,0.58,20015.04;0
20000,0.58,20015.04;0
20000,0.58,20015.04;0
20000,0.58,20015.04;0
20000,0.58,20015.04;0
20000,0.58,20015.04;0
20000,0.58,20015.04;0
20000,0.58,20015.04;0
20000,0.58,20015.04;0
20000,0.58,20015.04;0
20000,0.58,20015.04;0
20000,0.58,20015.04;0
20000,0.58,20015.04;0
20000,0.58,20015.04;0
20000,0.58,20015.04;0
20000,0.58,20015.04;0
20000,0.58,20015.04;0
20000,0.58,20015.04;0
20000,0.58,20015.04;0
20000,0.58,20015.04;0
20000,0.58,20015.04;0
20000,0.58,20015.04;0
20000,0.58,20015.04;0
20000,0.58,20015.04;0
20000,0.58,20015.04;0
20000,0.58,20015.04;0
20000,0.58,20015.04;0
20000,0.58,20015.17;0
20000,0.58,20015.17;0
20000,0.58,20015.3;0
20000,0.58,20015.43;0
20000,0.58,20015.43;0
20000,0.58,20015.55;0
20000,0.58,20015.68;0
20000,0.58,20015.68;0
20000,0.58,20015.81;0
20000,0.58,20015.93;0
20000,0.58,20016.06;0
20000,0.58,20016.06;0
20000,0.58,20016.19;0
20000,0.58,20016.19;0
20000,0.58,20016.31;0
20000,0.58,20016.31;0
20000,0.58,20016.44;0
20000,0.58,20016.57;0
20000,0.58,20016.7;0
20000,0.58,20016.7;0
20000,0.58,20016.82;0
20000,0.58,20016.95;0
20000,0.58,20016.95;0
20000,0.58,20017.08;0
20000,0.58,20017.08;0
20000,0.58,20017.2;0
20000,0.58,20017.33;0
20000,0.58,20017.33;0
20000,0.58,20017.46;0
20000,0.58,20017.58;0
20000,0.58,20017.58;0
20000,0.58,20017.71;0
20000,0.58,20017.84;0
20000,0.58,20017.84;0
20000,0.58,20017.96;0
20000,0.58,20018.09;0
20000,0.58,20018.09;0
20000,0.58,20018.22;0
20000,0.58,20018.22;0
20000,0.58,20018.35;0
20000,0.58,20018.47;0
20000,0.58,20018.47;0
20000,0.58,20018.6;0
20000,0.58,20018.73;0
20000,0.58,20018.85;0
20000,0.58,20018.85;0
20000,0.58,20018.98;0
20000,0.58,20019.11;0
20000,0.58,20019.11;0
20000,0.58,20019.23;0
20000,0.58,20019.36;0
20000,0.58,20019.36;0
20000,0.58,20019.49;0
20000,0.58,20019.62;0
20000,0.58,20019.62;0
20000,0.58,20019.62;0
20000,0.58,20019.74;0
20000,0.58,20019.74;0
20000,0.58,20019.74;0
20000,0.58,20019.87;0
20000,0.58,20019.87;0
20000,0.58,20019.87;0
20000,0.58,20019.87;0
20000,0.58,20019.87;0
20000,0.58,20019.87;0
20000,0.58,20019.87;0
20000,0.58,20019.87;0
20000,0.58,20019.87;0
20000,0.58,20019.87;0
20000,0.58,20019.87;0
20000,0.58,20019.87;0
20000,0.58,20019.87;0
20000,0.58,20019.87;0
20000,0.58,20019.87;0
20000,0.58,20019.87;0
20000,0.58,20019.87;0
20000,0.58,20019.87;0
20000,0.58,20019.87;0
20000,0.58,20019.87;0
20000,0.58,20019.87;0
20000,0.58,20019.87;0
20000,0.58,20019.87;0
20000,0.58,20019.87;0
20000,0.58,20019.87;0
20000,0.58,20019.87;0
20000,0.58,20019.87;0
20000,0.58,20019.87;0
20000,0.58,20019.87;0
20000,0.58,20020;0
20000,0.58,20020;0
20000,0.58,20020.13;0
20000,0.58,20020.25;0
20000,0.58,20020.25;0
20000,0.58,20020.38;0
20000,0.58,20020.51;0
20000,0.58,20020.63;0
20000,0.58,20020.63;0
20000,0.58,20020.76;0
20000,0.58,20020.89;0
20000,0.58,20020.89;0
20000,0.58,20021.01;0
20000,0.58,20021.14;0
20000,0.58,20021.14;0
20000,0.58,20021.27;0
20000,0.58,20021.39;0
20000,0.58,20021.39;0
20000,0.58,20021.52;0
20000,0.58,20021.65;0
20000,0.58,20021.65;0
20000,0.58,20021.78;0
20000,0.58,20021.9;0
20000,0.58,20021.9;0
20000,0.58,20022.03;0
20000,0.58,20022.16;0
20000,0.58,20022.16;0
20000,0.58,20022.28;0
20000,0.58,20022.41;0
20000,0.58,20022.54;0
20000,0.58,20022.54;0
20000,0.58,20022.66;0
20000,0.58,20022.79;0
20000,0.58,20022.79;0
20000,0.58,20022.92;0
20000,0.58,20023.04;0
20000,0.58,20023.04;0
20000,0.58,20023.17;0
20000,0.58,20023.3;0
20000,0.58,20023.3;0
20000,0.58,20023.43;0
20000,0.58,20023.55;0
20000,0.58,20023.55;0
20000,0.58,20023.68;0
20000,0.58,20023.81;0
20000,0.58,20023.93;0
20000,0.58,20023.93;0
20000,0.58,20024.06;0
20000,0.58,20024.19;0
20000,0.58,20024.19;0
20000,0.58,20024.31;0
20000,0.58,20024.31;0
20000,0.58,20024.31;0
20000,0.58,20024.31;0
20000,0.58,20024.31;0
20000,0.58,20024.31;0
20000,0.58,20024.31;0
20000,0.58,20024.31;0
20000,0.58,20024.31;0
20000,0.58,20024.31;0
20000,0.58,20024.31;0
20000,0.58,20024.31;0
20000,0.58,20024.31;0
20000,0.58,20024.44;0
20000,0.58,20024.44;0
20000,0.58,20024.57;0
20000,0.58,20024.57;0
20000,0.58,20024.57;0
20000,0.58,20024.57;0
20000,0.58,20024.57;0
20000,0.58,20024.57;0
20000,0.58,20024.57;0
20000,0.58,20024.57;0
20000,0.58,20024.57;0
20000,0.58,20024.57;0
20000,0.58,20024.57;0
20000,0.58,20024.57;0
20000,0.58,20024.57;0
20000,0.58,20024.57;0
20000,0.58,20024.57;0
20000,0.58,20024.57;0
20000,0.58,20024.57;0
20000,0.58,20024.57;0
20000,0.58,20024.57;0
20000,0.58,20024.57;0
20000,0.58,20024.57;0
20000,0.58,20024.57;0
20000,0.58,20024.57;0
20000,0.58,20024.57;0
20000,0.58,20024.57;0
20000,0.58,20024.57;0
20000,0.58,20024.7;0
20000,0.58,20024.82;0
20000,0.58,20024.95;0
20000,0.58,20024.95;0
20000,0.58,20025.08;0
20000,0.58,20025.21;0
20000,0.58,20025.21;0
20000,0.58,20025.33;0
20000,0.58,20025.46;0
20000,0.58,20025.46;0
20000,0.58,20025.59;0
20000,0.58,20025.71;0
20000,0.58,20025.71;0
20000,0.58,20025.84;0
20000,0.58,20025.97;0
20000,0.58,20026.09;0
20000,0.58,20026.09;0
20000,0.58,20026.22;0
20000,0.58,20026.35;0
20000,0.58,20026.35;0
20000,0.58,20026.47;0
20000,0.58,20026.47;0
20000,0.58,20026.6;0
20000,0.58,20026.73;0
20000,0.58,20026.73;0
20000,0.58,20026.86;0
20000,0.58,20026.98;0
20000,0.58,20026.98;0
20000,0.58,20027.11;0
20000,0.58,20027.11;0
20000,0.58,20027.24;0
20000,0.58,20027.36;0
20000,0.58,20027.36;0
20000,0.58,20027.49;0
20000,0.58,20027.62;0
20000,0.58,20027.62;0
20000,0.58,20027.74;0
20000,0.58,20027.87;0
20000,0.58,20027.87;0
20000,0.58,20028;0
20000,0.58,20028;0
20000,0.58,20028.13;0
20000,0.58,20028.25;0
20000,0.58,20028.25;0
20000,0.58,20028.38;0
20000,0.58,20028.38;0
20000,0.58,20028.51;0
20000,0.58,20028.63;0
20000,0.58,20028.76;0
20000,0.58,20028.89;0
20000,0.58,20029.01;0
20000,0.58,20029.01;0
20000,0.58,20029.14;0
20000,0.58,20029.27;0
20000,0.58,20029.27;0
20000,0.58,20029.39;0
20000,0.58,20029.52;0
20000,0.58,20029.52;0
20000,0.58,20029.65;0
20000,0.58,20029.78;0
20000,0.58,20029.78;0
20000,0.58,20029.9;0
20000,0.58,20029.9;0
20000,0.58,20029.9;0
20000,0.58,20030.03;0
20000,0.58,20030.03;0
20000,0.58,20030.03;0
20000,0.58,20030.03;0
20000,0.58,20030.03;0
20000,0.58,20030.03;0
20000,0.58,20030.03;0
20000,0.58,20030.03;0
20000,0.58,20030.03;0
20000,0.58,20030.03;0
20000,0.58,20030.03;0
20000,0.58,20030.03;0
20000,0.58,20030.03;0
20000,0.58,20030.03;0
20000,0.58,20030.03;0
20000,0.58,20030.03;0
20000,0.58,20030.03;0
20000,0.58,20030.03;0
20000,0.58,20030.03;0
20000,0.58,20030.03;0
20000,0.58,20030.03;0
20000,0.58,20030.03;0
20000,0.58,20030.03;0
20000,0.58,20030.03;0
20000,0.58,20030.03;0
20000,0.58,20030.03;0
20000,0.58,20030.03;0
20000,0.58,20030.03;0
20000,0.58,20030.03;0
20000,0.58,20030.03;0
20000,0.58,20030.03;0
20000,0.58,20030.16;0
20000,0.58,20030.16;0
20000,0.58,20030.28;0
20000,0.58,20030.41;0
20000,0.58,20030.41;0
20000,0.58,20030.54;0
20000,0.58,20030.54;0
20000,0.58,20030.54;0
20000,0.58,20030.67;0
20000,0.58,20030.79;0
20000,0.58,20030.79;0
20000,0.58,20030.92;0
20000,0.58,20031.05;0
20000,0.58,20031.05;0
20000,0.58,20031.17;0
20000,0.58,20031.3;0
20000,0.58,20031.3;0
20000,0.58,20031.43;0
20000,0.58,20031.55;0
20000,0.58,20031.55;0
20000,0.58,20031.68;0
20000,0.58,20031.81;0
20000,0.58,20031.81;0
20000,0.58,20031.94;0
20000,0.58,20031.94;0
20000,0.58,20032.06;0
20000,0.58,20032.19;0
20000,0.58,20032.19;0
20000,0.58,20032.32;0
20000,0.58,20032.44;0
20000,0.58,20032.44;0
20000,0.58,20032.57;0
20000,0.58,20032.57;0
20000,0.58,20032.7;0
20000,0.58,20032.82;0
20000,0.58,20032.95;0
20000,0.58,20033.08;0
20000,0.58,20033.21;0
20000,0.58,20033.21;0
20000,0.58,20033.33;0
20000,0.58,20033.46;0
20000,0.58,20033.46;0
20000,0.58,20033.59;0
20000,0.58,20033.71;0
20000,0.58,20033.71;0
20000,0.58,20033.84;0
20000,0.58,20033.97;0
20000,0.58,20033.97;0
20000,0.58,20034.09;0
20000,0.58,20034.09;0
20000,0.58,20034.09;0
20000,0.58,20034.22;0
20000,0.58,20034.35;0
20000,0.58,20034.35;0
20000,0.58,20034.47;0
20000,0.58,20034.6;0
20000,0.58,20034.6;0
20000,0.58,20034.73;0
20000,0.58,20034.86;0
20000,0.58,20034.86;0
20000,0.58,20034.98;0
20000,0.58,20034.98;0
20000,0.58,20034.98;0
20000,0.58,20035.11;0
20000,0.58,20035.24;0
20000,0.58,20035.24;0
20000,0.58,20035.36;0
20000,0.58,20035.36;0
20000,0.58,20035.36;0
20000,0.58,20035.36;0
20000,0.58,20035.36;0
20000,0.58,20035.36;0
20000,0.58,20035.36;0
20000,0.58,20035.36;0
20000,0.58,20035.36;0
20000,0.58,20035.36;0
20000,0.58,20035.36;0
20000,0.58,20035.36;0
20000,0.58,20035.36;0
20000,0.58,20035.36;0
20000,0.58,20035.36;0
20000,0.58,20035.36;0
20000,0.58,20035.36;0
20000,0.58,20035.36;0
20000,0.58,20035.36;0
20000,0.58,20035.36;0
20000,0.58,20035.36;0
20000,0.58,20035.36;0
20000,0.58,20035.36;0
20000,0.58,20035.36;0
20000,0.58,20035.36;0
20000,0.58,20035.36;0
20000,0.58,20035.36;0
20000,0.58,20035.36;0
20000,0.58,20035.36;0
20000,0.58,20035.36;0
20000,0.58,20035.36;0
20000,0.58,20035.36;0
20000,0.58,20035.36;0
20000,0.58,20035.36;0
20000,0.58,20035.36;0
20000,0.58,20035.36;0
20000,0.58,20035.36;0
20000,0.58,20035.36;0
20000,0.58,20035.36;0
20000,0.58,20035.49;0
20000,0.58,20035.49;0
20000,0.58,20035.62;0
20000,0.58,20035.75;0
20000,0.58,20035.87;0
20000,0.58,20035.87;0
20000,0.58,20036;0
20000,0.58,20036;0
20000,0.58,20036.13;0
20000,0.58,20036.25;0
20000,0.58,20036.38;0
20000,0.58,20036.38;0
20000,0.58,20036.51;0
20000,0.58,20036.51;0
20000,0.58,20036.63;0
20000,0.58,20036.76;0
20000,0.58,20036.76;0
20000,0.58,20036.89;0
20000,0.58,20037.02;0
20000,0.58,20037.02;0
20000,0.58,20037.14;0
20000,0.58,20037.27;0
20000,0.58,20037.4;0
20000,0.58,20037.4;0
20000,0.58,20037.52;0
20000,0.58,20037.65;0
20000,0.58,20037.65;0
20000,0.58,20037.78;0
20000,0.58,20037.9;0
20000,0.58,20037.9;0
20000,0.58,20038.03;0
20000,0.58,20038.16;0
20000,0.58,20038.16;0
20000,0.58,20038.29;0
20000,0.58,20038.41;0
20000,0.58,20038.41;0
20000,0.58,20038.54;0
20000,0.58,20038.67;0
20000,0.58,20038.79;0
20000,0.58,20038.79;0
20000,0.58,20038.92;0
20000,0.58,20039.05;0
20000,0.58,20039.05;0
20000,0.58,20039.17;0
20000,0.58,20039.3;0
20000,0.58,20039.3;0
20000,0.58,20039.43;0
20000,0.58,20039.55;0
20000,0.58,20039.55;0
20000,0.58,20039.68;0
20000,0.58,20039.81;0
20000,0.58,20039.81;0
20000,0.58,20039.94;0
20000,0.58,20040.06;0
20000,0.58,20040.19;0
20000,0.58,20040.19;0
20000,0.58,20040.32;0
20000,0.58,20040.44;0
20000,0.58,20040.44;0
20000,0.58,20040.57;0
20000,0.58,20040.7;0
20000,0.58,20040.7;0
20000,0.58,20040.82;0
20000,0.58,20040.95;0
20000,0.58,20040.95;0
20000,0.58,20041.08;0
20000,0.58,20041.21;0
20000,0.58,20041.21;0
20000,0.58,20041.33;0
20000,0.58,20041.33;0
20000,0.58,20041.33;0
20000,0.58,20041.33;0
20000,0.58,20041.46;0
20000,0.58,20041.46;0
20000,0.58,20041.46;0
20000,0.58,20041.46;0
20000,0.58,20041.46;0
20000,0.58,20041.46;0
20000,0.58,20041.46;0
20000,0.58,20041.46;0
20000,0.58,20041.46;0
20000,0.58,20041.46;0
20000,0.58,20041.46;0
20000,0.58,20041.46;0
20000,0.58,20041.46;0
20000,0.58,20041.46;0
20000,0.58,20041.46;0
20000,0.58,20041.46;0
20000,0.58,20041.46;0
20000,0.58,20041.46;0
20000,0.58,20041.46;0
20000,0.58,20041.46;0
20000,0.58,20041.46;0
20000,0.58,20041.46;0
20000,0.58,20041.46;0
20000,0.58,20041.46;0
20000,0.58,20041.46;0
20000,0.58,20041.46;0
20000,0.58,20041.46;0
20000,0.58,20041.46;0
20000,0.58,20041.46;0
20000,0.58,20041.46;0
20000,0.58,20041.59;0
20000,0.58,20041.59;0
20000,0.58,20041.59;0
20000,0.58,20041.59;0
20000,0.58,20041.59;0
20000,0.58,20041.59;0
20000,0.58,20041.71;0
20000,0.58,20041.84;0
20000,0.58,20041.97;0
20000,0.58,20042.1;0
20000,0.58,20042.1;0
20000,0.58,20042.1;0
20000,0.58,20042.1;0
20000,0.58,20042.22;0
20000,0.58,20042.35;0
20000,0.58,20042.35;0
20000,0.58,20042.48;0
20000,0.58,20042.6;0
20000,0.58,20042.6;0
20000,0.58,20042.73;0
20000,0.58,20042.86;0
20000,0.58,20042.86;0
20000,0.58,20042.98;0
20000,0.58,20043.11;0
20000,0.58,20043.11;0
20000,0.58,20043.24;0
20000,0.58,20043.37;0
20000,0.58,20043.37;0
20000,0.58,20043.49;0
20000,0.58,20043.62;0
20000,0.58,20043.62;0
20000,0.58,20043.75;0
20000,0.58,20043.87;0
20000,0.58,20044;0
20000,0.58,20044.13;0
20000,0.58,20044.13;0
20000,0.58,20044.25;0
20000,0.58,20044.38;0
20000,0.58,20044.38;0
20000,0.58,20044.51;0
20000,0.58,20044.63;0
20000,0.58,20044.76;0
20000,0.58,20044.76;0
20000,0.58,20044.89;0
20000,0.58,20044.89;0
20000,0.58,20045.02;0
20000,0.58,20045.14;0
20000,0.58,20045.14;0
20000,0.58,20045.27;0
20000,0.58,20045.4;0
20000,0.58,20045.4;0
20000,0.58,20045.52;0
20000,0.58,20045.52;0
20000,0.58,20045.65;0
20000,0.58,20045.78;0
20000,0.58,20045.9;0
20000,0.58,20045.9;0
20000,0.58,20046.03;0
20000,0.58,20046.16;0
20000,0.58,20046.16;0
20000,0.58,20046.29;0
20000,0.58,20046.41;0
20000,0.58,20046.41;0
20000,0.58,20046.54;0
20000,0.58,20046.67;0
20000,0.58,20046.67;0
20000,0.58,20046.79;0
20000,0.58,20046.92;0
20000,0.58,20046.92;0
20000,0.58,20047.05;0
20000,0.58,20047.18;0
20000,0.58,20047.18;0
20000,0.58,20047.3;0
20000,0.58,20047.43;0
20000,0.58,20047.56;0
20000,0.58,20047.56;0
