20000,0.5,20000;0
20000.28,0.58,20002;0
20000.28,0.58,20002;0
20000.28,0.58,20002;0
20000.28,0.58,20002;0
20001.72,0.58,20002;0
20001.72,0.58,20002;0
20001.72,0.58,20002;0
20001.72,0.58,20002;0
20001.72,0.58,20002;0
20001.72,0.58,20002;0
20001.72,0.58,20002;0
20001.72,0.58,20002;0
20001.72,0.58,20002;0
20001.72,0.58,20002;0
20001.72,0.58,20002;0
20001.72,0.58,20002;0
20001.72,0.58,20002;0
20001.72,0.58,20002;0
20001.72,0.58,20002;0
20001.72,0.58,20002;0
20001.72,0.58,20002;0
20001.72,0.58,20002;0
20001.72,0.58,20002;0
20001.72,0.58,20002;0
20001.72,0.58,20002;0
20001.72,0.58,20002;0
20001.72,0.58,20002;0
20001.72,0.58,20002;0
20001.72,0.58,20002;0
20001.72,0.58,20002;0
20001.72,0.58,20002;0
20001.72,0.58,20002;0
20001.72,0.58,20002;0
20001.72,0.58,20002;0
20001.72,0.58,20002;0
20001.72,0.58,20002;0
20001.72,0.58,20002;0
20001.72,0.58,20002;0
20001.72,0.58,20002;0
20001.72,0.58,20002;0
20001.72,0.58,20002;0
20001.72,0.58,20002;0
20001.72,0.58,20002;0
19999.72,0.58,20002;0
19998.28,0.58,20002;0
19998.28,0.58,20002;0
19998.28,0.58,20002;0
19998.28,0.58,20002;0
19998.28,0.58,20002;0
19998.28,0.58,20002;0
19998.28,0.58,20002;0
19998.28,0.58,20002;0
19998.28,0.58,20002;0
19998.28,0.58,20002;0
19998.28,0.58,20002;0
19998.28,0.58,20002;0
19998.28,0.58,20002;0
19998.28,0.58,20002;0
19998.28,0.58,20002;0
19998.28,0.58,20002;0
19998.28,0.58,20002;0
19998.28,0.58,20002;0
19998.28,0.58,20002;0
19998.28,0.58,20002;0
19998.28,0.58,20002;0
19998.28,0.58,20002;0
19998.28,0.58,20002;0
19998.28,0.58,20002;0
19998.28,0.58,20002;0
19998.28,0.58,20002;0
19998.28,0.58,20002;0
19998.28,0.58,20002;0
19998.28,0.58,20002;0
19998.28,0.58,20002;0
19998.28,0.58,20002;0
19998.28,0.58,20002;0
19998.28,0.58,20002;0
19998.28,0.58,20002;0
19998.28,0.58,20002;0
19998.28,0.58,20002;0
19998.28,0.58,20002;0
19998.28,0.58,20002;0
19998.28,0.58,20002;0
19998.28,0.58,20002;0
19998.28,0.58,20000;0
19998.28,0.58,19998.28;0
19998.28,0.58,19998.28;0
19998.28,0.58,19998.28;0
19998.28,0.58,19998.28;0
19998.28,0.58,19998.28;0
19998.28,0.58,19998.28;0
19998.28,0.58,19998.28;0
19998.28,0.58,19998.28;0
19998.28,0.58,19998.28;0
19998.28,0.58,19998.28;0
19998.28,0.58,19998.28;0
19998.28,0.58,19998.28;0
19998.28,0.58,19998.28;0
19998.28,0.58,19998.28;0
19998.28,0.58,19998.28;0
19998.28,0.58,19998.28;0
19998.28,0.58,19998.28;0
19998.28,0.58,19998.28;0
19998.28,0.58,19998.28;0
19998.28,0.58,19998.28;0
19998.28,0.58,19998.28;0
19998.28,0.58,19998.28;0
19998.28,0.58,19998.28;0
19998.28,0.58,19998.28;0
19998.28,0.58,19998.28;0
19998.28,0.58,19998.28;0
19998.28,0.58,19998.28;0
19998.28,0.58,19998.28;0
19998.28,0.58,19998.28;0
19998.28,0.58,19998.28;0
19998.28,0.58,19998.28;0
19998.28,0.58,19998.28;0
19998.28,0.58,19998.28;0
19998.28,0.58,19998.28;0
19998.28,0.58,19998.28;0
19998.28,0.58,19998.28;0
19998.28,0.58,19998.28;0
19998.28,0.58,19998.28;0
19998.28,0.58,19998.28;0
19998.28,0.58,20000.28;0
19998.28,0.58,20002.28;0
19998.28,0.58,20004.28;0
19998.28,0.58,20006.28;0
19998.28,0.58,20008.28;0
19998.28,0.58,20010.28;0
19998.28,0.58,20012.28;0
19998.28,0.58,20014.28;0
19998.28,0.58,20016.28;0
19998.28,0.58,20018.28;0
19998.28,0.58,20020.28;0
19998.28,0.58,20022.28;0
19998.28,0.58,20024.28;0
19998.28,0.58,20026.28;0
19998.28,0.58,20028.28;0
19998.28,0.58,20030.28;0
19998.28,0.58,20032.28;0
19998.28,0.58,20034.28;0
19998.28,0.58,20036.28;0
19998.28,0.58,20038.28;0
19998.28,0.58,20040.28;0
19998.28,0.58,20042.28;0
19998.28,0.58,20044.28;0
19998.28,0.58,20045.72;0
19998.28,0.58,20045.72;0
19998.28,0.58,20045.72;0
19998.28,0.58,20045.72;0
19998.28,0.58,20045.72;0
19998.28,0.58,20045.72;0
19998.28,0.58,20045.72;0
19998.28,0.58,20045.72;0
19998.28,0.58,20045.72;0
19998.28,0.58,20045.72;0
19998.28,0.58,20045.72;0
19998.28,0.58,20045.72;0
19998.28,0.58,20045.72;0
19998.28,0.58,20045.72;0
19998.28,0.58,20045.72;0
19998.28,0.58,20045.72;0
19998.28,0.58,20045.72;0
19998.28,0.58,20045.72;0
19998.28,0.58,20045.72;0
19998.28,0.58,20045.72;0
19998.28,0.58,20045.72;0
19998.28,0.58,20045.72;0
19998.28,0.58,20045.72;0
19998.28,0.58,20045.72;0
19998.28,0.58,20045.72;0
19998.28,0.58,20045.72;0
19998.28,0.58,20045.72;0
19998.28,0.58,20045.72;0
19998.28,0.58,20045.72;0
20000.28,0.58,20045.72;0
20002.28,0.58,20045.72;0
20004.28,0.58,20045.72;0
20006.28,0.58,20045.72;0
20008.28,0.58,20045.72;0
20010.28,0.58,20045.72;0
20012.28,0.58,20045.72;0
20014.28,0.58,20045.72;0
20015.72,0.58,20045.72;0
20015.72,0.58,20045.72;0
20015.72,0.58,20045.72;0
20015.72,0.58,20045.72;0
20015.72,0.58,20045.72;0
20015.72,0.58,20045.72;0
20015.72,0.58,20045.72;0
20015.72,0.58,20045.72;0
20015.72,0.58,20045.72;0
20015.72,0.58,20045.72;0
20015.72,0.58,20045.72;0
20015.72,0.58,20045.72;0
20015.72,0.58,20045.72;0
20015.72,0.58,20045.72;0
20015.72,0.58,20045.72;0
20015.72,0.58,20045.72;0
20015.72,0.58,20045.72;0
20015.72,0.58,20045.72;0
20015.72,0.58,20045.72;0
20015.72,0.58,20045.72;0
20015.72,0.58,20045.72;0
20015.72,0.58,20045.72;0
20015.72,0.58,20045.72;0
20015.72,0.58,20045.72;0
20015.72,0.58,20045.72;0
20015.72,0.58,20045.72;0
20015.72,0.58,20045.72;0
20015.72,0.58,20045.72;0
20015.72,0.58,20045.72;0
20015.72,0.58,20045.72;0
20015.72,0.58,20045.72;0
20015.72,0.58,20045.72;0
20015.72,0.58,20045.72;0
20015.72,0.58,20045.72;0
20015.72,0.58,20045.72;0
20015.72,0.58,20045.72;0
20015.72,0.58,20045.72;0
20015.72,0.58,20045.72;0
20015.72,0.58,20045.72;0
20015.72,0.58,20045.72;0
20015.72,0.58,20045.72;0
20015.72,0.58,20045.72;0
20015.72,0.58,20045.72;0
20015.72,0.58,20045.72;0
20015.72,0.58,20045.72;0
20015.72,0.58,20045.72;0
20015.72,0.58,20045.72;0
20015.72,0.58,20045.72;0
20015.72,0.58,20045.72;0
20015.72,0.58,20045.72;0
20015.72,0.58,20045.72;0
20015.72,0.58,20045.72;0
20015.72,0.58,20045.72;0
20015.72,0.58,20045.72;0
20015.72,0.58,20045.72;0
20015.72,0.58,20045.72;0
20015.72,0.58,20045.72;0
20015.72,0.58,20045.72;0
20015.72,0.58,20045.72;0
20015.72,0.58,20045.72;0
20015.72,0.58,20045.72;0
20015.72,0.58,20045.72;0
20015.72,0.58,20045.72;0
20015.72,0.58,20045.72;0
20015.72,0.58,20045.72;0
20015.72,0.58,20045.72;0
20015.72,0.58,20045.72;0
20015.72,0.58,20045.72;0
20015.72,0.58,20045.72;0
20015.72,0.58,20045.72;0
20015.72,0.58,20045.72;0
20015.72,0.58,20045.72;0
20015.72,0.58,20045.72;0
20015.72,0.58,20045.72;0
20015.72,0.58,20045.72;0
20015.72,0.58,20045.72;0
20015.72,0.58,20045.72;0
20015.72,0.58,20045.72;0
20015.72,0.58,20045.72;0
20015.72,0.58,20045.72;0
20015.72,0.58,20045.72;0
20015.72,0.58,20045.72;0
20015.72,0.58,20045.72;0
20015.72,0.58,20045.72;0
20015.72,0.58,20045.72;0
20015.72,0.58,20045.72;0
20015.72,0.58,20045.72;0
20015.72,0.58,20045.72;0
20015.72,0.58,20045.72;0
20015.72,0.58,20045.72;0
20015.72,0.58,20045.72;0
20015.72,0.58,20045.72;0
20015.72,0.58,20045.72;0
20015.72,0.58,20045.72;0
20015.72,0.58,20045.72;0
20015.72,0.58,20045.72;0
20015.72,0.58,20045.72;0
20015.72,0.58,20045.72;0
20015.72,0.58,20045.72;0
20015.72,0.58,20045.72;0
20015.72,0.58,20045.72;0
20015.72,0.58,20045.72;0
20015.72,0.58,20045.72;0
20015.72,0.58,20045.72;0
20015.72,0.58,20045.72;0
20015.72,0.58,20045.72;0
20015.72,0.58,20045.72;0
20015.72,0.58,20045.72;0
20015.72,0.58,20045.72;0
20015.72,0.58,20045.72;0
20015.72,0.58,20045.72;0
20015.72,0.58,20045.72;0
20015.72,0.58,20045.72;0
20015.72,0.58,20045.72;0
20015.72,0.58,20045.72;0
20015.72,0.58,20045.72;0
20015.72,0.58,20045.72;0
20015.72,0.58,20045.72;0
20015.72,0.58,20045.72;0
20015.72,0.58,20045.72;0
20015.72,0.58,20045.72;0
20015.72,0.58,20045.72;0
20015.72,0.58,20045.72;0
20015.72,0.58,20045.72;0
20015.72,0.58,20045.72;0
20015.72,0.58,20045.72;0
20015.72,0.58,20045.72;0
20015.72,0.58,20045.72;0
20015.72,0.58,20045.72;0
20015.72,0.58,20045.72;0
20015.72,0.58,20045.72;0
20015.72,0.58,20045.72;0
20015.72,0.58,20045.72;0
20015.72,0.58,20045.72;0
20015.72,0.58,20045.72;0
20015.72,0.58,20045.72;0
20015.72,0.58,20045.72;0
20015.72,0.58,20045.72;0
20015.72,0.58,20045.72;0
20015.72,0.58,20045.72;0
20015.72,0.58,20045.72;0
20015.72,0.58,20045.72;0
20015.72,0.58,20045.72;0
20015.72,0.58,20045.72;0
20015.72,0.58,20045.72;0
20015.72,0.58,20045.72;0
20015.72,0.58,20045.72;0
20015.72,0.58,20045.72;0
20015.72,0.58,20045.72;0
20015.72,0.58,20045.72;0
20015.72,0.58,20045.72;0
20015.72,0.58,20045.72;0
20015.72,0.58,20045.72;0
20015.72,0.58,20045.72;0
20015.72,0.58,20045.72;0
20015.72,0.58,20045.72;0
20015.72,0.58,20045.72;0
20015.72,0.58,20045.72;0
20015.72,0.58,20045.72;0
20015.72,0.58,20045.72;0
20015.72,0.58,20045.72;0
20015.72,0.58,20045.72;0
20015.72,0.58,20045.72;0
20015.72,0.58,20045.72;0
20015.72,0.58,20045.72;0
20015.72,0.58,20045.72;0
20015.72,0.58,20045.72;0
20015.72,0.58,20045.72;0
20015.72,0.58,20045.72;0
20015.72,0.58,20045.72;0
20015.72,0.58,20045.72;0
20015.72,0.58,20045.72;0
20015.72,0.58,20045.72;0
20015.72,0.58,20045.72;0
20015.72,0.58,20045.72;0
20015.72,0.58,20045.72;0
20015.72,0.58,20045.72;0
20015.72,0.58,20045.72;0
20015.72,0.58,20045.72;0
20015.72,0.58,20045.72;0
20015.72,0.58,20045.72;0
20015.72,0.58,20045.72;0
20015.72,0.58,20045.72;0
20013.72,0.58,20045.72;0
20011.72,0.58,20045.72;0
20009.72,0.58,20045.72;0
20007.72,0.58,20045.72;0
20005.72,0.58,20045.72;0
20003.72,0.58,20045.72;0
20003.72,0.58,20045.72;0
20003.72,0.58,20045.72;0
20003.72,0.58,20045.72;0
20003.72,0.58,20045.72;0
20003.72,0.58,20045.72;0
20003.72,0.58,20045.72;0
20003.72,0.58,20045.72;0
20003.72,0.58,20045.72;0
20003.72,0.58,20045.72;0
20003.72,0.58,20045.72;0
20003.72,0.58,20045.72;0
20003.72,0.58,20045.72;0
20003.72,0.58,20045.72;0
20003.72,0.58,20045.72;0
20003.72,0.58,20045.72;0
20003.72,0.58,20045.72;0
20003.72,0.58,20045.72;0
20003.72,0.58,20045.72;0
20003.72,0.58,20045.72;0
20003.72,0.58,20045.72;0
20003.72,0.58,20045.72;0
20003.72,0.58,20045.72;0
20003.72,0.58,20045.72;0
20003.72,0.58,20045.72;0
20003.72,0.58,20045.72;0
20003.72,0.58,20045.72;0
20003.72,0.58,20045.72;0
20003.72,0.58,20045.72;0
20003.72,0.58,20045.72;0
20003.72,0.58,20045.72;0
20003.72,0.58,20045.72;0
20003.72,0.58,20045.72;0
20005.72,0.58,20045.72;0
20007.72,0.58,20045.72;0
20009.72,0.58,20045.72;0
