20000,0.5,20000;0
20000,0.58,20000.25;359.7937
20000,0.58,20000.5;359.5875
20000,0.58,20000.5;359.5875
19999.99,0.58,20000.75;359.4099
19999.99,0.58,20001.01;359.2322
19999.99,0.58,20001.26;359.0203
19999.99,0.58,20001.26;359.0203
19999.98,0.58,20001.51;358.8083
19999.98,0.58,20001.76;358.5905
19999.98,0.58,20001.76;358.5905
19999.97,0.58,20002.01;358.4072
19999.97,0.58,20002.01;358.4072
19999.97,0.58,20002.01;358.4072
19999.96,0.58,20002.27;358.2009
19999.95,0.58,20002.51;357.9947
19999.94,0.58,20002.75;357.7884
19999.94,0.58,20002.75;357.7884
19999.93,0.58,20003;357.5822
19999.92,0.58,20003.26;357.416
19999.92,0.58,20003.26;357.416
19999.91,0.58,20003.51;357.2498
19999.89,0.58,20003.76;357.0493
19999.89,0.58,20003.76;357.0493
19999.88,0.58,20004.01;356.8488
19999.87,0.58,20004.27;356.6482
19999.85,0.58,20004.52;356.4763
19999.85,0.58,20004.52;356.4763
19999.85,0.58,20004.52;356.4763
19999.84,0.58,20004.76;356.2816
19999.84,0.58,20004.76;356.2816
19999.84,0.58,20004.76;356.2816
19999.83,0.58,20004.85;356.0925
19999.83,0.58,20004.85;356.0925
19999.81,0.58,20005.11;355.9378
19999.81,0.58,20005.11;355.9378
19999.8,0.58,20005.23;355.7831
19999.79,0.58,20005.35;355.6055
19999.79,0.58,20005.35;355.6055
19999.78,0.58,20005.55;355.4279
19999.76,0.58,20005.75;355.2502
19999.76,0.58,20005.75;355.2502
19999.74,0.58,20006;355.0726
19999.72,0.58,20006.25;354.9179
19999.69,0.58,20006.5;354.7632
19999.67,0.58,20006.76;354.5799
19999.67,0.58,20006.76;354.5799
19999.65,0.58,20006.99;354.3965
19999.65,0.58,20006.99;354.3965
19999.65,0.58,20006.99;354.3965
19999.63,0.58,20007.11;354.2132
19999.62,0.58,20007.23;354.0585
19999.62,0.58,20007.23;354.0585
19999.62,0.58,20007.23;354.0585
19999.61,0.58,20007.36;353.8751
19999.59,0.58,20007.53;353.6918
19999.59,0.58,20007.53;353.6918
19999.58,0.58,20007.62;353.5085
19999.57,0.58,20007.71;353.348
19999.57,0.58,20007.71;353.348
19999.54,0.58,20007.96;353.1876
19999.51,0.58,20008.21;353.0042
19999.51,0.58,20008.21;353.0042
19999.49,0.58,20008.35;352.8209
19999.47,0.58,20008.5;352.6375
19999.46,0.58,20008.56;352.4771
19999.46,0.58,20008.56;352.4771
19999.46,0.58,20008.56;352.4771
19999.43,0.58,20008.81;352.3167
19999.39,0.58,20009.07;352.1391
19999.39,0.58,20009.07;352.1391
19999.36,0.58,20009.29;351.9615
19999.33,0.58,20009.5;351.7838
19999.33,0.58,20009.5;351.7838
19999.29,0.58,20009.75;351.6062
19999.26,0.58,20010;351.463
19999.22,0.58,20010.26;351.2911
19999.22,0.58,20010.26;351.2911
19999.22,0.58,20010.26;351.2911
19999.19,0.58,20010.46;351.1135
19999.19,0.58,20010.46;351.1135
19999.19,0.58,20010.46;351.1135
19999.15,0.58,20010.7;350.9588
19999.15,0.58,20010.7;350.9588
19999.11,0.58,20010.94;350.7812
19999.07,0.58,20011.15;350.6035
19999.04,0.58,20011.37;350.4546
19999.04,0.58,20011.37;350.4546
19999,0.58,20011.61;350.3056
19998.96,0.58,20011.85;350.128
19998.96,0.58,20011.85;350.128
19998.92,0.58,20012.06;349.9504
19998.88,0.58,20012.28;349.7785
19998.88,0.58,20012.28;349.7785
19998.83,0.58,20012.52;349.6066
19998.79,0.58,20012.77;349.429
19998.74,0.58,20013.01;349.2857
19998.74,0.58,20013.01;349.2857
19998.74,0.58,20013.01;349.2857
19998.7,0.58,20013.22;349.1139
19998.7,0.58,20013.22;349.1139
19998.7,0.58,20013.22;349.1139
19998.69,0.58,20013.27;348.942
19998.69,0.58,20013.27;348.942
19998.69,0.58,20013.27;348.942
19998.68,0.58,20013.32;348.7987
19998.68,0.58,20013.32;348.7987
19998.67,0.58,20013.37;348.6269
19998.67,0.58,20013.37;348.6269
19998.66,0.58,20013.44;348.455
19998.64,0.58,20013.5;348.306
19998.64,0.58,20013.5;348.306
19998.64,0.58,20013.5;348.306
19998.63,0.58,20013.57;348.1398
19998.63,0.58,20013.57;348.1398
19998.62,0.58,20013.63;347.968
19998.62,0.58,20013.63;347.968
19998.62,0.58,20013.63;347.968
19998.6,0.58,20013.7;347.8247
19998.6,0.58,20013.7;347.8247
19998.6,0.58,20013.7;347.8247
19998.59,0.58,20013.76;347.6471
19998.59,0.58,20013.76;347.6471
19998.59,0.58,20013.76;347.6471
19998.57,0.58,20013.82;347.4752
19998.57,0.58,20013.82;347.4752
19998.56,0.58,20013.89;347.3205
19998.56,0.58,20013.89;347.3205
19998.54,0.58,20013.95;347.1486
19998.54,0.58,20013.95;347.1486
19998.54,0.58,20013.95;347.1486
19998.53,0.58,20014.02;346.971
19998.53,0.58,20014.02;346.971
19998.53,0.58,20014.02;346.971
19998.52,0.58,20014.05;346.885
19998.52,0.58,20014.05;346.885
19998.51,0.58,20014.11;346.7475
19998.51,0.58,20014.11;346.7475
19998.51,0.58,20014.11;346.61
19998.51,0.58,20014.12;346.4381
19998.51,0.58,20014.12;346.4381
19998.51,0.58,20014.12;346.4381
19998.51,0.58,20014.13;346.4038
19998.51,0.58,20014.13;346.4038
19998.51,0.58,20014.13;346.4038
19998.5,0.58,20014.13;346.398
19998.5,0.58,20014.14;346.3235
19998.5,0.58,20014.14;346.3235
19998.5,0.58,20014.14;346.3064
19998.5,0.58,20014.14;346.3064
19998.5,0.58,20014.14;346.3064
19998.5,0.58,20014.14;346.3064
19998.5,0.58,20014.14;346.3064
19998.5,0.58,20014.14;346.3064
19998.5,0.58,20014.14;346.3064
19998.48,0.58,20014.24;346.3007
19998.48,0.58,20014.24;346.3007
19998.48,0.58,20014.24;346.3007
19998.42,0.58,20014.48;346.2949
19998.42,0.58,20014.48;346.2949
19998.42,0.58,20014.48;346.2949
19998.38,0.58,20014.63;346.2892
19998.38,0.58,20014.63;346.2892
19998.38,0.58,20014.63;346.2892
19998.38,0.58,20014.65;346.2834
19998.38,0.58,20014.65;346.2834
19998.36,0.58,20014.73;346.2777
19998.36,0.58,20014.73;346.2777
19998.36,0.58,20014.73;346.272
19998.36,0.58,20014.73;346.272
19998.36,0.58,20014.73;346.272
19998.36,0.58,20014.73;346.272
19998.36,0.58,20014.73;346.272
19998.36,0.58,20014.73;346.272
19998.33,0.58,20014.84;346.2663
19998.33,0.58,20014.84;346.2663
19998.28,0.58,20015.06;346.2605
19998.28,0.58,20015.06;346.2605
19998.28,0.58,20015.06;346.2605
19998.22,0.58,20015.28;346.2548
19998.22,0.58,20015.28;346.2548
19998.22,0.58,20015.28;346.2548
19998.17,0.58,20015.51;346.2491
19998.17,0.58,20015.51;346.2491
19998.17,0.58,20015.51;346.2491
19998.12,0.58,20015.7;346.2433
19998.06,0.58,20015.93;346.2376
19998.06,0.58,20015.93;346.2376
19998.06,0.58,20015.93;346.2376
19998.02,0.58,20016.11;346.2319
19998.02,0.58,20016.11;346.2319
19998.02,0.58,20016.11;346.2319
19997.96,0.58,20016.33;346.2262
19997.91,0.58,20016.56;346.146
19997.91,0.58,20016.56;346.146
19997.86,0.58,20016.78;346.0658
19997.8,0.58,20017;345.9855
19997.75,0.58,20017.19;345.9053
19997.75,0.58,20017.19;345.9053
19997.75,0.58,20017.19;345.9053
19997.7,0.58,20017.4;345.8022
19997.7,0.58,20017.4;345.8022
19997.7,0.58,20017.4;345.8022
19997.65,0.58,20017.61;345.6647
19997.65,0.58,20017.61;345.6647
19997.65,0.58,20017.61;345.6647
19997.6,0.58,20017.77;345.4985
19997.55,0.58,20017.96;345.3324
19997.5,0.58,20018.15;345.1719
19997.5,0.58,20018.15;345.1719
19997.45,0.58,20018.35;345.0287
19997.45,0.58,20018.35;345.0287
19997.4,0.58,20018.52;344.8855
19997.36,0.58,20018.69;344.7193
19997.36,0.58,20018.69;344.7193
19997.3,0.58,20018.88;344.5818
19997.25,0.58,20019.08;344.4443
19997.19,0.58,20019.28;344.2838
19997.19,0.58,20019.28;344.2838
19997.14,0.58,20019.45;344.1349
19997.14,0.58,20019.45;344.1349
19997.14,0.58,20019.45;344.1349
19997.09,0.58,20019.65;343.9802
19997.09,0.58,20019.65;343.9802
19997.03,0.58,20019.86;343.8541
19996.98,0.58,20020.03;343.7281
19996.93,0.58,20020.21;343.5848
19996.93,0.58,20020.21;343.5848
19996.86,0.58,20020.42;343.4416
19996.8,0.58,20020.62;343.2983
19996.8,0.58,20020.62;343.2983
19996.74,0.58,20020.82;343.1551
19996.68,0.58,20021.03;343.0806
19996.68,0.58,20021.03;343.0806
19996.62,0.58,20021.21;342.9832
19996.62,0.58,20021.21;342.9832
19996.56,0.58,20021.42;342.8343
19996.56,0.58,20021.42;342.8343
19996.56,0.58,20021.42;342.8343
19996.49,0.58,20021.63;342.7082
19996.49,0.58,20021.63;342.7082
19996.49,0.58,20021.63;342.7082
19996.46,0.58,20021.73;342.5535
19996.46,0.58,20021.73;342.5535
19996.39,0.58,20021.94;342.4217
19996.39,0.58,20021.94;342.4217
19996.33,0.58,20022.15;342.2899
19996.26,0.58,20022.37;342.1352
19996.26,0.58,20022.37;342.1352
19996.24,0.58,20022.43;341.9805
19996.22,0.58,20022.49;341.8258
19996.22,0.58,20022.49;341.8258
19996.21,0.58,20022.51;341.6711
19996.21,0.58,20022.52;341.5508
19996.14,0.58,20022.71;341.3961
19996.08,0.58,20022.89;341.2414
19996.02,0.58,20023.07;341.0867
19996.02,0.58,20023.07;341.0867
19995.95,0.58,20023.29;340.932
19995.87,0.58,20023.5;340.8117
19995.87,0.58,20023.5;340.8117
19995.8,0.58,20023.7;340.6914
19995.73,0.58,20023.89;340.5481
19995.67,0.58,20024.08;340.4049
19995.6,0.58,20024.27;340.2502
19995.6,0.58,20024.27;340.2502
19995.52,0.58,20024.49;340.0955
19995.44,0.58,20024.7;339.9694
19995.44,0.58,20024.7;339.9694
19995.36,0.58,20024.93;339.8434
19995.28,0.58,20025.15;339.6887
19995.28,0.58,20025.15;339.6887
19995.21,0.58,20025.33;339.534
19995.14,0.58,20025.51;339.3793
19995.07,0.58,20025.69;339.2418
19995.07,0.58,20025.69;339.2418
19995.07,0.58,20025.69;339.2418
19995.04,0.58,20025.78;339.0871
19995.04,0.58,20025.78;339.0871
19995.04,0.58,20025.78;339.0871
19994.97,0.58,20025.96;338.9266
19994.97,0.58,20025.96;338.9266
19994.97,0.58,20025.96;338.9266
19994.9,0.58,20026.14;338.7949
19994.85,0.58,20026.26;338.6631
19994.81,0.58,20026.37;338.5141
19994.81,0.58,20026.37;338.5141
19994.81,0.58,20026.37;338.5141
19994.76,0.58,20026.49;338.3766
19994.76,0.58,20026.49;338.3766
19994.74,0.58,20026.56;338.2391
19994.71,0.58,20026.62;338.1187
19994.71,0.58,20026.62;338.1187
19994.64,0.58,20026.79;337.9984
19994.57,0.58,20026.96;337.8495
19994.55,0.58,20027.01;337.7005
19994.54,0.58,20027.05;337.5687
19994.54,0.58,20027.05;337.5687
19994.46,0.58,20027.23;337.4369
19994.38,0.58,20027.41;337.3051
19994.38,0.58,20027.41;337.3051
19994.31,0.58,20027.58;337.1734
19994.24,0.58,20027.75;337.0301
19994.24,0.58,20027.75;337.0301
19994.16,0.58,20027.95;336.8869
19994.07,0.58,20028.14;336.7436
19993.99,0.58,20028.33;336.6233
19993.99,0.58,20028.33;336.6233
19993.99,0.58,20028.33;336.6233
19993.92,0.58,20028.5;336.4915
19993.92,0.58,20028.5;336.4915
19993.83,0.58,20028.7;336.3597
19993.74,0.58,20028.9;336.2222
19993.74,0.58,20028.9;336.2222
19993.66,0.58,20029.09;336.0847
19993.57,0.58,20029.28;335.9816
19993.52,0.58,20029.41;335.8784
19993.46,0.58,20029.53;335.7696
19993.46,0.58,20029.53;335.7696
19993.4,0.58,20029.67;335.6607
19993.34,0.58,20029.81;335.5289
19993.34,0.58,20029.81;335.5289
19993.3,0.58,20029.89;335.3972
19993.26,0.58,20029.98;335.2826
19993.26,0.58,20029.98;335.2826
19993.18,0.58,20030.14;335.1451
19993.11,0.58,20030.3;335.0075
19993.03,0.58,20030.46;334.87
19993.03,0.58,20030.46;334.87
19992.94,0.58,20030.66;334.7325
19992.85,0.58,20030.85;334.6236
19992.85,0.58,20030.85;334.6236
19992.82,0.58,20030.91;334.5148
19992.79,0.58,20030.97;334.3773
19992.79,0.58,20030.97;334.3773
19992.76,0.58,20031.03;334.2397
19992.76,0.58,20031.03;334.2397
19992.73,0.58,20031.08;334.1252
19992.73,0.58,20031.08;334.1252
19992.73,0.58,20031.08;334.1252
19992.73,0.58,20031.08;334.1252
19992.71,0.58,20031.14;333.9876
19992.71,0.58,20031.14;333.9876
19992.71,0.58,20031.14;333.9876
19992.68,0.58,20031.2;333.8501
19992.68,0.58,20031.2;333.8501
19992.65,0.58,20031.26;333.7355
19992.65,0.58,20031.26;333.7355
19992.62,0.58,20031.31;333.6038
19992.62,0.58,20031.31;333.6038
19992.62,0.58,20031.31;333.6038
19992.59,0.58,20031.37;333.472
19992.59,0.58,20031.37;333.472
19992.59,0.58,20031.37;333.472
19992.56,0.58,20031.43;333.3574
19992.56,0.58,20031.43;333.3574
19992.54,0.58,20031.49;333.2256
19992.53,0.58,20031.5;333.0938
19992.52,0.58,20031.52;332.962
19992.52,0.58,20031.52;332.962
19992.52,0.58,20031.52;332.962
19992.51,0.58,20031.54;332.8474
19992.51,0.58,20031.54;332.8474
19992.5,0.58,20031.55;332.7328
19992.5,0.58,20031.56;332.601
19992.41,0.58,20031.73;332.538
19992.41,0.58,20031.73;332.538
19992.41,0.58,20031.73;332.538
19992.36,0.58,20031.82;332.475
19992.36,0.58,20031.82;332.475
19992.36,0.58,20031.82;332.475
19992.3,0.58,20031.95;332.412
19992.3,0.58,20031.95;332.412
19992.3,0.58,20031.95;332.412
19992.29,0.58,20031.97;332.349
19992.29,0.58,20031.97;332.349
19992.29,0.58,20031.97;332.349
19992.29,0.58,20031.97;332.349
19992.29,0.58,20031.97;332.349
19992.29,0.58,20031.97;332.349
19992.29,0.58,20031.97;332.349
19992.29,0.58,20031.97;332.349
19992.29,0.58,20031.97;332.349
19992.29,0.58,20031.97;332.349
19992.29,0.58,20031.97;332.349
19992.29,0.58,20031.97;332.349
19992.29,0.58,20031.97;332.349
19992.29,0.58,20031.97;332.349
19992.29,0.58,20031.97;332.349
19992.29,0.58,20031.97;332.2859
19992.29,0.58,20031.97;332.2859
19992.29,0.58,20031.97;332.2859
19992.26,0.58,20032.02;332.2229
19992.26,0.58,20032.02;332.2229
19992.26,0.58,20032.02;332.2229
19992.24,0.58,20032.05;332.1599
19992.24,0.58,20032.05;332.1599
19992.24,0.58,20032.05;332.1599
19992.24,0.58,20032.05;332.1599
19992.23,0.58,20032.07;332.0969
19992.23,0.58,20032.07;332.0969
19992.23,0.58,20032.07;332.0969
19992.2,0.58,20032.13;332.0339
19992.2,0.58,20032.13;332.0339
19992.2,0.58,20032.13;332.0339
19992.18,0.58,20032.16;331.9708
19992.18,0.58,20032.16;331.9708
19992.17,0.58,20032.18;331.9078
19992.17,0.58,20032.18;331.9078
19992.17,0.58,20032.18;331.9078
19992.16,0.58,20032.2;331.8448
19992.16,0.58,20032.2;331.8448
19992.15,0.58,20032.23;331.7818
19992.15,0.58,20032.23;331.7818
19992.15,0.58,20032.23;331.7818
19992.15,0.58,20032.23;331.7818
19992.13,0.58,20032.26;331.7188
19992.1,0.58,20032.31;331.6557
19992.1,0.58,20032.31;331.6557
19992.1,0.58,20032.31;331.6557
19992.08,0.58,20032.36;331.5927
19992.08,0.58,20032.36;331.5927
19992.08,0.58,20032.36;331.5927
19992.04,0.58,20032.42;331.5297
19992.04,0.58,20032.42;331.5297
19992.04,0.58,20032.42;331.5297
19992.03,0.58,20032.46;331.5526
19991.99,0.58,20032.52;331.5755
19991.96,0.58,20032.57;331.9136
19991.96,0.58,20032.57;331.9136
19991.96,0.58,20032.57;331.9136
19991.93,0.58,20032.63;332.1485
19991.93,0.58,20032.63;332.1485
19991.93,0.58,20032.63;332.1485
19991.9,0.58,20032.7;332.4865
19991.9,0.58,20032.7;332.4865
19991.89,0.58,20032.71;332.8246
19991.89,0.58,20032.72;333.1168
19991.86,0.58,20032.76;333.409
19991.84,0.58,20032.81;333.7413
19991.84,0.58,20032.81;333.7413
19991.81,0.58,20032.86;334.0736
19991.79,0.58,20032.92;334.4059
19991.79,0.58,20032.92;334.4059
19991.76,0.58,20032.98;334.7383
19991.73,0.58,20033.05;335.0305
19991.73,0.58,20033.05;335.0305
19991.72,0.58,20033.05;335.3456
19991.72,0.58,20033.05;335.3456
19991.72,0.58,20033.05;335.3456
19991.72,0.58,20033.05;335.655
19991.72,0.58,20033.05;335.655
19991.72,0.58,20033.05;335.655
19991.72,0.58,20033.05;335.8784
19991.72,0.58,20033.05;335.8784
19991.72,0.58,20033.05;335.8784
19991.72,0.58,20033.06;336.0904
19991.72,0.58,20033.06;336.268
19991.72,0.58,20033.06;336.268
19991.72,0.58,20033.06;336.268
19991.72,0.58,20033.06;336.3826
19991.72,0.58,20033.06;336.3826
19991.72,0.58,20033.06;336.3826
19991.72,0.58,20033.06;336.4743
19991.72,0.58,20033.06;336.4743
19991.72,0.58,20033.06;336.4743
19991.72,0.58,20033.06;336.5259
19991.72,0.58,20033.06;336.5259
19991.72,0.58,20033.06;336.5316
19991.72,0.58,20033.06;336.5316
19991.72,0.58,20033.06;336.5316
19991.72,0.58,20033.07;336.5259
19991.72,0.58,20033.07;336.5259
19991.72,0.58,20033.07;336.5259
19991.72,0.58,20033.07;336.503
19991.72,0.58,20033.07;336.503
19991.7,0.58,20033.11;336.48
19991.68,0.58,20033.15;336.4457
19991.67,0.58,20033.18;336.3826
19991.67,0.58,20033.18;336.3826
19991.67,0.58,20033.18;336.3826
19991.65,0.58,20033.21;336.3024
19991.65,0.58,20033.21;336.3024
19991.65,0.58,20033.21;336.3024
19991.64,0.58,20033.24;336.2165
19991.64,0.58,20033.24;336.2165
19991.63,0.58,20033.27;336.1019
19991.61,0.58,20033.3;335.9529
19991.61,0.58,20033.3;335.9529
19991.61,0.58,20033.3;335.9529
19991.6,0.58,20033.34;335.8211
19991.6,0.58,20033.34;335.8211
19991.6,0.58,20033.34;335.8211
19991.59,0.58,20033.37;335.6607
19991.59,0.58,20033.37;335.6607
19991.59,0.58,20033.37;335.6607
19991.57,0.58,20033.4;335.4831
19991.57,0.58,20033.4;335.4831
19991.56,0.58,20033.43;335.3227
19991.56,0.58,20033.43;335.3227
19991.56,0.58,20033.43;335.3227
19991.54,0.58,20033.46;335.1336
19991.54,0.58,20033.46;335.1336
19991.54,0.58,20033.46;335.1336
19991.53,0.58,20033.49;335.1049
19991.53,0.58,20033.49;335.1049
19991.53,0.58,20033.49;335.1049
19991.53,0.58,20033.49;335.1049
19991.53,0.58,20033.49;335.1049
19991.53,0.58,20033.49;335.1049
19991.53,0.58,20033.49;335.1049
19991.53,0.58,20033.49;335.1049
19991.53,0.58,20033.49;335.1049
19991.53,0.58,20033.49;335.1049
19991.53,0.58,20033.49;335.1049
19991.53,0.58,20033.49;335.1049
19991.53,0.58,20033.49;335.1049
19991.53,0.58,20033.49;335.1049
19991.53,0.58,20033.48;335.0763
19991.53,0.58,20033.48;335.0763
19991.53,0.58,20033.48;335.0763
19991.54,0.58,20033.48;335.0477
19991.54,0.58,20033.48;335.0477
19991.54,0.58,20033.48;335.0477
19991.54,0.58,20033.46;335.019
19991.54,0.58,20033.46;335.019
19991.54,0.58,20033.46;335.019
19991.54,0.58,20033.46;334.9904
19991.54,0.58,20033.46;334.9904
19991.55,0.58,20033.45;334.9617
19991.55,0.58,20033.45;334.9617
19991.55,0.58,20033.45;334.9617
19991.55,0.58,20033.45;334.9331
19991.55,0.58,20033.45;334.9331
19991.55,0.58,20033.45;334.9331
19991.55,0.58,20033.45;334.9044
19991.55,0.58,20033.45;334.9044
19991.55,0.58,20033.45;334.9044
19991.55,0.58,20033.45;334.8758
19991.55,0.58,20033.45;334.8758
19991.55,0.58,20033.45;334.8471
19991.55,0.58,20033.45;334.8471
19991.55,0.58,20033.45;334.8471
19991.55,0.58,20033.45;334.8185
19991.55,0.58,20033.45;334.8185
19991.55,0.58,20033.45;334.8185
19991.55,0.58,20033.45;334.7899
19991.55,0.58,20033.45;334.7899
19991.55,0.58,20033.45;334.7899
19991.55,0.58,20033.45;334.7612
19991.55,0.58,20033.45;334.7325
19991.55,0.58,20033.45;334.7325
19991.55,0.58,20033.45;334.7325
19991.55,0.58,20033.45;334.7039
19991.55,0.58,20033.45;334.7039
19991.55,0.58,20033.45;334.7039
19991.55,0.58,20033.45;334.6753
19991.55,0.58,20033.45;334.6753
19991.55,0.58,20033.45;334.6753
19991.55,0.58,20033.45;334.6466
19991.55,0.58,20033.45;334.6466
19991.54,0.58,20033.46;334.618
19991.54,0.58,20033.46;334.618
19991.54,0.58,20033.46;334.618
19991.53,0.58,20033.48;334.5893
19991.53,0.58,20033.48;334.5893
19991.53,0.58,20033.48;334.5893
19991.51,0.58,20033.52;334.5607
19991.51,0.58,20033.52;334.5607
19991.51,0.58,20033.52;334.5607
19991.5,0.58,20033.55;334.532
19991.5,0.58,20033.55;334.532
19991.48,0.58,20033.59;334.8987
19991.48,0.58,20033.59;334.8987
19991.48,0.58,20033.59;334.8987
19991.46,0.58,20033.63;335.2826
19991.46,0.58,20033.63;335.2826
19991.46,0.58,20033.63;335.2826
19991.45,0.58,20033.66;335.6092
19991.45,0.58,20033.66;335.6092
19991.43,0.58,20033.71;335.9816
19991.43,0.58,20033.71;335.9816
19991.41,0.58,20033.75;336.354
19991.39,0.58,20033.8;336.7322
19991.39,0.58,20033.8;336.7322
19991.38,0.58,20033.83;337.1103
19991.36,0.58,20033.87;337.4312
19991.36,0.58,20033.87;337.4312
19991.34,0.58,20033.91;337.752
19991.32,0.58,20033.96;338.1245
19991.32,0.58,20033.96;338.4453
19991.32,0.58,20033.96;338.4453
19991.32,0.58,20033.96;338.4453
19991.32,0.58,20033.96;338.812
19991.32,0.58,20033.96;338.812
19991.32,0.58,20033.96;338.812
19991.32,0.58,20033.96;339.1787
19991.32,0.58,20033.96;339.1787
19991.32,0.58,20033.96;339.1787
19991.32,0.58,20033.97;339.5511
19991.32,0.58,20033.97;339.5511
19991.32,0.58,20033.98;339.8605
19991.32,0.58,20033.98;339.8605
19991.31,0.58,20033.98;340.1699
19991.31,0.58,20033.99;340.5137
19991.31,0.58,20033.99;340.5137
19991.31,0.58,20033.99;340.5137
19991.31,0.58,20033.99;340.8632
19991.31,0.58,20033.99;340.8632
19991.31,0.58,20033.99;340.8632
19991.31,0.58,20034;341.1554
19991.3,0.58,20034.01;341.4476
19991.3,0.58,20034.02;341.7856
19991.3,0.58,20034.02;341.7856
19991.3,0.58,20034.02;342.1237
19991.3,0.58,20034.02;342.1237
19991.29,0.58,20034.05;342.4617
19991.28,0.58,20034.09;342.7539
19991.28,0.58,20034.09;342.7539
19991.26,0.58,20034.14;343.0461
19991.25,0.58,20034.19;343.3785
19991.24,0.58,20034.24;343.6592
19991.24,0.58,20034.24;343.6592
19991.22,0.58,20034.28;343.94
19991.21,0.58,20034.32;344.2551
19991.21,0.58,20034.32;344.2551
19991.21,0.58,20034.34;344.5702
19991.2,0.58,20034.36;344.8796
19991.2,0.58,20034.36;344.8796
19991.19,0.58,20034.41;345.189
19991.18,0.58,20034.46;345.4583
19991.16,0.58,20034.51;345.7276
19991.15,0.58,20034.57;346.0485
19991.15,0.58,20034.57;346.0485
19991.13,0.58,20034.63;346.3693
19991.12,0.58,20034.68;346.6386
19991.12,0.58,20034.68;346.6386
19991.11,0.58,20034.73;346.9079
19991.1,0.58,20034.78;347.1142
19991.1,0.58,20034.78;347.1142
19991.09,0.58,20034.83;347.435
19991.07,0.58,20034.89;347.7559
19991.06,0.58,20034.94;348.071
19991.06,0.58,20034.94;348.071
19991.06,0.58,20034.94;348.071
19991.05,0.58,20034.99;348.346
19991.05,0.58,20034.99;348.346
19991.05,0.58,20034.99;348.346
19991.04,0.58,20035.04;348.6669
19991.04,0.58,20035.04;348.6669
19991.04,0.58,20035.04;348.6669
19991.03,0.58,20035.1;348.9935
19991.02,0.58,20035.14;349.3201
19991.01,0.58,20035.19;349.6065
19991.01,0.58,20035.19;349.6065
19991.01,0.58,20035.24;349.893
19991,0.58,20035.29;350.2311
19991,0.58,20035.29;350.2311
19990.99,0.58,20035.35;350.5691
19990.98,0.58,20035.4;350.9072
19990.98,0.58,20035.4;350.9072
19990.97,0.58,20035.45;351.1936
19990.96,0.58,20035.5;351.4801
19990.96,0.58,20035.55;351.8182
19990.96,0.58,20035.55;351.8182
19990.95,0.58,20035.6;352.1562
19990.94,0.58,20035.65;352.4943
19990.94,0.58,20035.65;352.4943
19990.94,0.58,20035.7;352.8323
19990.93,0.58,20035.74;353.1245
19990.93,0.58,20035.74;353.1245
19990.93,0.58,20035.79;353.4683
19990.93,0.58,20035.79;353.4683
19990.92,0.58,20035.84;353.6287
19990.92,0.58,20035.84;353.6287
19990.92,0.58,20035.88;353.7892
19990.92,0.58,20035.88;353.7892
19990.92,0.58,20035.88;353.7892
19990.92,0.58,20035.88;353.7892
19990.91,0.58,20035.94;353.9496
19990.91,0.58,20035.94;353.9496
19990.9,0.58,20036;354.11
19990.9,0.58,20036;354.11
19990.9,0.58,20036.04;354.2704
19990.9,0.58,20036.04;354.2704
19990.9,0.58,20036.04;354.2704
19990.89,0.58,20036.1;354.4308
19990.89,0.58,20036.1;354.4308
19990.89,0.58,20036.1;354.4308
19990.89,0.58,20036.17;354.5913
19990.88,0.58,20036.23;354.597
19990.88,0.58,20036.28;354.6028
19990.88,0.58,20036.28;354.6028
19990.88,0.58,20036.28;354.6028
19990.87,0.58,20036.35;354.6085
19990.87,0.58,20036.35;354.6085
19990.87,0.58,20036.39;354.6142
19990.87,0.58,20036.39;354.6142
19990.87,0.58,20036.39;354.6142
19990.86,0.58,20036.43;354.6199
19990.86,0.58,20036.43;354.6199
19990.86,0.58,20036.5;354.6256
19990.86,0.58,20036.5;354.6256
19990.85,0.58,20036.58;354.6314
19990.84,0.58,20036.65;354.6314
19990.84,0.58,20036.65;354.6314
19990.83,0.58,20036.78;354.6314
19990.82,0.58,20036.91;354.6142
19990.82,0.58,20036.91;354.6142
19990.8,0.58,20037.08;354.597
19990.79,0.58,20037.25;354.4996
19990.77,0.58,20037.42;354.4308
19990.77,0.58,20037.42;354.4308
19990.75,0.58,20037.61;354.3621
19990.75,0.58,20037.61;354.3621
19990.73,0.58,20037.8;354.2934
19990.71,0.58,20037.99;354.2762
19990.69,0.58,20038.18;354.259
19990.67,0.58,20038.36;354.1788
19990.65,0.58,20038.59;354.1043
19990.65,0.58,20038.59;354.1043
19990.63,0.58,20038.83;354.0298
19990.6,0.58,20039.07;353.9496
19990.6,0.58,20039.07;353.9496
19990.6,0.58,20039.07;353.9496
19990.59,0.58,20039.18;353.8751
19990.59,0.58,20039.18;353.8751
19990.58,0.58,20039.28;353.8064
19990.58,0.58,20039.28;353.8064
19990.55,0.58,20039.48;353.7376
19990.53,0.58,20039.68;353.6631
19990.53,0.58,20039.68;353.6631
19990.51,0.58,20039.88;353.5887
19990.49,0.58,20040.08;353.5142
19990.49,0.58,20040.08;353.5142
19990.46,0.58,20040.32;353.4397
19990.43,0.58,20040.55;353.3709
19990.43,0.58,20040.55;353.3709
19990.41,0.58,20040.78;353.3022
19990.38,0.58,20040.99;353.2277
19990.36,0.58,20041.19;353.1246
19990.36,0.58,20041.19;353.1246
19990.34,0.58,20041.36;353.0215
19990.31,0.58,20041.53;352.9527
19990.31,0.58,20041.53;352.9527
19990.29,0.58,20041.77;352.8839
19990.26,0.58,20042.01;352.8095
19990.26,0.58,20042.01;352.8095
19990.23,0.58,20042.18;352.735
19990.21,0.58,20042.36;352.6662
19990.18,0.58,20042.59;352.5975
