20000,0.5,20000;0
20000,0.5,20000;0
20000,0.5,20000;0
20000,0.58,20000;0
20000,0.58,20000;0
20000,0.58,20000;0
20000,0.58,20000;0
20000,0.58,20000;0
20000,0.58,20000;0
20000,0.58,20000;0
20000,0.58,20000;0
20000,0.58,20000;0
20000,0.58,20000;0
20000,0.58,20000;0
20000,0.58,20000;0
20000,0.58,20000;0
20000,0.58,20000;0
20000,0.58,20000;0
20000,0.58,20000;0
20000,0.58,20000;0
20000,0.58,20000;0
20000,0.58,20000;0
20000,0.58,20000;0
20000,0.58,20000;0
20000,0.58,20000;0
20000,0.58,20000;0
20000,0.58,20000;0
20000,0.58,20000;0
20000,0.58,20000;0
20000,0.58,20000;0
20000,0.58,20000;0
20000,0.58,20000;0
20000,0.58,20000;0
20000,0.58,20000;0
20000,0.58,20000;0
20000,0.58,20000;0
20000,0.58,20000;0
20000,0.58,20000;0
20000,0.58,20000;0
20000,0.58,20000;0
20000,0.58,20000;0
20000,0.58,20000;0
20000,0.58,19999.99;0.005729198
20000,0.58,19999.99;0.005729198
20000,0.58,19999.99;0.005729198
20000,0.58,19999.99;0.005729198
20000,0.58,19999.99;0.005729198
20000,0.58,19999.99;0.005729198
20000,0.58,19999.99;0.005729198
20000,0.58,19999.99;0.005729198
20000,0.58,19999.99;0.005729198
20000,0.58,19999.99;0.005729198
20000,0.58,19999.99;0.005729198
20000,0.58,19999.99;0.005729198
20000,0.58,19999.99;0.005729198
20000,0.58,19999.99;0.005729198
20000,0.58,19999.99;0.005729198
20000,0.58,19999.99;0.005729198
20000,0.58,19999.99;0.005729198
20000,0.58,19999.99;0.005729198
20000,0.58,19999.99;0.005729198
20000,0.58,19999.99;0.005729198
20000,0.58,19999.99;0.005729198
20000,0.58,19999.99;0.005729198
20000,0.58,19999.99;0.005729198
20000,0.58,19999.99;0.005729198
20000,0.58,19999.99;0.005729198
20000,0.58,19999.99;0.005729198
20000,0.58,19999.99;0.005729198
20000,0.58,19999.99;0.005729198
20000,0.58,19999.99;0.005729198
20000,0.58,19999.99;0.005729198
20000,0.58,19999.99;0.005729198
20000,0.58,19999.99;0.005729198
20000,0.58,19999.99;0.005729198
20000,0.58,19999.99;0.005729198
20000,0.58,19999.99;0.005729198
20000,0.58,19999.99;0.005729198
20000,0.58,19999.99;0.005729198
20000,0.58,19999.99;0.005729198
20000,0.58,19999.99;0.005729198
20000,0.58,19999.99;0.005729198
20000,0.58,19999.99;0.005729198
20000,0.58,19999.99;0.005729198
20000,0.58,19999.99;0.005729198
20000,0.58,19999.99;0.005729198
20000,0.58,19999.99;0.005729198
20000,0.58,19999.99;0.005729198
20000,0.58,19999.99;0.005729198
20000,0.58,19999.99;0.005729198
20000,0.58,19999.99;0.005729198
20000,0.58,19999.99;0.005729198
20000,0.58,19999.99;0.005729198
20000,0.58,19999.99;0.005729198
20000,0.58,19999.99;0.005729198
20000,0.58,19999.99;0.005729198
20000,0.58,19999.99;0.005729198
20000,0.58,19999.99;0.005729198
20000,0.58,19999.99;0.005729198
20000,0.58,19999.99;0.005729198
20000,0.58,19999.99;0.005729198
20000,0.58,19999.99;0.005729198
20000,0.58,19999.99;0.005729198
20000,0.58,19999.99;0.005729198
20000,0.58,19999.99;0.005729198
20000,0.58,19999.99;0.005729198
20000,0.58,19999.99;0.005729198
20000,0.58,19999.99;0.005729198
20000,0.58,19999.99;0.005729198
20000,0.58,19999.99;0.005729198
20000,0.58,19999.99;0.005729198
20000,0.58,19999.99;0.005729198
20000,0.58,19999.99;0.005729198
20000,0.58,19999.99;0.005729198
20000,0.58,19999.99;0.005729198
20000,0.58,19999.99;0.005729198
20000,0.58,19999.99;0.005729198
20000,0.58,19999.99;0.005729198
20000,0.58,19999.99;0.005729198
20000,0.58,19999.99;0.005729198
20000,0.58,19999.99;0.005729198
20000,0.58,19999.99;0.005729198
20000,0.58,19999.99;0.005729198
20000,0.58,19999.99;0.005729198
20000,0.58,19999.99;0.005729198
20000,0.58,19999.99;0.005729198
20000,0.58,19999.99;0.005729198
20000,0.58,19999.99;0.005729198
20000,0.58,19999.99;0.005729198
20000,0.58,19999.99;0.005729198
20000,0.58,19999.99;0.005729198
20000,0.58,19999.99;0.005729198
20000,0.58,19999.99;0.005729198
20000,0.58,19999.99;0.005729198
20000,0.58,19999.99;0.005729198
20000,0.58,19999.99;0.005729198
20000,0.58,19999.99;0.005729198
20000,0.58,19999.99;0.005729198
20000,0.58,19999.99;0.005729198
20000,0.58,19999.99;0.005729198
20000,0.58,19999.99;0
20000,0.58,19999.99;0
20000,0.58,19999.99;0
20000,0.58,19999.99;0
20000,0.58,19999.99;0
20000,0.58,19999.99;0
20000,0.58,19999.99;0
20000,0.58,19999.99;0
20000,0.58,19999.99;0
20000,0.58,20000;-0.005729198
20000,0.58,20000;-0.005729198
20000,0.58,20000;-0.005729198
20000,0.58,20000;-0.005729198
20000,0.58,20000;-0.005729198
20000,0.58,20000;-0.005729198
20000,0.58,20000;-0.005729198
20000,0.58,20000;-0.005729198
20000,0.58,20000;-0.005729198
20000,0.58,20000;-0.005729198
20000,0.58,20000;-0.005729198
20000,0.58,20000;-0.005729198
20000,0.58,20000;-0.005729198
20000,0.58,20000;-0.005729198
20000,0.58,20000;-0.005729198
20000,0.58,20000;-0.005729198
20000,0.58,20000;-0.005729198
20000,0.58,20000;-0.005729198
20000,0.58,20000;-0.005729198
20000,0.58,20000;-0.005729198
20000,0.58,20000;-0.005729198
20000,0.58,20000;-0.005729198
20000,0.58,20000;-0.005729198
20000,0.58,20000;-0.005729198
20000,0.58,20000;-0.005729198
20000,0.58,20000;-0.005729198
20000,0.58,20000;-0.005729198
20000,0.58,20000;-0.005729198
20000,0.58,20000;-0.005729198
20000,0.58,20000;-0.005729198
20000,0.58,20000;-0.005729198
20000,0.58,20000;-0.005729198
20000,0.58,20000;-0.005729198
20000,0.58,20000;-0.005729198
20000,0.58,20000;-0.005729198
20000,0.58,20000;-0.005729198
20000,0.58,20000;-0.005729198
20000,0.58,20000;-0.005729198
20000,0.58,20000;-0.005729198
20000,0.58,20000;-0.005729198
20000,0.58,20000;-0.005729198
20000,0.58,20000;-0.005729198
20000,0.58,20000;-0.005729198
20000,0.58,20000;-0.005729198
20000,0.58,20000;-0.005729198
20000,0.58,20000;-0.005729198
20000,0.58,20000;-0.005729198
20000,0.58,20000;-0.005729198
20000,0.58,20000;-0.005729198
20000,0.58,20000;-0.005729198
20000,0.58,20000;-0.005729198
20000,0.58,20000;-0.005729198
20000,0.58,20000;-0.005729198
20000,0.58,20000;359.9886
20000,0.58,20000;359.9886
20000,0.58,20000;359.9886
20000,0.58,20000;359.9886
20000,0.58,20000;359.9886
20000,0.58,20000;359.9886
20000,0.58,20000;359.9828
20000,0.58,20000;359.9828
20000,0.58,20000;359.9828
20000,0.58,20000;359.9828
20000,0.58,20000;359.9828
20000,0.58,20000;359.9828
20000,0.58,20000;359.9828
20000,0.58,20000;359.9828
20000,0.58,20000;359.9828
20000,0.58,20000;359.9828
20000,0.58,20000;359.9828
20000,0.58,20000;359.9828
20000,0.58,20000;359.9828
20000,0.58,20000;359.9828
20000,0.58,20000;359.9828
20000,0.58,20000;359.9828
20000,0.58,20000;359.9828
20000,0.58,20000;359.9828
20000,0.58,20000;359.9828
20000,0.58,20000;359.9828
20000,0.58,20000;359.9886
20000,0.58,20000;359.9886
20000,0.58,20000;359.9886
20000,0.58,20000;359.9886
20000,0.58,20000;359.9886
20000,0.58,20000;359.9886
20000,0.58,20000;359.9886
20000,0.58,20000;359.9886
20000,0.58,20000;359.9886
20000,0.58,20000;359.9886
20000,0.58,20000;359.9886
20000,0.58,20000;359.9886
20000,0.58,20000;359.9886
20000,0.58,20000;359.9886
20000,0.58,20000;359.9886
20000,0.58,20000;359.9886
20000,0.58,20000;359.9886
20000,0.58,20000;359.9886
20000,0.58,20000;359.9886
20000,0.58,20000;-0.005729198
20000,0.58,20000;-0.005729198
20000,0.58,20000;-0.005729198
20000,0.58,20000;-0.005729198
20000,0.58,20000;-0.005729198
20000,0.58,20000;-0.005729198
20000,0.58,20000;0
20000,0.58,20000;0
20000,0.58,20000;0
20000,0.58,20000;0
20000,0.58,20000;0
20000,0.58,20000;0
20000,0.58,20000;0
20000,0.58,20000;0
20000,0.58,20000;0
20000,0.58,20000;0
20000,0.58,20000;0
20000,0.58,20000;0
20000,0.58,20000;0
20000,0.58,20000;0
20000,0.58,20000;0
20000,0.58,20000;0
20000,0.58,20000;0
20000,0.58,20000;0
20000,0.58,20000;0
20000,0.58,20000;0
20000,0.58,20000;0
20000,0.58,20002;0
20000,0.58,20004;0
20000,0.58,20006;0
20000,0.58,20008;0
20000,0.58,20010;0
20000,0.58,20012;0
20000,0.58,20014;0
20000,0.58,20016;0
20000,0.58,20018;0
20000,0.58,20020;0
20000,0.58,20021.99;0.005729198
20000,0.58,20023.99;0.005729198
20000,0.58,20025.99;0.005729198
20000,0.58,20027.99;0.005729198
20000,0.58,20029.99;0.005729198
20000,0.58,20031.99;0.005729198
20000,0.58,20033.99;0.0114584
20000,0.58,20035.99;0.0114584
20000,0.58,20037.99;0.01718759
20000,0.58,20039.99;0.01718759
20000,0.58,20041.99;0.01718759
20000,0.58,20043.99;0.02291679
20000,0.58,20045.72;0.02291679
20000,0.58,20045.72;0.02291679
20000,0.58,20045.72;0.02291679
20000,0.58,20045.72;0.02291679
20000,0.58,20045.72;0.02291679
20000,0.58,20045.72;0.02291679
20000,0.58,20045.72;0.02291679
20000,0.58,20045.72;0.02291679
20000,0.58,20045.72;0.02291679
20000,0.58,20045.72;0.02291679
20000,0.58,20045.72;0.02291679
20000,0.58,20045.72;0.02291679
20000,0.58,20045.72;0.02291679
20000,0.58,20045.72;0.02291679
20000,0.58,20045.72;0.02291679
20000,0.58,20045.72;0.02291679
20000,0.58,20045.72;0.02291679
20000,0.58,20045.72;0.02291679
20000,0.58,20045.72;0.02291679
20000,0.58,20045.72;0.02291679
20000,0.58,20045.72;0.02291679
20000,0.58,20045.72;0.02291679
20000,0.58,20045.72;0.02291679
20000,0.58,20045.72;0.02864599
20000,0.58,20045.72;0.02291679
20002,0.58,20045.72;0.01718759
20004,0.58,20045.72;0.01718759
20006,0.58,20045.72;0.01718759
20008,0.58,20045.72;0.01718759
20010,0.58,20045.72;0.01718759
20012,0.58,20045.71;0.01718759
20014,0.58,20045.71;0.01718759
20015.72,0.58,20045.71;0.01718759
20015.72,0.58,20045.71;0.01718759
20015.72,0.58,20045.71;0.01718759
20015.72,0.58,20045.71;0.01718759
20015.72,0.58,20045.71;0.01718759
20015.72,0.58,20045.71;0.01718759
20015.72,0.58,20045.71;0.0114584
20015.72,0.58,20045.71;0.0114584
20015.72,0.58,20045.71;0.0114584
20015.72,0.58,20045.71;0.0114584
20015.72,0.58,20045.71;0.0114584
20015.72,0.58,20045.71;0.0114584
20015.72,0.58,20045.71;0.0114584
20015.72,0.58,20045.71;0.0114584
20015.72,0.58,20045.71;0.0114584
20015.72,0.58,20045.71;0.0114584
20015.72,0.58,20045.71;0.0114584
20015.72,0.58,20045.71;0.0114584
20015.72,0.58,20043.71;0.0114584
20015.72,0.58,20041.71;0.0114584
20015.72,0.58,20039.71;0.0114584
20015.72,0.58,20039.28;0.0114584
20015.72,0.58,20039.28;0.0114584
20015.72,0.58,20039.28;0.0114584
20015.72,0.58,20039.28;0.0114584
20015.72,0.58,20039.28;0.0114584
20015.72,0.58,20039.28;0.0114584
20015.72,0.58,20039.28;0.0114584
20015.72,0.58,20039.28;0.0114584
20015.72,0.58,20039.28;0.0114584
20015.72,0.58,20039.28;0.0114584
20015.72,0.58,20039.28;0.0114584
20015.72,0.58,20039.28;0.0114584
20015.72,0.58,20039.28;0.0114584
20015.72,0.58,20039.28;0.0114584
20015.72,0.58,20039.29;0.005729198
20013.72,0.58,20039.29;0.005729198
20011.72,0.58,20039.29;0.005729198
20009.72,0.58,20039.29;0.0114584
20007.72,0.58,20039.29;0.0114584
20005.72,0.58,20039.29;0.0114584
20003.72,0.58,20039.29;0.0114584
20001.72,0.58,20039.29;0.005729198
19999.72,0.58,20039.29;0.005729198
19997.72,0.58,20039.29;0.005729198
19997.72,0.58,20039.29;0.005729198
19997.72,0.58,20039.29;0.005729198
19997.72,0.58,20039.29;0.005729198
19997.72,0.58,20039.29;0.005729198
19997.72,0.58,20039.29;0.005729198
19997.72,0.58,20037.77;0.005729198
19997.72,0.58,20037.77;0
19997.72,0.58,20037.77;0
19997.72,0.58,20037.77;0
19997.72,0.58,20037.77;0
19997.72,0.58,20037.77;0
19997.72,0.58,20037.77;0
19997.72,0.58,20037.77;0
19997.72,0.58,20037.77;0
19997.72,0.58,20037.77;0
19997.72,0.58,20037.77;0
19997.72,0.58,20037.77;0
19997.72,0.58,20037.77;0
19997.72,0.58,20037.77;0
19997.72,0.58,20037.77;0
19997.72,0.58,20037.77;0
19997.72,0.58,20037.77;0
19997.72,0.58,20037.77;0
19997.72,0.58,20037.77;0
19997.72,0.58,20037.77;0
19997.72,0.58,20037.77;0
19997.72,0.58,20037.77;0
19997.72,0.58,20037.77;0
19997.72,0.58,20037.77;0
19997.72,0.58,20037.77;0
19997.72,0.58,20037.77;0
19997.72,0.58,20037.77;0
19997.72,0.58,20037.77;0
19997.72,0.58,20037.77;-0.005729198
19997.72,0.58,20037.77;-0.005729198
19997.72,0.58,20037.77;-0.005729198
19997.72,0.58,20037.77;-0.005729198
19997.72,0.58,20037.77;-0.005729198
19997.72,0.58,20039.77;-0.005729198
19997.72,0.58,20041.77;-0.005729198
19997.72,0.58,20043.77;-0.005729198
19997.72,0.58,20045.72;-0.005729198
19997.72,0.58,20045.72;-0.005729198
19997.72,0.58,20045.72;-0.005729198
19997.72,0.58,20045.72;-0.005729198
19997.72,0.58,20045.72;359.9886
19997.72,0.58,20045.72;359.9886
19997.72,0.58,20045.72;359.9886
19997.72,0.58,20045.72;359.9886
19997.72,0.58,20045.72;359.9886
19997.72,0.58,20045.72;359.9886
19997.72,0.58,20045.72;359.9886
19997.72,0.58,20045.72;359.9886
19997.72,0.58,20045.72;359.9886
19997.72,0.58,20045.72;359.9886
19997.72,0.58,20045.72;359.9886
19997.72,0.58,20045.72;359.9886
19999.72,0.58,20045.72;359.9886
20001.72,0.58,20045.72;359.9886
20003.72,0.58,20045.72;359.9886
20005.72,0.58,20045.72;359.9886
20007.72,0.58,20045.72;359.9886
20009.72,0.58,20045.72;359.9886
20011.72,0.58,20045.72;359.9886
20013.72,0.58,20045.72;359.9886
20015.72,0.58,20045.72;359.9886
20015.72,0.58,20045.72;359.9886
20015.72,0.58,20045.72;359.9886
20015.72,0.58,20045.72;359.9886
20015.72,0.58,20045.72;359.9828
20015.72,0.58,20045.72;359.9828
20015.72,0.58,20045.72;359.9828
20015.72,0.58,20045.72;359.9771
20015.72,0.58,20045.72;359.9771
20015.72,0.58,20043.72;359.9771
20015.72,0.58,20041.72;359.9771
20015.72,0.58,20039.72;359.9771
20015.72,0.58,20039.28;359.9771
20015.72,0.58,20039.28;359.9771
20015.72,0.58,20039.28;359.9771
20015.72,0.58,20039.28;359.9771
20015.72,0.58,20039.28;359.9771
20015.72,0.58,20039.28;359.9771
20015.72,0.58,20039.28;359.9771
20015.72,0.58,20039.28;359.9771
20015.72,0.58,20039.28;359.9771
20015.72,0.58,20039.28;359.9771
20015.72,0.58,20039.28;359.9771
20015.72,0.58,20039.28;359.9771
20015.72,0.58,20039.28;359.9771
20015.72,0.58,20039.28;359.9771
20015.72,0.58,20039.28;359.9771
20015.72,0.58,20039.28;359.9771
20015.72,0.58,20039.28;359.9771
20015.72,0.58,20039.28;359.9771
20015.72,0.58,20039.28;359.9771
20015.72,0.58,20039.28;359.9771
20015.72,0.58,20039.28;359.9771
20015.72,0.58,20039.28;359.9771
20015.72,0.58,20039.28;359.9771
20015.72,0.58,20039.28;359.9771
20015.72,0.58,20039.28;359.9771
20013.72,0.58,20039.28;359.9771
20011.72,0.58,20039.28;359.9771
20009.72,0.58,20039.28;359.9771
20007.72,0.58,20039.28;359.9771
20005.72,0.58,20039.28;359.9771
20003.72,0.58,20039.28;359.9771
20003.72,0.58,20039.28;359.9771
20003.72,0.58,20039.28;359.9771
20003.72,0.58,20039.28;359.9771
20003.72,0.58,20039.28;359.9771
20003.72,0.58,20039.28;359.9771
20003.72,0.58,20039.28;359.9771
20003.72,0.58,20039.28;359.9771
20003.72,0.58,20039.28;359.9771
20003.72,0.58,20039.28;359.9771
20003.72,0.58,20039.28;359.9771
20003.72,0.58,20039.28;359.9771
20003.72,0.58,20039.28;359.9771
20003.72,0.58,20039.28;359.9771
20003.72,0.58,20039.28;359.9771
20003.72,0.58,20039.28;359.9771
20003.72,0.58,20039.28;359.9771
20003.72,0.58,20039.28;359.9771
20003.72,0.58,20039.28;359.9771
20003.72,0.58,20039.28;359.9771
20003.72,0.58,20039.28;359.9771
20003.72,0.58,20039.28;359.9771
20005.72,0.58,20039.28;359.9771
20007.72,0.58,20039.28;359.9771
20009.72,0.58,20039.28;359.9771
20011.72,0.58,20039.28;359.9771
20013.72,0.58,20039.28;359.9771
20013.72,0.58,20039.28;359.9771
20013.72,0.58,20039.28;359.9771
20013.72,0.58,20039.28;359.9771
20013.72,0.58,20039.28;359.9771
20013.72,0.58,20039.28;359.9771
20013.72,0.58,20039.28;359.9771
20013.72,0.58,20039.28;359.9771
20013.72,0.58,20039.28;359.9771
20013.72,0.58,20039.28;359.9771
20013.72,0.58,20039.28;359.9771
20013.72,0.58,20039.28;359.9771
20013.72,0.58,20039.28;359.9771
20013.72,0.58,20039.28;359.9771
20013.72,0.58,20039.28;359.9771
20013.72,0.58,20039.28;359.9771
20013.72,0.58,20039.28;359.9771
20013.72,0.58,20039.28;359.9771
20013.72,0.58,20039.28;359.9771
20013.72,0.58,20039.28;359.9771
20011.72,0.58,20039.28;359.9771
20009.72,0.58,20039.28;359.9771
20007.72,0.58,20039.28;359.9828
20005.72,0.58,20039.28;359.9828
20003.72,0.58,20039.28;359.9828
20003.72,0.58,20039.28;359.9828
20003.72,0.58,20039.28;359.9828
20003.72,0.58,20039.28;359.9828
20003.72,0.58,20039.28;359.9828
20003.72,0.58,20039.28;359.9828
20003.72,0.58,20039.28;359.9886
20003.72,0.58,20039.28;359.9886
20003.72,0.58,20039.28;359.9886
20003.72,0.58,20039.28;-0.005729198
20003.72,0.58,20039.28;-0.005729198
20003.72,0.58,20039.28;-0.005729198
20003.72,0.58,20039.28;-0.005729198
20003.72,0.58,20039.28;-0.005729198
20003.72,0.58,20039.28;-0.005729198
20003.72,0.58,20039.28;-0.005729198
20003.72,0.58,20039.28;-0.005729198
20003.72,0.58,20039.28;-0.005729198
20003.72,0.58,20039.28;-0.005729198
20003.72,0.58,20039.28;-0.005729198
20003.72,0.58,20039.28;-0.005729198
20003.72,0.58,20039.28;-0.005729198
20003.72,0.58,20039.28;-0.005729198
20003.72,0.58,20039.28;-0.005729198
20003.72,0.58,20039.28;-0.005729198
20003.72,0.58,20039.28;-0.005729198
20003.72,0.58,20039.28;-0.005729198
20003.72,0.58,20039.28;-0.005729198
20003.72,0.58,20039.28;-0.005729198
20003.72,0.58,20039.28;-0.005729198
20003.72,0.58,20039.28;-0.005729198
20003.72,0.58,20039.28;-0.005729198
20003.72,0.58,20039.28;-0.005729198
20003.45,0.58,20039.24;0
20003.45,0.58,20037.77;0
20003.45,0.58,20037.77;0
20003.45,0.58,20037.77;0
20003.45,0.58,20037.77;0
20003.45,0.58,20037.77;0
20003.45,0.58,20037.77;0
20003.45,0.58,20037.77;0
20003.45,0.58,20037.77;0
20003.45,0.58,20037.77;0
20003.45,0.58,20037.77;0
20003.45,0.58,20037.77;0
20003.45,0.58,20037.77;0
20003.45,0.58,20037.77;0
20003.45,0.58,20037.77;0
20003.45,0.58,20037.77;0
20003.45,0.58,20039.77;0
20003.45,0.58,20041.77;0
20003.45,0.58,20043.77;0
20003.45,0.58,20045.72;0
20003.45,0.58,20045.72;0
20003.45,0.58,20045.72;0
20003.45,0.58,20045.72;0
20003.45,0.58,20045.72;0
20003.45,0.58,20045.72;0
20003.45,0.58,20045.72;0
20003.45,0.58,20045.72;0
20003.45,0.58,20045.72;0
20003.45,0.58,20045.72;0
20003.45,0.58,20045.72;0
20003.45,0.58,20045.72;0
20003.45,0.58,20045.72;0
20003.45,0.58,20045.72;0
20003.45,0.58,20045.72;0
20003.45,0.58,20045.72;0
20003.45,0.58,20045.72;0
20003.45,0.58,20045.72;0
20003.45,0.58,20045.72;0
20003.45,0.58,20045.72;0
20003.45,0.58,20045.72;0
20003.45,0.58,20045.72;0
20003.45,0.58,20045.72;0
20003.45,0.58,20045.72;0
20003.45,0.58,20045.72;0.005729198
20003.45,0.58,20045.72;0.005729198
20003.45,0.58,20045.72;0.005729198
20003.45,0.58,20045.72;0.005729198
20003.45,0.58,20045.72;0.005729198
20003.45,0.58,20045.72;0.005729198
20005.45,0.58,20045.72;0.005729198
20007.45,0.58,20045.72;0.005729198
20009.45,0.58,20045.71;0.0114584
20009.45,0.58,20045.71;0.0114584
20009.45,0.58,20045.71;0.0114584
20009.45,0.58,20045.71;0.0114584
20009.45,0.58,20045.71;0.01718759
20009.45,0.58,20045.71;0.01718759
20009.45,0.58,20045.71;0.01718759
20009.45,0.58,20045.71;0.01718759
20009.45,0.58,20045.71;0.02291679
20009.45,0.58,20045.71;0.02291679
20009.45,0.58,20045.71;0.02291679
20009.45,0.58,20045.71;0.02291679
20009.45,0.58,20045.71;0.02291679
20009.45,0.58,20045.71;0.02291679
20009.45,0.58,20045.71;0.02291679
20009.45,0.58,20045.71;0.02291679
20009.45,0.58,20045.71;0.02291679
20009.45,0.58,20045.71;0.02864599
20009.45,0.58,20045.71;0.02864599
20009.45,0.58,20043.71;0.03437519
20009.45,0.58,20041.71;0.03437519
20009.45,0.58,20039.71;0.04010438
20009.45,0.58,20039.28;0.04010438
20009.45,0.58,20039.28;0.04010438
20009.45,0.58,20039.28;0.04010438
20009.45,0.58,20039.28;0.04010438
20009.45,0.58,20039.28;0.04010438
20009.45,0.58,20039.28;0.04010438
20009.45,0.58,20039.28;0.04010438
20009.45,0.58,20039.28;0.04583358
20009.45,0.58,20039.28;0.04583358
20009.45,0.58,20039.28;0.04583358
20009.45,0.58,20039.28;0.04583358
20009.45,0.58,20039.28;0.04583358
20009.45,0.58,20039.28;0.04583358
20009.45,0.58,20039.28;0.04583358
20009.45,0.58,20039.28;0.05156277
20009.45,0.58,20039.28;0.05156277
20009.45,0.58,20039.28;0.05156277
20009.45,0.58,20039.28;0.05156277
20009.45,0.58,20039.28;0.05156277
20009.45,0.58,20039.28;0.05156277
20009.45,0.58,20039.28;0.05156277
20009.45,0.58,20039.28;0.05156277
20009.45,0.58,20039.28;0.05156277
20009.45,0.58,20039.28;0.05156277
20009.45,0.58,20039.28;0.05156277
20009.45,0.58,20039.28;0.05156277
20009.45,0.58,20039.28;0.05156277
20009.45,0.58,20039.28;0.05156277
20009.45,0.58,20039.28;0.05156277
20009.45,0.58,20039.28;0.05156277
20009.45,0.58,20039.28;0.05156277
20009.45,0.58,20039.28;0.05156277
20009.45,0.58,20039.28;0.05156277
20009.45,0.58,20039.28;0.05156277
20009.45,0.58,20039.28;0.05156277
20009.45,0.58,20039.28;0.05156277
20009.45,0.58,20039.28;0.05156277
20009.45,0.58,20039.28;0.05156277
20009.45,0.58,20039.28;0.05156277
20009.45,0.58,20039.28;0.05156277
20009.45,0.58,20039.28;0.04583358
20009.45,0.58,20039.28;0.04583358
20009.45,0.58,20039.28;0.04583358
20009.45,0.58,20039.28;0.04583358
20009.45,0.58,20039.28;0.04010438
20009.45,0.58,20039.28;0.04010438
20009.45,0.58,20039.28;0.04010438
20009.45,0.58,20039.28;0.04010438
20009.45,0.58,20039.28;0.04010438
20009.45,0.58,20039.28;0.04010438
20009.45,0.58,20039.28;0.04010438
20009.45,0.58,20039.28;0.04010438
20011.45,0.58,20039.28;0.04010438
20013.45,0.58,20039.28;0.04010438
20015.45,0.58,20039.28;0.04010438
20015.72,0.58,20039.28;0.04010438
20015.72,0.58,20039.28;0.04010438
20015.72,0.58,20039.28;0.04010438
20015.72,0.58,20039.28;0.04010438
20015.72,0.58,20039.28;0.04010438
20015.72,0.58,20039.28;0.04010438
20015.72,0.58,20039.28;0.04010438
20015.72,0.58,20039.28;0.04010438
20015.72,0.58,20039.28;0.04010438
20015.72,0.58,20039.28;0.04010438
20015.72,0.58,20039.28;0.04010438
20015.72,0.58,20039.28;0.04010438
20015.72,0.58,20039.28;0.04010438
20015.72,0.58,20039.28;0.04010438
20015.72,0.58,20039.28;0.04010438
20015.72,0.58,20039.28;0.04010438
20015.72,0.58,20039.28;0.04010438
20015.72,0.58,20039.28;0.04010438
20015.72,0.58,20039.28;0.04010438
20015.72,0.58,20039.28;0.04010438
20015.72,0.58,20039.28;0.04010438
20015.72,0.58,20039.28;0.03437519
20015.72,0.58,20039.28;0.03437519
20015.72,0.58,20039.28;0.03437519
20015.72,0.58,20039.28;0.03437519
20015.72,0.58,20039.28;0.03437519
20015.72,0.58,20039.28;0.03437519
20015.72,0.58,20039.28;0.03437519
20015.72,0.58,20039.28;0.03437519
20015.72,0.58,20039.28;0.03437519
20015.72,0.58,20039.28;0.03437519
20015.72,0.58,20039.28;0.03437519
20015.72,0.58,20039.28;0.03437519
20015.72,0.58,20039.28;0.02864599
20015.72,0.58,20039.28;0.02864599
20015.72,0.58,20039.28;0.02864599
20015.72,0.58,20039.28;0.02864599
20015.72,0.58,20039.28;0.02864599
20015.72,0.58,20039.28;0.02864599
20015.72,0.58,20039.28;0.02864599
20015.72,0.58,20039.28;0.02864599
20015.72,0.58,20041.28;0.02864599
20015.72,0.58,20043.28;0.02864599
20015.72,0.58,20045.28;0.02864599
20015.72,0.58,20045.72;0.02864599
20015.72,0.58,20045.72;0.02864599
20015.72,0.58,20045.72;0.02291679
20015.72,0.58,20045.72;0.01718759
20015.72,0.58,20045.72;0.01718759
20015.72,0.58,20045.72;0.01718759
20015.72,0.58,20045.72;0.01718759
20015.72,0.58,20045.72;0.01718759
20015.72,0.58,20045.72;0.01718759
20015.72,0.58,20045.72;0.01718759
20015.72,0.58,20045.72;0.0114584
20015.72,0.58,20045.72;0.0114584
20015.72,0.58,20045.72;0.0114584
20015.72,0.58,20045.72;0.01718759
20015.72,0.58,20045.72;0.01718759
20015.72,0.58,20045.72;0.01718759
20015.72,0.58,20045.72;0.01718759
20015.72,0.58,20045.72;0.0114584
20015.72,0.58,20045.72;0.0114584
20015.72,0.58,20045.72;0.005729198
20015.72,0.58,20045.72;0.005729198
20015.72,0.58,20045.72;0.005729198
20015.72,0.58,20045.72;0.005729198
20015.72,0.58,20045.72;0.005729198
20015.72,0.58,20045.72;0
20015.72,0.58,20045.72;0
20015.72,0.58,20045.72;0
20015.72,0.58,20045.72;0
20013.72,0.58,20045.72;0
20011.72,0.58,20045.72;0
20009.72,0.58,20045.72;0
20007.72,0.58,20045.72;-0.005729198
20005.72,0.58,20045.72;-0.005729198
20003.72,0.58,20045.72;-0.005729198
20001.72,0.58,20045.72;359.9886
20001.72,0.58,20045.72;359.9886
20001.72,0.58,20045.72;359.9828
20001.72,0.58,20045.72;359.9771
20001.72,0.58,20045.72;359.9771
20001.72,0.58,20045.72;359.9771
20001.72,0.58,20045.72;359.9771
20001.72,0.58,20045.72;359.9771
20001.72,0.58,20045.72;359.9771
20001.72,0.58,20045.72;359.9713
20001.72,0.58,20045.72;359.9656
20001.72,0.58,20045.72;359.9656
20001.72,0.58,20045.72;359.9656
20001.72,0.58,20045.72;359.9656
20001.72,0.58,20045.72;359.9656
20001.72,0.58,20045.72;359.9656
20001.72,0.58,20045.72;359.9599
20001.72,0.58,20043.72;359.9599
20001.72,0.58,20041.72;359.9542
20001.72,0.58,20039.72;359.9542
20001.72,0.58,20037.72;359.9542
20001.72,0.58,20035.72;359.9542
20001.72,0.58,20033.72;359.9484
20001.72,0.58,20031.72;359.9484
20001.72,0.58,20029.72;359.9484
20001.72,0.58,20029.72;359.9484
20001.72,0.58,20029.72;359.9427
20001.72,0.58,20029.72;359.9427
20001.72,0.58,20029.72;359.9427
20001.72,0.58,20029.72;359.937
20001.72,0.58,20029.72;359.937
20001.72,0.58,20029.72;359.937
20001.72,0.58,20029.72;359.937
20001.72,0.58,20029.72;359.937
20001.72,0.58,20029.72;359.9312
20001.72,0.58,20029.72;359.9312
20001.72,0.58,20029.72;359.9312
20001.72,0.58,20029.72;359.9312
20001.72,0.58,20029.72;359.9312
20001.72,0.58,20029.72;359.9312
20001.72,0.58,20029.72;359.9312
20001.72,0.58,20029.72;359.9255
20001.72,0.58,20029.72;359.9255
20001.72,0.58,20029.72;359.9198
20001.72,0.58,20029.72;359.9198
20001.72,0.58,20029.72;359.9198
20001.72,0.58,20029.72;359.9198
20001.72,0.58,20029.72;359.9198
20001.72,0.58,20029.72;359.9198
20001.72,0.58,20029.72;359.9198
20001.72,0.58,20029.72;359.9141
20001.72,0.58,20029.72;359.9141
20001.72,0.58,20029.72;359.9083
20001.72,0.58,20029.72;359.9083
20001.72,0.58,20029.72;359.9083
20001.72,0.58,20029.72;359.9083
20001.72,0.58,20029.72;359.9083
20001.72,0.58,20029.72;359.9083
20001.72,0.58,20029.72;359.9026
20001.72,0.58,20029.72;359.9026
20001.72,0.58,20031.72;359.8969
20001.72,0.58,20033.72;359.8969
20001.72,0.58,20035.72;359.9026
20001.72,0.58,20037.72;359.9026
20001.72,0.58,20039.72;359.9026
20001.72,0.58,20041.72;359.9026
20001.72,0.58,20043.72;359.9026
20001.72,0.58,20045.72;359.9026
20001.72,0.58,20045.72;359.9026
20001.72,0.58,20045.72;359.9026
20001.72,0.58,20045.72;359.9026
20001.72,0.58,20045.72;359.9026
20001.72,0.58,20045.72;359.9026
20001.72,0.58,20045.72;359.9026
20001.72,0.58,20045.72;359.9026
20001.72,0.58,20045.72;359.9026
20001.72,0.58,20045.72;359.9026
20001.72,0.58,20045.72;359.9026
20001.72,0.58,20045.72;359.9026
20001.72,0.58,20045.72;359.9026
20001.72,0.58,20045.72;359.9026
20003.72,0.58,20045.72;359.9026
20005.72,0.58,20045.72;359.9026
20007.72,0.58,20045.72;359.9026
20009.72,0.58,20045.72;359.9026
20011.72,0.58,20045.72;359.9026
20013.72,0.58,20045.72;359.9026
20015.72,0.58,20045.72;359.9026
20015.72,0.58,20045.72;359.9026
20015.72,0.58,20045.72;359.9026
20015.72,0.58,20045.72;359.9026
20015.72,0.58,20045.72;359.9026
20015.72,0.58,20045.72;359.9026
20015.72,0.58,20045.72;359.9026
20015.72,0.58,20045.72;359.9026
20015.72,0.58,20045.72;359.9026
20015.72,0.58,20045.72;359.9026
20015.72,0.58,20045.72;359.9026
20015.72,0.58,20045.72;359.9026
20015.72,0.58,20045.72;359.9026
20015.72,0.58,20045.72;359.9026
20015.72,0.58,20043.72;359.9026
20015.72,0.58,20041.72;359.9026
20015.72,0.58,20039.72;359.9026
20015.72,0.58,20039.28;359.9026
20015.72,0.58,20039.28;359.9026
20015.72,0.58,20039.28;359.9026
20015.72,0.58,20039.28;359.9026
20015.72,0.58,20039.28;359.9026
20015.72,0.58,20039.28;359.9026
20015.72,0.58,20039.28;359.9026
20015.72,0.58,20039.28;359.9026
20015.72,0.58,20039.28;359.9026
20015.72,0.58,20039.28;359.9026
20015.72,0.58,20039.28;359.9026
20015.72,0.58,20039.28;359.8969
20015.72,0.58,20039.28;359.8969
20015.72,0.58,20039.28;359.8969
20015.72,0.58,20039.28;359.9026
20013.72,0.58,20039.28;359.9026
20011.72,0.58,20039.28;359.9026
20009.72,0.58,20039.28;359.9026
20007.72,0.58,20039.28;359.9026
20005.72,0.58,20039.28;359.9026
20003.72,0.58,20039.28;359.9026
20001.72,0.58,20039.28;359.9026
20001.72,0.58,20039.28;359.9026
20001.72,0.58,20039.28;359.8969
20001.72,0.58,20039.28;359.8969
20001.72,0.58,20039.28;359.9026
20001.72,0.58,20039.28;359.9026
20001.72,0.58,20039.28;359.9026
20001.72,0.58,20039.28;359.9026
20001.72,0.58,20037.28;359.9026
20001.72,0.58,20035.27;359.8969
20001.72,0.58,20033.27;359.8969
20001.72,0.58,20031.27;359.8969
20001.72,0.58,20029.27;359.8969
20001.72,0.58,20027.27;359.8969
20001.72,0.58,20025.27;359.8969
20001.72,0.58,20023.27;359.8969
20001.72,0.58,20021.27;359.9026
20001.72,0.58,20021.27;359.9026
20001.72,0.58,20021.27;359.9026
20001.72,0.58,20021.27;359.9026
20001.72,0.58,20021.27;359.8969
20001.72,0.58,20021.27;359.8969
20001.72,0.58,20021.27;359.8969
20001.72,0.58,20021.27;359.8969
20001.72,0.58,20021.27;359.8969
20001.72,0.58,20021.27;359.8969
20001.72,0.58,20021.27;359.8969
20001.72,0.58,20021.27;359.8969
20001.72,0.58,20021.27;359.8969
20001.72,0.58,20021.27;359.8969
20001.72,0.58,20021.27;359.8969
20001.72,0.58,20021.27;359.8969
20001.72,0.58,20021.27;359.8969
20001.72,0.58,20021.27;359.8969
20001.72,0.58,20021.27;359.8969
20001.72,0.58,20021.27;359.8911
20001.72,0.58,20021.27;359.8911
20001.72,0.58,20021.27;359.8911
20001.72,0.58,20021.27;359.8911
20001.72,0.58,20021.27;359.8854
20001.72,0.58,20021.27;359.8854
20001.72,0.58,20023.27;359.8854
20001.72,0.58,20025.27;359.8797
20001.72,0.58,20027.27;359.8797
20001.72,0.58,20029.27;359.8797
20001.72,0.58,20031.27;359.8854
20001.72,0.58,20033.27;359.8854
20001.72,0.58,20035.27;359.8911
20001.72,0.58,20037.27;359.8854
20001.72,0.58,20039.27;359.8854
20001.72,0.58,20041.27;359.8854
20001.72,0.58,20043.27;359.8854
20001.72,0.58,20045.27;359.8854
20001.72,0.58,20045.72;359.8854
20001.72,0.58,20045.72;359.8854
20001.72,0.58,20045.72;359.8854
20001.72,0.58,20045.72;359.8854
20001.72,0.58,20045.72;359.8854
20001.72,0.58,20045.72;359.8854
20001.72,0.58,20045.72;359.8854
20001.72,0.58,20045.72;359.8854
20001.72,0.58,20045.72;359.8854
20001.72,0.58,20045.72;359.8797
20001.72,0.58,20045.72;359.8797
20001.72,0.58,20045.72;359.8797
20001.72,0.58,20045.72;359.8797
20001.72,0.58,20045.72;359.8797
20001.72,0.58,20045.72;359.8797
20001.72,0.58,20045.72;359.8797
20001.72,0.58,20045.72;359.874
20001.72,0.58,20045.72;359.874
20001.72,0.58,20045.72;359.874
20001.72,0.58,20045.72;359.8682
20001.72,0.58,20045.72;359.8682
20001.72,0.58,20045.72;359.8682
20001.72,0.58,20045.72;359.8682
20001.72,0.58,20045.72;359.8682
20001.72,0.58,20045.72;359.8625
20001.72,0.58,20045.72;359.8625
20001.72,0.58,20045.72;359.8625
20001.72,0.58,20045.72;359.8625
20001.72,0.58,20045.72;359.8568
20001.72,0.58,20045.72;359.8568
20003.72,0.58,20045.72;359.8568
20005.72,0.58,20045.72;359.8568
20007.72,0.58,20045.72;359.8568
20009.72,0.58,20045.72;359.8568
20011.72,0.58,20045.72;359.8568
20013.72,0.58,20045.72;359.8568
20013.72,0.58,20045.72;359.8568
20013.72,0.58,20045.72;359.8568
20013.72,0.58,20045.72;359.8568
20013.72,0.58,20045.72;359.8568
20013.72,0.58,20045.72;359.8568
20013.72,0.58,20045.72;359.8568
20013.72,0.58,20045.72;359.8568
20013.72,0.58,20045.72;359.8568
20013.72,0.58,20045.72;359.8568
20013.72,0.58,20045.72;359.8568
20013.72,0.58,20045.72;359.8568
20013.72,0.58,20045.72;359.8568
20013.72,0.58,20045.72;359.8568
20013.72,0.58,20045.72;359.8568
20013.72,0.58,20045.72;359.8568
20013.72,0.58,20045.72;359.8568
20013.72,0.58,20045.72;359.8568
20013.72,0.58,20045.72;359.8568
20013.72,0.58,20045.72;359.8568
20013.72,0.58,20045.72;359.8568
20013.72,0.58,20045.72;359.8568
20013.72,0.58,20045.72;359.8568
20013.72,0.58,20045.72;359.8568
20013.72,0.58,20045.72;359.8568
20015.72,0.58,20045.72;359.8568
20015.72,0.58,20045.72;359.8568
20015.72,0.58,20045.72;359.8568
20015.72,0.58,20045.72;359.8568
20015.72,0.58,20045.72;359.8568
20015.72,0.58,20045.72;359.8568
20015.72,0.58,20045.72;359.8568
20015.72,0.58,20045.72;359.8568
20015.72,0.58,20045.72;359.8568
20015.72,0.58,20045.72;359.8568
20015.72,0.58,20045.72;359.8568
20015.72,0.58,20045.72;359.8568
20015.72,0.58,20045.72;359.8568
20015.72,0.58,20045.72;359.8568
20015.72,0.58,20045.72;359.8568
20015.72,0.58,20045.72;359.8568
20015.72,0.58,20045.72;359.8568
20015.72,0.58,20045.72;359.8568
20015.72,0.58,20045.72;359.8568
20015.72,0.58,20045.72;359.8568
20015.72,0.58,20045.72;359.8568
20015.72,0.58,20045.72;359.8568
20015.72,0.58,20045.72;359.8568
20015.72,0.58,20045.72;359.8568
20015.72,0.58,20045.72;359.8568
20015.72,0.58,20045.72;359.8568
20015.72,0.58,20045.72;359.8568
20015.72,0.58,20045.72;359.8568
20015.72,0.58,20045.72;359.8568
20015.72,0.58,20045.72;359.8568
20015.72,0.58,20045.72;359.8568
20015.72,0.58,20045.72;359.8568
20015.72,0.58,20045.72;359.8568
20015.72,0.58,20045.72;359.8568
20015.72,0.58,20045.72;359.8568
20015.72,0.58,20045.72;359.8568
20015.72,0.58,20043.72;359.8568
20015.72,0.58,20041.72;359.8568
20015.72,0.58,20039.72;359.8568
20015.72,0.58,20039.28;359.8568
20015.72,0.58,20039.28;359.8568
20015.72,0.58,20039.28;359.8568
20015.72,0.58,20039.28;359.8568
20015.72,0.58,20039.28;359.851
20015.72,0.58,20039.28;359.851
20015.72,0.58,20039.28;359.851
20015.72,0.58,20039.28;359.851
20015.72,0.58,20039.28;359.851
20015.72,0.58,20039.28;359.851
20015.72,0.58,20039.28;359.851
20015.72,0.58,20039.28;359.851
20015.72,0.58,20039.28;359.851
20015.72,0.58,20039.28;359.851
20015.72,0.58,20039.28;359.851
20015.72,0.58,20039.28;359.851
20015.72,0.58,20039.28;359.851
20015.72,0.58,20039.28;359.851
20015.72,0.58,20039.28;359.851
20015.72,0.58,20039.28;359.851
20015.72,0.58,20039.28;359.851
20013.72,0.58,20039.28;359.851
20011.72,0.58,20039.28;359.851
20009.72,0.58,20039.28;359.851
20007.72,0.58,20039.28;359.851
20005.72,0.58,20039.28;359.851
20003.72,0.58,20039.28;359.851
20003.72,0.58,20039.28;359.851
20003.72,0.58,20039.28;359.851
20003.72,0.58,20039.28;359.851
20003.72,0.58,20039.28;359.851
20003.72,0.58,20039.28;359.851
20003.72,0.58,20039.28;359.851
20003.72,0.58,20039.28;359.851
20003.72,0.58,20039.28;359.851
20003.72,0.58,20039.28;359.851
20003.72,0.58,20039.28;359.851
20003.72,0.58,20039.28;359.851
20003.72,0.58,20039.28;359.851
20003.72,0.58,20039.28;359.851
20003.72,0.58,20039.28;359.851
20003.72,0.58,20039.28;359.851
20003.72,0.58,20039.28;359.851
20003.72,0.58,20039.28;359.851
20003.72,0.58,20039.28;359.851
20003.72,0.58,20039.28;359.8568
20005.72,0.58,20039.28;359.8568
20007.72,0.58,20039.28;359.8568
20009.72,0.58,20039.28;359.8568
20011.72,0.58,20039.28;359.8568
20013.72,0.58,20039.28;359.8568
20013.72,0.58,20039.28;359.8568
20013.72,0.58,20039.28;359.8568
20013.72,0.58,20039.28;359.8568
20013.72,0.58,20039.28;359.8568
20013.72,0.58,20039.28;359.8568
20013.72,0.58,20039.28;359.8568
20013.72,0.58,20039.28;359.8625
20013.72,0.58,20039.28;359.8625
20013.72,0.58,20039.28;359.8625
20013.72,0.58,20039.29;359.8568
20013.72,0.58,20039.29;359.8568
20013.72,0.58,20039.29;359.8568
20013.72,0.58,20039.29;359.8568
20013.72,0.58,20039.29;359.8625
20013.72,0.58,20039.29;359.8625
20013.72,0.58,20039.29;359.8625
20013.72,0.58,20039.29;359.8625
20013.72,0.58,20039.29;359.8625
20011.72,0.58,20039.29;359.8625
20009.72,0.58,20039.29;359.8625
20007.72,0.58,20039.29;359.8625
20005.72,0.58,20039.29;359.8625
20003.72,0.58,20039.29;359.8625
20001.72,0.58,20039.29;359.8625
19999.72,0.58,20039.29;359.8625
19999.72,0.58,20039.29;359.8625
19999.72,0.58,20039.29;359.8625
19999.72,0.58,20039.29;359.8625
19999.72,0.58,20039.29;359.8625
19999.72,0.58,20039.29;359.8625
19999.72,0.58,20039.29;359.8625
19999.72,0.58,20039.29;359.8625
19999.72,0.58,20039.29;359.8625
19999.72,0.58,20039.29;359.8625
19999.72,0.58,20039.29;359.8625
19999.72,0.58,20039.29;359.8625
19999.72,0.58,20039.29;359.8625
19999.72,0.58,20039.29;359.8625
19999.72,0.58,20039.29;359.8625
19999.72,0.58,20039.29;359.8625
19999.72,0.58,20039.29;359.8625
19999.72,0.58,20039.29;359.8625
19999.72,0.58,20039.29;359.8625
20001.72,0.58,20039.29;359.8625
20003.72,0.58,20039.29;359.8625
20005.72,0.58,20039.29;359.8625
20007.72,0.58,20039.29;359.8625
20009.72,0.58,20039.29;359.8625
20011.72,0.58,20039.29;359.8625
20013.72,0.58,20039.29;359.8625
20013.72,0.58,20039.29;359.8568
20013.72,0.58,20039.29;359.8568
20013.72,0.58,20039.29;359.8568
20013.72,0.58,20039.29;359.8568
20013.72,0.58,20039.29;359.8568
20013.72,0.58,20039.29;359.8568
20013.72,0.58,20039.29;359.8568
20013.72,0.58,20039.29;359.8568
20013.72,0.58,20039.29;359.8568
20013.72,0.58,20039.29;359.8568
20013.72,0.58,20039.29;359.8568
20013.72,0.58,20039.29;359.8568
20013.72,0.58,20039.29;359.8568
20013.72,0.58,20039.29;359.8568
20013.72,0.58,20039.29;359.8568
20013.72,0.58,20041.29;359.8568
20013.72,0.58,20043.29;359.8568
20013.72,0.58,20045.29;359.8568
20013.72,0.58,20045.72;359.8625
20013.72,0.58,20045.72;359.8682
20013.72,0.58,20045.72;359.8625
20013.72,0.58,20045.72;359.8625
20013.72,0.58,20045.72;359.8625
20013.72,0.58,20045.72;359.8625
20013.72,0.58,20045.72;359.8625
20013.72,0.58,20045.72;359.8625
20013.72,0.58,20045.72;359.8625
20013.72,0.58,20045.72;359.8568
20013.72,0.58,20045.72;359.8568
20013.72,0.58,20045.72;359.8568
20013.72,0.58,20045.72;359.8568
20013.72,0.58,20045.72;359.8568
20013.72,0.58,20045.72;359.8568
20013.72,0.58,20045.72;359.8568
20013.72,0.58,20045.72;359.8568
20013.72,0.58,20045.72;359.8568
20013.72,0.58,20045.72;359.8568
20013.72,0.58,20045.72;359.8568
20013.72,0.58,20045.72;359.8568
20013.72,0.58,20045.72;359.8568
20013.72,0.58,20045.72;359.8568
20013.72,0.58,20045.72;359.8568
20013.72,0.58,20045.72;359.8568
20013.72,0.58,20045.72;359.8568
20013.72,0.58,20043.72;359.8568
20013.72,0.58,20041.72;359.8568
20013.72,0.58,20039.72;359.8568
20013.72,0.58,20039.28;359.8568
20013.72,0.58,20039.28;359.8568
20013.72,0.58,20039.28;359.8568
20013.72,0.58,20039.28;359.8568
20013.72,0.58,20039.28;359.8568
20013.72,0.58,20039.28;359.8568
20013.72,0.58,20039.28;359.8568
20013.72,0.58,20039.28;359.8568
20013.72,0.58,20039.28;359.8568
20013.72,0.58,20039.28;359.8568
20013.72,0.58,20039.28;359.8568
20013.72,0.58,20039.28;359.8568
20013.72,0.58,20039.28;359.8568
20013.72,0.58,20039.28;359.8568
20013.72,0.58,20039.28;359.8568
20013.72,0.58,20039.28;359.851
20013.72,0.58,20039.28;359.851
20013.72,0.58,20039.28;359.851
20013.72,0.58,20039.28;359.851
20013.72,0.58,20039.28;359.851
20013.72,0.58,20039.28;359.851
20013.72,0.58,20039.28;359.851
20013.72,0.58,20039.28;359.851
20013.72,0.58,20039.28;359.851
20013.72,0.58,20039.28;359.851
20013.72,0.58,20039.28;359.851
20013.72,0.58,20039.28;359.851
20013.72,0.58,20041.28;359.851
20013.72,0.58,20043.28;359.851
20013.72,0.58,20045.28;359.851
20013.72,0.58,20045.72;359.851
20013.72,0.58,20045.72;359.851
20013.72,0.58,20045.72;359.851
20013.72,0.58,20045.72;359.851
20013.72,0.58,20045.72;359.8453
20013.72,0.58,20045.72;359.8453
20013.72,0.58,20045.72;359.8453
20013.72,0.58,20045.72;359.8453
20013.72,0.58,20045.72;359.8453
20013.72,0.58,20045.72;359.8453
20013.72,0.58,20045.72;359.8453
20013.72,0.58,20045.72;359.8453
20013.72,0.58,20045.72;359.8453
20013.72,0.58,20045.72;359.8453
20013.72,0.58,20045.72;359.8453
20013.72,0.58,20045.72;359.8453
20013.72,0.58,20045.72;359.8453
20013.72,0.58,20045.72;359.8453
20013.72,0.58,20045.72;359.8453
20013.72,0.58,20045.72;359.8453
20013.72,0.58,20045.72;359.8453
20013.72,0.58,20045.72;359.8453
20011.72,0.58,20045.72;359.8453
20009.72,0.58,20045.72;359.8453
20007.72,0.58,20045.72;359.851
20005.72,0.58,20045.72;359.851
20003.72,0.58,20045.72;359.851
20001.72,0.58,20045.72;359.851
20001.72,0.58,20045.72;359.851
20001.72,0.58,20045.72;359.851
20001.72,0.58,20045.72;359.851
20001.72,0.58,20045.72;359.851
20001.72,0.58,20045.72;359.851
20001.72,0.58,20045.72;359.851
20001.72,0.58,20045.72;359.851
20001.72,0.58,20045.72;359.8568
20001.72,0.58,20045.72;359.8568
20001.72,0.58,20045.72;359.8568
20001.72,0.58,20045.72;359.8568
20001.72,0.58,20043.72;359.8568
20001.72,0.58,20041.72;359.8568
20001.72,0.58,20039.72;359.8568
20001.72,0.58,20037.72;359.8568
20001.72,0.58,20035.72;359.8568
20001.72,0.58,20033.72;359.8568
20001.72,0.58,20031.72;359.8568
20001.72,0.58,20029.72;359.8568
20001.72,0.58,20027.72;359.8568
20001.72,0.58,20027.72;359.8568
20001.72,0.58,20027.72;359.8568
20001.72,0.58,20027.72;359.8568
20001.72,0.58,20027.72;359.8568
20001.72,0.58,20027.72;359.8568
20001.72,0.58,20027.72;359.8568
20001.72,0.58,20027.72;359.8568
20001.72,0.58,20027.72;359.8568
20001.72,0.58,20027.72;359.8568
20001.72,0.58,20027.72;359.8568
20001.72,0.58,20025.72;359.8625
20001.72,0.58,20023.72;359.8625
20001.72,0.58,20021.72;359.8625
20001.72,0.58,20019.72;359.8625
20001.72,0.58,20017.72;359.8625
20001.72,0.58,20015.72;359.8625
20001.72,0.58,20013.72;359.8625
20001.72,0.58,20011.72;359.8625
20001.72,0.58,20009.72;359.8625
20001.72,0.58,20009.72;359.8625
20001.72,0.58,20009.72;359.8625
20001.72,0.58,20009.72;359.8625
20001.72,0.58,20009.72;359.8625
20001.72,0.58,20009.72;359.8625
20001.72,0.58,20009.72;359.8625
20001.72,0.58,20009.72;359.8625
20001.72,0.58,20009.71;359.8682
20001.72,0.58,20009.71;359.8682
20001.72,0.58,20009.71;359.8682
20001.72,0.58,20009.71;359.8682
20001.72,0.58,20007.71;359.8682
20001.72,0.58,20005.71;359.8682
20001.72,0.58,20003.71;359.8682
20001.72,0.58,20001.71;359.874
20001.72,0.58,19999.71;359.874
20001.72,0.58,19998.28;359.8797
20001.72,0.58,19998.28;359.874
20001.72,0.58,19998.28;359.874
20001.72,0.58,19998.28;359.874
20001.72,0.58,19998.28;359.8797
20001.72,0.58,19998.28;359.8854
20001.72,0.58,19998.28;359.8854
20001.72,0.58,19998.28;359.8797
20001.72,0.58,19998.28;359.8797
20001.72,0.58,19998.28;359.8797
20001.72,0.58,19998.28;359.8797
20001.72,0.58,19998.28;359.8797
20001.72,0.58,19998.28;359.8797
20001.72,0.58,19998.28;359.8854
20001.72,0.58,19998.28;359.8854
20001.72,0.58,19998.28;359.8854
20001.72,0.58,19998.28;359.8854
20001.72,0.58,19998.28;359.8797
20001.72,0.58,19998.28;359.8797
20001.72,0.58,19998.28;359.8797
20001.72,0.58,19998.28;359.8797
20001.72,0.58,19998.28;359.8797
20001.72,0.58,19998.28;359.8797
20001.72,0.58,19998.28;359.8797
20001.72,0.58,19998.28;359.8797
20001.72,0.58,19998.28;359.8797
20001.72,0.58,19998.28;359.8797
20001.72,0.58,19998.28;359.8797
20001.72,0.58,19998.28;359.8797
20001.72,0.58,19998.28;359.8797
20001.72,0.58,19998.28;359.8797
20001.72,0.58,19998.28;359.8797
20001.72,0.58,19998.28;359.8797
20001.72,0.58,19998.28;359.8797
20001.72,0.58,19998.28;359.8797
20001.72,0.58,19998.28;359.8797
20001.72,0.58,20000.28;359.874
20001.72,0.58,20002.28;359.874
20001.72,0.58,20004.28;359.874
20001.72,0.58,20006.28;359.874
20001.72,0.58,20008.28;359.874
20001.72,0.58,20010.28;359.874
20001.72,0.58,20012.28;359.874
20001.72,0.58,20014.28;359.874
20001.72,0.58,20016.28;359.874
20001.72,0.58,20018.28;359.874
20001.72,0.58,20020.28;359.8797
20001.72,0.58,20022.28;359.8797
20001.72,0.58,20024.28;359.8797
20001.72,0.58,20026.28;359.874
20001.72,0.58,20028.28;359.874
20001.72,0.58,20030.28;359.874
20001.72,0.58,20032.28;359.874
20001.72,0.58,20034.28;359.8797
20001.72,0.58,20036.28;359.8797
20001.72,0.58,20038.28;359.8797
20001.72,0.58,20040.28;359.8797
20001.72,0.58,20042.28;359.8797
20001.72,0.58,20044.28;359.8797
20001.72,0.58,20045.72;359.8797
20001.72,0.58,20045.72;359.8797
20001.72,0.58,20045.72;359.8797
20001.72,0.58,20045.72;359.8797
20001.72,0.58,20045.72;359.8797
20001.72,0.58,20045.72;359.8797
20001.72,0.58,20045.72;359.8797
20001.72,0.58,20045.72;359.8797
20001.72,0.58,20045.72;359.8797
20001.72,0.58,20045.72;359.8797
20001.72,0.58,20045.72;359.8797
20001.72,0.58,20045.72;359.8797
20001.72,0.58,20045.72;359.8797
20001.72,0.58,20045.72;359.8797
20001.72,0.58,20045.72;359.8797
20001.72,0.58,20045.72;359.8797
20001.72,0.58,20045.72;359.874
20001.72,0.58,20045.72;359.874
20001.72,0.58,20045.72;359.874
20001.72,0.58,20045.72;359.874
20001.72,0.58,20045.72;359.874
20001.72,0.58,20045.72;359.874
20001.72,0.58,20045.72;359.874
20001.72,0.58,20045.72;359.874
20001.72,0.58,20045.72;359.874
20001.72,0.58,20045.72;359.874
20001.72,0.58,20045.72;359.874
20001.72,0.58,20045.72;359.874
20001.72,0.58,20045.72;359.874
20001.72,0.58,20045.72;359.874
20001.72,0.58,20045.72;359.874
20001.72,0.58,20045.72;359.874
20001.72,0.58,20045.72;359.8682
20001.72,0.58,20045.72;359.8682
20001.72,0.58,20045.72;359.8682
20001.72,0.58,20045.72;359.8682
20001.72,0.58,20045.72;359.8682
20001.72,0.58,20045.72;359.8682
20001.72,0.58,20045.72;359.8625
20001.72,0.58,20045.72;359.8625
20001.72,0.58,20045.72;359.8625
20001.72,0.58,20045.72;359.8568
20001.72,0.58,20045.72;359.8568
20001.72,0.58,20045.72;359.851
20001.72,0.58,20045.72;359.851
20001.72,0.58,20045.72;359.851
20001.72,0.58,20045.72;359.851
20001.72,0.58,20045.72;359.851
20001.72,0.58,20045.72;359.851
20001.72,0.58,20045.72;359.851
20001.72,0.58,20045.72;359.851
20001.72,0.58,20045.72;359.851
20001.72,0.58,20045.72;359.851
20001.72,0.58,20045.72;359.8453
20001.72,0.58,20045.72;359.8453
20001.72,0.58,20045.72;359.8396
20001.72,0.58,20045.72;359.8396
20001.72,0.58,20045.72;359.8396
20001.72,0.58,20045.72;359.8396
20001.72,0.58,20045.72;359.8396
20001.72,0.58,20045.72;359.8339
20001.72,0.58,20045.72;359.8339
20001.72,0.58,20045.72;359.8281
20001.72,0.58,20045.72;359.8281
20001.72,0.58,20045.72;359.8281
20001.72,0.58,20045.72;359.8281
20001.72,0.58,20045.72;359.8224
20001.72,0.58,20045.72;359.8167
20001.72,0.58,20045.72;359.8109
20001.72,0.58,20045.72;359.8109
20001.72,0.58,20045.72;359.8052
20001.72,0.58,20045.72;359.8052
20001.72,0.58,20045.72;359.8052
20001.72,0.58,20045.72;359.8052
20001.72,0.58,20045.72;359.7995
20001.72,0.58,20045.72;359.7995
20001.72,0.58,20045.72;359.7995
20001.72,0.58,20045.72;359.7995
20001.72,0.58,20045.72;359.7995
20001.72,0.58,20045.72;359.7995
20001.72,0.58,20045.72;359.7995
20001.72,0.58,20045.72;359.7995
20001.72,0.58,20045.72;359.7995
20001.72,0.58,20045.72;359.7938
20001.72,0.58,20045.72;359.7938
20001.72,0.58,20045.72;359.7938
20001.72,0.58,20045.72;359.7938
20001.72,0.58,20045.72;359.7938
20001.72,0.58,20045.72;359.7938
20001.72,0.58,20045.72;359.7938
20001.72,0.58,20045.72;359.7938
20001.72,0.58,20045.72;359.788
20001.72,0.58,20045.72;359.788
20001.72,0.58,20045.72;359.788
20001.72,0.58,20045.72;359.788
20001.72,0.58,20045.72;359.788
20001.72,0.58,20045.72;359.788
20001.72,0.58,20045.72;359.788
20001.72,0.58,20045.72;359.788
20001.72,0.58,20045.72;359.788
20001.72,0.58,20045.72;359.788
20001.72,0.58,20045.72;359.788
20001.72,0.58,20045.72;359.788
20001.72,0.58,20045.72;359.788
20001.72,0.58,20045.72;359.788
20001.72,0.58,20045.72;359.788
20001.72,0.58,20045.72;359.7823
20001.72,0.58,20045.72;359.7823
20001.72,0.58,20045.72;359.7823
20001.72,0.58,20045.72;359.7823
20001.72,0.58,20045.72;359.7823
20001.72,0.58,20045.72;359.7766
20001.72,0.58,20045.72;359.7766
20001.72,0.58,20045.72;359.7766
20001.72,0.58,20045.72;359.7766
20001.72,0.58,20045.72;359.7766
20001.72,0.58,20045.72;359.7766
20001.72,0.58,20045.72;359.7766
20001.72,0.58,20045.72;359.7708
20001.72,0.58,20045.72;359.7708
20001.72,0.58,20045.72;359.7708
20001.72,0.58,20045.72;359.7708
20001.72,0.58,20045.72;359.7708
20001.72,0.58,20045.72;359.7651
20001.72,0.58,20045.72;359.7651
20001.72,0.58,20045.72;359.7651
20001.72,0.58,20045.72;359.7651
20001.72,0.58,20045.72;359.7651
20001.72,0.58,20045.72;359.7651
20001.72,0.58,20045.72;359.7651
20001.72,0.58,20045.72;359.7651
20001.72,0.58,20045.72;359.7651
20001.72,0.58,20045.72;359.7651
20001.72,0.58,20045.72;359.7594
20001.72,0.58,20045.72;359.7594
20001.72,0.58,20045.72;359.7594
20001.72,0.58,20045.72;359.7594
20001.72,0.58,20045.72;359.7594
20001.72,0.58,20045.72;359.7594
20001.72,0.58,20045.72;359.7594
20001.72,0.58,20045.72;359.7594
20001.72,0.58,20045.72;359.7594
20001.72,0.58,20045.72;359.7594
20001.72,0.58,20045.72;359.7594
20001.72,0.58,20045.72;359.7594
20001.72,0.58,20045.72;359.7594
20001.72,0.58,20045.72;359.7594
20001.72,0.58,20045.72;359.7594
20001.72,0.58,20045.72;359.7536
20001.72,0.58,20045.72;359.7536
20001.72,0.58,20045.72;359.7536
20001.72,0.58,20045.72;359.7536
20001.72,0.58,20045.72;359.7536
20001.72,0.58,20045.72;359.7536
20001.72,0.58,20045.72;359.7536
20001.72,0.58,20045.72;359.7536
20001.72,0.58,20045.72;359.7536
20001.72,0.58,20045.72;359.7536
20001.72,0.58,20045.72;359.7536
20001.72,0.58,20045.72;359.7536
20001.72,0.58,20045.72;359.7536
20001.72,0.58,20045.72;359.7536
20001.72,0.58,20045.72;359.7536
20001.72,0.58,20045.72;359.7536
20001.72,0.58,20045.72;359.7536
20001.72,0.58,20045.72;359.7536
20001.72,0.58,20045.72;359.7536
20001.72,0.58,20045.72;359.7536
20001.72,0.58,20045.72;359.7536
20001.72,0.58,20045.72;359.7536
20001.72,0.58,20045.72;359.7536
20001.72,0.58,20045.72;359.7536