20000,0.5,20000;0
20000,0.5799999,20000.15;359.8854
20000,0.58,20000.3;359.7593
20000,0.58,20000.47;359.6104
20000,0.58,20000.64;359.4614
19999.99,0.58,20000.81;359.3182
19999.99,0.58,20000.96;359.1978
19999.99,0.58,20001.13;359.0489
19999.99,0.58,20001.29;358.9056
19999.98,0.58,20001.44;358.7624
19999.98,0.58,20001.58;358.6364
19999.97,0.58,20001.74;358.4874
19999.97,0.58,20001.91;358.3384
19999.97,0.58,20002.04;358.2123
19999.96,0.58,20002.2;358.0691
19999.96,0.58,20002.36;357.9259
19999.95,0.58,20002.52;357.7884
19999.94,0.58,20002.66;357.6738
19999.94,0.58,20002.82;357.542
19999.93,0.58,20002.98;357.4045
19999.92,0.58,20003.12;357.2899
19999.91,0.58,20003.28;357.1753
19999.91,0.58,20003.44;357.032
19999.9,0.58,20003.59;356.8888
19999.89,0.58,20003.73;356.7685
19999.88,0.58,20003.88;356.6367
19999.87,0.58,20004.04;356.5049
19999.86,0.58,20004.17;356.3731
19999.85,0.58,20004.32;356.2585
19999.84,0.58,20004.48;356.1267
19999.83,0.58,20004.63;355.995
19999.82,0.58,20004.76;355.8746
19999.81,0.58,20004.9;355.7371
19999.8,0.58,20004.99;355.5996
19999.8,0.58,20005.11;355.4621
19999.79,0.58,20005.24;355.3532
19999.77,0.58,20005.38;355.2215
19999.76,0.58,20005.52;355.0897
19999.75,0.58,20005.64;354.9808
19999.74,0.58,20005.78;354.849
19999.72,0.58,20005.93;354.7173
19999.71,0.58,20006.07;354.5855
19999.7,0.58,20006.2;354.4709
19999.69,0.58,20006.34;354.3391
19999.67,0.58,20006.49;354.2073
19999.66,0.58,20006.62;354.0984
19999.64,0.58,20006.77;353.9896
19999.63,0.58,20006.92;353.8635
19999.61,0.58,20007.07;353.7489
19999.59,0.58,20007.2;353.6229
19999.58,0.58,20007.35;353.4911
19999.56,0.58,20007.49;353.3593
19999.54,0.58,20007.65;353.2275
19999.52,0.58,20007.8;353.1129
19999.5,0.58,20007.96;352.9811
19999.49,0.58,20008.1;352.8436
19999.46,0.58,20008.26;352.7233
19999.45,0.58,20008.42;352.603
19999.42,0.58,20008.58;352.4655
19999.4,0.58,20008.72;352.3222
19999.38,0.58,20008.88;352.2019
19999.36,0.58,20009.04;352.0587
19999.34,0.58,20009.18;351.9384
19999.32,0.58,20009.34;351.818
19999.29,0.58,20009.51;351.6805
19999.27,0.58,20009.67;351.543
19999.25,0.58,20009.8;351.3998
19999.22,0.58,20009.96;351.2852
19999.2,0.58,20010.12;351.1476
19999.18,0.58,20010.25;351.0101
19999.16,0.58,20010.39;350.8726
19999.13,0.58,20010.55;350.758
19999.11,0.58,20010.71;350.6205
19999.08,0.58,20010.85;350.5002
19999.05,0.58,20011.01;350.357
19999.03,0.58,20011.15;350.2137
19999.01,0.58,20011.28;350.0762
19998.98,0.58,20011.44;349.9559
19998.95,0.58,20011.6;349.8069
19998.92,0.58,20011.76;349.6637
19998.9,0.58,20011.89;349.5204
19998.87,0.58,20012.04;349.4001
19998.84,0.58,20012.2;349.2569
19998.81,0.58,20012.35;349.1136
19998.78,0.58,20012.48;348.9933
19998.75,0.58,20012.63;348.8558
19998.73,0.58,20012.76;348.7183
19998.7,0.58,20012.9;348.575
19998.67,0.58,20013.05;348.4547
19998.64,0.58,20013.19;348.3115
19998.62,0.58,20013.3;348.174
19998.59,0.58,20013.43;348.0594
19998.56,0.58,20013.55;347.9448
19998.54,0.58,20013.68;347.813
19998.53,0.58,20013.72;347.687
19998.5,0.58,20013.85;347.5781
19998.47,0.58,20013.98;347.4463
19998.44,0.58,20014.09;347.3145
19998.41,0.58,20014.22;347.1827
19998.38,0.58,20014.36;347.0681
19998.35,0.58,20014.49;346.9363
19998.33,0.58,20014.6;346.8046
19998.29,0.58,20014.73;346.6957
19998.26,0.58,20014.87;346.5639
19998.23,0.58,20014.99;346.4321
19998.22,0.5800001,20015.1;346.3061
19998.22,0.58,20015.24;346.1972
19998.22,0.5800001,20015.38;346.0654
19998.22,0.5800002,20015.5;345.9394
19998.22,0.5800001,20015.64;345.8305
19998.22,0.5800001,20015.78;345.7216
19998.22,0.58,20015.92;345.5899
19998.22,0.58,20016.04;345.4638
19998.22,0.58,20016.18;345.3607
19998.22,0.5800002,20016.33;345.2346
19998.22,0.5800004,20016.45;345.1086
19998.22,0.5800005,20016.6;344.9883
19998.22,0.5800006,20016.75;344.8794
19998.22,0.5800007,20016.9;344.7591
19998.22,0.5800007,20017.04;344.6387
19998.22,0.5800007,20017.19;344.5299
19998.22,0.580001,20017.35;344.421
19998.22,0.5800008,20017.51;344.295
19998.22,0.5800008,20017.64;344.1689
19998.22,0.5800009,20017.8;344.0543
19998.22,0.5800009,20017.94;343.9168
19998.22,0.580001,20018.1;343.7793
19998.22,0.5800013,20018.26;343.6418
19998.22,0.5800017,20018.42;343.5272
19998.22,0.5800021,20018.56;343.3896
19998.22,0.5800025,20018.72;343.2521
19998.22,0.5800028,20018.88;343.1318
19998.22,0.5800031,20019.04;343.0115
19998.22,0.5800034,20019.17;342.8683
19998.22,0.5800034,20019.31;342.7193
19998.22,0.5800036,20019.46;342.5703
19998.22,0.5800039,20019.6;342.4557
19998.22,0.5800043,20019.75;342.3182
19998.22,0.5800045,20019.91;342.1807
19998.22,0.5800045,20020.04;342.0432
19998.22,0.5800045,20020.18;341.9286
19998.22,0.5800045,20020.34;341.7911
19998.22,0.5800045,20020.51;341.6707
19998.22,0.5800045,20020.67;341.5332
19998.22,0.5800047,20020.8;341.3957
19998.22,0.5800046,20020.94;341.2525
19998.22,0.5800049,20021.1;341.1207
19998.22,0.5800049,20021.24;340.9774
19998.22,0.5800052,20021.4;340.8285
19998.22,0.5800055,20021.56;340.7024
19998.22,0.5800056,20021.69;340.5764
19998.22,0.5800057,20021.83;340.4274
19998.22,0.5800061,20021.98;340.2784
19998.22,0.5800066,20022.14;340.1467
19998.22,0.5800067,20022.27;339.9977
19998.22,0.5800067,20022.42;339.8487
19998.22,0.5800065,20022.56;339.6997
19998.22,0.5800066,20022.71;339.5794
19998.22,0.5800067,20022.84;339.4419
19998.22,0.580007,20022.98;339.3044
19998.22,0.5800073,20023.13;339.1955
19998.22,0.5800072,20023.26;339.0867
19998.22,0.5800073,20023.41;338.9492
19998.22,0.5800079,20023.53;338.8116
19998.22,0.580008,20023.66;338.6913
19998.22,0.5800082,20023.8;338.5481
19998.22,0.580008,20023.94;338.4048
19998.22,0.580008,20024.08;338.2616
19998.22,0.5800078,20024.21;338.147
19998.22,0.5800082,20024.33;338.0152
19998.22,0.5800077,20024.46;337.8834
19998.22,0.5800077,20024.59;337.7688
19998.22,0.5800078,20024.72;337.6371
19998.22,0.5800085,20024.86;337.5053
19998.22,0.5800085,20024.94;337.3964
19998.22,0.5800086,20025.03;337.2704
19998.22,0.5800087,20025.11;337.1386
19998.22,0.5800089,20025.21;337.0297
19998.22,0.5800094,20025.31;336.9037
19998.22,0.5800095,20025.44;336.7776
19998.22,0.5800097,20025.56;336.6573
19998.22,0.5800096,20025.68;336.6057
19998.22,0.5800096,20025.79;336.4854
19998.22,0.5800095,20025.93;336.3708
19998.22,0.5800099,20026.05;336.2562
19998.22,0.5800107,20026.17;336.1416
19998.22,0.5800109,20026.3;336.1187
19998.22,0.5800112,20026.43;335.9984
19998.22,0.5800112,20026.56;335.8952
19998.22,0.5800117,20026.67;335.7692
19998.22,0.5800121,20026.8;335.6488
19998.22,0.5800116,20026.94;335.5457
19998.22,0.5800121,20027.06;335.4426
19998.22,0.5800124,20027.2;335.3165
19998.22,0.580013,20027.34;335.1905
19998.22,0.5800134,20027.47;335.0816
19998.22,0.5800139,20027.6;334.9555
19998.22,0.5800135,20027.74;334.8295
19998.22,0.5800134,20027.88;334.6977
19998.22,0.5800136,20028.03;334.5774
19998.22,0.5800142,20028.15;334.4399
19998.22,0.5800146,20028.29;334.3024
19998.22,0.5800148,20028.44;334.182
19998.22,0.5800149,20028.56;334.0617
19998.22,0.5800151,20028.71;333.9185
19998.22,0.5800153,20028.85;333.7809
19998.22,0.5800153,20029;333.6606
19998.22,0.5800157,20029.12;333.5174
19998.22,0.5800158,20029.26;333.3741
19998.22,0.5800161,20029.4;333.2309
19998.22,0.5800166,20029.53;333.1049
19998.22,0.5800162,20029.65;332.9616
19998.22,0.5800161,20029.79;332.8298
19998.22,0.5800168,20029.93;332.7095
19998.22,0.5800164,20030.05;332.5777
19998.22,0.5800166,20030.19;332.4459
19998.22,0.580017,20030.33;332.3084
19998.22,0.5800174,20030.47;332.1881
19998.22,0.5800178,20030.6;332.0506
19998.22,0.5800182,20030.74;331.9073
19998.22,0.5800182,20030.86;331.787
19998.22,0.5800176,20031;331.6667
19998.22,0.5800174,20031.14;331.5292
19998.22,0.5800173,20031.28;331.386
19998.22,0.5800174,20031.39;331.2599
19998.22,0.5800174,20031.39;331.2599
19998.22,0.5800174,20031.39;331.2599
