20000,0.5,20000;0
20000,0.58,20000.25;359.9312
20000,0.58,20000.51;359.8396
20000,0.58,20000.51;359.8396
20000,0.58,20000.73;359.7479
20000,0.58,20000.96;359.6906
20000,0.58,20001.21;359.6562
20000,0.58,20001.21;359.6562
19999.99,0.58,20001.46;359.6219
19999.99,0.58,20001.72;359.5531
19999.99,0.58,20001.72;359.5531
19999.99,0.58,20001.94;359.4843
19999.99,0.58,20002.16;359.4271
19999.99,0.58,20002.16;359.4271
19999.98,0.58,20002.41;359.3698
19999.98,0.58,20002.67;359.3469
19999.98,0.58,20002.91;359.3239
19999.98,0.58,20002.91;359.3239
19999.98,0.58,20002.91;359.3239
19999.98,0.58,20003.11;359.301
19999.97,0.58,20003.31;359.2666
19999.97,0.58,20003.31;359.2666
19999.97,0.58,20003.53;359.2323
19999.97,0.58,20003.76;359.2265
19999.97,0.58,20003.76;359.2265
19999.96,0.58,20003.99;359.2208
19999.96,0.58,20004.17;359.1864
19999.96,0.58,20004.35;359.1807
19999.96,0.58,20004.35;359.1807
19999.96,0.58,20004.35;359.1807
19999.96,0.58,20004.56;359.1693
19999.95,0.58,20004.77;359.1578
19999.95,0.58,20004.97;359.1521
19999.95,0.58,20004.97;359.1521
19999.95,0.58,20005.16;359.1463
19999.95,0.58,20005.34;359.1406
19999.94,0.58,20005.54;359.1349
19999.94,0.58,20005.54;359.1349
19999.94,0.58,20005.54;359.1349
19999.94,0.58,20005.74;359.1234
19999.94,0.58,20005.74;359.1234
19999.94,0.58,20005.74;359.1234
19999.94,0.58,20005.91;359.1119
19999.93,0.58,20006.09;359.1119
19999.93,0.58,20006.09;359.1119
19999.93,0.58,20006.27;359.1119
19999.93,0.58,20006.47;359.1119
19999.92,0.58,20006.67;359.1119
19999.92,0.58,20006.67;359.1119
19999.92,0.58,20006.84;359.1119
19999.92,0.58,20007;359.1062
19999.92,0.58,20007;359.1062
19999.92,0.58,20007.2;359.1005
19999.91,0.58,20007.4;359.0948
19999.91,0.58,20007.4;359.0948
19999.91,0.58,20007.59;359.0891
19999.91,0.58,20007.79;359.0891
19999.9,0.58,20007.95;359.0891
19999.9,0.58,20008.12;359.0891
19999.9,0.58,20008.12;359.0891
19999.9,0.58,20008.31;359.0891
19999.9,0.58,20008.5;359.0776
19999.9,0.58,20008.5;359.0776
19999.89,0.58,20008.67;359.0661
19999.89,0.58,20008.84;359.0604
19999.89,0.58,20008.84;359.0604
19999.89,0.58,20009.03;359.0604
19999.88,0.58,20009.23;359.0604
19999.88,0.58,20009.43;359.0547
19999.88,0.58,20009.43;359.0547
19999.88,0.58,20009.59;359.0489
19999.88,0.58,20009.76;359.0489
19999.88,0.58,20009.76;359.0489
19999.87,0.58,20009.96;359.0489
19999.87,0.58,20010.15;359.0489
19999.87,0.58,20010.15;359.0489
19999.87,0.58,20010.15;359.0489
19999.87,0.58,20010.35;359.0489
19999.86,0.58,20010.51;359.0489
19999.86,0.58,20010.68;359.0489
19999.86,0.58,20010.68;359.0489
19999.86,0.58,20010.87;359.0489
19999.85,0.58,20011.06;359.0489
19999.85,0.58,20011.06;359.0489
19999.85,0.58,20011.25;359.0489
19999.85,0.58,20011.44;359.0489
19999.85,0.58,20011.44;359.0489
19999.84,0.58,20011.61;359.0489
19999.84,0.58,20011.61;359.0489
19999.84,0.58,20011.79;359.0317
19999.84,0.58,20011.79;359.0317
19999.84,0.58,20011.79;359.0317
19999.84,0.58,20011.98;359.0146
19999.83,0.58,20012.16;358.9802
19999.83,0.58,20012.16;358.9802
19999.83,0.58,20012.31;358.9458
19999.83,0.58,20012.47;358.9344
19999.83,0.58,20012.65;358.9344
19999.83,0.58,20012.65;358.9344
19999.82,0.58,20012.83;358.9344
19999.82,0.58,20013.01;358.9344
19999.82,0.58,20013.01;358.9344
19999.82,0.58,20013.16;358.9344
19999.81,0.58,20013.31;358.9344
19999.81,0.58,20013.31;358.9344
19999.81,0.58,20013.31;358.9344
19999.81,0.58,20013.5;358.9344
19999.81,0.58,20013.5;358.9344
19999.81,0.58,20013.68;358.9344
19999.81,0.58,20013.68;358.9344
19999.8,0.58,20013.83;358.9344
19999.8,0.58,20013.99;358.9344
19999.8,0.58,20013.99;358.9344
19999.8,0.58,20014.17;358.9344
19999.79,0.58,20014.35;358.9286
19999.79,0.58,20014.35;358.9286
19999.79,0.58,20014.53;358.9229
19999.79,0.58,20014.7;358.9229
19999.79,0.58,20014.86;358.9229
19999.79,0.58,20014.86;358.9229
19999.79,0.58,20014.86;358.9229
19999.78,0.58,20015.04;358.9229
19999.78,0.58,20015.04;358.9229
19999.78,0.58,20015.04;358.9229
19999.78,0.58,20015.22;358.9229
19999.78,0.58,20015.22;358.9229
19999.78,0.58,20015.38;358.9229
19999.77,0.58,20015.56;358.9229
19999.77,0.58,20015.74;358.9229
19999.77,0.58,20015.74;358.9229
19999.76,0.58,20015.93;358.9229
19999.76,0.58,20016.11;358.9229
19999.76,0.58,20016.11;358.9229
19999.76,0.58,20016.28;358.9229
19999.75,0.58,20016.44;358.9229
19999.75,0.58,20016.44;358.9229
19999.75,0.58,20016.62;358.9229
19999.75,0.58,20016.81;358.9229
19999.74,0.58,20016.99;358.9229
19999.74,0.58,20016.99;358.9229
19999.74,0.58,20016.99;358.9229
19999.74,0.58,20017.15;358.9171
19999.74,0.58,20017.15;358.9171
19999.74,0.58,20017.15;358.9171
19999.74,0.58,20017.33;358.9171
19999.74,0.58,20017.33;358.9171
19999.74,0.58,20017.33;358.9171
19999.73,0.58,20017.5;358.9171
19999.73,0.58,20017.68;358.9171
19999.73,0.58,20017.87;358.9171
19999.73,0.58,20017.87;358.9171
19999.72,0.58,20018.05;358.9171
19999.72,0.58,20018.24;358.9171
19999.72,0.58,20018.24;358.9171
19999.72,0.58,20018.42;358.9171
19999.71,0.58,20018.6;358.9114
19999.71,0.58,20018.6;358.9114
19999.71,0.58,20018.75;358.9057
19999.71,0.58,20018.9;358.9057
19999.71,0.58,20019.09;358.9057
19999.71,0.58,20019.09;358.9057
19999.71,0.58,20019.09;358.9057
19999.7,0.58,20019.27;358.9057
19999.7,0.58,20019.45;358.9057
19999.7,0.58,20019.45;358.9057
19999.7,0.58,20019.57;358.9057
19999.69,0.58,20019.68;358.9057
19999.69,0.58,20019.68;358.9057
19999.69,0.58,20019.7;358.9057
19999.69,0.58,20019.73;358.8885
19999.69,0.58,20019.84;358.8713
19999.69,0.58,20019.84;358.8713
19999.69,0.58,20019.84;358.8713
19999.69,0.58,20020.01;358.8713
19999.69,0.58,20020.01;358.8713
19999.69,0.58,20020.01;358.8713
19999.68,0.58,20020.17;358.8656
19999.68,0.58,20020.17;358.8656
19999.68,0.58,20020.17;358.8656
19999.68,0.58,20020.17;358.8656
19999.68,0.58,20020.17;358.8656
19999.68,0.58,20020.18;358.8656
19999.68,0.58,20020.18;358.8656
19999.68,0.58,20020.29;358.8656
19999.68,0.58,20020.4;358.8656
19999.68,0.58,20020.4;358.8656
19999.68,0.58,20020.54;358.8656
19999.67,0.58,20020.68;358.8656
19999.67,0.58,20020.68;358.8656
19999.67,0.58,20020.7;358.8656
19999.67,0.58,20020.7;358.8656
19999.67,0.58,20020.82;358.8656
19999.67,0.58,20020.94;358.8656
19999.67,0.58,20020.94;358.8656
19999.67,0.58,20021.01;358.8656
19999.67,0.58,20021.09;358.8656
19999.67,0.58,20021.09;358.8656
19999.66,0.58,20021.19;358.8656
19999.66,0.58,20021.29;358.8656
19999.66,0.58,20021.29;358.8656
19999.66,0.58,20021.37;358.8656
19999.66,0.58,20021.37;358.8656
19999.66,0.58,20021.45;358.8656
19999.66,0.58,20021.45;358.8656
19999.66,0.58,20021.45;358.8656
19999.66,0.58,20021.55;358.8656
19999.65,0.58,20021.65;358.8656
19999.65,0.58,20021.65;358.8656
19999.65,0.58,20021.79;358.8656
19999.65,0.58,20021.93;358.8656
19999.65,0.58,20022.05;358.8656
19999.65,0.58,20022.05;358.8656
19999.64,0.58,20022.19;358.8656
19999.64,0.58,20022.33;358.8656
19999.64,0.58,20022.33;358.8656
19999.64,0.58,20022.42;358.8656
19999.64,0.58,20022.51;358.8656
19999.64,0.58,20022.51;358.8656
19999.63,0.58,20022.62;358.8656
19999.63,0.58,20022.73;358.8656
19999.63,0.58,20022.73;358.8656
19999.63,0.58,20022.87;358.8656
19999.63,0.58,20022.99;358.8656
19999.63,0.58,20023.11;358.8656
19999.63,0.58,20023.11;358.8656
19999.62,0.58,20023.19;358.8656
19999.62,0.58,20023.19;358.8656
19999.62,0.58,20023.19;358.8656
19999.62,0.58,20023.26;358.8656
19999.62,0.58,20023.26;358.8656
19999.62,0.58,20023.36;358.8656
19999.62,0.58,20023.36;358.8656
19999.62,0.58,20023.36;358.8656
19999.62,0.58,20023.48;358.8656
19999.62,0.58,20023.48;358.8656
19999.62,0.58,20023.48;358.8656
19999.62,0.58,20023.65;358.8656
19999.62,0.58,20023.65;358.8656
19999.62,0.58,20023.65;358.8656
19999.61,0.58,20023.83;358.8656
19999.61,0.58,20023.83;358.8656
19999.61,0.58,20024.03;358.8656
19999.61,0.58,20024.03;358.8656
19999.61,0.58,20024.03;358.8656
19999.6,0.58,20024.29;358.8656
19999.6,0.58,20024.29;358.8656
19999.6,0.58,20024.29;358.8656
19999.6,0.58,20024.54;358.8656
19999.6,0.58,20024.54;358.8656
19999.59,0.58,20024.79;358.8656
19999.59,0.58,20024.79;358.8656
19999.59,0.58,20025.05;358.8656
19999.59,0.58,20025.05;358.8656
19999.59,0.58,20025.05;358.8656
19999.58,0.58,20025.3;358.8656
19999.58,0.58,20025.56;358.8656
19999.58,0.58,20025.56;358.8656
19999.57,0.58,20025.81;358.8656
19999.57,0.58,20026.06;358.8656
19999.57,0.58,20026.06;358.8656
19999.56,0.58,20026.32;358.8656
19999.56,0.58,20026.57;358.814
19999.55,0.58,20026.83;358.814
19999.55,0.58,20026.83;358.814
19999.55,0.58,20026.83;358.814
19999.54,0.58,20027.08;358.814
19999.54,0.58,20027.08;358.814
19999.54,0.58,20027.08;358.814
19999.54,0.58,20027.33;358.814
19999.54,0.58,20027.33;358.814
19999.54,0.58,20027.33;358.814
19999.54,0.58,20027.59;358.8083
19999.53,0.58,20027.84;358.8026
19999.53,0.58,20028.1;358.7797
19999.53,0.58,20028.1;358.7797
19999.52,0.58,20028.35;358.7567
19999.51,0.58,20028.6;358.625
19999.51,0.58,20028.6;358.625
19999.51,0.58,20028.86;358.4932
19999.5,0.58,20029.11;358.3442
19999.5,0.58,20029.11;358.3442
19999.49,0.58,20029.37;358.1953
19999.48,0.58,20029.62;358.0405
19999.47,0.58,20029.87;357.9088
19999.47,0.58,20029.87;357.9088
19999.46,0.58,20030.13;357.777
19999.45,0.58,20030.38;357.6223
19999.45,0.58,20030.38;357.6223
19999.45,0.58,20030.38;357.6223
19999.44,0.58,20030.63;357.4561
19999.44,0.58,20030.63;357.4561
19999.44,0.58,20030.63;357.4561
19999.43,0.58,20030.89;357.3243
19999.42,0.58,20031.14;357.1926
19999.4,0.58,20031.39;357.0378
19999.4,0.58,20031.39;357.0378
19999.39,0.58,20031.65;356.8831
19999.38,0.58,20031.9;356.7628
19999.38,0.58,20031.9;356.7628
19999.36,0.58,20032.16;356.6425
19999.35,0.58,20032.41;356.5107
19999.35,0.58,20032.41;356.5107
19999.33,0.58,20032.66;356.4019
19999.33,0.58,20032.66;356.4019
19999.31,0.58,20032.92;356.3044
19999.31,0.58,20032.92;356.3044
19999.31,0.58,20032.92;356.3044
19999.3,0.58,20033.17;356.1956
19999.3,0.58,20033.17;356.1956
19999.3,0.58,20033.17;356.1956
19999.28,0.58,20033.42;356.1898
19999.28,0.58,20033.42;356.1898
19999.26,0.58,20033.68;356.0924
19999.26,0.58,20033.68;356.0924
19999.24,0.58,20033.93;355.9951
19999.23,0.58,20034.18;355.8919
19999.23,0.58,20034.18;355.8919
19999.21,0.58,20034.44;355.7888
19999.19,0.58,20034.69;355.6856
19999.19,0.58,20034.69;355.6856
19999.17,0.58,20034.94;355.5825
19999.15,0.58,20035.2;355.4966
19999.15,0.58,20035.2;355.4966
19999.13,0.58,20035.45;355.3934
19999.13,0.58,20035.45;355.3934
19999.11,0.58,20035.7;355.2903
19999.11,0.58,20035.7;355.2903
19999.09,0.58,20035.96;355.1986
19999.09,0.58,20035.96;355.1986
19999.09,0.58,20035.96;355.1986
19999.06,0.58,20036.21;355.1012
19999.06,0.58,20036.21;355.1012
19999.04,0.58,20036.46;354.998
19999.04,0.58,20036.46;354.998
19999.02,0.58,20036.71;354.8949
19999,0.58,20036.97;354.8204
19999,0.58,20036.97;354.8204
19998.97,0.58,20037.22;354.746
19998.95,0.58,20037.47;354.6543
19998.95,0.58,20037.47;354.6543
19998.93,0.58,20037.73;354.5626
19998.9,0.58,20037.98;354.4709
19998.88,0.58,20038.23;354.3792
19998.85,0.58,20038.48;354.299
19998.85,0.58,20038.48;354.299
19998.83,0.58,20038.74;354.2188
19998.8,0.58,20038.99;354.1214
19998.8,0.58,20038.99;354.1214
19998.77,0.58,20039.24;354.024
19998.75,0.58,20039.5;353.9209
19998.75,0.58,20039.5;353.9209
19998.72,0.58,20039.75;353.8177
19998.69,0.58,20040;353.7318
19998.66,0.58,20040.25;353.6172
19998.66,0.58,20040.25;353.6172
19998.66,0.58,20040.25;353.6172
19998.63,0.58,20040.5;353.5083
19998.63,0.58,20040.5;353.5083
19998.63,0.58,20040.5;353.5083
19998.61,0.58,20040.75;353.4281
19998.61,0.58,20040.75;353.4281
19998.61,0.58,20040.75;353.4281
19998.58,0.58,20041;353.3365
19998.55,0.58,20041.26;353.2448
19998.52,0.58,20041.51;353.1588
19998.52,0.58,20041.51;353.1588
19998.49,0.58,20041.76;353.0729
19998.46,0.58,20042.01;352.9927
19998.46,0.58,20042.01;352.9927
19998.42,0.58,20042.26;352.9124
19998.39,0.58,20042.51;352.8093
19998.39,0.58,20042.51;352.8093
19998.36,0.58,20042.76;352.7062
19998.33,0.58,20043.01;352.6031
19998.29,0.58,20043.27;352.5114
19998.29,0.58,20043.27;352.5114
19998.29,0.58,20043.27;352.5114
