20000,0.5,20000;0
20000,0.58,20000.12;359.9141
20000,0.58,20000.24;359.7995
20000,0.58,20000.36;359.7278
20000,0.58,20000.48;359.556
20000,0.58,20000.61;359.2695
19999.99,0.58,20000.74;358.9973
19999.99,0.58,20000.87;358.7968
19999.99,0.58,20000.99;358.6965
19999.98,0.58,20001.13;358.5819
19999.98,0.58,20001.26;358.3528
19999.98,0.58,20001.4;358.0663
19999.97,0.58,20001.53;357.7941
19999.97,0.58,20001.65;357.5506
19999.96,0.58,20001.78;357.2928
19999.95,0.58,20001.91;357.0206
19999.95,0.58,20002.03;356.8057
19999.94,0.58,20002.15;356.5336
19999.93,0.58,20002.27;356.2471
19999.92,0.58,20002.39;355.9749
19999.91,0.58,20002.5;355.6884
19999.91,0.58,20002.62;355.4306
19999.9,0.58,20002.73;355.1728
19999.89,0.58,20002.84;354.9006
19999.88,0.58,20002.9;354.6428
19999.88,0.58,20002.96;354.4136
19999.87,0.58,20003.02;354.2274
19999.86,0.58,20003.08;353.9552
19999.86,0.58,20003.14;353.7261
19999.85,0.58,20003.15;353.5255
19999.85,0.58,20003.18;353.2534
19999.84,0.58,20003.23;352.9812
19999.84,0.58,20003.29;352.7234
19999.83,0.58,20003.34;352.4655
19999.82,0.58,20003.39;352.1934
19999.82,0.58,20003.44;351.9642
19999.81,0.58,20003.45;351.778
19999.81,0.58,20003.46;351.5202
19999.81,0.58,20003.47;351.2337
19999.81,0.58,20003.48;351.0045
19999.81,0.58,20003.5;350.7323
19999.81,0.58,20003.5;350.4888
19999.8,0.58,20003.53;350.231
19999.8,0.58,20003.55;349.9445
19999.79,0.58,20003.57;349.6867
19999.79,0.58,20003.6;349.4432
19999.79,0.58,20003.62;349.171
19999.78,0.58,20003.63;348.9132
19999.78,0.58,20003.65;348.6553
19999.77,0.58,20003.69;348.4118
19999.77,0.58,20003.72;348.1253
19999.76,0.58,20003.77;347.8532
19999.75,0.58,20003.78;347.581
19999.74,0.58,20003.82;347.3375
19999.73,0.58,20003.86;347.051
19999.73,0.58,20003.86;346.7789
19999.72,0.58,20003.91;346.5067
19999.71,0.58,20003.97;346.2202
19999.69,0.58,20004.02;345.9337
19999.68,0.58,20004.07;345.6616
19999.67,0.58,20004.12;345.3894
19999.66,0.58,20004.14;345.103
19999.65,0.58,20004.18;344.8165
19999.64,0.58,20004.22;344.5443
19999.63,0.58,20004.26;344.2722
19999.62,0.58,20004.3;343.957
19999.61,0.58,20004.33;343.6849
19999.6,0.58,20004.37;343.3984
19999.59,0.58,20004.4;343.1549
19999.58,0.58,20004.43;342.8684
19999.57,0.58,20004.46;342.5819
19999.56,0.58,20004.48;342.2954
19999.55,0.58,20004.51;342.0089
19999.55,0.58,20004.53;341.7081
19999.54,0.58,20004.55;341.436
19999.53,0.58,20004.57;341.1495
19999.53,0.58,20004.59;340.8344
19999.52,0.58,20004.61;340.5622
19999.52,0.58,20004.62;340.2901
19999.51,0.58,20004.63;339.9893
19999.51,0.58,20004.64;339.7314
19999.5,0.58,20004.65;339.4449
19999.5,0.58,20004.66;339.1584
19999.5,0.58,20004.66;338.872
19999.5,0.58,20004.66;338.5855
19999.5,0.58,20004.66;338.3133
19999.5,0.58,20004.66;338.0842
19999.5,0.58,20004.66;337.8406
19999.51,0.58,20004.65;337.5542
19999.51,0.58,20004.64;337.2677
19999.51,0.58,20004.63;336.9955
19999.52,0.58,20004.62;336.709
19999.53,0.58,20004.6;336.4512
19999.53,0.58,20004.59;336.3223
19999.54,0.58,20004.56;336.0215
19999.55,0.58,20004.54;335.735
19999.56,0.58,20004.52;335.4485
19999.58,0.58,20004.49;335.1764
19999.59,0.58,20004.46;334.8755
19999.61,0.58,20004.42;334.5748
19999.62,0.58,20004.4;334.1594
19999.62,0.58,20004.39;334.1021
19999.62,0.58,20004.39;333.5148
19999.63,0.58,20004.38;332.5264
19999.64,0.58,20004.36;331.0367
19999.67,0.58,20004.32;329.2176
19999.68,0.58,20004.29;327.3985
19999.7,0.58,20004.26;325.5793
19999.73,0.58,20004.23;323.8032
19999.75,0.58,20004.19;323.3161
19999.79,0.58,20004.15;321.497
19999.82,0.58,20004.11;319.6779
19999.86,0.58,20004.07;317.8587
19999.89,0.58,20004.03;316.0396
19999.94,0.58,20003.99;314.2205
19999.98,0.58,20003.95;313.891
20000.02,0.58,20003.91;312.0719
20000.07,0.58,20003.87;310.2527
20000.12,0.58,20003.83;308.4336
20000.17,0.58,20003.8;306.6144
20000.21,0.58,20003.76;304.7953
20000.27,0.58,20003.73;302.9762
20000.33,0.58,20003.69;301.157
20000.4,0.58,20003.65;299.3379
20000.46,0.58,20003.62;297.5187
20000.52,0.58,20003.59;295.6996
20000.59,0.58,20003.56;293.8805
20000.66,0.58,20003.54;292.0613
20000.73,0.58,20003.51;290.2422
20000.79,0.58,20003.49;288.423
20000.87,0.58,20003.46;286.6039
20000.93,0.58,20003.45;284.7848
20000.98,0.58,20003.44;282.9656
20001.04,0.58,20003.42;281.1465
20001.1,0.58,20003.41;279.3274
20001.16,0.58,20003.41;277.5082
20001.24,0.58,20003.4;275.6891
20001.38,0.58,20003.39;273.8699
20001.38,0.58,20003.39;272.0508
20001.38,0.58,20003.39;270.2317
20001.48,0.58,20003.39;268.4125
20001.53,0.58,20003.39;268.0258
20001.54,0.58,20003.39;267.2666
20001.54,0.58,20003.39;267.195
20001.54,0.58,20003.39;267.2666
20001.52,0.58,20003.39;267.2809
20001.52,0.58,20003.39;267.4242
20001.52,0.58,20003.39;267.682
20001.52,0.58,20003.39;268.2263
20001.52,0.58,20003.39;269.3149
20001.52,0.58,20003.39;270.8333
20001.52,0.58,20003.39;272.6524
20001.52,0.58,20003.39;274.4716
20001.52,0.58,20003.39;276.2907
20001.41,0.58,20003.41;278.1098
20001.3,0.58,20003.43;279.929
20001.29,0.58,20003.43;281.7481
20001.25,0.58,20003.44;283.5672
20001.17,0.58,20003.46;285.3864
20001.1,0.58,20003.48;287.2055
20001.05,0.58,20003.5;289.0247
20000.98,0.58,20003.53;290.8438
20000.89,0.58,20003.56;292.6629
20000.81,0.58,20003.6;294.4821
20000.73,0.58,20003.64;296.3012
20000.65,0.58,20003.68;298.1203
20000.56,0.58,20003.74;299.9395
20000.47,0.58,20003.79;301.7586
20000.39,0.58,20003.84;303.5778
20000.31,0.58,20003.9;305.3969
20000.22,0.58,20003.97;307.216
20000.15,0.58,20004.03;309.0352
20000.09,0.58,20004.08;310.8543
20000.04,0.58,20004.13;312.6735
20000,0.58,20004.16;314.4926
19999.96,0.58,20004.2;316.3117
19999.93,0.58,20004.24;318.1309
19999.91,0.58,20004.27;319.95
19999.91,0.58,20004.27;321.7691
19999.91,0.58,20004.27;323.5883
19999.91,0.58,20004.27;325.4074
19999.91,0.58,20004.27;327.2266
19999.91,0.58,20004.27;329.0457
19999.9,0.58,20004.27;330.8648
19999.9,0.58,20004.27;332.684
19999.9,0.58,20004.27;334.5031
19999.9,0.58,20004.28;336.3223
19999.89,0.58,20004.3;338.1414
19999.88,0.58,20004.32;339.9605
19999.85,0.58,20004.44;341.7797
19999.81,0.58,20004.55;343.5988
19999.77,0.58,20004.71;345.4179
19999.74,0.58,20004.87;347.2371
19999.71,0.58,20004.99;349.0562
19999.69,0.58,20005.13;350.8754
19999.67,0.58,20005.29;352.6945
19999.65,0.58,20005.49;354.5136
19999.64,0.58,20005.7;356.3328
19999.63,0.58,20005.88;358.1519
19999.63,0.58,20006.03;359.971
19999.64,0.58,20006.19;1.790192
19999.65,0.58,20006.34;3.60933
19999.66,0.58,20006.48;5.428468
19999.68,0.58,20006.63;7.247607
19999.7,0.58,20006.77;9.066746
19999.72,0.58,20006.87;10.88588
19999.72,0.58,20006.87;12.70502
19999.73,0.58,20006.92;14.52416
19999.77,0.58,20007.04;16.3433
19999.81,0.58,20007.16;18.16244
19999.86,0.58,20007.31;19.98158
19999.92,0.58,20007.45;21.60018
19999.99,0.58,20007.61;23.21879
20000.05,0.58,20007.75;24.83739
20000.1,0.58,20007.84;26.456
20000.11,0.58,20007.86;28.07461
20000.11,0.58,20007.86;29.69321
20000.08,0.58,20007.82;31.31182
20000.05,0.58,20007.77;32.93042
20000,0.58,20007.7;34.54903
19999.93,0.58,20007.61;36.16763
19999.86,0.58,20007.52;37.78624
19999.82,0.58,20007.47;39.40485
19999.81,0.58,20007.45;41.02346
19999.81,0.58,20007.46;42.64207
19999.81,0.58,20007.46;44.26067
19999.82,0.58,20007.46;45.87928
19999.82,0.58,20007.46;47.49789
19999.82,0.58,20007.46;49.11649
19999.82,0.58,20007.46;50.73509
19999.82,0.58,20007.46;52.3537
19999.82,0.58,20007.46;53.97231
19999.82,0.58,20007.46;55.59091
19999.83,0.58,20007.47;57.20952
19999.83,0.58,20007.47;58.82812
19999.83,0.58,20007.47;60.44673
19999.83,0.58,20007.47;62.06533
19999.83,0.58,20007.47;63.68395
19999.84,0.58,20007.47;65.30257
19999.84,0.58,20007.47;66.92117
19999.84,0.58,20007.47;68.53978
19999.84,0.58,20007.47;70.15839
19999.84,0.58,20007.47;71.777
19999.84,0.58,20007.47;73.39561
19999.84,0.58,20007.47;75.01421
19999.84,0.58,20007.47;76.63282
19999.79,0.58,20007.46;74.81367
19999.79,0.58,20007.46;72.99453
19999.79,0.58,20007.46;71.17539
19999.79,0.58,20007.46;69.35625
19999.79,0.58,20007.46;67.53712
19999.79,0.58,20007.46;65.71798
19999.79,0.58,20007.46;63.89884
19999.79,0.58,20007.46;62.0797
19999.79,0.58,20007.46;60.26056
19999.79,0.58,20007.46;58.44142
19999.79,0.58,20007.46;56.62228
19999.79,0.58,20007.46;54.80315
19999.79,0.58,20007.46;52.98401
19999.79,0.58,20007.46;51.16487
19999.79,0.58,20007.46;49.34573
19999.79,0.58,20007.46;47.5266
19999.72,0.58,20007.39;45.70745
19999.64,0.58,20007.31;43.88832
19999.57,0.58,20007.23;42.71376
19999.51,0.58,20007.16;40.89462
19999.45,0.58,20007.08;39.07548
19999.39,0.58,20007;37.25634
19999.32,0.58,20006.91;35.4372
19999.27,0.58,20006.83;33.61806
19999.22,0.58,20006.76;31.79893
19999.17,0.58,20006.67;29.97979
19999.13,0.58,20006.6;28.16065
19999.09,0.58,20006.51;26.34151
19999.04,0.58,20006.41;24.52237
19999,0.58,20006.31;22.70323
19998.96,0.58,20006.21;20.88409
19998.93,0.58,20006.12;19.06496
19998.93,0.58,20006.1;17.24582
19998.93,0.58,20006.1;15.42668
19998.93,0.58,20006.1;13.60754
19998.92,0.58,20006.09;11.7884
19998.92,0.58,20006.09;9.969263
19998.92,0.58,20006.09;8.150126
19998.92,0.58,20006.09;8.078511
19998.92,0.58,20006.09;8.937943
19998.93,0.58,20006.14;9.89765
19998.94,0.58,20006.16;10.75708
19998.94,0.58,20006.19;11.64516
19998.95,0.58,20006.22;12.5046
19998.96,0.58,20006.26;13.4643
19998.97,0.58,20006.31;14.43833
19998.98,0.58,20006.35;15.34074
19998.99,0.58,20006.39;16.12856
19999,0.58,20006.41;16.73017
19999.01,0.58,20006.43;17.00233
19999.01,0.58,20006.43;17.00233
19999.01,0.58,20006.43;16.78747
19999.01,0.58,20006.43;16.42938
19999,0.58,20006.41;15.97101
19999,0.58,20006.39;15.49832
19998.99,0.58,20006.38;15.02563
19998.99,0.58,20006.37;14.48132
19998.99,0.58,20006.36;13.85107
19998.98,0.58,20006.35;13.06325
19998.98,0.58,20006.34;12.08922
19998.97,0.58,20006.29;11.14384
19998.96,0.58,20006.24;10.31305
19998.96,0.58,20006.21;9.63983
19998.96,0.58,20006.19;9.038221
19998.95,0.58,20006.18;8.52256
19998.95,0.58,20006.16;7.963932
19998.95,0.58,20006.14;7.419627
19998.95,0.58,20006.12;6.918289
19998.94,0.58,20006.1;6.459922
19998.94,0.58,20006.09;5.901293
19998.94,0.58,20006.08;5.37131
19998.94,0.58,20006.06;4.841328
19998.94,0.58,20006.05;4.339991
19998.94,0.58,20006.05;3.781361
19998.94,0.58,20006.03;3.108138
19998.94,0.58,20006.03;2.578155
19998.94,0.58,20006.02;2.048172
19998.94,0.58,20006.01;1.647107
19998.94,0.58,20006.01;1.374948
19998.94,0.58,20006.01;1.403594
19998.94,0.58,20006.01;1.546835
19998.94,0.58,20006.01;1.647107
19998.94,0.58,20006.14;1.489543
19998.95,0.58,20006.4;1.446574
19998.95,0.58,20006.65;0.7160473
19998.95,0.58,20006.91;359.6131
19998.94,0.58,20007.16;358.1664
19998.93,0.58,20007.41;356.8486
19998.91,0.58,20007.67;355.6597
19998.88,0.58,20007.92;354.4851
19998.86,0.58,20008.17;354.0268
19998.83,0.58,20008.42;352.8379
19998.79,0.58,20008.68;351.6347
19998.75,0.58,20008.93;350.4888
19998.7,0.58,20009.18;349.2569
19998.65,0.58,20009.42;348.025
19998.59,0.58,20009.67;347.0653
19998.53,0.58,20009.92;345.7475
19998.46,0.58,20010.16;344.7305
19998.39,0.58,20010.41;344.7305
19998.33,0.58,20010.65;344.7305
19998.26,0.58,20010.9;344.7305
19998.19,0.58,20011.14;344.6302
19998.13,0.58,20011.39;344.53
19998.06,0.58,20011.63;344.4297
19997.99,0.58,20011.88;344.3294
19997.92,0.58,20012.12;344.2292
19997.85,0.58,20012.37;344.1289
19997.78,0.58,20012.61;344.0286
19997.71,0.58,20012.85;343.9284
19997.64,0.58,20013.1;343.8281
19997.57,0.58,20013.34;343.7278
19997.5,0.58,20013.59;343.6275
19997.42,0.58,20013.83;343.5273
19997.35,0.58,20014.07;343.427
19997.28,0.58,20014.32;343.3267
19997.21,0.58,20014.56;343.2408
19997.13,0.58,20014.8;343.1548
19997.06,0.58,20015.04;342.9973
19996.98,0.58,20015.29;342.1235
19996.9,0.58,20015.53;341.2211
19996.81,0.58,20015.77;340.1182
19996.72,0.58,20016;338.9293
19996.62,0.58,20016.24;337.7547
19996.52,0.58,20016.47;336.4799
19996.42,0.58,20016.7;335.1621
19996.3,0.58,20016.93;333.9732
19996.19,0.58,20017.16;332.7413
19996.07,0.58,20017.38;331.5238
19995.94,0.58,20017.6;330.4065
19995.81,0.58,20017.82;329.2176
19995.68,0.58,20018.03;327.7996
19995.54,0.58,20018.24;326.4818
19995.39,0.58,20018.45;325.1067
19995.24,0.58,20018.66;323.7316
19995.08,0.58,20018.86;322.3851
19994.92,0.58,20019.06;321.01
19994.76,0.58,20019.25;319.6922
19994.59,0.58,20019.44;318.3744
19994.42,0.58,20019.63;317.1282
19994.24,0.58,20019.81;316.0396
19994.06,0.58,20019.99;314.8651
19993.88,0.58,20020.16;313.6332
19993.69,0.58,20020.34;312.43
19993.5,0.58,20020.5;311.2697
19993.31,0.58,20020.67;311.8713
19993.12,0.58,20020.84;312.387
19992.94,0.58,20021.02;312.8024
19992.75,0.58,20021.19;313.1032
19992.57,0.58,20021.37;313.6332
19992.39,0.58,20021.54;314.4067
19992.21,0.58,20021.72;315.5956
19992.04,0.58,20021.91;317.3001
19991.87,0.58,20022.1;319.1193
19991.71,0.58,20022.3;320.9384
19991.56,0.58,20022.5;322.7576
19991.41,0.58,20022.71;324.5767
19991.27,0.58,20022.92;326.3958
19991.13,0.58,20023.14;328.215
19991.01,0.58,20023.36;330.0341
19990.89,0.58,20023.58;331.8532
19990.78,0.58,20023.81;333.6724
19990.67,0.58,20024.04;335.4915
19990.57,0.58,20024.27;337.3107
19990.48,0.58,20024.51;339.1298
19990.4,0.58,20024.75;340.9489
19990.32,0.58,20024.99;342.7681
19990.26,0.58,20025.24;344.5872
19990.2,0.58,20025.49;346.4063
19990.16,0.58,20025.67;348.2255
19990.14,0.58,20025.75;350.0446
19990.13,0.58,20025.83;351.8638
19990.12,0.58,20025.91;353.6829
19990.12,0.58,20025.99;355.502
19990.11,0.58,20026.06;357.3212
19990.11,0.58,20026.14;359.1403
19990.11,0.58,20026.21;0.9594595
19990.11,0.58,20026.21;2.778598
19990.11,0.58,20026.21;4.597737
19990.11,0.58,20026.21;6.416875
19990.11,0.58,20026.21;8.236013
19990.11,0.58,20026.21;10.05515
19990.11,0.58,20026.21;11.87429
19990.11,0.58,20026.21;13.69343
19990.11,0.58,20026.21;15.51257
19990.11,0.58,20026.21;17.33171
19990.11,0.58,20026.21;19.15085
19990.11,0.58,20026.21;20.96999
19990.11,0.58,20026.21;22.78913
19990.11,0.58,20026.21;22.93237
19990.11,0.58,20026.21;23.14722
19990.11,0.58,20026.21;23.24749
19990.11,0.58,20026.21;23.24749
19990.14,0.58,20026.28;23.44802
19990.14,0.58,20026.28;23.64856
19990.14,0.58,20026.27;23.86341
19990.14,0.58,20026.27;24.12125
19990.13,0.58,20026.26;24.37908
19990.13,0.58,20026.25;24.60826
19990.13,0.58,20026.23;24.85177
19990.12,0.58,20026.23;25.02366
19990.12,0.58,20026.22;25.20987
19990.12,0.58,20026.22;25.43905
19990.11,0.58,20026.21;25.66823
19990.11,0.58,20026.21;25.94038
19990.12,0.58,20026.21;26.19822
19990.11,0.58,20026.2;26.45605
19990.1,0.58,20026.18;26.69957
19990.1,0.58,20026.19;26.9001
19990.12,0.58,20026.21;26.94307
19990.13,0.58,20026.24;27.11495
19990.14,0.58,20026.27;27.30117
19990.16,0.58,20026.3;27.5017
19990.17,0.58,20026.33;27.6879
19990.19,0.58,20026.36;27.83115
19990.21,0.58,20026.38;27.91709
19990.18,0.58,20026.33;28.00304
19990.17,0.58,20026.33;28.04601
19990.18,0.58,20026.33;28.1033
19990.17,0.58,20026.32;28.27519
19990.18,0.58,20026.34;28.5187
19990.19,0.58,20026.36;28.73355
19990.17,0.58,20026.33;28.8768
19990.16,0.58,20026.3;29.04869
19990.15,0.58,20026.29;29.14896
19990.12,0.58,20026.24;29.33517
19990.09,0.58,20026.17;29.5357
19990.08,0.58,20026.16;29.80786
19990.08,0.58,20026.16;30.08002
19990.08,0.58,20026.15;30.29487
19990.08,0.58,20026.15;30.4954
19990.07,0.58,20026.14;30.65296
19990.08,0.58,20026.16;30.79621
19990.14,0.58,20026.27;30.95377
19990.28,0.58,20026.48;31.19728
19990.41,0.58,20026.7;31.4408
19990.54,0.58,20026.92;31.69864
19990.61,0.58,20027.02;31.89917
19990.68,0.58,20027.13;32.11403
19990.74,0.58,20027.24;32.31456
19990.81,0.58,20027.35;32.54374
19990.88,0.58,20027.46;32.72995
19990.89,0.58,20027.46;32.93049
19990.89,0.58,20027.47;33.1167
19990.9,0.58,20027.48;33.31723
19990.89,0.58,20027.46;33.57506
19990.83,0.58,20027.38;33.84723
19990.86,0.58,20027.42;34.09074
19990.85,0.58,20027.41;34.37722
19990.85,0.58,20027.41;34.6637
19990.84,0.58,20027.4;34.89288
19990.79,0.58,20027.33;35.10773
19990.78,0.58,20027.3;35.35125
19990.78,0.58,20027.3;35.60909
19990.76,0.58,20027.29;35.8526
19990.76,0.58,20027.28;36.09611
19990.74,0.58,20027.26;36.32529
19990.75,0.58,20027.26;36.5688
19990.74,0.58,20027.25;36.71204
19990.83,0.58,20027.37;36.8696
19990.98,0.58,20027.57;37.02717
19991.1,0.58,20027.73;37.15609
19991.21,0.58,20027.88;37.32798
19991.33,0.58,20028.03;37.48554
19991.45,0.58,20028.19;37.67175
19991.57,0.58,20028.34;37.82931
19991.68,0.58,20028.49;37.97256
19991.8,0.58,20028.64;38.13012
19991.92,0.58,20028.79;38.27336
19991.92,0.58,20028.79;38.38795
19991.93,0.58,20028.8;38.45957
19991.92,0.58,20028.79;38.57416
19991.93,0.58,20028.79;38.73173
19991.92,0.58,20028.79;38.94659
19991.91,0.58,20028.77;39.17577
19991.91,0.58,20028.77;39.3763
19991.88,0.58,20028.73;39.61981
19991.88,0.58,20028.74;39.83466
19991.88,0.58,20028.74;40.00655
19991.88,0.58,20028.74;40.19276
19991.88,0.58,20028.74;40.40762
19991.95,0.58,20028.82;40.6368
19991.95,0.58,20028.82;40.92328
19991.96,0.58,20028.83;41.10949
19991.98,0.58,20028.85;41.39597
19991.96,0.58,20028.83;41.63948
19991.97,0.58,20028.84;41.89732
19991.96,0.58,20028.83;42.06921
19992.13,0.58,20029.02;42.26974
19992.3,0.58,20029.21;42.49892
19992.47,0.58,20029.39;42.69945
19992.64,0.58,20029.57;42.88566
19992.81,0.58,20029.75;43.08619
19992.97,0.58,20029.93;43.3297
19993.14,0.58,20030.11;43.54455
19993.31,0.58,20030.28;43.74509
19993.32,0.58,20030.29;43.9313
19993.39,0.58,20030.37;44.11751
19993.57,0.58,20030.55;44.28939
19993.75,0.58,20030.73;44.48993
19993.93,0.58,20030.91;44.71911
19994.11,0.58,20031.09;44.93396
19994.29,0.58,20031.27;45.1918
19994.47,0.58,20031.45;45.44962
19994.65,0.58,20031.63;45.69314
19994.83,0.58,20031.8;45.908
19995.02,0.58,20031.98;46.12285
19995.2,0.58,20032.15;46.39501
19995.39,0.58,20032.33;46.65285
19995.57,0.58,20032.5;46.89636
19995.76,0.58,20032.68;47.16852
19995.95,0.58,20032.85;47.42635
19996.13,0.58,20033.02;47.64122
19996.32,0.58,20033.19;47.79878
19996.51,0.58,20033.36;47.95634
19996.7,0.58,20033.53;48.11391
19996.89,0.58,20033.7;48.31444
19997.08,0.58,20033.87;48.51498
19997.27,0.58,20034.03;48.68687
19997.46,0.58,20034.2;48.84443
19997.65,0.58,20034.37;49.00199
19997.84,0.58,20034.53;49.14523
19998.04,0.58,20034.7;49.1882
19998.23,0.58,20034.87;49.33144
19998.42,0.58,20035.03;49.47468
19998.62,0.58,20035.2;49.5463
19998.81,0.58,20035.36;49.76115
19999,0.58,20035.52;50.01899
19999.2,0.58,20035.68;50.30547
19999.4,0.58,20035.85;50.53464
19999.59,0.58,20036.01;50.7495
19999.79,0.58,20036.17;50.9357
19999.99,0.58,20036.33;51.12191
20000.19,0.58,20036.48;51.35109
20000.38,0.58,20036.64;51.60892
20000.58,0.58,20036.8;51.89541
20000.79,0.58,20036.96;52.18188
20000.99,0.58,20037.11;52.43972
20001.19,0.58,20037.26;52.69756
20001.39,0.58,20037.42;52.95539
20001.59,0.58,20037.57;53.12727
20001.8,0.58,20037.72;53.28484
20002,0.58,20037.87;53.557
20002.21,0.58,20038.02;53.80051
20002.41,0.58,20038.17;54.01537
20002.62,0.58,20038.32;54.2732
20002.83,0.58,20038.47;54.53105
20003.03,0.58,20038.61;54.73158
20003.24,0.58,20038.76;54.94643
20003.45,0.58,20038.9;55.16129
20003.66,0.58,20039.05;55.4048
20003.87,0.58,20039.19;55.63398
20004.08,0.58,20039.33;55.86316
20004.29,0.58,20039.48;56.09233
20004.5,0.58,20039.62;56.35016
20004.71,0.58,20039.76;56.62232
20004.93,0.58,20039.89;56.86584
20005.14,0.58,20040.03;57.15232
20005.35,0.58,20040.17;57.29556
20005.57,0.58,20040.31;57.49609
20005.78,0.58,20040.44;57.72527
20006,0.58,20040.58;57.95444
20006.21,0.58,20040.71;58.18362
20006.43,0.58,20040.84;58.42713
20006.65,0.58,20040.98;58.67065
20006.86,0.58,20041.11;58.89983
20007.08,0.58,20041.24;59.14334
