20000,0.5,20000;0
20000,0.58,20000.25;359.8854
20000,0.58,20000.51;359.7135
20000,0.58,20000.76;359.556
19999.99,0.58,20001.01;359.47
19999.99,0.58,20001.25;359.3554
19999.99,0.58,20001.35;359.2408
19999.99,0.58,20001.61;359.1405
19999.98,0.58,20001.86;358.9687
19999.98,0.58,20002.12;358.7824
19999.97,0.58,20002.37;358.6392
19999.96,0.58,20002.62;358.5246
19999.96,0.58,20002.88;358.3527
19999.95,0.58,20003.13;358.1808
19999.94,0.58,20003.38;357.9803
19999.93,0.58,20003.64;357.7941
19999.92,0.58,20003.89;357.6365
19999.91,0.58,20004.15;357.4647
19999.9,0.58,20004.4;357.3071
19999.88,0.58,20004.65;357.1352
19999.87,0.58,20004.91;356.9347
19999.86,0.58,20005.16;356.8201
19999.84,0.58,20005.41;356.6912
19999.83,0.58,20005.67;356.5766
19999.82,0.58,20005.8;356.419
19999.8,0.58,20006.05;356.2614
19999.78,0.58,20006.31;356.1755
19999.77,0.58,20006.56;356.0752
19999.75,0.58,20006.82;355.9463
19999.73,0.58,20007.07;355.7887
19999.71,0.58,20007.32;355.6025
19999.69,0.58,20007.58;355.5739
19999.67,0.58,20007.83;355.5595
19999.67,0.58,20007.9;355.5452
19999.66,0.58,20007.97;355.4879
19999.65,0.58,20008.1;355.4879
19999.63,0.58,20008.36;355.3877
19999.61,0.58,20008.55;355.2301
19999.59,0.58,20008.8;355.1441
19999.57,0.58,20009.06;355.0582
19999.55,0.58,20009.31;354.9579
19999.52,0.58,20009.56;354.872
19999.5,0.58,20009.82;354.7717
19999.48,0.58,20010.07;354.6571
19999.45,0.58,20010.32;354.5425
19999.43,0.58,20010.58;354.4566
19999.4,0.58,20010.83;354.3563
19999.38,0.58,20011.08;354.2274
19999.35,0.58,20011.33;354.0984
19999.34,0.58,20011.46;353.9982
19999.31,0.58,20011.71;353.9266
19999.29,0.58,20011.96;353.8406
19999.26,0.58,20012.21;353.7404
19999.24,0.58,20012.34;353.6115
19999.21,0.58,20012.59;353.5112
19999.19,0.58,20012.85;353.4395
19999.16,0.58,20013.1;353.3536
19999.13,0.58,20013.35;353.2676
19999.1,0.58,20013.6;353.1674
19999.06,0.58,20013.85;353.0528
19999.03,0.58,20014.11;352.9382
19999,0.58,20014.36;352.8666
19998.97,0.58,20014.61;352.7806
19998.94,0.58,20014.86;352.6947
19998.91,0.58,20015.11;352.6231
19998.87,0.58,20015.37;352.4941
19998.84,0.58,20015.62;352.3939
19998.82,0.58,20015.74;352.3366
19998.79,0.58,20015.95;352.2936
19998.76,0.58,20016.2;352.1933
19998.72,0.58,20016.45;352.0931
19998.72,0.58,20016.51;351.9785
19998.7,0.58,20016.65;351.9069
19998.66,0.58,20016.9;351.8209
19998.62,0.58,20017.15;351.7493
19998.59,0.58,20017.41;351.6634
19998.55,0.58,20017.66;351.5774
19998.51,0.58,20017.91;351.4915
19998.47,0.58,20018.16;351.3912
19998.44,0.58,20018.41;351.2479
19998.4,0.58,20018.66;351.119
19998.36,0.58,20018.91;351.0187
19998.32,0.58,20019.16;350.9328
19998.28,0.58,20019.41;350.8039
19998.23,0.58,20019.66;350.6893
19998.19,0.58,20019.92;350.5461
19998.15,0.58,20020.17;350.4458
19998.11,0.58,20020.42;350.3598
19998.07,0.58,20020.67;350.3025
19998.02,0.58,20020.92;350.2023
19998.01,0.58,20020.97;350.0877
19997.97,0.58,20021.22;349.9731
19997.92,0.58,20021.47;349.8728
19997.88,0.58,20021.72;349.8012
19997.83,0.58,20021.97;349.7296
19997.79,0.58,20022.22;349.658
19997.74,0.58,20022.47;349.572
19997.7,0.58,20022.72;349.4717
19997.65,0.58,20022.97;349.3571
19997.6,0.58,20023.22;349.2282
19997.55,0.58,20023.47;349.1136
19997.5,0.58,20023.72;349.0277
19997.46,0.58,20023.97;348.9417
19997.41,0.58,20024.22;348.8701
19997.36,0.58,20024.47;348.7698
19997.31,0.58,20024.72;348.6696
19997.26,0.58,20024.97;348.5263
19997.21,0.58,20025.2;348.4404
19997.16,0.58,20025.44;348.3831
19997.11,0.58,20025.69;348.3258
19997.06,0.58,20025.93;348.2398
19997.01,0.58,20026.18;348.1252
19996.97,0.58,20026.33;348.0393
19996.92,0.58,20026.58;347.9677
19996.88,0.58,20026.79;348.2398
19996.88,0.58,20026.8;348.9417
19996.88,0.58,20026.78;349.0563
19996.88,0.58,20026.76;348.8271
19996.89,0.58,20026.75;348.469
19996.89,0.58,20026.74;348.3688
19996.88,0.58,20026.75;348.3258
19996.88,0.58,20026.75;348.2685
19996.89,0.58,20026.74;348.0966
19996.89,0.58,20026.74;347.9391
19996.89,0.58,20026.74;347.7672
19996.89,0.58,20026.74;347.6239
19996.89,0.58,20026.74;347.452
19996.89,0.58,20026.74;347.2945
19996.89,0.58,20026.74;347.1656
19996.89,0.58,20026.73;347.0223
19996.89,0.58,20026.71;346.3204
19996.9,0.58,20026.68;345.5756
19996.91,0.58,20026.65;344.6445
19996.91,0.58,20026.64;343.914
19996.91,0.58,20026.64;342.8827
19996.91,0.58,20026.64;341.9803
19996.91,0.58,20026.64;341.0779
19996.91,0.58,20026.64;340.1182
19996.91,0.58,20026.64;339.3017
19996.91,0.58,20026.64;338.4279
19996.91,0.58,20026.64;337.3966
19996.91,0.58,20026.64;336.3796
19996.91,0.58,20026.64;335.5488
19996.91,0.58,20026.64;334.7897
19996.93,0.58,20026.61;334.1594
19996.93,0.58,20026.6;334.0591
19996.93,0.58,20026.61;333.9589
19996.93,0.58,20026.61;333.9159
19996.93,0.58,20026.62;333.9732
19996.91,0.58,20026.64;334.4602
19996.89,0.58,20026.69;335.4199
19996.88,0.58,20026.73;336.4655
19996.85,0.58,20026.79;337.855
19996.83,0.58,20026.85;339.2301
19996.8,0.58,20026.92;340.5049
19996.78,0.58,20026.98;341.6222
19996.76,0.58,20027.06;342.9973
19996.74,0.58,20027.13;344.2864
19996.72,0.58,20027.2;345.375
19996.7,0.58,20027.27;346.6785
19996.69,0.58,20027.35;348.0107
19996.67,0.58,20027.44;349.1279
19996.66,0.58,20027.51;350.4457
19996.64,0.58,20027.6;351.563
19996.63,0.58,20027.66;352.8521
19996.63,0.58,20027.74;354.2129
19996.62,0.58,20027.82;355.3302
19996.62,0.58,20027.83;356.648
19996.62,0.58,20027.84;357.8082
19996.62,0.58,20027.86;359.1547
19996.62,0.58,20027.94;0.3005799
19996.62,0.58,20028.01;1.647027
19996.63,0.58,20028.09;2.964828
19996.63,0.58,20028.15;4.325599
19996.64,0.58,20028.23;5.45719
19996.65,0.58,20028.32;6.760669
19996.66,0.58,20028.39;8.107117
19996.67,0.58,20028.47;9.19574
19996.69,0.58,20028.54;10.47057
19996.7,0.58,20028.63;11.77405
19996.72,0.58,20028.71;13.03456
19996.74,0.58,20028.79;14.09454
19996.76,0.58,20028.86;15.31208
19996.79,0.58,20028.96;16.48664
19996.82,0.58,20029.05;17.01662
19996.83,0.58,20029.08;17.18851
19996.83,0.58,20029.08;17.18851
19996.82,0.58,20029.07;17.23148
19996.83,0.58,20029.07;17.48932
19996.83,0.58,20029.09;17.71849
19996.84,0.58,20029.1;17.99065
19996.84,0.58,20029.12;18.24849
19996.84,0.58,20029.13;18.47767
19996.85,0.58,20029.14;18.7355
19996.85,0.58,20029.15;18.97902
19996.86,0.58,20029.16;19.05063
19996.86,0.58,20029.18;19.12225
19996.87,0.58,20029.21;19.19386
19996.88,0.58,20029.25;19.17953
19996.9,0.58,20029.28;19.36575
19996.91,0.58,20029.32;19.60926
19996.93,0.58,20029.36;19.65223
19996.94,0.58,20029.41;20.01032
19996.96,0.58,20029.46;20.64058
19996.98,0.58,20029.52;21.17056
19997.01,0.58,20029.58;21.65757
19997.03,0.58,20029.62;21.84378
19997.04,0.58,20029.67;22.24485
19997.06,0.58,20029.71;22.71754
19997.08,0.58,20029.76;23.13293
19997.1,0.58,20029.8;23.60562
19997.1,0.58,20029.8;23.54833
19997.11,0.58,20029.81;23.33347
19997.11,0.58,20029.81;23.08996
19997.11,0.58,20029.81;22.96104
19997.11,0.58,20029.82;22.87509
19997.11,0.58,20029.82;22.84645
19997.11,0.58,20029.82;22.84645
19997.11,0.58,20029.83;22.8178
19997.11,0.58,20029.83;22.8178
19997.12,0.58,20029.83;22.8178
19997.12,0.58,20029.84;22.80348
19997.12,0.58,20029.84;22.80348
19997.12,0.58,20029.84;22.78915
19997.12,0.58,20029.84;22.78915
19997.12,0.58,20029.84;22.77483
19997.12,0.58,20029.84;22.76051
19997.12,0.58,20029.84;22.74618
19997.12,0.58,20029.85;22.84645
19997.13,0.58,20029.87;22.88942
19997.14,0.58,20029.89;22.8751
19997.14,0.58,20029.9;22.94672
19997.14,0.58,20029.9;23.03267
19997.15,0.58,20029.91;23.13293
19997.15,0.58,20029.91;23.27618
19997.17,0.58,20029.95;23.51969
19997.23,0.58,20030.11;23.72022
19997.33,0.58,20030.32;23.76319
19997.43,0.58,20030.55;23.60563
19997.53,0.58,20030.79;23.41942
19997.63,0.58,20031.02;23.30483
19997.73,0.58,20031.26;23.10429
19997.83,0.58,20031.49;22.70322
19997.93,0.58,20031.72;22.28782
19998.02,0.58,20031.96;21.9727
19998.12,0.58,20032.2;21.65757
19998.21,0.58,20032.43;21.27083
19998.3,0.58,20032.67;20.85543
19998.39,0.58,20032.91;20.52598
19998.45,0.58,20033.08;20.21085
19998.49,0.58,20033.19;19.93869
19998.58,0.58,20033.43;19.55195
19998.66,0.58,20033.67;19.19386
19998.74,0.58,20033.91;18.87873
19998.82,0.58,20034.15;18.64955
19998.9,0.58,20034.39;18.33442
19998.91,0.58,20034.43;18.0193
19998.99,0.58,20034.67;17.58958
19999.06,0.58,20034.91;17.23148
19999.14,0.58,20035.15;16.945
19999.21,0.58,20035.4;16.5869
19999.28,0.58,20035.64;16.2288
19999.35,0.58,20035.88;15.82774
19999.42,0.58,20036.13;15.54126
19999.43,0.58,20036.17;15.24045
19999.46,0.58,20036.26;14.93965
19999.52,0.58,20036.51;14.55291
19999.58,0.58,20036.76;14.22346
19999.64,0.58,20037;13.97994
19999.7,0.58,20037.25;13.82238
19999.76,0.58,20037.5;13.56454
19999.82,0.58,20037.74;13.16348
19999.88,0.58,20037.99;12.74808
19999.93,0.58,20038.24;12.4616
19999.99,0.58,20038.49;12.11782
20000.04,0.58,20038.73;11.73108
20000.09,0.58,20038.98;11.37299
20000.14,0.58,20039.23;11.05786
20000.15,0.58,20039.3;10.74273
20000.15,0.58,20039.31;10.41328
20000.2,0.58,20039.56;10.05518
20000.24,0.58,20039.81;9.75438
20000.28,0.58,20040.06;9.525202
20000.31,0.58,20040.25;9.167106
20000.35,0.58,20040.51;8.751706
20000.39,0.58,20040.76;8.379287
20000.42,0.58,20041.01;8.064158
20000.46,0.58,20041.26;7.734709
20000.49,0.58,20041.51;7.376612
20000.52,0.58,20041.76;7.004192
20000.55,0.58,20042.02;6.631773
20000.58,0.58,20042.27;6.330969
20000.6,0.58,20042.52;6.044488
20000.62,0.58,20042.64;5.715037
20000.64,0.58,20042.9;5.371264
