20000,0.5,20000;0
20000,0.58,20000.13;0
20000,0.58,20000.25;0
20000,0.58,20000.38;0
20000,0.58,20000.51;0
20000,0.58,20000.63;0
20000,0.58,20000.63;0
20000,0.58,20000.76;0
20000,0.58,20000.89;0
20000,0.58,20001.02;0
20000,0.58,20001.14;0
20000,0.58,20001.14;0
20000,0.58,20001.27;0
20000,0.58,20001.4;0
20000,0.58,20001.52;0
20000,0.58,20001.65;0
20000,0.58,20001.78;0
20000,0.58,20001.9;0
20000,0.58,20001.9;0
20000,0.58,20002.03;0
20000,0.58,20002.16;0
20000,0.58,20002.29;0
20000,0.58,20002.41;0
20000,0.58,20002.54;0
20000,0.58,20002.54;0
20000,0.58,20002.67;0
20000,0.58,20002.79;0
20000,0.58,20002.92;0
20000,0.58,20003.05;0
20000,0.58,20003.18;0
20000,0.58,20003.3;0
20000,0.58,20003.3;0
20000,0.58,20003.43;0
20000,0.58,20003.56;0
20000,0.58,20003.68;0
20000,0.58,20003.81;0
20000,0.58,20003.94;0
20000,0.58,20003.94;0
20000,0.58,20004.06;0
20000,0.58,20004.19;0
20000,0.58,20004.32;0
20000,0.58,20004.45;0
20000,0.58,20004.57;0
20000,0.58,20004.57;0
20000,0.58,20004.57;0
20000,0.58,20004.57;0
20000,0.58,20004.57;0
20000,0.58,20004.57;0
20000,0.58,20004.57;0
20000,0.58,20004.57;0
20000,0.58,20004.57;0
20000,0.58,20004.57;0
20000,0.58,20004.57;0
20000,0.58,20004.57;0
20000,0.58,20004.57;0
20000,0.58,20004.57;0
20000,0.58,20004.57;0
20000,0.58,20004.57;0
20000,0.58,20004.57;0
20000,0.58,20004.57;0
20000,0.58,20004.57;0
20000,0.58,20004.7;0
20000,0.58,20004.83;0
20000,0.58,20004.95;0
20000,0.58,20005.08;0
20000,0.58,20005.21;0
20000,0.58,20005.21;0
20000,0.58,20005.33;0
20000,0.58,20005.46;0
20000,0.58,20005.59;0
20000,0.58,20005.71;0
20000,0.58,20005.84;0
20000,0.58,20005.84;0
20000,0.58,20005.97;0
20000,0.58,20006.1;0
20000,0.58,20006.22;0
20000,0.58,20006.35;0
20000,0.58,20006.35;0
20000,0.58,20006.48;0
20000,0.58,20006.6;0
20000,0.58,20006.73;0
20000,0.58,20006.86;0
20000,0.58,20006.98;0
20000,0.58,20007.11;0
20000,0.58,20007.24;0
20000,0.58,20007.24;0
20000,0.58,20007.37;0
20000,0.58,20007.49;0
20000,0.58,20007.62;0
20000,0.58,20007.75;0
20000,0.58,20007.75;0
20000,0.58,20007.87;0
20000,0.58,20008;0
20000,0.58,20008.13;0
20000,0.58,20008.26;0
20000,0.58,20008.38;0
20000,0.58,20008.38;0
20000,0.58,20008.51;0
20000,0.58,20008.64;0
20000,0.58,20008.76;0
20000,0.58,20008.76;0
20000,0.58,20008.89;0
20000,0.58,20008.89;0
20000,0.58,20009.02;0
20000,0.58,20009.14;0
20000,0.58,20009.27;0
20000,0.58,20009.4;0
20000,0.58,20009.53;0
20000,0.58,20009.53;0
20000,0.58,20009.65;0
20000,0.58,20009.65;0
20000,0.58,20009.65;0
20000,0.58,20009.65;0
20000,0.58,20009.65;0
20000,0.58,20009.65;0
20000,0.58,20009.65;0
20000,0.58,20009.65;0
20000,0.58,20009.65;0
20000,0.58,20009.65;0
20000,0.58,20009.78;0
20000,0.58,20009.78;0
20000,0.58,20009.91;0
20000,0.58,20010.03;0
20000,0.58,20010.16;0
20000,0.58,20010.29;0
20000,0.58,20010.41;0
20000,0.58,20010.54;0
20000,0.58,20010.54;0
20000,0.58,20010.67;0
20000,0.58,20010.79;0
20000,0.58,20010.92;0
20000,0.58,20011.05;0
20000,0.58,20011.18;0
20000,0.58,20011.18;0
20000,0.58,20011.3;0
20000,0.58,20011.43;0
20000,0.58,20011.56;0
20000,0.58,20011.68;0
20000,0.58,20011.81;0
20000,0.58,20011.81;0
20000,0.58,20011.94;0
20000,0.58,20012.06;0
20000,0.58,20012.19;0
20000,0.58,20012.32;0
20000,0.58,20012.45;0
20000,0.58,20012.45;0
20000,0.58,20012.57;0
20000,0.58,20012.7;0
20000,0.58,20012.83;0
20000,0.58,20012.95;0
20000,0.58,20012.95;0
20000,0.58,20013.08;0
20000,0.58,20013.21;0
20000,0.58,20013.34;0
20000,0.58,20013.46;0
20000,0.58,20013.59;0
20000,0.58,20013.72;0
20000,0.58,20013.72;0
20000,0.58,20013.84;0
20000,0.58,20013.97;0
20000,0.58,20014.1;0
20000,0.58,20014.22;0
20000,0.58,20014.22;0
20000,0.58,20014.35;0
20000,0.58,20014.48;0
20000,0.58,20014.61;0
20000,0.58,20014.73;0
20000,0.58,20014.86;0
20000,0.58,20014.99;0
20000,0.58,20015.11;0
20000,0.58,20015.11;0
20000,0.58,20015.24;0
20000,0.58,20015.37;0
20000,0.58,20015.49;0
20000,0.58,20015.49;0
20000,0.58,20015.49;0
20000,0.58,20015.49;0
20000,0.58,20015.49;0
20000,0.58,20015.49;0
20000,0.58,20015.49;0
20000,0.58,20015.49;0
20000,0.58,20015.49;0
20000,0.58,20015.49;0
20000,0.58,20015.49;0
20000,0.58,20015.49;0
20000,0.58,20015.49;0
20000,0.58,20015.49;0
20000,0.58,20015.49;0
20000,0.58,20015.49;0
20000,0.58,20015.49;0
20000,0.58,20015.49;0
20000,0.58,20015.49;0
20000,0.58,20015.62;0
20000,0.58,20015.62;0
20000,0.58,20015.75;0
20000,0.58,20015.88;0
20000,0.58,20016;0
20000,0.58,20016.13;0
20000,0.58,20016.13;0
20000,0.58,20016.26;0
20000,0.58,20016.38;0
20000,0.58,20016.51;0
20000,0.58,20016.64;0
20000,0.58,20016.76;0
20000,0.58,20016.76;0
20000,0.58,20016.89;0
20000,0.58,20017.02;0
20000,0.58,20017.14;0
20000,0.58,20017.27;0
20000,0.58,20017.4;0
20000,0.58,20017.4;0
20000,0.58,20017.53;0
20000,0.58,20017.65;0
20000,0.58,20017.78;0
20000,0.58,20017.91;0
20000,0.58,20018.03;0
20000,0.58,20018.03;0
20000,0.58,20018.16;0
20000,0.58,20018.29;0
20000,0.58,20018.41;0
20000,0.58,20018.54;0
20000,0.58,20018.67;0
20000,0.58,20018.67;0
20000,0.58,20018.8;0
20000,0.58,20018.92;0
20000,0.58,20018.92;0
20000,0.58,20019.05;0
20000,0.58,20019.18;0
20000,0.58,20019.3;0
20000,0.58,20019.3;0
20000,0.58,20019.43;0
20000,0.58,20019.56;0
20000,0.58,20019.69;0
20000,0.58,20019.81;0
20000,0.58,20019.94;0
20000,0.58,20019.94;0
20000,0.58,20020.07;0
20000,0.58,20020.19;0
20000,0.58,20020.32;0
20000,0.58,20020.45;0
20000,0.58,20020.57;0
20000,0.58,20020.57;0
20000,0.58,20020.7;0
20000,0.58,20020.72;0
20000,0.58,20020.72;0
20000,0.58,20020.72;0
20000,0.58,20020.72;0
20000,0.58,20020.72;0
20000,0.58,20020.71;0
20000,0.58,20020.71;0
20000,0.58,20020.71;0
20000,0.58,20020.71;0
20000,0.58,20020.71;0
20000,0.58,20020.7;0
20000,0.58,20020.7;0
20000,0.58,20020.7;0
20000,0.58,20020.7;0
20000,0.58,20020.7;0
20000,0.58,20020.7;0
20000,0.58,20020.7;0
20000,0.58,20020.69;0
20000,0.58,20020.69;0
20000,0.58,20020.69;0
20000,0.58,20020.69;0
20000,0.58,20020.69;0
20000,0.58,20020.69;0
20000,0.58,20020.69;0
20000,0.58,20020.69;0
20000,0.58,20020.69;0
20000,0.58,20020.68;0
20000,0.58,20020.68;0
20000,0.58,20020.68;0
20000,0.58,20020.68;0
20000,0.58,20020.68;0
20000,0.58,20020.68;0
20000,0.58,20020.68;0
20000,0.58,20020.68;0
20000,0.58,20020.68;0
20000,0.58,20020.68;0
20000,0.58,20020.68;0
20000,0.58,20020.68;0
20000,0.58,20020.67;0
20000,0.58,20020.67;0
20000,0.58,20020.67;0
20000,0.58,20020.67;0
20000,0.58,20020.67;0
20000,0.58,20020.67;0
20000,0.58,20020.67;0
20000,0.58,20020.67;0
20000,0.58,20020.67;0
20000,0.58,20020.67;0
20000,0.58,20020.67;0
20000,0.58,20020.67;0
20000,0.58,20020.67;0
20000,0.58,20020.67;0
20000,0.58,20020.67;0
20000,0.58,20020.67;0
20000,0.58,20020.67;0
20000,0.58,20020.67;0
20000,0.58,20020.66;0
20000,0.58,20020.66;0
20000,0.58,20020.66;0
20000,0.58,20020.66;0
20000,0.58,20020.66;0
20000,0.58,20020.66;0
20000,0.58,20020.66;0
20000,0.58,20020.65;0
20000,0.58,20020.65;0
20000,0.58,20020.65;0
20000,0.58,20020.65;0
20000,0.58,20020.65;0
20000,0.58,20020.64;0
20000,0.58,20020.64;0
20000,0.58,20020.64;0
20000,0.58,20020.64;0
20000,0.58,20020.63;0
20000,0.58,20020.63;0
20000,0.58,20020.63;0
20000,0.58,20020.63;0
20000,0.58,20020.62;0
20000,0.58,20020.62;0
20000,0.58,20020.62;0
20000,0.58,20020.62;0
20000,0.58,20020.62;0
20000,0.58,20020.62;0
20000,0.58,20020.61;0
20000,0.58,20020.61;0
20000,0.58,20020.61;0
20000,0.58,20020.61;0
20000,0.58,20020.6;0
20000,0.58,20020.6;0
20000,0.58,20020.6;0
20000,0.58,20020.59;0
20000,0.58,20020.59;0
20000,0.58,20020.59;0
20000,0.58,20020.59;0
20000,0.58,20020.58;0
20000,0.58,20020.58;0
20000,0.58,20020.57;0
20000,0.58,20020.57;0
20000,0.58,20020.57;0
20000,0.58,20020.57;0
20000,0.58,20020.56;0
20000,0.58,20020.56;0
20000,0.58,20020.55;0
20000,0.58,20020.55;0
20000,0.58,20020.55;0
20000,0.58,20020.54;0
20000,0.58,20020.54;0
20000,0.58,20020.53;0
20000,0.58,20020.53;0
20000,0.58,20020.52;0
20000,0.58,20020.52;0
20000,0.58,20020.52;0
20000,0.58,20020.51;0
20000,0.58,20020.51;0
20000,0.58,20020.5;0
20000,0.58,20020.5;0
20000,0.58,20020.49;0
20000,0.58,20020.49;0
20000,0.58,20020.48;0
20000,0.58,20020.47;0
20000,0.58,20020.47;0
20000,0.58,20020.47;0
20000,0.58,20020.46;0
20000,0.58,20020.46;0
20000,0.58,20020.45;0
20000,0.58,20020.45;0
20000,0.58,20020.44;0
20000,0.58,20020.44;0
20000,0.58,20020.43;0
20000,0.58,20020.42;0
20000,0.58,20020.42;0
20000,0.58,20020.41;0
20000,0.58,20020.4;0
20000,0.58,20020.4;0
20000,0.58,20020.39;0
20000,0.58,20020.39;0
20000,0.58,20020.38;0
20000,0.58,20020.37;0
20000,0.58,20020.37;0
20000,0.58,20020.37;0
20000,0.58,20020.36;0
20000,0.58,20020.35;0
20000,0.58,20020.34;0
20000,0.58,20020.34;0
20000,0.58,20020.34;0
20000,0.58,20020.33;0
20000,0.58,20020.32;0
20000,0.58,20020.31;0
20000,0.58,20020.3;0
20000,0.58,20020.29;0
20000,0.58,20020.29;0
20000,0.58,20020.28;0
20000,0.58,20020.27;0
20000,0.58,20020.27;0
20000,0.58,20020.26;0
20000,0.58,20020.25;0
20000,0.58,20020.24;0
20000,0.58,20020.23;0
20000,0.58,20020.22;0
20000,0.58,20020.22;0
20000,0.58,20020.22;0
20000,0.58,20020.21;0
20000,0.58,20020.2;0
20000,0.58,20020.19;0
20000,0.58,20020.18;0
20000,0.58,20020.18;0
20000,0.58,20020.17;0
20000,0.58,20020.16;0
20000,0.58,20020.15;0
20000,0.58,20020.15;0
20000,0.58,20020.15;0
20000,0.58,20020.15;0
20000,0.58,20020.14;0
20000,0.58,20020.14;0
20000,0.58,20020.13;0
20000,0.58,20020.12;0
20000,0.58,20020.11;0
20000,0.58,20020.11;0
20000,0.58,20020.1;0
20000,0.58,20020.09;0
20000,0.58,20020.08;0
20000,0.58,20020.07;0
20000,0.58,20020.07;0
20000,0.58,20020.06;0
20000,0.58,20020.05;0
20000,0.58,20020.05;0
20000,0.58,20020.05;0
20000,0.58,20020.05;0
20000,0.58,20020.05;0
20000,0.58,20020.04;0
20000,0.58,20020.03;0
20000,0.58,20020.03;0
20000,0.58,20020.02;0
20000,0.58,20020.01;0
20000,0.58,20020;0
20000,0.58,20019.99;0
20000,0.58,20019.98;0
20000,0.58,20019.98;0
20000,0.58,20019.97;0
20000,0.58,20019.96;0
20000,0.58,20019.96;0
20000,0.58,20019.95;0
20000,0.58,20019.94;0
20000,0.58,20019.94;0
20000,0.58,20019.93;0
20000,0.58,20019.92;0
20000,0.58,20019.91;0
20000,0.58,20019.91;0
20000,0.58,20019.91;0
20000,0.58,20019.9;0
20000,0.58,20019.89;0
20000,0.58,20019.88;0
20000,0.58,20019.88;0
20000,0.58,20019.88;0
20000,0.58,20019.88;0
20000,0.58,20019.88;0
20000,0.58,20019.88;0
20000,0.58,20019.87;0
20000,0.58,20019.86;0
20000,0.58,20019.86;0
20000,0.58,20019.85;0
20000,0.58,20019.85;0
20000,0.58,20019.84;0
20000,0.58,20019.84;0
20000,0.58,20019.83;0
20000,0.58,20019.83;0
20000,0.58,20019.82;0
20000,0.58,20019.81;0
20000,0.58,20019.81;0
20000,0.58,20019.81;0
20000,0.58,20019.8;0
20000,0.58,20019.8;0
20000,0.58,20019.79;0
20000,0.58,20019.79;0
20000,0.58,20019.79;0
20000,0.58,20019.78;0
20000,0.58,20019.78;0
20000,0.58,20019.77;0
20000,0.58,20019.76;0
20000,0.58,20019.76;0
20000,0.58,20019.76;0
20000,0.58,20019.75;0
20000,0.58,20019.75;0
20000,0.58,20019.75;0
20000,0.58,20019.74;0
20000,0.58,20019.74;0
20000,0.58,20019.74;0
20000,0.58,20019.74;0
20000,0.58,20019.73;0
20000,0.58,20019.73;0
20000,0.58,20019.72;0
20000,0.58,20019.72;0
20000,0.58,20019.72;0
20000,0.58,20019.71;0
20000,0.58,20019.71;0
20000,0.58,20019.71;0
20000,0.58,20019.7;0
20000,0.58,20019.7;0
20000,0.58,20019.7;0
20000,0.58,20019.7;0
20000,0.58,20019.7;0
20000,0.58,20019.7;0
20000,0.58,20019.69;0
20000,0.58,20019.69;0
20000,0.58,20019.69;0
20000,0.58,20019.68;0
20000,0.58,20019.68;0
20000,0.58,20019.68;0
20000,0.58,20019.68;0
20000,0.58,20019.68;0
20000,0.58,20019.68;0
20000,0.58,20019.68;0
20000,0.58,20019.68;0
20000,0.58,20019.68;0
20000,0.58,20019.68;0
20000,0.58,20019.68;0
20000,0.58,20019.67;0
20000,0.58,20019.67;0
20000,0.58,20019.67;0
20000,0.58,20019.66;0
20000,0.58,20019.66;0
20000,0.58,20019.66;0
20000,0.58,20019.66;0
20000,0.58,20019.66;0
20000,0.58,20019.66;0
20000,0.58,20019.66;0
20000,0.58,20019.66;0
20000,0.58,20019.66;0
20000,0.58,20019.66;0
20000,0.58,20019.66;0
20000,0.58,20019.66;0
20000,0.58,20019.65;0
20000,0.58,20019.65;0
20000,0.58,20019.65;0
20000,0.58,20019.65;0
20000,0.58,20019.65;0
20000,0.58,20019.65;0
20000,0.58,20019.65;0
20000,0.58,20019.65;0
20000,0.58,20019.65;0
20000,0.58,20019.65;0
20000,0.58,20019.65;0
20000,0.58,20019.65;0
20000,0.58,20019.65;0
20000,0.58,20019.65;0
20000,0.58,20019.65;0
20000,0.58,20019.65;0
20000,0.58,20019.65;0
20000,0.58,20019.65;0
20000,0.58,20019.65;0
20000,0.58,20019.65;0
20000,0.58,20019.65;0
20000,0.58,20019.65;0
20000,0.58,20019.65;0
20000,0.58,20019.65;0
20000,0.58,20019.65;0
20000,0.58,20019.65;0
20000,0.58,20019.65;0
20000,0.58,20019.66;0
20000,0.58,20019.66;0
20000,0.58,20019.66;0
20000,0.58,20019.66;0
20000,0.58,20019.66;0
20000,0.58,20019.67;0
20000,0.58,20019.67;0
20000,0.58,20019.67;0
20000,0.58,20019.68;0
20000,0.58,20019.68;0
20000,0.58,20019.68;0
20000,0.58,20019.68;0
20000,0.58,20019.68;0
20000,0.58,20019.68;0
20000,0.58,20019.69;0
20000,0.58,20019.69;0
20000,0.58,20019.69;0
20000,0.58,20019.69;0
20000,0.58,20019.7;0
20000,0.58,20019.7;0
20000,0.58,20019.7;0
20000,0.58,20019.71;0
20000,0.58,20019.71;0
20000,0.58,20019.71;0
20000,0.58,20019.71;0
20000,0.58,20019.72;0
20000,0.58,20019.72;0
20000,0.58,20019.73;0
20000,0.58,20019.73;0
20000,0.58,20019.73;0
20000,0.58,20019.74;0
20000,0.58,20019.74;0
20000,0.58,20019.74;0
20000,0.58,20019.75;0
20000,0.58,20019.75;0
20000,0.58,20019.76;0
20000,0.58,20019.76;0
20000,0.58,20019.77;0
20000,0.58,20019.77;0
20000,0.58,20019.77;0
20000,0.58,20019.78;0
20000,0.58,20019.78;0
20000,0.58,20019.79;0
20000,0.58,20019.79;0
20000,0.58,20019.8;0
20000,0.58,20019.8;0
20000,0.58,20019.8;0
20000,0.58,20019.81;0
20000,0.58,20019.82;0
20000,0.58,20019.82;0
20000,0.58,20019.83;0
20000,0.58,20019.83;0
20000,0.58,20019.83;0
20000,0.58,20019.84;0
20000,0.58,20019.85;0
20000,0.58,20019.85;0
20000,0.58,20019.86;0
20000,0.58,20019.86;0
20000,0.58,20019.87;0
20000,0.58,20019.87;0
20000,0.58,20019.88;0
20000,0.58,20019.89;0
20000,0.58,20019.89;0
20000,0.58,20019.89;0
20000,0.58,20019.9;0
20000,0.58,20019.91;0
20000,0.58,20019.92;0
20000,0.58,20019.92;0
20000,0.58,20019.93;0
20000,0.58,20019.93;0
20000,0.58,20019.94;0
20000,0.58,20019.95;0
20000,0.58,20019.95;0
20000,0.58,20019.96;0
20000,0.58,20019.97;0
20000,0.58,20019.97;0
20000,0.58,20019.98;0
20000,0.58,20019.98;0
20000,0.58,20019.99;0
20000,0.58,20020;0
20000,0.58,20020.01;0
20000,0.58,20020.01;0
20000,0.58,20020.02;0
20000,0.58,20020.03;0
20000,0.58,20020.03;0
20000,0.58,20020.04;0
20000,0.58,20020.05;0
20000,0.58,20020.06;0
20000,0.58,20020.06;0
20000,0.58,20020.07;0
20000,0.58,20020.08;0
20000,0.58,20020.08;0
20000,0.58,20020.09;0
20000,0.58,20020.1;0
20000,0.58,20020.11;0
20000,0.58,20020.11;0
20000,0.58,20020.12;0
20000,0.58,20020.12;0
20000,0.58,20020.13;0
20000,0.58,20020.14;0
20000,0.58,20020.15;0
20000,0.58,20020.15;0
20000,0.58,20020.16;0
20000,0.58,20020.16;0
20000,0.58,20020.17;0
20000,0.58,20020.18;0
20000,0.58,20020.19;0
20000,0.58,20020.2;0
20000,0.58,20020.21;0
20000,0.58,20020.21;0
20000,0.58,20020.21;0
20000,0.58,20020.22;0
20000,0.58,20020.23;0
20000,0.58,20020.24;0
20000,0.58,20020.24;0
20000,0.58,20020.25;0
20000,0.58,20020.26;0
20000,0.58,20020.26;0
20000,0.58,20020.27;0
20000,0.58,20020.28;0
20000,0.58,20020.29;0
20000,0.58,20020.29;0
20000,0.58,20020.29;0
20000,0.58,20020.3;0
20000,0.58,20020.31;0
20000,0.58,20020.32;0
20000,0.58,20020.33;0
20000,0.58,20020.33;0
20000,0.58,20020.34;0
20000,0.58,20020.34;0
20000,0.58,20020.35;0
20000,0.58,20020.35;0
20000,0.58,20020.36;0
20000,0.58,20020.37;0
20000,0.58,20020.38;0
20000,0.58,20020.38;0
20000,0.58,20020.38;0
20000,0.58,20020.39;0
20000,0.58,20020.4;0
20000,0.58,20020.4;0
20000,0.58,20020.41;0
20000,0.58,20020.41;0
20000,0.58,20020.42;0
20000,0.58,20020.43;0
20000,0.58,20020.43;0
20000,0.58,20020.44;0
20000,0.58,20020.45;0
20000,0.58,20020.45;0
20000,0.58,20020.45;0
20000,0.58,20020.46;0
20000,0.58,20020.47;0
20000,0.58,20020.47;0
20000,0.58,20020.48;0
20000,0.58,20020.48;0
20000,0.58,20020.48;0
20000,0.58,20020.49;0
20000,0.58,20020.5;0
20000,0.58,20020.5;0
20000,0.58,20020.51;0
20000,0.58,20020.51;0
20000,0.58,20020.51;0
20000,0.58,20020.52;0
20000,0.58,20020.53;0
20000,0.58,20020.53;0
20000,0.58,20020.54;0
20000,0.58,20020.54;0
20000,0.58,20020.54;0
20000,0.58,20020.54;0
20000,0.58,20020.55;0
20000,0.58,20020.55;0
20000,0.58,20020.56;0
20000,0.58,20020.56;0
20000,0.58,20020.56;0
20000,0.58,20020.57;0
20000,0.58,20020.57;0
20000,0.58,20020.58;0
20000,0.58,20020.58;0
20000,0.58,20020.59;0
20000,0.58,20020.59;0
20000,0.58,20020.59;0
20000,0.58,20020.6;0
20000,0.58,20020.6;0
20000,0.58,20020.6;0
20000,0.58,20020.6;0
20000,0.58,20020.61;0
20000,0.58,20020.61;0
20000,0.58,20020.61;0
20000,0.58,20020.62;0
20000,0.58,20020.62;0
20000,0.58,20020.62;0
20000,0.58,20020.62;0
20000,0.58,20020.63;0
20000,0.58,20020.63;0
20000,0.58,20020.63;0
20000,0.58,20020.63;0
20000,0.58,20020.63;0
20000,0.58,20020.63;0
20000,0.58,20020.64;0
20000,0.58,20020.64;0
20000,0.58,20020.64;0
20000,0.58,20020.64;0
20000,0.58,20020.64;0
20000,0.58,20020.64;0
20000,0.58,20020.65;0
20000,0.58,20020.65;0
20000,0.58,20020.65;0
20000,0.58,20020.65;0
20000,0.58,20020.65;0
20000,0.58,20020.65;0
20000,0.58,20020.65;0
20000,0.58,20020.65;0
20000,0.58,20020.65;0
20000,0.58,20020.65;0
20000,0.58,20020.66;0
20000,0.58,20020.66;0
20000,0.58,20020.66;0
20000,0.58,20020.66;0
20000,0.58,20020.66;0
20000,0.58,20020.66;0
20000,0.58,20020.66;0
20000,0.58,20020.66;0
20000,0.58,20020.66;0
20000,0.58,20020.66;0
20000,0.58,20020.66;0
20000,0.58,20020.66;0
20000,0.58,20020.66;0
20000,0.58,20020.66;0
20000,0.58,20020.66;0
20000,0.58,20020.66;0
20000,0.58,20020.66;0
20000,0.58,20020.66;0
20000,0.58,20020.66;0
20000,0.58,20020.66;0
20000,0.58,20020.65;0
20000,0.58,20020.65;0
20000,0.58,20020.65;0
20000,0.58,20020.65;0
20000,0.58,20020.65;0
20000,0.58,20020.65;0
20000,0.58,20020.65;0
20000,0.58,20020.65;0
20000,0.58,20020.65;0
20000,0.58,20020.65;0
20000,0.58,20020.65;0
20000,0.58,20020.65;0
20000,0.58,20020.64;0
20000,0.58,20020.64;0
20000,0.58,20020.64;0
20000,0.58,20020.64;0
20000,0.58,20020.64;0
20000,0.58,20020.64;0
20000,0.58,20020.64;0
20000,0.58,20020.63;0
20000,0.58,20020.63;0
20000,0.58,20020.63;0
20000,0.58,20020.63;0
20000,0.58,20020.63;0
20000,0.58,20020.63;0
20000,0.58,20020.63;0
20000,0.58,20020.63;0
20000,0.58,20020.63;0
20000,0.58,20020.62;0
20000,0.58,20020.62;0
20000,0.58,20020.62;0
20000,0.58,20020.62;0
20000,0.58,20020.62;0
20000,0.58,20020.62;0
20000,0.58,20020.62;0
20000,0.58,20020.62;0
20000,0.58,20020.61;0
20000,0.58,20020.61;0
20000,0.58,20020.61;0
20000,0.58,20020.61;0
20000,0.58,20020.61;0
20000,0.58,20020.61;0
20000,0.58,20020.61;0
20000,0.58,20020.61;0
20000,0.58,20020.6;0
20000,0.58,20020.6;0
20000,0.58,20020.6;0
20000,0.58,20020.6;0
20000,0.58,20020.6;0
20000,0.58,20020.6;0
20000,0.58,20020.6;0
20000,0.58,20020.59;0
20000,0.58,20020.59;0
20000,0.58,20020.59;0
20000,0.58,20020.59;0
20000,0.58,20020.59;0
20000,0.58,20020.58;0
20000,0.58,20020.58;0
20000,0.58,20020.58;0
20000,0.58,20020.57;0
20000,0.58,20020.57;0
20000,0.58,20020.57;0
20000,0.58,20020.57;0
20000,0.58,20020.56;0
20000,0.58,20020.56;0
20000,0.58,20020.56;0
20000,0.58,20020.56;0
20000,0.58,20020.56;0
20000,0.58,20020.55;0
20000,0.58,20020.55;0
20000,0.58,20020.55;0
20000,0.58,20020.54;0
20000,0.58,20020.54;0
20000,0.58,20020.54;0
20000,0.58,20020.54;0
20000,0.58,20020.54;0
20000,0.58,20020.54;0
20000,0.58,20020.53;0
20000,0.58,20020.53;0
20000,0.58,20020.53;0
20000,0.58,20020.53;0
20000,0.58,20020.53;0
20000,0.58,20020.52;0
20000,0.58,20020.52;0
20000,0.58,20020.52;0
20000,0.58,20020.52;0
20000,0.58,20020.51;0
20000,0.58,20020.51;0
20000,0.58,20020.51;0
20000,0.58,20020.51;0
20000,0.58,20020.5;0
20000,0.58,20020.5;0
20000,0.58,20020.5;0
20000,0.58,20020.5;0
20000,0.58,20020.49;0
20000,0.58,20020.49;0
20000,0.58,20020.49;0
20000,0.58,20020.49;0
20000,0.58,20020.48;0
20000,0.58,20020.48;0
20000,0.58,20020.48;0
20000,0