20000,0.5,20000;0
20000,0.5799995,20000.11;359.7823
20000,0.58,20000.16;359.513
20000,0.58,20000.21;359.238
20000,0.58,20000.21;359.238
20000,0.58,20000.31;358.963
19999.99,0.58,20000.41;358.7624
19999.99,0.58,20000.5;358.4759
19999.99,0.58,20000.5;358.4759
19999.99,0.58,20000.5;358.4759
19999.99,0.58,20000.57;358.2181
19999.99,0.58,20000.57;358.2181
19999.99,0.58,20000.65;358.0061
19999.99,0.58,20000.65;358.0061
19999.98,0.58,20000.72;357.7941
19999.98,0.58,20000.79;357.5592
19999.98,0.58,20000.85;357.3128
19999.98,0.58,20000.85;357.3128
19999.98,0.58,20000.85;357.3128
19999.97,0.58,20000.93;357.0664
19999.97,0.58,20001;356.8545
19999.97,0.58,20001.07;356.5909
19999.97,0.58,20001.07;356.5909
19999.97,0.58,20001.07;356.5909
19999.96,0.58,20001.14;356.3273
19999.96,0.58,20001.2;356.0638
19999.95,0.58,20001.28;355.8346
19999.95,0.58,20001.28;355.8346
19999.95,0.58,20001.28;355.8346
19999.95,0.58,20001.35;355.6054
19999.94,0.58,20001.42;355.3762
19999.94,0.58,20001.48;355.1241
19999.94,0.58,20001.48;355.1241
19999.94,0.58,20001.48;355.1241
19999.93,0.58,20001.56;354.872
19999.92,0.58,20001.63;354.6543
19999.92,0.58,20001.7;354.4022
19999.92,0.58,20001.7;354.4022
19999.92,0.58,20001.7;354.4022
19999.91,0.58,20001.76;354.1845
19999.9,0.58,20001.83;353.9667
19999.89,0.58,20001.91;353.7433
19999.89,0.58,20001.91;353.7433
19999.89,0.58,20001.91;353.7433
19999.89,0.58,20001.96;353.5198
19999.88,0.58,20001.99;353.2104
19999.88,0.58,20002.02;353.0328
19999.88,0.58,20002.02;353.0328
19999.88,0.58,20002.02;353.0328
19999.88,0.58,20002.03;352.8552
19999.88,0.58,20002.03;352.6776
19999.88,0.58,20002.03;352.6776
19999.88,0.58,20002.03;352.6776
19999.88,0.58,20002.03;352.6776
19999.88,0.58,20002.03;352.6776
19999.88,0.58,20002.03;352.6891
19999.88,0.58,20002.03;352.7177
19999.88,0.58,20002.03;352.7177
19999.88,0.58,20002.03;352.7177
19999.88,0.58,20002.03;352.7463
19999.88,0.58,20002.03;352.775
19999.88,0.58,20002.03;352.7865
19999.88,0.58,20002.03;352.7865
19999.88,0.58,20002.03;352.7865
19999.88,0.58,20002.04;352.7979
19999.88,0.58,20002.04;352.8094
19999.88,0.58,20002.05;352.8036
19999.88,0.58,20002.05;352.8036
19999.88,0.58,20002.05;352.8036
19999.88,0.58,20002.06;352.7807
19999.87,0.58,20002.07;352.7578
19999.87,0.58,20002.08;352.7463
19999.87,0.58,20002.08;352.7463
19999.87,0.58,20002.08;352.7463
19999.87,0.58,20002.08;352.7349
19999.87,0.58,20002.09;352.7234
19999.87,0.58,20002.1;352.7177
19999.87,0.58,20002.1;352.7177
19999.87,0.58,20002.1;352.7177
19999.87,0.58,20002.1;352.7177
19999.87,0.58,20002.11;352.7177
19999.87,0.58,20002.11;352.7005
19999.87,0.58,20002.11;352.7005
19999.87,0.58,20002.11;352.7005
19999.87,0.58,20002.12;352.6948
19999.87,0.58,20002.12;352.6891
19999.87,0.58,20002.13;352.6719
19999.87,0.58,20002.13;352.6719
19999.87,0.58,20002.13;352.6719
19999.87,0.58,20002.13;352.6604
19999.87,0.58,20002.14;352.649
19999.86,0.58,20002.15;352.6318
19999.86,0.58,20002.15;352.6318
19999.86,0.58,20002.15;352.6203
19999.86,0.58,20002.16;352.6089
19999.86,0.58,20002.16;352.5974
19999.86,0.58,20002.16;352.5974
19999.86,0.58,20002.17;352.5917
19999.86,0.58,20002.17;352.5917
19999.86,0.58,20002.18;352.5859
19999.86,0.58,20002.19;352.5745
19999.86,0.58,20002.19;352.5745
19999.86,0.58,20002.2;352.563
19999.86,0.58,20002.2;352.563
19999.86,0.58,20002.2;352.5515
19999.86,0.58,20002.21;352.5458
19999.86,0.58,20002.21;352.5458
19999.86,0.58,20002.21;352.5344
19999.86,0.58,20002.21;352.5344
19999.86,0.58,20002.22;352.5229
19999.85,0.58,20002.22;352.5172
19999.85,0.58,20002.22;352.5172
19999.85,0.58,20002.23;352.5057
19999.85,0.58,20002.23;352.5057
19999.85,0.58,20002.24;352.4943
19999.85,0.58,20002.24;352.4828
19999.85,0.58,20002.25;352.4713
19999.85,0.58,20002.25;352.4713
19999.85,0.58,20002.25;352.4713
19999.85,0.58,20002.25;352.4599
19999.85,0.58,20002.26;352.4427
19999.85,0.58,20002.26;352.4312
19999.85,0.58,20002.26;352.4312
19999.85,0.58,20002.26;352.4312
19999.85,0.58,20002.27;352.4198
19999.85,0.58,20002.27;352.4026
19999.85,0.58,20002.27;352.3969
19999.85,0.58,20002.27;352.3969
19999.85,0.58,20002.27;352.3969
19999.85,0.58,20002.28;352.3911
19999.85,0.58,20002.29;352.3797
19999.85,0.58,20002.29;352.3682
19999.85,0.58,20002.29;352.3682
19999.85,0.58,20002.29;352.3682
19999.84,0.58,20002.29;352.3568
19999.84,0.58,20002.3;352.3453
19999.84,0.58,20002.3;352.3281
19999.84,0.58,20002.3;352.3281
19999.84,0.58,20002.3;352.3281
19999.84,0.58,20002.31;352.3109
19999.84,0.58,20002.31;352.2995
19999.84,0.58,20002.31;352.2937
19999.84,0.58,20002.31;352.2937
19999.84,0.58,20002.31;352.2937
19999.84,0.58,20002.32;352.288
19999.84,0.58,20002.32;352.2766
19999.84,0.58,20002.33;352.2651
19999.84,0.58,20002.33;352.2651
19999.84,0.58,20002.33;352.2651
19999.84,0.58,20002.33;352.2536
19999.84,0.58,20002.33;352.2479
19999.84,0.58,20002.34;352.2307
19999.84,0.58,20002.34;352.2307
19999.84,0.58,20002.34;352.2307
19999.84,0.58,20002.34;352.2135
19999.84,0.58,20002.35;352.2021
19999.84,0.58,20002.35;352.1906
19999.84,0.58,20002.35;352.1906
19999.84,0.58,20002.35;352.1906
19999.84,0.58,20002.35;352.1792
19999.84,0.58,20002.36;352.162
19999.84,0.58,20002.36;352.1505
19999.84,0.58,20002.36;352.1505
19999.83,0.58,20002.37;352.1391
19999.83,0.58,20002.37;352.1276
19999.83,0.58,20002.38;352.1161
19999.83,0.58,20002.38;352.0989
19999.83,0.58,20002.38;352.0989
19999.83,0.58,20002.38;352.0818
19999.83,0.58,20002.39;352.0703
19999.83,0.58,20002.39;352.0588
19999.83,0.58,20002.39;352.0474
19999.83,0.58,20002.39;352.0474
19999.83,0.58,20002.4;352.0302
19999.83,0.58,20002.4;352.013
19999.83,0.58,20002.41;352.0016
19999.83,0.58,20002.41;352.0016
19999.83,0.58,20002.41;352.0016
19999.83,0.58,20002.41;351.9901
19999.83,0.58,20002.41;351.9786
19999.83,0.58,20002.42;351.9615
19999.83,0.58,20002.42;351.9615
19999.83,0.58,20002.42;351.9615
19999.83,0.58,20002.42;351.95
19999.83,0.58,20002.42;351.9385
19999.83,0.58,20002.43;351.9271
19999.83,0.58,20002.43;351.9156
19999.82,0.58,20002.44;351.8984
19999.82,0.58,20002.44;351.8984
19999.82,0.58,20002.44;351.8812
19999.82,0.58,20002.44;351.864
19999.82,0.58,20002.44;351.864
19999.82,0.58,20002.45;351.8526
19999.82,0.58,20002.45;351.8526
19999.82,0.58,20002.45;351.8411
19999.82,0.58,20002.46;351.8297
19999.82,0.58,20002.46;351.8297
19999.82,0.58,20002.46;351.8182
19999.82,0.58,20002.46;351.8182
19999.82,0.58,20002.46;351.8068
19999.82,0.58,20002.47;351.7896
19999.82,0.58,20002.47;351.7896
19999.82,0.58,20002.47;351.7667
19999.82,0.58,20002.47;351.7667
19999.82,0.58,20002.47;351.7437
19999.82,0.58,20002.48;351.7323
19999.82,0.58,20002.48;351.7151
19999.82,0.58,20002.48;351.7151
19999.82,0.58,20002.49;351.6979
19999.82,0.58,20002.49;351.6864
19999.82,0.58,20002.49;351.6864
19999.82,0.58,20002.49;351.6693
19999.82,0.58,20002.49;351.6693
19999.82,0.58,20002.5;351.6521
19999.82,0.58,20002.5;351.6349
19999.81,0.58,20002.5;351.6292
19999.81,0.58,20002.5;351.6292
19999.81,0.58,20002.5;351.6292
19999.81,0.58,20002.51;351.6234
19999.81,0.58,20002.51;351.6177
19999.81,0.58,20002.52;351.612
19999.81,0.58,20002.52;351.612
19999.81,0.58,20002.52;351.6062
19999.81,0.58,20002.52;351.6062
19999.81,0.58,20002.52;351.6005
19999.81,0.58,20002.52;351.6005
19999.81,0.58,20002.52;351.6005
19999.81,0.58,20002.53;351.5948
19999.81,0.58,20002.53;351.5948
19999.81,0.58,20002.53;351.5891
19999.81,0.58,20002.53;351.5891
19999.81,0.58,20002.54;351.5833
19999.81,0.58,20002.54;351.5661
19999.81,0.58,20002.54;351.549
19999.81,0.58,20002.54;351.549
19999.81,0.58,20002.54;351.549
19999.81,0.58,20002.55;351.5375
19999.81,0.58,20002.55;351.526
19999.81,0.58,20002.55;351.5089
19999.81,0.58,20002.55;351.5089
19999.81,0.58,20002.56;351.4917
19999.81,0.58,20002.56;351.4859
19999.81,0.58,20002.56;351.4802
19999.81,0.58,20002.57;351.463
19999.81,0.58,20002.57;351.463
19999.8,0.58,20002.57;351.4458
19999.8,0.58,20002.58;351.4401
19999.8,0.58,20002.58;351.4344
19999.8,0.58,20002.58;351.4344
19999.8,0.58,20002.58;351.4344
19999.8,0.58,20002.58;351.4286
19999.8,0.58,20002.59;351.4229
19999.8,0.58,20002.59;351.4114
19999.8,0.58,20002.59;351.4114
19999.8,0.58,20002.59;351.4114
19999.8,0.58,20002.6;351.4
19999.8,0.58,20002.6;351.3885
19999.8,0.58,20002.6;351.3713
19999.8,0.58,20002.6;351.3713
19999.8,0.58,20002.6;351.3713
19999.8,0.58,20002.61;351.3542
19999.8,0.58,20002.61;351.337
19999.8,0.58,20002.62;351.3198
19999.8,0.58,20002.62;351.3198
19999.8,0.58,20002.62;351.3198
19999.8,0.58,20002.62;351.3083
19999.8,0.58,20002.62;351.2969
19999.8,0.58,20002.63;351.2911
19999.8,0.58,20002.63;351.2911
19999.8,0.58,20002.63;351.2911
19999.8,0.58,20002.63;351.274
19999.8,0.58,20002.63;351.274
19999.79,0.58,20002.63;351.2625
19999.79,0.58,20002.63;351.2625
19999.79,0.58,20002.63;351.2625
19999.79,0.58,20002.64;351.2453
19999.79,0.58,20002.64;351.2281
19999.79,0.58,20002.64;351.2281
19999.79,0.58,20002.64;351.2281
19999.79,0.58,20002.64;351.2281
19999.79,0.58,20002.64;351.2109
19999.79,0.58,20002.65;351.1937
19999.79,0.58,20002.65;351.1937
19999.79,0.58,20002.65;351.1765
19999.79,0.58,20002.65;351.1765
19999.79,0.58,20002.66;351.1594
19999.79,0.58,20002.66;351.1594
19999.79,0.58,20002.66;351.1594
19999.79,0.58,20002.66;351.1422
19999.79,0.58,20002.66;351.1422
19999.79,0.58,20002.67;351.125
19999.79,0.58,20002.67;351.1135
19999.79,0.58,20002.67;351.1135
19999.79,0.58,20002.67;351.1021
19999.79,0.58,20002.67;351.1021
19999.79,0.58,20002.68;351.0906
19999.79,0.58,20002.68;351.0849
19999.79,0.58,20002.68;351.0849
19999.79,0.58,20002.69;351.0792
19999.79,0.58,20002.69;351.0792
19999.79,0.58,20002.69;351.0734
19999.79,0.58,20002.69;351.0677
19999.79,0.58,20002.69;351.0677
19999.79,0.58,20002.7;351.062
19999.79,0.58,20002.7;351.062
19999.79,0.58,20002.7;351.0562
19999.79,0.58,20002.7;351.0562
19999.79,0.58,20002.7;351.0562
19999.79,0.58,20002.71;351.0505
19999.79,0.58,20002.71;351.0505
19999.78,0.58,20002.71;351.0448
19999.78,0.58,20002.71;351.0391
19999.78,0.58,20002.71;351.0391
19999.78,0.58,20002.71;351.0391
19999.78,0.58,20002.71;351.0391
19999.78,0.58,20002.72;351.0391
19999.78,0.58,20002.72;351.0391
19999.78,0.58,20002.72;351.0391
19999.78,0.58,20002.72;351.0391
19999.78,0.58,20002.72;351.0391
19999.78,0.58,20002.72;351.0391
19999.78,0.58,20002.73;351.0391
19999.78,0.58,20002.73;351.0391
19999.78,0.58,20002.73;351.0391
19999.78,0.58,20002.73;351.0391
19999.78,0.58,20002.73;351.0391
19999.78,0.58,20002.73;351.0391
19999.78,0.58,20002.73;351.0391
19999.78,0.58,20002.73;351.0391
19999.78,0.58,20002.74;351.0391
19999.78,0.58,20002.74;351.0391
19999.78,0.58,20002.74;351.0391
19999.78,0.58,20002.74;351.0391
19999.78,0.58,20002.74;351.0391
19999.78,0.58,20002.74;351.0391
19999.78,0.58,20002.74;351.0391
19999.78,0.58,20002.75;351.0391
19999.78,0.58,20002.75;351.0391
19999.78,0.58,20002.75;351.0391
19999.78,0.58,20002.75;351.0391
19999.78,0.58,20002.75;351.0391
19999.78,0.58,20002.75;351.0391
19999.78,0.58,20002.75;351.0391
19999.78,0.58,20002.75;351.0391
19999.78,0.58,20002.75;351.0391
19999.78,0.58,20002.75;351.0391
19999.78,0.58,20002.76;351.0391
19999.78,0.58,20002.76;351.0333
19999.78,0.58,20002.76;351.0333
19999.78,0.58,20002.77;351.0276
19999.78,0.58,20002.77;351.0276
19999.78,0.58,20002.77;351.0219
19999.78,0.58,20002.77;351.0219
19999.78,0.58,20002.77;351.0219
19999.77,0.58,20002.77;351.0161
19999.77,0.58,20002.77;351.0104
19999.77,0.58,20002.77;351.0104
19999.77,0.58,20002.77;351.0104
19999.77,0.58,20002.77;351.0047
19999.77,0.58,20002.77;351.0047
19999.77,0.58,20002.78;350.9989
19999.77,0.58,20002.78;350.9989
19999.77,0.58,20002.78;350.9989
19999.77,0.58,20002.78;350.9932
19999.77,0.58,20002.78;350.9932
19999.77,0.58,20002.78;350.9875
19999.77,0.58,20002.78;350.9875
19999.77,0.58,20002.78;350.9875
19999.77,0.58,20002.78;350.9818
19999.77,0.58,20002.78;350.9818
19999.77,0.58,20002.79;350.976
19999.77,0.58,20002.79;350.976
19999.77,0.58,20002.79;350.976
19999.77,0.58,20002.79;350.9703
19999.77,0.58,20002.79;350.9646
19999.77,0.58,20002.79;350.9646
19999.77,0.58,20002.79;350.9646
19999.77,0.58,20002.79;350.9646
19999.77,0.58,20002.79;350.9588
19999.77,0.58,20002.79;350.9531
19999.77,0.58,20002.79;350.9531
19999.77,0.58,20002.79;350.9531
19999.77,0.58,20002.79;350.9474
19999.77,0.58,20002.79;350.9474
19999.77,0.58,20002.79;350.9417
19999.77,0.58,20002.79;350.9417
19999.77,0.58,20002.79;350.9417
19999.77,0.58,20002.8;350.9359
19999.77,0.58,20002.8;350.9359
19999.77,0.58,20002.8;350.9302
19999.77,0.58,20002.8;350.9302
19999.77,0.58,20002.8;350.9245
19999.77,0.58,20002.8;350.9245
19999.77,0.58,20002.8;350.9187
19999.77,0.58,20002.8;350.9187
19999.77,0.58,20002.8;350.9187
19999.77,0.58,20002.8;350.913
19999.77,0.58,20002.8;350.9073
19999.77,0.58,20002.8;350.9073
19999.77,0.58,20002.8;350.9073
19999.77,0.58,20002.8;350.9016
19999.77,0.58,20002.8;350.9016
19999.77,0.58,20002.8;350.8958
19999.77,0.58,20002.8;350.8958
19999.77,0.58,20002.81;350.8901
19999.77,0.58,20002.81;350.8901
19999.77,0.58,20002.81;350.8901
19999.77,0.58,20002.81;350.8844
19999.77,0.58,20002.81;350.8844
19999.77,0.58,20002.81;350.8786
19999.77,0.58,20002.81;350.8786
19999.77,0.58,20002.81;350.8786
19999.77,0.58,20002.81;350.8729
19999.77,0.58,20002.81;350.8729
19999.77,0.58,20002.81;350.8672
19999.77,0.58,20002.81;350.8557
19999.77,0.58,20002.81;350.8557
19999.77,0.58,20002.81;350.8442
19999.77,0.58,20002.81;350.8328
19999.77,0.58,20002.81;350.8213
19999.77,0.58,20002.81;350.8213
19999.77,0.58,20002.81;350.8213
19999.77,0.58,20002.81;350.8099
19999.77,0.58,20002.81;350.8041
19999.77,0.58,20002.81;350.787
19999.77,0.58,20002.81;350.787
19999.77,0.58,20002.81;350.787
19999.77,0.58,20002.81;350.7698
19999.77,0.58,20002.81;350.7698
19999.77,0.58,20002.81;350.764
19999.77,0.58,20002.81;350.764
19999.77,0.58,20002.81;350.764
19999.77,0.58,20002.81;350.7583
19999.77,0.58,20002.81;350.7526
19999.77,0.58,20002.81;350.7411
19999.77,0.58,20002.81;350.7411
19999.77,0.58,20002.81;350.7411
19999.77,0.58,20002.81;350.7297
19999.77,0.58,20002.81;350.7239
19999.77,0.58,20002.81;350.7239
19999.77,0.58,20002.81;350.7239
19999.77,0.58,20002.81;350.7239
19999.77,0.58,20002.81;350.7182
19999.77,0.58,20002.81;350.7125
19999.77,0.58,20002.81;350.7125
19999.77,0.58,20002.81;350.7125
19999.77,0.58,20002.81;350.7125
19999.77,0.58,20002.81;350.7068
19999.77,0.58,20002.81;350.7068
19999.77,0.58,20002.81;350.701
19999.77,0.58,20002.81;350.701
19999.77,0.58,20002.81;350.701
19999.77,0.58,20002.81;350.6953
19999.77,0.58,20002.81;350.6896
19999.77,0.58,20002.81;350.6896
19999.77,0.58,20002.81;350.6896
19999.77,0.58,20002.81;350.6896
19999.77,0.58,20002.81;350.6838
19999.77,0.58,20002.81;350.6838
19999.77,0.58,20002.81;350.6781
19999.77,0.58,20002.81;350.6781
19999.77,0.58,20002.81;350.6781
19999.77,0.58,20002.81;350.6724
19999.77,0.58,20002.81;350.6724
19999.77,0.58,20002.81;350.6667
19999.77,0.58,20002.81;350.6667
19999.77,0.58,20002.81;350.6667
19999.77,0.58,20002.8;350.6609
19999.77,0.58,20002.8;350.6609
19999.77,0.58,20002.8;350.6552
19999.77,0.58,20002.8;350.6552
19999.77,0.58,20002.8;350.6552
19999.77,0.58,20002.8;350.6495
19999.77,0.58,20002.8;350.6495
19999.77,0.58,20002.8;350.6437
19999.77,0.58,20002.8;350.6437
19999.77,0.58,20002.8;350.6437
19999.77,0.58,20002.8;350.6437
19999.77,0.58,20002.8;350.638
19999.77,0.58,20002.8;350.638
19999.77,0.58,20002.8;350.6323
19999.77,0.58,20002.8;350.6323
19999.77,0.58,20002.8;350.6323
19999.77,0.58,20002.8;350.6266
19999.77,0.58,20002.8;350.6208
19999.77,0.58,20002.8;350.6208
19999.77,0.58,20002.8;350.6208
19999.77,0.58,20002.8;350.6208
19999.77,0.58,20002.79;350.6151
19999.77,0.58,20002.79;350.6093
19999.77,0.58,20002.79;350.6093
19999.77,0.58,20002.79;350.6093
19999.77,0.58,20002.79;350.6036
19999.77,0.58,20002.79;350.6036
19999.77,0.58,20002.79;350.5979
19999.77,0.58,20002.79;350.5979
19999.77,0.58,20002.79;350.5979
19999.77,0.58,20002.79;350.5979
19999.77,0.58,20002.79;350.5979
19999.77,0.58,20002.79;350.5922
19999.77,0.58,20002.79;350.5922
19999.77,0.58,20002.79;350.5922
19999.77,0.58,20002.79;350.5864
19999.77,0.58,20002.79;350.5864
19999.77,0.58,20002.78;350.5807
19999.77,0.58,20002.78;350.5807
19999.77,0.58,20002.78;350.5807
19999.77,0.58,20002.78;350.575
19999.77,0.58,20002.78;350.575
19999.77,0.58,20002.78;350.5692
19999.77,0.58,20002.78;350.5635
19999.77,0.58,20002.78;350.5635
19999.77,0.58,20002.78;350.5578
19999.77,0.58,20002.78;350.5578
19999.77,0.58,20002.78;350.5578
19999.77,0.58,20002.77;350.5521
19999.77,0.58,20002.77;350.5521
19999.77,0.58,20002.77;350.5463
19999.77,0.58,20002.77;350.5463
19999.77,0.58,20002.77;350.5463
19999.78,0.58,20002.77;350.5406
19999.78,0.58,20002.77;350.5349
19999.78,0.58,20002.77;350.5291
19999.78,0.58,20002.76;350.5234
19999.78,0.58,20002.76;350.5177
19999.78,0.58,20002.76;350.512
19999.78,0.58,20002.75;350.512
19999.78,0.58,20002.75;350.512
19999.78,0.58,20002.75;350.512
19999.78,0.58,20002.75;350.5062
19999.78,0.58,20002.75;350.5005
19999.78,0.58,20002.75;350.5005
19999.78,0.58,20002.75;350.5005
19999.78,0.58,20002.75;350.4948
19999.78,0.58,20002.75;350.4948
19999.78,0.58,20002.74;350.489
19999.78,0.58,20002.74;350.489
19999.78,0.58,20002.74;350.489
19999.78,0.58,20002.74;350.4833
19999.78,0.58,20002.74;350.4776
19999.78,0.58,20002.74;350.4776
19999.78,0.58,20002.74;350.4776
19999.78,0.58,20002.74;350.4719
19999.78,0.58,20002.73;350.4661
19999.78,0.58,20002.73;350.4661
19999.78,0.58,20002.73;350.4661
19999.78,0.58,20002.73;350.4661
19999.78,0.58,20002.73;350.4661
19999.78,0.58,20002.73;350.4661
19999.78,0.58,20002.72;350.4661
19999.78,0.58,20002.72;350.4661
19999.78,0.58,20002.72;350.4661
19999.78,0.58,20002.72;350.4661
19999.78,0.58,20002.72;350.4604
19999.78,0.58,20002.72;350.4604
19999.78,0.58,20002.72;350.4604
19999.78,0.58,20002.72;350.4604
19999.78,0.58,20002.71;350.4604
19999.79,0.58,20002.71;350.4604
19999.79,0.58,20002.71;350.4604
19999.79,0.58,20002.71;350.4604
19999.79,0.58,20002.71;350.4604
19999.79,0.58,20002.71;350.4604
19999.79,0.58,20002.71;350.4604
19999.79,0.58,20002.71;350.4604
19999.79,0.58,20002.71;350.4604
19999.79,0.58,20002.71;350.4604
19999.79,0.58,20002.71;350.4604
19999.79,0.58,20002.7;350.4604
19999.79,0.58,20002.7;350.4604
19999.79,0.58,20002.7;350.4604
19999.79,0.58,20002.7;350.4604
19999.79,0.58,20002.7;350.4604
19999.79,0.58,20002.7;350.4604
19999.79,0.58,20002.7;350.4604
19999.79,0.58,20002.7;350.4604
19999.79,0.58,20002.7;350.4604
19999.79,0.58,20002.7;350.4604
19999.79,0.58,20002.7;350.4604
19999.79,0.58,20002.69;350.4604
19999.79,0.58,20002.69;350.4604
19999.79,0.58,20002.69;350.4604
19999.79,0.58,20002.69;350.4604
19999.79,0.58,20002.69;350.4604
19999.79,0.58,20002.69;350.4604
19999.79,0.58,20002.69;350.4604
19999.79,0.58,20002.69;350.4604
19999.79,0.58,20002.69;350.4604
19999.79,0.58,20002.68;350.4604
19999.79,0.58,20002.68;350.4604
19999.79,0.58,20002.68;350.4604
19999.79,0.58,20002.68;350.4604
19999.79,0.58,20002.68;350.4604
19999.79,0.58,20002.68;350.4604
19999.79,0.58,20002.68;350.4604
19999.79,0.58,20002.68;350.4604
19999.79,0.58,20002.68;350.4604
19999.79,0.58,20002.68;350.4604
19999.79,0.58,20002.68;350.4604
19999.79,0.58,20002.67;350.4547
19999.79,0.58,20002.67;350.4547
19999.79,0.58,20002.67;350.4489
19999.79,0.58,20002.67;350.4489
19999.79,0.58,20002.67;350.4489
19999.79,0.58,20002.67;350.4432
19999.79,0.58,20002.67;350.4432
19999.79,0.58,20002.67;350.4432
19999.79,0.58,20002.67;350.4375
19999.79,0.58,20002.67;350.4375
19999.79,0.58,20002.66;350.4318
19999.79,0.58,20002.66;350.4318
19999.79,0.58,20002.66;350.426
19999.79,0.58,20002.66;350.426
19999.79,0.58,20002.66;350.426
19999.79,0.58,20002.66;350.426
19999.79,0.58,20002.66;350.426
19999.79,0.58,20002.66;350.4203
19999.79,0.58,20002.66;350.4203
19999.79,0.58,20002.66;350.4203
19999.79,0.58,20002.66;350.4203
19999.79,0.58,20002.66;350.4203
19999.79,0.58,20002.66;350.4203
19999.79,0.58,20002.66;350.4203
19999.79,0.58,20002.66;350.4203
19999.79,0.58,20002.66;350.4203
19999.79,0.58,20002.66;350.4203
19999.79,0.58,20002.66;