20000,0.5,20000;0
20000,0.5,20000;0
20000,0.5,20000;0
20000,0.5,20000;0
20000,0.5,20000;0
20000,0.5,20000;0
20000,0.5,20000;0
20000,0.5,20000;0
20000,0.5,20000;0
20000,0.5,20000;0
20000,0.5,20000;0
20000,0.5,20000;0
20000,0.5,20000;0
20000,0.5800976,20000;0
20000,0.5800976,20000;0
20000,0.5800976,20000;0
20000,0.5800976,20000;0
20000,0.5800976,20000;0
20000,0.5800976,20000;0
20000,0.5800976,20000;0
20000,0.5800976,20000;0
20000,0.5800976,20000;0
20000,0.5800976,20000;0
20000,0.5800976,20000;0
20000,0.5800976,20000;0
20000,0.5800976,20000;0
20000,0.5800976,20000;0
20000,0.5800976,20000;0
20000,0.5800976,20000.01;-0.005729198
20000,0.5800976,20000.01;-0.005729198
20000,0.5800976,20000.01;-0.005729198
20000,0.5800976,20000.01;-0.005729198
20000,0.5800976,20002.01;-0.005729198
20000,0.5800976,20004.01;-0.005729198
20000,0.5800976,20006.01;-0.005729198
20000,0.5800976,20008.01;-0.005729198
20000,0.5800976,20010.01;-0.005729198
20000,0.5800976,20012.01;-0.005729198
20000,0.5800976,20014;359.9886
20000,0.5800976,20016;359.9886
20000,0.5800976,20018;359.9886
20000,0.5800976,20020;359.9886
20000,0.5800976,20022;359.9886
20000,0.5800976,20024;359.9886
20000,0.5800976,20026;359.9886
20000,0.5800976,20028;359.9886
20000,0.5800976,20030;359.9886
20000,0.5800976,20032;359.9886
20000,0.5800976,20034;359.9886
20000,0.5800976,20036;359.9886
20000,0.5800976,20038;359.9886
20000,0.5800976,20040;359.9886
20000,0.5800976,20040;359.9886
20000,0.5800976,20040;359.9886
20000,0.5800976,20040;359.9886
20000,0.5800976,20040;359.9886
20000,0.5800976,20040;359.9886
20000,0.5800976,20040;359.9886
20000,0.5800976,20040;359.9886
20000,0.5800976,20040;359.9886
20000,0.5800976,20040;359.9886
20000,0.5800976,20040;359.9886
20000,0.5800976,20040;359.9886
20000,0.5800976,20040;359.9886
20000,0.5800976,20040;359.9886
20000,0.5800976,20040;-0.005729198
20000,0.5800976,20040;-0.005729198
20000,0.5800976,20040;-0.005729198
20000,0.5800976,20040;-0.005729198
20000,0.5800976,20040;-0.005729198
20000,0.5800976,20040;-0.005729198
20000,0.5800976,20040;-0.005729198
20000,0.5800976,20040;-0.005729198
20000,0.5800976,20040;-0.005729198
20000,0.5800976,20040;-0.005729198
20000,0.5800976,20040;-0.005729198
20000,0.5800976,20040;-0.005729198
20000,0.5800976,20040;-0.005729198
20000,0.5800976,20040;-0.005729198
20000,0.5800976,20040;0
20000,0.5800976,20040;0
20000,0.5800976,20040;0
20000,0.5800976,20040;0
20000,0.5800976,20040;0
20000,0.5800976,20040;0
20000,0.5800976,20040;0
20000,0.5800976,20040;0
20000,0.5800976,20040;0
20000,0.5800976,20040;0
20000,0.5800976,20040;0
20000,0.5800976,20040;0
20000,0.5800976,20040;0.005729198
20000,0.5800976,20040;0.005729198
20000,0.5800976,20040;0.005729198
20000,0.5800976,20040;0.005729198
20000,0.5800976,20040;0.005729198
20000,0.5800976,20040;0.005729198
20000,0.5800976,20040;0.005729198
20000,0.5800976,20040;0.005729198
20000,0.5800976,20040;0.005729198
20000,0.5800976,20040;0.005729198
20000,0.5800976,20040;0.005729198
20000,0.5800976,20040;0.005729198
20000,0.5800976,20040;0.005729198
20000,0.5800976,20040;0.005729198
20000,0.5800976,20040;0.005729198
20000,0.5800976,20040;0.005729198
20000,0.5800976,20040;0.005729198
20000,0.5800976,20040;0.005729198
20000,0.5800976,20040;0.005729198
20000,0.5800976,20040;0.005729198
20000,0.5800976,20040;0.005729198
20000,0.5800976,20040;0.005729198
20000,0.5800976,20040;0.005729198
20000,0.5800976,20040;0.005729198
20000,0.5800976,20040;0.005729198
20000,0.5800976,20040;0.005729198
20000,0.5800976,20040;0.005729198
20000,0.5800976,20040;0.005729198
20000,0.5800976,20040;0.005729198
20000,0.5800976,20040;0.005729198
20000,0.5800976,20040;0.005729198
20000,0.5800976,20040;0.005729198
20000,0.5800976,20040;0.005729198
20000,0.5800976,20040;0.005729198
20000,0.5800976,20040;0.005729198
20000,0.5800976,20040;0.005729198
20000,0.5800976,20040;0.005729198
20000,0.5800976,20040;0.005729198
20000,0.5800976,20040;0.005729198
20000,0.5800976,20040;0.005729198
20000,0.5800976,20040;0.005729198
20000,0.5800976,20040;0.005729198
20000,0.5800976,20040;0.005729198
20000,0.5800976,20040;0.005729198
20000,0.5800976,20040;0.005729198
20000,0.5800976,20040;0.005729198
20000,0.5800976,20040;0.005729198
20000,0.5800976,20040;0.005729198
20000,0.5800976,20040;0.005729198
20000,0.5800976,20040;0.005729198
20000,0.5800976,20040;0.005729198
20000,0.5800976,20040;0.005729198
20000,0.5800976,20040;0.005729198
20000,0.5800976,20040;0.005729198
20000,0.5800976,20040;0.005729198
20000,0.5800976,20040;0.005729198
20000,0.5800976,20040;0.005729198
20000,0.5800976,20040;0.005729198
20000,0.5800976,20040;0.005729198
20000,0.5800976,20040;0.005729198
20000,0.5800976,20040;0.005729198
20000,0.5800976,20040;0.005729198
20000,0.5800976,20040;0.005729198
20000,0.5800976,20040;0.005729198
20000,0.5800976,20040.01;0.005729198
20000,0.5800976,20040.01;0.005729198
20000,0.5800976,20040.01;0.005729198
20000,0.5800976,20040.01;0.005729198
20000,0.5800976,20040.01;0.005729198
20000,0.5800976,20040.01;0.005729198
20000,0.5800976,20040.01;0.005729198
20000,0.5800976,20040.01;0.005729198
20000,0.5800976,20040.01;0.005729198
20000,0.5800976,20040.01;0.005729198
20000,0.5800976,20040.01;0.005729198
20000,0.5800976,20040.01;0.005729198
20000,0.5800976,20040.01;0.005729198
20000,0.5800976,20040.01;0.005729198
20000,0.5800976,20040.01;0.005729198
20000,0.5800976,20040.01;0.005729198
20000,0.5800976,20040.01;0.005729198
20000,0.5800976,20040.01;0.005729198
20000,0.5800976,20040.01;0.005729198
20000,0.5800976,20040.01;0.005729198
20000,0.5800976,20040.01;0.005729198
20000,0.5800976,20040.01;0.005729198
20000,0.5800976,20040.01;0.005729198
20000,0.5800976,20040.01;0.005729198
20000,0.5800976,20040.01;0.005729198
20000,0.5800976,20040.01;0.005729198
20000,0.5800976,20040.01;0.005729198
20000,0.5800976,20040.01;0.005729198
20000,0.5800976,20040.01;0.005729198
20000,0.5800976,20040.01;0.005729198
20000,0.5800976,20040.01;0.005729198
20000,0.5800976,20040.01;0.005729198
20000,0.5800976,20040.01;0.005729198
20000,0.5800976,20040.01;0.005729198
20000,0.5800976,20040.01;0.005729198
20000,0.5800976,20040.01;0.005729198
20000,0.5800976,20040.01;0.005729198
20000,0.5800976,20040.01;0.005729198
20000,0.5800976,20040.01;0.005729198
20000,0.5800976,20040.01;0.005729198
20000,0.5800976,20040.01;0.005729198
20000,0.5800976,20040.01;0
20000,0.5800976,20040.01;0
20000,0.5800976,20040.01;0
20000,0.5800976,20040.01;0
20000,0.5800976,20040.01;0
20000,0.5800976,20040.01;0
20000,0.5800976,20040.01;0
20000,0.5800976,20040.01;0
20000,0.5800976,20040.01;0
20000,0.5800976,20040.01;0
20000,0.5800976,20040.01;0
20000,0.5800976,20040.01;0
20000,0.5800976,20040.01;0
20000,0.5800976,20040.01;0
20000,0.5800976,20040.01;0
20000,0.5800976,20040.01;0
20000,0.5800976,20040.01;0
20000,0.5800976,20040.01;0
20000,0.5800976,20040.01;0
20000,0.5800976,20040.01;0
20000,0.5800976,20040.01;0
20000,0.5800976,20040.01;0
20000,0.5800976,20040.01;0
20000,0.5800976,20040.01;0
20000,0.5800976,20040.01;0
20000,0.5800976,20040.01;0
20000,0.5800976,20040.01;0
20000,0.5800976,20040.01;0
20000,0.5800976,20040.01;0
20000,0.5800976,20040.01;0
20000,0.5800976,20040.01;0
20000,0.5800976,20040.01;0
20000,0.5800976,20040.01;-0.005729198
20000,0.5800976,20040.01;-0.005729198
20000,0.5800976,20040.01;-0.005729198
20000,0.5800976,20040.01;-0.005729198
20000,0.5800976,20040.01;-0.005729198
20000,0.5800976,20040.01;-0.005729198
20000,0.5800976,20040.01;-0.005729198
20000,0.5800976,20040.01;-0.005729198
20000,0.5800976,20040.01;-0.005729198
20000,0.5800976,20040.01;-0.005729198
20000,0.5800976,20040.01;-0.005729198
20000,0.5800976,20040.01;-0.005729198
20000,0.5800976,20040.01;-0.005729198
20000,0.5800976,20040.01;-0.005729198
20000,0.5800976,20040.01;-0.005729198
20000,0.5800976,20040.01;359.9886
20000,0.5800976,20040.01;359.9886
20000,0.5800976,20040.01;359.9886
20000,0.5800976,20040.01;359.9886
20000,0.5800976,20040.01;359.9886
20000,0.5800976,20040.01;359.9828
20000,0.5800976,20040.01;359.9828
20000,0.5800976,20040.01;359.9828
20000,0.5800976,20040.01;359.9828
20000,0.5800976,20040.01;359.9771
20000,0.5800976,20040.01;359.9771
20000,0.5800976,20040.01;359.9771
20000,0.5800976,20040.01;359.9771
20000,0.5800976,20040.01;359.9771
20000,0.5800976,20040.01;359.9713
20000,0.5800976,20040.01;359.9713
20000,0.5800976,20040.01;359.9713
20000,0.5800976,20040.01;359.9656
20000,0.5800976,20040.01;359.9656
20000,0.5800976,20040.01;359.9656
20000,0.5800976,20040.01;359.9656
20000,0.5800976,20040.01;359.9656
20000,0.5800976,20040.01;359.9656
20000,0.5800976,20040.01;359.9656
20000,0.5800976,20040.01;359.9656
20000,0.5800976,20040.01;359.9656
20000,0.5800976,20040.01;359.9656
20000,0.5800976,20040.01;359.9656
20000,0.5800976,20040.01;359.9599
20000,0.5800976,20040.01;359.9599
20000,0.5800976,20040.01;359.9599
20000,0.5800976,20040.02;359.9542
20000,0.5800976,20040.02;359.9542
20000,0.5800976,20040.02;359.9542
20000,0.5800976,20040.02;359.9542
20000,0.5800976,20040.02;359.9542
20000,0.5800976,20040.02;359.9542
20000,0.5800976,20040.02;359.9542
20000,0.5800976,20040.02;359.9542
20000,0.5800976,20040.02;359.9542
20000,0.5800976,20040.02;359.9542
20000,0.5800976,20040.02;359.9542
20000,0.5800976,20040.02;359.9542
20000,0.5800976,20040.02;359.9542
20000,0.5800976,20040.02;359.9542
20000,0.5800976,20040.02;359.9542
20000,0.5800976,20040.02;359.9542
20000,0.5800976,20040.02;359.9542
20000,0.5800976,20040.02;359.9542
20000,0.5800976,20040.02;359.9542
20000,0.5800976,20040.02;359.9542
20000,0.5800976,20040.02;359.9542
20000,0.5800976,20040.02;359.9542
20000,0.5800976,20040.02;359.9542
20000,0.5800976,20040.02;359.9484
20000,0.5800976,20040.02;359.9427
20000,0.5800976,20040.02;359.9427
20000,0.5800976,20040.02;359.9427
20000,0.5800976,20040.02;359.9427
20000,0.5800976,20040.02;359.9427
20000,0.5800976,20040.02;359.9427
20000,0.5800976,20040.02;359.9427
20000,0.5800976,20040.02;359.9427
20000,0.5800976,20040.02;359.9427
20000,0.5800976,20040.02;359.9427
20000,0.5800976,20040.02;359.9427
20000,0.5800976,20040.02;359.9427
20000,0.5800976,20040.02;359.9427
20000,0.5800976,20040.02;359.9427
20000,0.5800976,20040.02;359.9427
20000,0.5800976,20040.02;359.9427
20000,0.5800976,20040.02;359.9427
20000,0.5800976,20040.02;359.9427
20000,0.5800976,20040.02;359.9427
20000,0.5800976,20040.02;359.9427
20000,0.5800976,20040.02;359.9427
20000,0.5800976,20040.02;359.9427
20000,0.5800976,20040.02;359.9427
20000,0.5800976,20040.02;359.9427
20000,0.5800976,20040.02;359.9427
20000,0.5800976,20040.02;359.9427
20000,0.5800976,20040.02;359.937
20000,0.5800976,20040.02;359.937
20000,0.5800976,20040.02;359.937
20000,0.5800976,20040.02;359.937
20000,0.5800976,20040.02;359.937
20000,0.5800976,20040.02;359.937
20000,0.5800976,20040.02;359.937
20000,0.5800976,20040.02;359.937
20000,0.5800976,20040.02;359.937
20000,0.5800976,20040.02;359.937
20000,0.5800976,20040.02;359.9312
20000,0.5800976,20040.02;359.9312
20000,0.5800976,20040.02;359.9312
20000,0.5800976,20040.02;359.9312
20000,0.5800976,20040.02;359.9312
20000,0.5800976,20040.02;359.9312
20000,0.5800976,20040.02;359.9312
20000,0.5800976,20040.02;359.9312
20000,0.5800976,20040.02;359.9312
20000,0.5800976,20040.02;359.9312
20000,0.5800976,20040.02;359.9312
20000,0.5800976,20040.02;359.9312
20000,0.5800976,20040.02;359.9312
20000,0.5800976,20040.02;359.9312
20000,0.5800976,20040.02;359.9312
20000,0.5800976,20040.02;359.9312
20000,0.5800976,20040.02;359.9312
20000,0.5800976,20040.02;359.9312
20000,0.5800976,20040.02;359.9312
20000,0.5800976,20040.02;359.9312
20000,0.5800976,20040.02;359.9312
20000,0.5800976,20040.02;359.9312
20000,0.5800976,20040.02;359.9312
20000,0.5800976,20040.02;359.9312
20000,0.5800976,20040.02;359.9312
20000,0.5800976,20040.02;359.9312
20000,0.5800976,20040.02;359.9312
20000,0.5800976,20040.02;359.9312
20000,0.5800976,20040.02;359.9312
20000,0.5800976,20040.02;359.9312
20000,0.5800976,20040.02;359.9312
20000,0.5800976,20040.02;359.9312
20000,0.5800976,20040.02;359.9312
20000,0.5800976,20040.02;359.9312
20000,0.5800976,20040.02;359.9312
20000,0.5800976,20040.02;359.9312
20000,0.5800976,20040.02;359.9312
20000,0.5800976,20040.02;359.9312
20000,0.5800976,20040.02;359.9312
20000,0.5800976,20040.02;359.9312
20000,0.5800976,20040.02;359.9312
20000,0.5800976,20040.02;359.9312
20000,0.5800976,20040.02;359.9312
20000,0.5800976,20040.02;359.9312
20000,0.5800976,20040.02;359.9312
20000,0.5800976,20040.02;359.9312
20000,0.5800976,20040.02;359.9312
20000,0.5800976,20040.02;359.9312
20000,0.5800976,20040.02;359.9312
20000,0.5800976,20040.02;359.9312
20000,0.5800976,20040.02;359.9312
20000,0.5800976,20040.02;359.9312
20000,0.5800976,20040.02;359.9312
20000,0.5800976,20040.02;359.9312
20000,0.5800976,20040.02;359.9312
20000,0.5800976,20040.02;359.9312
20000,0.5800976,20040.02;359.9312
20000,0.5800976,20040.02;359.9312
20000,0.5800976,20040.02;359.9312
20000,0.5800976,20040.02;359.9312
20000,0.5800976,20040.02;359.9312
20000,0.5800976,20040.02;359.9312
20000,0.5800976,20040.02;359.9312
20000,0.5800976,20040.02;359.9312
20000,0.5800976,20040.02;359.9312
20000,0.5800976,20040.02;359.9312
20000,0.5800976,20040.02;359.9312
20000,0.5800976,20040.02;359.9312
20000,0.5800976,20040.02;359.9312
20000,0.5800976,20040.02;359.9312
20000,0.5800976,20040.02;359.9312
20000,0.5800976,20040.02;359.9312
20000,0.5800976,20040.02;359.9312
20000,0.5800976,20040.02;359.9312
20000,0.5800976,20040.02;359.9312
20000,0.5800976,20040.02;359.9312
20000,0.5800976,20040.02;359.9312
20000,0.5800976,20040.02;359.9312
20000,0.5800976,20040.02;359.9312
20000,0.5800976,20040.02;359.9312
20000,0.5800976,20040.02;359.9312
20000,0.5800976,20040.02;359.9312
20000,0.5800976,20040.02;359.937
20000,0.5800976,20040.02;359.937
20000,0.5800976,20040.02;359.937
20000,0.5800976,20040.02;359.937
20000,0.5800976,20040.02;359.937
20000,0.5800976,20040.02;359.937
20000,0.5800976,20040.02;359.937
20000,0.5800976,20040.02;359.937
20000,0.5800976,20040.02;359.937
20000,0.5800976,20040.02;359.9427
20000,0.5800976,20040.02;359.9427
20000,0.5800976,20040.02;359.9427
20000,0.5800976,20040.02;359.9427
20000,0.5800976,20040.02;359.9427
20000,0.5800976,20040.02;359.9427
20000,0.5800976,20040.02;359.9427
20000,0.5800976,20040.02;359.9427
20000,0.5800976,20040.02;359.9427
20000,0.5800976,20040.02;359.9427
20000,0.5800976,20040.02;359.9427
20000,0.5800976,20040.02;359.9427
20000,0.5800976,20040.02;359.9427
20000,0.5800976,20040.02;359.9427
20000,0.5800976,20040.02;359.9427
20000,0.5800976,20040.02;359.9427
20000,0.5800976,20040.02;359.9427
20000,0.5800976,20040.02;359.9427
20000,0.5800976,20040.02;359.9427
20000,0.5800976,20040.02;359.9427
20000,0.5800976,20040.02;359.9427
20000,0.5800976,20040.02;359.9427
20000,0.5800976,20040.02;359.9427
20000,0.5800976,20040.02;359.9427
20000,0.5800976,20040.02;359.9427
20000,0.5800976,20040.02;359.9427
20000,0.5800976,20040.02;359.9427
20000,0.5800976,20040.02;359.9427
20000,0.5800976,20040.02;359.9427
20000,0.5800976,20040.02;359.9427
20000,0.5800976,20040.02;359.9427
20000,0.5800976,20040.02;359.9427
20000,0.5800976,20040.02;359.9484
20000,0.5800976,20040.02;359.9484
20000,0.5800976,20040.02;359.9484
20000,0.5800976,20040.02;359.9484
20000,0.5800976,20040.02;359.9484
20000,0.5800976,20040.02;359.9484
20000,0.5800976,20040.02;359.9484
20000,0.5800976,20040.02;359.9484
20000,0.5800976,20040.02;359.9484
20000,0.5800976,20040.02;359.9484
20000,0.5800976,20040.02;359.9484
20000,0.5800976,20040.02;359.9484
20000,0.5800976,20040.02;359.9484
20000,0.5800976,20040.02;359.9484
20000,0.5800976,20040.02;359.9484
20000,0.5800976,20040.01;359.9542
20000,0.5800976,20040.01;359.9542
20000,0.5800976,20040.01;359.9542
20000,0.5800976,20040.01;359.9542
20000,0.5800976,20040.01;359.9542
20000,0.5800976,20040.01;359.9542
20000,0.5800976,20040.01;359.9542
20000,0.5800976,20040.01;359.9542
20000,0.5800976,20040.01;359.9542
20000,0.5800976,20040.01;359.9542
20000,0.5800976,20040.01;359.9542
20000,0.5800976,20040.01;359.9542
20000,0.5800976,20040.01;359.9542
20000,0.5800976,20040.01;359.9542
20000,0.5800976,20040.01;359.9542
20000,0.5800976,20040.01;359.9542
20000,0.5800976,20040.01;359.9542
20000,0.5800976,20040.01;359.9542
20000,0.5800976,20040.01;359.9542
20000,0.5800976,20040.01;359.9542
20000,0.5800976,20040.01;359.9542
20000,0.5800976,20040.01;359.9599
20000,0.5800976,20040.01;359.9599
20000,0.5800976,20040.01;359.9599
20000,0.5800976,20040.01;359.9599
20000,0.5800976,20040.01;359.9599
20000,0.5800976,20040.01;359.9599
20000,0.5800976,20040.01;359.9599
20000,0.5800976,20040.01;359.9599
20000,0.5800976,20040.01;359.9599
20000,0.5800976,20040.01;359.9599
20000,0.5800976,20040.01;359.9599
20000,0.5800976,20040.01;359.9599
20000,0.5800976,20040.01;359.9599
20000,0.5800976,20040.01;359.9599
20000,0.5800976,20040.01;359.9599
20000,0.5800976,20040.01;359.9599
20000,0.5800976,20040.01;359.9542
20000,0.5800976,20040.01;359.9542
20000,0.5800976,20040.01;359.9542
20000,0.5800976,20040.01;359.9542
20000,0.5800976,20040.01;359.9542
20000,0.5800976,20040.01;359.9542
20000,0.5800976,20040.01;359.9542
20000,0.5800976,20040.01;359.9542
20000,0.5800976,20040.01;359.9542
20000,0.5800976,20040.01;359.9542
20000,0.5800976,20040.01;359.9542
20000,0.5800976,20040.01;359.9542
20000,0.5800976,20040.01;359.9542
20000,0.5800976,20040.01;359.9542
20000,0.5800976,20040.01;359.9542
20000,0.5800976,20040.01;359.9542
20000,0.5800976,20040.01;359.9542
20000,0.5800976,20040.01;359.9542
20000,0.5800976,20040.01;359.9542
20000,0.5800976,20040.01;359.9542
20000,0.5800976,20040.01;359.9542
20000,0.5800976,20040.01;359.9542
20000,0.5800976,20040.01;359.9542
20000,0.5800976,20040.01;359.9542
20000,0.5800976,20040.01;359.9542
20000,0.5800976,20040.01;359.9542
20000,0.5800976,20040.01;359.9542
20000,0.5800976,20040.01;359.9542
20000,0.5800976,20040.01;359.9542
20000,0.5800976,20040.01;359.9542
20000,0.5800976,20040.01;359.9542
20000,0.5800976,20040.01;359.9542
20000,0.5800976,20040.01;359.9542
20000,0.5800976,20040.01;359.9542
20000,0.5800976,20040.01;359.9542
20000,0.5800976,20040.01;359.9542
20000,0.5800976,20040.01;359.9542
20000,0.5800976,20040.01;359.9542
20000,0.5800976,20040.01;359.9542
20000,0.5800976,20040.01;359.9542
20000,0.5800976,20040.01;359.9542
20000,0.5800976,20040.01;359.9484
20000,0.5800976,20040.01;359.9484
20000,0.5800976,20040.01;359.9484
20000,0.5800976,20040.01;359.9484
20000,0.5800976,20040.01;359.9484
20000,0.5800976,20040.01;359.9484
20000,0.5800976,20040.01;359.9484
20000,0.5800976,20040.01;359.9484
20000,0.5800976,20040.01;359.9484
20000,0.5800976,20040.01;359.9484
20000,0.5800976,20040.01;359.9484
20000,0.5800976,20040.01;359.9484
20000,0.5800976,20040.01;359.9484
20000,0.5800976,20040.01;359.9484
20000,0.5800976,20040.01;359.9484
20000,0.5800976,20040.01;359.9484
20000,0.5800976,20040.01;359.9484
20000,0.5800976,20040.01;359.9484
20000,0.5800976,20040.01;359.9484
20000,0.5800976,20040.01;359.9484
20000,0.5800976,20040.01;359.9484
20000,0.5800976,20040.01;359.9484
20000,0.5800976,20040.01;359.9484
20000,0.5800976,20040.01;359.9427
20000,0.5800976,20040.01;359.9427
20000,0.5800976,20040.01;359.9427
20000,0.5800976,20040.01;359.9427
20000,0.5800976,20040.01;359.9427
20000,0.5800976,20040.01;359.937
20000,0.5800976,20040.01;359.937
20000,0.5800976,20040.01;359.937
20000,0.5800976,20040.01;359.937
20000,0.5800976,20040.01;359.937
20000,0.5800976,20040.01;359.937
20000,0.5800976,20040.01;359.937
20000,0.5800976,20040.01;359.937
20000,0.5800976,20040.01;359.937
20000,0.5800976,20040.01;359.937
20000,0.5800976,20040.01;359.937
20000,0.5800976,20040.01;359.937
20000,0.5800976,20040.01;359.937
20000,0.5800976,20040.01;359.937
20000,0.5800976,20040.01;359.937
20000,0.5800976,20040.01;359.937
20000,0.5800976,20040.01;359.937
20000,0.5800976,20040.01;359.937
20000,0.5800976,20040.01;359.937
20000,0.5800976,20040.01;359.937
20000,0.5800976,20040.01;359.937
20000,0.5800976,20040.01;359.937
20000,0.5800976,20040.01;359.937
20000,0.5800976,20040.01;359.937
20000,0.5800976,20040.01;359.937
20000,0.5800976,20040.01;359.937
20000,0.5800976,20040.01;359.9312
20000,0.5800976,20040.01;359.9312
20000,0.5800976,20040.01;359.9312
20000,0.5800976,20040.01;359.9312
20000,0.5800976,20040.01;359.9312
20000,0.5800976,20040.01;359.9312
20000,0.5800976,20040.01;359.9312
20000,0.5800976,20040.01;359.9312
20000,0.5800976,20040.01;359.9312
20000,0.5800976,20040.01;359.9312
20000,0.5800976,20040.01;359.9312
20000,0.5800976,20040.01;359.9312
20000,0.5800976,20040.01;359.9312
20000,0.5800976,20040.01;359.9312
20000,0.5800976,20040.01;359.9312
20000,0.5800976,20040.01;359.9312
20000,0.5800976,20040.01;359.9312
20000,0.5800976,20040.01;359.9312
20000,0.5800976,20040.01;359.9312
20000,0.5800976,20040.01;359.9312
20000,0.5800976,20040.01;359.9312
20000,0.5800976,20040.01;359.9312
20000,0.5800976,20040.01;359.9312
20000,0.5800976,20040.01;359.9312
20000,0.5800976,20040.01;359.9312
20000,0.5800976,20040.01;359.9312
20000,0.5800976,20040.01;359.9312
20000,0.5800976,20040.01;359.9312
20000,0.5800976,20040.01;359.9312
20000,0.5800976,20040.01;359.9312
20000,0.5800976,20040.01;359.9312
20000,0.5800976,20040.01;359.9312
20000,0.5800976,20040.01;359.9312
20000,0.5800976,20040.01;359.9312
20000,0.5800976,20040.01;359.9312
20000,0.5800976,20040.01;359.9312
20000,0.5800976,20040.01;359.9312
20000,0.5800976,20040.01;359.9312
20000,0.5800976,20040.01;359.9312
20000,0.5800976,20040.01;359.9312
20000,0.5800976,20040.01;359.9312
20000,0.5800976,20040.01;359.9312
20000,0.5800976,20040.01;359.9312
20000,0.5800976,20040.01;359.9312
20000,0.5800976,20040.01;359.9312
20000,0.5800976,20040.01;359.9312
20000,0.5800976,20040.01;359.9312
20000,0.5800976,20040.01;359.9312
20000,0.5800976,20040.01;359.9312
20000,0.5800976,20040.01;359.9312
20000,0.5800976,20040.01;359.9312
20000,0.5800976,20040.01;359.9312
20000,0.5800976,20040.01;359.9312
20000,0.5800976,20040.01;359.9312
20000,0.5800976,20040.01;359.9312
20000,0.5800976,20040.01;359.9312
20000,0.5800976,20040.01;359.9312
20000,0.5800976,20040.01;359.9312
20000,0.5800976,20040.01;359.9312
20000,0.5800976,20040.01;359.9312
20000,0.5800976,20040.01;359.9312
20000,0.5800976,20040.01;359.9312
20000,0.5800976,20040.01;359.937
20000,0.5800976,20040.01;359.937
20000,0.5800976,20040.01;359.937
20000,0.5800976,20040.01;359.937
20000,0.5800976,20040.01;359.937
20000,0.5800976,20040.01;359.937
20000,0.5800976,20040.01;359.937
20000,0.5800976,20040.01;359.937
20000,0.5800976,20040.01;359.937
20000,0.5800976,20040.01;359.937
20000,0.5800976,20040.01;359.937
20000,0.5800976,20040.01;359.937
20000,0.5800976,20040.01;359.937
20000,0.5800976,20040.01;359.937
20000,0.5800976,20040.01;359.937
20000,0.5800976,20040.01;359.937
20000,0.5800976,20040.01;359.937
20000,0.5800976,20040.01;359.937
20000,0.5800976,20040.01;359.937
20000,0.5800976,20040.01;359.937
20000,0.5800976,20040.01;359.937
20000,0.5800976,20040.01;359.937
20000,0.5800976,20040.01;359.937
20000,0.5800976,20040.01;359.937
20000,0.5800976,20040.01;359.937
20000,0.5800976,20040.01;359.937
20000,0.5800976,20040.01;359.937
20000,0.5800976,20040.01;359.937
20000,0.5800976,20040.01;359.937
20000,0.5800976,20040.01;359.937
20000,0.5800976,20040.01;359.937
20000,0.5800976,20040.01;359.937
20000,0.5800976,20040.01;359.937
20000,0.5800976,20040.01;359.937
20000,0.5800976,20040.01;359.937
20000,0.5800976,20040.01;359.937
20000,0.5800976,20040.01;359.937
20000,0.5800976,20040.01;359.937
20000,0.5800976,20040.01;359.937
20000,0.5800976,20040.01;359.937
20000,0.5800976,20040.01;359.937
20000,0.5800976,20040.01;359.937
20000,0.5800976,20040.01;359.937
20000,0.5800976,20040.01;359.937
20000,0.5800976,20040.01;359.937
20000,0.5800976,20040.01;359.937
20000,0.5800976,20040.01;359.937
20000,0.5800976,20040.01;359.937
20000,0.5800976,20040.01;359.937
20000,0.5800976,20040.01;359.9427
20000,0.5800976,20040.01;359.9427
20000,0.5800976,20040.01;359.9427
20000,0.5800976,20040.01;359.9427
20000,0.5800976,20040.01;359.9427
20000,0.5800976,20040.01;359.9427
20000,0.5800976,20040.01;359.9427
20000,0.5800976,20040.01;359.9427
20000,0.5800976,20040.01;359.9427
20000,0.5800976,20040.01;359.9427
20000,0.5800976,20040.01;359.9427
20000,0.5800976,20040.01;359.9427
20000,0.5800976,20040.01;359.9427
20000,0.5800976,20040.01;359.9427
20000,0.5800976,20040.01;359.9427
20000,0.5800976,20040.01;359.9427
20000,0.5800976,20040.01;359.9427
20000,0.5800976,20040.01;359.9427
20000,0.5800976,20040.01;359.9427
20000,0.5800976,20040.01;359.9427
20000,0.5800976,20040.01;359.9427
20000,0.5800976,20040.01;359.9427
20000,0.5800976,20040.01;359.9427
20000,0.5800976,20040.01;359.9427
20000,0.5800976,20040.01;359.9427
20000,0.5800976,20040.01;359.9427
20000,0.5800976,20040.01;359.9427
20000,0.5800976,20040.01;359.9427
20000,0.5800976,20040.01;359.9427
20000,0.5800976,20040.01;359.9427
20000,0.5800976,20040.01;359.9427
20000,0.5800976,20040.01;359.9427
20000,0.5800976,20040.01;359.9427
20000,0.5800976,20040.01;359.9427
20000,0.5800976,20040.01;359.9427
20000,0.5800976,20040.01;359.9427
20000,0.5800976,20040.01;359.9427
20000,0.5800976,20040.01;359.9427
20000,0.5800976,20040.01;359.9427
20000,0.5800976,20040.01;359.9427
20000,0.5800976,20040.01;359.9427
20000,0.5800976,20040.01;359.9427
20000,0.5800976,20040.01;359.9427
20000,0.5800976,20040.01;359.9427
20000,0.5800976,20040.01;359.9427
20000,0.5800976,20040.01;359.9427
20000,0.5800976,20040.01;359.9427
20000,0.5800976,20040.01;359.9427
20000,0.5800976,20040.01;359.9427
20000,0.5800976,20040.01;359.9427
20000,0.5800976,20040.01;359.9427
20000,0.5800976,20040.01;359.9427
20000,0.5800976,20040.01;359.9427
20000,0.5800976,20040.01;359.9427
20000,0.5800976,20040.01;359.9427
20000,0.5800976,20040.01;359.9427
20000,0.5800976,20040.01;359.9427
20000,0.5800976,20040.01;359.9427
20000,0.5800976,20040.01;359.9427
20000,0.5800976,20040.01;359.9427
20000,0.5800976,20040.01;359.9427
20000,0.5800976,20040.01;359.9427
20000,0.5800976,20040.01;359.9427
20000,0.5800976,20040.01;359.9427
20000,0.5800976,20040.01;359.9427
20000,0.5800976,20040.01;359.9427
20000,0.5800976,20040.01;359.9427
20000,0.5800976,20040.01;359.9427
20000,0.5800976,20040.01;359.9427
20000,0.5800976,20040;359.937
20000,0.5800976,20040;359.937
20000,0.5800976,20040;359.937
20000,0.5800976,20040;359.937
20000,0.5800976,20040;359.937
20000,0.5800976,20040;359.937
20000,0.5800976,20040;359.937
20000,0.5800976,20040;359.937
20000,0.5800976,20040;359.937
20000,0.5800976,20040;359.937
20000,0.5800976,20040;359.937
20000,0.5800976,20040;359.937
20000,0.5800976,20040;359.937
20000,0.5800976,20040;359.937
20000,0.5800976,20040;359.937
20000,0.5800976,20040;359.937
20000,0.5800976,20040;359.937
20000,0.5800976,20040;359.937
20000,0.5800976,20040;359.937
20000,0.5800976,20040;359.937
20000,0.5800976,20040;359.937
20000,0.5800976,20040;359.937
20000,0.5800976,20040;359.937
20000,0.5800976,20040.01;359.9312
20000,0.5800976,20040.01;359.9312
20000,0.5800976,20040.01;359.9312
20000,0.5800976,20040.01;359.9312
20000,0.5800976,20040.01;359.9312
20000,0.5800976,20040.01;359.9312
20000,0.5800976,20040.01;359.9312
20000,0.5800976,20040.01;359.9312
20000,0.5800976,20040.01;359.9312
20000,0.5800976,20040.01;359.9312
20000,0.5800976,20040.01;359.9312
20000,0.5800976,20040.01;359.9312
20000,0.5800976,20040.01;359.9312
20000,0.5800976,20040.01;359.9312
20000,0.5800976,20040.01;359.9312
20000,0.5800976,20040.01;359.9312
20000,0.5800976,20040.01;359.9312
20000,0.5800976,20040.01;359.9312
20000,0.5800976,20040.01;359.9312
20000,0.5800976,20040.01;359.9312
20000,0.5800976,20040.01;359.9312
20000,0.5800976,20040.01;359.9312
20000,0.5800976,20040.01;359.9312
20000,0.5800976,20040.01;359.9312
20000,0.5800976,20040.01;359.9255
20000,0.5800976,20040.01;359.9255
20000,0.5800976,20040.01;359.9255
20000,0.5800976,20040.01;359.9255
20000,0.5800976,20040.01;359.9255
20000,0.5800976,20040.01;359.9255
20000,0.5800976,20040.01;359.9255
20000,0.5800976,20040.01;359.9255
20000,0.5800976,20040.01;359.9255
20000,0.5800976,20040.01;359.9255
20000,0.5800976,20040.01;359.9255
20000,0.5800976,20040.01;359.9255
20000,0.5800976,20040.01;359.9255
20000,0.5800976,20040.01;359.9255
20000,0.5800976,20040.01;359.9255
20000,0.5800976,20040.01;359.9255
20000,0.5800976,20040.01;359.9255
20000,0.5800976,20040.01;359.9255
20000,0.5800976,20040.01;359.9255
20000,0.5800976,20040.01;359.9255
20000,0.5800976,20040.01;359.9255
20000,0.5800976,20040.01;359.9255
20000,0.5800976,20040.01;359.9255
20000,0.5800976,20040.01;359.9255
20000,0.5800976,20040.01;359.9255
20000,0.5800976,20040.01;359.9255
20000,0.5800976,20040.01;359.9255
20000,0.5800976,20040.01;359.9255
20000,0.5800976,20040.01;359.9255
20000,0.5800976,20040.01;359.9255
20000,0.5800976,20040.01;359.9255
20000,0.5800976,20040.01;359.9255
20000,0.5800976,20040.01;359.9255
20000,0.5800976,20040.01;359.9255
20000,0.5800976,20040.01;359.9255
20000,0.5800976,20040.01;359.9255
20000,0.5800976,20040.01;359.9255
20000,0.5800976,20040.01;359.9255
20000,0.5800976,20040.01;359.9255
20000,0.5800976,20040.01;359.9255
20000,0.5800976,20040.01;359.9255
20000,0.5800976,20040.01;359.9255
20000,0.5800976,20040.01;359.9255
20000,0.5800976,20040.01;359.9255
20000,0.5800976,20040.01;359.9255
20000,0.5800976,20040.01;359.9255
20000,0.5800976,20040.01;359.9255
20000,0.5800976,20040.01;359.9255
20000,0.5800976,20040.01;359.9255
20000,0.5800976,20040.01;359.9255
20000,0.5800976,20040.01;359.9255
20000,0.5800976,20040.01;359.9255
20000,0.5800976,20040.01;359.9255
20000,0.5800976,20040.01;359.9255
20000,0.5800976,20040.01;359.9255
20000,0.5800976,20040.01;359.9255
20000,0.5800976,20040.01;359.9255
20000,0.5800976,20040.01;359.9255
20000,0.5800976,20040.01;359.9255
20000,0.5800976,20040.01;359.9255
20000,0.5800976,20040.01;359.9255
20000,0.5800976,20040.01;359.9255
20000,0.5800976,20040.01;359.9255
20000,0.5800976,20040.01;359.9255
20000,0.5800976,20040.01;359.9255
20000,0.5800976,20040.01;359.9255
20000,0.5800976,20040.01;359.9255
20000,0.5800976,20040.01;359.9255
20000,0.5800976,20040.01;359.9255
20000,0.5800976,20040.01;359.9255
20000,0.5800976,20040.01;359.9255
20000,0.5800976,20040.01;359.9255
20000,0.5800976,20040.01;359.9255
20000,0.5800976,20040.01;359.9255
20000,0.5800976,20040.01;359.9255
20000,0.5800976,20040.01;359.9255
20000,0.5800976,20040.01;359.9255
20000,0.5800976,20040.01;359.9312
20000,0.5800976,20040.01;359.9312
20000,0.5800976,20040.01;359.9312
20000,0.5800976,20040.01;359.9312
20000,0.5800976,20040.01;359.9312
20000,0.5800976,20040.01;359.9312
20000,0.5800976,20040.01;359.937
20000,0.5800976,20040.01;359.9427
20000,0.5800976,20040.01;359.9427
20000,0.5800976,20040.01;359.9427
20000,0.5800976,20040.01;359.9427
20000,0.5800976,20040.01;359.9427
20000,0.5800976,20040.01;359.9427
20000,0.5800976,20040.01;359.9427
20000,0.5800976,20040.01;359.9427
20000,0.5800976,20040.01;359.9484
20000,0.5800976,20040.01;359.9484
20000,0.5800976,20040.01;359.9484
20000,0.5800976,20040.01;359.9427
20000,0.5800976,20040.01;359.9427
20000,0.5800976,20040.01;359.9427
20000,0.5800976,20040.01;359.9484
20000,0.5800976,20040.01;359.9484
20000,0.5800976,20040.01;359.9484
20000,0.5800976,20040.01;359.9484
20000,0.5800976,20040.01;359.9484
20000,0.5800976,20040.01;359.9484
20000,0.5800976,20040.01;359.9484
20000,0.5800976,20040.01;359.9484
20000,0.5800976,20040.01;359.9542
20000,0.5800976,20040.01;359.9542
20000,0.5800976,20040.01;359.9542
20000,0.5800976,20040.01;359.9542
20000,0.5800976,20040.01;359.9542
20000,0.5800976,20040.01;359.9542
20000,0.5800976,20040.01;359.9542
20000,0.5800976,20040.01;359.9599
20000,0.5800976,20040.01;359.9656
20000,0.5800976,20040.01;359.9656
20000,0.5800976,20040.01;359.9656
20000,0.5800976,20040.01;359.9656
20000,0.5800976,20040.01;359.9656
20000,0.5800976,20040.01;359.9656
20000,0.5800976,20040.01;359.9656
20000,0.5800976,20040.01;359.9656
20000,0.5800976,20040.01;359.9656
20000,0.5800976,20040.01;359.9656
20000,0.5800976,20040.01;359.9656
20000,0.5800976,20040.01;359.9656
20000,0.5800976,20040.01;359.9656
20000,0.5800976,20040.01;359.9656
20000,0.5800976,20040.01;359.9656
20000,0.5800976,20040.01;359.9713
20000,0.5800976,20040.01;359.9713
20000,0.5800976,20040.01;359.9713
20000,0.5800976,20040.01;359.9713
20000,0.5800976,20040.01;359.9713
20000,0.5800976,20040.01;359.9771
20000,0.5800976,20040.01;359.9771
20000,0.5800976,20040.01;359.9771
20000,0.5800976,20040.01;359.9771
20000,0.5800976,20040.01;359.9771
20000,0.5800976,20040.01;359.9771
20000,0.5800976,20040.01;359.9771
20000,0.5800976,20040.01;359.9828
20000,0.5800976,20040.01;359.9886
20000,0.5800976,20040.01;359.9886
20000,0.5800976,20040.01;359.9886
20000,0.5800976,20040.01;359.9886
20000,0.5800976,20040.01;359.9886
20000,0.5800976,20040.01;359.9886
20000,0.5800976,20040.01;359.9886
20000,0.5800976,20040.01;359.9886
20000,0.5800976,20040.01;359.9886
20000,0.5800976,20040.01;359.9886
20000,0.5800976,20040.01;-0.005729195
20000,0.5800976,20040.01;-0.005729195
20000,0.5800976,20040.01;-0.005729195
20000,0.5800976,20040.01;3.335053E-09
20000,0.5800976,20040.01;3.335053E-09
20000,0.5800976,20040.01;3.335053E-09
20000,0.5800976,20040.01;0.005729201
20000,0.5800976,20040.01;0.005729201
20000,0.5800976,20040.01;0.005729201
20000,0.5800976,20040.01;0.005729201
20000,0.5800976,20040.01;0.005729201
20000,0.5800976,20040.01;0.005729201
20000,0.5800976,20040.01;0.005729201
20000,0.5800976,20040.01;0.005729201
20000,0.5800976,20040.01;0.005729201
20000,0.5800976,20040.01;0.005729201
20000,0.5800976,20040.01;0.005729201
20000,0.5800976,20040.01;0.005729201
20000,0.5800976,20040.01;0.005729201
20000,0.5800976,20040.01;0.005729201
20000,0.5800976,20040.01;0.005729201
20000,0.5800976,20040.02;0.005729201
20000,0.5800976,20040.02;0.005729201
20000,0.5800976,20040.02;3.335053E-09
20000,0.5800976,20040.02;3.335053E-09
20000,0.5800976,20040.02;0.005729201
20000,0.5800976,20040.02;0.005729201
20000,0.5800976,20040.02;0.005729201
20000,0.5800976,20040.02;0.005729201
20000,0.5800976,20040.02;0.005729201
20000,0.5800976,20040.02;0.005729201
20000,0.5800976,20040.02;0.005729201
20000,0.5800976,20040.02;0.005729201
20000,0.5800976,20040.02;0.005729201
20000,0.5800976,20040.02;0.005729201
20000,0.5800976,20040.02;0.005729201
20000,0.5800976,20040.02;0.005729201
20000,0.5800976,20040.02;3.335053E-09
20000,0.5800976,20040.02;3.335053E-09
20000,0.5800976,20040.02;3.335053E-09
20000,0.5800976,20040.02;0.005729201
20000,0.5800976,20040.02;0.005729201
20000,0.5800976,20040.02;0.005729201
20000,0.5800976,20040.03;3.335053E-09
20000,0.5800976,20040.03;3.335053E-09
20000,0.5800976,20040.03;3.335053E-09
20000,0.5800976,20040.02;-0.005729195
20000,0.5800976,20040.02;-0.005729195
20000,0.5800976,20040.02;-0.005729195
20000,0.5800976,20040.02;-0.005729195
20000,0.5800976,20040.02;-0.005729195
20000,0.5800976,20040.02;-0.005729195
20000,0.5800976,20040.02;359.9886
20000,0.5800976,20040.02;359.9886
20000,0.5800976,20040.02;-0.005729195
20000,0.5800976,20040.02;-0.005729195
20000,0.5800976,20040.02;-0.005729195
20000,0.5800976,20040.02;-0.005729195
20000,0.5800976,20040.02;359.9886
20000,0.5800976,20040.02;359.9886
20000,0.5800976,20040.02;359.9886
20000,0.5800976,20040.02;-0.005729195
20000,0.5800976,20040.02;-0.005729195
20000,0.5800976,20040.02;-0.005729195
20000,0.5800976,20040.02;-0.005729195
20000,0.5800976,20040.02;-0.005729195
20000,0.5800976,20040.01;359.9886
20000,0.5800976,20040.01;359.9886
20000,0.5800976,20040.01;359.9886
20000,0.5800976,20040.01;-0.005729195
20000,0.5800976,20040.01;3.335053E-09
20000,0.5800976,20040.01;3.335053E-09
20000,0.5800976,20040.01;3.335053E-09
20000,0.5800976,20040.01;3.335053E-09
20000,0.5800976,20040.01;3.335053E-09
20000,0.5800976,20040.01;3.335053E-09
20000,0.5800976,20040.01;3.335053E-09
20000,0.5800976,20040.01;0.005729201
20000,0.5800976,20040.01;0.0114584
20000,0.5800976,20040.01;0.0114584
20000,0.5800976,20040.01;0.0114584
20000,0.5800976,20040.01;0.0114584
20000,0.5800976,20040.01;0.005729201
20000,0.5800976,20040.01;0.0114584
20000,0.5800976,20040.01;0.0114584
20000,0.5800976,20040.01;0.0114584
20000,0.5800976,20040.01;0.0171876
20000,0.5800976,20040.01;0.0171876
20000,0.5800976,20040.01;0.0171876
20000,0.5800976,20040.01;0.0171876
20000,0.5800976,20040.01;0.0171876
20000,0.5800976,20040.01;0.0229168
20000,0.5800976,20040.01;0.02864599
20000,0.5800976,20040.01;0.02864599
20000,0.5800976,20040.01;0.02864599
20000,0.5800976,20040.01;0.02864599
20000,0.5800976,20040.01;0.02864599
20000,0.5800976,20040.01;0.02864599
20000,0.5800976,20040.01;0.03437519
20000,0.5800976,20040.01;0.03437519
20000,0.5800976,20040.01;0.03437519
20000,0.5800976,20040.01;0.03437519
20000,0.5800976,20040.01;0.03437519
20000,0.5800976,20040.01;0.03437519
20000,0.5800976,20040.01;0.03437519
20000,0.5800976,20040.01;0.03437519
20000,0.5800976,20040.01;0.04010439
20000,0.5800976,20040.01;0.04010439
20000,0.5800976,20040.01;0.04010439
20000,0.5800976,20040.01;0.04010439
20000,0.5800976,20040.01;0.04010439
20000,0.5800976,20040.01;0.04010439
20000,0.5800976,20040.01;0.04010439
20000,0.5800976,20040.01;0.04010439
20000,0.5800976,20040.01;0.04010439
20000,0.5800976,20040.01;0.04010439
20000,0.5800976,20040.01;0.04010439
20000,0.5800976,20040.01;0.04010439
20000,0.5800976,20040.01;0.04010439
20000,0.5800976,20040.01;0.04010439
20000,0.5800976,20040.01;0.04010439
20000,0.5800976,20040.01;0.04010439
20000,0.5800976,20040.01;0.04010439
20000,0.5800976,20040.01;0.04010439
20000,0.5800976,20040.01;0.04010439
20000,0.5800976,20040.01;0.04010439
20000,0.5800976,20040.01;0.04010439
20000,0.5800976,20040.01;0.04010439
20000,0.5800976,20040.01;0.04010439
20000,0.5800976,20040.01;0.04010439
20000,0.5800976,20040.01;0.04010439
20000,0.5800976,20040.01;0.04010439
20000,0.5800976,20040.01;0.04010439
20000,0.5800976,20040.01;0.04010439
20000,0.5800976,20040.01;0.04010439
20000,0.5800976,20040.01;0.04010439
20000,0.5800976,20040.01;0.04010439
20000,0.5800976,20040.01;0.04010439
20000,0.5800976,20040.01;0.04010439
20000,0.5800976,20040.01;0.04010439
20000,0.5800976,20040.01;0.04010439
20000,0.5800976,20040.01;0.04010439
20000,0.5800976,20040.01;0.04010439
20000,0.5800976,20040.01;0.04010439
20000,0.5800976,20040.01;0.04010439
20000,0.5800976,20040.01;0.04010439
20000,0.5800976,20040.01;0.04010439
20000,0.5800976,20040.01;0.04010439
20000,0.5800976,20040.01;0.04010439
20000,0.5800976,20040.01;0.04010439
20000,0.5800976,20040.01;0.04010439
20000,0.5800976,20040.01;0.03437519
20000,0.5800976,20040.01;0.03437519
20000,0.5800976,20040.01;0.02864599
20000,0.5800976,20040.01;0.02864599
20000,0.5800976,20040.01;0.02864599
20000,0.5800976,20040.01;0.02864599
20000,0.5800976,20040.01;0.02864599
20000,0.5800976,20040.01;0.02864599
20000,0.5800976,20040.01;0.02864599
20000,0.5800976,20040.01;0.02864599
20000,0.5800976,20040.01;0.02864599
20000,0.5800976,20040.01;0.02864599
20000,0.5800976,20040.01;0.02864599
20000,0.5800976,20040.01;0.02864599
20000,0.5800976,20040.01;0.0229168
20000,0.5800976,20040.01;0.0229168
20000,0.5800976,20040.01;0.0229168
20000,0.5800976,20040.01;0.0229168
20000,0.5800976,20040.01;0.0229168
20000,0.5800976,20040.01;0.0229168
20000,0.5800976,20040.01;0.0229168
20000,0.5800976,20040;0.0171876
20000,0.5800976,20040;0.0171876
20000,0.5800976,20040;0.0171876
20000,0.5800976,20040;0.0171876
20000,0.5800976,20040;0.0171876
20000,0.5800976,20040;0.0171876
20000,0.5800976,20040;0.0171876
20000,0.5800976,20040;0.0171876
20000,0.5800976,20040;0.0171876
20000,0.5800976,20040;0.0171876
20000,0.5800976,20040;0.0171876
20000,0.5800976,20040;0.0171876
20000,0.5800976,20040;0.0171876
20000,0.5800976,20040;0.0171876
20000,0.5800976,20040;0.0171876
20000,0.5800976,20040;0.0171876
20000,0.5800976,20040;0.0171876
20000,0.5800976,20040;0.0171876
20000,0.5800976,20040;0.0171876
20000,0.5800976,20040;0.0171876
20000,0.5800976,20040;0.0171876
20000,0.5800976,20040;0.0171876
20000,0.5800976,20040;0.0171876
20000,0.5800976,20040;0.0171876
20000,0.5800976,20040;0.0171876
20000,0.5800976,20040;0.0171876
20000,0.5800976,20040;0.0229168
20000,0.5800976,20040;0.0229168
20000,0.5800976,20040;0.0229168
20000,0.5800976,20040;0.0229168
20000,0.5800976,20040;0.0229168
20000,0.5800976,20040;0.0229168
20000,0.5800976,20040;0.0229168
20000,0.5800976,20040;0.0229168
20000,0.5800976,20040;0.0229168
20000,0.5800976,20040;0.0229168
20000,0.5800976,20040;0.0229168
20000,0.5800976,20040;0.0229168
20000,0.5800976,20040;0.0229168
20000,0.5800976,20040;0.02864599
20000,0.5800976,20040;0.02864599
20000,0.5800976,20040;0.03437519
20000,0.5800976,20040;0.03437519
20000,0.5800976,20040;0.03437519
20000,0.5800976,20040;0.03437519
20000,0.5800976,20040;0.03437519
20000,0.5800976,20040;0.03437519
20000,0.5800976,20040;0.03437519
20000,0.5800976,20040;0.03437519
20000,0.5800976,20040;0.03437519
20000,0.5800976,20040;0.03437519
20000,0.5800976,20040;0.03437519
20000,0.5800976,20040;0.03437519
20000,0.5800976,20040;0.03437519
20000,0.5800976,20040;0.03437519
20000,0.5800976,20040;0.03437519
20000,0.5800976,20040;0.04010439
20000,0.5800976,20040;0.04010439
20000,0.5800976,20040;0.04010439
20000,0.5800976,20040;0.04010439
20000,0.5800976,20040;0.04010439
20000,0.5800976,20040;0.04010439
20000,0.5800976,20040;0.04010439
20000,0.5800976,20040;0.04010439
20000,0.5800976,20040;0.04010439
20000,0.5800976,20040;0.04010439
20000,0.5800976,20040;0.04010439
20000,0.5800976,20040;0.04010439
20000,0.5800976,20040;0.04010439
20000,0.5800976,20040;0.04010439
20000,0.5800976,20040;0.04010439
20000,0.5800976,20040;0.04010439
20000,0.5800976,20040;0.04010439
20000,0.5800976,20040;0.04010439
20000,0.5800976,20040;0.04010439
20000,0.5800976,20040;0.04010439
20000,0.5800976,20040;0.04010439
20000,0.5800976,20040;0.03437519
20000,0.5800976,20040;0.03437519
20000,0.5800976,20040;0.03437519
20000,0.5800976,20040;0.03437519
20000,0.5800976,20040;0.03437519
20000,0.5800976,20039.99;0.02864599
20000,0.5800976,20039.99;0.02864599
20000,0.5800976,20039.99;0.02864599
20000,0.5800976,20039.99;0.02864599
20000,0.5800976,20039.99;0.02864599
20000,0.5800976,20039.99;0.02864599
20000,0.5800976,20039.99;0.02864599
20000,0.5800976,20039.99;0.02864599
20000,0.5800976,20039.99;0.02864599
20000,0.5800976,20039.99;0.02864599
20000,0.5800976,20039.99;0.02864599
20000,0.5800976,20039.99;0.02864599
20000,0.5800976,20039.99;0.0229168
20000,0.5800976,20039.99;0.0229168
20000,0.5800976,20039.99;0.0229168
20000,0.5800976,20039.99;0.0171876
20000,0.5800976,20039.99;0.0171876
20000,0.5800976,20039.99;0.0171876
20000,0.5800976,20039.99;0.0171876
20000,0.5800976,20039.99;0.0171876
20000,0.5800976,20039.99;0.0171876
20000,0.5800976,20039.99;0.0171876
20000,0.5800976,20039.99;0.0171876
20000,0.5800976,20039.99;0.0171876
20000,0.5800976,20039.99;0.0171876
20000,0.5800976,20039.99;0.0171876
20000,0.5800976,20039.99;0.0171876
20000,0.5800976,20039.99;0.0171876
20000,0.5800976,20039.99;0.0171876
20000,0.5800976,20039.99;0.0171876
20000,0.5800976,20039.99;0.0171876
20000,0.5800976,20039.99;0.0171876
20000,0.5800976,20039.99;0.0171876
20000,0.5800976,20039.99;0.0114584
20000,0.5800976,20039.99;0.0114584
20000,0.5800976,20039.99;0.0114584
20000,0.5800976,20039.99;0.0114584
20000,0.5800976,20039.99;0.0114584
20000,0.5800976,20039.99;0.0114584
20000,0.5800976,20039.99;0.0114584
20000,0.5800976,20039.99;0.0114584
20000,0.5800976,20039.99;0.0114584
20000,0.5800976,20039.99;0.0114584
20000,0.5800976,20039.99;0.0114584
20000,0.5800976,20039.99;0.0114584
20000,0.5800976,20039.99;0.0114584
20000,0.5800976,20039.99;0.0114584
20000,0.5800976,20039.99;0.005729201
20000,0.5800976,20039.99;0.005729201
20000,0.5800976,20039.99;3.335053E-09
20000,0.5800976,20039.99;3.335053E-09
20000,0.5800976,20039.99;-0.005729195
20000,0.5800976,20039.99;-0.005729195
20000,0.5800976,20039.99;-0.005729195
20000,0.5800976,20039.99;-0.005729195
20000,0.5800976,20039.99;-0.005729195
20000,0.5800976,20039.99;-0.005729195
20000,0.5800976,20039.99;-0.005729195
20000,0.5800976,20039.99;-0.005729195
20000,0.5800976,20039.99;-0.005729195
20000,0.5800976,20039.99;-0.005729195
20000,0.5800976,20039.99;-0.005729195
20000,0.5800976,20039.99;359.9886
20000,0.5800976,20039.99;359.9886
20000,0.5800976,20039.99;359.9886
20000,0.5800976,20039.99;359.9886
20000,0.5800976,20039.99;359.9886
20000,0.5800976,20039.99;359.9886
20000,0.5800976,20039.99;359.9886
20000,0.5800976,20039.99;359.9886
20000,0.5800976,20039.99;359.9886
20000,0.5800976,20039.99;359.9886
20000,0.5800976,20039.99;359.9886
20000,0.5800976,20039.99;359.9886
20000,0.5800976,20039.99;359.9886
20000,0.5800976,20039.99;359.9886
20000,0.5800976,20039.99;359.9886
20000,0.5800976,20039.99;359.9886
20000,0.5800976,20039.99;359.9886
20000,0.5800976,20039.99;359.9886
20000,0.5800976,20039.99;359.9886
20000,0.5800976,20039.99;359.9886
20000,0.5800976,20039.99;359.9886
20000,0.5800976,20039.99;359.9886
20000,0.5800976,20039.99;359.9886
20000,0.5800976,20039.99;359.9886
20000,0.5800976,20039.99;359.9886
20000,0.5800976,20039.99;359.9886
20000,0.5800976,20039.99;359.9886
20000,0.5800976,20039.99;359.9886
20000,0.5800976,20039.99;359.9828
20000,0.5800976,20039.99;359.9828
20000,0.5800976,20039.99;359.9828
20000,0.5800976,20039.99;359.9828
20000,0.5800976,20039.99;359.9828
20000,0.5800976,20039.99;359.9828
20000,0.5800976,20039.99;359.9828
20000,0.5800976,20039.99;359.9828
20000,0.5800976,20039.99;359.9828
20000,0.5800976,20039.99;359.9828
20000,0.5800976,20039.99;359.9828
20000,0.5800976,20039.99;359.9828
20000,0.5800976,20039.99;359.9828
20000,0.5800976,20039.99;359.9828
20000,0.5800976,20039.99;359.9828
20000,0.5800976,20039.99;359.9828
20000,0.5800976,20039.99;359.9828
20000,0.5800976,20039.99;359.9828
20000,0.5800976,20039.99;359.9828
20000,0.5800976,20039.99;359.9771
20000,0.5800976,20039.99;359.9771
20000,0.5800976,20039.99;359.9771
20000,0.5800976,20039.99;359.9771
20000,0.5800976,20039.99;359.9771
20000,0.5800976,20039.99;359.9771
20000,0.5800976,20039.99;359.9771
20000,0.5800976,20039.99;359.9771
20000,0.5800976,20039.99;359.9771
20000,0.5800976,20039.99;359.9713
20000,0.5800976,20039.99;359.9713
20000,0.5800976,20039.99;359.9713
20000,0.5800976,20039.99;359.9713
20000,0.5800976,20039.99;359.9713
20000,0.5800976,20039.99;359.9713
20000,0.5800976,20039.99;359.9713
20000,0.5800976,20039.99;359.9713
20000,0.5800976,20039.99;359.9713
20000,0.5800976,20039.99;359.9713
20000,0.5800976,20039.99;359.9713
20000,0.5800976,20039.99;359.9713
20000,0.5800976,20039.99;359.9713
20000,0.5800976,20039.99;359.9713
20000,0.5800976,20039.99;359.9713
20000,0.5800976,20039.99;359.9713
20000,0.5800976,20039.99;359.9713
20000,0.5800976,20039.99;359.9713
20000,0.5800976,20039.99;359.9713
20000,0.5800976,20039.99;359.9713
20000,0.5800976,20039.99;359.9713
20000,0.5800976,20039.99;359.9713
20000,0.5800976,20039.99;359.9713
20000,0.5800976,20039.99;359.9713
20000,0.5800976,20039.99;359.9713
20000,0.5800976,20039.98;359.9656
20000,0.5800976,20039.98;359.9656
20000,0.5800976,20039.98;359.9656
20000,0.5800976,20039.98;359.9656
20000,0.5800976,20039.98;359.9656
20000,0.5800976,20039.98;359.9656
20000,0.5800976,20039.98;359.9656
20000,0.5800976,20039.98;359.9656
20000,0.5800976,20039.98;359.9656
20000,0.5800976,20039.98;359.9656
20000,0.5800976,20039.98;359.9656
20000,0.5800976,20039.98;359.9656
20000,0.5800976,20039.98;359.9656
20000,0.5800976,20039.98;359.9656
20000,0.5800976,20039.98;359.9656
20000,0.5800976,20039.98;359.9656
20000,0.5800976,20039.98;359.9656
20000,0.5800976,20039.98;359.9713
20000,0.5800976,20039.98;359.9713
20000,0.5800976,20039.98;359.9713
20000,0.5800976,20039.98;359.9771
20000,0.5800976,20039.98;359.9771
20000,0.5800976,20039.98;359.9771
20000,0.5800976,20039.98;359.9771
20000,0.5800976,20039.98;359.9771
20000,0.5800976,20039.98;359.9771
20000,0.5800976,20039.98;359.9771
20000,0.5800976,20039.98;359.9771
20000,0.5800976,20039.98;359.9771
20000,0.5800976,20039.98;359.9771
20000,0.5800976,20039.98;359.9771
20000,0.5800976,20039.98;359.9771
20000,0.5800976,20039.98;359.9771
20000,0.5800976,20039.98;359.9771
20000,0.5800976,20039.98;359.9771
20000,0.5800976,20039.98;359.9771
20000,0.5800976,20039.98;359.9771
20000,0.5800976,20039.98;359.9771
20000,0.5800976,20039.98;359.9771
20000,0.5800976,20039.98;359.9771
20000,0.5800976,20039.98;359.9771
20000,0.5800976,20039.98;359.9771
20000,0.5800976,20039.98;359.9771
20000,0.5800976,20039.98;359.9771
20000,0.5800976,20039.98;359.9771
20000,0.5800976,20039.98;359.9771
20000,0.5800976,20039.98;359.9771
20000,0.5800976,20039.98;359.9771
20000,0.5800976,20039.98;359.9771
20000,0.5800976,20039.98;359.9771
20000,0.5800976,20039.98;359.9771
20000,0.5800976,20039.98;359.9771
20000,0.5800976,20039.98;359.9771
20000,0.5800976,20039.98;359.9771
20000,0.5800976,20039.98;359.9771
20000,0.5800976,20039.97;359.9771
20000,0.5800976,20039.97;359.9771
20000,0.5800976,20039.97;359.9771
20000,0.5800976,20039.97;359.9771
20000,0.5800976,20039.97;359.9771
20000,0.5800976,20039.97;359.9771
20000,0.5800976,20039.97;359.9771
20000,0.5800976,20039.97;359.9771
20000,0.5800976,20039.97;359.9771
20000,0.5800976,20039.97;359.9771
20000,0.5800976,20039.97;359.9771
20000,0.5800976,20039.97;359.9771
20000,0.5800976,20039.97;359.9771
20000,0.5800976,20039.97;359.9771
20000,0.5800976,20039.97;359.9771
20000,0.5800976,20039.97;359.9771
20000,0.5800976,20039.97;359.9771
20000,0.5800976,20039.97;359.9771
20000,0.5800976,20039.97;359.9771
20000,0.5800976,20039.97;359.9771
20000,0.5800976,20039.97;359.9771
20000,0.5800976,20039.97;359.9771
20000,0.5800976,20039.97;359.9771
20000,0.5800976,20039.97;359.9771
20000,0.5800976,20039.97;359.9771
20000,0.5800976,20039.97;359.9771
20000,0.5800976,20039.97;359.9771
20000,0.5800976,20039.97;359.9771
20000,0.5800976,20039.97;359.9771
20000,0.5800976,20039.97;359.9771
20000,0.5800976,20039.97;359.9771
20000,0.5800976,20039.97;359.9771
20000,0.5800976,20039.97;359.9771
20000,0.5800976,20039.97;359.9828
20000,0.5800976,20039.97;359.9828
20000,0.5800976,20039.97;359.9828
20000,0.5800976,20039.97;359.9828
20000,0.5800976,20039.97;359.9828
20000,0.5800976,20039.97;359.9828
20000,0.5800976,20039.97;359.9828
20000,0.5800976,20039.97;359.9828
20000,0.5800976,20039.97;359.9828
20000,0.5800976,20039.97;359.9828
20000,0.5800976,20039.97;359.9828
20000,0.5800976,20039.97;359.9828
20000,0.5800976,20039.97;359.9828
20000,0.5800976,20039.97;359.9828
20000,0.5800976,20039.97;359.9828
20000,0.5800976,20039.97;359.9886
20000,0.5800976,20039.97;359.9886
20000,0.5800976,20039.97;359.9886
20000,0.5800976,20039.97;359.9886
20000,0.5800976,20039.97;359.9886
20000,0.5800976,20039.97;359.9886
20000,0.5800976,20039.97;359.9886
20000,0.5800976,20039.97;359.9886
20000,0.5800976,20039.97;359.9886
20000,0.5800976,20039.97;359.9886
20000,0.5800976,20039.97;359.9886
20000,0.5800976,20039.97;359.9886
20000,0.5800976,20039.97;359.9886
20000,0.5800976,20039.97;359.9886
20000,0.5800976,20039.97;359.9886
20000,0.5800976,20039.97;359.9886
20000,0.5800976,20039.97;359.9886
20000,0.5800976,20039.97;359.9828
20000,0.5800976,20039.97;359.9828
20000,0.5800976,20039.97;359.9828
20000,0.5800976,20039.97;359.9828
20000,0.5800976,20039.97;359.9828
20000,0.5800976,20039.97;359.9828
20000,0.5800976,20039.97;359.9828
20000,0.5800976,20039.97;359.9828
20000,0.5800976,20039.97;359.9828
20000,0.5800976,20039.97;359.9828
20000,0.5800976,20039.97;359.9828
20000,0.5800976,20039.97;359.9828
20000,0.5800976,20039.97;359.9828
20000,0.5800976,20039.97;359.9828
20000,0.5800976,20039.97;359.9828
20000,0.5800976,20039.97;359.9828
20000,0.5800976,20039.97;359.9828
20000,0.5800976,20039.97;359.9828
20000,0.5800976,20039.97;359.9828
20000,0.5800976,20039.97;359.9828
20000,0.5800976,20039.97;359.9828
20000,0.5800976,20039.97;359.9828
20000,0.5800976,20039.97;359.9828
20000,0.5800976,20039.97;359.9828
20000,0.5800976,20039.97;359.9828
20000,0.5800976,20039.97;359.9828
20000,0.5800976,20039.97;359.9828
20000,0.5800976,20039.97;359.9828
20000,0.5800976,20039.97;359.9828
20000,0.5800976,20039.97;359.9828
20000,0.5800976,20039.97;359.9828
20000,0.5800976,20039.97;359.9828
20000,0.5800976,20039.97;359.9828
20000,0.5800976,20039.97;359.9828
20000,0.5800976,20039.97;359.9828
20000,0.5800976,20039.97;359.9828
20000,0.5800976,20039.97;359.9828
20000,0.5800976,20039.97;359.9828
20000,0.5800976,20039.97;359.9771
20000,0.5800976,20039.97;359.9771
20000,0.5800976,20039.97;359.9771
20000,0.5800976,20039.97;359.9771
20000,0.5800976,20039.97;359.9771
20000,0.5800976,20039.97;359.9771
20000,0.5800976,20039.97;359.9771
20000,0.5800976,20039.97;359.9771
20000,0.5800976,20039.97;359.9771
20000,0.5800976,20039.97;359.9771
20000,0.5800976,20039.97;359.9771
20000,0.5800976,20039.97;359.9771
20000,0.5800976,20039.97;359.9771
20000,0.5800976,20039.97;359.9771
20000,0.5800976,20039.97;359.9771
20000,0.5800976,20039.97;359.9771
20000,0.5800976,20039.97;359.9771
20000,0.5800976,20039.97;359.9771
20000,0.5800976,20039.97;359.9771
20000,0.5800976,20039.97;359.9771
20000,0.5800976,20039.97;359.9771
20000,0.5800976,20039.97;359.9771
20000,0.5800976,20039.97;359.9771
20000,0.5800976,20039.97;359.9771
20000,0.5800976,20039.97;359.9771
20000,0.5800976,20039.97;359.9771
20000,0.5800976,20039.97;359.9771
20000,0.5800976,20039.98;359.9713
20000,0.5800976,20039.98;359.9713
20000,0.5800976,20039.98;359.9713
20000,0.5800976,20039.98;359.9713
20000,0.5800976,20039.98;359.9713
20000,0.5800976,20039.98;359.9713
20000,0.5800976,20039.98;359.9713
20000,0.5800976,20039.98;359.9713
20000,0.5800976,20039.98;359.9713
20000,0.5800976,20039.98;359.9713
20000,0.5800976,20039.98;359.9713
20000,0.5800976,20039.98;359.9713
20000,0.5800976,20039.98;359.9713
20000,0.5800976,20039.98;359.9713
20000,0.5800976,20039.98;359.9656
20000,0.5800976,20039.98;359.9599
20000,0.5800976,20039.98;359.9599
20000,0.5800976,20039.98;359.9599
20000,0.5800976,20039.98;359.9599
20000,0.5800976,20039.98;359.9599
20000,0.5800976,20039.98;359.9599
20000,0.5800976,20039.98;359.9599
20000,0.5800976,20039.98;359.9599
20000,0.5800976,20039.98;359.9599
20000,0.5800976,20039.98;359.9542
20000,0.5800976,20039.98;359.9542
20000,0.5800976,20039.98;359.9542
20000,0.5800976,20039.98;359.9542
20000,0.5800976,20039.99;359.9484
20000,0.5800976,20039.99;359.9484
20000,0.5800976,20039.99;359.9484
20000,0.5800976,20039.99;359.9484
20000,0.5800976,20039.99;359.9484
20000,0.5800976,20039.99;359.9484
20000,0.5800976,20039.99;359.9484
20000,0.5800976,20039.99;359.9484
20000,0.5800976,20039.99;359.9484
20000,0.5800976,20039.99;359.9484
20000,0.5800976,20039.99;359.9484
20000,0.5800976,20039.99;359.9484
20000,0.5800976,20039.99;359.9484
20000,0.5800976,20039.99;359.9484
20000,0.5800976,20039.99;359.9484
20000,0.5800976,20039.99;359.9427
20000,0.5800976,20039.99;359.9427
20000,0.5800976,20039.99;359.9427
20000,0.5800976,20039.99;359.9427
20000,0.5800976,20039.99;359.9427
20000,0.5800976,20039.99;359.9427
20000,0.5800976,20039.99;359.9427
20000,0.5800976,20039.99;359.9427
20000,0.5800976,20039.99;359.9427
20000,0.5800976,20039.99;359.9427
20000,0.5800976,20039.99;359.9427
20000,0.5800976,20039.99;359.9427
20000,0.5800976,20039.99;359.9427
20000,0.5800976,20039.99;359.9427
20000,0.5800976,20039.99;359.9427
20000,0.5800976,20039.99;359.9427
20000,0.5800976,20039.99;359.9427
20000,0.5800976,20039.99;359.9427
20000,0.5800976,20039.99;359.9427
20000,0.5800976,20039.99;359.9427
20000,0.5800976,20039.99;359.9427
20000,0.5800976,20039.99;359.9427
20000,0.5800976,20039.99;359.9484
20000,0.5800976,20039.99;359.9484
20000,0.5800976,20039.99;359.9484
20000,0.5800976,20039.99;359.9484
20000,0.5800976,20039.99;359.9484
20000,0.5800976,20039.99;359.9542
20000,0.5800976,20039.99;359.9542
20000,0.5800976,20039.99;359.9542
20000,0.5800976,20039.99;359.9542
20000,0.5800976,20039.99;359.9542
20000,0.5800976,20039.99;359.9542
20000,0.5800976,20039.99;359.9542
20000,0.5800976,20039.99;359.9484
20000,0.5800976,20039.99;359.9484
20000,0.5800976,20039.99;359.9484
20000,0.5800976,20039.99;359.9484
20000,0.5800976,20039.99;359.9484
20000,0.5800976,20039.99;359.9484
20000,0.5800976,20039.99;359.9484
20000,0.5800976,20039.99;359.9484
20000,0.5800976,20039.99;359.9484
20000,0.5800976,20039.99;359.9427
20000,0.5800976,20039.99;359.9427
20000,0.5800976,20039.99;359.9427
20000,0.5800976,20039.99;359.9427
20000,0.5800976,20039.99;359.9427
20000,0.5800976,20040;359.937
20000,0.5800976,20040;359.937
20000,0.5800976,20040;359.937
20000,0.5800976,20040;359.937
20000,0.5800976,20040;359.937
20000,0.5800976,20039.99;359.9312
20000,0.5800976,20039.99;359.9312
20000,0.5800976,20039.99;359.9312
20000,0.5800976,20039.99;359.9312
20000,0.5800976,20039.99;359.9312
20000,0.5800976,20039.99;359.9255
20000,0.5800976,20039.99;359.9255
20000,0.5800976,20039.99;359.9255
20000,0.5800976,20039.99;359.9255
20000,0.5800976,20039.99;359.9255
20000,0.5800976,20039.99;359.9255
20000,0.5800976,20039.99;359.9255
20000,0.5800976,20039.99;359.9255
20000,0.5800976,20039.99;359.9255
20000,0.5800976,20039.99;359.9255
20000,0.5800976,20039.99;359.9255
20000,0.5800976,20039.99;359.9255
20000,0.5800976,20039.99;359.9255
20000,0.5800976,20039.99;359.9255
20000,0.5800976,20039.99;359.9255
20000,0.5800976,20039.99;359.9255
20000,0.5800976,20039.99;359.9255
20000,0.5800976,20039.99;359.9255
20000,0.5800976,20039.99;359.9255
20000,0.5800976,20039.99;359.9255
20000,0.5800976,20039.99;359.9255
20000,0.5800976,20039.99;359.9255
20000,0.5800976,20039.99;359.9255
20000,0.5800976,20039.99;359.9255
20000,0.5800976,20039.99;359.9312
20000,0.5800976,20039.99;359.9312
20000,0.5800976,20039.99;359.9312
20000,0.5800976,20039.99;359.9312
20000,0.5800976,20039.99;359.9312
20000,0.5800976,20039.99;359.9312
20000,0.5800976,20039.99;359.9312
20000,0.5800976,20039.99;359.9312
20000,0.5800976,20039.99;359.9312
20000,0.5800976,20039.99;359.9312
20000,0.5800976,20039.99;359.9312
20000,0.5800976,20039.99;359.9312
20000,0.5800976,20039.99;359.9312
20000,0.5800976,20039.99;359.9312
20000,0.5800976,20039.99;359.9312
20000,0.5800976,20039.99;359.9312
20000,0.5800976,20039.99;359.9312
20000,0.5800976,20039.99;359.9312
20000,0.5800976,20039.99;359.9312
20000,0.5800976,20039.99;359.9312
20000,0.5800976,20039.99;359.9312
20000,0.5800976,20039.99;359.9312
20000,0.5800976,20039.99;359.9312
20000,0.5800976,20039.99;359.9312
20000,0.5800976,20039.99;359.9312
20000,0.5800976,20039.99;359.9312
20000,0.5800976,20039.99;359.9312
20000,0.5800976,20039.99;359.9312
20000,0.5800976,20039.99;359.9312
20000,0.5800976,20039.99;359.9312
20000,0.5800976,20039.99;359.9312
20000,0.5800976,20039.99;359.9312
20000,0.5800976,20039.99;359.9312
20000,0.5800976,20039.99;359.9312
20000,0.5800976,20039.99;359.9312
20000,0.5800976,20039.99;359.9312
20000,0.5800976,20039.99;359.9312
20000,0.5800976,20039.99;359.9312
20000,0.5800976,20039.99;359.9312
20000,0.5800976,20039.99;359.9312
20000,0.5800976,20039.99;359.9312
20000,0.5800976,20039.99;359.9312
20000,0.5800976,20039.99;359.9312
20000,0.5800976,20039.99;359.9312
20000,0.5800976,20039.99;359.9312
20000,0.5800976,20039.99;359.9312
20000,0.5800976,20039.99;359.9312
20000,0.5800976,20039.99;359.9312
20000,0.5800976,20039.99;359.9312
20000,0.5800976,20039.99;359.9312
20000,0.5800976,20039.99;359.9312
20000,0.5800976,20039.99;359.9312
20000,0.5800976,20039.99;359.9312
20000,0.5800976,20039.98;359.937
20000,0.5800976,20039.98;359.937
20000,0.5800976,20039.98;359.937
20000,0.5800976,20039.98;359.937
20000,0.5800976,20039.98;359.937
20000,0.5800976,20039.98;359.937
20000,0.5800976,20039.98;359.9427
20000,0.5800976,20039.98;359.9427
20000,0.5800976,20039.98;359.9427
20000,0.5800976,20039.98;359.9427
20000,0.5800976,20039.98;359.9484
20000,0.5800976,20039.98;359.9484
20000,0.5800976,20039.98;359.9484
20000,0.5800976,20039.98;359.9484
20000,0.5800976,20039.98;359.9484
20000,0.5800976,20039.98;359.9484
20000,0.5800976,20039.98;359.9484
20000,0.5800976,20039.98;359.9484
20000,0.5800976,20039.98;359.9484
20000,0.5800976,20039.98;359.9484
20000,0.5800976,20039.98;359.9484
20000,0.5800976,20039.98;359.9484
20000,0.5800976,20039.98;359.9484
20000,0.5800976,20039.98;359.9484
20000,0.5800976,20039.98;359.9484
20000,0.5800976,20039.98;359.9484
20000,0.5800976,20039.98;359.9484
20000,0.5800976,20039.98;359.9484
20000,0.5800976,20039.98;359.9484
20000,0.5800976,20039.98;359.9484
20000,0.5800976,20039.98;359.9484
20000,0.5800976,20039.98;359.9484
20000,0.5800976,20039.98;359.9542
20000,0.5800976,20039.98;359.9542
20000,0.5800976,20039.98;359.9542
20000,0.5800976,20039.98;359.9542
20000,0.5800976,20039.98;359.9542
20000,0.5800976,20039.98;359.9542
20000,0.5800976,20039.99;359.9542
20000,0.5800976,20039.99;359.9542
20000,0.5800976,20039.99;359.9542
20000,0.5800976,20039.99;359.9542
20000,0.5800976,20039.99;359.9542
20000,0.5800976,20039.99;359.9542
20000,0.5800976,20039.99;359.9542
20000,0.5800976,20039.99;359.9542
20000,0.5800976,20039.99;359.9542
20000,0.5800976,20039.99;359.9599
20000,0.5800976,20039.99;359.9599
20000,0.5800976,20039.99;359.9599
20000,0.5800976,20039.99;359.9599
20000,0.5800976,20039.99;359.9599
20000,0.5800976,20039.99;359.9599
20000,0.5800976,20039.99;359.9599
20000,0.5800976,20039.99;359.9599
20000,0.5800976,20039.99;359.9599
20000,0.5800976,20039.99;359.9599
20000,0.5800976,20039.99;359.9599
20000,0.5800976,20039.99;359.9599
20000,0.5800976,20039.99;359.9599
20000,0.5800976,20039.99;359.9599
20000,0.5800976,20039.99;359.9599
20000,0.5800976,20039.99;359.9599
20000,0.5800976,20039.99;359.9599
20000,0.5800976,20039.99;359.9599
20000,0.5800976,20039.99;359.9599
20000,0.5800976,20039.99;359.9599
20000,0.5800976,20039.98;359.9599
20000,0.5800976,20039.98;359.9599
20000,0.5800976,20039.98;359.9599
20000,0.5800976,20039.98;359.9599
20000,0.5800976,20039.99;359.9599
20000,0.5800976,20039.99;359.9599
20000,0.5800976,20039.99;359.9656
20000,0.5800976,20039.99;359.9656
20000,0.5800976,20039.99;359.9656
20000,0.5800976,20039.99;359.9656
20000,0.5800976,20039.99;359.9656
20000,0.5800976,20039.99;359.9656
20000,0.5800976,20039.99;359.9656
20000,0.5800976,20039.99;359.9656
20000,0.5800976,20039.99;359.9713
20000,0.5800976,20039.99;359.9713
20000,0.5800976,20039.99;359.9771
20000,0.5800976,20039.99;359.9771
20000,0.5800976,20039.99;359.9828
20000,0.5800976,20039.99;359.9828
20000,0.5800976,20039.99;359.9886
20000,0.5800976,20039.99;359.9886
20000,0.5800976,20039.99;359.9886
20000,0.5800976,20039.99;359.9886
20000,0.5800976,20039.99;359.9886
20000,0.5800976,20039.99;359.9886
20000,0.5800976,20039.99;359.9886
20000,0.5800976,20039.99;359.9886
20000,0.5800976,20039.99;359.9886
20000,0.5800976,20039.99;359.9886
20000,0.5800976,20039.99;359.9886
20000,0.5800976,20039.99;359.9886
20000,0.5800976,20039.99;359.9886
20000,0.5800976,20039.99;359.9886
20000,0.5800976,20039.99;359.9886
20000,0.5800976,20039.99;359.9886
20000,0.5800976,20039.99;359.9886
20000,0.5800976,20039.99;359.9886
20000,0.5800976,20039.99;359.9886
20000,0.5800976,20039.99;359.9886
20000,0.5800976,20039.99;359.9886
20000,0.5800976,20039.99;359.9886
20000,0.5800976,20039.99;359.9886
20000,0.5800976,20039.99;359.9886
20000,0.5800976,20039.99;359.9886
20000,0.5800976,20039.99;359.9886
20000,0.5800976,20039.99;359.9886
20000,0.5800976,20039.99;359.9886
20000,0.5800976,20039.99;359.9886
20000,0.5800976,20039.99;359.9886
20000,0.5800976,20039.99;359.9886
20000,0.5800976,20039.99;359.9886
20000,0.5800976,20039.99;359.9886
20000,0.5800976,20039.99;359.9828
20000,0.5800976,20039.99;359.9828
20000,0.5800976,20039.99;359.9828
20000,0.5800976,20039.99;359.9828
20000,0.5800976,20039.99;359.9828
20000,0.5800976,20039.99;359.9828
20000,0.5800976,20039.99;359.9828
20000,0.5800976,20039.99;359.9828
20000,0.5800976,20039.99;359.9828
20000,0.5800976,20039.99;359.9828
20000,0.5800976,20039.99;359.9828
20000,0.5800976,20039.99;359.9828
20000,0.5800976,20039.99;359.9828
20000,0.5800976,20039.99;359.9828
20000,0.5800976,20039.99;359.9828
20000,0.5800976,20039.99;359.9828
20000,0.5800976,20039.99;359.9828
20000,0.5800976,20039.99;359.9828
20000,0.5800976,20039.99;359.9828
20000,0.5800976,20039.99;359.9828
20000,0.5800976,20039.99;359.9828
20000,0.5800976,20039.98;359.9771
20000,0.5800976,20039.98;359.9771
20000,0.5800976,20039.98;359.9771
20000,0.5800976,20039.98;359.9713
20000,0.5800976,20039.98;359.9713
20000,0.5800976,20039.98;359.9713
20000,0.5800976,20039.98;359.9713
20000,0.5800976,20039.98;359.9713
20000,0.5800976,20039.98;359.9713
20000,0.5800976,20039.98;359.9713
20000,0.5800976,20039.98;359.9713
20000,0.5800976,20039.98;359.9713
20000,0.5800976,20039.98;359.9713
20000,0.5800976,20039.98;359.9713
20000,0.5800976,20039.98;359.9713
20000,0.5800976,20039.98;359.9713
20000,0.5800976,20039.98;359.9656
20000,0.5800976,20039.98;359.9656
20000,0.5800976,20039.98;359.9656
20000,0.5800976,20039.98;359.9656
20000,0.5800976,20039.98;359.9656
20000,0.5800976,20039.98;359.9656
20000,0.5800976,20039.98;359.9656
20000,0.5800976,20039.98;359.9656
20000,0.5800976,20039.98;359.9656
20000,0.5800976,20039.98;359.9656
20000,0.5800976,20039.98;359.9656
20000,0.5800976,20039.98;359.9656
20000,0.5800976,20039.98;359.9656
20000,0.5800976,20039.98;359.9656
20000,0.5800976,20039.98;359.9656
20000,0.5800976,20039.98;359.9656
20000,0.5800976,20039.98;359.9656
20000,0.5800976,20039.98;359.9656
20000,0.5800976,20039.98;359.9656
20000,0.5800976,20039.98;359.9656
20000,0.5800976,20039.98;359.9599
20000,0.5800976,20039.98;359.9599
20000,0.5800976,20039.98;359.9599
20000,0.5800976,20039.98;359.9599
20000,0.5800976,20039.98;359.9599
20000,0.5800976,20039.98;359.9599
20000,0.5800976,20039.98;359.9599
20000,0.5800976,20039.98;359.9599
20000,0.5800976,20039.98;359.9656
20000,0.5800976,20039.98;359.9656
20000,0.5800976,20039.98;359.9713
20000,0.5800976,20039.98;359.9713
20000,0.5800976,20039.98;359.9713
20000,0.5800976,20039.98;359.9713
20000,0.5800976,20039.98;359.9713
20000,0.5800976,20039.98;359.9713
20000,0.5800976,20039.98;359.9713
20000,0.5800976,20039.98;359.9713
20000,0.5800976,20039.98;359.9713
20000,0.5800976,20039.98;359.9713
20000,0.5800976,20039.98;359.9713
20000,0.5800976,20039.98;359.9713
20000,0.5800976,20039.98;359.9713
20000,0.5800976,20039.98;359.9713
20000,0.5800976,20039.98;359.9713
20000,0.5800976,20039.98;359.9771
20000,0.5800976,20039.98;359.9771
20000,0.5800976,20039.98;359.9771
20000,0.5800976,20039.98;359.9771
20000,0.5800976,20039.98;359.9771
20000,0.5800976,20039.98;359.9771
20000,0.5800976,20039.98;359.9771
20000,0.5800976,20039.98;359.9771
20000,0.5800976,20039.98;359.9771
20000,0.5800976,20039.98;359.9828
20000,0.5800976,20039.98;359.9828
20000,0.5800976,20039.98;359.9828
20000,0.5800976,20039.98;359.9828
20000,0.5800976,20039.98;359.9886
20000,0.5800976,20039.99;-0.005729198
20000,0.5800976,20039.99;0
20000,0.5800976,20039.99;0
20000,0.5800976,20039.99;0.005729198
20000,0.5800976,20039.99;0.005729198
20000,0.5800976,20039.99;0.005729198
20000,0.5800976,20039.99;0.005729198
20000,0.5800976,20039.99;0.0114584
20000,0.5800976,20039.99;0.0114584
20000,0.5800976,20039.99;0.0114584
20000,0.5800976,20039.99;0.0114584
20000,0.5800976,20039.99;0.0114584
20000,0.5800976,20039.99;0.0114584
20000,0.5800976,20039.99;0.0114584
20000,0.5800976,20039.99;0.01718759
20000,0.5800976,20039.99;0.01718759
20000,0.5800976,20039.99;0.01718759
20000,0.5800976,20039.99;0.01718759
20000,0.5800976,20039.99;0.01718759
20000,0.5800976,20039.99;0.02291679
20000,0.5800976,20039.99;0.02291679
20000,0.5800976,20039.99;0.02291679
20000,0.5800976,20039.99;0.02291679
20000,0.5800976,20039.99;0.02864599
20000,0.5800976,20039.99;0.02864599
20000,0.5800976,20039.99;0.02864599
20000,0.5800976,20039.99;0.02864599
20000,0.5800976,20039.99;0.02864599
20000,0.5800976,20039.99;0.02864599
20000,0.5800976,20039.99;0.02864599
20000,0.5800976,20039.99;0.02864599
20000,0.5800976,20039.99;0.02864599
20000,0.5800976,20039.99;0.02864599
20000,0.5800976,20039.99;0.02864599
20000,0.5800976,20039.99;0.02864599
20000,0.5800976,20039.99;0.03437519
20000,0.5800976,20039.99;0.03437519
20000,0.5800976,20039.99;0.03437519
20000,0.5800976,20039.99;0.03437519
20000,0.5800976,20039.99;0.03437519
20000,0.5800976,20039.99;0.03437519
20000,0.5800976,20039.99;0.03437519
20000,0.5800976,20039.99;0.03437519
20000,0.5800976,20039.99;0.03437519
20000,0.5800976,20039.99;0.03437519
20000,0.5800976,20039.99;0.02864599
20000,0.5800976,20039.99;0.02864599
20000,0.5800976,20039.99;0.02864599
20000,0.5800976,20039.99;0.02864599
20000,0.5800976,20040;0.02291679
20000,0.5800976,20040;0.02291679
20000,0.5800976,20040;0.02291679
20000,0.5800976,20040;0.02291679
20000,0.5800976,20040;0.02291679
20000,0.5800976,20040;0.02291679
20000,0.5800976,20040;0.02291679
20000,0.5800976,20040;0.02291679
20000,0.5800976,20040;0.02291679
20000,0.5800976,20040;0.01718759
20000,0.5800976,20040;0.01718759
20000,0.5800976,20040;0.01718759
20000,0.5800976,20040;0.01718759
20000,0.5800976,20040;0.01718759
20000,0.5800976,20040;0.01718759
20000,0.5800976,20040;0.01718759
20000,0.5800976,20040;0.01718759
20000,0.5800976,20040;0.01718759
20000,0.5800976,20040;0.0114584
20000,0.5800976,20040;0.0114584
20000,0.5800976,20040;0.005729198
20000,0.5800976,20040;0.005729198
20000,0.5800976,20040;0.005729198
20000,0.5800976,20040;0.005729198
20000,0.5800976,20040;0.005729198
20000,0.5800976,20040;0
20000,0.5800976,20040;0
20000,0.5800976,20040;0
20000,0.5800976,20040;0
20000,0.5800976,20040;0
20000,0.5800976,20040;0
20000,0.5800976,20040;0
20000,0.5800976,20040;-0.005729198
20000,0.5800976,20040;-0.005729198
20000,0.5800976,20040;-0.005729198
20000,0.5800976,20040;-0.005729198
20000,0.5800976,20040;359.9886
20000,0.5800976,20040;359.9886
20000,0.5800976,20040;359.9886
20000,0.5800976,20040;359.9886
20000,0.5800976,20040;359.9886
20000,0.5800976,20040;359.9886
20000,0.5800976,20040;359.9886
20000,0.5800976,20040;359.9886
20000,0.5800976,20040;359.9828
20000,0.5800976,20040;359.9828
20000,0.5800976,20040;359.9828
20000,0.5800976,20040;359.9828
20000,0.5800976,20040;359.9828
20000,0.5800976,20040;359.9828
20000,0.5800976,20040;359.9828
20000,0.5800976,20040;359.9828
20000,0.5800976,20040;359.9828
20000,0.5800976,20040;359.9828
20000,0.5800976,20040;359.9771
20000,0.5800976,20040;359.9771
20000,0.5800976,20040;359.9771
20000,0.5800976,20040;359.9771
20000,0.5800976,20040;359.9771
20000,0.5800976,20040;359.9771
20000,0.5800976,20040;359.9771
20000,0.5800976,20040;359.9771
20000,0.5800976,20040;359.9771
20000,0.5800976,20040;359.9713
20000,0.5800976,20040;359.9713
20000,0.5800976,20039.99;359.9713
20000,0.5800976,20039.99;359.9713
20000,0.5800976,20039.99;359.9713
20000,0.5800976,20039.99;359.9713
20000,0.5800976,20039.99;359.9713
20000,0.5800976,20039.99;359.9713
20000,0.5800976,20039.99;359.9713
20000,0.5800976,20039.99;359.9713
20000,0.5800976,20039.99;359.9656
20000,0.5800976,20039.99;359.9656
20000,0.5800976,20039.99;359.9599
20000,0.5800976,20039.99;359.9599
20000,0.5800976,20039.99;359.9599
20000,0.5800976,20039.99;359.9599
20000,0.5800976,20039.99;359.9599
20000,0.5800976,20039.99;359.9599
20000,0.5800976,20039.99;359.9599
20000,0.5800976,20039.99;359.9599
20000,0.5800976,20039.99;359.9599
20000,0.5800976,20039.99;359.9599
20000,0.5800976,20039.99;359.9599
20000,0.5800976,20039.99;359.9599
20000,0.5800976,20039.99;359.9599
20000,0.5800976,20039.99;359.9599
20000,0.5800976,20039.99;359.9599
20000,0.5800976,20039.99;359.9599
20000,0.5800976,20039.99;359.9599
20000,0.5800976,20039.99;359.9599
20000,0.5800976,20039.99;359.9599
20000,0.5800976,20039.99;359.9599
20000,0.5800976,20039.99;359.9599
20000,0.5800976,20039.99;359.9599
20000,0.5800976,20039.99;359.9599
20000,0.5800976,20039.99;359.9599
20000,0.5800976,20039.99;359.9599
20000,0.5800976,20039.99;359.9599
20000,0.5800976,20039.99;359.9599
20000,0.5800976,20039.99;359.9599
20000,0.5800976,20039.99;359.9599
20000,0.5800976,20039.99;359.9599
20000,0.5800976,20039.99;359.9599
20000,0.5800976,20039.99;359.9599
20000,0.5800976,20039.99;359.9599
20000,0.5800976,20039.99;359.9599
20000,0.5800976,20039.99;359.9599
20000,0.5800976,20039.99;359.9599
20000,0.5800976,20039.99;359.9599
20000,0.5800976,20039.99;359.9599
20000,0.5800976,20039.99;359.9599
20000,0.5800976,20039.99;359.9599
20000,0.5800976,20039.99;359.9599
20000,0.5800976,20039.99;359.9656
20000,0.5800976,20039.99;359.9656
20000,0.5800976,20039.99;359.9656
20000,0.5800976,20039.99;359.9656
20000,0.5800976,20039.99;359.9656
20000,0.5800976,20039.99;359.9656
20000,0.5800976,20039.99;359.9656
20000,0.5800976,20039.99;359.9656
20000,0.5800976,20039.99;359.9656
20000,0.5800976,20039.99;359.9656
20000,0.5800976,20039.98;359.9713
20000,0.5800976,20039.98;359.9713
20000,0.5800976,20039.98;359.9713
20000,0.5800976,20039.98;359.9713
20000,0.5800976,20039.98;359.9713
20000,0.5800976,20039.98;359.9713
20000,0.5800976,20039.98;359.9713
20000,0.5800976,20039.98;359.9713
20000,0.5800976,20039.98;359.9713
20000,0.5800976,20039.98;359.9713
20000,0.5800976,20039.98;359.9713
20000,0.5800976,20039.98;359.9713
20000,0.5800976,20039.98;359.9713
20000,0.5800976,20039.98;359.9713
20000,0.5800976,20039.98;359.9713
20000,0.5800976,20039.98;359.9713
20000,0.5800976,20039.98;359.9713
20000,0.5800976,20039.98;359.9713
20000,0.5800976,20039.98;359.9713
20000,0.5800976,20039.98;359.9713
20000,0.5800976,20039.98;359.9713
20000,0.5800976,20039.98;359.9713
20000,0.5800976,20039.98;359.9713
20000,0.5800976,20039.98;359.9713
20000,0.5800976,20039.98;359.9713
20000,0.5800976,20039.98;359.9713
20000,0.5800976,20039.98;359.9713
20000,0.5800976,20039.98;359.9713
20000,0.5800976,20039.98;359.9771
20000,0.5800976,20039.98;359.9771
20000,0.5800976,20039.98;359.9771
20000,0.5800976,20039.98;359.9771
20000,0.5800976,20039.98;359.9771
20000,0.5800976,20039.98;359.9771
20000,0.5800976,20039.98;359.9771
20000,0.5800976,20039.98;359.9771
20000,0.5800976,20039.98;359.9771
20000,0.5800976,20039.98;359.9771
20000,0.5800976,20039.98;359.9771
20000,0.5800976,20039.98;359.9771
20000,0.5800976,20039.98;359.9771
20000,0.5800976,20039.98;359.9771
20000,0.5800976,20039.98;359.9771
20000,0.5800976,20039.98;359.9771
20000,0.5800976,20039.98;359.9771
20000,0.5800976,20039.98;359.9771
20000,0.5800976,20039.98;359.9771
20000,0.5800976,20039.98;359.9771
20000,0.5800976,20039.98;359.9771
20000,0.5800976,20039.98;359.9771
20000,0.5800976,20039.98;359.9771
20000,0.5800976,20039.98;359.9771
20000,0.5800976,20039.98;359.9771
20000,0.5800976,20039.98;359.9771
20000,0.5800976,20039.98;359.9771
20000,0.5800976,20039.98;359.9771
20000,0.5800976,20039.98;359.9771
20000,0.5800976,20039.98;359.9771
20000,0.5800976,20039.98;359.9771
20000,0.5800976,20039.98;359.9771
20000,0.5800976,20039.98;359.9771
20000,0.5800976,20039.98;359.9771
20000,0.5800976,20039.98;359.9771
20000,0.5800976,20039.98;359.9771
20000,0.5800976,20039.98;359.9771
20000,0.5800976,20039.98;359.9771
20000,0.5800976,20039.98;359.9771
20000,0.5800976,20039.98;359.9771
20000,0.5800976,20039.98;359.9771
20000,0.5800976,20039.98;359.9771
20000,0.5800976,20039.98;359.9771
20000,0.5800976,20039.98;359.9771
20000,0.5800976,20039.98;359.9771
20000,0.5800976,20039.98;359.9771
20000,0.5800976,20039.98;359.9771
20000,0.5800976,20039.98;359.9771
20000,0.5800976,20039.98;359.9771
20000,0.5800976,20039.98;359.9771
20000,0.5800976,20039.98;359.9771
20000,0.5800976,20039.98;359.9771
20000,0.5800976,20039.98;359.9713
20000,0.5800976,20039.98;359.9713
20000,0.5800976,20039.98;359.9713
20000,0.5800976,20039.98;359.9713
20000,0.5800976,20039.98;359.9713
20000,0.5800976,20039.98;359.9713
20000,0.5800976,20039.98;359.9713
20000,0.5800976,20039.98;359.9713
20000,0.5800976,20039.98;359.9713
20000,0.5800976,20039.98;359.9713
20000,0.5800976,20039.98;359.9713
20000,0.5800976,20039.98;359.9713
20000,0.5800976,20039.98;359.9713
20000,0.5800976,20039.98;359.9713
20000,0.5800976,20039.98;359.9713
20000,0.5800976,20039.98;359.9713
20000,0.5800976,20039.98;359.9713
20000,0.5800976,20039.98;359.9713
20000,0.5800976,20039.98;359.9713
20000,0.5800976,20039.98;359.9713
20000,0.5800976,20039.98;359.9713
20000,0.5800976,20039.98;359.9713
20000,0.5800976,20039.98;359.9713
20000,0.5800976,20039.98;359.9713
20000,0.5800976,20039.98;359.9713
20000,0.5800976,20039.98;359.9713
20000,0.5800976,20039.98;359.9713
20000,0.5800976,20039.98;359.9713
20000,0.5800976,20039.98;359.9713
20000,0.5800976,20039.98;359.9713
20000,0.5800976,20039.98;359.9713
20000,0.5800976,20039.98;359.9713
20000,0.5800976,20039.98;359.9713
20000,0.5800976,20039.98;359.9713
20000,0.5800976,20039.98;359.9713
20000,0.5800976,20039.98;359.9713
20000,0.5800976,20039.98;359.9713
20000,0.5800976,20039.98;359.9713
20000,0.5800976,20039.98;359.9713
20000,0.5800976,20039.98;359.9713
20000,0.5800976,20039.98;359.9713
20000,0.5800976,20039.98;359.9713
20000,0.5800976,20039.98;359.9713
20000,0.5800976,20039.98;359.9713
20000,0.5800976,20039.98;359.9713
20000,0.5800976,20039.98;359.9713
20000,0.5800976,20039.98;359.9713
20000,0.5800976,20039.98;359.9713
20000,0.5800976,20039.98;359.9713
20000,0.5800976,20039.98;359.9713
20000,0.5800976,20039.98;359.9713
20000,0.5800976,20039.98;359.9713
20000,0.5800976,20039.98;359.9713
20000,0.5800976,20039.98;359.9713
20000,0.5800976,20039.98;359.9713
20000,0.5800976,20039.98;359.9713
20000,0.5800976,20039.98;359.9713
20000,0.5800976,20039.98;359.9713
20000,0.5800976,20039.98;359.9713
20000,0.5800976,20039.98;359.9713
20000,0.5800976,20039.98;359.9713
20000,0.5800976,20039.98;359.9713
20000,0.5800976,20039.98;359.9713
20000,0.5800976,20039.98;359.9713
20000,0.5800976,20039.98;359.9713
20000,0.5800976,20039.98;359.9713
20000,0.5800976,20039.98;359.9713
20000,0.5800976,20039.98;359.9713
20000,0.5800976,20039.98;359.9713
20000,0.5800976,20039.98;359.9713
20000,0.5800976,20039.98;359.9713
20000,0.5800976,20039.98;359.9713
20000,0.5800976,20039.98;359.9713
20000,0.5800976,20039.98;359.9713
20000,0.5800976,20039.98;359.9713
20000,0.5800976,20039.98;359.9713
20000,0.5800976,20039.98;359.9713
20000,0.5800976,20039.98;359.9713
20000,0.5800976,20039.98;359.9713
20000,0.5800976,20039.98;359.9713
20000,0.5800976,20039.98;359.9713
20000,0.5800976,20039.98;359.9713
20000,0.5800976,20039.98;359.9713
20000,0.5800976,20039.98;359.9713
20000,0.5800976,20039.98;359.9713
20000,0.5800976,20039.98;359.9713
20000,0.5800976,20039.98;359.9713
20000,0.5800976,20039.98;359.9713
20000,0.5800976,20039.98;359.9713
20000,0.5800976,20039.98;359.9713
20000,0.5800976,20039.97;359.9771
20000,0.5800976,20039.97;359.9771
20000,0.5800976,20039.97;359.9713
20000,0.5800976,20039.97;359.9713
20000,0.5800976,20039.97;359.9713
20000,0.5800976,20039.97;359.9713
20000,0.5800976,20039.97;359.9713
20000,0.5800976,20039.97;359.9771
20000,0.5800976,20039.97;359.9771
20000,0.5800976,20039.97;359.9828
20000,0.5800976,20039.97;359.9828
20000,0.5800976,20039.97;359.9828
20000,0.5800976,20039.97;359.9828
20000,0.5800976,20039.97;359.9828
20000,0.5800976,20039.97;359.9886
20000,0.5800976,20039.98;-0.005729198
20000,0.5800976,20039.98;0
20000,0.5800976,20039.98;0
20000,0.5800976,20039.98;-0.005729198
20000,0.5800976,20039.98;-0.005729198
20000,0.5800976,20039.98;-0.005729198
20000,0.5800976,20039.98;0
20000,0.5800976,20039.98;0.005729198
20000,0.5800976,20039.98;0.0114584
20000,0.5800976,20039.98;0.0114584
20000,0.5800976,20039.98;0.0114584
20000,0.5800976,20039.98;0.005729198
20000,0.5800976,20039.98;0.01718759
20000,0.5800976,20039.98;0.02864599
20000,0.5800976,20039.98;0.04010438
20000,0.5800976,20039.98;0.04583358
20000,0.5800976,20039.99;0.05156277
20000,0.5800976,20039.99;0.04583358
20000,0.5800976,20039.99;0.04010438
20000,0.5800976,20039.99;0.03437519
20000,0.5800976,20039.99;0.04010438
20000,0.5800976,20039.99;0.05156278
20000,0.5800976,20039.99;0.06302118
20000,0.5800976,20040;0.07447957
20000,0.5800976,20040;0.06302118
20000,0.5800976,20040;0.06302118
20000,0.5800976,20040;0.05156277
20000,0.5800976,20040;0.05729197
20000,0.5800976,20040;0.06875037
20000,0.5800976,20040;0.07447957
20000,0.5800976,20040;0.08020876
20000,0.5800976,20040;0.08593796
20000,0.5800976,20040;0.09166716
20000,0.5800976,20040.01;0.09739637
20000,0.5800976,20040.01;0.09739637
20000,0.5800976,20040.01;0.09739637
20000,0.5800976,20040.01;0.1031256
20000,0.5800976,20040.01;0.1088548
20000,0.5800976,20040.01;0.1088548
20000,0.5800976,20040.01;0.114584
20000,0.5800976,20040.01;0.1203132
20000,0.5800976,20040.01;0.1203132
20000,0.5800976,20040.02;0.1260424
20000,0.5800976,20040.02;0.1317716
20000,0.5800976,20040.02;0.1317716
20000,0.5800976,20040.02;0.1317716
20000,0.5800976,20040.02;0.1317716
20000,0.5800976,20040.02;0.1375008
20000,0.5800976,20040.02;0.14323
20000,0.5800976,20040.02;0.1489592
20000,0.5800976,20040.02;0.1546884
20000,0.5800976,20040.02;0.1546884
20000,0.5800976,20040.03;0.1604176
20000,0.5800976,20040.03;0.1661467
20000,0.5800976,20040.03;0.1661467
20000,0.5800976,20040.03;0.171876
20000,0.5800976,20040.03;0.171876
20000,0.5800976,20040.03;0.1776051
20000,0.5800976,20040.03;0.1833344
20000,0.5800976,20040.03;0.1833344
20000,0.5800976,20040.03;0.1890635
20000,0.5800976,20040.03;0.1947927
20000,0.5800976,20040.03;0.1947927
20000,0.5800976,20040.03;0.2005219
20000,0.5800976,20040.03;0.2005219
20000,0.5800976,20040.03;0.2005219
20000,0.5800976,20040.03;0.2062511
20000,0.5800976,20040.03;0.2119803
20000,0.5800976,20040.03;0.2119803
20000,0.5800976,20040.04;0.2177096
20000,0.5800976,20040.04;0.2234388
20000,0.5800976,20040.04;0.229168
20000,0.5800976,20040.04;0.229168
20000,0.5800976,20040.04;0.2348972
20000,0.5800976,20040.04;0.2348972
20000,0.5800976,20040.04;0.2406264
20000,0.5800976,20040.04;0.2463556
20000,0.5800976,20040.04;0.2520848
20000,0.5800976,20040.04;0.257814
20000,0.5800976,20040.04;0.257814
20000,0.5800976,20040.04;0.257814
20000,0.5800976,20040.04;0.2635432
20000,0.5800976,20040.04;0.2635432
20000,0.5800976,20040.04;0.2635432
20000,0.5800976,20040.04;0.2635432
20000,0.5800976,20040.04;0.2635432
20000,0.5800976,20040.04;0.2692724
20000,0.5800976,20040.04;0.2750017
20000,0.5800976,20040.04;0.2807309
20000,0.5800976,20040.04;0.2864601
20000,0.5800976,20040.04;0.2864601
20000,0.5800976,20040.04;0.2864601
20000,0.5800976,20040.04;0.2864601
20000,0.5800976,20040.04;0.2864601
20000,0.5800976,20040.04;0.2921892
20000,0.5800976,20040.04;0.2921892
20000,0.5800976,20040.04;0.2921892
20000,0.5800976,20040.04;0.2979184
20000,0.5800976,20040.04;0.2979184
20000,0.5800976,20040.04;0.2979184
20000,0.5800976,20040.04;0.2979184
20000,0.5800976,20040.04;0.2979184
20000,0.5800976,20040.03;0.3036476
20000,0.5800976,20040.03;0.3036476
20000,0.5800976,20040.03;0.3036476
20000,0.5800976,20040.03;0.3036476
20000,0.5800976,20040.03;0.3036476
20000,0.5800976,20040.03;0.3036476
20000,0.5800976,20040.03;0.3036476
20000,0.5800976,20040.03;0.3093768
20000,0.5800976,20040.03;0.315106
20000,0.5800976,20040.03;0.315106
20000,0.5800976,20040.03;0.315106
20000,0.5800976,20040.03;0.3093768
20000,0.5800976,20040.03;0.3093768
20000,0.5800976,20040.03;0.3093768
20000,0.5800976,20040.03;0.3093768
20000,0.5800976,20040.03;0.3036476
20000,0.5800976,20040.03;0.3093768
20000,0.5800976,20040.02;0.315106
20000,0.5800976,20040.02;0.315106
20000,0.5800976,20040.02;0.315106
20000,0.5800976,20040.02;0.315106
20000,0.5800976,20040.02;0.315106
20000,0.5800976,20040.02;0.315106
20000,0.5800976,20040.02;0.315106
20000,0.5800976,20040.02;0.315106
20000,0.5800976,20040.02;0.3208352
20000,0.5800976,20040.02;0.3208352
20000,0.5800976,20040.02;0.3265643
20000,0.5800976,20040.02;0.3265643
20000,0.5800976,20040.02;0.3265643
20000,0.5800976,20040.02;0.3265643
20000,0.5800976,20040.02;0.3265643
20000,0.5800976,20040.02;0.3265643
20000,0.5800976,20040.02;0.3265643
20000,0.5800976,20040.02;0.3322935
20000,0.5800976,20040.02;0.3322935
20000,0.5800976,20040.02;0.3322935
20000,0.5800976,20040.02;0.3380227
20000,0.5800976,20040.02;0.3380227
20000,0.5800976,20040.01;0.3437519
20000,0.5800976,20040.01;0.3437519
20000,0.5800976,20040.01;0.3437519
20000,0.5800976,20040.01;0.3437519
20000,0.5800976,20040.01;0.3437519
20000,0.5800976,20040.01;0.3437519
20000,0.5800976,20040.01;0.3437519
20000,0.5800976,20040.01;0.3437519
20000,0.5800976,20040.01;0.3437519
20000,0.5800976,20040.01;0.3437519
20000,0.5800976,20040.01;0.3494811
20000,0.5800976,20040.01;0.3494811
20000,0.5800976,20040.01;0.3494811
20000,0.5800976,20040;0.3552103
20000,0.5800976,20040;0.3552103
20000,0.5800976,20040;0.3552103
20000,0.5800976,20040;0.3552103
20000,0.5800976,20040;0.3552103
20000,0.5800976,20040;0.3552103
20000,0.5800976,20040;0.3609395
20000,0.5800976,20040;0.3609395
20000,0.5800976,20040;0.3609395
20000,0.5800976,20040;0.3609395
20000,0.5800976,20040;0.3609395
20000,0.5800976,20040;0.3666687
20000,0.5800976,20040;0.3723979
20000,0.5800976,20040;0.3723979
20000,0.5800976,20040;0.3723979
20000,0.5800976,20040;0.3723979
20000,0.5800976,20040;0.3723979
20000,0.5800976,20040;0.3723979
20000,0.5800976,20039.99;0.3666687
20000,0.5800976,20039.99;0.3666687
20000,0.5800976,20039.99;0.3666687
20000,0.5800976,20039.99;0.3723979
20000,0.5800976,20039.99;0.3723979
20000,0.5800976,20039.99;0.3723979
20000,0.5800976,20039.99;0.3723979
20000,0.5800976,20039.99;0.3781272
20000,0.5800976,20039.99;0.3781272
20000,0.5800976,20039.99;0.3781272
20000,0.5800976,20039.99;0.3781272
20000,0.5800976,20039.99;0.3781272
20000,0.5800976,20039.99;0.3781272
20000,0.5800976,20039.99;0.3838563
20000,0.5800976,20039.99;0.3838563
20000,0.5800976,20039.99;0.3838563
20000,0.5800976,20039.99;0.3838563
20000,0.5800976,20039.99;0.3895856
20000,0.5800976,20039.99;0.3895856
20000,0.5800976,20039.99;0.3895856
20000,0.5800976,20039.99;0.3895856
20000,0.5800976,20039.99;0.3895856
20000,0.5800976,20039.98;0.3953148
20000,0.5800976,20039.98;0.3953148
20000,0.5800976,20039.98;0.3953148
20000,0.5800976,20039.98;0.3953148
20000,0.5800976,20039.98;0.401044
20000,0.5800976,20039.98;0.401044
20000,0.5800976,20039.98;0.401044
20000,0.5800976,20039.98;0.3953148
20000,0.5800976,20039.98;0.3953148
20000,0.5800976,20039.98;0.3953148
20000,0.5800976,20039.98;0.3953148
20000,0.5800976,20039.98;0.401044
20000,0.5800976,20039.98;0.401044
20000,0.5800976,20039.98;0.401044
20000,0.5800976,20039.98;0.4067731
20000,0.5800976,20039.98;0.4067731
20000,0.5800976,20039.98;0.4067731
20000,0.5800976,20039.98;0.4067731
20000,0.5800976,20039.97;0.4125023
20000,0.5800976,20039.97;0.4125023
20000,0.5800976,20039.97;0.4125023
20000,0.5800976,20039.97;0.4125023
20000,0.5800976,20039.97;0.4125023
20000,0.5800976,20039.97;0.4125023
20000,0.5800976,20039.97;0.4125023
20000,0.5800976,20039.97;0.4125023
20000,0.5800976,20039.97;0.4182315
20000,0.5800976,20039.97;0.4182315
20000,0.5800976,20039.97;0.4182315
20000,0.5800976,20039.97;0.4239608
20000,0.5800976,20039.97;0.4239608
20000,0.5800976,20039.97;0.4239608
20000,0.5800976,20039.97;0.4239608
20000,0.5800976,20039.97;0.42969
20000,0.5800976,20039.97;0.42969
20000,0.5800976,20039.97;0.42969
20000,0.5800976,20039.97;0.42969
20000,0.5800976,20039.97;0.42969
20000,0.5800976,20039.97;0.42969
20000,0.5800976,20039.97;0.42969
20000,0.5800976,20039.97;0.42969
20000,0.5800976,20039.97;0.42969
20000,0.5800976,20039.97;0.42969
20000,0.5800976,20039.97;0.42969
20000,0.5800976,20039.97;0.42969
20000,0.5800976,20039.97;0.4354192
20000,0.5800976,20039.97;0.4411484
20000,0.5800976,20039.97;0.4411484
20000,0.5800976,20039.97;0.4468776
20000,0.5800976,20039.97;0.4468776
20000,0.5800976,20039.97;0.4468776
20000,0.5800976,20039.97;0.4526068
20000,0.5800976,20039.97;0.4526068
20000,0.5800976,20039.97;0.4526068
20000,0.5800976,20039.97;0.4526068
20000,0.5800976,20039.97;0.4526068
20000,0.5800976,20039.97;0.4526068
20000,0.5800976,20039.97;0.4526068
20000,0.5800976,20039.97;0.4526068
20000,0.5800976,20039.97;0.4526068
20000,0.5800976,20039.96;0.458336
20000,0.5800976,20039.96;0.458336
20000,0.5800976,20039.96;0.458336
20000,0.5800976,20039.96;0.458336
20000,0.5800976,20039.96;0.458336
20000,0.5800976,20039.96;0.458336
20000,0.5800976,20039.96;0.458336
20000,0.5800976,20039.96;0.458336
20000,0.5800976,20039.96;0.458336
20000,0.5800976,20039.96;0.458336
20000,0.5800976,20039.96;0.458336
20000,0.5800976,20039.96;0.458336
20000,0.5800976,20039.96;0.458336
20000,0.5800976,20039.96;0.458336
20000,0.5800976,20039.96;0.4640651
20000,0.5800976,20039.96;0.4640651
20000,0.5800976,20039.96;0.4640651
20000,0.5800976,20039.96;0.4697944
20000,0.5800976,20039.96;0.4697944
20000,0.5800976,20039.96;0.4697944
20000,0.5800976,20039.97;0.4755235
20000,0.5800976,20039.97;0.4755235
20000,0.5800976,20039.97;0.4755235
20000,0.5800976,20039.97;0.4755235
20000,0.5800976,20039.97;0.4755235
20000,0.5800976,20039.97;0.4755235
20000,0.5800976,20039.97;0.4755235
20000,0.5800976,20039.97;0.4755235
20000,0.5800976,20039.97;0.4755235
20000,0.5800976,20039.97;0.4755235
20000,0.5800976,20039.97;0.4755235
20000,0.5800976,20039.97;0.4755235
20000,0.5800976,20039.97;0.4755235
20000,0.5800976,20039.97;0.4812527
20000,0.5800976,20039.97;0.4812527
20000,0.5800976,20039.97;0.4812527
20000,0.5800976,20039.97;0.4812527
20000,0.5800976,20039.97;0.4812527
20000,0.5800976,20039.97;0.4812527
20000,0.5800976,20039.97;0.4812527
20000,0.5800976,20039.97;0.4812527
20000,0.5800976,20039.97;0.4812527
20000,0.5800976,20039.97;0.4812527
20000,0.5800976,20039.97;0.4869819
20000,0.5800976,20039.97;0.4869819
20000,0.5800976,20039.97;0.4869819
20000,0.5800976,20039.97;0.4869819
20000,0.5800976,20039.97;0.4869819
20000,0.5800976,20039.97;0.4869819
20000,0.5800976,20039.97;0.4869819
20000,0.5800976,20039.97;0.4869819
20000,0.5800976,20039.98;0.4869819
20000,0.5800976,20039.98;0.4869819
20000,0.5800976,20039.98;0.4869819
20000,0.5800976,20039.98;0.4869819
20000,0.5800976,20039.98;0.4869819
20000,0.5800976,20039.98;0.4869819
20000,0.5800976,20039.98;0.4869819
20000,0.5800976,20039.98;0.4869819
20000,0.5800976,20039.98;0.4869819
20000,0.5800976,20039.98;0.4869819
20000,0.5800976,20039.98;0.4869819
20000,0.5800976,20039.98;0.4869819
20000,0.5800976,20039.98;0.4869819
20000,0.5800976,20039.98;0.4869819
20000,0.5800976,20039.98;0.4869819
20000,0.5800976,20039.98;0.4869819
20000,0.5800976,20039.98;0.4869819
20000,0.5800976,20039.98;0.4869819
20000,0.5800976,20039.98;0.4869819
20000,0.5800976,20039.98;0.4869819
20000,0.5800976,20039.98;0.4869819
20000,0.5800976,20039.98;0.4869819
20000,0.5800976,20039.98;0.4869819
20000,0.5800976,20039.98;0.4869819
20000,0.5800976,20039.98;0.4869819
20000,0.5800976,20039.98;0.4869819
20000,0.5800976,20039.98;0.4869819
20000,0.5800976,20039.98;0.4812527
20000,0.5800976,20039.98;0.4812527
20000,0.5800976,20039.98;0.4812527
20000,0.5800976,20039.98;0.4812527
20000,0.5800976,20039.98;0.4812527
20000,0.5800976,20039.98;0.4755235
20000,0.5800976,20039.98;0.4755235
20000,0.5800976,20039.98;0.4755235
20000,0.5800976,20039.98;0.4697944
20000,0.5800976,20039.98;0.4697944
20000,0.5800976,20039.98;0.4697944
20000,0.5800976,20039.98;0.4697944
20000,0.5800976,20039.98;0.4697944
20000,0.5800976,20039.98;0.4697944
20000,0.5800976,20039.98;0.4697944
20000,0.5800976,20039.98;0.4697944
20000,0.5800976,20039.98;0.4640651
20000,0.5800976,20039.98;0.4640651
20000,0.5800976,20039.98;0.458336
20000,0.5800976,20039.98;0.458336
20000,0.5800976,20039.98;0.458336
20000,0.5800976,20039.98;0.458336
20000,0.5800976,20039.97;0.458336
20000,0.5800976,20039.97;0.458336
20000,0.5800976,20039.97;0.458336
20000,0.5800976,20039.97;0.458336
20000,0.5800976,20039.97;0.458336
20000,0.5800976,20039.97;0.458336
20000,0.5800976,20039.97;0.4526068
20000,0.5800976,20039.97;0.4526068
20000,0.5800976,20039.97;0.4526068
20000,0.5800976,20039.97;0.4526068
20000,0.5800976,20039.97;0.4526068
20000,0.5800976,20039.97;0.4526068
20000,0.5800976,20039.97;0.4526068
20000,0.5800976,20039.97;0.4468777
20000,0.5800976,20039.97;0.4468777
20000,0.5800976,20039.97;0.4468777
20000,0.5800976,20039.97;0.4468777
20000,0.5800976,20039.97;0.4468777
20000,0.5800976,20039.97;0.4468777
20000,0.5800976,20039.97;0.4468777
20000,0.5800976,20039.97;0.4411485
20000,0.5800976,20039.97;0.4411485
20000,0.5800976,20039.96;0.4468777
20000,0.5800976,20039.96;0.4468777
20000,0.5800976,20039.96;0.4468777
20000,0.5800976,20039.96;0.4468777
20000,0.5800976,20039.96;0.4411485
20000,0.5800976,20039.96;0.4354192
20000,0.5800976,20039.96;0.4354192
20000,0.5800976,20039.96;0.4411485
20000,0.5800976,20039.96;0.4468777
20000,0.5800976,20039.96;0.4468777
20000,0.5800976,20039.96;0.4526068
20000,0.5800976,20039.96;0.4468777
20000,0.5800976,20039.96;0.4468777
20000,0.5800976,20039.96;0.4468777
20000,0.5800976,20039.96;0.4526068
20000,0.5800976,20039.96;0.4526068
20000,0.5800976,20039.96;0.458336
20000,0.5800976,20039.96;0.458336
20000,0.5800976,20039.96;0.458336
20000,0.5800976,20039.96;0.458336
20000,0.5800976,20039.96;0.4640652
20000,0.5800976,20039.96;0.4640652
20000,0.5800976,20039.96;0.4697945
20000,0.5800976,20039.96;0.4755236
20000,0.5800976,20039.96;0.4755236
20000,0.5800976,20039.96;0.4755236
20000,0.5800976,20039.97;0.4812527
20000,0.5800976,20039.97;0.486982
20000,0.5800976,20039.97;0.4927112
20000,0.5800976,20039.97;0.4927112
20000,0.5800976,20039.97;0.4927112
20000,0.5800976,20039.97;0.4927112
20000,0.5800976,20039.97;0.4927112
20000,0.5800976,20039.97;0.4927112
20000,0.5800976,20039.97;0.4927112
20000,0.5800976,20039.97;0.4984404
20000,0.5800976,20039.97;0.5041696
20000,0.5800976,20039.97;0.5041696
20000,0.5800976,20039.97;0.5041696
20000,0.5800976,20039.97;0.4984404
20000,0.5800976,20039.97;0.4984404
20000,0.5800976,20039.97;0.4984404
20000,0.5800976,20039.97;0.4984404
20000,0.5800976,20039.97;0.5041696
20000,0.5800976,20039.97;0.5041696
20000,0.5800976,20039.97;0.5041696
20000,0.5800976,20039.98;0.5098988
20000,0.5800976,20039.98;0.5098988
20000,0.5800976,20039.98;0.5098988
20000,0.5800976,20039.98;0.515628
20000,0.5800976,20039.98;0.515628
20000,0.5800976,20039.98;0.515628
20000,0.5800976,20039.98;0.515628
20000,0.5800976,20039.98;0.515628
20000,0.5800976,20039.98;0.515628
20000,0.5800976,20039.98;0.515628
20000,0.5800976,20039.98;0.515628
20000,0.5800976,20039.98;0.515628
20000,0.5800976,20039.98;0.515628
20000,0.5800976,20039.98;0.515628
20000,0.5800976,20039.98;0.515628
20000,0.5800976,20039.98;0.5213572
20000,0.5800976,20039.99;0.5270865
20000,0.5800976,20039.99;0.5270865
20000,0.5800976,20039.99;0.5270865
20000,0.5800976,20039.99;0.5213572
20000,0.5800976,20039.99;0.5156281
20000,0.5800976,20039.99;0.5098988
20000,0.5800976,20039.99;0.5098988
20000,0.5800976,20039.99;0.5156281
20000,0.5800976,20039.99;0.5213572
20000,0.5800976,20039.99;0.5213572
20000,0.5800976,20039.99;0.5156281
20000,0.5800976,20039.99;0.5156281
20000,0.5800976,20039.99;0.5098988
20000,0.5800976,20039.99;0.5041696
20000,0.5800976,20039.99;0.5098988
20000,0.5800976,20040;0.5156281
20000,0.5800976,20040;0.5156281
20000,0.5800976,20040;0.5156281
20000,0.5800976,20040;0.5156281
20000,0.5800976,20040;0.5156281
20000,0.5800976,20040;0.5156281
20000,0.5800976,20040;0.5156281
20000,0.5800976,20040;0.5213572
20000,0.5800976,20040;0.5213572
20000,0.5800976,20040;0.5213572
20000,0.5800976,20040;0.5156281
20000,0.5800976,20040;0.5156281
20000,0.5800976,20040;0.5156281
20000,0.5800976,20040;0.5213572
20000,0.5800976,20040;0.5213572
20000,0.5800976,20040;0.5213572
20000,0.5800976,20040;0.5213572
20000,0.5800976,20040;0.5213572
20000,0.5800976,20040;0.5156281
20000,0.5800976,20040;0.5213572
20000,0.5800976,20040;0.5270865
20000,0.5800976,20040;0.5270865
20000,0.5800976,20040;0.5270865
20000,0.5800976,20040;0.5270865
20000,0.5800976,20040.01;0.5213572
20000,0.5800976,20040.01;0.5213572
20000,0.5800976,20040.01;0.5213572
20000,0.5800976,20040.01;0.5270865
20000,0.5800976,20040.01;0.5270865
20000,0.5800976,20040.01;0.5328157
20000,0.5800976,20040.01;0.5270865
20000,0.5800976,20040.01;0.5213572
20000,0.5800976,20040.01;0.5213572
20000,0.5800976,20040.01;0.5213572
20000,0.5800976,20040.01;0.5213572
20000,0.5800976,20040.02;0.5270865
20000,0.5800976,20040.02;0.5270865
20000,0.5800976,20040.02;0.5270865
20000,0.5800976,20040.02;0.5270865
20000,0.5800976,20040.02;0.5270865
20000,0.5800976,20040.02;0.5270865
20000,0.5800976,20040.02;0.527