20000,0.5,20000;0
20000,0.58,20000.59;359.6419
19999.99,0.58,20001.08;359.2981
19999.98,0.58,20001.66;359.0117
19999.97,0.58,20002.23;358.7825
19999.96,0.58,20002.72;358.6822
19999.94,0.58,20003.27;358.3241
19999.92,0.58,20003.74;358.009
19999.9,0.58,20004.27;357.7511
19999.88,0.58,20004.73;357.4647
19999.86,0.58,20005.28;357.2212
19999.83,0.58,20005.83;356.9347
19999.79,0.58,20006.38;356.6625
19999.77,0.58,20006.84;356.3904
19999.73,0.58,20007.37;356.1468
19999.7,0.58,20007.8;355.8604
19999.66,0.58,20008.31;355.5595
19999.61,0.58,20008.91;355.2444
19999.55,0.58,20009.53;354.9723
19999.5,0.58,20010.07;354.6714
19999.49,0.58,20010.19;354.3707
19999.48,0.58,20010.32;354.0126
19999.47,0.58,20010.44;353.7261
19999.4,0.58,20011.03;353.3966
19999.34,0.58,20011.54;353.1101
19999.26,0.58,20012.13;352.795
19999.18,0.58,20012.72;352.5085
19999.1,0.58,20013.31;352.2077
19999.02,0.58,20013.89;351.9069
19998.95,0.58,20014.4;351.5488
19998.86,0.58,20014.97;351.205
19998.78,0.58,20015.43;350.9186
19998.71,0.58,20015.9;350.6894
19998.61,0.58,20016.45;350.4029
19998.54,0.58,20016.88;350.1021
19998.44,0.58,20017.42;349.8156
19998.34,0.58,20017.98;349.5291
19998.25,0.58,20018.46;349.2427
19998.13,0.58,20019.04;349.0135
19998.03,0.58,20019.54;348.727
19997.92,0.58,20020.12;348.4119
19997.81,0.58,20020.62;348.1397
19997.69,0.58,20021.19;347.8246
19997.57,0.58,20021.73;347.4951
19997.44,0.58,20022.28;347.2086
19997.31,0.58,20022.83;346.8792
19997.23,0.58,20023.17;346.6071
19997.19,0.58,20023.36;346.3062
19997.18,0.58,20023.4;346.12
19997.18,0.58,20023.4;346.0914
19997.17,0.58,20023.41;346.1344
19997.17,0.58,20023.42;346.2203
19997.17,0.58,20023.42;346.3492
19997.18,0.58,20023.39;346.4781
19997.19,0.58,20023.35;346.6357
19997.19,0.58,20023.33;346.779
19997.2,0.58,20023.31;346.8792
19997.2,0.58,20023.31;346.9508
19997.21,0.58,20023.29;347.0368
19997.21,0.58,20023.26;347.1371
19997.21,0.58,20023.24;347.223
19997.22,0.58,20023.22;347.2803
19997.22,0.58,20023.21;347.3662
19997.23,0.58,20023.18;347.4522
19997.23,0.58,20023.16;347.5238
19997.24,0.58,20023.14;347.5954
19997.24,0.58,20023.13;347.6671
19997.24,0.58,20023.11;347.7386
19997.25,0.58,20023.09;347.796
19997.25,0.58,20023.07;347.8676
19997.26,0.58,20023.05;347.9249
19997.26,0.58,20023.03;347.9965
19997.26,0.58,20023.02;348.0538
19997.27,0.58,20023;348.1111
19997.27,0.58,20022.99;348.1683
19997.27,0.58,20022.98;348.2256
19997.27,0.58,20022.97;348.2829
19997.27,0.58,20022.97;348.3259
19997.28,0.58,20022.96;348.3402
19997.27,0.58,20022.98;348.154
19997.26,0.58,20023.02;347.8246
19997.25,0.58,20023.09;347.4808
19997.22,0.58,20023.19;346.8649
19997.2,0.58,20023.29;346.1487
19997.17,0.58,20023.39;345.5041
19997.14,0.58,20023.49;345.06
19997.12,0.58,20023.59;344.4727
19997.09,0.58,20023.7;343.8568
19997.06,0.58,20023.79;343.2982
19997.03,0.58,20023.9;342.7396
19996.99,0.58,20024;342.3815
19996.96,0.58,20024.12;341.9518
19996.92,0.58,20024.22;341.4647
19996.88,0.58,20024.33;340.8058
19996.85,0.58,20024.41;340.2758
19996.85,0.58,20024.43;339.7459
19996.83,0.58,20024.47;339.531
19996.83,0.58,20024.46;339.6456
19996.84,0.58,20024.46;339.8891
19996.86,0.58,20024.39;340.3045
19996.88,0.58,20024.32;340.7629
19996.91,0.58,20024.23;341.2642
19996.94,0.58,20024.15;341.8945
19996.96,0.58,20024.09;342.6537
19996.98,0.58,20024.02;343.3126
19997,0.58,20023.96;344.0431
19997.02,0.58,20023.9;344.659
19997.03,0.58,20023.84;345.3895
19997.05,0.58,20023.77;346.1344
19997.06,0.58,20023.7;346.7503
19997.08,0.58,20023.62;347.4379
19997.1,0.58,20023.54;348.0395
19997.12,0.58,20023.46;348.6411
19997.13,0.58,20023.38;349.2284
19997.15,0.58,20023.29;349.8443
19997.16,0.58,20023.21;350.4745
19997.17,0.58,20023.16;351.0045
19997.18,0.58,20023.1;351.5059
19997.19,0.58,20023.03;351.8926
19997.19,0.58,20022.99;352.0931
19997.2,0.58,20022.96;352.2077
19997.2,0.58,20022.96;352.2507
19997.2,0.58,20022.97;352.2077
19997.19,0.58,20022.98;352.1791
19997.2,0.58,20022.97;352.1505
19997.2,0.58,20022.96;352.1648
19997.2,0.58,20022.96;352.1648
19997.2,0.58,20022.95;352.0932
19997.2,0.58,20022.94;352.0359
19997.2,0.58,20022.92;351.9786
19997.21,0.58,20022.91;351.9213
19997.21,0.58,20022.89;351.864
19997.21,0.58,20022.88;351.8067
19997.21,0.58,20022.86;351.7494
19997.21,0.58,20022.84;351.7064
19997.22,0.58,20022.82;351.6635
19997.22,0.58,20022.8;351.6062
19997.22,0.58,20022.78;351.5489
19997.22,0.58,20022.77;351.5059
19997.23,0.58,20022.75;351.4343
19997.23,0.58,20022.73;351.377
19997.23,0.58,20022.71;351.3197
19997.24,0.58,20022.69;351.2624
19997.24,0.58,20022.67;351.2195
19997.24,0.58,20022.65;351.1622
19997.24,0.58,20022.63;351.1049
19997.25,0.58,20022.61;351.0619
19997.25,0.58,20022.59;350.9903
19997.26,0.58,20022.56;350.9187
19997.26,0.58,20022.54;350.8614
19997.26,0.58,20022.52;350.7898
19997.27,0.58,20022.5;350.7181
19997.27,0.58,20022.48;350.6465
19997.28,0.58,20022.45;350.5749
19997.28,0.58,20022.42;350.5033
19997.29,0.58,20022.39;350.446
19997.29,0.58,20022.36;350.3744
19997.29,0.58,20022.33;350.3028
19997.3,0.58,20022.3;350.2168
19997.3,0.58,20022.27;350.1309
19997.31,0.58,20022.24;350.0593
19997.32,0.58,20022.21;349.9733
19997.32,0.58,20022.17;349.9017
19997.33,0.58,20022.13;349.8158
19997.34,0.58,20022.09;349.7585
19997.35,0.58,20022.05;349.6869
19997.35,0.58,20022.01;349.6152
19997.36,0.58,20021.96;349.5293
19997.37,0.58,20021.91;349.4433
19997.38,0.58,20021.87;349.386
19997.39,0.58,20021.82;349.3144
19997.4,0.58,20021.78;349.2285
19997.4,0.58,20021.73;349.1569
19997.42,0.58,20021.67;349.0852
19997.43,0.58,20021.62;349.0136
19997.44,0.58,20021.57;348.9277
19997.45,0.58,20021.52;348.8561
19997.46,0.58,20021.46;348.7845
19997.47,0.58,20021.41;348.6985
19997.48,0.58,20021.35;348.6125
19997.49,0.58,20021.29;348.5553
19997.5,0.58,20021.24;348.4836
19997.52,0.58,20021.17;348.412
19997.53,0.58,20021.12;348.3404
19997.54,0.58,20021.05;348.2688
19997.56,0.58,20020.98;348.1829
19997.57,0.58,20020.91;348.1112
19997.59,0.58,20020.84;348.0253
19997.6,0.58,20020.78;347.9537
19997.62,0.58,20020.7;347.9107
19997.63,0.58,20020.64;347.8391
19997.64,0.58,20020.57;347.7818
19997.66,0.58,20020.49;347.7245
19997.68,0.58,20020.42;347.6672
19997.7,0.58,20020.33;347.6099
19997.71,0.58,20020.26;347.5383
19997.73,0.58,20020.18;347.4667
19997.75,0.58,20020.1;347.4094
19997.76,0.58,20020.03;347.3521
19997.78,0.58,20019.95;347.2948
19997.8,0.58,20019.86;347.2232
19997.82,0.58,20019.77;347.1659
19997.84,0.58,20019.68;347.1086
19997.86,0.58,20019.6;347.037
19997.88,0.58,20019.51;346.9797
19997.9,0.58,20019.42;346.9367
19997.92,0.58,20019.33;346.8795
19997.94,0.58,20019.25;346.8078
19997.96,0.58,20019.16;346.7219
19997.99,0.58,20019.07;346.6503
19998.01,0.58,20018.98;346.593
19998.03,0.58,20018.9;346.5357
19998.05,0.58,20018.81;346.4641
19998.07,0.58,20018.72;346.3925
19998.09,0.58,20018.64;346.3352
19998.11,0.58,20018.56;346.2635
19998.13,0.58,20018.47;346.2063
19998.15,0.58,20018.4;346.149
19998.17,0.58,20018.31;346.0774
19998.19,0.58,20018.22;346.0057
19998.21,0.58,20018.15;345.9341
19998.23,0.58,20018.08;345.8768
19998.25,0.58,20017.99;345.7909
19998.27,0.58,20017.91;345.7336
19998.28,0.58,20017.88;345.6476
19998.29,0.58,20017.85;345.576
19998.3,0.58,20017.79;345.5044
19998.32,0.58,20017.72;345.4328
19998.34,0.58,20017.66;345.3612
19998.35,0.58,20017.6;345.2896
19998.37,0.58,20017.54;345.218
19998.38,0.58,20017.49;345.132
19998.4,0.58,20017.43;345.0604
19998.41,0.58,20017.37;344.9601
19998.42,0.58,20017.33;344.8742
19998.44,0.58,20017.27;344.7882
19998.46,0.58,20017.21;344.7166
19998.46,0.58,20017.18;344.6306
19998.48,0.58,20017.12;344.5447
19998.49,0.58,20017.09;344.4444
19998.5,0.58,20017.05;344.3585
19998.51,0.58,20017.02;344.2582
19998.52,0.58,20016.98;344.1579
19998.53,0.58,20016.95;344.072
19998.54,0.58,20016.92;343.9861
19998.54,0.58,20016.9;343.8715
19998.55,0.58,20016.88;343.7712
19998.56,0.58,20016.85;343.6566
19998.56,0.58,20016.83;343.5563
19998.57,0.58,20016.81;343.4417
19998.57,0.58,20016.79;343.3271
19998.58,0.58,20016.77;343.2269
19998.58,0.58,20016.76;343.1266
19998.59,0.58,20016.74;343.012
19998.6,0.58,20016.72;342.8831
19998.6,0.58,20016.71;342.7685
19998.6,0.58,20016.7;342.6539
19998.61,0.58,20016.68;342.5393
19998.61,0.58,20016.67;342.439
19998.62,0.58,20016.66;342.3387
19998.62,0.58,20016.65;342.2385
19998.62,0.58,20016.64;342.1239
19998.62,0.58,20016.63;342.0379
19998.63,0.58,20016.63;341.9377
19998.63,0.58,20016.62;341.8374
19998.63,0.58,20016.6;341.7514
19998.64,0.58,20016.59;341.6655
19998.64,0.58,20016.57;341.5939
19998.65,0.58,20016.56;341.5222
19998.65,0.58,20016.54;341.4363
19998.66,0.58,20016.53;341.336
19998.66,0.58,20016.51;341.2644
19998.67,0.58,20016.5;341.1928
19998.67,0.58,20016.49;341.1212
19998.68,0.58,20016.47;341.0496
19998.68,0.58,20016.46;340.9923
19998.69,0.58,20016.45;340.935
19998.69,0.58,20016.44;340.8777
19998.69,0.58,20016.43;340.8204
19998.7,0.58,20016.42;340.7631
19998.7,0.58,20016.41;340.7058
19998.7,0.58,20016.4;340.6485
19998.71,0.58,20016.39;340.5769
19998.71,0.58,20016.38;340.5196
19998.71,0.58,20016.36;340.4623
19998.72,0.58,20016.36;340.405
19998.72,0.58,20016.35;340.3334
19998.72,0.58,20016.34;340.2618
19998.73,0.58,20016.33;340.1902
19998.73,0.58,20016.32;340.1329
19998.73,0.58,20016.32;340.0899
19998.74,0.58,20016.31;340.0183
19998.74,0.58,20016.3;339.961
19998.74,0.58,20016.29;339.918
19998.74,0.58,20016.29;339.8607
19998.74,0.58,20016.29;339.7891
19998.75,0.58,20016.28;339.7318
19998.75,0.58,20016.27;339.6746
19998.75,0.58,20016.27;339.6172
19998.75,0.58,20016.27;339.56
19998.75,0.58,20016.27;339.5027
19998.75,0.58,20016.27;339.4311
19998.75,0.58,20016.27;339.3738
19998.75,0.58,20016.27;339.3308
19998.75,0.58,20016.27;339.2592
19998.75,0.58,20016.27;339.2019
19998.75,0.58,20016.27;339.1446
19998.75,0.58,20016.27;339.0873
19998.75,0.58,20016.27;339.03
19998.75,0.58,20016.27;338.9727
19998.75,0.58,20016.27;338.9154
19998.75,0.58,20016.27;338.8581
19998.75,0.58,20016.27;338.8152
19998.75,0.58,20016.27;338.7579
19998.75,0.58,20016.27;338.7006
19998.75,0.58,20016.28;338.6576
19998.75,0.58,20016.28;338.6003
19998.75,0.58,20016.28;338.543
19998.75,0.58,20016.28;338.4857
19998.75,0.58,20016.28;338.4427
19998.75,0.58,20016.28;338.3855
19998.75,0.58,20016.28;338.3425
19998.75,0.58,20016.28;338.2852
19998.75,0.58,20016.28;338.2422
19998.75,0.58,20016.28;338.1849
19998.75,0.58,20016.28;338.1277
19998.75,0.58,20016.28;338.0704
19998.75,0.58,20016.28;338.0131
19998.75,0.58,20016.28;337.9558
19998.75,0.58,20016.28;337.8985
19998.75,0.58,20016.28;337.8269
19998.75,0.58,20016.28;337.7696
19998.75,0.58,20016.27;337.7266
19998.75,0.58,20016.27;337.6837
19998.75,0.58,20016.27;337.6263
19998.75,0.58,20016.27;337.5547
19998.75,0.58,20016.27;337.5118
19998.75,0.58,20016.26;337.4402
19998.75,0.58,20016.26;337.3829
19998.76,0.58,20016.26;337.3399
19998.76,0.58,20016.25;337.2826
19998.76,0.58,20016.25;337.2253
19998.76,0.58,20016.24;337.1823
19998.76,0.58,20016.24;337.1251
19998.77,0.58,20016.23;337.0677
19998.77,0.58,20016.22;337.0248
19998.77,0.58,20016.21;336.9818
19998.78,0.58,20016.21;336.9245
19998.78,0.58,20016.2;336.8672
19998.79,0.58,20016.19;336.8099
19998.79,0.58,20016.18;336.767
19998.79,0.58,20016.17;336.7097
19998.8,0.58,20016.16;336.6524
19998.8,0.58,20016.15;336.5951
19998.81,0.58,20016.14;336.5521
19998.81,0.58,20016.12;336.4948
19998.82,0.58,20016.11;336.4519
19998.82,0.58,20016.11;336.3946
19998.83,0.58,20016.09;336.3373
19998.83,0.58,20016.08;336.28
19998.84,0.58,20016.06;336.237
19998.85,0.58,20016.05;336.1797
19998.85,0.58,20016.04;336.1224
19998.86,0.58,20016.02;336.0795
19998.87,0.58,20016;336.0365
19998.87,0.58,20015.99;335.9935
19998.88,0.58,20015.96;335.9506
19998.89,0.58,20015.95;335.8933
19998.9,0.58,20015.92;335.8503
19998.91,0.58,20015.89;335.8073
19998.92,0.58,20015.87;335.7644
19998.94,0.58,20015.85;335.7214
19998.95,0.58,20015.81;335.6641
19998.96,0.58,20015.78;335.6068
19998.98,0.58,20015.74;335.5495
19999,0.58,20015.71;335.5066
19999.02,0.58,20015.66;335.4493
19999.04,0.58,20015.62;335.4063
19999.06,0.58,20015.58;335.3633
19999.08,0.58,20015.53;335.3204
19999.11,0.58,20015.47;335.2774
19999.13,0.58,20015.41;335.2201
19999.16,0.58,20015.35;335.1628
19999.19,0.58,20015.3;335.1198
19999.21,0.58,20015.24;335.0769
19999.23,0.58,20015.21;335.0339
19999.26,0.58,20015.14;334.9909
19999.28,0.58,20015.1;334.948
19999.28,0.58,20015.1;334.905
19999.28,0.58,20015.1;334.862
19999.28,0.58,20015.11;334.8191
19999.28,0.58,20015.1;334.7761
19999.32,0.58,20015.02;334.7331
19999.36,0.58,20014.94;334.6902
19999.39,0.58,20014.86;334.6472
19999.43,0.58,20014.78;334.6186
19999.47,0.58,20014.69;334.5756
19999.51,0.58,20014.61;334.5326
19999.56,0.58,20014.51;334.504
19999.6,0.58,20014.42;334.4753
19999.64,0.58,20014.33;334.4467
19999.7,0.58,20014.22;334.4037
19999.74,0.58,20014.13;334.3751
19999.79,0.58,20014.03;334.3321
19999.85,0.58,20013.91;334.2891
19999.9,0.58,20013.79;334.2605
19999.95,0.58,20013.7;334.2318
20000,0.58,20013.59;334.2032
20000.06,0.58,20013.46;334.1602
20000.12,0.58,20013.35;334.1459
20000.18,0.58,20013.22;334.1172
20000.24,0.58,20013.09;334.0886
20000.3,0.58,20012.97;334.06
20000.37,0.58,20012.84;334.0313
20000.42,0.58,20012.72;334.017
20000.49,0.58,20012.58;333.974
20000.55,0.58,20012.46;333.9597
20000.63,0.58,20012.31;333.9311
20000.69,0.58,20012.19;333.9167
20000.75,0.58,20012.06;333.8881
20000.82,0.58,20011.92;333.8451
20000.88,0.58,20011.79;333.8165
20000.96,0.58,20011.64;333.7878
20001.03,0.58,20011.49;333.7592
20001.1,0.58,20011.34;333.7305
20001.18,0.58,20011.19;333.7162
20001.24,0.58,20011.06;333.6876
20001.31,0.58,20010.92;333.6732
20001.38,0.58,20010.77;333.6446
20001.45,0.58,20010.64;333.6159
20001.52,0.58,20010.5;333.5873
20001.59,0.58,20010.35;333.573
20001.66,0.58,20010.21;333.5587
20001.72,0.58,20010.09;333.5443
20001.79,0.58,20009.96;333.5157
20001.85,0.58,20009.83;333.487
20001.91,0.58,20009.72;333.4727
20001.97,0.58,20009.59;333.4441
20002.03,0.58,20009.48;333.4154
20002.09,0.58,20009.36;333.3725
20002.14,0.58,20009.25;333.3438
20002.2,0.58,20009.14;333.3152
20002.25,0.58,20009.04;333.2865
20002.3,0.58,20008.93;333.2722
20002.35,0.58,20008.83;333.2579
20002.4,0.58,20008.73;333.2292
20002.45,0.58,20008.63;333.1862
20002.5,0.58,20008.55;333.1576
20002.55,0.58,20008.45;333.1147
20002.59,0.58,20008.36;333.086
20002.63,0.58,20008.28;333.0573
20002.68,0.58,20008.2;333.0144
20002.71,0.58,20008.12;332.9571
20002.75,0.58,20008.05;332.9141
20002.79,0.58,20007.98;332.8712
20002.83,0.58,20007.9;332.8139
20002.86,0.58,20007.84;332.7709
20002.89,0.58,20007.77;332.7279
20002.93,0.58,20007.7;332.685
20002.96,0.58,20007.64;332.642
20002.99,0.58,20007.58;332.599
20003.03,0.58,20007.51;332.5561
20003.05,0.58,20007.46;332.4987
20003.08,0.58,20007.4;332.4558
20003.11,0.58,20007.35;332.3985
20003.14,0.58,20007.29;332.3555
20003.17,0.58,20007.24;332.3126
20003.2,0.58,20007.19;332.2553
20003.22,0.58,20007.15;332.2123
20003.24,0.58,20007.1;332.1693
20003.27,0.58,20007.05;332.1263
20003.29,0.58,20007.01;332.0834
20003.31,0.58,20006.97;332.0404
20003.33,0.58,20006.93;331.9975
20003.36,0.58,20006.88;331.9402
20003.38,0.58,20006.84;331.8972
20003.4,0.58,20006.8;331.8399
20003.42,0.58,20006.77;331.7969
20003.44,0.58,20006.73;331.754
20003.46,0.58,20006.69;331.6967
20003.48,0.58,20006.65;331.6394
20003.5,0.58,20006.61;331.6107
20003.52,0.58,20006.58;331.5534
20003.54,0.58,20006.54;331.4962
20003.56,0.58,20006.51;331.4532
20003.58,0.58,20006.47;331.4102
20003.6,0.58,20006.44;331.3529
20003.62,0.58,20006.4;331.3099
20003.63,0.58,20006.37;331.2527
20003.65,0.58,20006.34;331.181
20003.67,0.58,20006.31;331.1381
20003.69,0.58,20006.28;331.0951
20003.7,0.58,20006.25;331.0235
20003.72,0.58,20006.22;330.9662
20003.73,0.58,20006.2;330.9232
20003.75,0.58,20006.17;330.8516
20003.76,0.58,20006.14;330.7943
20003.78,0.58,20006.11;330.7513
20003.79,0.58,20006.08;330.6797
20003.81,0.58,20006.06;330.6081
20003.82,0.58,20006.04;330.5795
20003.83,0.58,20006.01;330.5365
20003.85,0.58,20005.99;330.4792
20003.86,0.58,20005.96;330.4792
20003.88,0.58,20005.94;330.4219
20003.89,0.58,20005.92;330.3646
20003.9,0.58,20005.89;330.3217
20003.92,0.58,20005.87;330.2644
20003.93,0.58,20005.85;330.1927
20003.94,0.58,20005.83;330.1355
20003.95,0.58,20005.81;330.0925
20003.96,0.58,20005.79;330.0495
20003.97,0.58,20005.78;329.9922
20003.98,0.58,20005.76;329.9922
20003.99,0.58,20005.74;329.9492
20004,0.58,20005.72;329.9063
20004.01,0.58,20005.71;329.892
20004.01,0.58,20005.7;329.8347
20004.02,0.58,20005.69;329.7917
20004.03,0.58,20005.68;329.7631
20004.03,0.58,20005.67;329.7057
20004.04,0.58,20005.66;329.6628
20004.04,0.58,20005.65;329.6198
20004.04,0.58,20005.64;329.6055
20004.05,0.58,20005.64;329.5482
20004.05,0.58,20005.64;329.5339
20004.05,0.58,20005.63;329.4909
20004.06,0.58,20005.62;329.4336
20004.06,0.58,20005.62;329.3907
20004.06,0.58,20005.62;329.319
20004.06,0.58,20005.62;329.2617
20004.06,0.58,20005.62;329.2045
20004.06,0.58,20005.62;329.1472
20004.06,0.58,20005.62;329.1042
20004.06,0.58,20005.62;329.0469
20004.06,0.58,20005.62;329.0039
20004.06,0.58,20005.62;328.961
20004.06,0.58,20005.62;328.9037
20004.06,0.58,20005.62;328.8607
20004.06,0.58,20005.62;328.8177
20004.06,0.58,20005.63;328.7604
20004.06,0.58,20005.63;328.7175
20004.05,0.58,20005.63;328.6602
20004.05,0.58,20005.64;328.6172
20004.05,0.58,20005.64;328.5599
20004.04,0.58,20005.64;328.5026
20004.04,0.58,20005.65;328.4453
20004.04,0.58,20005.65;328.388
20004.04,0.58,20005.66;328.3307
20004.03,0.58,20005.67;328.2591
20004.03,0.58,20005.67;328.2162
20004.02,0.58,20005.68;328.1732
20004.02,0.58,20005.69;328.1016
20004.01,0.58,20005.7;328.0443
20004.01,0.58,20005.71;328.0013
20004,0.58,20005.72;327.944
20003.99,0.58,20005.73;327.8867
20003.98,0.58,20005.74;327.8294
20003.98,0.58,20005.76;327.7722
20003.97,0.58,20005.76;327.7292
20003.96,0.58,20005.78;327.6719
20003.96,0.58,20005.79;327.6146
20003.95,0.58,20005.8;327.5573
20003.94,0.58,20005.82;327.5
20003.93,0.58,20005.83;327.4427
20003.92,0.58,20005.85;327.3854
20003.91,0.58,20005.87;327.3138
20003.89,0.58,20005.88;327.2422
20003.88,0.58,20005.9;327.1849
20003.87,0.58,20005.92;327.1133
20003.86,0.58,20005.94;327.056
20003.85,0.58,20005.96;326.9844
20003.83,0.58,20005.98;326.9128
20003.81,0.58,20006.01;326.8555
20003.8,0.58,20006.03;326.7838
20003.78,0.58,20006.06;326.7266
20003.76,0.58,20006.09;326.6693
20003.75,0.58,20006.11;326.612
20003.73,0.58,20006.14;326.5403
20003.71,0.58,20006.17;326.4688
20003.69,0.58,20006.2;326.3971
20003.67,0.58,20006.23;326.3255
20003.65,0.58,20006.26;326.2539
20003.62,0.58,20006.3;326.1823
20003.6,0.58,20006.34;326.125
20003.57,0.58,20006.37;326.0533
20003.55,0.58,20006.4;325.9818
20003.52,0.58,20006.45;325.9101
20003.49,0.58,20006.49;325.8385
20003.46,0.58,20006.54;325.7669
20003.43,0.58,20006.58;325.7096
20003.4,0.58,20006.63;325.6523
20003.37,0.58,20006.67;325.5807
20003.34,0.58,20006.72;325.5091
20003.31,0.58,20006.76;325.4374
20003.27,0.58,20006.81;325.3658
20003.24,0.58,20006.86;325.2942
20003.2,0.58,20006.92;325.2226
20003.15,0.58,20006.98;325.1653
20003.11,0.58,20007.05;325.0937
20003.06,0.58,20007.12;325.0221
20003.02,0.58,20007.18;324.9361
20002.96,0.58,20007.25;324.8502
20002.91,0.58,20007.32;324.7642
20002.86,0.58,20007.4;324.6926
20002.81,0.58,20007.47;324.6067
20002.75,0.58,20007.55;324.535
20002.69,0.58,20007.64;324.4491
20002.63,0.58,20007.73;324.3631
20002.59,0.58,20007.78;324.2772
20002.55,0.58,20007.83;324.1912
20002.51,0.58,20007.88;324.1053
20002.45,0.58,20007.98;324.048
20002.37,0.58,20008.08;324.0193
20002.37,0.58,20008.08;323.962
20002.35,0.58,20008.1;323.9334
20002.28,0.58,20008.21;323.8331
20002.2,0.58,20008.31;323.7328
20002.12,0.58,20008.42;323.6326
20002.04,0.58,20008.53;323.5466
20001.97,0.58,20008.62;323.4464
20001.9,0.58,20008.72;323.3604
20001.82,0.58,20008.83;323.2601
20001.75,0.58,20008.92;323.1599
20001.67,0.58,20009.02;323.0596
20001.6,0.58,20009.12;322.9736
20001.52,0.58,20009.22;322.8877
20001.45,0.58,20009.32;322.8017
20001.37,0.58,20009.43;322.7014
20001.3,0.58,20009.52;322.6012
20001.22,0.58,20009.62;322.5152
20001.14,0.58,20009.72;322.4006
20001.08,0.58,20009.8;322.3147
20001,0.58,20009.9;322.2287
20000.93,0.58,20010;322.1428
20000.87,0.58,20010.07;322.0425
20000.79,0.58,20010.17;321.9709
20000.72,0.58,20010.26;321.8849
20000.66,0.58,20010.34;321.7847
20000.59,0.58,20010.43;321.6987
20000.53,0.58,20010.5;321.5984
20000.46,0.58,20010.59;321.5125
20000.39,0.58,20010.68;321.4122
20000.33,0.58,20010.76;321.3263
20000.26,0.58,20010.84;321.2403
20000.21,0.58,20010.9;321.1544
20000.15,0.58,20010.97;321.0684
20000.11,0.58,20011.02;320.9968
20000.07,0.58,20011.07;320.9252
20000.03,0.58,20011.12;320.8536
20000,0.58,20011.16;320.7963
19999.98,0.58,20011.19;320.739
19999.96,0.58,20011.21;320.696
19999.93,0.58,20011.24;320.653
19999.91,0.58,20011.27;320.6244
19999.89,0.58,20011.3;320.5814
19999.87,0.58,20011.32;320.5385
19999.85,0.58,20011.35;320.4955
19999.83,0.58,20011.37;320.4525
19999.8,0.58,20011.4;320.4095
19999.79,0.58,20011.42;320.3809
19999.76,0.58,20011.45;320.3379
19999.74,0.58,20011.47;320.295
19999.72,0.58,20011.49;320.2663
19999.7,0.58,20011.52;320.2233
19999.68,0.58,20011.54;320.1947
19999.66,0.58,20011.57;320.1517
19999.64,0.58,20011.59;320.1088
19999.62,0.58,20011.62;320.0801
19999.6,0.58,20011.64;320.0371
19999.58,0.58,20011.66;319.9942
19999.56,0.58,20011.69;319.9512
19999.55,0.58,20011.7;319.9082
19999.54,0.58,20011.72;319.8653
19999.52,0.58,20011.74;319.8223
19999.51,0.58,20011.75;319.7793
19999.49,0.58,20011.77;319.7363
19999.48,0.58,20011.79;319.7077
19999.46,0.58,20011.8;319.6647
19999.45,0.58,20011.82;319.6218
19999.44,0.58,20011.83;319.5788
19999.43,0.58,20011.84;319.5358
19999.42,0.58,20011.85;319.5072
19999.41,0.58,20011.86;319.4642
19999.41,0.58,20011.87;319.4212
19999.41,0.58,20011.87;319.3783
19999.4,0.58,20011.88;319.3353
19999.4,0.58,20011.88;319.2923
19999.4,0.58,20011.88;319.235
19999.4,0.58,20011.88;319.2064
19999.4,0.58,20011.88;319.1634
19999.4,0.58,20011.88;319.1204
19999.4,0.58,20011.88;319.0775
19999.41,0.58,20011.87;319.0488
19999.41,0.58,20011.87;318.9915
19999.42,0.58,20011.86;318.9342
19999.42,0.58,20011.85;318.9056
19999.43,0.58,20011.85;318.8626
19999.44,0.58,20011.84;318.8196
19999.44,0.58,20011.83;318.7767
19999.45,0.58,20011.82;318.7337
19999.46,0.58,20011.81;318.6907
19999.47,0.58,20011.8;318.6478
19999.48,0.58,20011.79;318.6048
19999.49,0.58,20011.78;318.5618
19999.5,0.58,20011.77;318.5189
19999.51,0.58,20011.76;318.4759
19999.52,0.58,20011.74;318.4329
19999.53,0.58,20011.73;318.39
19999.54,0.58,20011.72;318.3326
19999.55,0.58,20011.71;318.2897
19999.56,0.58,20011.7;318.2467
19999.57,0.58,20011.68;318.2037
19999.59,0.58,20011.66;318.1465
19999.6,0.58,20011.65;318.1035
19999.61,0.58,20011.64;318.0462
19999.62,0.58,20011.63;318.0032
19999.63,0.58,20011.62;317.9459
19999.64,0.58,20011.6;317.903
19999.65,0.58,20011.6;317.86
19999.66,0.58,20011.58;317.817
19999.67,0.58,20011.57;317.7597
19999.68,0.58,20011.56;317.7167
19999.69,0.58,20011.55;317.6738
19999.69,0.58,20011.55;317.6308
19999.7,0.58,20011.55;317.6022
19999.7,0.58,20011.55;317.5878
19999.7,0.58,20011.55;317.5735
19999.7,0.58,20011.54;317.5592
19999.7,0.58,20011.54;317.5592
19999.7,0.58,20011.54;317.5449
19999.7,0.58,20011.54;317.5449
19999.7,0.58,20011.54;317.5305
19999.7,0.58,20011.54;317.5305
19999.7,0.58,20011.54;317.5305
19999.7,0.58,20011.54;317.5305
19999.7,0.58,20011.54;317.5305
19999.7,0.58,20011.54;317.5305
19999.7,0.58,20011.54;317.5305
19999.7,0.58,20011.54;317.5305
19999.7,0.58,20011.54;317.5305
19999.7,0.58,20011.54;317.5305
19999.7,0.58,20011.54;317.5305
19999.7,0.58,20011.54;317.5305
19999.7,0.58,20011.54;317.5305
19999.7,0.58,20011.54;317.5305
19999.7,0.58,20011.54;317.5305
19999.7,0.58,20011.54;317.5305
19999.7,0.58,20011.54;317.5305
19999.7,0.58,20011.54;317.5305
19999.7,0.58,20011.54;317.5305
19999.7,0.58,20011.54;317.5305
19999.7,0.58,20011.54;317.5305
19999.7,0.58,20011.54;317.5305
19999.7,0.58,20011.54;317.5305
19999.7,0.58,20011.54;317.5305
19999.7,0.58,20011.54;317.5305
19999.7,0.58,20011.54;317.5305
19999.7,0.58,20011.54;317.5305
19999.7,0.58,20011.54;317.5305
19999.7,0.58,20011.54;317.5305
19999.7,0.58,20011.54;317.5305
19999.7,0.58,20011.54;317.5305
19999.7,0.58,20011.54;317.5305
19999.7,0.58,20011.54;317.5305
19999.7,0.58,20011.54;317.5305
19999.7,0.58,20011.54;317.5305
19999.7,0.58,20011.54;317.5305
19999.7,0.58,20011.54;317.5305
19999.7,0.58,20011.54;317.5305
19999.7,0.58,20011.54;317.5305
19999.7,0.58,20011.54;317.5305
19999.7,0.58,20011.54;317.5305
19999.7,0.58,20011.54;317.5305
19999.7,0.58,20011.54;317.5305
19999.7,0.58,20011.54;317.5305
19999.7,0.58,20011.54;317.5305
19999.7,0.58,20011.54;317.5305
19999.7,0.58,20011.54;317.5305
19999.7,0.58,20011.54;317.5305
19999.7,0.58,20011.54;317.5305
19999.7,0.58,20011.54;317.5305
19999.7,0.58,20011.54;317.5305
19999.7,0.58,20011.54;317.5305
19999.7,0.58,20011.54;317.5305
19999.7,0.58,20011.54;317.5305
19999.7,0.58,20011.54;317.5305
19999.7,0.58,20011.54;317.5305
19999.7,0.58,20011.54;317.5305
19999.7,0.58,20011.54;317.5305
19999.7,0.58,20011.54;317.5305
19999.7,0.58,20011.54;317.5305
19999.7,0.58,20011.54;317.5305
19999.7,0.58,20011.54;317.5305
19999.7,0.58,20011.54;317.5305
19999.7,0.58,20011.54;317.5305
19999.7,0.58,20011.54;317.5305
19999.7,0.58,20011.54;317.5305
19999.7,0.58,20011.54;317.5305
19999.7,0.58,20011.54;317.5305
19999.7,0.58,20011.54;317.5305
19999.7,0.58,20011.54;317.5305
19999.7,0.58,20011.54;317.5305
19999.7,0.58,20011.54;317.5305
19999.7,0.58,20011.54;317.5305
19999.7,0.58,20011.54;317.5305
19999.7,0.58,20011.54;317.5305
19999.7,0.58,20011.54;317.5305
19999.7,0.58,20011.54;317.5305
19999.7,0.58,20011.54;317.5305
19999.7,0.58,20011.54;317.5305
19999.7,0.58,20011.54;317.5305
19999.7,0.58,20011.54;317.5305
19999.7,0.58,20011.54;317.5305
19999.7,0.58,20011.54;317.5305
19999.7,0.58,20011.54;317.5305
19999.7,0.58,20011.54;317.5305
19999.7,0.58,20011.54;317.5305
19999.7,0.58,20011.54;317.5305
19999.7,0.58,20011.54;317.5305
19999.7,0.58,20011.54;317.5305
19999.7,0.58,20011.54;317.5305
19999.7,0.58,20011.54;317.5305
19999.7,0.58,20011.54;317.5305
19999.7,0.58,20011.54;317.5305
19999.7,0.58,20011.54;317.5305
19999.7,0.58,20011.54;317.5305
19999.7,0.58,20011.54;317.5305
19999.7,0.58,20011.54;317.5305
19999.7,0.58,20011.54;317.5305
19999.7,0.58,20011.54;317.5305
19999.7,0.58,20011.54;317.5305
19999.7,0.58,20011.54;317.5305
19999.7,0.58,20011.54;317.5305
19999.7,0.58,20011.54;317.5305
19999.7,0.58,20011.54;317.5305
19999.7,0.58,20011.54;317.5305
19999.7,0.58,20011.54;317.5305
19999.7,0.58,20011.54;317.5305
19999.7,0.58,20011.54;317.5305
19999.7,0.58,20011.54;317.5305
19999.7,0.58,20011.54;317.5305
19999.7,0.58,20011.54;317.5305
19999.7,0.58,20011.54;317.5305
19999.7,0.58,20011.54;317.5305
19999.7,0.58,20011.54;317.5305
19999.7,0.58,20011.54;317.5305
19999.7,0.58,20011.54;317.5305
19999.7,0.58,20011.54;317.5305
19999.7,0.58,20011.54;317.5305
19999.7,0.58,20011.54;317.5305
19999.7,0.58,20011.54;317.5305
19999.7,0.58,20011.54;317.5305
19999.7,0.58,20011.54;317.5305
19999.7,0.58,20011.54;317.5305
19999.7,0.58,20011.54;317.5305
19999.7,0.58,20011.54;317.5305
19999.7,0.58,20011.54;317.5305
19999.7,0.58,20011.54;317.5305
19999.7,0.58,20011.54;317.5305
19999.7,0.58,20011.54;317.5305
19999.7,0.58,20011.54;317.5305
19999.7,0.58,20011.54;317.5305
19999.7,0.58,20011.54;317.5305
19999.7,0.58,20011.54;317.5305
19999.7,0.58,20011.54;317.5305
19999.7,0.58,20011.54;317.5305
19999.7,0.58,20011.54;317.5305
19999.7,0.58,20011.54;317.5305
19999.7,0.58,20011.54;317.5305
19999.7,0.58,20011.54;317.5305
19999.7,0.58,20011.54;317.5305
19999.7,0.58,20011.54;317.5305
19999.7,0.58,20011.54;317.5305
19999.7,0.58,20011.54;317.5305
19999.7,0.58,20011.54;317.5305
19999.7,0.58,20011.54;317.5305
19999.7,0.58,20011.54;317.5305
19999.7,0.58,20011.54;317.5305
19999.7,0.58,20011.54;317.5305
19999.7,0.58,20011.54;317.5305
19999.7,0.58,20011.54;317.5305
19999.7,0.58,20011.54;317.5305
19999.7,0.58,20011.54;317.5305
19999.7,0.58,20011.54;317.5305
19999.7,0.58,20011.54;317.5305
19999.7,0.58,20011.54;317.5305
19999.7,0.58,20011.54;317.5305
19999.7,0.58,20011.54;317.5305
19999.7,0.58,20011.54;317.5305
19999.7,0.58,20011.54;317.5305
19999.7,0.58,20011.54;317.5305
19999.7,0.58,20011.54;317.5305
19999.7,0.58,20011.54;317.5305
19999.7,0.58,20011.54;317.5305
19999.7,0.58,20011.54;317.5305
19999.7,0.58,20011.54;317.5305
19999.7,0.58,20011.54;317.5305
19999.7,0.58,20011.54;317.5305
19999.7,0.58,20011.54;317.5305
19999.7,0.58,20011.54;317.5305
19999.7,0.58,20011.54;317.5305
19999.7,0.58,20011.54;317.5305
19999.7,0.58,20011.54;317.5305
19999.7,0.58,20011.54;317.5305
19999.7,0.58,20011.54;317.5305
19999.7,0.58,20011.54;317.5305
19999.7,0.58,20011.54;317.5305
19999.7,0.58,20011.54;317.5305
19999.7,0.58,20011.54;317.5305
19999.7,0.58,20011.54;317.5305
19999.7,0.58,20011.54;317.5305
19999.7,0.58,20011.54;317.5305
19999.7,0.58,20011.54;317.5305
19999.7,0.58,20011.54;317.5305
19999.7,0.58,20011.54;317.5305
19999.7,0.58,20011.54;317.5305
19999.7,0.58,20011.54;317.5305
19999.7,0.58,20011.54;317.5305
19999.7,0.58,20011.54;317.5305
19999.7,0.58,20011.54;317.5305
19999.7,0.58,20011.54;317.5305
19999.7,0.58,20011.54;317.5305
19999.7,0.58,20011.54;317.5305
19999.7,0.58,20011.54;317.5305
19999.7,0.58,20011.54;317.5305
19999.7,0.58,20011.54;317.5305
19999.7,0.58,20011.54;317.5305
19999.7,0.58,20011.54;317.5305
19999.7,0.58,20011.54;317.5305
19999.7,0.58,20011.54;317.5305
19999.7,0.58,20011.54;317.5305
19999.7,0.58,20011.54;317.5305
19999.7,0.58,20011.54;317.5305
19999.7,0.58,20011.54;317.5305
19999.7,0.58,20011.54;317.5305
19999.7,0.58,20011.54;317.5305
19999.7,0.58,20011.54;317.5305
19999.7,0.58,20011.54;317.5305
19999.7,0.58,20011.54;317.5305
19999.7,0.58,20011.54;317.5305
19999.7,0.58,20011.54;317.5305
19999.7,0.58,20011.54;317.5305
19999.7,0.58,20011.54;317.5305
19999.7,0.58,20011.54;317.5305
19999.7,0.58,20011.54;317.5305
19999.7,0.58,20011.54;317.5305
19999.7,0.58,20011.54;317.5305
19999.7,0.58,20011.54;317.5305
19999.7,0.58,20011.54;317.5305
19999.7,0.58,20011.54;317.5305
19999.7,0.58,20011.54;317.5305
19999.7,0.58,20011.54;317.5305
19999.7,0.58,20011.54;317.5305
19999.7,0.58,20011.54;317.5305
19999.7,0.58,20011.54;317.5305
19999.7,0.58,20011.54;317.5305
19999.7,0.58,20011.54;317.5305
19999.7,0.58,20011.54;317.5305
19999.7,0.58,20011.54;317.5305
19999.7,0.58,20011.54;317.5305
19999.7,0.58,20011.54;317.5305
19999.7,0.58,20011.54;317.5305
19999.7,0.58,20011.54;317.5305
19999.7,0.58,20011.54;317.5305
19999.7,0.58,20011.54;317.5305
19999.7,0.58,20011.54;317.5305
19999.7,0.58,20011.54;317.5305
19999.7,0.58,20011.54;317.5305
19999.7,0.58,20011.54;317.5305
19999.7,0.58,20011.54;317.5305
19999.7,0.58,20011.54;317.5305
19999.7,0.58,20011.54;317.5305
19999.7,0.58,20011.54;317.5305
19999.7,0.58,20011.54;317.5305
19999.7,0.58,20011.54;317.5305
19999.7,0.58,20011.54;317.5305
19999.7,0.58,20011.54;317.5305
19999.7,0.58,20011.54;317.5305
19999.7,0.58,20011.54;317.5305
19999.7,0.58,20011.54;317.5305
19999.7,0.58,20011.54;317.5305
19999.7,0.58,20011.54;317.5305
19999.7,0.58,20011.54;317.5305
19999.7,0.58,20011.54;317.5305
19999.7,0.58,20011.54;317.5305
19999.7,0.58,20011.54;317.5305
19999.7,0.58,20011.54;317.5305
19999.7,0.58,20011.54;317.5305
19999.7,0.58,20011.54;317.5305
19999.7,0.58,20011.54;317.5305
19999.7,0.58,20011.54;317.5305
19999.7,0.58,20011.54;317.5305
19999.7,0.58,20011.54;317.5305
19999.7,0.58,20011.54;317.5305
19999.7,0.58,20011.54;317.5305
19999.7,0.58,20011.54;317.5305
19999.7,0.58,20011.54;317.5305
19999.7,0.58,20011.54;317.5305
19999.7,0.58,20011.54;317.5305
19999.7,0.58,20011.54;317.5305
19999.7,0.58,20011.54;317.5305
19999.7,0.58,20011.54;317.5305
19999.7,0.58,20011.54;317.5305
19999.7,0.58,20011.54;317.5305
19999.7,0.58,20011.54;317.5305
19999.7,0.58,20011.54;317.5305
19999.7,0.58,20011.54;317.5305
19999.7,0.58,20011.54;317.5305
19999.7,0.58,20011.54;31