20000,0.5,20000;0
20000,0.58,20000.07;0.0114584
20000,0.58,20000.14;0.03437519
20000,0.58,20000.2;0.04010438
20000,0.58,20000.2;0.04010438
20000,0.58,20000.23;0.04583358
20000,0.58,20000.27;0.05729197
20000,0.58,20000.27;0.05729197
20000,0.58,20000.27;0.06875037
20000,0.58,20000.27;0.06875037
20000,0.58,20000.27;0.06875037
20000,0.58,20000.27;0.08020877
20000,0.58,20000.27;0.08020877
20000,0.58,20000.29;0.09166718
20000,0.58,20000.29;0.09166718
20000,0.58,20000.29;0.09166718
20000,0.58,20000.32;0.1031256
20000,0.58,20000.32;0.1031256
20000,0.58,20000.36;0.114584
20000,0.58,20000.36;0.114584
20000,0.58,20000.36;0.114584
20000,0.58,20000.39;0.1260424
20000,0.58,20000.39;0.1260424
20000,0.58,20000.41;0.1375008
20000,0.58,20000.41;0.1375008
20000,0.58,20000.41;0.1375008
20000,0.58,20000.43;0.1489592
20000,0.58,20000.43;0.1489592
20000,0.58,20000.43;0.1604176
20000,0.58,20000.43;0.1604176
20000,0.58,20000.43;0.1604176
20000,0.58,20000.44;0.171876
20000,0.58,20000.44;0.171876
20000,0.58,20000.44;0.171876
20000,0.58,20000.44;0.171876
20000,0.58,20000.44;0.1833344
20000,0.58,20000.44;0.1833344
20000,0.58,20000.44;0.1833344
20000,0.58,20000.44;0.1947928
20000,0.58,20000.44;0.1947928
20000,0.58,20000.44;0.1947928
20000,0.58,20000.44;0.2062512
20000,0.58,20000.44;0.2062512
20000,0.58,20000.43;0.2177096
20000,0.58,20000.43;0.2177096
20000,0.58,20000.43;0.2177096
20000,0.58,20000.43;0.2291679
20000,0.58,20000.43;0.2291679
20000,0.58,20000.43;0.2291679
20000,0.58,20000.43;0.2406263
20000,0.58,20000.43;0.2406263
20000,0.58,20000.43;0.2406263
20000,0.58,20000.42;0.2520847
20000,0.58,20000.42;0.2520847
20000,0.58,20000.42;0.2635431
20000,0.58,20000.42;0.2635431
20000,0.58,20000.42;0.2635431
20000,0.58,20000.42;0.2750015
20000,0.58,20000.42;0.2750015
20000,0.58,20000.42;0.2750015
20000,0.58,20000.42;0.2864599
20000,0.58,20000.42;0.2864599
20000,0.58,20000.42;0.2864599
20000,0.58,20000.42;0.2979183
20000,0.58,20000.42;0.3093767
20000,0.58,20000.42;0.3093767
20000,0.58,20000.42;0.3093767
20000,0.58,20000.41;0.3208351
20000,0.58,20000.41;0.3208351
20000,0.58,20000.41;0.3208351
20000,0.58,20000.41;0.3208351
20000,0.58,20000.41;0.3208351
20000,0.58,20000.41;0.3208351
20000,0.58,20000.41;0.3322935
20000,0.58,20000.41;0.3322935
20000,0.58,20000.41;0.3437519
20000,0.58,20000.41;0.3437519
20000,0.58,20000.41;0.3437519
20000,0.58,20000.41;0.3552103
20000,0.58,20000.41;0.3552103
20000,0.58,20000.41;0.3552103
20000,0.58,20000.4;0.3666687
20000,0.58,20000.4;0.3781271
20000,0.58,20000.39;0.3895855
20000,0.58,20000.39;0.3895855
20000,0.58,20000.38;0.4010439
20000,0.58,20000.38;0.4010439
20000,0.58,20000.38;0.4010439
20000,0.58,20000.37;0.4010439
20000,0.58,20000.36;0.4010439
20000,0.58,20000.36;0.4010439
20000,0.58,20000.35;0.4010439
20000,0.58,20000.35;0.4067731
20000,0.58,20000.34;0.4125023
20000,0.58,20000.34;0.4125023
20000,0.58,20000.34;0.4125023
20000,0.58,20000.33;0.4182315
20000,0.58,20000.33;0.4182315
20000,0.58,20000.33;0.4182315
20000,0.58,20000.32;0.4239607
20000,0.58,20000.32;0.4239607
20000,0.58,20000.32;0.4239607
20000,0.58,20000.31;0.4296899
20000,0.58,20000.31;0.4296899
20000,0.58,20000.3;0.4354191
20000,0.58,20000.3;0.4354191
20000,0.58,20000.29;0.4411483
20000,0.58,20000.28;0.4411483
20000,0.58,20000.28;0.4411483
20000,0.58,20000.27;0.4411483
20000,0.58,20000.26;0.4411483
20000,0.58,20000.26;0.4411483
20000,0.58,20000.25;0.4411483
20000,0.58,20000.24;0.4411483
20000,0.58,20000.23;0.4411483
20000,0.58,20000.21;0.4468775
20000,0.58,20000.21;0.4468775
20000,0.58,20000.2;0.4526066
20000,0.58,20000.19;0.4583358
20000,0.58,20000.19;0.4583358
20000,0.58,20000.18;0.464065
20000,0.58,20000.16;0.4697942
20000,0.58,20000.16;0.4697942
20000,0.58,20000.15;0.4755234
20000,0.58,20000.13;0.4755234
20000,0.58,20000.12;0.4755234
20000,0.58,20000.12;0.4755234
20000,0.58,20000.12;0.4755234
20000,0.58,20000.11;0.4755234
20000,0.58,20000.11;0.4755234
20000,0.58,20000.11;0.4755234
20000,0.58,20000.09;0.4755234
20000,0.58,20000.09;0.4755234
20000,0.58,20000.09;0.4755234
20000,0.58,20000.08;0.4755234
20000,0.58,20000.06;0.4755234
20000,0.58,20000.04;0.4755234
20000,0.58,20000.04;0.4755234
20000,0.58,20000.02;0.4755234
20000,0.58,20000;0.4755234
20000,0.58,20000;0.4755234
20000,0.58,19999.99;0.4755234
20000,0.58,19999.97;0.4755234
20000,0.58,19999.95;0.4755234
20000,0.58,19999.93;0.4755234
20000,0.58,19999.91;0.4755234
20000,0.58,19999.91;0.4755234
20000,0.58,19999.9;0.4755234
20000,0.58,19999.88;0.4755234
20000,0.58,19999.88;0.4755234
20000,0.58,19999.86;0.4755234
20000,0.58,19999.86;0.4755234
20000,0.58,19999.85;0.4755234
20000,0.58,19999.84;0.4755234
20000,0.58,19999.82;0.4755234
20000,0.58,19999.81;0.4755234
20000,0.58,19999.81;0.4755234
20000,0.58,19999.8;0.4812526
20000,0.58,19999.8;0.4812526
20000,0.58,19999.8;0.4812526
20000,0.58,19999.78;0.5098986
20000,0.58,19999.78;0.5098986
20000,0.58,19999.76;0.5557322
20000,0.58,19999.76;0.5557322
19999.99,0.58,19999.73;0.6015658
19999.99,0.58,19999.71;0.6416701
19999.99,0.58,19999.71;0.6416701
19999.99,0.58,19999.68;0.6473993
19999.99,0.58,19999.68;0.6473993
19999.99,0.58,19999.64;0.6531285
19999.99,0.58,19999.64;0.6531285
19999.99,0.58,19999.64;0.6531285
19999.99,0.58,19999.61;0.6703161
19999.99,0.58,19999.61;0.6703161
19999.99,0.58,19999.59;0.6875038
19999.99,0.58,19999.56;0.7333373
19999.99,0.58,19999.56;0.7333373
19999.99,0.58,19999.55;0.7505249
19999.99,0.58,19999.55;0.7505249
19999.99,0.58,19999.54;0.7677125
19999.99,0.58,19999.54;0.7734417
19999.99,0.58,19999.54;0.7734417
19999.99,0.58,19999.54;0.7734417
19999.99,0.58,19999.54;0.7734417
19999.99,0.58,19999.55;0.7734417
19999.99,0.58,19999.55;0.7734417
19999.99,0.58,19999.57;0.7734417
19999.99,0.58,19999.57;0.7734417
19999.99,0.58,19999.57;0.7734417
19999.99,0.58,19999.57;0.7734417
19999.99,0.58,19999.59;0.7734417
19999.99,0.58,19999.59;0.7734417
19999.99,0.58,19999.64;0.7734417
19999.99,0.58,19999.64;0.7734417
20000,0.58,19999.73;0.7734417
20000,0.58,19999.73;0.7734417
20000,0.58,19999.73;0.7734417
20000,0.58,19999.88;0.7734417
20000,0.58,20000.02;0.7734417
20000,0.58,20000.02;0.7734417
20000,0.58,20000.27;0.7734417
20000.01,0.58,20000.53;0.7562541
20000.01,0.58,20000.78;0.7390665
20000.01,0.58,20001.04;0.7046913
20000.01,0.58,20001.04;0.7046913
20000.02,0.58,20001.27;0.6703161
20000.02,0.58,20001.5;0.607295
20000.02,0.58,20001.5;0.607295
20000.02,0.58,20001.75;0.5442738
20000.02,0.58,20002.01;0.5041694
20000.02,0.58,20002.01;0.5041694
20000.02,0.58,20002.26;0.4526066
20000.03,0.58,20002.49;0.4010438
20000.03,0.58,20002.71;0.3552102
20000.03,0.58,20002.71;0.3552102
20000.03,0.58,20002.97;0.3093766
20000.03,0.58,20003.22;0.2750014
20000.03,0.58,20003.22;0.2750014
20000.03,0.58,20003.48;0.2406262
20000.03,0.58,20003.73;0.1947926
20000.03,0.58,20003.73;0.1947926
20000.03,0.58,20003.96;0.148959
20000.03,0.58,20004.19;0.09739625
20000.03,0.58,20004.44;0.06875025
20000.03,0.58,20004.44;0.06875025
20000.03,0.58,20004.44;0.06875025
20000.03,0.58,20004.7;0.04010427
20000.03,0.58,20004.95;359.9886
20000.03,0.58,20004.95;359.9886
20000.03,0.58,20005.18;359.937
20000.03,0.58,20005.4;359.8969
20000.03,0.58,20005.4;359.8969
20000.03,0.58,20005.65;359.8568
20000.03,0.58,20005.91;359.8224
20000.03,0.58,20006.16;359.8052
20000.03,0.58,20006.16;359.8052
20000.03,0.58,20006.16;359.8052
20000.03,0.58,20006.39;359.7594
20000.03,0.58,20006.39;359.7594
20000.03,0.58,20006.65;359.7135
20000.03,0.58,20006.9;359.6677
20000.03,0.58,20007.16;359.6219
20000.02,0.58,20007.41;359.5646
20000.02,0.58,20007.64;359.5187
20000.02,0.58,20007.64;359.5187
20000.02,0.58,20007.9;359.4729
20000.02,0.58,20008.15;359.4328
20000.02,0.58,20008.15;359.4328
20000.01,0.58,20008.41;359.3927
20000.01,0.58,20008.66;359.3583
20000.01,0.58,20008.66;359.3583
20000.01,0.58,20008.9;359.3182
20000,0.58,20009.16;359.2781
20000,0.58,20009.41;359.2495
20000,0.58,20009.41;359.2495
20000,0.58,20009.66;359.2208
19999.99,0.58,20009.91;359.1693
19999.99,0.58,20009.91;359.1693
19999.99,0.58,20010.16;359.1177
19999.99,0.58,20010.42;359.0719
19999.99,0.58,20010.42;359.0719
19999.98,0.58,20010.67;359.026
19999.98,0.58,20010.92;358.9745
19999.97,0.58,20011.17;358.9286
19999.97,0.58,20011.17;358.9286
19999.97,0.58,20011.17;358.9286
19999.97,0.58,20011.42;358.8828
19999.96,0.58,20011.67;358.837
19999.96,0.58,20011.67;358.837
19999.96,0.58,20011.93;358.7969
19999.96,0.58,20011.93;358.7969
19999.96,0.58,20011.93;358.7969
19999.95,0.58,20012.18;358.7568
19999.95,0.58,20012.42;358.7167
19999.94,0.58,20012.66;358.6708
19999.94,0.58,20012.66;358.6708
19999.94,0.58,20012.91;358.625
19999.93,0.58,20013.16;358.5906
19999.93,0.58,20013.16;358.5906
19999.93,0.58,20013.16;358.5906
19999.92,0.58,20013.4;358.5391
19999.92,0.58,20013.4;358.5391
19999.92,0.58,20013.65;358.5047
19999.92,0.58,20013.65;358.5047
19999.91,0.58,20013.9;358.4703
19999.9,0.58,20014.16;358.4302
19999.9,0.58,20014.16;358.4302
19999.89,0.58,20014.39;358.3901
19999.89,0.58,20014.63;358.35
19999.89,0.58,20014.63;358.35
19999.88,0.58,20014.88;358.3099
19999.87,0.58,20015.14;358.2813
19999.87,0.58,20015.14;358.2813
19999.87,0.58,20015.39;358.2755
19999.87,0.58,20015.39;358.2755
19999.86,0.58,20015.63;358.2698
19999.85,0.58,20015.87;358.264
19999.85,0.58,20015.87;358.264
19999.84,0.58,20016.13;358.2583
19999.84,0.58,20016.38;358.2297
19999.84,0.58,20016.38;358.2297
19999.83,0.58,20016.63;358.2125
19999.82,0.58,20016.87;358.1953
19999.81,0.58,20017.11;358.1724
19999.81,0.58,20017.11;358.1724
19999.8,0.58,20017.36;358.1552
19999.8,0.58,20017.36;358.1552
19999.8,0.58,20017.62;358.138
19999.79,0.58,20017.87;358.1266
19999.79,0.58,20017.87;358.1266
19999.79,0.58,20017.87;358.1266
19999.78,0.58,20018.1;358.0807
19999.77,0.58,20018.36;358.0349
19999.76,0.58,20018.61;358.0291
19999.76,0.58,20018.61;358.0291
19999.75,0.58,20018.86;358.0234
19999.75,0.58,20018.86;358.0234
19999.75,0.58,20018.86;358.0234
19999.75,0.58,20019.09;357.9948
19999.75,0.58,20019.09;357.9948
19999.75,0.58,20019.09;357.9948
19999.74,0.58,20019.34;357.9547
19999.73,0.58,20019.6;357.9146
19999.72,0.58,20019.85;357.8974
19999.72,0.58,20019.85;357.8974
19999.71,0.58,20020.08;357.8687
19999.71,0.58,20020.08;357.8687
19999.71,0.58,20020.08;357.8687
19999.7,0.58,20020.34;357.8401
19999.69,0.58,20020.59;357.8057
19999.69,0.58,20020.59;357.8057
19999.68,0.58,20020.85;357.7713
19999.67,0.58,20021.07;357.7427
19999.66,0.58,20021.3;357.6969
19999.65,0.58,20021.55;357.6682
19999.65,0.58,20021.55;357.6682
19999.64,0.58,20021.81;357.6396
19999.63,0.58,20022.06;357.5995
19999.63,0.58,20022.06;357.5995
19999.62,0.58,20022.29;357.5594
19999.61,0.58,20022.52;357.5193
19999.6,0.58,20022.78;357.4906
19999.6,0.58,20022.78;357.4906
19999.6,0.58,20022.78;357.4906
19999.59,0.58,20023.03;357.4333
19999.59,0.58,20023.03;357.4333
19999.58,0.58,20023.26;357.376
19999.57,0.58,20023.49;357.3187
19999.57,0.58,20023.49;357.3187
19999.57,0.58,20023.49;357.3187
19999.55,0.58,20023.74;357.2786
19999.54,0.58,20024;357.2385
19999.53,0.58,20024.25;357.1812
19999.53,0.58,20024.25;357.1812
19999.52,0.58,20024.48;357.1239
19999.51,0.58,20024.71;357.0781
19999.51,0.58,20024.71;357.0781
19999.49,0.58,20024.96;357.0323
19999.48,0.58,20025.21;356.9865
19999.48,0.58,20025.21;356.9865
19999.47,0.58,20025.47;356.9349
19999.46,0.58,20025.7;356.8833
19999.44,0.58,20025.94;356.8318
19999.44,0.58,20025.94;356.8318
19999.44,0.58,20025.94;356.8318
19999.43,0.58,20026.2;356.7917
19999.43,0.58,20026.2;356.7917
19999.41,0.58,20026.45;356.7516
19999.4,0.58,20026.7;356.7
19999.4,0.58,20026.7;356.7
19999.38,0.58,20026.93;356.6484
19999.37,0.58,20027.17;356.5969
19999.36,0.58,20027.42;356.551
19999.36,0.58,20027.42;356.551
19999.36,0.58,20027.42;356.551
19999.34,0.58,20027.67;356.4995
19999.34,0.58,20027.67;356.4995
19999.34,0.58,20027.67;356.4995
19999.33,0.58,20027.9;356.4479
19999.31,0.58,20028.13;356.3849
19999.31,0.58,20028.13;356.3849
19999.29,0.58,20028.39;356.3333
19999.28,0.58,20028.62;356.2817
19999.27,0.58,20028.85;356.2245
19999.27,0.58,20028.85;356.2245
19999.25,0.58,20029.1;356.1672
19999.23,0.58,20029.35;356.1213
19999.23,0.58,20029.35;356.1213
19999.22,0.58,20029.5;356.0755
19999.21,0.58,20029.66;356.0297
19999.21,0.58,20029.66;356.0297
19999.19,0.58,20029.89;355.9781
19999.18,0.58,20030.14;355.9265
19999.16,0.58,20030.4;355.875
19999.16,0.58,20030.4;355.875
19999.14,0.58,20030.65;355.8234
19999.12,0.58,20030.9;355.7833
19999.12,0.58,20030.9;355.7833
19999.1,0.58,20031.13;355.7432
19999.09,0.58,20031.36;355.6859
19999.09,0.58,20031.36;355.6859
19999.07,0.58,20031.61;355.6458
19999.07,0.58,20031.61;355.6458
19999.05,0.58,20031.86;355.6057
19999.03,0.58,20032.12;355.5599
19999.03,0.58,20032.12;355.5599
19999.01,0.58,20032.35;355.514
19999.01,0.58,20032.35;355.514
19999.01,0.58,20032.35;355.514
19998.99,0.58,20032.6;355.4682
19998.97,0.58,20032.86;355.4109
19998.95,0.58,20033.11;355.3651
19998.95,0.58,20033.11;355.3651
19998.93,0.58,20033.34;355.3135
19998.93,0.58,20033.34;355.3135
19998.93,0.58,20033.34;355.3135
19998.91,0.58,20033.59;355.262
19998.89,0.58,20033.84;355.2161
19998.89,0.58,20033.84;355.2161
19998.87,0.58,20034.09;355.1703
19998.85,0.58,20034.35;355.1245
19998.83,0.58,20034.57;355.0786
19998.83,0.58,20034.57;355.0786
19998.8,0.58,20034.82;355.0328
19998.78,0.58,20035.07;354.987
19998.78,0.58,20035.07;354.987
19998.76,0.58,20035.33;354.9411
19998.76,0.58,20035.33;354.9411
19998.74,0.58,20035.55;354.8953
19998.72,0.58,20035.8;354.8495
19998.69,0.58,20036.05;354.7979
19998.69,0.58,20036.05;354.7979
19998.67,0.58,20036.31;354.7463
19998.65,0.58,20036.56;354.7062
19998.65,0.58,20036.56;354.7062
19998.63,0.58,20036.78;354.6661
19998.61,0.58,20037;354.6088
19998.61,0.58,20037;354.6088
19998.58,0.58,20037.25;354.5515
19998.56,0.58,20037.5;354.5057
19998.53,0.58,20037.76;354.4599
19998.51,0.58,20038.01;354.414
19998.51,0.58,20038.01;354.414
19998.49,0.58,20038.23;354.3682
19998.46,0.58,20038.45;354.3281
19998.46,0.58,20038.45;354.3281
19998.44,0.58,20038.71;354.2765
19998.44,0.58,20038.71;354.2765
