20000,0.5,20000;0
20000,0.5,20000;0
20000,0.5,20000;0
20000,0.5,20000;0
20000,0.5,20000;0
20000,0.5,20000;0
20000,0.5,20000;0
20000,0.5,20000;0
20000,0.5,20000;0
20000,0.5,20000;0
20000,0.5,20000;0
20000,0.5,20000;0
20000,0.5,20000;0
20000,0.5,20000;0
20000,0.5,20000;0
20000,0.5,20000;0
20000,0.5,20000;0
20000,0.5,20000;0
20000,0.5,20000;0
20000,0.5,20000;0
20000,0.5,20000;0
20000,0.5,20000;0
20000,0.5,20000;0
20000,0.5,20000;0
20000,0.5,20000;0
20000,0.5,20000;0
20000,0.5,20000;0
20000,0.5,20000;0
20000,0.5,20000;0
20000,0.5,20000;0
20000,0.5,20000;0
20000,0.5,20000;0
20000,0.5,20000;0
20000,0.5,20000;0
20000,0.5,20000;0
20000,0.5,20000;0
20000,0.5,20000;0
20000,0.5,20000;0
20000,0.58,19999.95;359.9284
20000,0.58,19999.97;359.7852
20000,0.58,20000.02;359.6562
20000,0.58,20000.08;359.4557
20000,0.58,20000.19;359.0403
19999.99,0.58,20000.3;358.496
19999.99,0.58,20000.41;357.9373
19999.98,0.58,20000.53;357.436
19999.98,0.58,20000.63;356.992
19999.97,0.58,20000.76;356.3904
19999.96,0.58,20000.9;355.8174
19999.95,0.58,20001.02;355.2301
19999.94,0.58,20001.14;354.6142
19999.93,0.58,20001.28;354.0699
19999.91,0.58,20001.4;353.4539
19999.89,0.58,20001.55;352.8524
19999.87,0.58,20001.7;352.3224
19999.85,0.58,20001.85;351.7208
19999.83,0.58,20002;351.2051
19999.81,0.58,20002.13;350.6894
19999.78,0.58,20002.28;350.0878
19999.76,0.58,20002.41;349.5005
19999.72,0.58,20002.57;348.9706
19999.7,0.58,20002.7;348.369
19999.67,0.58,20002.83;347.753
19999.63,0.58,20002.99;347.2374
19999.6,0.58,20003.12;346.6214
19999.56,0.58,20003.28;346.0914
19999.53,0.58,20003.41;345.4755
19999.49,0.58,20003.57;344.9598
19999.44,0.58,20003.73;344.3439
19999.4,0.58,20003.88;343.8282
19999.35,0.58,20004.02;343.198
19999.31,0.58,20004.16;342.8399
19999.29,0.58,20004.23;342.5964
19999.26,0.58,20004.33;342.3242
19999.22,0.58,20004.45;341.8945
19999.18,0.58,20004.58;341.3215
19999.11,0.58,20004.76;340.6053
19999.04,0.58,20004.97;339.6886
19998.95,0.58,20005.19;338.7146
19998.86,0.58,20005.4;337.7262
19998.76,0.58,20005.65;336.8382
19998.65,0.58,20005.88;335.8355
19998.52,0.58,20006.16;334.9474
19998.38,0.58,20006.44;333.9304
19998.24,0.58,20006.72;333.0423
19998.12,0.58,20006.95;331.9824
19997.97,0.58,20007.22;331.0656
19997.81,0.58,20007.49;329.9913
19997.68,0.58,20007.72;329.0889
19997.52,0.58,20007.99;328.8167
19997.38,0.58,20008.21;327.9573
19997.21,0.58,20008.46;327.6852
19997.08,0.58,20008.68;326.84
19996.91,0.58,20008.92;325.9233
19996.76,0.58,20009.14;325.4077
19996.61,0.58,20009.35;324.5625
19996.48,0.58,20009.53;323.5026
19996.34,0.58,20009.7;322.4426
19996.23,0.58,20009.84;321.5831
19996.09,0.58,20010.01;320.5948
19995.94,0.58,20010.2;319.6924
19995.79,0.58,20010.36;318.9619
19995.75,0.58,20010.42;318.7183
19995.7,0.58,20010.47;318.6038
19995.65,0.58,20010.52;318.3602
19995.58,0.58,20010.61;317.8875
19995.55,0.58,20010.63;317.2716
19995.46,0.58,20010.73;316.7416
19995.36,0.58,20010.83;316.269
19995.28,0.58,20010.92;315.7246
19995.17,0.58,20011.03;315.0228
19995.01,0.58,20011.18;314.0774
19994.86,0.58,20011.33;313.2752
19994.67,0.58,20011.5;312.3585
19994.51,0.58,20011.64;311.5277
19994.35,0.58,20011.78;311.4418
19994.16,0.58,20011.95;311.3558
19994,0.58,20012.08;311.1123
19993.81,0.58,20012.25;310.8688
19993.63,0.58,20012.41;310.6253
19993.46,0.58,20012.55;310.3961
19993.27,0.58,20012.71;310.1669
19993.11,0.58,20012.85;309.8518
19992.91,0.58,20013.01;309.8232
19992.72,0.58,20013.17;309.2072
19992.56,0.58,20013.3;308.8777
19992.37,0.58,20013.45;308.7202
19992.25,0.58,20013.54;308.2475
19992.18,0.58,20013.6;308.0183
19992.11,0.58,20013.65;307.7175
19991.96,0.58,20013.77;307.2448
19991.8,0.58,20013.88;306.7005
19991.62,0.58,20014.01;306.1562
19991.52,0.58,20014.09;305.7981
19991.4,0.58,20014.17;305.2681
19991.2,0.58,20014.31;304.6808
19991.04,0.58,20014.42;304.1222
19990.87,0.58,20014.54;303.4203
19990.71,0.58,20014.63;302.8188
19990.56,0.58,20014.73;302.1169
19990.38,0.58,20014.84;301.5153
19990.2,0.58,20014.95;300.8277
19990.02,0.58,20015.05;300.2548
19989.87,0.58,20015.14;299.5672
19989.69,0.58,20015.24;298.9656
19989.51,0.58,20015.33;298.2924
19989.34,0.58,20015.42;297.7338
19989.27,0.5800002,20015.5;297.0605
19989.27,0.58,20015.59;296.4875
19989.27,0.5800002,20015.68;295.8
19989.27,0.5800005,20015.76;295.2414
19989.27,0.58,20015.82;294.826
19989.27,0.58,20015.83;294.7973
19989.27,0.5800001,20015.84;294.6971
19989.27,0.5800002,20015.85;294.5252
19989.27,0.5800003,20015.88;294.296
19989.27,0.5800001,20015.9;293.9666
19989.27,0.5800003,20015.92;293.723
19989.27,0.5800003,20015.94;293.4652
19989.27,0.5800005,20015.96;293.2503
19989.27,0.5800005,20015.98;292.9352
19989.27,0.5800004,20016.02;292.5198
19989.27,0.5800003,20016.06;292.0328
19989.27,0.5800005,20016.1;291.5028
19989.27,0.5800011,20016.15;290.9298
19989.27,0.5800012,20016.19;290.5001
19989.27,0.5800014,20016.21;290.3712
19989.27,0.5800015,20016.22;290.3569
19989.29,0.5800015,20016.21;290.4285
19989.31,0.5800015,20016.21;290.5574
19989.35,0.5800015,20016.19;290.715
19989.42,0.5800015,20016.16;290.9871
19989.5,0.5800015,20016.13;291.3882
19989.61,0.5800015,20016.09;291.9325
19989.73,0.5800015,20016.04;292.5484
19989.82,0.5800015,20016;293.193
19989.92,0.5800015,20015.96;293.7803
19989.96,0.5800015,20015.94;294.253
19990.01,0.5800015,20015.92;294.7257
19990.07,0.5800015,20015.89;295.2413
19990.14,0.5800015,20015.85;295.7283
19990.19,0.5800015,20015.83;296.1151
19990.23,0.5800015,20015.81;296.4302
19990.29,0.5800015,20015.78;296.817
19990.34,0.5800015,20015.75;297.218
19990.39,0.5800015,20015.73;297.5904
19990.44,0.5800015,20015.7;297.9485
19990.48,0.5800015,20015.68;298.2923
19990.54,0.5800015,20015.65;298.6647
19990.59,0.5800015,20015.62;298.9942
19990.65,0.5800015,20015.59;299.3523
19990.71,0.5800015,20015.55;299.6531
19990.75,0.5800015,20015.53;300.0255
19990.81,0.5800015,20015.49;300.3406
19990.86,0.5800015,20015.46;300.7274
19990.92,0.5800015,20015.43;301.0568
19991.01,0.5800015,20015.37;301.3576
19991.07,0.5800015,20015.34;301.6298
19991.12,0.5800015,20015.3;302.0165
19991.14,0.5800015,20015.29;302.3603
19991.14,0.5800015,20015.29;302.79
19991.13,0.5800015,20015.3;303.2627
19991.1,0.5800015,20015.32;303.9646
19991.08,0.5800015,20015.33;304.8527
19991.08,0.5800015,20015.33;305.6834
19991.08,0.5800015,20015.33;306.1991
19991.08,0.5800015,20015.33;307.2161
19991.08,0.5800015,20015.33;307.7031
19991.08,0.5800015,20015.33;307.7174
19991.08,0.5800015,20015.33;307.8607
19991.08,0.5800015,20015.33;308.7058
19991.08,0.5800015,20015.33;309.5509
19991.08,0.5800015,20015.33;310.396
19991.08,0.5800015,20015.33;311.2411
19991.08,0.5800015,20015.33;312.0862
19991.08,0.5800015,20015.33;312.9313
19991.08,0.5800015,20015.33;312.9457
19991.08,0.5800015,20015.33;313.3467
19991.08,0.5800015,20015.33;314.3637
19991.08,0.5800015,20015.33;315.5383
19991.08,0.5800015,20015.33;316.5266
19991.08,0.5800015,20015.33;317.5866
19991.08,0.5800015,20015.33;318.5177
19991.13,0.5800015,20015.27;319.5777
19991.19,0.5800015,20015.2;320.6233
19991.21,0.5800015,20015.18;321.6546
19991.23,0.5800015,20015.15;322.5427
19991.23,0.5800015,20015.15;323.66
19991.22,0.5800015,20015.16;324.7056
19991.19,0.5800015,20015.21;325.9661
19991.14,0.5800015,20015.28;327.0691
19991.13,0.5800015,20015.29;328.3009
19991.12,0.5800015,20015.32;329.4468
19991.1,0.5800015,20015.35;330.8649
19991.1,0.5800015,20015.36;332.0824
19991.1,0.5800015,20015.36;333.4862
19991.1,0.5800015,20015.36;334.5605
19991.1,0.5800015,20015.36;335.2624
19991.09,0.5800015,20015.37;336.5085
19991.09,0.5800015,20015.38;337.9696
19991.08,0.5800015,20015.39;339.4306
19991.08,0.5800015,20015.41;340.5193
19991.07,0.5800015,20015.44;341.5649
19991.06,0.5800015,20015.46;342.1092
19991.06,0.5800015,20015.47;342.9686
19991.05,0.5800015,20015.49;344.3724
19991.04,0.5800015,20015.52;345.461
19991.04,0.5800015,20015.54;346.9221
19991.03,0.5800015,20015.58;348.1826
19991.02,0.5800015,20015.63;349.2569
19991.01,0.5800015,20015.68;350.7466
19991,0.5800015,20015.75;352.1216
19990.99,0.5800015,20015.83;353.597
19990.99,0.5800015,20015.9;354.8432
19990.99,0.5800015,20015.92;356.2469
19990.99,0.5800015,20015.92;357.4358
19990.99,0.5800015,20015.86;358.6247
19990.99,0.5800015,20015.77;0.01413657
19990.99,0.5800015,20015.7;1.145728
19990.98,0.5800015,20015.65;2.434884
19990.98,0.5800015,20015.61;3.666747
19990.98,0.5800015,20015.56;4.71239
19990.97,0.5800015,20015.49;5.929931
19990.96,0.5800015,20015.42;6.975573
19990.95,0.5800015,20015.34;8.193113
19990.93,0.5800015,20015.24;9.238756
19990.92,0.5800015,20015.15;10.4563
19990.9,0.5800015,20015.06;11.50194
19990.88,0.5800015,20014.98;12.70515
19990.86,0.5800015,20014.9;13.90835
19990.85,0.5800015,20014.84;15.06859
19990.82,0.5800015,20014.77;16.05694
19990.8,0.5800015,20014.71;17.24583
19990.78,0.5800015,20014.62;18.29147
19990.75,0.5800015,20014.53;19.36577
19990.71,0.5800015,20014.44;20.61196
19990.68,0.5800015,20014.36;21.68626
19990.65,0.5800015,20014.29;22.7319
19990.63,0.5800015,20014.24;23.73458
19990.6,0.5800015,20014.17;24.79455
19990.57,0.5800015,20014.11;25.62534
19990.52,0.5800015,20014.01;26.4418
19990.47,0.5800015,20013.93;27.64501
19990.42,0.5800015,20013.83;28.69065
19990.37,0.5800015,20013.73;29.90819
19990.33,0.5800015,20013.67;30.93951
19990.28,0.5800015,20013.59;32.14272
19990.23,0.5800015,20013.52;33.36025
19990.17,0.5800015,20013.43;34.44888
19990.13,0.5800015,20013.38;35.63776
19990.09,0.5800015,20013.32;36.84097
19990.08,0.5800015,20013.31;38.02985
19990.07,0.5800015,20013.3;39.16144
19990.05,0.5800015,20013.27;40.30736
19990.02,0.5800015,20013.24;41.43895
19989.96,0.5800015,20013.17;42.55622
19989.9,0.5800015,20013.12;43.68782
19989.84,0.5800015,20013.05;44.79076
19989.78,0.5800015,20012.99;45.87939
19989.73,0.5800015,20012.95;46.82477
19989.67,0.5800015,20012.9;47.91339
19989.61,0.5800015,20012.84;48.83013
19989.59,0.5800015,20012.82;49.90443
19989.51,0.5800015,20012.76;50.97873
19989.44,0.5800015,20012.7;51.89546
19989.37,0.5800015,20012.65;52.96977
19989.31,0.5800015,20012.61;54.04407
19989.27,0.5800015,20012.57;55.10405
19989.27,0.5800013,20012.53;56.14969
19989.27,0.5800016,20012.48;57.08075
19989.27,0.5800018,20012.44;58.12639
19989.27,0.5800022,20012.39;59.02881
19989.27,0.5800022,20012.35;60.06013
19989.27,0.5800022,20012.3;60.93388
19989.27,0.5800023,20012.26;61.89359
19989.27,0.5800025,20012.21;62.72437
19989.27,0.5800025,20012.21;63.72705
19989.27,0.5800026,20012.17;64.62946
19989.27,0.5800023,20012.13;65.70376
19989.27,0.5800025,20012.09;66.62049
19989.27,0.5800022,20012.06;67.39398
19989.27,0.5800022,20012.02;68.45396
19989.27,0.5800022,20011.99;69.35638
19989.27,0.5800025,20011.95;69.55692
19989.27,0.5800022,20011.92;70.28745
19989.27,0.5800026,20011.89;71.34743
19989.27,0.5800028,20011.85;71.54796
19989.27,0.580003,20011.82;72.42172
19989.27,0.5800026,20011.77;73.22385
19989.27,0.5800023,20011.74;74.06897
19989.27,0.5800021,20011.71;74.77084
19989.27,0.580002,20011.69;75.45839
19989.27,0.580002,20011.66;76.03135
19989.27,0.5800021,20011.64;76.60431
19989.27,0.5800024,20011.62;77.13429
19989.27,0.5800024,20011.61;77.52103
19989.27,0.5800024,20011.59;77.93644
19989.27,0.5800025,20011.58;78.26589
19989.27,0.5800027,20011.57;78.69561
19989.27,0.5800027,20011.56;79.06803
19989.27,0.5800028,20011.54;79.51207
19989.27,0.5800028,20011.53;79.87018
19989.27,0.5800031,20011.52;80.27124
19989.27,0.5800031,20011.51;80.61501
19989.27,0.5800032,20011.5;81.01608
19989.27,0.5800032,20011.5;81.34553
19989.27,0.5800032,20011.49;81.64632
19989.27,0.5800032,20011.49;81.84686
19989.31,0.5800032,20011.5;81.94713
19989.37,0.5800032,20011.5;81.94713
19989.46,0.5800032,20011.52;81.50308
19989.56,0.5800032,20011.54;80.84418
19989.64,0.5800032,20011.55;80.27122
19989.63,0.5800032,20011.55;79.85582
19989.59,0.5800032,20011.54;79.76987
19989.55,0.5800032,20011.53;79.68392
19989.53,0.5800032,20011.53;79.69825
19989.5,0.5800032,20011.52;79.82716
19989.46,0.5800032,20011.52;80.01337
19989.41,0.5800032,20011.51;80.3858
19989.33,0.5800032,20011.49;80.88713
19989.28,0.5800033,20011.47;81.86116
19989.28,0.5800036,20011.46;82.97842
19989.28,0.5800036,20011.45;84.31055
19989.28,0.5800035,20011.45;85.75727
19989.28,0.5800036,20011.45;87.24696
19989.35,0.5800036,20011.45;88.62206
19989.48,0.5800036,20011.45;89.78229
19989.6,0.5800036,20011.45;91.08577
19989.65,0.5800036,20011.44;92.30331
19989.65,0.5800036,20011.44;93.46355
19989.65,0.5800036,20011.44;94.3946
19989.62,0.5800036,20011.45;95.38295
19989.53,0.5800036,20011.46;96.4286
19989.4,0.5800036,20011.47;97.51722
19989.29,0.5800036,20011.49;98.47692
19989.28,0.5800032,20011.51;99.55122
19989.28,0.5800032,20011.52;100.5539
19989.28,0.5800031,20011.53;101.5709
19989.28,0.5800033,20011.55;102.5879
19989.28,0.5800033,20011.57;103.5906
19989.28,0.5800033,20011.6;104.5503
19989.28,0.5800032,20011.62;105.3524
19989.28,0.5800033,20011.63;106.2548
19989.28,0.5800034,20011.65;107.0999
19989.28,0.5800034,20011.65;107.8448
19989.28,0.5800034,20011.65;108.475
19989.28,0.5800034,20011.65;108.8331
19989.28,0.5800034,20011.65;109.2056
19989.28,0.5800034,20011.66;109.578
19989.28,0.5800034,20011.66;110.0936
19989.28,0.5800034,20011.66;110.7239
19989.28,0.5800034,20011.67;111.5977
19989.28,0.5800034,20011.68;112.5717
19989.27,0.5800034,20011.7;113.5171
19989.27,0.5800034,20011.71;114.7059
19989.27,0.5800036,20011.74;115.7802
19989.27,0.5800033,20011.78;117.0694
19989.27,0.5800034,20011.82;118.4302
19989.27,0.5800036,20011.87;119.6334
19989.27,0.5800037,20011.92;121.1803
19989.27,0.5800038,20011.95;122.7273
19989.27,0.5800039,20011.97;123.9735
19989.27,0.5800038,20012;125.3486
19989.27,0.580004,20012.04;126.6664
19989.26,0.580004,20012.08;127.8123
19989.26,0.5800041,20012.12;129.1874
19989.26,0.5800043,20012.16;130.3906
19989.26,0.5800042,20012.2;131.3647
19989.26,0.5800042,20012.23;132.1955
19989.26,0.5800043,20012.28;133.2984
19989.26,0.5800043,20012.32;134.4014
19989.26,0.5800045,20012.37;135.6046
19989.25,0.5800045,20012.41;137.0083
19989.25,0.5800046,20012.46;137.9967
19989.25,0.5800048,20012.53;138.8847
19989.25,0.5800048,20012.55;139.7442
19989.25,0.5800048,20012.63;140.3315
19989.25,0.5800048,20012.67;140.5893
19989.25,0.5800049,20012.68;140.6896
19989.26,0.5800049,20012.68;140.5893
19989.29,0.5800049,20012.64;140.3887
19989.29,0.5800049,20012.63;140.2025
19989.33,0.5800049,20012.59;140.088
19989.36,0.5800049,20012.56;140.045
19989.41,0.5800049,20012.49;139.9877
19989.46,0.5800049,20012.43;139.9017
19989.54,0.5800049,20012.34;139.7871
19989.64,0.5800049,20012.22;139.6439
19989.75,0.5800049,20012.1;139.5006
19989.86,0.5800049,20011.97;139.3861
19989.95,0.5800049,20011.86;139.3001
19989.98,0.5800049,20011.82;139.2858
19990.01,0.5800049,20011.79;139.386
19990.05,0.5800049,20011.75;139.4863
19990.08,0.5800049,20011.71;139.6296
19990.22,0.5800049,20011.54;139.7728
19990.36,0.5800049,20011.37;139.959
19990.54,0.5800049,20011.16;140.1739
19990.66,0.5800049,20011.02;140.3171
19990.75,0.5800049,20010.91;140.4604
19990.8,0.5800049,20010.85;140.6609
19990.84,0.5800049,20010.79;140.8471
19990.86,0.5800049,20010.77;140.976
19990.88,0.5800049,20010.75;141.0763
19990.87,0.5800049,20010.76;141.1049
19990.84,0.5800049,20010.8;141.1336
19990.81,0.5800049,20010.83;141.1622
19990.78,0.5800049,20010.87;141.2195
19990.75,0.5800049,20010.9;141.3771
19990.72,0.5800049,20010.94;141.5633
19990.7,0.5800049,20010.97;141.7925
19990.67,0.5800049,20011.01;142.0073
19990.67,0.5800049,20011.01;142.1506
19990.66,0.5800049,20011.02;142.2222
19990.63,0.5800049,20011.07;142.2938
19990.58,0.5800049,20011.13;142.4084
19990.56,0.5800049,20011.15;142.6089
19990.55,0.5800049,20011.16;142.7808
19990.56,0.5800049,20011.15;142.8668
19990.58,0.5800049,20011.13;142.8954
19990.61,0.5800049,20011.09;142.924
19990.63,0.5800049,20011.06;142.8811
19990.66,0.5800049,20011.03;142.8238
19990.68,0.5800049,20011;142.7808
19990.7,0.5800049,20010.96;142.7235
19990.73,0.5800049,20010.93;142.6662
19990.77,0.5800049,20010.88;142.5516
19990.81,0.5800049,20010.82;142.437
19990.85,0.5800049,20010.78;142.3081
19990.89,0.5800049,20010.72;142.1792
19990.94,0.5800049,20010.66;142.0503
19990.99,0.5800049,20010.59;141.9214
19991.04,0.5800049,20010.52;141.8211
19991.13,0.5800049,20010.42;141.7351
19991.23,0.5800049,20010.29;141.6062
19991.33,0.5800049,20010.16;141.4343
19991.44,0.5800049,20010.03;141.1765
19991.54,0.5800049,20009.9;140.933
19991.63,0.5800049,20009.8;140.7611
19991.73,0.5800049,20009.67;140.6322
19991.86,0.5800049,20009.52;140.5749
19992.01,0.5800049,20009.33;140.5176
19992.21,0.5800049,20009.09;140.5033
19992.41,0.5800049,20008.85;140.4173
19992.61,0.5800049,20008.61;140.3027
19992.78,0.5800049,20008.41;140.1595
19992.95,0.5800049,20008.2;140.0163
19993.12,0.5800049,20008;139.9016
19993.25,0.5800049,20007.84;139.787
19993.39,0.5800049,20007.68;139.7298
19993.57,0.5800049,20007.47;139.7154
19993.73,0.5800049,20007.28;139.7011
19993.92,0.5800049,20007.06;139.6295
19994.1,0.5800049,20006.85;139.5292
19994.25,0.5800049,20006.67;139.4289
19994.43,0.5800049,20006.46;139.3573
19994.61,0.5800049,20006.25;139.2857
19994.76,0.5800049,20006.08;139.2284
19994.94,0.5800049,20005.87;139.1711
19995.12,0.5800049,20005.66;139.1138
19995.3,0.5800049,20005.46;139.0422
19995.46,0.5800049,20005.28;138.9849
19995.63,0.5800049,20005.07;138.9133
19995.82,0.5800049,20004.86;138.8417
19995.97,0.5800049,20004.68;138.7844
19996.16,0.5800049,20004.47;138.6985
19996.34,0.5800049,20004.26;138.6268
19996.5,0.5800049,20004.09;138.5695
19996.68,0.5800049,20003.88;138.4693
19996.81,0.5800049,20003.74;138.3404
19996.9,0.5800049,20003.63;138.326
19996.93,0.5800049,20003.6;138.3833
19996.96,0.5800049,20003.57;138.4406
19996.98,0.5800049,20003.54;138.5409
19997.03,0.5800049,20003.48;138.6268
19997.08,0.5800049,20003.42;138.6984
19997.14,0.5800049,20003.36;138.7128
19997.2,0.5800049,20003.29;138.6841
19997.27,0.5800049,20003.21;138.6268
19997.32,0.5800049,20003.15;138.6125
19997.35,0.5800049,20003.12;138.6698
19997.39,0.5800049,20003.08;138.7987
19997.42,0.5800049,20003.04;138.9849
19997.46,0.5800049,20002.99;139.1711
19997.51,0.5800049,20002.94;139.386
19997.55,0.5800049,20002.89;139.6152
19997.61,0.5800049,20002.82;139.8157
19997.68,0.5800049,20002.73;140.0449
19997.77,0.5800049,20002.63;140.2741
19997.91,0.5800049,20002.46;140.403
19998.05,0.5800049,20002.29;140.4746
19998.23,0.5800049,20002.07;140.5462
19998.41,0.5800049,20001.85;140.6035
19998.58,0.5800049,20001.65;140.6465
19998.76,0.5800049,20001.42;140.6894
19998.96,0.5800049,20001.18;140.7181
19999.12,0.5800049,20000.98;140.761
19999.31,0.5800049,20000.75;140.761
19999.5,0.5800049,20000.51;140.7754
19999.66,0.5800049,20000.32;140.8183
19999.82,0.5800049,20000.12;140.8327
20000.02,0.5800049,19999.88;140.8327
20000.21,0.5800049,19999.65;140.8327
20000.37,0.5800049,19999.45;140.8327
20000.56,0.5800048,19999.26;140.8327
20000.72,0.5800048,19999.26;140.847
20000.91,0.5800048,19999.26;140.847
20001.09,0.5800045,19999.26;140.847
20001.28,0.580005,19999.26;140.847
20001.44,0.580005,19999.26;140.847
20001.61,0.580005,19999.26;140.8613
20001.79,0.5800053,19999.26;140.8613
20001.95,0.5800061,19999.26;140.8327
20002.1,0.5800058,19999.26;140.7181
20002.19,0.5800058,19999.26;140.6751
20002.23,0.5800059,19999.26;140.6321
20002.26,0.5800059,19999.26;140.5891
20002.29,0.5800059,19999.26;140.5462
20002.31,0.5800059,19999.26;140.5462
20002.35,0.580006,19999.26;140.5462
20002.38,0.5800059,19999.26;140.5891
20002.4,0.5800059,19999.26;140.6035
20002.42,0.5800058,19999.26;140.6178
20002.43,0.5800059,19999.26;140.5748
20002.45,0.5800059,19999.26;140.5175
20002.47,0.5800059,19999.26;140.4316
20002.49,0.5800059,19999.26;140.3027
20002.51,0.5800059,19999.26;140.1737
20002.53,0.5800059,19999.26;140.0878
20002.54,0.5800059,19999.26;140.0448
20002.56,0.5800059,19999.26;140.0018
20002.59,0.5800058,19999.26;139.9589
20002.63,0.5800059,19999.26;139.8586
20002.69,0.580006,19999.26;139.6294
20002.76,0.5800062,19999.26;139.3716
20002.84,0.580006,19999.26;139.0565
20002.94,0.5800059,19999.26;138.7413
20003.04,0.5800062,19999.26;138.4405
20003.12,0.5800062,19999.26;138.1397
20003.21,0.5800061,19999.26;137.7816
20003.29,0.5800061,19999.26;137.4092
20003.37,0.5800061,19999.26;137.0511
20003.46,0.5800064,19999.26;136.693
20003.55,0.5800062,19999.26;136.3779
20003.63,0.5800062,19999.26;136.0341
20003.7,0.5800064,19999.26;135.6903
20003.8,0.5800064,19999.26;135.3752
20003.89,0.5800066,19999.26;135.0171
20003.97,0.5800066,19999.26;134.6447
20004.07,0.5800068,19999.26;134.3296
20004.15,0.5800068,19999.25;133.9715
20004.25,0.5800071,19999.25;133.6134
20004.32,0.5800073,19999.25;133.198
20004.37,0.5800073,19999.25;132.7826
20004.41,0.5800073,19999.25;132.4245
20004.46,0.5800074,19999.25;132.3672
20004.49,0.5800074,19999.25;132.4245
20004.52,0.5800076,19999.25;132.4818
20004.58,0.5800077,19999.25;132.4245
20004.65,0.5800077,19999.25;132.3242
20004.69,0.5800077,19999.25;132.224
20004.73,0.5800077,19999.25;131.9948
20004.77,0.5800077,19999.25;131.6367
20004.85,0.5800079,19999.25;131.2643
20004.96,0.5800079,19999.25;130.8059
20005.11,0.5800079,19999.25;130.3332
20005.27,0.5800079,19999.25;129.9178
20005.41,0.5800079,19999.25;129.4308
20005.56,0.5800076,19999.25;128.9008
20005.71,0.5800076,19999.25;128.4138
20005.89,0.5800074,19999.25;127.8265
20006.07,0.5800074,19999.25;127.1963
20006.24,0.5800072,19999.25;126.6519
20006.38,0.5800076,19999.25;125.9787
20006.54,0.5800076,19999.25;125.2912
20006.69,0.5800076,19999.25;124.6752
20006.81,0.5800076,19999.24;123.9447
20006.95,0.5800077,19999.24;123.2285
20007.07,0.5800079,19999.24;122.6412
20007.21,0.5800078,19999.24;121.9537
20007.36,0.5800077,19999.24;121.2661
20007.48,0.5800078,19999.24;120.6502
20007.63,0.5800077,19999.24;119.934
20007.78,0.5800074,19999.24;119.2178
20007.9,0.5800073,19999.24;118.5016
20008.04,0.580007,19999.24;117.9
20008.19,0.5800072,19999.24;117.1981
20008.31,0.5800073,19999.24;116.5106
20008.44,0.5800074,19999.23;115.909
20008.58,0.5800075,19999.23;115.1928
20008.71,0.5800073,19999.23;114.4766
20008.8,0.5800073,19999.23;113.9753
20008.89,0.5800073,19999.23;113.6315
20008.97,0.5800073,19999.23;113.5312
20009.1,0.5800073,19999.23;113.4309
20009.26,0.5800074,19999.23;113.259
20009.4,0.5800074,19999.23;112.9296
20009.54,0.5800071,19999.23;112.5429
20009.68,0.5800071,19999.23;112.0129
20009.72,0.5800071,19999.23;111.354
20009.72,0.5800071,19999.23;110.6951
20009.72,0.5800071,19999.23;109.8643
20009.72,0.5800071,19999.23;109.0335
20009.72,0.5800071,19999.23;108.2743
20009.72,0.5800071,19999.23;107.6297
20009.72,0.5800071,19999.23;106.8992
20009.72,0.5800071,19999.23;106.1114
20009.72,0.5800071,19999.23;105.4382
20009.72,0.5800071,19999.23;104.6504
20009.72,0.5800071,19999.23;103.8912
20009.72,0.5800071,19999.23;103.2752
20009.72,0.5800071,19999.23;102.4731
20009.72,0.5800071,19999.23;101.628
20009.72,0.5800071,19999.23;100.8831
20009.72,0.5800067,19999.23;100.038
20009.72,0.5800073,19999.23;99.17861
20009.72,0.5800073,19999.23;98.44809
20009.72,0.5800073,19999.23;97.60297
20009.72,0.5800076,19999.23;96.75786
20009.72,0.5800076,19999.23;95.99868
20009.72,0.5800074,19999.23;95.13925
20009.72,0.580008,19999.23;94.39439
20009.72,0.580008,19999.23;93.64955
20009.72,0.580008,19999.23;92.79012
20009.72,0.580008,19999.23;92.04527
20009.72,0.580008,19999.23;91.17152
20009.72,0.580008,19999.23;90.29776
20009.72,0.5800081,19999.23;89.40968
20009.72,0.5800078,19999.23;88.66483
20009.72,0.5800079,19999.24;88.02025
20009.72,0.580008,19999.24;87.63351
20009.72,0.5800081,19999.24;87.41865
20009.72,0.580008,19999.25;86.84569
20009.72,0.5800073,19999.26;86.22975
20009.72,0.5800076,19999.27;85.42761
20009.72,0.5800081,19999.29;84.59682
20009.72,0.5800083,19999.3;83.40794
20009.72,0.5800077,19999.33;82.07581
20009.72,0.5800068,19999.36;81.00152
20009.72,0.5800066,19999.41;79.81263
20009.72,0.5800055,19999.45;78.92455
20009.72,0.5800059,19999.51;77.97917
20009.72,0.5800055,19999.57;77.14838
20009.72,0.5800059,19999.63;76.18868
20009.72,0.580006,19999.7;75.3579
20009.72,0.580005,19999.77;74.38387
20009.72,0.5800065,19999.84;73.53876
20009.72,0.5800051,19999.9;72.53609
20009.72,0.5800053,19999.98;71.70531
20009.72,0.5800049,20000.05;70.73129
20009.72,0.5800052,20000.14;69.90048
20009.72,0.5800052,20000.21;69.05538
20009.73,0.580005,20000.29;68.13864
20009.73,0.580005,20000.35;67.4511
20009.73,0.5800053,20000.43;67.00704
20009.73,0.5800057,20000.54;66.74921
20009.73,0.5800056,20000.65;66.50571
20009.73,0.5800064,20000.79;66.29085
20009.73,0.5800059,20000.91;66.03301
20009.73,0.5800062,20001.04;65.83248
20009.73,0.5800061,20001.14;65.58896
20009.73,0.5800059,20001.25;65.35978
20009.73,0.5800058,20001.35;65.08762
20009.73,0.5800065,20001.45;64.84412
20009.73,0.5800056,20001.56;64.55764
20009.73,0.5800063,20001.66;64.2998
20009.73,0.5800059,20001.75;63.98467
20009.73,0.5800068,20001.85;63.72683
20009.73,0.5800066,20001.95;63.48332
20009.73,0.5800067,20002.05;63.21116
20009.73,0.5800064,20002.14;62.96765
20009.73,0.5800059,20002.24;62.73847
20009.73,0.5800058,20002.34;62.48063
20009.73,0.5800061,20002.43;62.26577
20009.73,0.5800061,20002.52;62.02226
20009.73,0.5800058,20002.6;61.76442
20009.73,0.5800056,20002.69;61.53525
20009.73,0.580006,20002.78;61.30607
20009.73,0.5800056,20002.88;61.04823
20009.73,0.5800057,20002.92;60.67582
20009.73,0.5800057,20002.92;60.38934
20009.73,0.5800056,20002.93;60.28906
20009.73,0.5800056,20002.94;60.23177
20009.73,0.5800056,20002.96;60.20313
20009.73,0.5800056,20002.99;60.21745
20009.73,0.5800056,20003.02;60.1888
20009.73,0.5800055,20003.05;60.14584
20009.73,0.5800054,20003.08;60.13151
20009.73,0.5800052,20003.11;60.13151
20009.73,0.5800053,20003.14;60.13151
20009.73,0.5800053,20003.17;60.10286
20009.73,0.5800053,20003.2;60.07423
20009.73,0.5800053,20003.23;60.03127
20009.73,0.5800052,20003.26;60.01694
20009.73,0.5800053,20003.29;60.01694
20009.73,0.5800054,20003.32;59.98829
20009.73,0.5800053,20003.35;59.95964
20009.73,0.5800053,20003.37;59.94532
20009.73,0.5800055,20003.4;59.94532
20009.73,0.5800057,20003.43;59.931
20009.73,0.5800056,20003.46;59.90235
20009.73,0.5800056,20003.48;59.88803
20009.73,0.5800055,20003.51;59.87371
20009.73,0.5800055,20003.53;59.85938
20009.73,0.5800055,20003.56;59.84505
20009.73,0.5800056,20003.59;59.83073
20009.73,0.5800055,20003.61;59.80209
20009.73,0.5800056,20003.64;59.77345
20009.73,0.5800055,20003.67;59.75912
20009.73,0.5800056,20003.69;59.74479
20009.73,0.5800055,20003.72;59.73048
20009.73,0.5800057,20003.75;59.71615
20009.73,0.5800056,20003.77;59.6875
20009.73,0.5800054,20003.8;59.67318
20009.73,0.5800055,20003.83;59.65886
20009.73,0.5800056,20003.86;59.64453
20009.73,0.5800054,20003.89;59.61589
20009.73,0.5800052,20003.92;59.60157
20009.73,0.5800053,20003.95;59.57293
20009.73,0.5800053,20003.98;59.55859
20009.73,0.5800052,20004.01;59.54428
20009.73,0.580005,20004.04;59.52996
20009.73,0.580005,20004.07;59.50131
20009.73,0.5800053,20004.1;59.47266
20009.73,0.5800052,20004.13;59.45835
20009.73,0.5800052,20004.16;59.4297
20009.73,0.5800052,20004.19;59.41537
20009.73,0.5800053,20004.23;59.38673
20009.73,0.5800053,20004.26;59.35808
20009.73,0.5800054,20004.29;59.34376
20009.73,0.5800053,20004.32;59.31511
20009.73,0.5800054,20004.36;59.28646
20009.73,0.5800055,20004.4;59.25783
20009.73,0.5800053,20004.44;59.2435
20009.73,0.5800052,20004.47;59.21485
20009.73,0.5800052,20004.51;59.20053
20009.73,0.5800053,20004.55;59.17188
20009.73,0.5800056,20004.59;59.15757
20009.73,0.5800055,20004.63;59.12891
20009.73,0.5800059,20004.67;59.10028
20009.73,0.580006,20004.71;59.08595
20009.73,0.5800061,20004.75;59.07163
20009.73,0.5800064,20004.8;59.04298
20009.73,0.5800065,20004.84;59.01433
20009.73,0.5800062,20004.89;58.98569
20009.73,0.5800062,20004.89;58.98569
20009.73,0.5800062,20004.89;58.98569
20009.73,0.5800062,20004.89;58.98569
20009.73,0.5800062,20004.89;58.98569
20009.73,0.5800062,20004.89;58.98569
20009.73,0.5800062,20004.89;58.98569
20009.73,0.5800062,20004.89;58.98569
20009.73,0.5800062,20004.89;58.98569
20009.73,0.5800062,20004.89;58.98569
20009.73,0.5800062,20004.89;58.98569
20009.73,0.5800062,20004.89;58.98569
20009.73,0.5800062,20004.89;58.98569
20009.73,0.5800062,20004.89;58.98569
20009.73,0.5800062,20004.89;58.98569
20009.73,0.5800062,20004.89;58.98569
20009.73,0.5800062,20004.89;58.98569
20009.73,0.5800062,20004.89;58.98569
20009.73,0.5800062,20004.89;58.98569
20009.73,0.5800062,20004.89;58.98569
20009.73,0.5800062,20004.89;58.98569
20009.73,0.5800062,20004.89;58.98569
20009.73,0.5800062,20004.89;58.98569
20009.73,0.5800062,20004.89;58.98569
20009.73,0.5800062,20004.89;58.98569
20009.73,0.5800062,20004.89;58.98569
20009.73,0.5800062,20004.89;58.98569
20009.73,0.5800062,20004.89;58.98569
20009.73,0.5800062,20004.89;58.98569
20009.73,0.5800062,20004.89;58.98569
20009.73,0.5800062,20004.89;58.98569
20009.73,0.5800062,20004.89;58.98569
20009.73,0.5800062,20004.89;58.98569
20009.73,0.5800062,20004.89;58.98569
20009.73,0.5800062,20004.89;58.98569
20009.73,0.5800062,20004.89;58.98569
20009.73,0.5800062,20004.89;58.98569
20009.73,0.5800062,20004.89;58.98569
20009.73,0.5800062,20004.89;58.98569
20009.73,0.5800062,20004.89;58.98569
20009.73,0.5800062,20004.89;58.98569
20009.73,0.5800062,20004.89;58.98569
20009.73,0.5800062,20004.89;58.98569
20009.73,0.5800062,20004.89;58.98569
20009.73,0.5800062,20004.89;58.98569
20009.73,0.5800062,20004.89;58.98569
20009.73,0.5800062,20004.89;58.98569
20009.73,0.5800062,20004.89;58.98569
20009.73,0.5800062,20004.89;58.98569
20009.73,0.5800062,20004.89;58.98569
20009.73,0.5800062,20004.89;58.98569
20009.73,0.5800062,20004.89;58.98569
20009.73,0.5800062,20004.89;58.98569
20009.73,0.5800062,20004.89;58.98569
20009.73,0.5800062,20004.89;58.98569
20009.73,0.5800062,20004.89;58.98569
20009.73,0.5800062,20004.89;58.98569
20009.73,0.5800062,20004.89;58.98569
20009.73,0.5800062,20004.89;58.98569
20009.73,0.5800062,20004.89;58.98569
20009.73,0.5800062,20004.89;58.98569
20009.73,0.5800062,20004.89;58.98569
20009.73,0.5800062,20004.89;58.98569
20009.73,0.5800062,20004.89;58.98569
20009.73,0.5800062,20004.89;58.98569
20009.73,0.5800062,20004.89;58.98569
20009.73,0.5800062,20004.89;58.98569
20009.73,0.5800062,20004.89;58.98569
20009.73,0.5800062,20004.89;58.98569
20009.73,0.5800062,20004.89;58.98569
20009.73,0.5800062,20004.89;58.98569
20009.73,0.5800062,20004.89;58.98569
20009.73,0.5800062,20004.89;58.98569
20009.73,0.5800062,20004.89;58.98569
20009.73,0.5800062,20004.89;58.98569
20009.73,0.5800062,20004.89;58.98569
20009.73,0.5800062,20004.89;58.98569
20009.73,0.5800062,20004.89;58.98569
20009.73,0.5800062,20004.89;58.98569
20009.73,0.5800062,20004.89;58.98569
20009.73,0.5800062,20004.89;58.98569
20009.73,0.5800062,20004.89;58.98569
20009.73,0.5800062,20004.89;58.98569
20009.73,0.5800062,20004.89;58.98569
20009.73,0.5800062,20004.89;58.98569
20009.73,0.5800062,20004.89;58.98569
20009.73,0.5800062,20004.89;58.98569
20009.73,0.5800062,20004.89;58.98569
20009.73,0.5800062,20004.89;58.98569
20009.73,0.5800062,20004.89;58.98569
20009.73,0.5800062,20004.89;58.98569
20009.73,0.5800062,20004.89;58.98569
20009.73,0.5800062,20004.89;58.98569
20009.73,0.5800062,20004.89;58.98569
20009.73,0.5800062,20004.89;58.98569
20009.73,0.5800062,20004.89;58.98569
20009.73,0.5800062,20004.89;58.98569
20009.73,0.5800062,20004.89;58.98569
20009.73,0.5800062,20004.89;58.98569
20009.73,0.5800062,20004.89;58.98569
20009.73,0.5800062,20004.89;58.98569
20009.73,0.5800062,20004.89;58.98569
20009.73,0.5800062,20004.89;58.98569
20009.73,0.5800062,20004.89;58.98569
20009.73,0.5800062,20004.89;58.98569
20009.73,0.5800062,20004.89;58.98569
20009.73,0.5800062,20004.89;58.98569
20009.73,0.5800062,20004.89;58.98569
20009.73,0.5800062,20004.89;58.98569
20009.73,0.5800062,20004.89;58.98569
20009.73,0.5800062,20004.89;58.98569
20009.73,0.5800062,20004.89;58.98569
20009.73,0.5800062,20004.89;58.98569
20009.73,0.5800062,20004.89;58.98569
20009.73,0.5800062,20004.89;58.98569
20009.73,0.5800062,20004.89;58.98569
20009.73,0.5800062,20004.89;58.98569
20009.73,0.5800062,20004.89;58.98569
20009.73,0.5800062,20004.89;58.98569
20009.73,0.5800062,20004.89;58.98569
20009.73,0.5800062,20004.89;58.98569
20009.73,0.5800062,20004.89;58.98569
20009.73,0.5800062,20004.89;58.98569
20009.73,0.5800062,20004.89;58.98569
20009.73,0.5800062,20004.89;58.98569
20009.73,0.5800062,20004.89;58.98569
20009.73,0.5800062,20004.89;58.98569
20009.73,0.5800062,20004.89;58.98569
20009.73,0.5800062,20004.89;58.98569
20009.73,0.5800062,20004.89;58.98569
20009.73,0.5800062,20004.89;58.98569
20009.73,0.5800062,20004.89;58.98569
20009.73,0.5800062,20004.89;58.98569
20009.73,0.5800062,20004.89;58.98569
20009.73,0.5800062,20004.89;58.98569
20009.73,0.5800062,20004.89;58.98569
20009.73,0.5800062,20004.89;58.98569
20009.73,0.5800062,20004.89;58.98569
20009.73,0.5800062,20004.89;58.98569
20009.73,0.5800062,20004.89;58.98569
20009.73,0.5800062,20004.89;58.98569
20009.73,0.5800062,20004.89;58.98569
20009.73,0.5800062,20004.89;58.98569
20009.73,0.5800062,20004.89;58.98569
20009.73,0.5800062,20004.89;58.98569
20009.73,0.5800062,20004.89;58.98569
20009.73,0.5800062,20004.89;58.98569
20009.73,0.5800062,20004.89;58.98569
20009.73,0.5800062,20004.89;58.98569
20009.73,0.5800062,20004.89;58.98569
20009.73,0.5800062,20004.89;58.98569
20009.73,0.5800062,20004.89;58.98569
20009.73,0.5800062,20004.89;58.98569
20009.73,0.5800062,20004.89;58.98569
20009.73,0.5800062,20004.89;58.98569
20009.73,0.5800062,20004.89;58.98569
20009.73,0.5800062,20004.89;58.98569
20009.73,0.5800062,20004.89;58.98569
20009.73,0.5800062,20004.89;58.98569
20009.73,0.5800062,20004.89;58.98569
20009.73,0.5800062,20004.89;58.98569
20009.73,0.5800062,20004.89;58.98569
20009.73,0.5800062,20004.89;58.98569
20009.73,0.5800062,20004.89;58.98569
20009.73,0.5800062,20004.89;58.98569
20009.73,0.5800062,20004.89;58.98569
20009.73,0.5800062,20004.89;58.98569
20009.73,0.5800062,20004.89;58.98569
20009.73,0.5800062,20004.89;58.98569
20009.73,0.5800062,20004.89;58.98569
20009.73,0.5800062,20004.89;58.98569
20009.73,0.5800062,20004.89;58.98569
20009.73,0.5800062,20004.89;58.98569
20009.73,0.5800062,20004.89;58.98569
20009.73,0.5800062,20004.89;58.98569
20009.73,0.5800062,20004.89;58.98569
20009.73,0.5800062,20004.89;58.98569
20009.73,0.5800062,20004.89;58.98569
20009.73,0.5800062,20004.89;58.98569
20009.73,0.5800062,20004.89;58.98569
20009.73,0.5800062,20004.89;58.98569
20009.73,0.5800062,20004.89;58.98569
20009.73,0.5800062,20004.89;58.98569
20009.73,0.5800062,20004.89;58.98569
20009.73,0.5800062,20004.89;58.98569
20009.73,0.5800062,20004.89;58.98569
20009.73,0.5800062,20004.89;58.98569
20009.73,0.5800062,20004.89;58.98569
20009.73,0.5800062,20004.89;58.98569
20009.73,0.5800062,20004.89;58.98569
20009.73,0.5800062,20004.89;58.98569
20009.73,0.5800062,20004.89;58.98569
20009.73,0.5800062,20004.89;58.98569
20009.73,0.5800062,20004.89;58.98569
20009.73,0.5800062,20004.89;58.98569
20009.73,0.5800062,20004.89;58.98569
20009.73,0.5800062,20004.89;58.98569
20009.73,0.5800062,20004.89;58.98569
20009.73,0.5800062,20004.89;58.98569
20009.73,0.5800062,20004.89;58.98569
20009.73,0.5800062,20004.89;58.98569
20009.73,0.5800062,20004.89;58.98569
20009.73,0.5800062,20004.89;58.98569
20009.73,0.5800062,20004.89;58.98569
20009.73,0.5800062,20004.89;58.98569
20009.73,0.5800062,20004.89;58.98569
20009.73,0.5800062,20004.89;58.98569
20009.73,0.5800062,20004.89;58.98569
20009.73,0.5800062,20004.89;58.98569
20009.73,0.5800062,20004.89;58.98569
20009.73,0.5800062,20004.89;58.98569
20009.73,0.5800062,20004.89;58.98569
20009.73,0.5800062,20004.89;58.98569
20009.73,0.5800062,20004.89;58.98569
20009.73,0.5800062,20004.89;58.98569
20009.73,0.5800062,20004.89;58.98569
20009.73,0.5800062,20004.89;58.98569
20009.73,0.5800062,20004.89;58.98569
20009.73,0.5800062,20004.89;58.98569
20009.73,0.5800062,20004.89;58.98569
20009.73,0.5800062,20004.89;58.98569
20009.73,0.5800062,20004.89;58.98569
20009.73,0.5800062,20004.89;58.98569
20009.73,0.5800062,20004.89;58.98569
20009.73,0.5800062,20004.89;58.98569
20009.73,0.5800062,20004.89;58.98569
20009.73,0.5800062,20004.89;58.98569
20009.73,0.5800062,20004.89;58.98569
20009.73,0.5800062,20004.89;58.98569
20009.73,0.5800062,20004.89;58.98569
20009.73,0.5800062,20004.89;58.98569
20009.73,0.5800062,20004.89;58.98569
20009.73,0.5800062,20004.89;58.98569
20009.73,0.5800062,20004.89;58.98569
20009.73,0.5800062,20004.89;58.98569
20009.73,0.5800062,20004.89;58.98569
20009.73,0.5800062,20004.89;58.98569
20009.73,0.5800062,20004.89;58.98569
20009.73,0.5800062,20004.89;58.98569
20009.73,0.5800062,20004.89;58.98569
20009.73,0.5800062,20004.89;58.98569
20009.73,0.5800062,20004.89;58.98569
20009.73,0.5800062,20004.89;58.98569
20009.73,0.5800062,20004.89;58.98569
20009.73,0.5800062,20004.89;58.98569
20009.73,0.5800062,20004.89;58.98569
20009.73,0.5800062,20004.89;58.98569
20009.73,0.5800062,20004.89;58.98569
20009.73,0.5800062,20004.89;58.98569
20009.73,0.5800062,20004.89;58.98569
20009.73,0.5800062,20004.89;58.98569
20009.73,0.5800062,20004.89;58.98569
20009.73,0.5800062,20004.89;58.98569
20009.73,0.5800062,20004.89;58.98569
20009.73,0.5800062,20004.89;58.98569
20009.73,0.5800062,20004.89;58.98569
20009.73,0.5800062,20004.89;58.98569
20009.73,0.5800062,20004.89;58.98569
20009.73,0.5800062,20004.89;58.98569
20009.73,0.5800062,20004.89;58.98569
20009.73,0.5800062,20004.89;58.98569
20009.73,0.5800062,20004.89;58.98569
20009.73,0.5800062,20004.89;58.98569
20009.73,0.5800062,20004.89;58.98569
20009.73,0.5800062,20004.89;58.98569
20009.73,0.5800062,20004.89;58.98569
20009.73,0.5800062,20004.89;58.98569
20009.73,0.5800062,20004.89;58.98569
20009.73,0.5800062,20004.89;58.98569
20009.73,0.5800062,20004.89;58.98569
20009.73,0.5800062,20004.89;58.98569
20009.73,0.5800062,20004.89;58.98569
20009.73,0.5800062,20004.89;58.98569
20009.73,0.5800062,20004.89;58.98569
20009.73,0.5800062,20004.89;58.98569
20009.73,0.5800062,20004.89;58.98569
20009.73,0.5800062,20004.89;58.98569
20009.73,0.5800062,20004.89;58.98569
20009.73,0.5800062,20004.89;58.98569
20009.73,0.5800062,20004.89;58.98569
20009.73,0.5800062,20004.89;58.98569
20009.73,0.5800062,20004.89;58.98569
20009.73,0.5800062,20004.89;58.98569
20009.73,0.5800062,20004.89;58.98569
20009.73,0.5800062,20004.89;58.98569
20009.73,0.5800062,20004.89;58.98569
20009.73,0.5800062,20004.89;58.98569
20009.73,0.5800062,20004.89;58.98569
20009.73,0.5800062,20004.89;58.98569
20009.73,0.5800062,20004.89;58.98569
20009.73,0.5800062,20004.89;58.98569
20009.73,0.5800062,20004.89;58.98569
20009.73,0.5800062,20004.89;58.98569
20009.73,0.5800062,20004.89;58.98569
20009.73,0.5800062,20004.89;58.98569
20009.73,0.5800062,20004.89;58.98569
20009.73,0.5800062,20004.89;58.98569
20009.73,0.5800062,20004.89;58.98569
20009.73,0.5800062,20004.89;58.98569
20009.73,0.5800062,20004.89;58.98569
20009.73,0.5800062,20004.89;58.98569
20009.73,0.5800062,20004.89;58.98569
20009.73,0.5800062,20004.89;58.98569
20009.73,0.5800062,20004.89;58.98569
20009.73,0.5800062,20004.89;58.98569
20009.73,0.5800062,20004.89;58.98569
20009.73,0.5800062,20004.89;58.98569
20009.73,0.5800062,20004.89;58.98569
20009.73,0.5800062,20004.89;58.98569
20009.73,0.5800062,20004.89;58.98569
20009.73,0.5800062,20004.89;58.98569
20009.73,0.5800062,20004.89;58.98569
20009.73,0.5800062,20004.89;58.98569
20009.73,0.5800062,20004.89;58.98569
20009.73,0.5800062,20004.89;58.98569
20009.73,0.5800062,20004.89;58.98569
20009.73,0.5800062,20004.89;58.98569
20009.73,0.5800062,20004.89;58.98569
20009.73,0.5800062,20004.89;58.98569
20009.73,0.5800062,20004.89;58.98569
20009.73,0.5800062,20004.89;58.98569
20009.73,0.5800062,20004.89;58.98569
20009.73,0.5800062,20004.89;58.98569
20009.73,0.5800062,20004.89;58.98569
20009.73,0.5800062,20004.89;58.98569
20009.73,0.5800062,20004.89;58.98569
20009.73,0.5800062,20004.89;58.98569
20009.73,0.5800062,20004.89;58.98569
20009.73,0.5800062,20004.89;58.98569
20009.73,0.5800062,20004.89;58.98569
20009.73,0.5800062,20004.89;58.98569
20009.73,0.5800062,20004.89;58.98569
20009.73,0.5800062,20004.89;58.98569
20009.73,0.5800062,20004.89;58.98569
20009.73,0.5800062,20004.89;58.98569
20009.73,0.5800062,20004.89;58.98569
20009.73,0.5800062,20004.89;58.98569
20009.73,0.5800062,20004.89;58.98569
20009.73,0.5800062,20004.89;58.98569
20009.73,0.5800062,20004.89;58.98569
20009.73,0.5800062,20004.89;58.98569
20009.73,0.5800062,20004.89;58.98569
20009.73,0.5800062,20004.89;58.98569
20009.73,0.5800062,20004.89;58.98569
20009.73,0.5800062,20004.89;58.98569
20009.73,0.5800062,20004.89;58.98569
20009.73,0.5800062,20004.89;58.98569
20009.73,0.5800062,20004.89;58.98569
20009.73,0.5800062,20004.89;58.98569
20009.73,0.5800062,20004.89;58.98569
20009.73,0.5800062,20004.89;58.98569
20009.73,0.5800062,20004.89;58.98569
20009.73,0.5800062,20004.89;58.98569
20009.73,0.5800062,20004.89;58.98569
20009.73,0.5800062,20004.89;58.98569
20009.73,0.5800062,20004.89;58.98569
20009.73,0.5800062,20004.89;58.98569
20009.73,0.5800062,20004.89;58.98569
20009.73,0.5800062,20004.89;58.98569
20009.73,0.5800062,20004.89;58.98569
20009.73,0.5800062,20004.89;58.98569
20009.73,0.5800062,20004.89;58.98569
20009.73,0.5800062,20004.89;58.98569
20009.73,0.5800062,20004.89;58.98569
20009.73,0.5800062,20004.89;58.98569
20009.73,0.5800062,20004.89;58.98569
20009.73,0.5800062,20004.89;58.98569
20009.73,0.5800062,20004.89;58.98569
20009.73,0.5800062,20004.89;58.98569
20009.73,0.5800062,20004.89;58.98569
20009.73,0.5800062,20004.89;58.98569
20009.73,0.5800062,20004.89;58.98569
20009.73,0.5800062,20004.89;58.98569
20009.73,0.5800062,20004.89;58.98569
20009.73,0.5800062,20004.89;58.98569
20009.73,0.5800062,20004.89;58.98569
20009.73,0.5800062,20004.89;58.98569
20009.73,0.5800062,20004.89;58.98569
20009.73,0.5800062,20004.89;58.98569
20009.73,0.5800062,20004.89;58.98569
20009.73,0.5800062,20004.89;58.98569
20009.73,0.5800062,20004.89;58.98569
20009.73,0.5800062,20004.89;58.98569
20009.73,0.5800062,20004.89;58.98569
20009.73,0.5800062,20004.89;58.98569
20009.73,0.5800062,20004.89;58.98569
20009.73,0.5800062,20004.89;58.98569
20009.73,0.5800062,20004.89;58.98569
20009.73,0.5800062,20004.89;58.98569
20009.73,0.5800062,20004.89;58.98569
20009.73,0.5800062,20004.89;58.98569
20009.73,0.5800062,20004.89;58.98569
20009.73,0.5800062,20004.89;58.98569
20009.73,0.5800062,20004.89;58.98569
20009.73,0.5800062,20004.89;58.98569
20009.73,0.5800062,20004.89;58.98569
20009.73,0.5800062,20004.89;58.98569
20009.73,0.5800062,20004.89;58.98569
20009.73,0.5800062,20004.89;58.98569
20009.73,0.5800062,20004.89;58.98569
20009.73,0.5800062,20004.89;58.98569
20009.73,0.5800062,20004.89;58.98569
20009.73,0.5800062,20004.89;58.98569
20009.73,0.5800062,20004.89;58.98569
20009.73,0.5800062,20004.89;58.98569
20009.73,0.5800062,20004.89;58.98569
20009.73,0.5800062,20004.89;58.98569
20009.73,0.5800062,20004.89;58.98569
20009.73,0.5800062,20004.89;58.98569
20009.73,0.5800062,20004.89;58.98569
20009.73,0.5800062,20004.89;58.98569
20009.73,0.5800062,20004.89;58.98569
20009.73,0.5800062,20004.89;58.98569
20009.73,0.5800062,20004.89;58.98569
20009.73,0.5800062,20004.89;58.98569
20009.73,0.5800062,20004.89;58.98569
20009.73,0.5800062,20004.89;58.98569
20009.73,0.5800062,20004.89;58.98569
20009.73,0.5800062,20004.89;58.98569
20009.73,0.5800062,20004.89;58.98569
20009.73,0.5800062,20004.89;58.98569
20009.73,0.5800062,20004.89;58.98569
20009.73,0.5800062,20004.89;58.98569
20009.73,0.5800062,20004.89;58.98569
20009.73,0.5800062,20004.89;58.98569
20009.73,0.5800062,20004.89;58.98569
20009.73,0.5800062,20004.89;58.98569
20009.73,0.5800062,20004.89;58.98569
20009.73,0.5800062,20004.89;58.98569
20009.73,0.5800062,20004.89;58.98569
20009.73,0.5800062,20004.89;58.98569
20009.73,0.5800062,20004.89;58.98569
20009.73,0.5800062,20004.89;58.98569
20009.73,0.5800062,20004.89;58.98569
20009.73,0.5800062,20004.89;58.98569
20009.73,0.5800062,20004.89;58.98569
20009.73,0.5800062,20004.89;58.98569
20009.73,0.5800062,20004.89;58.98569
20009.73,0.5800062,20004.89;58.98569
20009.73,0.5800062,20004.89;58.98569
20009.73,0.5800062,20004.89;58.98569
20009.73,0.5800062,20004.89;58.98569
20009.73,0.5800062,20004.89;58.98569
20009.73,0.5800062,20004.89;58.98569
20009.73,0.5800062,20004.89;58.98569
20009.73,0.5800062,20004.89;58.98569
20009.73,0.5800062,20004.89;58.98569
20009.73,0.5800062,20004.89;58.98569
20009.73,0.5800062,20004.89;58.98569
20009.73,0.5800062,20004.89;58.98569
20009.73,0.5800062,20004.89;58.98569
20009.73,0.5800062,20004.89;58.98569
20009.73,0.5800062,20004.89;58.98569
20009.73,0.5800062,20004.89;58.98569
20009.73,0.5800062,20004.89;58.98569
20009.73,0.5800062,20004.89;58.98569
20009.73,0.5800062,20004.89;58.98569
20009.73,0.5800062,20004.89;58.98569
20009.73,0.5800062,20004.89;58.98569
20009.73,0.5800062,20004.89;58.98569
20009.73,0.5800062,20004.89;58.98569
20009.73,0.5800062,20004.89;58.98569
20009.73,0.5800062,20004.89;58.98569
20009.73,0.5800062,20004.89;58.98569
20009.73,0.5800062,20004.89;58.98569
20009.73,0.5800062,20004.89;58.98569
20009.73,0.5800062,20004.89;58.98569
20009.73,0.5800062,20004.89;58.98569
20009.73,0.5800062,20004.89;58.98569
20009.73,0.5800062,20004.89;58.98569
20009.73,0.5800062,20004.89;58.98569
20009.73,0.5800062,20004.89;58.98569
20009.73,0.5800062,20004.89;58.98569
20009.73,0.5800062,20004.89;58.98569
20009.73,0.5800062,20004.89;58.98569
20009.73,0.5800062,20004.89;58.98569
20009.73,0.5800062,20004.89;58.98569
20009.73,0.5800062,20004.89;58.98569
20009.73,0.5800062,20004.89;58.98569
20009.73,0.5800062,20004.89;58.98569
20009.73,0.5800062,20004.89;58.98569
20009.73,0.5800062,20004.89;58.98569
20009.73,0.5800062,20004.89;58.98569
20009.73,0.5800062,20004.89;58.98569
20009.73,0.5800062,20004.89;58.98569
20009.73,0.5800062,20004.89;58.98569
20009.73,0.5800062,20004.89;58.98569
20009.73,0.5800062,20004.89;58.98569
20009.73,0.5800062,20004.89;58.98569
20009.73,0.5800062,20004.89;58.98569
20009.73,0.5800062,20004.89;58.98569
20009.73,0.5800062,20004.89;58.98569
20009.73,0.5800062,20004.89;58.98569
20009.73,0.5800062,20004.89;58.98569
20009.73,0.5800062,20004.89;58.98569
20009.73,0.5800062,20004.89;58.98569
20009.73,0.5800062,20004.89;58.98569
20009.73,0.5800062,20004.89;58.98569
20009.73,0.5800062,20004.89;58.98569
20009.73,0.5800062,20004.89;58.98569
20009.73,0.5800062,20004.89;58.98569
20009.73,0.5800062,20004.89;58.98569
20009.73,0.5800062,20004.89;58.98569
20009.73,0.5800062,20004.89;58.98569
20009.73,0.5800062,20004.89;58.98569
20009.73,0.5800062,20004.89;58.98569
20009.73,0.5800062,20004.89;58.98569
20009.73,0.5800062,20004.89;58.98569
20009.73,0.5800062,20004.89;58.98569
20009.73,0.5800062,20004.89;58.98569
20009.73,0.5800062,20004.89;58.98569
20009.73,0.5800062,20004.89;58.98569
20009.73,0.5800062,20004.89;58.98569
20009.73,0.5800062,20004.89;58.98569
20009.73,0.5800062,20004.89;58.98569
20009.73,0.5800062,20004.89;58.98569
20009.73,0.5800062,20004.89;58.98569
20009.73,0.5800062,20004.89;58.98569
20009.73,0.5800062,20004.89;58.98569
20009.73,0.5800062,20004.89;58.98569
20009.73,0.5800062,20004.89;58.98569
20009.73,0.5800062,20004.89;58.98569
20009.73,0.5800062,20004.89;58.98569
20009.73,0.5800062,20004.89;58.98569
20009.73,0.5800062,20004.89;58.98569
20009.73,0.5800062,20004.89;58.98569
20009.73,0.5800062,20004.89;58.98569
20009.73,0.5800062,20004.89;58.98569
20009.73,0.5800062,20004.89;58.98569
20009.73,0.5800062,20004.89;58.98569
20009.73,0.5800062,20004.89;58.98569
20009.73,0.5800062,20004.89;58.98569
20009.73,0.5800062,20004.89;58.98569
20009.73,0.5800062,20004.89;58.98569
20009.73,0.5800062,20004.89;58.98569
20009.73,0.5800062,20004.89;58.98569
20009.73,0.5800062,20004.89;58.98569
20009.73,0.5800062,20004.89;58.98569
20009.73,0.5800062,20004.89;58.98569
20009.73,0.5800062,20004.89;58.98569
20009.73,0.5800062,20004.89;58.98569
20009.73,0.5800062,20004.89;58.98569
20009.73,0.5800062,20004.89;58.98569
20009.73,0.5800062,20004.89;58.98569
20009.73,0.5800062,20004.89;58.98569
20009.73,0.5800062,20004.89;58.98569
20009.73,0.5800062,20004.89;58.98569
20009.73,0.5800062,20004.89;58.98569
20009.