20000,0.5,20000;0
20000,0.58,20000.25;359.9656
20000,0.58,20000.25;359.9656
20000,0.58,20000.51;359.8854
20000,0.58,20000.51;359.8854
20000,0.58,20000.76;359.8052
20000,0.58,20001.02;359.6276
19999.99,0.58,20001.23;359.45
19999.99,0.58,20001.45;359.2724
19999.99,0.58,20001.45;359.2724
19999.99,0.58,20001.55;359.0088
19999.99,0.58,20001.55;359.0088
19999.98,0.58,20001.8;358.7452
19999.98,0.58,20002.06;358.5619
19999.98,0.58,20002.06;358.5619
19999.97,0.58,20002.31;358.3785
19999.96,0.58,20002.56;358.3785
19999.96,0.58,20002.56;358.3785
19999.96,0.58,20002.82;358.3785
19999.96,0.58,20002.82;358.3785
19999.95,0.58,20003.07;358.3785
19999.95,0.58,20003.07;358.3785
19999.94,0.58,20003.33;358.3785
19999.94,0.58,20003.33;358.3785
19999.94,0.58,20003.33;358.3785
19999.94,0.58,20003.58;358.3785
19999.93,0.58,20003.83;358.3785
19999.93,0.58,20003.83;358.3785
19999.92,0.58,20004.09;358.3785
19999.91,0.58,20004.34;358.3728
19999.91,0.58,20004.6;358.3728
19999.91,0.58,20004.6;358.3728
19999.91,0.58,20004.6;358.3728
19999.9,0.58,20004.85;358.3728
19999.89,0.58,20005.1;358.2296
19999.89,0.58,20005.1;358.2296
19999.88,0.58,20005.36;358.0863
19999.87,0.58,20005.61;357.8285
19999.87,0.58,20005.61;357.8285
19999.86,0.58,20005.86;357.605
19999.85,0.58,20006.12;357.3816
19999.84,0.58,20006.37;357.1237
19999.84,0.58,20006.37;357.1237
19999.82,0.58,20006.63;356.8659
19999.81,0.58,20006.88;356.6138
19999.81,0.58,20006.88;356.6138
19999.81,0.58,20006.88;356.6138
19999.79,0.58,20007.13;356.3961
19999.79,0.58,20007.13;356.3961
19999.79,0.58,20007.13;356.3961
19999.78,0.58,20007.38;356.144
19999.76,0.58,20007.64;355.8919
19999.74,0.58,20007.89;355.6341
19999.74,0.58,20007.89;355.6341
19999.72,0.58,20008.14;355.3762
19999.7,0.58,20008.4;355.1528
19999.7,0.58,20008.4;355.1528
19999.67,0.58,20008.65;354.9293
19999.65,0.58,20008.9;354.6657
19999.65,0.58,20008.9;354.6657
19999.63,0.58,20009.16;354.4022
19999.61,0.58,20009.3;354.1443
19999.6,0.58,20009.44;353.9209
19999.6,0.58,20009.44;353.9209
19999.6,0.58,20009.44;353.9209
19999.6,0.58,20009.45;353.6631
19999.6,0.58,20009.45;353.6631
19999.6,0.58,20009.45;353.6631
19999.59,0.58,20009.51;353.4052
19999.58,0.58,20009.57;353.1588
19999.58,0.58,20009.57;353.1588
19999.55,0.58,20009.82;352.9526
19999.52,0.58,20010.06;352.7463
19999.49,0.58,20010.3;352.5057
19999.49,0.58,20010.3;352.5057
19999.49,0.58,20010.3;352.5057
19999.46,0.58,20010.54;352.2823
19999.46,0.58,20010.54;352.2823
19999.45,0.58,20010.61;352.0588
19999.44,0.58,20010.67;351.8583
19999.44,0.58,20010.67;351.8583
19999.43,0.58,20010.73;351.6463
19999.43,0.58,20010.73;351.6463
19999.42,0.58,20010.8;351.4457
19999.42,0.58,20010.8;351.4457
19999.42,0.58,20010.82;351.2452
19999.41,0.58,20010.83;351.1478
19999.41,0.58,20010.83;351.1478
19999.38,0.58,20011.06;351.0504
19999.34,0.58,20011.28;350.8212
19999.34,0.58,20011.28;350.8212
19999.3,0.58,20011.5;350.5863
19999.3,0.58,20011.5;350.5863
19999.28,0.58,20011.67;350.3514
19999.25,0.58,20011.84;350.3113
19999.25,0.58,20011.84;350.3113
19999.21,0.58,20012.09;350.2998
19999.21,0.58,20012.09;350.2998
19999.21,0.58,20012.09;350.2998
19999.16,0.58,20012.34;350.2884
19999.16,0.58,20012.34;350.2884
19999.12,0.58,20012.59;350.2769
19999.12,0.58,20012.59;350.2769
19999.08,0.58,20012.84;350.2654
19999.08,0.58,20012.84;350.2654
19999.03,0.58,20013.09;350.254
19998.99,0.58,20013.34;350.254
19998.95,0.58,20013.59;350.254
19998.9,0.58,20013.84;350.0305
19998.86,0.58,20014.09;349.8014
19998.86,0.58,20014.09;349.8014
19998.81,0.58,20014.33;349.5722
19998.77,0.58,20014.56;349.3831
19998.77,0.58,20014.56;349.3831
19998.72,0.58,20014.81;349.194
19998.67,0.58,20015.06;348.9649
19998.67,0.58,20015.06;348.9649
19998.63,0.58,20015.31;348.7357
19998.57,0.58,20015.56;348.5122
19998.52,0.58,20015.81;348.3174
19998.52,0.58,20015.81;348.3174
19998.47,0.58,20016.06;348.1226
19998.42,0.58,20016.3;347.8992
19998.42,0.58,20016.3;347.8992
19998.36,0.58,20016.55;347.6757
19998.31,0.58,20016.8;347.458
19998.31,0.58,20016.8;347.458
19998.25,0.58,20017.04;347.2747
19998.2,0.58,20017.29;347.0913
19998.14,0.58,20017.53;346.8679
19998.14,0.58,20017.53;346.8679
19998.08,0.58,20017.78;346.6387
19998.08,0.58,20017.78;346.6387
19998.02,0.58,20018.03;346.4095
19997.96,0.58,20018.27;346.2204
19997.96,0.58,20018.27;346.2204
19997.9,0.58,20018.52;346.0314
19997.84,0.58,20018.77;345.8079
19997.77,0.58,20019.01;345.5787
19997.77,0.58,20019.01;345.5787
19997.73,0.58,20019.17;345.3495
19997.69,0.58,20019.32;345.1548
19997.69,0.58,20019.32;345.1548
19997.66,0.58,20019.44;344.9599
19997.63,0.58,20019.54;344.7308
19997.63,0.58,20019.54;344.7308
19997.62,0.58,20019.6;344.5016
19997.6,0.58,20019.65;344.2839
19997.59,0.58,20019.69;344.1005
19997.59,0.58,20019.69;344.1005
19997.59,0.58,20019.69;344.1005
19997.52,0.58,20019.93;343.9172
19997.45,0.58,20020.18;343.8542
19997.45,0.58,20020.18;343.8542
19997.4,0.58,20020.36;343.7911
19997.4,0.58,20020.36;343.7911
19997.4,0.58,20020.36;343.7911
19997.37,0.58,20020.46;343.7281
19997.36,0.58,20020.48;343.6651
19997.36,0.58,20020.48;343.6651
19997.36,0.58,20020.48;343.6651
19997.36,0.58,20020.49;343.6021
19997.36,0.58,20020.5;343.625
19997.36,0.58,20020.5;343.625
19997.36,0.58,20020.51;343.6479
19997.35,0.58,20020.51;343.6651
19997.35,0.58,20020.51;343.6651
19997.35,0.58,20020.51;343.6651
19997.35,0.58,20020.52;343.6651
19997.35,0.58,20020.54;343.6651
19997.34,0.58,20020.55;343.6651
19997.34,0.58,20020.55;343.6651
19997.33,0.58,20020.58;343.6651
19997.33,0.58,20020.58;343.6651
19997.33,0.58,20020.58;343.6651
19997.33,0.58,20020.59;343.6651
19997.33,0.58,20020.59;343.6651
19997.33,0.58,20020.59;343.6651
19997.33,0.58,20020.6;343.6651
19997.33,0.58,20020.6;343.6651
19997.32,0.58,20020.61;343.6651
19997.32,0.58,20020.61;343.6651
19997.32,0.58,20020.61;343.6651
19997.32,0.58,20020.63;343.6651
19997.32,0.58,20020.63;343.6651
19997.32,0.58,20020.63;343.6651
19997.32,0.58,20020.64;343.6651
19997.32,0.58,20020.64;343.6651
19997.32,0.58,20020.64;343.6651
19997.31,0.58,20020.64;343.6651
19997.31,0.58,20020.65;343.6651
19997.31,0.58,20020.66;343.6651
19997.31,0.58,20020.66;343.6651
19997.31,0.58,20020.66;343.6651
19997.31,0.58,20020.66;343.6651
19997.31,0.58,20020.66;343.6651
19997.31,0.58,20020.66;343.6651
19997.31,0.58,20020.66;343.6651
19997.31,0.58,20020.66;343.6651
19997.31,0.58,20020.66;343.6651
19997.31,0.58,20020.66;343.6651
19997.31,0.58,20020.66;343.6651
19997.31,0.58,20020.66;343.6651
19997.31,0.58,20020.66;343.6651
19997.31,0.58,20020.66;343.6651
19997.31,0.58,20020.66;343.6651
19997.31,0.58,20020.66;343.6651
19997.31,0.58,20020.66;343.6651
19997.31,0.58,20020.67;343.6651
19997.31,0.58,20020.67;343.6651
19997.31,0.58,20020.67;343.6708
19997.31,0.58,20020.67;343.6708
19997.31,0.58,20020.67;343.6765
19997.31,0.58,20020.67;343.6823
19997.31,0.58,20020.67;343.6823
19997.31,0.58,20020.66;343.688
19997.31,0.58,20020.66;343.688
19997.31,0.58,20020.66;343.688
19997.31,0.58,20020.66;343.6823
19997.31,0.58,20020.66;343.6823
19997.31,0.58,20020.66;343.6765
19997.31,0.58,20020.66;343.6765
19997.31,0.58,20020.66;343.6765
19997.31,0.58,20020.66;343.6823
19997.31,0.58,20020.66;343.6823
19997.31,0.58,20020.66;343.6823
19997.31,0.58,20020.66;343.688
19997.31,0.58,20020.66;343.688
19997.31,0.58,20020.66;343.688
19997.31,0.58,20020.66;343.6937
19997.31,0.58,20020.66;343.6995
19997.31,0.58,20020.66;343.6995
19997.31,0.58,20020.66;343.7052
19997.31,0.58,20020.66;343.7052
19997.31,0.58,20020.66;343.7052
19997.31,0.58,20020.65;343.7052
19997.31,0.58,20020.65;343.7052
19997.31,0.58,20020.65;343.7052
19997.31,0.58,20020.64;343.7052
19997.32,0.58,20020.64;343.7052
19997.32,0.58,20020.63;343.7052
19997.32,0.58,20020.63;343.7052
19997.32,0.58,20020.63;343.7052
19997.32,0.58,20020.62;343.7052
19997.32,0.58,20020.62;343.7052
19997.32,0.58,20020.62;343.7052
19997.32,0.58,20020.61;343.7052
19997.33,0.58,20020.6;343.7109
19997.33,0.58,20020.6;343.7109
19997.33,0.58,20020.6;343.7166
19997.33,0.58,20020.59;343.7166
19997.33,0.58,20020.58;343.7224
19997.33,0.58,20020.58;343.7224
19997.33,0.58,20020.58;343.7281
19997.34,0.58,20020.57;343.7281
19997.34,0.58,20020.57;343.7281
19997.34,0.58,20020.56;343.7281
19997.34,0.58,20020.56;343.7281
19997.34,0.58,20020.56;343.7281
19997.34,0.58,20020.55;343.7281
19997.34,0.58,20020.54;343.7281
19997.35,0.58,20020.54;343.7281
19997.35,0.58,20020.53;343.7281
19997.35,0.58,20020.53;343.7281
19997.35,0.58,20020.52;343.7281
19997.35,0.58,20020.52;343.7338
19997.35,0.58,20020.52;343.7338
19997.35,0.58,20020.51;343.7396
19997.36,0.58,20020.5;343.7396
19997.36,0.58,20020.5;343.7396
19997.36,0.58,20020.49;343.7396
19997.36,0.58,20020.49;343.7453
19997.36,0.58,20020.48;343.7453
19997.36,0.58,20020.48;343.7453
19997.36,0.58,20020.48;343.7453
19997.37,0.58,20020.47;343.7453
19997.37,0.58,20020.46;343.7453
19997.37,0.58,20020.46;343.7453
19997.37,0.58,20020.45;343.7453
19997.37,0.58,20020.44;343.7453
19997.37,0.58,20020.44;343.7453
19997.38,0.58,20020.43;343.751
19997.38,0.58,20020.43;343.751
19997.38,0.58,20020.42;343.751
19997.38,0.58,20020.42;343.751
19997.38,0.58,20020.42;343.751
19997.38,0.58,20020.41;343.751
19997.38,0.58,20020.41;343.751
19997.38,0.58,20020.41;343.751
19997.39,0.58,20020.4;343.7567
19997.39,0.58,20020.4;343.7567
19997.39,0.58,20020.38;343.7625
19997.39,0.58,20020.37;343.7682
19997.4,0.58,20020.35;343.7739
19997.4,0.58,20020.34;343.7739
19997.4,0.58,20020.34;343.7739
19997.41,0.58,20020.33;343.7739
19997.41,0.58,20020.32;343.7797
19997.41,0.58,20020.32;343.7797
19997.41,0.58,20020.3;343.7854
19997.42,0.58,20020.29;343.7854
19997.42,0.58,20020.29;343.7854
19997.42,0.58,20020.27;343.7854
19997.42,0.58,20020.27;343.7854
19997.43,0.58,20020.26;343.7911
19997.43,0.58,20020.26;343.7911
19997.43,0.58,20020.25;343.7968
19997.44,0.58,20020.23;343.7968
19997.44,0.58,20020.23;343.7968
19997.44,0.58,20020.21;343.7968
19997.44,0.58,20020.2;343.8026
19997.44,0.58,20020.2;343.8026
19997.45,0.58,20020.19;343.8026
19997.45,0.58,20020.19;343.8026
19997.45,0.58,20020.17;343.8026
19997.46,0.58,20020.15;343.8026
19997.46,0.58,20020.14;343.8026
19997.47,0.58,20020.12;343.8026
19997.47,0.58,20020.12;343.8026
19997.47,0.58,20020.11;343.8026
19997.47,0.58,20020.09;343.8026
19997.48,0.58,20020.08;343.8026
19997.48,0.58,20020.08;343.8026
19997.48,0.58,20020.06;343.8026
19997.49,0.58,20020.04;343.8083
19997.49,0.58,20020.04;343.8083
19997.5,0.58,20020.02;343.814
19997.5,0.58,20020;343.8198
19997.5,0.58,20020;343.8198
19997.5,0.58,20020;343.8255
19997.5,0.58,20019.99;343.8255
19997.5,0.58,20019.99;343.8255
19997.51,0.58,20019.97;343.8255
19997.51,0.58,20019.97;343.8255
19997.52,0.58,20019.96;343.8255
19997.52,0.58,20019.94;343.8198
19997.52,0.58,20019.94;343.8198
19997.53,0.58,20019.92;343.814
19997.53,0.58,20019.9;343.8198
19997.53,0.58,20019.9;343.8198
19997.54,0.58,20019.88;343.8255
19997.54,0.58,20019.86;343.8369
19997.55,0.58,20019.85;343.8369
19997.55,0.58,20019.85;343.8369
19997.55,0.58,20019.85;343.8369
19997.55,0.58,20019.84;343.8369
19997.55,0.58,20019.84;343.8369
19997.55,0.58,20019.84;343.8369
19997.55,0.58,20019.83;343.8312
19997.55,0.58,20019.83;343.8312
19997.55,0.58,20019.83;343.8312
19997.56,0.58,20019.81;343.8369
19997.56,0.58,20019.79;343.8427
19997.57,0.58,20019.77;343.8427
19997.57,0.58,20019.77;343.8427
19997.57,0.58,20019.75;343.8427
19997.58,0.58,20019.74;343.8427
19997.58,0.58,20019.74;343.8427
19997.59,0.58,20019.71;343.8427
19997.59,0.58,20019.69;343.8427
19997.59,0.58,20019.69;343.8427
19997.6,0.58,20019.67;343.8427
19997.61,0.58,20019.64;343.8541
19997.61,0.58,20019.62;343.8656
19997.62,0.58,20019.61;343.8656
19997.62,0.58,20019.61;343.8656
19997.62,0.58,20019.58;343.8656
19997.63,0.58,20019.56;343.8656
19997.63,0.58,20019.56;343.8656
19997.64,0.58,20019.54;343.8656
19997.64,0.58,20019.51;343.8599
19997.64,0.58,20019.51;343.8599
19997.65,0.58,20019.49;343.8541
19997.66,0.58,20019.47;343.8599
19997.66,0.58,20019.44;343.8599
19997.66,0.58,20019.44;343.8599
19997.66,0.58,20019.44;343.8599
19997.67,0.58,20019.42;343.8656
19997.67,0.58,20019.42;343.8656
19997.67,0.58,20019.42;343.8656
19997.68,0.58,20019.4;343.8656
19997.68,0.58,20019.4;343.8656
19997.68,0.58,20019.4;343.8656
19997.68,0.58,20019.38;343.8656
19997.69,0.58,20019.35;343.8656
19997.7,0.58,20019.32;343.8656
19997.7,0.58,20019.32;343.8656
19997.71,0.58,20019.3;343.8656
19997.71,0.58,20019.28;343.8656
19997.71,0.58,20019.28;343.8656
19997.72,0.58,20019.25;343.8656
19997.72,0.58,20019.23;343.8656
19997.72,0.58,20019.23;343.8656
19997.73,0.58,20019.2;343.8656
19997.74,0.58,20019.18;343.8713
19997.75,0.58,20019.16;343.877
19997.75,0.58,20019.14;343.877
19997.75,0.58,20019.14;343.877
19997.76,0.58,20019.11;343.877
19997.77,0.58,20019.09;343.8713
19997.77,0.58,20019.09;343.8713
19997.77,0.58,20019.07;343.8656
19997.78,0.58,20019.05;343.8713
19997.78,0.58,20019.05;343.8713
19997.78,0.58,20019.03;343.877
19997.78,0.58,20019.03;343.8828
19997.78,0.58,20019.03;343.8828
19997.78,0.58,20019.03;343.8828
19997.79,0.58,20019.01;343.8828
19997.79,0.58,20018.99;343.8828
19997.8,0.58,20018.97;343.8828
19997.8,0.58,20018.95;343.877
19997.8,0.58,20018.95;343.877
19997.81,0.58,20018.92;343.8828
19997.81,0.58,20018.92;343.8828
19997.82,0.58,20018.9;343.8828
19997.82,0.58,20018.9;343.8828
19997.82,0.58,20018.9;343.8828
19997.83,0.58,20018.88;343.8828
19997.83,0.58,20018.88;343.8828
19997.83,0.58,20018.88;343.8828
19997.84,0.58,20018.84;343.8828
19997.84,0.58,20018.84;343.8828
19997.84,0.58,20018.82;343.877
19997.84,0.58,20018.82;343.877
19997.85,0.58,20018.79;343.8713
19997.86,0.58,20018.77;343.8713
19997.86,0.58,20018.77;343.8713
19997.86,0.58,20018.75;343.8713
19997.87,0.58,20018.73;343.8713
19997.87,0.58,20018.73;343.8713
19997.87,0.58,20018.73;343.8713
19997.88,0.58,20018.71;343.8713
19997.88,0.58,20018.71;343.8713
19997.88,0.58,20018.71;343.8713
19997.88,0.58,20018.71;343.8713
19997.88,0.58,20018.71;343.8713
19997.88,0.58,20018.69;343.877
19997.88,0.58,20018.69;343.877
19997.88,0.58,20018.69;343.877
19997.88,0.58,20018.69;343.877
19997.88,0.58,20018.69;343.877
19997.88,0.58,20018.69;343.877
19997.89,0.58,20018.67;343.877
19997.89,0.58,20018.67;343.877
19997.89,0.58,20018.67;343.877
19997.89,0.58,20018.67;343.877
19997.89,0.58,20018.67;343.877
19997.89,0.58,20018.67;343.877
19997.89,0.58,20018.67;343.877
19997.89,0.58,20018.65;343.877
19997.89,0.58,20018.65;343.877
19997.89,0.58,20018.65;343.877
19997.9,0.58,20018.64;343.877
19997.9,0.58,20018.64;343.877
19997.9,0.58,20018.64;343.877
19997.9,0.58,20018.64;343.877
19997.9,0.58,20018.64;343.877
19997.9,0.58,20018.64;343.877
19997.9,0.58,20018.64;343.877
19997.9,0.58,20018.64;343.877
19997.9,0.58,20018.64;343.877
19997.9,0.58,20018.64;343.877
19997.9,0.58,20018.64;343.877
19997.9,0.58,20018.62;343.8713
19997.9,0.58,20018.62;343.8713
19997.9,0.58,20018.62;343.8713
19997.9,0.58,20018.62;343.8713
19997.9,0.58,20018.62;343.8713
19997.91,0.58,20018.61;343.8713
19997.91,0.58,20018.61;343.8713
19997.91,0.58,20018.61;343.8713
19997.91,0.58,20018.59;343.8713
19997.91,0.58,20018.59;343.8713
19997.91,0.58,20018.59;343.8713
19997.91,0.58,20018.57;343.8713
19997.92,0.58,20018.56;343.8713
19997.92,0.58,20018.56;343.8713
19997.92,0.58,20018.56;343.8713
19997.92,0.58,20018.54;343.8713
19997.92,0.58,20018.54;343.8713
19997.92,0.58,20018.54;343.8713
19997.93,0.58,20018.53;343.8713
19997.93,0.58,20018.53;343.8713
19997.93,0.58,20018.53;343.8713
19997.93,0.58,20018.53;343.8713
19997.93,0.58,20018.53;343.8713
19997.93,0.58,20018.54;343.8713
19997.93,0.58,20018.54;343.8713
19997.93,0.58,20018.54;343.8713
19997.93,0.58,20018.54;343.8713
19997.93,0.58,20018.54;343.8713
19997.93,0.58,20018.54;343.8713
19997.92,0.58,20018.54;343.8713
19997.92,0.58,20018.54;343.8713
19997.92,0.58,20018.54;343.8713
19997.92,0.58,20018.54;343.8713
19997.92,0.58,20018.54;343.8713
19997.92,0.58,20018.54;343.8656
19997.92,0.58,20018.54;343.8656
19997.92,0.58,20018.54;343.8656
19997.92,0.58,20018.54;343.8656
19997.92,0.58,20018.54;343.8656
19997.92,0.58,20018.54;343.8656
19997.92,0.58,20018.55;343.8656
19997.92,0.58,20018.55;343.8656
19997.92,0.58,20018.55;343.8656
19997.92,0.58,20018.54;343.8656
19997.92,0.58,20018.54;343.8656
19997.92,0.58,20018.54;343.8656
19997.93,0.58,20018.52;343.8656
19997.94,0.58,20018.49;343.8656
19997.94,0.58,20018.49;343.8656
19997.95,0.58,20018.46;343.8656
19997.96,0.58,20018.44;343.8656
19997.96,0.58,20018.44;343.8656
19997.95,0.58,20018.44;343.8656
19997.95,0.58,20018.44;343.8656
19997.95,0.58,20018.44;343.8656
19997.95,0.58,20018.44;343.8656
19997.95,0.58,20018.44;343.8656
19997.95,0.58,20018.44;343.8656
19997.95,0.58,20018.45;343.8599
19997.95,0.58,20018.45;343.8599
19997.95,0.58,20018.45;343.8599
19997.95,0.58,20018.45;343.8599
19997.95,0.58,20018.45;343.8599
19997.95,0.58,20018.45;343.8599
19997.95,0.58,20018.45;343.8599
19997.95,0.58,20018.45;343.8599
19997.95,0.58,20018.45;343.8599
19997.95,0.58,20018.45;343.8599
19997.96,0.58,20018.43;343.8599
19997.96,0.58,20018.4;343.8599
19997.96,0.58,20018.4;343.8599
19997.97,0.58,20018.38;343.8599
19997.98,0.58,20018.35;343.8541
19997.99,0.58,20018.32;343.8541
19998,0.58,20018.29;343.8541
19998.01,0.58,20018.26;343.8541
19998.01,0.58,20018.26;343.8541
19998.01,0.58,20018.25;343.8541
19998.01,0.58,20018.25;343.8541
19998.01,0.58,20018.25;343.8541
19998.01,0.58,20018.25;343.8541
19998.01,0.58,20018.25;343.8541
19998.01,0.58,20018.25;343.8541
19998.01,0.58,20018.24;343.8484
19998.01,0.58,20018.24;343.8484
19998.01,0.58,20018.24;343.8484
19998.01,0.58,20018.24;343.8484
19998.01,0.58,20018.24;343.8484
19998.01,0.58,20018.24;343.8484
19998.01,0.58,20018.23;343.8484
19998.01,0.58,20018.23;343.8484
19998.01,0.58,20018.23;343.8484
19998.01,0.58,20018.23;343.8484
19998.02,0.58,20018.23;343.8427
19998.02,0.58,20018.23;343.8427
19998.02,0.58,20018.23;343.8427
19998.02,0.58,20018.22;343.8427
19998.02,0.58,20018.22;343.8427
19998.02,0.58,20018.22;343.8427
19998.02,0.58,20018.21;343.8484
19998.02,0.58,20018.21;343.8484
19998.02,0.58,20018.21;343.8484
19998.03,0.58,20018.19;343.8427
19998.03,0.58,20018.16;343.8369
19998.04,0.58,20018.13;343.8427
19998.04,0.58,20018.13;343.8427
19998.05,0.58,20018.1;343.8484
19998.06,0.58,20018.07;343.8427
19998.06,0.58,20018.07;343.8427
19998.06,0.58,20018.07;343.8369
19998.06,0.58,20018.07;343.8369
19998.06,0.58,20018.07;343.8369
19998.06,0.58,20018.06;343.8369
19998.06,0.58,20018.06;343.8369
19998.07,0.58,20018.03;343.8427
19998.07,0.58,20018.03;343.8427
19998.07,0.58,20018.03;343.8427
19998.08,0.58,20018;343.8427
19998.08,0.58,20018;343.8427
19998.08,0.58,20018;343.8427
19998.09,0.58,20017.98;343.8369
19998.09,0.58,20017.98;343.8369
19998.09,0.58,20017.98;343.8369
19998.1,0.58,20017.95;343.8312
19998.1,0.58,20017.93;343.8312
19998.11,0.58,20017.91;343.8255
19998.11,0.58,20017.91;343.8255
19998.11,0.58,20017.89;343.8198
19998.12,0.58,20017.88;343.8198
19998.12,0.58,20017.88;343.8198
19998.12,0.58,20017.88;343.8198
19998.12,0.58,20017.86;343.8198
19998.12,0.58,20017.86;343.8198
19998.12,0.58,20017.86;343.8198
19998.13,0.58,20017.85;343.8198
19998.13,0.58,20017.83;343.814
19998.13,0.58,20017.83;343.814
19998.13,0.58,20017.83;343.814
19998.13,0.58,20017.82;343.814
19998.13,0.58,20017.82;343.814
19998.13,0.58,20017.82;343.814
19998.14,0.58,20017.79;343.814
19998.15,0.58,20017.76;343.8083
19998.15,0.58,20017.76;343.8083
19998.16,0.58,20017.73;343.8083
19998.17,0.58,20017.71;343.8083
19998.17,0.58,20017.68;343.8026
19998.17,0.58,20017.68;343.8026
19998.18,0.58,20017.65;343.7968
19998.19,0.58,20017.62;343.7968
19998.19,0.58,20017.62;343.7968
19998.2,0.58,20017.59;343.7968
19998.21,0.58,20017.56;343.7968
19998.21,0.58,20017.56;343.7968
19998.22,0.58,20017.53;343.7968
19998.22,0.58,20017.51;343.7911
19998.23,0.58,20017.48;343.7911
19998.23,0.58,20017.48;343.7911
19998.24,0.58,20017.45;343.7911
19998.25,0.58,20017.42;343.7854
19998.25,0.58,20017.42;343.7854
19998.25,0.58,20017.42;343.7854
19998.26,0.58,20017.4;343.7854
19998.26,0.58,20017.4;343.7854
19998.26,0.58,20017.4;343.7854
19998.26,0.58,20017.38;343.7797
19998.27,0.58,20017.35;343.7739
19998.28,0.58,20017.32;343.7682
19998.28,0.58,20017.32;343.7682
19998.29,0.58,20017.29;343.7625
19998.29,0.58,20017.27;343.7625
19998.29,0.58,20017.27;343.7625
19998.3,0.58,20017.24;343.7625
19998.31,0.58,20017.21;343.7567
19998.31,0.58,20017.21;343.7567
19998.32,0.58,20017.18;343.7567
19998.33,0.58,20017.16;343.7567
19998.33,0.58,20017.13;343.751
19998.33,0.58,20017.13;343.751
19998.34,0.58,20017.1;343.7453
19998.35,0.58,20017.07;343.7395
19998.35,0.58,20017.07;343.7395
19998.36,0.58,20017.04;343.7338
19998.37,0.58,20017.01;343.7281
19998.38,0.58,20016.98;343.7224
19998.38,0.58,20016.98;343.7224
19998.38,0.58,20016.96;343.7224
19998.38,0.58,20016.96;343.7224
19998.38,0.58,20016.96;343.7224
19998.39,0.58,20016.93;343.7224
19998.4,0.58,20016.9;343.7166
19998.4,0.58,20016.9;343.7166
19998.41,0.58,20016.88;343.7109
19998.41,0.58,20016.85;343.7052
19998.42,0.58,20016.82;343.6994
19998.42,0.58,20016.82;343.6994
19998.43,0.58,20016.8;343.6937
19998.44,0.58,20016.77;343.688
19998.44,0.58,20016.77;343.688
19998.45,0.58,20016.75;343.6823
19998.45,0.58,20016.72;343.6765
19998.45,0.58,20016.72;343.6765
19998.46,0.58,20016.7;343.6708
19998.47,0.58,20016.67;343.6651
19998.48,0.58,20016.64;343.6593
19998.48,0.58,20016.64;343.6593
19998.48,0.58,20016.64;343.6593
19998.48,0.58,20016.61;343.6536
19998.48,0.58,20016.61;343.6536
19998.48,0.58,20016.61;343.6536
19998.49,0.58,20016.59;343.6479
19998.49,0.58,20016.59;343.6479
19998.49,0.58,20016.59;343.6479
19998.5,0.58,20016.56;343.6422
19998.51,0.58,20016.54;343.6364
19998.51,0.58,20016.52;343.625
19998.51,0.58,20016.52;343.625
19998.51,0.58,20016.51;343.6135
19998.52,0.58,20016.51;343.6135
19998.52,0.58,20016.51;343.6135
19998.52,0.58,20016.5;343.6135
19998.52,0.58,20016.49;343.6078
19998.52,0.58,20016.49;343.6078
19998.53,0.58,20016.46;343.6021
19998.54,0.58,20016.43;343.5906
19998.54,0.58,20016.41;343.5791
19998.55,0.58,20016.39;343.5734
19998.55,0.58,20016.39;343.5734
19998.56,0.58,20016.37;343.5677
19998.56,0.58,20016.34;343.562
19998.56,0.58,20016.34;343.562
19998.57,0.58,20016.31;343.5562
19998.58,0.58,20016.29;343.5505
19998.58,0.58,20016.29;343.5505
19998.59,0.58,20016.26;343.5447
19998.6,0.58,20016.23;343.5333
19998.61,0.58,20016.21;343.5276
19998.61,0.58,20016.21;343.5276
19998.61,0.58,20016.21;343.5276
19998.61,0.58,20016.18;343.5218
19998.61,0.58,20016.18;343.5218
19998.61,0.58,20016.18;343.5218
19998.62,0.58,20016.15;343.5104
19998.62,0.58,20016.15;343.5104
19998.62,0.58,20016.15;343.5104
19998.63,0.58,20016.13;343.5046
19998.63,0.58,20016.11;343.4989
19998.64,0.58,20016.08;343.4932
19998.64,0.58,20016.08;343.4932
19998.64,0.58,20016.08;343.4875
19998.64,0.58,20016.07;343.476
19998.64,0.58,20016.07;343.476
19998.65,0.58,20016.05;343.4645
19998.66,0.58,20016.03;343.4588
19998.66,0.58,20016.03;343.4588
19998.66,0.58,20016.01;343.4531
19998.67,0.58,20016;343.4416
19998.67,0.58,20015.99;343.4359
19998.67,0.58,20015.99;343.4359
19998.67,0.58,20015.99;343.4359
19998.67,0.58,20015.99;343.4244
19998.67,0.58,20015.99;343.4244
19998.67,0.58,20015.99;343.4244
19998.67,0.58,20015.98;343.413
19998.67,0.58,20015.98;343.413
19998.67,0.58,20015.98;343.413
19998.67,0.58,20015.97;343.4073
19998.68,0.58,20015.96;343.4015
19998.68,0.58,20015.95;343.3901
19998.68,0.58,20015.95;343.3901
19998.69,0.58,20015.92;343.3843
19998.69,0.58,20015.92;343.3843
19998.7,0.58,20015.9;343.3786
19998.7,0.58,20015.88;343.3672
19998.7,0.58,20015.88;343.3672
19998.71,0.58,20015.85;343.3614
19998.71,0.58,20015.85;343.3614
19998.72,0.58,20015.83;343.35
19998.72,0.58,20015.83;343.35
19998.72,0.58,20015.83;343.35
19998.72,0.58,20015.8;343.3442
19998.72,0.58,20015.8;343.3442
19998.72,0.58,20015.8;343.3442
19998.73,0.58,20015.79;343.3328
19998.73,0.58,20015.79;343.3328
19998.73,0.58,20015.78;343.3213
19998.73,0.58,20015.78;343.3213
19998.73,0.58,20015.78;343.3213
19998.73,0.58,20015.77;343.3098
19998.73,0.58,20015.77;343.3098
19998.74,0.58,20015.75;343.2984
19998.75,0.58,20015.73;343.2927
19998.75,0.58,20015.73;343.2927
19998.75,0.58,20015.73;343.2927
19998.75,0.58,20015.71;343.2812
19998.75,0.58,20015.71;343.2812
19998.76,0.58,20015.69;343.2697
19998.76,0.58,20015.69;343.2697
19998.77,0.58,20015.67;343.2583
19998.77,0.58,20015.64;343.2468
19998.77,0.58,20015.64;343.2468
19998.78,0.58,20015.62;343.2354
19998.79,0.58,20015.6;343.2239
19998.79,0.58,20015.6;343.2239
19998.79,0.58,20015.59;343.2125
19998.79,0.58,20015.59;343.2125
19998.79,0.58,20015.57;343.201
19998.79,0.58,20015.57;343.201
19998.79,0.58,20015.57;343.201
19998.79,0.58,20015.57;343.201
19998.8,0.58,20015.56;343.201
19998.8,0.58,20015.56;343.201
19998.8,0.58,20015.56;343.201
19998.8,0.58,20015.55;343.1895
19998.8,0.58,20015.55;343.1895
19998.8,0.58,20015.54;343.1781
19998.8,0.58,20015.54;343.1666
19998.8,0.58,20015.54;343.1552
19998.8,0.58,20015.54;343.1552
19998.81,0.58,20015.53;343.1437
19998.81,0.58,20015.52;343.1323
19998.81,0.58,20015.52;343.1323
19998.82,0.58,20015.49;343.1208
19998.82,0.58,20015.49;343.1208
19998.82,0.58,20015.47;343.1151
19998.83,0.58,20015.46;343.1093
19998.83,0.58,20015.44;343.0921
19998.84,0.58,20015.43;343.075
19998.84,0.58,20015.42;343.0692
19998.84,0.58,20015.42;343.0692
19998.84,0.58,20015.42;343.0692
19998.84,0.58,20015.41;343.052
19998.84,0.58,20015.41;343.052
19998.84,0.58,20015.41;343.0349
19998.84,0.58,20015.41;343.0234
19998.84,0.58,20015.41;343.0234
19998.84,0.58,20015.41;343.0119
19998.85,0.58,20015.4;343.0005
19998.85,0.58,20015.4;342.989
19998.85,0.58,20015.4;342.989
19998.85,0.58,20015.39;342.9776
19998.85,0.58,20015.39;342.9661
19998.85,0.58,20015.39;342.9661
19998.85,0.58,20015.39;342.9661
19998.86,0.58,20015.37;342.9547
19998.86,0.58,20015.37;342.9547
19998.86,0.58,20015.37;342.9547
19998.86,0.58,20015.37;342.9432
19998.86,0.58,20015.37;342.9432
19998.86,0.58,20015.37;342.9317
19998.86,0.58,20015.37;342.9317
19998.86,0.58,20015.35;342.9203
19998.86,0.58,20015.34;342.9031
19998.86,0.58,20015.34;342.9031
19998.87,0.58,20015.32;342.8859
19998.88,0.58,20015.3;342.8744
19998.88,0.58,20015.3;342.8744
19998.88,0.58,20015.29;342.863
19998.89,0.58,20015.27;342.8458
19998.89,0.58,20015.25;342.8401
19998.89,0.58,20015.25;342.8401
19998.89,0.58,20015.25;342.8401
19998.9,0.58,20015.24;342.8229
19998.9,0.58,20015.24;342.8229
19998.9,0.58,20015.22;342.8057
19998.91,0.58,20015.2;342.7885
19998.91,0.58,20015.2;342.7885
19998.91,0.58,20015.18;342.7713
19998.92,0.58,20015.16;342.7599
19998.92,0.58,20015.15;342.7484
19998.93,0.58,20015.13;342.7312
19998.93,0.58,20015.13;342.7312
19998.93,0.58,20015.12;342.7197
19998.93,0.58,20015.12;342.7197
19998.94,0.58,20015.1;342.7083
19998.94,0.58,20015.08;342.6968
19998.94,0.58,20015.08;342.6968
19998.95,0.58,20015.07;342.6796
19998.95,0.58,20015.07;342.6796
19998.96,0.58,20015.05;342.6682
19998.96,0.58,20015.05;342.6682
19998.96,0.58,20015.05;342.6682
19998.96,0.58,20015.04;342.6567
19998.96,0.58,20015.03;342.6453
19998.96,0.58,20015.03;342.6453
19998.97,0.58,20015.01;342.6338
19998.97,0.58,20014.99;342.6166
19998.97,0.58,20014.99;342.6166
19998.98,0.58,20014.97;342.5994
19998.98,0.58,20014.96;342.5822
19998.99,0.58,20014.95;342.5708
19998.99,0.58,20014.95;342.5708
19998.99,0.58,20014.93;342.5593
19999,0.58,20014.92;342.5421
19999,0.58,20014.92;342.5421
19999,0.58,20014.92;342.5421
19999,0.58,20014.9;342.5249
19999,0.58,20014.9;342.5249
19999.01,0.58,20014.89;342.5135
19999.01,0.58,20014.89;342.5135
19999.01,0.58,20014.88;342.502
19999.01,0.58,20014.86;342.4848
19999.01,0.58,20014.86;342.4848
19999.02,0.58,20014.85;342.4677
19999.02,0.58,20014.84;342.4562
19999.02,0.58,20014.84;342.4562
19999.03,0.58,20014.82;342.4447
19999.03,0.58,20014.81;342.4276
19999.04,0.58,20014.79;342.4104
19999.04,0.58,20014.79;342.4104
19999.04,0.58,20014.79;342.4104
19999.04,0.58,20014.79;342.3932
19999.04,0.58,20014.79;342.3817
19999.04,0.58,20014.79;342.3817
19999.04,0.58,20014.79;342.3645
19999.04,0.58,20014.79;342.3645
19999.04,0.58,20014.79;342.3645
19999.04,0.58,20014.79;342.3645
19999.04,0.58,20014.79;342.3531
19999.04,0.58,20014.79;342.3359
19999.04,0.58,20014.79;342.3359
19999.04,0.58,20014.79;342.3359
19999.04,0.58,20014.79;342.3187
19999.04,0.58,20014.79;342.3187
19999.04,0.58,20014.79;342.3187
19999.04,0.58,20014.78;342.3015
19999.04,0.58,20014.78;342.3015
19999.04,0.58,20014.78;342.3015
19999.04,0.58,20014.78;342.2843
19999.04,0.58,20014.78;342.2729
19999.04,0.58,20014.78;342.2729
19999.04,0.58,20014.78;342.2729
19999.04,0.58,20014.78;342.2729
19999.04,0.58,20014.78;342.2557
19999.04,0.58,20014.78;342.2557
19999.04,0.58,20014.78;342.2557
19999.04,0.58,20014.78;342.2385
19999.04,0.58,20014.78;342.2385
19999.04,0.58,20014.78;342.2385
19999.04,0.58,20014.77;342.2213
19999.04,0.58,20014.77;342.2041
19999.04,0.58,20014.77;342.2041
19999.04,0.58,20014.77;342.2041
19999.04,0.58,20014.77;342.2041
19999.04,0.58,20014.77;342.1927
19999.04,0.58,20014.77;342.1927
19999.04,0.58,20014.77;342.1697
19999.04,0.58,20014.77;342.1697
19999.04,0.58,20014.77;342.1697
19999.05,0.58,20014.76;342.1468
19999.05,0.58,20014.75;342.1354
19999.05,0.58,20014.74;342.1182
19999.05,0.58,20014.74;342.1182
19999.05,0.58,20014.74;342.1182
19999.05,0.58,20014.73;342.101
19999.05,0.58,20014.73;342.101
19999.05,0.58,20014.73;342.101
19999.06,0.58,20014.73;342.0838
19999.06,0.58,20014.73;342.0838
19999.06,0.58,20014.73;342.0838
19999.06,0.58,20014.72;342.0666
19999.06,0.58,20014.71;342.0494
19999.06,0.58,20014.71;342.038
19999.06,0.58,20014.71;342.038
19999.07,0.58,20014.7;342.0265
19999.07,0.58,20014.69;342.0036
19999.07,0.58,20014.69;342.0036
19999.07,0.58,20014.69;341.9807
19999.07,0.58,20014.68;341.9692
19999.07,0.58,20014.68;341.9692
19999.07,0.58,20014.67;341.9578
19999.08,0.58,20014.67;341.9406
19999.08,0.58,20014.66;341.9234
19999.08,0.58,20014.66;341.9234
19999.08,0.58,20014.66;341.9234
19999.08,0.58,20014.66;341.9234
19999.08,0.58,20014.66;341.9062
19999.08,0.58,20014.66;341.9062
19999.08,0.58,20014.66;341.9062
19999.08,0.58,20014.65;341.889
19999.08,0.58,20014.64;341.8718
19999.08,0.58,20014.64;341.8718
19999.09,0.58,20014.64;341.8546
19999.09,0.58,20014.64;341.8546
19999.09,0.58,20014.64;341.8374
19999.09,0.58,20014.63;341.8203
19999.09,0.58,20014.63;341.8203
19999.09,0.58,20014.63;341.8203
19999.09,0.58,20014.63;341.8031
19999.09,0.58,20014.63;341.8031
19999.09,0.58,20014.63;341.7859
19999.09,0.58,20014.63;341.7859
19999.09,0.58,20014.62;341.7687
19999.09,0.58,20014.62;341.7515
19999.09,0.58,20014.62;341.7515
19999.09,0.58,20014.62;341.7343
19999.09,0.58,20014.62;341.7229
19999.09,0.58,20014.62;341.7229
19999.09,0.58,20014.61;341.7114
19999.09,0.58,20014.61;341.6942
19999.09,0.58,20014.61;341.6942
19999.09,0.58,20014.61;341.677
19999.1,0.58,20014.61;341.6598
19999.1,0.58,20014.61;341.6426
19999.1,0.58,20014.61;341.6426
19999.1,0.58,20014.61;341.6255
19999.1,0.58,20014.61;341.6083
19999.1,0.58,20014.61;341.6083
19999.1,0.58,20014.61;341.6083
19999.1,0.58,20014.61;341.5911
19999.1,0.58,20014.61;341.5911
19999.1,0.58,20014.61;341.5739
19999.1,0.58,20014.61;341.5739
19999.1,0.58,20014.61;341.5567
19999.1,0.58,20014.61;341.5453
19999.1,0.58,20014.61;341.5453
19999.1,0.58,20014.61;341.5338
19999.1,0.58,20014.61;341.5109
19999.1,0.58,20014.61;341.5109
19999.1,0.58,20014.61;341.4879
19999.1,0.58,20014.61;341.465
19999.09,0.58,20014.61;341.4536
19999.09,0.58,20014.61;341.4536
19999.09,0.58,20014.61;341.4421
19999.09,0.58,20014.62;341.4192
19999.09,0.58,20014.62;341.4192
19999.09,0.58,20014.62;341.4192
19999.09,0.58,20014.62;341.402
19999.09,0.58,20014.62;341.402
19999.09,0.58,20014.62;341.402
19999.09,0.58,20014.62;341.3848
19999.09,0.58,20014.63;341.3676
19999.09,0.58,20014.63;341.3505
19999.09,0.58,20014.63;341.3505
19999.09,0.58,20014.63;341.3333
19999.09,0.58,20014.63;341.3104
19999.09,0.58,20014.63;341.3104
19999.08,0.58,20014.64;341.2874
19999.08,0.58,20014.65;341.2702
19999.08,0.58,20014.65;341.2702
19999.08,0.58,20014.65;341.2531
19999.08,0.58,20014.66;341.2359
19999.08,0.58,20014.66;341.2187
19999.07,0.58,20014.67;341.2015
19999.07,0.58,20014.67;341.2015
19999.07,0.58,20014.67;341.1843
19999.07,0.58,20014.68;341.1671
19999.07,0.58,20014.68;341.1671
19999.07,0.58,20014.69;341.1499
19999.07,0.58,20014.7;341.127
19999.07,0.58,20014.7;341.127
19999.06,0.58,20014.7;341.1041
19999.06,0.58,20014.71;341.0869
19999.06,0.58,20014.72;341.0697
19999.06,0.58,20014.72;341.0525
19999.06,0.58,20014.72;341.0525
19999.05,0.58,20014.73;341.0353
19999.05,0.58,20014.74;341.0124
19999.05,0.58,20014.74;341.0124
19999.05,0.58,20014.75;340.9895
19999.04,0.58,20014.76;340.9723
19999.04,0.58,20014.76;340.9723
19999.04,0.58,20014.76;340.9551
19999.04,0.58,20014.77;340.938
19999.04,0.58,20014.78;340.915
19999.04,0.58,20014.78;340.915
19999.04,0.58,20014.78;340.915
19999.03,0.58,20014.79;340.8978
19999.03,0.58,20014.79;340.8978
19999.03,0.58,20014.79;340.8978
19999.03,0.58,20014.8;340.8749
19999.03,0.58,20014.8;340.8749
19999.03,0.58,20014.8;340.8749
19999.03,0.58,20014.81;340.852
19999.02,0.58,20014.82;340.8291
19999.02,0.58,20014.83;340.8176
19999.01,0.58,20014.84;340.789
19999.01,0.58,20014.84;340.789
19999.01,0.58,20014.84;340.789
19999.01,0.58,20014.86;340.7661
19999.01,0.58,20014.86;340.7661
19999.01,0.58,20014.86;340.7661
19999.01,0.58,20014.87;340.7489
19999,0.58,20014.88;340.7317
19998.99,0.58,20014.9;340.7088
19998.99,0.58,20014.9;340.7088
19998.99,0.58,20014.91;340.6859
19998.99,0.58,20014.93;340.6687
19998.99,0.58,20014.93;340.6687
19998.98,0.58,20014.94;340.6515
19998.98,0.58,20014.95;340.6343
19998.98,0.58,20014.95;340.6343
19998.97,0.58,20014.96;340.6114
19998.97,0.58,20014.96;340.6114
19998.97,0.58,20014.98;340.5885
19998.96,0.58,20014.99;340.5656
19998.96,0.58,20014.99;340.5656
19998.96,0.58,20015;340.5426
19998.95,0.58,20015.02;340.5255
19998.95,0.58,20015.02;340.5255
19998.95,0.58,20015.03;340.5082
19998.94,0.58,20015.04;340.4853
19998.94,0.58,20015.04;340.4853
19998.94,0.58,20015.06;340.4624
19998.93,0.58,20015.08;340.4395
19998.93,0.58,20015.09;340.4223
19998.93,0.58,20015.09;340.4223
19998.92,0.58,20015.11;340.4051
19998.92,0.58,20015.12;340.3822
19998.92,0.58,20015.12;340.3822
19998.91,0.58,20015.14;340.3593
19998.9,0.58,20015.16;340.3364
19998.9,0.58,20015.16;340.3364
19998.9,0.58,20015.17;340.3134
19998.9,0.58,20015.17;340.3134
19998.89,0.58,20015.19;340.2905
19998.89,0.58,20015.19;340.2905
19998.89,0.58,20015.19;340.2905
19998.89,0.58,20015.2;340.2676
19998.89,0.58,20015.2;340.2676
19998.89,0.58,20015.2;340.2676
19998.89,0.58,20015.2;340.2676
19998.88,0.58,20015.22;340.2504
19998.88,0.58,20015.23;340.2218
19998.88,0.58,20015.23;340.2218
19998.87,0.58,20015.25;340.1931
19998.87,0.58,20015.26;340.1702
19998.87,0.58,20015.26;340.1702
19998.86,0.58,20015.28;340.1473
19998.85,0.58,20015.3;340.1301
19998.85,0.58,20015.3;340.1301
19998.85,0.58,20015.3;340.1301
19998.85,0.58,20015.32;340.1015
19998.84,0.58,20015.34;340.0728
19998.83,0.58,20015.36;340.0499
19998.83,0.58,20015.36;340.0499
19998.83,0.58,20015.37;340.027
19998.83,0.58,20015.37;340.0098
19998.83,0.58,20015.37;340.0098
19998.83,0.58,20015.37;340.0098
19998.83,0.58,20015.37;339.9869
19998.83,0.58,20015.37;339.9869
19998.83,0.58,20015.37;339.9869
19998.82,0.58,20015.38;339.964
19998.82,0.58,20015.38;339.941
19998.82,0.58,20015.38;339.941
19998.82,0.58,20015.38;339.941
19998.82,0.58,20015.38;339.9182
19998.82,0.58,20015.38;339.9182
19998.82,0.58,20015.38;339.9182
19998.82,0.58,20015.39;339.9009
19998.82,0.58,20015.39;339.9009
19998.82,0.58,20015.39;339.9009
19998.82,0.58,20015.39;339.8838
19998.82,0.58,20015.4;339.8608
19998.82,0.58,20015.4;339.8608
19998.82,0.58,20015.4;339.8608
19998.82,0.58,20015.4;339.8494
19998.82,0.58,20015.4;339.8494
19998.82,0.58,20015.4;339.8494
19998.81,0.58,20015.4;339.8322
19998.81,0.58,20015.4;339.8322
19998.81,0.58,20015.4;339.8322
19998.81,0.58,20015.41;339.8207
19998.81,0.58,20015.41;339.8207
19998.81,0.58,20015.41;339.815
19998.81,0.58,20015.41;339.815
19998.81,0.58,20015.42;339.8093
19998.8,0.58,20015.44;339.7978
19998.8,0.58,20015.44;339.7978
19998.8,0.58,20015.45;339.7864
19998.79,0.58,20015.47;339.7806
19998.79,0.58,20015.47;339.7806
19998.79,0.58,20015.47;339.7749
19998.79,0.58,20015.47;339.7635
19998.79,0.58,20015.48;339.7577
19998.79,0.58,20015.48;339.7577
19998.79,0.58,20015.48;339.7577
19998.79,0.58,20015.48;339.752
19998.79,0.58,20015.48;339.752
19998.79,0.58,20015.48;339.752
19998.79,0.58,20015.49;339.7463
19998.79,0.58,20015.49;339.7463
19998.79,0.58,20015.49;339.7463
19998.78,0.58,20015.49;339.7463
19998.78,0.58,20015.49;339.7463
19998.78,0.58,20015.49;339.7405
19998.78,0.58,20015.49;339.7405
19998.78,0.58,20015.49;339.7405
19998.78,0.58,20015.5;339.7405
19998.78,0.58,20015.5;339.7405
19998.78,0.58,20015.5;339.7405
19998.78,0.58,20015.5;339.7405
19998.78,0.58,20015.5;339.7405
19998.78,0.58,20015.5;339.7405
19998.78,0.58,20015.5;339.7405
19998.78,0.58,20015.51;339.7348
19998.78,0.58,20015.51;339.7348
19998.78,0.58,20015.51;339.7348
19998.78,0.58,20015.51;339.7291
19998.78,0.58,20015.51;339.7291
19998.78,0.58,20015.51;339.7291
19998.77,0.58,20015.52;339.7291
19998.77,0.58,20015.52;339.7291
19998.77,0.58,20015.52;339.7291
19998.77,0.58,20015.52;339.7291
19998.77,0.58,20015.52;339.7291
19998.77,0.58,20015.52;339.7291
19998.77,0.58,20015.52;339.7291
19998.77,0.58,20015.52;339.7291
19998.77,0.58,20015.53;339.7291
19998.77,0.58,20015.53;339.7291
19998.77,0.58,20015.53;339.7291
19998.77,0.58,20015.53;339.7291
19998.77,0.58,20015.53;339.7291
19998.77,0.58,20015.54;339.7291
19998.77,0.58,20015.54;339.7291
19998.77,0.58,20015.54;339.7291
19998.77,0.58,20015.54;339.7291
19998.77,0.58,20015.54;339.7291
19998.77,0.58,20015.54;339.7291
19998.76,0.58,20015.54;339.7291
19998.76,0.58,20015.54;339.7291
19998.76,0.58,20015.54;339.7291
19998.76,0.58,20015.54;339.7291
19998.76,0.58,20015.55;339.7291
19998.76,0.58,20015.55;339.7291
19998.76,0.58,20015.55;339.7291
19998.76,0.58,20015.55;339.7291
19998.76,0.58,20015.55;339.7291
19998.76,0.58,20015.55;339.7291
19998.76,0.58,20015.55;339.7291
19998.76,0.58,20015.56;339.7291
19998.76,0.58,20015.56;339.7291
19998.76,0.58,20015.56;339.7291
19998.76,0.58,20015.56;339.7291
19998.76,0.58,20015.56;339.7291
19998.76,0.58,20015.56;339.7291
19998.76,0.58,20015.56;339.7291
19998.75,0.58,20015.57;339.7291
19998.75,0.58,20015.57;339.7291
19998.75,0.58,20015.57;339.7291
19998.75,0.58,20015.57;339.7291
19998.75,0.58,20015.57;339.7291
19998.75,0.58,20015.57;339.7291
19998.75,0.58,20015.58;339.7291
19998.75,0.58,20015.58;339.7291
19998.75,0.58,20015.58;339.7291
19998.75,0.58,20015.58;339.7291
19998.75,0.58,20015.58;339.7291
19998.75,0.58,20015.58;339.7291
19998.75,0.58,20015.58;339.7291
19998.75,0.58,20015.58;339.7291
19998.75,0.58,20015.59;339.7291
19998.75,0.58,20015.59;339.7291
19998.75,0.58,20015.59;339.7291
19998.75,0.58,20015.59;339.7291
19998.74,0.58,20015.59;339.7291
19998.74,0.58,20015.59;339.7291
19998.74,0.58,20015.59;339.7291
19998.74,0.58,20015.6;339.7291
19998.74,0.58,20015.6;339.7291
19998.74,0.58,20015.6;339.7291
19998.74,0.58,20015.6;339.7291
19998.74,0.58,20015.6;339.7291
19998.74,0.58,20015.6;339.7291
19998.74,0.58,20015.6;339.7291
19998.74,0.58,20015.6;339.7291
19998.74,0.58,20015.59;339.7291
19998.74,0.58,20015.59;339.7291
19998.74,0.58,20015.59;339.7291
19998.75,0.58,20015.59;339.7291
19998.75,0.58,20015.59;339.7291
19998.75,0.58,20015.59;339.7291
19998.75,0.58,20015.59;339.7291
19998.75,0.58,20015.59;339.7291
19998.75,0.58,20015.59;339.7291
19998.75,0.58,20015.58;339.7291
19998.75,0.58,20015.58;339.7291
19998.75,0.58,20015.58;339.7291
19998.75,0.58,20015.58;339.7291
19998.75,0.58,20015.58;339.7291
19998.75,0.58,20015.58;339.7291
19998.75,0.58,20015.58;339.7291
19998.75,0.58,20015.57;339.7291
19998.75,0.58,20015.57;339.7291
19998.75,0.58,20015.57;339.7291
19998.75,0.58,20015.57;339.7291
19998.75,0.58,20015.57;339.7291
19998.75,0.58,20015.57;339.7291
19998.75,0.58,20015.57;339.7291
19998.75,0.58,20015.57;339.7291
19998.76,0.58,20015.56;339.7291
19998.76,0.58,20015.56;339.7291
19998.76,0.58,20015.56;339.7291
19998.76,0.58,20015.56;339.7291
19998.76,0.58,20015.55;339.7291
19998.76,0.58,20015.55;339.7291
19998.76,0.58,20015.55;339.7291
19998.76,0.58,20015.55;339.7291
19998.76,0.58,20015.55;339.7291
19998.76,0.58,20015.55;339.7291
19998.76,0.58,20015.54;339.7291
19998.76,0.58,20015.54;339.7291
19998.76,0.58,20015.54;339.7291
19998.76,0.58,20015.54;339.7291
19998.76,0.58,20015.54;339.7291
19998.76,0.58,20015.54;339.7291
19998.76,0.58,20015.54;339.7291
19998.76,0.58,20015.54;339.7291
19998.76,0.58,20015.54;339.7291
19998.76,0.58,20015.54;339.7291
19998.76,0.58,20015.54;339.7291
19998.76,0.58,20015.54;339.7291
19998.76,0.58,20015.54;339.7291
19998.76,0.58,20015.54;339.7291
19998.76,0.58,20015.54;339.7291
19998.76,0.58,20015.54;339.7291
19998.76,0.58,20015.54;339.7291
19998.76,0.58,20015.54;339.7291
19998.76,0.58,20015.55;339.7291
19998.76,0.58,20015.55;339.7291
19998.76,0.58,20015.54;339.7291
19998.76,0.58,20015.54;339.7291
19998.76,0.58,20015.54;339.7291
19998.76,0.58,20015.54;339.7291
19998.76,0.58,20015.54;339.7291
19998.76,0.58,20015.54;339.7291
19998.76,0.58,20015.54;339.7291
19998.76,0.58,20015.54;339.7291
19998.76,0.58,20015.54;339.7291
19998.77,0.58,20015.54;339.7291
19998.77,0.58,20015.54;339.7291
19998.77,0.58,20015.54;339.7291
19998.77,0.58,20015.54;339.7291
19998.77,0.58,20015.54;339.7291
19998.77,0.58,20015.54;339.7291
19998.77,0.58,20015.53;339.7291
19998.77,0.58,20015.53;339.7291
19998.77,0.58,20015.53;339.7291
19998.77,0.58,20015.53;339.7291
19998.77,0.58,20015.53;339.7291
19998.77,0.58,20015.53;339.7291
19998.77,0.58,20015.53;339.7291
19998.77,0.58,20015.53;339.7291
19998.77,0.58,20015.53;339.7291
19998.77,0.58,20015.53;339.7291
19998.77,0.58,20015.52;339.7291
19998.77,0.58,20015.52;339.7291
19998.77,0.58,20015.52;339.7291
19998.77,0.58,20015.52;339.7291
19998.77,0.58,20015.52;339.7291
19998.77,0.58,20015.52;339.7291
19998.77,0.58,20015.52;339.7291
19998.77,0.58,20015.52;339.7291
19998.77,0.58,20015.52;339.7291
19998.77,0.58,20015.52;339.7291
19998.77,0.58,20015.52;339.7291
19998.77,0.58,20015.52;339.7291
19998.77,0.58,20015.52;339.7291
19998.77,0.58,20015.52;339.7291
19998.77,0.58,20015.52;339.7291
19998.77,0.58,20015.52;339.7291
19998.77,0.58,20015.52;339.7291
19998.77,0.58,20015.52;339.7291
19998.77,0.58,20015.52;339.7291
19998.77,0.58,20015.52;339.7291
19998.77,0.58,20015.52;339.7291
19998.77,0.58,20015.51;339.7291
19998.78,0.58,20015.51;339.7291
19998.78,0.58,20015.51;339.7291
19998.78,0.58,20015.51;339.7291
19998.78,0.58,20015.51;339.7291
19998.78,0.58,20015.51;339.7291
19998.78,0.58,20015.51;339.7291
19998.78,0.58,20015.51;339.7291
19998.78,0.58,20015.51;339.7291
19998.78,0.58,20015.51;339.7291
19998.78,0.58,20015.51;339.7291
19998.78,0.58,20015.51;339.7291
19998.78,0.58,20015.51;339.7291
19998.78,0.58,20015.51;339.7291
19998.78,0.58,20015.51;339.7291
19998.78,0.58,20015.51;339.7291
19998.78,0.58,20015.51;339.7291
19998.78,0.58,20015.51;339.7291
19998.78,0.58,20015.51;339.7291
19998.78,0.58,20015.51;339.7291
19998.78,0.58,20015.51;339.7291
19998.78,0.58,20015.51;339.7291
19998.78,0.58,20015.51;339.7291
19998.78,0.58,20015.51;339.7291
19998.78,0.58,20015.51;339.7291
19998.78,0.58,20015.51;339.7291
19998.78,0.58,20015.51;339.7291
19998.78,0.58,20015.51;339.7291
19998.78,0.58,20015.51;339.7291
19998.78,0.58,20015.51;339.7291
19998.78,0.58,20015.51;339.7291
19998.78,0.58,20015.51;339.7291
19998.78,0.58,20015.51;339.7291
19998.78,0.58,20015.51;339.7291
19998.78,0.58,20015.51;339.7291
19998.78,0.58,20015.51;339.7291
19998.78,0.58,20015.51;339.7291
19998.78,0.58,20015.51;339.7291
19998.78,0.58,20015.51;339.7291
19998.78,0.58,20015.51;339.7291
19998.78,0.58,20015.51;339.7291
19998.78,0.58,20015.51;339.7291
19998.78,0.58,20015.51;339.7291
19998.78,0.58,20015.51;339.7291
19998.78,0.58,20015.51;339.7291
19998.78,0.58,20015.51;339.7291
19998.78,0.58,20015.51;339.7291
19998.78,0.58,20015.51;339.7291
19998.77,0.58,20015.51;339.7291
19998.77,0.58,20015.51;339.7291
19998.77,0.58,20015.51;339.7291
19998.77,0.58,20015.52;339.7291
19998.77,0.58,20015.52;339.7291
19998.77,0.58,20015.52;339.7291
19998.77,0.58,20015.52;339.7291
19998.77,0.58,20015.52;339.7291
19998.77,0.58,20015.52;339.7291
19998.77,0.58,20015.52;339.7291
19998.77,0.58,20015.52;339.7291
19998.77,0.58,20015.53;339.7291
19998.77,0.58,20015.53;339.7291
19998.77,0.58,20015.53;339.7291
19998.77,0.58,20015.53;339.7291
19998.77,0.58,20015.53;339.7291
19998.77,0.58,20015.53;339.7291
19998.77,0.58,20015.53;339.7291
19998.77,0.58,20015.53;339.7291
19998.77,0.58,20015.53;339.7291
19998.77,0.58,20015.53;339.7291
19998.77,0.58,20015.53;339.7291
19998.77,0.58,20015.53;339.7291
19998.77,0.58,20015.53;339.7291
19998.77,0.58,20015.54;339.7291
19998.77,0.58,20015.54;339.7291
19998.77,0.58,20015.54;339.7291
19998.77,0.58,20015.54;339.7291
19998.77,0.58,20015.54;339.7291
19998.77,0.58,20015.54;339.7291
19998.77,0.58,20015.54;339.7291
19998.77,0.58,20015.54;339.7291
19998.77,0.58,20015.54;339.7291
19998.77,0.58,20015.54;339.7291
19998.76,0.58,20015.54;339.7291
19998.76,0.58,20015.54;339.7291
19998.76,0.58,20015.54;339.7291
19998.76,0.58,20015.54;339.7291
19998.76,0.58,20015.54;339.7291
19998.76,0.58,20015.54;339.7291
19998.76,0.58,20015.54;339.7291
19998.76,0.58,20015.54;339.7291
19998.76,0.58,20015.55;339.7291
19998.76,0.58,20015.55;339.7291
19998.76,0.58,20015.55;339.7291
19998.76,0.58,20015.55;339.7291
19998.76,0.58,20015.55;339.7291
19998.76,0.58,20015.55;339.7291
19998.76,0.58,20015.55;339.7291
19998.76,0.58,20015.55;339.7291
19998.76,0.58,20015.55;339.7291
19998.76,0.58,20015.55;339.7291
19998.76,0.58,20015.55;339.7291
19998.76,0.58,20015.56;339.7291
19998.76,0.58,20015.56;339.7291
19998.76,0.58,20015.56;339.7291
19998.76,0.58,20015.56;339.7291
19998.76,0.58,20015.56;339.7291
19998.76,0.58,20015.56;339.7291
19998.76,0.58,20015.56;339.7291
19998.76,0.58,20015.56;339.7291
19998.76,0.58,20015.56;339.7291
19998.76,0.58,20015.56;339.7291
19998.76,0.58,20015.56;339.7291
19998.76,0.58,20015.56;339.7291
19998.76,0.58,20015.56;339.7291
19998.76,0.58,20015.56;339.7291
19998.76,0.58,20015.56;339.7291
19998.75,0.58,20015.57;339.7291
19998.75,0.58,20015.57;339.7291
19998.75,0.58,20015.57;339.7291
19998.75,0.58,20015.57;339.7291
19998.75,0.58,20015.57;339.7291
19998.75,0.58,20015.57;339.7291
19998.75,0.58,20015.57;339.7291
19998.75,0.58,20015.57;339.7291
19998.75,0.58,20015.57;339.7291
19998.75,0.58,20015.58;339.7291
19998.75,0.58,20015.58;339.7291
19998.75,0.58,20015.58;339.7291
19998.75,0.58,20015.58;339.7291
19998.75,0.58,20015.58;339.7291
19998.75,0.58,20015.58;339.7291
19998.75,0.58,20015.58;339.7291
19998.75,0.58,20015.59;339.7291
19998.75,0.58,20015.59;339.7291
19998.75,0.58,20015.59;339.7291
19998.75,0.58,20015.59;339.7291
19998.75,0.58,20015.59;339.7291
19998.74,0.58,20015.59;339.7291
19998.74,0.58,20015.59;339.7291
19998.74,0.58,20015.59;339.7291
19998.74,0.58,20015.59;339.7291
19998.74,0.58,20015.59;339.7291
19998.74,0.58,20015.59;339.7291
19998.74,0.58,20015.6;339.7291
19998.74,0.58,20015.6;339.7291
19998.74,0.58,20015.6;339.7291
19998.74,0.58,20015.6;339.7291
19998.74,0.58,20015.6;339.7291
19998.74,0.58,20015.6;339.7291
19998.74,0.58,20015.6;339.7291
19998.74,0.58,20015.6;339.7291
19998.74,0.58,20015.6;339.7291
19998.74,0.58,20015.6;339.7291
19998.74,0.58,20015.6;339.7291
19998.74,0.58,20015.6;339.7291
19998.74,0.58,20015.6;339.7291
19998.74,0.58,20015.61;339.7291
19998.74,0.58,20015.61;339.7291
19998.74,0.58,20015.61;339.7291
19998.74,0.58,20015.61;339.7291
19998.74,0.58,20015.61;339.7291
19998.74,0.58,20015.61;339.7291
19998.74,0.58,20015.61;339.7291
19998.74,0.58,20015.61;339.7291
19998.74,0.58,20015.61;339.7291
19998.74,0.58,20015.61;339.7291
19998.74,0.58,20015.61;339.7291
19998.74,0.58,20015.62;339.7291
19998.74,0.58,20015.62;339.7291
19998.73,0.58,20015.62;339.7291
19998.73,0.58,20015.62;339.7291
19998.73,0.58,20015.62;339.7291
19998.73,0.58,20015.62;339.7291
19998.73,0.58,20015.62;339.7291
19998.73,0.58,20015.63;339.7291
19998.73,0.58,20015.63;339.7291
19998.73,0.58,20015.63;339.7291
19998.73,0.58,20015.63;339.7291
19998.73,0.58,20015.63;339.7291
19998.73,0.58,20015.63;339.7291
19998.73,0.58,20015.63;339.7291
19998.73,0.58,20015.63;339.7291
19998.73,0.58,20015.63;339.7291
19998.73,0.58,20015.63;339.7291
19998.73,0.58,20015.63;339.7291
19998.73,0.58,20015.63;339.7291
19998.73,0.58,20015.64;339.7291
19998.73,0.58,20015.64;339.7291
19998.73,0.58,20015.64;339.7291
19998.73,0.58,20015.64;339.7291
19998.73,0.58,20015.64;339.7291
19998.73,0.58,20015.64;339.7291
19998.73,0.58,20015.64;339.7291
19998.73,0.58,20015.64;339.7291
19998.72,0.58,20015.65;339.7291
19998.72,0.58,20015.65;339.7291
19998.72,0.58,20015.65;339.7291
19998.72,0.58,20015.65;339.7291
19998.72,0.58,20015.65;339.7291
19998.72,0.58,20015.65;339.7291
19998.72,0.58,20015.66;339.7291
19998.72,0.58,20015.66;339.7291
19998.72,0.58,20015.66;339.7291
19998.72,0.58,20015.67;339.7291
19998.72,0.58,20015.67;339.7291
19998.72,0.58,20015.67;339.7291
19998.71,0.58,20015.67;339.7291
19998.71,0.58,20015.68;339.7291
19998.71,0.58,20015.68;339.7291
19998.71,0.58,20015.68;339.7291
19998.71,0.58,20015.68;339.7291
19998.71,0.58,20015.68;339.7291
19998.71,0.58,20015.68;339.7291
19998.71,0.58,20015.68;339.7291
19998.71,0.58,20015.68;339.7291
19998.71,0.58,20015.68;339.7291
19998.71,0.58,20015.69;339.7291
19998.71,0.58,20015.69;339.7291
19998.71,0.58,20015.69;339.7291
19998.71,0.58,20015.69;339.7291
19998.71,0.58,20015.69;339.7291
19998.71,0.58,20015.69;339.7291
19998.71,0.58,20015.69;339.7291
19998.71,0.58,20015.69;339.7291
19998.71,0.58,20015.69;339.7291
19998.71,0.58,20015.69;339.7291
19998.71,0.58,20015.69;339.7291
19998.71,0.58,20015.7;339.7291
19998.71,0.58,20015.7;339.7291
19998.71,0.58,20015.7;339.7291
19998.71,0.58,20015.7;339.7291
19998.71,0.58,20015.7;339.7291
19998.71,0.58,20015.7;339.7291
19998.71,0.58,20015.7;339.7291
19998.71,0.58,20015.7;339.7291
19998.71,0.58,20015.7;339.7291
19998.71,0.58,20015.7;339.7291
19998.71,0.58,20015.7;339.7291
19998.71,0.58,20015.7;339.7291
19998.7,0.58,20015.71;339.7291
19998.7,0.58,20015.71;339.7291
19998.7,0.58,20015.71;339.7291
19998.7,0.58,20015.71;339.7291
19998.7,0.58,20015.71;339.7291
19998.7,0.58,20015.71;339.7291
19998.7,0.58,20015.71;339.7291
19998.7,0.58,20015.71;339.7291
19998.7,0.58,20015.71;339.7291
19998.7,0.58,20015.71;339.7291
19998.7,0.58,20015.71;339.7291
19998.7,0.58,20015.71;339.7291
19998.7,0.58,20015.71;339.7291
19998.7,0.58,20015.71;339.7291
19998.7,0.58,20015.71;339.7291
19998.7,0.58,20015.71;339.7291
19998.7,0.58,20015.71;339.7291
19998.7,0.58,20015.72;339.7291
19998.7,0.58,20015.72;339.7291
19998.7,0.58,20015.72;339.7291
19998.7,0.58,20015.72;339.7291
19998.7,0.58,20015.72;339.7291
19998.7,0.58,20015.72;339.7291
19998.7,0.58,20015.72;339.7291
19998.7,0.58,20015.72;339.7291
19998.7,0.58,20015.72;339.7291
19998.7,0.58,20015.72;339.7291
19998.7,0.58,20015.72;339.7291
19998.7,0.58,20015.72;339.7291
19998.7,0.58,20015.73;339.7291
19998.7,0.58,20015.73;339.7291
19998.7,0.58,20015.73;339.7291
19998.7,0.58,20015.73;339.7291
19998.7,0.58,20015.73;339.7291
19998.7,0.58,20015.73;339.7291
19998.7,0.58,20015.73;339.7291
19998.69,0.58,20015.73;339.7291
19998.69,0.58,20015.73;339.7291
19998.69,0.58,20015.73;339.7291
19998.69,0.58,20015.73;339.7291
19998.69,0.58,20015.73;339.7291
19998.69,0.58,20015.73;339.7291
19998.69,0.58,20015.73;339.7291
19998.69,0.58,20015.73;339.7291
19998.69,0.58,20015.74;339.7291
19998.69,0.58,20015.74;339.7291
19998.69,0.58,20015.74;339.7291
19998.69,0.58,20015.74;339.7291
19998.69,0.58,20015.74;339.7291
19998.69,0.58,20015.74;339.7291
19998.69,0.58,20015.74;339.7291
19998.69,0.58,20015.74;339.7291
19998.69,0.58,20015.74;339.7291
19998.69,0.58,20015.74;339.7291
19998.69,0.58,20015.74;339.7291
19998.69,0.58,20015.74;339.7291
19998.69,0.58,20015.74;339.7291
19998.69,0.58,20015.75;339.7291
19998.69,0.58,20015.75;339.7291
19998.69,0.58,20015.75;339.7291
19998.69,0.58,20015.75;339.7291
19998.69,0.58,20015.76;339.7291
19998.68,0.58,20015.76;339.7291
19998.68,0.58,20015.76;339.7291
19998.68,0.58,20015.76;339.7291
19998.68,0.58,20015.77;339.7291
19998.68,0.58,20015.77;339.7291
19998.68,0.58,20015.77;339.7291
19998.68,0.58,20015.78;339.7291
19998.68,0.58,20015.78;339.7291
19998.68,0.58,20015.78;339.7291
19998.68,0.58,20015.78;339.7291
19998.68,0.58,20015.78;339.7291
19998.68,0.58,20015.78;339.7291
19998.67,0.58,20015.79;339.7291
19998.67,0.58,20015.79;339.7291
19998.67,0.58,20015.79;339.7291
19998.67,0.58,20015.79;339.7291
19998.67,0.58,20015.79;339.7291
19998.67,0.58,20015.79;339.7291
19998.67,0.58,20015.79;339.7291
19998.67,0.58,20015.79;339.7291
19998.67,0.58,20015.8;339.7291
19998.67,0.58,20015.8;339.7291
19998.67,0.58,20015.8;339.7291
19998.67,0.58,20015.8;339.7291
19998.67,0.58,20015.8;339.7291
19998.67,0.58,20015.8;339.7291
19998.67,0.58,20015.8;339.7291
19998.67,0.58,20015.81;339.7291
19998.67,0.58,20015.81;339.7291
19998.67,0.58,20015.81;339.7291
19998.66,0.58,20015.81;339.7291
19998.66,0.58,20015.81;339.7291
19998.66,0.58,20015.81;339.7291
19998.66,0.58,20015.82;339.7291
19998.66,0.58,20015.82;339.7291
19998.66,0.58,20015.82;339.7291
19998.66,0.58,20015.82;339.7291
19998.66,0.58,20015.82;339.7291
19998.66,0.58,20015.82;339.7291
19998.66,0.58,20015.82;339.7291
19998.66,0.58,20015.83;339.7291
19998.66,0.58,20015.83;339.7291
19998.66,0.58,20015.83;339.7291
19998.66,0.58,20015.83;339.7291
19998.66,0.58,20015.83;339.7291
19998.66,0.58,20015.83;339.7291
19998.65,0.58,20015.84;339.7291
19998.65,0.58,20015.84;339.7291
19998.65,0.58,20015.85;339.7291
19998.65,0.58,20015.85;339.7291
19998.65,0.58,20015.85;339.7291
19998.65,0.58,20015.85;339.7291
19998.65,0.58,20015.85;339.7291
19998.65,0.58,20015.85;339.7291
19998.65,0.58,20015.86;339.7233
19998.65,0.58,20015.86;339.7233
19998.65,0.58,20015.86;339.7233
19998.65,0.58,20015.86;339.7291
19998.64,0.58,20015.87;339.7348
19998.64,0.58,20015.87;339.7405
19998.64,0.58,20015.87;339.7405
19998.64,0.58,20015.88;339.7463
19998.64,0.58,20015.88;339.7577
19998.64,0.58,20015.88;339.7577
19998.64,0.58,20015.88;339.7692
19998.64,0.58,20015.89;339.7749
19998.64,0.58,20015.89;339.7749
19998.63,0.58,20015.89;339.7692
19998.63,0.58,20015.89;339.7692
19998.63,0.58,20015.9;339.7635
19998.63,0.58,20015.9;339.7635
19998.63,0.58,20015.9;339.7635
19998.63,0.58,20015.9;339.7692
19998.63,0.58,20015.9;339.7692
19998.63,0.58,20015.9;339.7692
19998.63,0.58,20015.91;339.7692
19998.63,0.58,20015.91;339.7692
19998.63,0.58,20015.91;339.7692
19998.63,0.58,20015.91;339.7749
19998.63,0.58,20015.92;339.7806
19998.63,0.58,20015.92;339.7806
19998.63,0.58,20015.92;339.7806
19998.62,0.58,20015.92;339.7806
19998.62,0.58,20015.93;339.7806
19998.62,0.58,20015.93;339.7806
19998.62,0.58,20015.93;339.7806
19998.62,0.58,20015.94;339.7806
19998.62,0.58,20015.94;339.7806
19998.62,0.58,20015.94;339.7806
19998.62,0.58,20015.94;339.7806
19998.61,0.58,20015.95;339.7806
19998.61,0.58,20015.95;339.7806
19998.61,0.58,20015.95;339.7806
19998.61,0.58,20015.96;339.7806
19998.61,0.58,20015.96;339.7806
19998.61,0.58,20015.96;339.7806
19998.61,0.58,20015.96;339.7806
19998.61,0.58,20015.97;339.7806
19998.6,0.58,20015.98;339.7864
19998.6,0.58,20015.98;339.7864
19998.6,0.58,20015.99;339.7921
19998.59,0.58,20016.01;339.7978
19998.59,0.58,20016.01;339.7978
19998.59,0.58,20016.01;339.8036
19998.59,0.58,20016.01;339.815
19998.59,0.58,20016.01;339.815
19998.59,0.58,20016;339.8265
19998.6,0.58,20016;339.8379
19998.6,0.58,20016;339.8379
19998.6,0.58,20016;339.8494
19998.6,0.58,20016;339.8494
19998.6,0.58,20016;339.8494
19998.6,0.58,20015.99;339.8608
19998.6,0.58,20015.99;339.8608
19998.6,0.58,20015.99;339.8608
19998.6,0.58,20015.99;339.8666
19998.6,0.58,20015.99;339.8666
19998.6,0.58,20015.99;339.8838
19998.6,0.58,20015.99;339.8838
19998.6,0.58,20015.99;339.8838
19998.6,0.58,20016;339.8838
19998.59,0.58,20016.01;339.8838
19998.59,0.58,20016.01;339.8838
19998.59,0.58,20016.01;339.8838
19998.59,0.58,20016.02;339.8838
19998.59,0.58,20016.02;339.8838
19998.59,0.58,20016.02;339.8838
19998.58,0.58,20016.03;339.878
19998.58,0.58,20016.03;339.8838
19998.58,0.58,20016.03;339.8838
19998.58,0.58,20016.03;339.8838
19998.58,0.58,20016.04;339.8895
19998.58,0.58,20016.05;339.8895
19998.58,0.58,20016.05;339.8895
19998.58,0.58,20016.05;339.8895
19998.57,0.58,20016.06;339.8952
19998.57,0.58,20016.06;339.8952
19998.57,0.58,20016.06;339.9009
19998.57,0.58,20016.07;339.9067
19998.57,0.58,20016.07;339.9067
19998.57,0.58,20016.07;339.9067
19998.57,0.58,20016.08;339.9067
19998.56,0.58,20016.08;339.9124
19998.56,0.58,20016.08;339.9124
19998.56,0.58,20016.09;339.9182
19998.56,0.58,20016.1;339.9182
19998.56,0.58,20016.1;339.9182
19998.56,0.58,20016.1;339.9182
19998.55,0.58,20016.11;339.9124
19998.55,0.58,20016.11;339.9067
19998.55,0.58,20016.12;339.9124
19998.55,0.58,20016.12;339.9124
19998.55,0.58,20016.12;339.9182
19998.55,0.58,20016.13;339.9182
19998.55,0.58,20016.13;339.9182
19998.55,0.58,20016.13;339.9182
19998.54,0.58,20016.14;339.9182
19998.54,0.58,20016.14;339.9182
19998.54,0.58,20016.14;339.9182
19998.54,0.58,20016.14;339.9182
19998.54,0.58,20016.15;339.9182
19998.54,0.58,20016.15;339.9182
19998.54,0.58,20016.15;339.9182
19998.54,0.58,20016.15;339.9182
19998.54,0.58,20016.15;339.9182
19998.54,0.58,20016.15;339.9182
19998.54,0.58,20016.16;339.9182
19998.54,0.58,20016.16;339.9182
19998.54,0.58,20016.16;339.9182
19998.54,0.58,20016.17;339.9182
19998.53,0.58,20016.17;339.9182
19998.53,0.58,20016.17;339.9182
19998.53,0.58,20016.17;339.9182
19998.53,0.58,20016.18;339.9182
19998.53,0.58,20016.18;339.9182
19998.53,0.58,20016.18;339.9182
19998.53,0.58,20016.19;339.9182
19998.53,0.58,20016.19;339.9182
19998.53,0.58,20016.19;339.9182
19998.52,0.58,20016.2;339.9182
19998.52,0.58,20016.2;339.9182
19998.52,0.58,20016.2;339.9182
19998.52,0.58,20016.2;339.9182
19998.52,0.58,20016.2;339.9182
19998.52,0.58,20016.21;339.9182
19998.52,0.58,20016.21;339.9182
19998.52,0.58,20016.21;339.9182
19998.52,0.58,20016.21;339.9182
19998.52,0.58,20016.21;339.9182
19998.52,0.58,20016.21;339.9182
19998.52,0.58,20016.21;339.9182
19998.52,0.58,20016.22;339.9182
19998.51,0.58,20016.22;339.9182
19998.51,0.58,20016.22;339.9182
19998.51,0.58,20016.22;339.9182
19998.51,0.58,20016.22;339.9182
19998.51,0.58,20016.22;339.9182
19998.51,0.58,20016.23;339.9182
19998.51,0.58,20016.23;339.9182
19998.51,0.58,20016.23;339.9182
19998.51,0.58,20016.24;339.9182
19998.51,0.58,20016.24;339.9182
19998.51,0.58,20016.24;339.9182
19998.51,0.58,20016.24;339.9182
19998.51,0.58,20016.24;339.9182
19998.51,0.58,20016.24;339.9182
19998.5,0.58,20016.25;339.9239
19998.5,0.58,20016.25;339.9239
19998.5,0.58,20016.25;339.9296
19998.5,0.58,20016.26;339.9296
19998.5,0.58,20016.26;339.9296
19998.5,0.58,20016.26;339.9296
19998.5,0.58,20016.27;339.9296
19998.5,0.58,20016.27;339.9296
19998.5,0.58,20016.27;339.9296
19998.5,0.58,20016.27;339.9296
19998.5,0.58,20016.27;339.9296
19998.49,0.58,20016.27;339.9296
19998.49,0.58,20016.28;339.9353
19998.49,0.58,20016.28;339.941
19998.49,0.58,20016.28;339.9353
19998.49,0.58,20016.28;339.9353
19998.49,0.58,20016.29;339.9296
19998.49,0.58,20016.29;339.9296
19998.49,0.58,20016.29;339.9296
19998.49,0.58,20016.29;339.9296
19998.49,0.58,20016.29;339.9296
19998.49,0.58,20016.29;339.9296
19998.49,0.58,20016.3;339.9296
19998.49,0.58,20016.3;339.9353
19998.48,0.58,20016.3;339.9353
19998.48,0.58,20016.3;339.9353
19998.48,0.58,20016.3;339.9353
19998.48,0.58,20016.3;339.9296
19998.48,0.58,20016.3;339.9296
19998.48,0.58,20016.3;339.9296
19998.48,0.58,20016.3;339.9296
19998.48,0.58,20016.3;339.9296
19998.48,0.58,20016.3;339.9296
19998.48,0.58,20016.31;339.9296
19998.48,0.58,20016.31;339.9296
19998.48,0.58,20016.31;339.9353
19998.48,0.58,20016.31;339.9353
19998.48,0.58,20016.31;339.941
19998.48,0.58,20016.31;339.941
19998.48,0.58,20016.31;339.941
19998.48,0.58,20016.31;339.941
19998.48,0.58,20016.32;339.941
19998.48,0.58,20016.32;339.941
19998.48,0.58,20016.32;339.941
19998.48,0.58,20016.32;339.941
19998.48,0.58,20016.32;339.941
19998.48,0.58,20016.32;339.941
19998.48,0.58,20016.32;339.941
19998.48,0.58,20016.32;339.941
19998.48,0.58,20016.32;339.941
19998.48,0.58,20016.32;339.941
19998.48,0.58,20016.32;339.941
19998.48,0.58,20016.32;339.941
19998.48,0.58,20016.32;339.941
19998.48,0.58,20016.32;339.941
19998.47,0.58,20016.33;339.941
19998.47,0.58,20016.33;339.941
19998.47,0.58,20016.33;339.941
19998.47,0.58,20016.33;339.941
19998.47,0.58,20016.33;339.941
19998.47,0.58,20016.33;339.941
19998.47,0.58,20016.33;339.941
19998.47,0.58,20016.33;339.941
19998.47,0.58,20016.33;339.941
19998.47,0.58,20016.33;339.941
19998.47,0.58,20016.33;339.941
19998.47,0.58,20016.33;339.941
19998.47,0.58,20016.33;339.941
19998.47,0.58,20016.33;339.941
19998.47,0.58,20016.33;339.941
19998.47,0.58,20016.33;339.941
19998.47,0.58,20016.33;339.941
19998.47,0.58,20016.33;339.941
19998.47,0.58,20016.33;339.941
19998.47,0.58,20016.33;339.941
19998.47,0.58,20016.33;339.941
19998.47,0.58,20016.33;339.941
19998.47,0.58,20016.33;339.941
19998.47,0.58,20016.34;339.941
19998.47,0.58,20016.34;339.941
19998.47,0.58,20016.33;339.941
19998.47,0.58,20016.33;339.941
19998.47,0.58,20016.33;339.941
19998.47,0.58,20016.33;339.941
19998.47,0.58,20016.33;339.941
19998.47,0.58,20016.33;339.941
19998.47,0.58,20016.33;339.941
19998.47,0.58,20016.33;339.941
19998.47,0.58,20016.33;339.941
19998.47,0.58,20016.33;339.941
19998.47,0.58,20016.33;339.941
19998.47,0.58,20016.33;339.941
19998.47,0.58,20016.33;339.941
19998.47,0.58,20016.33;339.941
19998.48,0.58,20016.32;339.941
19998.48,0.58,20016.32;339.941
19998.48,0.58,20016.32;339.941
19998.48,0.58,20016.32;339.941
19998.48,0.58,20016.32;339.941
19998.48,0.58,20016.32;339.941
19998.48,0.58,20016.32;339.941
19998.49,0.58,20016.3;339.941
19998.49,0.58,20016.3;339.941
19998.49,0.58,20016.3;339.941
19998.5,0.58,20016.26;339.941
19998.5,0.58,20016.26;339.941
19998.5,0.58,20016.26;339.941
19998.51,0.58,20016.24;339.941
19998.51,0.58,20016.24;339.941
19998.51,0.58,20016.22;339.941
19998.51,0.58,20016.22;339.941
19998.51,0.58,20016.22;339.941
19998.51,0.58,20016.23;339.941
19998.51,0.58,20016.23;339.941
19998.51,0.58,20016.23;339.941
19998.51,0.58,20016.24;339.941
19998.5,0.58,20016.26;339.941
19998.5,0.58,20016.26;339.941
19998.49,0.58,20016.29;339.941
19998.49,0.58,20016.29;339.941
19998.49,0.58,20016.29;339.941
19998.47,0.58,20016.35;339.941
19998.47,0.58,20016.35;339.941
19998.47,0.58,20016.35;339.941
19998.44,0.58,20016.44;339.941
19998.39,0.58,20016.55;339.941
19998.39,0.58,20016.55;339.941
19998.34,0.58,20016.69;339.941
19998.34,0.58,20016.69;339.941
19998.34,0.58,20016.69;339.941
19998.34,0.58,20016.69;339.941
19998.27,0.58,20016.89;339.941
19998.27,0.58,20016.89;339.941
19998.18,0.58,20017.13;339.941
19998.18,0.58,20017.13;339.941
19998.09,0.58,20017.37;339.941
19998.09,0.58,20017.37;339.941
19998.09,0.58,20017.37;339.941
19998.01,0.58,20017.61;339.941
19998.01,0.58,20017.61;339.941
19998.01,0.58,20017.61;339.941
19997.92,0.58,20017.85;339.941
19997.92,0.58,20017.85;339.941
19997.92,0.58,20017.85;339.941
19997.83,0.58,20018.09;339.941
19997.75,0.58,20018.33;339.941
19997.75,0.58,20018.33;339.941
19997.75,0.58,20018.33;339.941
19997.66,0.58,20018.56;339.941
19997.57,0.58,20018.8;339.9296
19997.57,0.58,20018.8;339.9296
19997.48,0.58,20019.04;339.9181
19997.4,0.58,20019.28;339.9067
19997.4,0.58,20019.28;339.9067
19997.31,0.58,20019.52;339.8952
19997.22,0.58,20019.76;339.878
19997.13,0.58,20020;339.8608
19997.05,0.58,20020.23;339.7749
19997.05,0.58,20020.23;339.7749
19996.96,0.58,20020.47;339.6889
19996.87,0.58,20020.71;339.6832
19996.87,0.58,20020.71;339.6832
19996.78,0.58,20020.95;339.6775
19996.78,0.58,20020.95;339.6775
19996.78,0.58,20020.95;339.6775
19996.69,0.58,20021.19;339.6718
19996.69,0.58,20021.19;339.6718
19996.61,0.58,20021.42;339.666
19996.61,0.58,20021.42;339.666
19996.61,0.58,20021.42;339.666
19996.52,0.58,20021.66;339.5342
19996.52,0.58,20021.66;339.5342
19996.52,0.58,20021.66;339.5342
19996.43,0.58,20021.9;339.4025
19996.34,0.58,20022.14;339.0186
19996.34,0.58,20022.14;339.0186
19996.24,0.58,20022.38;338.692
19996.15,0.58,20022.61;338.3654
19996.05,0.58,20022.85;337.9815
19996.05,0.58,20022.85;337.9815
19995.96,0.58,20023.08;337.5977
19995.86,0.58,20023.31;337.1966
19995.86,0.58,20023.31;337.1966
19995.76,0.58,20023.55;336.7955
19995.66,0.58,20023.78;336.4518
19995.66,0.58,20023.78;336.4518
19995.55,0.58,20024.01;336.108
19995.45,0.58,20024.24;335.7012
19995.35,0.58,20024.47;335.2944
19995.24,0.58,20024.71;334.9048
19995.24,0.58,20024.71;334.9048
19995.13,0.58,20024.94;334.5151
19995.02,0.58,20025.16;334.2
19995.02,0.58,20025.16;334.2
19994.91,0.58,20025.39;333.8849
19994.79,0.58,20025.62;333.5468
19994.79,0.58,20025.62;333.5468
19994.68,0.58,20025.85;333.2833
19994.56,0.58,20026.07;333.0197
19994.45,0.58,20026.3;332.8307
19994.45,0.58,20026.3;332.8307
19994.33,0.58,20026.52;332.6416
19994.21,0.58,20026.75;332.3207
19994.21,0.58,20026.75;332.3207
19994.09,0.58,20026.97;331.9998
19993.97,0.58,20027.2;331.6733
19993.97,0.58,20027.2;331.6733
19993.85,0.58,20027.42;331.404
19993.85,0.58,20027.42;331.404
19993.73,0.58,20027.64;331.0831
19993.73,0.58,20027.64;331.0831
19993.73,0.58,20027.64;331.0831
19993.6,0.58,20027.86;330.7623
19993.48,0.58,20028.08;330.4471
19993.48,0.58,20028.08;330.4471
19993.35,0.58,20028.3;330.132
19993.22,0.58,20028.53;329.8627
19993.1,0.58,20028.74;329.5648
19993.1,0.58,20028.74;329.5648
19992.97,0.58,20028.96;329.2668
19992.84,0.58,20029.18;328.9517
19992.84,0.58,20029.18;328.9517
19992.7,0.58,20029.4;328.7741
19992.7,0.58,20029.4;328.7741
19992.7,0.58,20029.4;328.7741
19992.57,0.58,20029.61;328.6137
19992.57,0.58,20029.61;328.6137
19992.44,0.58,20029.83;328.3673
19992.44,0.58,20029.83;328.3673
19992.3,0.58,20030.04;328.1209
19992.17,0.58,20030.26;327.9662
19992.17,0.58,20030.26;327.9662
19992.03,0.58,20030.48;327.8115
19991.9,0.58,20030.69;327.5938
19991.9,0.58,20030.69;327.5938
19991.76,0.58,20030.9;327.3761
19991.62,0.58,20031.12;327.2271
19991.48,0.58,20031.33;326.9005
19991.48,0.58,20031.33;326.9005
19991.48,0.58,20031.33;326.9005
19991.35,0.58,20031.54;326.5854
19991.35,0.58,20031.54;326.5854
19991.2,0.58,20031.75;326.2703
19991.06,0.58,20031.96;326.0067
19991.06,0.58,20031.96;326.0067
19990.92,0.58,20032.17;325.6916
19990.77,0.58,20032.38;325.3764
19990.63,0.58,20032.59;325.0613
19990.63,0.58,20032.59;325.0613
19990.48,0.58,20032.8;324.7462
19990.33,0.58,20033.01;324.4654
19990.19,0.58,20033.21;324.1847
19990.04,0.58,20033.42;323.8581
19990.04,0.58,20033.42;323.8581
19989.88,0.58,20033.62;323.5315
19989.73,0.58,20033.82;323.1935
19989.61,0.58,20033.99;322.8554
19989.48,0.58,20034.16;322.5804
19989.48,0.58,20034.16;322.5804
19989.35,0.58,20034.33;322.3054
19989.25,0.58,20034.5;321.9845
19989.25,0.58,20034.5;321.9845
19989.25,0.58,20034.61;321.6636
19989.25,0.58,20034.71;321.4631
19989.25,0.58,20034.71;321.4631
19989.25,0.58,20034.91;321.2626
19989.25,0.58,20035.11;321.1365
19989.25,0.5800002,20035.31;321.0678
19989.25,0.5800002,20035.31;321.0678
19989.25,0.58,20035.51;320.999
19989.25,0.5800002,20035.7;320.9818
19989.25,0.5800002,20035.7;320.9818
19989.25,0.58,20035.9;320.9647
19989.25,0.58,20035.9;320.9647
19989.25,0.58,20035.9;320.9647
19989.25,0.58,20036.1;320.9474
19989.25,0.58,20036.1;320.9474
19989.25,0.58,20036.29;320.9303
19989.25,0.58,20036.29;320.9303
19989.25,0.58,20036.29;320.9303
19989.25,0.58,20036.49;320.9188
19989.25,0.58,20036.49;320.9188
19989.25,0.58,20036.49;320.9188
19989.25,0.58,20036.69;320.873
19989.25,0.58,20036.69;320.873
19989.25,0.58,20036.69;320.873
19989.25,0.58,20036.89;320.8271
19989.25,0.58,20037.08;320.7813
19989.25,0.58,20037.08;320.7813
19989.25,0.58,20037.08;320.7813
19989.25,0.58,20037.28;320.7355
19989.25,0.58,20037.48;320.7183
19989.25,0.58,20037.48;320.7183
19989.25,0.5800002,20037.67;320.7011
19989.25,0.58,20037.87;320.575
19989.25,0.58,20037.87;320.575
19989.25,0.58,20038.07;320.5178
19989.25,0.58,20038.26;320.4604
19989.25,0.58,20038.26;320.4604
19989.25,0.58,20038.26;320.4604
19989.25,0.5800001,20038.46;320.4032
19989.25,0.5800001,20038.46;320.4032
19989.25,0.5800001,20038.46;320.4032
19989.25,0.5800001,20038.46;320.4032
19989.25,0.5800005,20038.65;320.3459
19989.25,0.5800005,20038.65;320.3459
19989.25,0.5800005,20038.65;320.3459
19989.25,0.5800016,20038.85;320.2886
19989.25,0.5800014,20039.04;320.2313
19989.25,0.5800014,20039.04;320.2313
19989.25,0.5800014,20039.04;320.2313
19989.25,0.5800012,20039.24;320.174
19989.25,0.5800012,20039.24;320.174
19989.25,0.5800012,20039.24;320.174
19989.25,0.58,20039.43;320.1167
19989.25,0.58,20039.63;320.111
19989.25,0.58,20039.63;320.111
19989.25,0.5800001,20039.82;320.1053
19989.25,0.5800001,20039.82;320.1053
19989.25,0.5800017,20040.02;320.0995
19989.25,0.5800015,20040.21;319.8646
19989.25,0.5800015,20040.21;319.8646
19989.25,0.5800006,20040.41;319.6297
19989.25,0.5800005,20040.6;319.3432
19989.25,0.5800005,20040.6;319.3432
19989.25,0.5800008,20040.75;319.0567
19989.25,0.5800003,20040.91;318.7703
19989.25,0.58,20041.1;318.5296
19989.25,0.5800002,20041.29;318.289
19989.25,0.58,20041.47;318.0139
19989.25,0.58,20041.47;318.0139
19989.25,0.58,20041.66;317.7389
19989.25,0.58,20041.85;317.4696
19989.25,0.58,20041.85;317.4696
19989.25,0.58,20042.04;317.2003
19989.25,0.58,20042.22;316.9597
19989.25,0.58,20042.41;316.679
19989.25,0.58,20042.41;316.679
19989.25,0.58,20042.41;316.679
19989.25,0.58,20042.59;316.4383
19989.25,0.58,20042.59;316.4383
19989.25,0.58,20042.59;316.4383
19989.25,0.58,20042.77;316.2607
19989.25,0.58,20042.77;316.2607
