20000,0.5,20000;0
20000,0.58,20000.43;359.957
20000,0.58,20000.85;359.9284
20000,0.58,20001.29;359.8854
20000,0.58,20001.73;359.8568
20000,0.58,20002.19;359.8138
19999.99,0.58,20002.56;359.7852
19999.99,0.58,20003.02;359.7565
19999.99,0.58,20003.38;359.7279
19999.99,0.58,20003.82;359.6992
19999.99,0.58,20004.25;359.6563
19999.98,0.58,20004.67;359.6276
19999.98,0.58,20005.04;359.6133
19999.98,0.58,20005.46;359.5703
19999.97,0.58,20005.89;359.5417
19999.97,0.58,20006.31;359.5273
19999.97,0.58,20006.72;359.5273
19999.96,0.58,20007.14;359.513
19999.96,0.58,20007.49;359.4987
19999.96,0.58,20007.9;359.4987
19999.95,0.58,20008.31;359.4987
19999.95,0.58,20008.72;359.4987
19999.95,0.58,20009.08;359.3268
19999.95,0.58,20009.13;358.983
19999.94,0.58,20009.17;359.0117
19999.94,0.58,20009.22;359.1119
19999.94,0.58,20009.21;359.3984
19999.94,0.58,20009.18;359.7708
19999.94,0.58,20009.16;0.1003039
19999.94,0.58,20009.16;0.5013692
19999.94,0.58,20009.16;0.9310912
19999.94,0.58,20009.16;1.475397
19999.94,0.58,20009.16;2.062683
19999.94,0.58,20009.16;2.707261
19999.94,0.58,20009.18;3.237244
19999.95,0.58,20009.21;3.867499
19999.95,0.58,20009.27;4.583691
19999.96,0.58,20009.32;5.256916
19999.96,0.58,20009.38;5.944462
19999.97,0.58,20009.43;6.560394
19999.97,0.58,20009.48;7.162003
19999.98,0.58,20009.52;7.849549
19999.99,0.58,20009.57;8.422512
20000,0.58,20009.63;9.095737
20000,0.58,20009.68;9.6687
20000.01,0.58,20009.73;10.34192
20000.02,0.58,20009.77;10.90055
20000.04,0.58,20009.83;11.57377
20000.04,0.58,20009.87;12.14674
20000.05,0.58,20009.91;12.80564
20000.06,0.58,20009.95;13.3786
20000.06,0.58,20009.94;14.0375
20000.06,0.58,20009.96;14.59613
20000.07,0.58,20009.99;15.24071
20000.08,0.58,20010.02;15.79934
20000.09,0.58,20010.06;16.44392
20000.11,0.58,20010.11;17.10281
20000.12,0.58,20010.15;17.67578
20000.13,0.58,20010.18;18.32036
20000.14,0.58,20010.21;18.87899
20000.15,0.58,20010.25;19.53789
20000.16,0.58,20010.27;20.09652
20000.16,0.58,20010.27;20.72677
20000.16,0.58,20010.27;21.25676
20000.16,0.58,20010.27;21.87269
20000.15,0.58,20010.24;22.33106
20000.15,0.58,20010.24;22.81807
20000.15,0.58,20010.25;23.23347
20000.17,0.58,20010.29;23.82076
20000.18,0.58,20010.31;24.5083
20000.18,0.58,20010.31;25.45369
20000.17,0.58,20010.28;26.74284
20000.14,0.58,20010.23;27.90308
20000.12,0.58,20010.19;28.9917
20000.09,0.58,20010.15;30.22357
20000.06,0.58,20010.09;31.22624
20000.01,0.58,20010.02;32.01406
19999.96,0.58,20009.93;32.22891
19999.89,0.58,20009.82;32.44376
19999.82,0.58,20009.71;32.65862
19999.76,0.58,20009.62;32.68727
19999.7,0.58,20009.53;32.71592
19999.64,0.58,20009.43;32.74456
19999.57,0.58,20009.32;32.77322
19999.51,0.58,20009.23;32.80186
19999.45,0.58,20009.14;32.8305
19999.38,0.58,20009.04;32.85915
19999.31,0.58,20008.93;32.8878
19999.26,0.58,20008.84;32.90213
19999.22,0.58,20008.79;32.91644
19999.18,0.58,20008.72;32.95942
19999.12,0.58,20008.64;34.01939
19999.06,0.58,20008.55;34.96478
19999.02,0.58,20008.49;35.78124
19999.02,0.58,20008.49;36.26826
19999.01,0.58,20008.48;36.655
19999.01,0.58,20008.47;36.85553
19999.01,0.58,20008.48;36.85553
19999.02,0.58,20008.5;36.85553
19999.02,0.58,20008.5;36.97013
19999,0.58,20008.47;37.11337
19998.95,0.58,20008.41;37.52877
19998.91,0.58,20008.35;38.1447
19998.86,0.58,20008.29;38.8609
19998.82,0.58,20008.24;39.79196
19998.82,0.58,20008.24;40.73734
19998.82,0.58,20008.24;42.0265
19998.82,0.58,20008.24;43.18674
19998.8,0.58,20008.22;44.53318
19998.75,0.58,20008.17;45.6791
19998.67,0.58,20008.1;47.08285
19998.6,0.58,20008.04;48.30039
19998.52,0.58,20007.96;49.68982
19998.46,0.58,20007.92;51.05059
19998.37,0.58,20007.85;52.38271
19998.28,0.58,20007.78;53.77214
19998.18,0.58,20007.71;54.93237
19998.08,0.58,20007.64;56.22152
19997.98,0.58,20007.58;57.18123
19997.87,0.58,20007.51;58.542
19997.77,0.58,20007.46;59.75954
19997.68,0.58,20007.4;61.00573
19997.57,0.58,20007.35;61.96543
19997.45,0.58,20007.29;62.99675
19997.32,0.58,20007.22;64.31456
19997.19,0.58,20007.16;65.60371
19997.09,0.58,20007.12;67.10772
19996.95,0.58,20007.07;68.59742
19996.83,0.58,20007.03;70.07278
19996.69,0.58,20006.98;71.33329
19996.55,0.58,20006.93;72.79433
19996.45,0.58,20006.9;74.22672
19996.34,0.58,20006.88;75.64481
19996.23,0.58,20006.85;76.81937
19996.15,0.58,20006.83;78.16582
19996.06,0.58,20006.82;79.34038
19995.97,0.58,20006.8;80.67251
19995.95,0.58,20006.8;81.83274
19995.87,0.58,20006.79;83.06461
19995.87,0.58,20006.79;84.1962
19995.79,0.58,20006.78;84.95537
19995.74,0.58,20006.78;85.71454
19995.71,0.58,20006.78;86.3448
19995.71,0.58,20006.78;86.63127
19995.76,0.58,20006.78;86.54531
19995.88,0.58,20006.79;86.37344
19996.04,0.58,20006.8;86.21587
19996.22,0.58,20006.81;86.0583
19996.4,0.58,20006.82;85.91506
19996.59,0.58,20006.84;85.82912
19996.89,0.58,20006.86;85.88641
19997.28,0.58,20006.89;85.97236
19997.58,0.58,20006.91;85.98669
19997.88,0.58,20006.93;85.91506
19998.29,0.58,20006.96;85.94371
19998.71,0.58,20006.99;86.02966
19999.16,0.58,20007.02;86.05831
19999.63,0.58,20007.05;86.04399
20000.08,0.58,20007.08;86.01534
20000.49,0.58,20007.11;86.04399
20000.96,0.58,20007.14;86.07264
20001.45,0.58,20007.18;86.1156
20001.81,0.58,20007.2;86.12992
20002.29,0.58,20007.23;86.12992
20002.71,0.58,20007.26;86.1156
20003.2,0.58,20007.29;86.10128
20003.69,0.58,20007.33;86.08695
20004.17,0.58,20007.36;86.07263
20004.66,0.58,20007.39;86.05831
20005.14,0.58,20007.43;86.04398
20005.63,0.58,20007.46;86.02966
20006.03,0.58,20007.49;86.01534
20006.51,0.58,20007.52;86.00101
20006.92,0.58,20007.55;85.97237
20007.4,0.58,20007.59;85.97237
20007.88,0.58,20007.62;85.97237
20008.29,0.58,20007.65;85.97237
20008.76,0.58,20007.68;85.97237
20009.17,0.58,20007.71;85.97237
20009.64,0.58,20007.74;85.9867
20009.72,0.5800002,20007.78;85.9867
20009.72,0.5800008,20007.8;85.9867
20009.72,0.5800002,20007.84;85.97237
20009.72,0.58,20007.87;85.97237
20009.72,0.58,20007.9;85.95805
20009.72,0.58,20007.93;85.85778
20009.72,0.58,20007.95;85.78616
20009.72,0.58,20007.95;85.81481
20009.72,0.58,20007.95;85.85779
20009.72,0.58,20007.95;85.9294
20009.72,0.58,20007.95;86.00101
20009.72,0.58,20007.95;86.08696
20009.72,0.58,20007.95;86.18723
20009.72,0.5800001,20007.95;86.27318
20009.72,0.58,20007.95;86.31615
20009.72,0.58,20007.95;86.33047
20009.72,0.58,20007.95;86.30183
20009.72,0.58,20007.95;86.24453
20009.72,0.58,20007.96;86.18724
20009.72,0.58,20007.96;86.14427
20009.72,0.5800001,20007.96;86.1013
20009.72,0.58,20007.97;86.02969
20009.72,0.58,20007.98;85.92941
20009.72,0.58,20007.98;85.8578
20009.72,0.58,20007.99;85.81483
20009.72,0.58,20007.99;85.78618
20009.73,0.58,20008;85.75753
20009.73,0.5800001,20008;85.71456
20009.73,0.5800002,20008.01;85.62862
20009.73,0.5800002,20008.01;85.58565
20009.73,0.5800002,20008.01;85.58565
20009.73,0.5800002,20008.01;85.61429
20009.73,0.5800002,20008.01;85.62862
20009.73,0.5800002,20008.01;85.64294
20009.72,0.5800002,20008.01;85.65725
20009.71,0.5800002,20008.01;85.64293
20009.7,0.5800002,20008.01;85.59996
20009.68,0.5800002,20008.01;85.55699
20009.66,0.5800002,20008.01;85.51402
20009.63,0.5800002,20008;85.47105
20009.6,0.5800002,20008;85.44241
20009.6,0.5800002,20008;85.44241
20009.6,0.5800002,20008;85.44241
20009.6,0.5800002,20008;85.44241
20009.6,0.5800002,20008;85.44241
20009.6,0.5800002,20008;85.44241
20009.57,0.5800002,20008;85.41376
20009.57,0.5800002,20008;85.41376
20009.57,0.5800002,20008;85.41376
20009.57,0.5800002,20008;85.41376
20009.57,0.5800002,20008;85.41376
20009.57,0.5800002,20008;85.41376
20009.57,0.5800002,20008;85.41376
20009.57,0.5800002,20008;85.41376
20009.57,0.5800002,20008;85.41376
20009.57,0.5800002,20008;85.41376
20009.57,0.5800002,20008;85.41376
20009.57,0.5800002,20008;85.41376
20009.57,0.5800002,20008;85.41376
20009.57,0.5800002,20008;85.41376
20009.57,0.5800002,20008;85.41376
20009.57,0.5800002,20008;85.41376
20009.57,0.5800002,20008;85.41376
20009.57,0.5800002,20008;85.41376
20009.57,0.5800002,20008;85.41376
20009.55,0.5800002,20008;85.41376
20009.52,0.5800002,20007.99;85.41376
20009.5,0.5800002,20007.99;85.48537
20009.47,0.5800002,20007.99;85.64294
20009.58,0.5800002,20008;85.81483
20009.61,0.5800002,20008;85.64294
20009.67,0.5800002,20008.01;85.42808
20009.72,0.5800003,20008.01;85.15593
20009.72,0.5800002,20008.02;84.91241
20009.72,0.5800003,20008.02;84.75485
20009.7,0.5800003,20008.02;84.68324
20009.66,0.5800003,20008.02;84.62595
20009.62,0.5800003,20008.01;84.58298
20009.58,0.5800003,20008.01;84.55433
20009.52,0.5800003,20008;84.52569
20009.48,0.5800003,20008;84.49704
20009.42,0.5800003,20007.99;84.45407
20009.35,0.5800003,20007.99;84.36813
20009.29,0.5800003,20007.98;84.29651
20009.22,0.5800003,20007.97;84.26786
20009.15,0.5800003,20007.96;84.23922
20009.08,0.5800003,20007.96;84.19626
20009,0.5800003,20007.95;84.13895
20008.93,0.5800003,20007.94;84.13895
20008.83,0.5800003,20007.93;84.19626
20008.73,0.5800003,20007.92;84.33949
20008.64,0.5800003,20007.91;84.48273
20008.52,0.5800003,20007.9;84.62597
20008.42,0.5800003,20007.89;84.78354
20008.34,0.5800003,20007.89;84.89813
20008.26,0.5800003,20007.88;84.9984
20008.21,0.5800003,20007.88;85.08435
20008.16,0.5800003,20007.87;85.12733
20008.11,0.5800003,20007.87;85.15598
20008.08,0.5800003,20007.87;85.18462
20008.06,0.5800003,20007.86;85.18462
20008.05,0.5800003,20007.86;85.18462
20008.04,0.5800003,20007.86;85.18462
20008.05,0.5800003,20007.86;85.18462
20008.07,0.5800003,20007.86;85.1703
20008.11,0.5800003,20007.87;85.12733
20008.15,0.5800003,20007.87;85.08435
20008.2,0.5800003,20007.88;85.07004
20008.26,0.5800003,20007.88;85.0557
20008.32,0.5800003,20007.88;85.01274
20008.4,0.5800003,20007.89;84.94113
20008.47,0.5800003,20007.9;84.89816
20008.52,0.5800003,20007.9;84.84087
20008.58,0.5800003,20007.91;84.7979
20008.64,0.5800003,20007.91;84.76926
20008.68,0.5800003,20007.92;84.74061
20008.74,0.5800003,20007.92;84.69763
20008.79,0.5800003,20007.93;84.65466
20008.85,0.5800003,20007.93;84.58305
20008.9,0.5800003,20007.94;84.51144
20008.94,0.5800003,20007.94;84.45415
20009,0.5800003,20007.95;84.41118
20009.05,0.5800003,20007.95;84.36821
20009.1,0.5800003,20007.96;84.31092
20009.15,0.5800003,20007.96;84.26795
20009.2,0.5800003,20007.97;84.2393
20009.25,0.5800003,20007.97;84.21066
20009.3,0.5800003,20007.98;84.15337
20009.36,0.5800003,20007.98;84.11039
20009.41,0.5800003,20007.99;84.0531
20009.46,0.5800003,20008;84.03878
20009.5,0.5800003,20008;84.02445
20009.53,0.5800003,20008;84.02445
20009.55,0.5800003,20008;84.02445
20009.57,0.5800003,20008.01;84.02445
20009.59,0.5800003,20008.01;84.02445
20009.6,0.5800003,20008.01;84.02445
20009.61,0.5800003,20008.01;84.02445
20009.62,0.5800003,20008.01;84.02445
20009.61,0.5800003,20008.01;84.02445
20009.6,0.5800003,20008.01;84.01012
20009.59,0.5800003,20008.01;83.99581
20009.57,0.5800003,20008.01;83.99581
20009.56,0.5800003,20008.01;84.02445
20009.54,0.5800003,20008;84.05309
20009.54,0.5800003,20008;84.08174
20009.54,0.5800003,20008;84.09606
20009.57,0.5800003,20008.01;84.08174
20009.62,0.5800003,20008.01;84.05309
20009.69,0.5800003,20008.02;83.98148
20009.72,0.5800004,20008.03;83.85256
20009.72,0.58,20008.04;83.68068
20009.72,0.5800005,20008.04;83.50879
20009.72,0.5800003,20008.05;83.35123
20009.72,0.5800005,20008.06;83.19367
20009.72,0.5800006,20008.07;83.07908
20009.72,0.5800007,20008.08;83.00746
20009.72,0.5800006,20008.09;82.95017
20009.72,0.5800005,20008.09;82.9072
20009.72,0.5800005,20008.09;82.9072
20009.71,0.5800005,20008.09;82.93584
20009.69,0.5800005,20008.09;82.96449
20009.66,0.5800005,20008.09;82.99313
20009.63,0.5800005,20008.08;83.0361
20009.57,0.5800005,20008.07;83.07907
20009.5,0.5800005,20008.07;83.12204
20009.43,0.5800005,20008.06;83.19364
20009.34,0.5800005,20008.05;83.27959
20009.24,0.5800005,20008.04;83.36555
20009.15,0.5800005,20008.03;83.48014
20009.04,0.5800005,20008.01;83.56609
20008.9,0.5800005,20008;83.65205
20008.77,0.5800005,20007.98;83.72366
20008.66,0.5800005,20007.97;83.80961
20008.57,0.5800005,20007.96;83.89556
20008.46,0.5800005,20007.95;83.98152
20008.36,0.5800005,20007.94;84.03881
20008.26,0.5800005,20007.93;84.12476
20008.14,0.5800005,20007.92;84.22503
20008.02,0.5800005,20007.9;84.33963
20007.92,0.5800005,20007.9;84.45422
20007.85,0.5800005,20007.89;84.54018
20007.77,0.5800005,20007.88;84.59747
20007.7,0.5800005,20007.88;84.62611
20007.63,0.5800005,20007.87;84.65475
20007.58,0.5800005,20007.86;84.71204
20007.54,0.5800005,20007.86;84.755
20007.51,0.5800005,20007.86;84.78366
20007.5,0.5800005,20007.86;84.8123
20007.5,0.5800005,20007.86;84.84095
20007.52,0.5800005,20007.86;84.85527
20007.56,0.5800005,20007.86;84.84095
20007.62,0.5800005,20007.87;84.8123
20007.69,0.5800005,20007.87;84.79799
20007.79,0.5800005,20007.88;84.76933
20007.91,0.5800005,20007.89;84.72636
20008.03,0.5800005,20007.9;84.66908
20008.18,0.5800005,20007.92;84.58313
20008.33,0.5800005,20007.93;84.49718
20008.46,0.5800005,20007.95;84.43988
20008.62,0.5800005,20007.96;84.35394
20008.79,0.5800005,20007.98;84.25367
20008.95,0.5800005,20008;84.11043
20009.13,0.5800005,20008.02;83.92421
20009.27,0.5800005,20008.03;83.72368
20009.41,0.5800005,20008.04;83.56612
20009.51,0.5800005,20008.06;83.46584
20009.62,0.5800005,20008.07;83.42287
20009.72,0.5800005,20008.08;83.39422
20009.72,0.5800001,20008.09;83.3799
20009.72,0.5800002,20008.1;83.36557
20009.72,0.5800001,20008.11;83.35124
20009.72,0.58,20008.12;83.33692
20009.72,0.5800002,20008.13;83.30828
20009.72,0.5800003,20008.15;83.25099
20009.72,0.5800002,20008.16;83.17937
20009.72,0.5800006,20008.17;83.12207
20009.72,0.5800008,20008.18;83.0218
20009.72,0.5800007,20008.19;82.93585
20009.72,0.5800009,20008.2;82.86423
20009.72,0.5800008,20008.2;82.80695
20009.72,0.5800008,20008.2;82.79262
20009.7,0.5800008,20008.2;82.80695
20009.66,0.5800008,20008.19;82.83559
20009.6,0.5800008,20008.18;82.83559
20009.55,0.5800008,20008.18;82.82127
20009.49,0.5800008,20008.17;82.74965
20009.44,0.5800008,20008.16;82.67803
20009.38,0.5800008,20008.15;82.56345
20009.3,0.5800008,20008.14;82.44885
20009.19,0.5800008,20008.13;82.31993
20009.04,0.5800008,20008.11;82.21965
20008.86,0.5800008,20008.08;82.16237
20008.72,0.5800008,20008.07;82.17669
20008.59,0.5800008,20008.05;82.21967
20008.47,0.5800008,20008.03;82.27696
20008.36,0.5800008,20008.02;82.34858
20008.23,0.5800008,20008;82.43453
20008.11,0.5800008,20007.98;82.54912
20007.99,0.5800008,20007.97;82.69236
20007.87,0.5800008,20007.95;82.80697
20007.79,0.5800008,20007.94;82.87858
20007.69,0.5800008,20007.93;82.92155
20007.6,0.5800008,20007.92;82.97884
20007.51,0.5800008,20007.91;83.03613
20007.41,0.5800008,20007.9;83.15073
20007.32,0.5800008,20007.89;83.26533
20007.23,0.5800008,20007.88;83.35127
20007.15,0.5800008,20007.87;83.46587
20007.09,0.5800008,20007.86;83.55183
20007.03,0.5800008,20007.85;83.62344
20006.98,0.5800008,20007.85;83.69505
20006.93,0.5800008,20007.84;83.76666
20006.89,0.5800008,20007.84;83.83828
20006.84,0.5800008,20007.83;83.90989
20006.79,0.5800008,20007.83;83.98151
20006.74,0.5800008,20007.82;84.05312
20006.7,0.5800008,20007.82;84.12473
20006.65,0.5800008,20007.81;84.21068
20006.6,0.5800008,20007.81;84.2823
20006.55,0.5800008,20007.8;84.36825
20006.5,0.5800008,20007.8;84.42554
20006.44,0.5800008,20007.79;84.51149
20006.4,0.5800008,20007.79;84.59745
20006.35,0.5800008,20007.78;84.6834
20006.32,0.5800008,20007.78;84.78367
20006.29,0.5800008,20007.78;84.82663
20006.27,0.5800008,20007.78;84.8696
20006.24,0.5800008,20007.77;84.88393
20006.24,0.5800008,20007.77;84.8696
20006.23,0.5800008,20007.77;84.84096
20006.23,0.5800008,20007.77;84.82663
20006.22,0.5800008,20007.77;84.82663
20006.23,0.5800008,20007.77;84.82663
20006.23,0.5800008,20007.77;84.84095
20006.24,0.5800008,20007.77;84.84095
20006.25,0.5800008,20007.78;84.82663
20006.25,0.5800008,20007.78;84.79798
20006.26,0.5800008,20007.78;84.74069
20006.26,0.5800008,20007.78;84.69772
20006.26,0.5800008,20007.78;84.66907
20006.26,0.5800008,20007.78;84.6261
20006.26,0.5800008,20007.78;84.56881
20006.26,0.5800008,20007.78;84.52584
20006.26,0.5800008,20007.78;84.48286
20006.26,0.580000