20000,0.5,20000;0
20000,0.5799997,20000.15;359.8281
20000,0.58,20000.3;359.5474
20000,0.58,20000.3;359.5474
20000,0.58,20000.55;359.3239
20000,0.58,20000.55;359.3239
19999.99,0.58,20000.81;359.3182
19999.99,0.58,20000.81;359.3182
19999.99,0.58,20000.81;359.3182
19999.99,0.58,20001.06;359.3124
19999.99,0.58,20001.06;359.3124
19999.99,0.58,20001.06;359.3124
19999.99,0.58,20001.32;359.3067
19999.99,0.58,20001.32;359.3067
19999.98,0.58,20001.57;359.301
19999.98,0.58,20001.82;359.301
19999.98,0.58,20002.08;359.2953
19999.98,0.58,20002.08;359.2953
19999.98,0.58,20002.08;359.2953
19999.97,0.58,20002.33;359.2265
19999.97,0.58,20002.33;359.2265
19999.97,0.58,20002.33;359.2265
19999.97,0.58,20002.59;358.9801
19999.97,0.58,20002.59;358.9801
19999.97,0.58,20002.59;358.9801
19999.96,0.58,20002.84;358.7338
19999.96,0.58,20003.09;358.4988
19999.95,0.58,20003.35;358.2869
19999.95,0.58,20003.35;358.2869
19999.94,0.58,20003.59;358.0749
19999.93,0.58,20003.82;357.8285
19999.93,0.58,20003.82;357.8285
19999.92,0.58,20004.08;357.5821
19999.91,0.58,20004.33;357.3358
19999.91,0.58,20004.33;357.3358
19999.9,0.58,20004.58;357.0894
19999.88,0.58,20004.84;356.8774
19999.87,0.58,20005.09;356.6253
19999.87,0.58,20005.09;356.6253
19999.85,0.58,20005.35;356.3732
19999.83,0.58,20005.6;356.1211
19999.83,0.58,20005.6;356.1211
19999.83,0.58,20005.6;356.1211
19999.82,0.58,20005.85;355.9262
19999.82,0.58,20005.85;355.9262
19999.82,0.58,20005.85;355.9262
19999.8,0.58,20006.04;355.7372
19999.79,0.58,20006.25;355.5481
19999.77,0.58,20006.46;355.4278
19999.77,0.58,20006.46;355.4278
19999.76,0.58,20006.54;355.3075
19999.76,0.58,20006.62;355.1356
19999.76,0.58,20006.62;355.1356
19999.74,0.58,20006.76;354.9637
19999.73,0.58,20006.9;354.7803
19999.73,0.58,20006.9;354.7803
19999.73,0.58,20006.92;354.597
19999.73,0.58,20006.94;354.4136
19999.72,0.58,20006.96;354.2647
19999.72,0.58,20006.96;354.2647
19999.72,0.58,20006.96;354.2647
19999.72,0.58,20007.02;354.1042
19999.72,0.58,20007.02;354.1042
19999.72,0.58,20007.02;354.1042
19999.69,0.58,20007.27;353.9553
19999.69,0.58,20007.27;353.9553
19999.69,0.58,20007.27;353.9553
19999.67,0.58,20007.52;353.8235
19999.64,0.58,20007.77;353.6803
19999.64,0.58,20007.77;353.6803
19999.64,0.58,20007.77;353.6803
19999.63,0.58,20007.79;353.5313
19999.63,0.58,20007.79;353.5313
19999.61,0.58,20008.04;353.3823
19999.58,0.58,20008.28;353.262
19999.58,0.58,20008.28;353.262
19999.57,0.58,20008.36;353.1588
19999.57,0.58,20008.36;353.1588
19999.57,0.58,20008.36;353.1588
19999.56,0.58,20008.44;353.0328
19999.56,0.58,20008.44;353.0328
19999.54,0.58,20008.6;352.9067
19999.52,0.58,20008.76;352.7921
19999.52,0.58,20008.76;352.7921
19999.49,0.58,20009;352.6776
19999.46,0.58,20009.25;352.5286
19999.42,0.58,20009.5;352.3911
19999.42,0.58,20009.5;352.3911
19999.39,0.58,20009.72;352.265
19999.39,0.58,20009.72;352.265
19999.36,0.58,20009.97;352.1332
19999.36,0.58,20009.97;352.1332
19999.36,0.58,20009.97;352.1332
19999.32,0.58,20010.22;351.9957
19999.32,0.58,20010.22;351.9957
19999.29,0.58,20010.48;351.8811
19999.29,0.58,20010.48;351.8811
19999.25,0.58,20010.69;351.7494
19999.25,0.58,20010.69;351.7494
19999.22,0.58,20010.95;351.6176
19999.18,0.58,20011.2;351.5087
19999.18,0.58,20011.2;351.5087
19999.14,0.58,20011.44;351.3998
19999.1,0.58,20011.69;351.2623
19999.07,0.58,20011.89;351.1248
19999.07,0.58,20011.89;351.1248
19999.03,0.58,20012.13;350.9873
19998.99,0.58,20012.38;350.8612
19998.99,0.58,20012.38;350.8612
19998.96,0.58,20012.62;350.7352
19998.92,0.58,20012.86;350.5862
19998.92,0.58,20012.86;350.5862
19998.88,0.58,20013.06;350.4373
19998.85,0.58,20013.27;350.294
19998.8,0.58,20013.5;350.1852
19998.8,0.58,20013.5;350.1852
19998.8,0.58,20013.5;350.1852
19998.76,0.58,20013.74;350.0763
19998.72,0.58,20013.97;349.956
19998.72,0.58,20013.97;349.956
19998.69,0.58,20014.18;349.8356
19998.65,0.58,20014.38;349.7153
19998.65,0.58,20014.38;349.7153
19998.61,0.58,20014.62;349.595
19998.56,0.58,20014.86;349.5205
19998.52,0.58,20015.09;349.4288
19998.52,0.58,20015.09;349.4288
19998.48,0.58,20015.3;349.3372
19998.44,0.58,20015.5;349.2111
19998.44,0.58,20015.5;349.2111
19998.44,0.58,20015.5;349.2111
19998.39,0.58,20015.74;349.0908
19998.39,0.58,20015.74;349.0908
19998.39,0.58,20015.74;349.0908
19998.35,0.58,20015.97;348.9647
19998.31,0.58,20016.17;348.8387
19998.27,0.58,20016.36;348.7355
19998.27,0.58,20016.36;348.7355
19998.23,0.58,20016.56;348.6324
19998.23,0.58,20016.56;348.6324
19998.23,0.58,20016.56;348.6324
19998.19,0.58,20016.75;348.5293
19998.15,0.58,20016.94;348.5293
19998.15,0.58,20016.94;348.5293
19998.1,0.58,20017.19;348.5293
19998.05,0.58,20017.44;348.5235
19998,0.58,20017.69;348.5178
19998,0.58,20017.69;348.5178
19998,0.58,20017.69;348.5178
19997.95,0.58,20017.94;348.5121
19997.95,0.58,20017.94;348.5121
19997.95,0.58,20017.94;348.5121
19997.9,0.58,20018.17;348.5063
19997.9,0.58,20018.17;348.5063
19997.9,0.58,20018.17;348.5063
19997.85,0.58,20018.42;348.5063
19997.84,0.58,20018.49;348.5063
19997.82,0.58,20018.56;348.5063
19997.82,0.58,20018.56;348.5063
19997.81,0.58,20018.65;348.5063
19997.79,0.58,20018.75;348.3115
19997.79,0.58,20018.75;348.3115
19997.73,0.58,20018.99;348.1167
19997.68,0.58,20019.24;347.8474
19997.68,0.58,20019.24;347.8474
19997.63,0.58,20019.49;347.5782
19997.57,0.58,20019.74;347.3375
19997.51,0.58,20019.99;347.0969
19997.46,0.58,20020.23;347.0281
19997.46,0.58,20020.23;347.0281
19997.4,0.58,20020.48;346.9594
19997.4,0.58,20020.48;346.9594
19997.4,0.58,20020.48;346.9594
19997.34,0.58,20020.73;346.8906
19997.34,0.58,20020.73;346.8906
19997.34,0.58,20020.73;346.8906
19997.29,0.58,20020.98;346.8219
19997.23,0.58,20021.22;346.7531
19997.23,0.58,20021.22;346.7531
19997.23,0.58,20021.22;346.7531
19997.17,0.58,20021.47;346.6844
19997.11,0.58,20021.72;346.5468
19997.11,0.58,20021.72;346.5468
19997.11,0.58,20021.72;346.5468
19997.05,0.58,20021.96;346.2776
19997.05,0.58,20021.96;346.2776
19996.99,0.58,20022.21;346.0541
19996.93,0.58,20022.46;345.8307
19996.86,0.58,20022.7;345.7906
19996.86,0.58,20022.7;345.7906
19996.8,0.58,20022.95;345.7505
19996.8,0.58,20022.95;345.7505
19996.8,0.58,20022.95;345.7505
19996.74,0.58,20023.2;345.7104
19996.74,0.58,20023.2;345.7104
19996.68,0.58,20023.44;345.7104
19996.68,0.58,20023.44;345.7104
19996.61,0.58,20023.69;345.7104
19996.55,0.58,20023.93;345.6531
19996.55,0.58,20023.93;345.6531
19996.49,0.58,20024.18;345.5958
19996.42,0.58,20024.43;345.3895
19996.42,0.58,20024.43;345.3895
19996.36,0.58,20024.67;345.1833
19996.29,0.58,20024.92;344.9541
19996.29,0.58,20024.92;344.9541
19996.22,0.58,20025.16;344.7134
19996.22,0.58,20025.16;344.7134
19996.16,0.58,20025.41;344.5186
19996.16,0.58,20025.41;344.5186
19996.16,0.58,20025.41;344.5186
19996.09,0.58,20025.65;344.3238
19996.02,0.58,20025.9;344.192
19996.02,0.58,20025.9;344.192
19995.95,0.58,20026.14;344.0603
19995.88,0.58,20026.38;343.8483
19995.81,0.58,20026.63;343.6649
19995.81,0.58,20026.63;343.6649
19995.73,0.58,20026.87;343.4816
19995.66,0.58,20027.12;343.2753
19995.66,0.58,20027.12;343.2753
19995.64,0.58,20027.17;343.0691
19995.63,0.58,20027.22;342.8914
19995.63,0.58,20027.22;342.8914
19995.6,0.58,20027.31;342.7138
19995.57,0.58,20027.4;342.5706
19995.5,0.58,20027.64;342.4273
19995.42,0.58,20027.88;342.2784
19995.42,0.58,20027.88;342.2784
19995.34,0.58,20028.13;342.1294
19995.26,0.58,20028.37;341.9861
19995.26,0.58,20028.37;341.9861
19995.18,0.58,20028.61;341.8429
19995.1,0.58,20028.85;341.7856
19995.1,0.58,20028.85;341.7856
19995.02,0.58,20029.09;341.7283
19994.94,0.58,20029.33;341.7112
19994.87,0.58,20029.57;341.694
19994.87,0.58,20029.57;341.694
19994.87,0.58,20029.57;341.694
19994.79,0.58,20029.82;341.6596
19994.79,0.58,20029.82;341.6596
19994.79,0.58,20029.82;341.6596
19994.71,0.58,20030.06;341.5794
19994.71,0.58,20030.06;341.5794
19994.71,0.58,20030.06;341.5794
19994.62,0.58,20030.3;341.5736
19994.54,0.58,20030.54;341.5679
19994.46,0.58,20030.78;341.4419
19994.46,0.58,20030.78;341.4419
19994.38,0.58,20031.02;341.3158
19994.3,0.58,20031.26;341.184
19994.3,0.58,20031.26;341.184
19994.22,0.58,20031.5;341.0522
19994.13,0.58,20031.74;340.9147
19994.13,0.58,20031.74;340.9147
19994.05,0.58,20031.98;340.7772
19993.97,0.58,20032.22;340.6626
19993.88,0.58,20032.46;340.5423
19993.88,0.58,20032.46;340.5423
19993.88,0.58,20032.46;340.5423
19993.8,0.58,20032.7;340.3876
19993.8,0.58,20032.7;340.3876
19993.8,0.58,20032.7;340.3876
19993.71,0.58,20032.94;340.2329
19993.62,0.58,20033.18;340.0954
19993.62,0.58,20033.18;340.0954
19993.54,0.58,20033.42;339.9464
19993.45,0.58,20033.65;339.7975
19993.36,0.58,20033.89;339.6714
19993.36,0.58,20033.89;339.6714
19993.27,0.58,20034.13;339.5453
19993.18,0.58,20034.37;339.4422
19993.18,0.58,20034.37;339.4422
19993.09,0.58,20034.61;339.3391
19993,0.58,20034.84;339.2589
19993,0.58,20034.84;339.2589
19992.91,0.58,20035.08;339.1786
19992.82,0.58,20035.32;339.1099
19992.73,0.58,20035.55;338.9896
19992.73,0.58,20035.55;338.9896
19992.73,0.58,20035.55;338.9896
19992.64,0.58,20035.79;338.8692
19992.55,0.58,20036.03;338.7088
19992.46,0.58,20036.26;338.5427
19992.36,0.58,20036.5;338.3765
19992.27,0.58,20036.74;338.2447
19992.27,0.58,20036.74;338.2447
19992.17,0.58,20036.97;338.1129
19992.08,0.58,20037.21;337.9697
19992.08,0.58,20037.21;337.9697
19991.98,0.58,20037.44;337.8264
19991.88,0.58,20037.68;337.6832
19991.88,0.58,20037.68;337.6832
19991.79,0.58,20037.91;337.54
19991.69,0.58,20038.15;337.4139
19991.69,0.58,20038.15;337.4139
19991.61,0.58,20038.35;337.2592
19991.61,0.58,20038.35;337.2592
19991.55,0.58,20038.48;337.1045
19991.49,0.58,20038.62;336.9556
19991.49,0.58,20038.62;336.9556
19991.49,0.58,20038.62;336.9556
19991.43,0.58,20038.76;336.8238
19991.43,0.58,20038.76;336.8238
19991.35,0.58,20038.96;336.692
19991.26,0.58,20039.16;336.5258
19991.26,0.58,20039.16;336.5258
19991.16,0.58,20039.39;336.4112
19991.16,0.58,20039.39;336.4112
19991.06,0.58,20039.62;336.4055
19991.06,0.58,20039.62;336.4055
19991.06,0.58,20039.62;336.4055
19990.96,0.58,20039.83;336.3998
19990.96,0.58,20039.83;336.3998
19990.96,0.58,20039.83;336.3998
19990.86,0.58,20040.06;336.394
19990.86,0.58,20040.06;336.394
19990.76,0.58,20040.3;336.3883
19990.76,0.58,20040.3;336.3883
19990.66,0.58,20040.53;336.3826
19990.66,0.58,20040.53;336.3826
19990.66,0.58,20040.53;336.3826
19990.57,0.58,20040.73;336.3769
19990.49,0.58,20040.93;336.3769
19990.49,0.58,20040.93;336.3769
19990.49,0.58,20040.93;336.3769
19990.38,0.58,20041.16;336.3769
19990.28,0.58,20041.39;336.3769
19990.18,0.58,20041.62;336.3711
19990.18,0.58,20041.62;336.3711
19990.08,0.58,20041.86;336.3654
19989.98,0.58,20042.09;336.268
19989.98,0.58,20042.09;336.268
19989.88,0.58,20042.32;336.1706
19989.77,0.58,20042.55;336.056
19989.77,0.58,20042.55;336.056
