20000,0.58,19980;10.00002
20000,0.58,19979.99;10.00002
20000,0.58,19979.99;10.00002
20000,0.58,19979.99;10.00002
20000,0.58,19979.99;10.00002
20000,0.58,19979.99;10.00002
20000,0.58,19979.99;10.00002
20000,0.58,19979.99;10.00002
20000,0.58,19979.99;10.00002
20000,0.58,19979.99;10.00002
20000,0.58,19979.99;10.00002
20000,0.58,19979.99;10.00002
20000,0.58,19979.99;10.00002
20000,0.58,19979.99;10.00002
20000,0.58,19979.99;10.00002
20000,0.58,19979.99;10.00002
20000,0.58,19979.98;10.00002
20000,0.58,19979.98;10.00002
20000,0.58,19979.98;10.00002
20000,0.58,19979.98;10.00002
20000,0.58,19979.98;10.00002
20000,0.58,19979.98;10.00002
20000,0.58,19979.98;10.00002
20000,0.58,19979.98;10.00002
20000,0.58,19979.98;10.00002
20000,0.58,19979.98;10.00002
20000,0.58,19979.98;10.00002
20000,0.58,19979.98;10.00002
20000,0.58,19979.98;10.00002
20000,0.58,19979.98;10.00002
20000,0.58,19979.98;10.00002
20000,0.58,19979.98;10.00002
20000,0.58,19979.98;10.00002
20000,0.58,19979.98;10.00002
20000,0.58,19979.98;10.00002
20000,0.58,19979.98;10.00002
20000,0.58,19979.98;10.00002
20000,0.58,19979.98;10.00002
20000,0.58,19979.98;10.00002
20000,0.58,19979.98;10.00002
20000,0.58,19979.98;10.00002
20000,0.58,19979.98;10.00002
20000,0.58,19979.98;10.00002
20000,0.58,19979.98;10.00002
20000,0.58,19979.98;10.00002
20000,0.58,19979.98;10.00002
20000,0.58,19979.98;10.00002
20000,0.58,19979.98;10.00002
20000,0.58,19979.98;10.00002
20000,0.58,19979.98;10.00002
20000,0.58,19979.98;10.00002
20000,0.58,19979.98;10.00002
20000,0.58,19979.98;10.00002
20000,0.58,19979.98;10.00002
20000,0.58,19979.98;10.00002
20000,0.58,19979.98;10.00002
20000,0.58,19979.98;10.00002
20000,0.58,19979.98;10.00002
20000,0.58,19979.98;10.00002
20000,0.58,19979.98;10.00002
20000,0.58,19979.98;10.00002
20000,0.58,19979.98;10.00002
20000,0.58,19979.98;10.00002
20000,0.58,19979.98;10.00002
20000,0.58,19979.98;10.00002
20000,0.58,19979.98;10.00002
20000,0.58,19979.98;10.00002
20000,0.58,19979.98;10.00002
20000,0.58,19979.98;10.00002
20000,0.58,19979.98;10.00002
20000,0.58,19979.98;10.00002
20000,0.58,19979.98;10.00002
19999.99,0.58,19979.97;9.560753
19999.99,0.58,19979.97;9.560753
19999.99,0.58,19979.97;9.560753
19999.99,0.58,19979.97;9.560753
19999.99,0.58,19979.97;9.560753
19999.99,0.58,19979.97;9.560753
19999.99,0.58,19979.97;9.560753
19999.99,0.58,19979.95;9.088061
19999.99,0.58,19979.95;9.088061
19999.99,0.58,19979.95;8.698455
19999.99,0.58,19979.96;8.240088
20000,0.58,19980.01;7.690051
20000.01,0.58,19980.07;7.323361
20000.02,0.58,19980.15;6.979589
20000.03,0.58,19980.22;6.555595
20000.03,0.58,19980.22;6.555595
20000.03,0.58,19980.29;6.188905
20000.03,0.58,19980.29;6.188905
20000.04,0.58,19980.37;5.913881
20000.05,0.58,19980.46;5.719079
20000.06,0.58,19980.6;5.615942
20000.09,0.58,19980.83;5.604484
20000.12,0.58,19981.14;5.604484
20000.15,0.58,19981.52;5.6274
20000.2,0.58,19981.97;5.673234
20000.25,0.58,19982.49;5.719069
20000.3,0.58,19982.98;5.764903
20000.35,0.58,19983.49;5.833653
20000.4,0.58,19984;5.890945
20000.46,0.58,19984.5;5.92532
20000.51,0.58,19984.99;5.971154
20000.57,0.58,19985.55;6.051363
20000.63,0.58,19986.16;6.131571
20000.71,0.58,19986.84;6.257624
20000.79,0.58,19987.59;6.418053
20000.89,0.58,19988.4;6.578481
20000.98,0.58,19989.23;6.704534
20001.07,0.58,19989.99;6.555564
20001.14,0.58,19990.67;6.085738
20001.2,0.58,19991.29;5.317972
20001.24,0.58,19991.86;4.286652
20001.27,0.58,19992.38;3.003225
20001.29,0.58,19992.94;1.719799
20001.29,0.58,19993.52;0.4478312
20001.29,0.58,19994.1;359.1988
20001.26,0.58,19994.66;357.9497
20001.23,0.58,19995.22;356.7121
20001.19,0.58,19995.76;355.5319
20001.14,0.58,19996.29;354.4203
20001.08,0.58,19996.75;353.3317
20001.02,0.58,19997.2;352.2774
20000.96,0.58,19997.64;351.2461
20000.88,0.58,19998.05;350.2033
20000.81,0.58,19998.46;349.1491
20000.73,0.58,19998.82;348.1178
20000.66,0.58,19999.13;347.1208
20000.6,0.58,19999.36;346.1583
20000.54,0.58,19999.59;345.2301
20000.48,0.58,19999.82;344.3248
20000.41,0.58,20000.06;343.4539
20000.32,0.58,20000.35;342.6174
20000.22,0.58,20000.64;341.8152
20000.22,0.58,20000.64;341.8152
20000.22,0.58,20000.64;341.8152
20000.22,0.58,20000.64;341.8152
20000.22,0.58,20000.64;341.8152
20000.22,0.58,20000.64;341.8152
20000.22,0.58,20000.64;341.8152
20000.14,0.58,20000.87;341.2766
20000.08,0.58,20001.05;340.9443
20000.08,0.58,20001.05;340.9443
20000.08,0.58,20001.05;340.9443
20000.02,0.58,20001.21;340.8183
19999.99,0.58,20001.3;340.887
19999.99,0.58,20001.3;340.887
19999.97,0.58,20001.38;341.162
19999.97,0.58,20001.38;341.162
19999.97,0.58,20001.38;341.162
19999.97,0.58,20001.38;341.162
19999.93,0.58,20001.48;341.3454
19999.9,0.58,20001.57;341.5173
19999.87,0.58,20001.67;341.6548
19999.87,0.58,20001.67;341.6548
19999.87,0.58,20001.67;341.6548
19999.87,0.58,20001.67;341.6548
19999.87,0.58,20001.67;341.6548
19999.84,0.58,20001.77;341.7006
19999.84,0.58,20001.77;341.7006
19999.81,0.58,20001.85;341.5631
19999.78,0.58,20001.93;341.334
19999.75,0.58,20002.03;340.9902
19999.7,0.58,20002.16;340.5547
19999.64,0.58,20002.33;340.0734
19999.58,0.58,20002.48;339.6265
19999.58,0.58,20002.48;339.6265
19999.58,0.58,20002.48;339.6265
19999.58,0.58,20002.48;339.6265
19999.53,0.58,20002.62;339.1911
19999.53,0.58,20002.62;339.1911
19999.49,0.58,20002.72;338.79
19999.49,0.58,20002.72;338.79
19999.46,0.58,20002.8;338.4233
19999.44,0.58,20002.85;338.1025
19999.41,0.58,20002.92;337.8504
19999.39,0.58,20002.97;337.6441
19999.37,0.58,20003.02;337.4722
19999.37,0.58,20003.02;337.4722
19999.37,0.58,20003.02;337.4722
19999.37,0.58,20003.02;337.4722
19999.37,0.58,20003.02;337.4722
19999.35,0.58,20003.08;337.3232
19999.35,0.58,20003.08;337.3232
19999.35,0.58,20003.08;337.3232
19999.35,0.58,20003.08;337.3232
19999.28,0.58,20003.25;337.2086
19999.15,0.58,20003.54;337.1514
19998.97,0.58,20003.97;337.1399
19998.74,0.58,20004.53;337.1628
19998.46,0.58,20005.19;337.2316
19998.17,0.58,20005.88;337.3347
19997.88,0.58,20006.58;337.4149
19997.61,0.58,20007.23;337.4951
19997.37,0.58,20007.82;337.5868
19997.17,0.58,20008.3;337.7472
19997.03,0.58,20008.65;338.0795
19996.94,0.58,20008.87;338.6067
19996.89,0.58,20009.01;339.2025
19996.89,0.58,20009.01;339.2025
19996.86,0.58,20009.1;339.7755
19996.83,0.58,20009.18;340.2453
19996.77,0.58,20009.34;340.486
19996.77,0.58,20009.34;340.486
19996.77,0.58,20009.34;340.486
19996.71,0.58,20009.52;340.4745
19996.71,0.58,20009.52;340.4745
19996.71,0.58,20009.52;340.4745
19996.63,0.58,20009.75;340.3599
19996.54,0.58,20010;340.2109
19996.43,0.58,20010.29;339.9703
19996.43,0.58,20010.29;339.9703
19996.43,0.58,20010.29;339.9703
19996.43,0.58,20010.29;339.9703
19996.43,0.58,20010.29;339.9703
19996.36,0.58,20010.48;339.7755
19996.3,0.58,20010.65;339.7068
19996.3,0.58,20010.65;339.7068
19996.26,0.58,20010.76;339.6838
19996.22,0.58,20010.86;339.6953
19996.22,0.58,20010.86;339.6953
19996.19,0.58,20010.94;339.8099
19996.19,0.58,20010.94;339.8099
19996.19,0.58,20010.94;339.8099
19996.19,0.58,20010.94;339.8099
19996.16,0.58,20011.02;339.913
19996.16,0.58,20011.02;339.913
19996.11,0.58,20011.15;339.9474
19996.06,0.58,20011.3;339.9589
19996.06,0.58,20011.3;339.9589
19996.01,0.58,20011.43;339.9245
19996.01,0.58,20011.43;339.9245
19996.01,0.58,20011.43;339.9245
19996.01,0.58,20011.43;339.9245
19995.95,0.58,20011.59;339.6724
19995.87,0.58,20011.82;339.1911
19995.76,0.58,20012.07;338.4921
19995.65,0.58,20012.34;337.5868
19995.65,0.58,20012.34;337.5868
19995.65,0.58,20012.34;337.5868
19995.52,0.58,20012.65;336.5211
19995.39,0.58,20012.93;335.5013
19995.26,0.58,20013.2;334.5272
19995.14,0.58,20013.46;333.5761
19995.01,0.58,20013.7;332.6708
19995.01,0.58,20013.7;332.6708
19994.91,0.58,20013.88;331.8343
19994.81,0.58,20014.07;330.9978
19994.7,0.58,20014.26;330.1956
19994.6,0.58,20014.44;329.4279
19994.5,0.58,20014.6;328.6601
19994.5,0.58,20014.6;328.6601
19994.5,0.58,20014.6;328.6601
19994.39,0.58,20014.77;328.0184
19994.39,0.58,20014.77;328.0184
19994.29,0.58,20014.93;327.5257
19994.22,0.58,20015.04;327.1475
19994.14,0.58,20015.15;326.9183
19994.06,0.58,20015.28;326.8496
19993.96,0.58,20015.42;326.8267
19993.96,0.58,20015.42;326.8267
19993.96,0.58,20015.42;326.8267
19993.89,0.58,20015.53;327.0673
19993.83,0.58,20015.64;327.5944
19993.83,0.58,20015.64;327.5944
19993.8,0.58,20015.69;328.6601
19993.79,0.58,20015.71;330.2988
19993.79,0.58,20015.71;330.2988
19993.79,0.58,20015.71;330.2988
19993.79,0.58,20015.71;330.2988
19993.79,0.58,20015.71;330.2988
19993.79,0.58,20015.71;330.2988
19993.79,0.58,20015.71;332.3958
19993.79,0.58,20015.71;332.3958
19993.79,0.58,20015.71;332.3958
19993.78,0.58,20015.72;334.5272
19993.78,0.58,20015.73;336.6815
19993.78,0.58,20015.73;336.6815
19993.77,0.58,20015.75;338.7442
19993.77,0.58,20015.75;338.7442
19993.77,0.58,20015.75;338.7442
19993.77,0.58,20015.75;338.7442
19993.77,0.58,20015.75;338.7442
19993.77,0.58,20015.75;338.7442
19993.77,0.58,20015.75;338.7442
19993.77,0.58,20015.75;338.7442
19993.77,0.58,20015.75;338.7442
19993.77,0.58,20015.75;338.7442
19993.76,0.58,20015.77;340.2224
19993.76,0.58,20015.76;341.036
19993.77,0.58,20015.75;341.4142
19993.78,0.58,20015.71;341.311
19993.81,0.58,20015.63;340.5547
19993.85,0.58,20015.51;339.5577
19993.9,0.58,20015.38;338.5379
19993.97,0.58,20015.23;337.4836
19994.04,0.58,20015.08;336.395
19994.1,0.58,20014.93;335.3178
19994.17,0.58,20014.79;334.2521
19994.24,0.58,20014.65;333.1635
19994.31,0.58,20014.52;332.1551
19994.38,0.58,20014.39;331.1467
19994.45,0.58,20014.28;330.1269
19994.51,0.58,20014.16;329.1185
19994.58,0.58,20014.06;328.0642
19994.64,0.58,20013.96;326.9183
19994.71,0.58,20013.87;325.7724
19994.8,0.58,20013.73;324.7754
19994.95,0.58,20013.53;324.2598
19995.12,0.58,20013.29;324.317
19995.31,0.58,20013.02;325.0275
19995.48,0.58,20012.77;326.4255
19995.59,0.58,20012.59;328.2819
19995.63,0.58,20012.5;330.1498
19995.65,0.58,20012.48;331.8572
19995.63,0.58,20012.51;333.1979
19995.62,0.58,20012.53;334.2292
19995.63,0.58,20012.52;335.0887
19995.64,0.58,20012.48;335.9825
19995.68,0.58,20012.4;337.2315
19995.72,0.58,20012.29;338.9733
19995.78,0.58,20012.13;341.1735
19995.83,0.58,20011.94;343.6143
19995.89,0.58,20011.72;346.0207
19995.93,0.58,20011.53;348.0948
19995.96,0.58,20011.35;349.7449
19995.98,0.58,20011.2;351.0054
19996,0.58,20011.06;352.0826
19996.02,0.58,20010.93;353.2629
19996.03,0.58,20010.78;354.5463
19996.04,0.58,20010.64;355.91
19996.05,0.58,20010.5;357.2736
19996.05,0.58,20010.36;358.6028
19996.05,0.58,20010.24;359.9436
19996.05,0.58,20010.13;1.593688
19996.04,0.58,20010.02;3.49591
19996.03,0.58,20009.92;5.592937
19996.02,0.58,20009.83;7.838932
19996.01,0.58,20009.74;10.1766
19995.99,0.58,20009.65;12.43405
19995.96,0.58,20009.57;14.61128
19995.94,0.58,20009.5;16.74268
19995.92,0.58,20009.42;18.85117
19995.88,0.58,20009.34;20.92528
19995.85,0.58,20009.26;23.01085
19995.81,0.58,20009.18;25.11933
19995.77,0.58,20009.1;27.15906
19995.73,0.58,20009.02;28.93524
19995.7,0.58,20008.96;30.28741
19995.67,0.58,20008.93;31.11247
19995.66,0.58,20008.91;31.42187
19995.67,0.58,20008.92;31.36458
19995.68,0.58,20008.94;31.08956
19995.7,0.58,20008.97;30.67703
19995.73,0.58,20009.02;30.09261
19995.76,0.58,20009.08;29.38214
19995.81,0.58,20009.17;28.47686
19995.86,0.58,20009.26;27.42261
19995.91,0.58,20009.37;26.15065
19995.97,0.58,20009.5;24.54636
19996.03,0.58,20009.64;22.56393
19996.08,0.58,20009.78;20.21481
19996.12,0.58,20009.91;17.60213
19996.16,0.58,20010.04;14.86339
19996.18,0.58,20010.15;12.22779
19996.2,0.58,20010.26;9.523421
19996.21,0.58,20010.41;6.635713
19996.22,0.58,20010.58;3.289635
19996.22,0.58,20010.78;359.4852
19996.2,0.58,20011.02;355.2339
19996.16,0.58,20011.3;350.719
19996.08,0.58,20011.61;345.8947
19995.97,0.58,20011.94;341.013
19995.82,0.58,20012.28;336.0283
19995.64,0.58,20012.59;331.0894
19995.46,0.58,20012.88;326.3797
19995.27,0.58,20013.11;322.1284
19995.09,0.58,20013.31;318.1635
19994.9,0.58,20013.49;314.4622
19994.7,0.58,20013.67;310.8297
19994.48,0.58,20013.83;307.1856
19994.25,0.58,20013.99;303.4156
19994.01,0.58,20014.13;299.5309
19993.75,0.58,20014.25;295.6692
19993.53,0.58,20014.34;291.8762
19993.33,0.58,20014.41;288.3926
19993.15,0.58,20014.45;285.3903
19993.01,0.58,20014.49;282.9724
19992.91,0.58,20014.51;281.0702
19992.82,0.58,20014.52;279.741
19992.74,0.58,20014.53;278.7899
19992.7,0.58,20014.54;278.1252
19992.66,0.58,20014.54;277.5981
19992.64,0.58,20014.55;277.1741
19992.62,0.58,20014.55;276.8074
19992.62,0.58,20014.55;276.4636
19992.62,0.58,20014.55;276.4636
19992.62,0.58,20014.55;276.1886
19992.63,0.58,20014.55;276.074
19992.63,0.58,20014.55;276.074
19992.63,0.58,20014.55;276.074
19992.64,0.58,20014.55;276.0855
19992.64,0.58,20014.55;276.0855
19992.64,0.58,20014.55;276.0855
19992.64,0.58,20014.55;276.0855
19992.64,0.58,20014.55;276.0855
19992.63,0.58,20014.55;276.0969
19992.62,0.58,20014.55;276.1084
19992.63,0.58,20014.55;276.2115
19992.69,0.58,20014.54;276.3949
19992.77,0.58,20014.53;276.7845
19992.87,0.58,20014.52;277.3574
19992.99,0.58,20014.5;277.9648
19993.1,0.58,20014.49;278.5148
19993.2,0.58,20014.47;279.0648
19993.27,0.58,20014.46;279.4774
19993.32,0.58,20014.45;279.7066
19993.35,0.58,20014.44;279.867
19993.38,0.58,20014.44;279.9472
19993.4,0.58,20014.44;280.0274
19993.44,0.58,20014.43;280.1764
19993.5,0.58,20014.42;280.3826
19993.58,0.58,20014.4;280.5889
19993.67,0.58,20014.38;280.8181
19993.77,0.58,20014.37;281.1733
19993.87,0.58,20014.34;281.8494
19993.99,0.58,20014.32;282.9609
19994.13,0.58,20014.28;284.6225
19994.32,0.58,20014.22;286.731
19994.56,0.58,20014.14;289.1833
19994.85,0.58,20014.02;291.8188
19995.18,0.58,20013.87;294.6493
19995.53,0.58,20013.69;297.7203
19995.9,0.58,20013.46;301.0205
19996.26,0.58,20013.22;304.3666
19996.6,0.58,20012.96;307.6439
19996.92,0.58,20012.68;310.7379
19997.2,0.58,20012.42;313.4652
19997.43,0.58,20012.18;315.8487
19997.63,0.58,20011.96;317.8884
19997.8,0.58,20011.76;319.55
19997.95,0.58,20011.58;320.8907
19998.08,0.58,20011.41;321.9449
19998.19,0.58,20011.27;322.9305
19998.29,0.58,20011.13;323.9732
19998.38,0.58,20010.99;325.1306
19998.47,0.58,20010.86;326.1963
19998.55,0.58,20010.73;327.1703
19998.63,0.58,20010.61;327.8922
19998.7,0.58,20010.5;328.3392
19998.76,0.58,20010.4;328.511
19998.81,0.58,20010.31;328.5798
19998.85,0.58,20010.25;328.511
19998.89,0.58,20010.19;328.3163
19998.91,0.58,20010.16;327.9381
19998.92,0.58,20010.13;327.3766
19998.93,0.58,20010.12;326.5974
19998.94,0.58,20010.12;325.6234
19998.93,0.58,20010.12;324.3055
19998.93,0.58,20010.12;324.3055
19998.92,0.58,20010.13;322.4148
19998.88,0.58,20010.18;319.8479
19998.82,0.58,20010.24;316.5477
19998.71,0.58,20010.34;312.5828
19998.54,0.58,20010.48;308.0565
19998.33,0.58,20010.62;303.2665
19998.09,0.58,20010.75;298.4537
19997.83,0.58,20010.86;293.8242
19997.58,0.58,20010.95;289.3665
19997.37,0.58,20011.01;285.1496
19997.17,0.58,20011.04;281.116
19996.99,0.58,20011.07;277.2886
19996.82,0.58,20011.08;273.5758
19996.65,0.58,20011.08;269.9777
19996.48,0.58,20011.07;266.4941
19996.29,0.58,20011.04;263.148
19996.08,0.58,20011.01;259.8248
19995.86,0.58,20010.96;256.4902
19995.63,0.58,20010.89;253.1441
19995.4,0.58,20010.8;249.8095
19995.19,0.58,20010.71;246.4978
19994.97,0.58,20010.6;243.1403
19994.76,0.58,20010.48;239.8057
19994.57,0.58,20010.35;236.5742
19994.4,0.58,20010.22;233.4573
19994.25,0.58,20010.1;230.4894
19994.13,0.58,20009.99;227.7736
19994.04,0.58,20009.9;225.2984
19993.96,0.58,20009.81;223.018
19993.89,0.58,20009.74;220.8522
19993.83,0.58,20009.67;218.7667
19993.79,0.58,20009.61;216.6811
19993.76,0.58,20009.57;214.6987
19993.74,0.58,20009.54;212.8767
19993.73,0.58,20009.51;211.2266
19993.72,0.58,20009.5;209.7598
19993.72,0.58,20009.49;208.4534
19993.71,0.58,20009.48;206.9981
19993.7,0.58,20009.46;205.3824
19993.68,0.58,20009.42;203.6864
19993.66,0.58,20009.37;201.9103
19993.64,0.58,20009.3;200.0997
19993.61,0.58,20009.22;198.3236
19993.59,0.58,20009.14;196.5016
19993.56,0.58,20009.05;194.7483
19993.54,0.58,20008.97;193.1669
19993.53,0.58,20008.9;191.8606
19993.52,0.58,20008.86;190.9553
19993.52,0.58,20008.85;190.474
19993.53,0.58,20008.89;190.2678
19993.54,0.58,20008.96;190.3251
19993.56,0.58,20009.04;190.6459
19993.58,0.58,20009.14;191.3335
19993.6,0.58,20009.25;192.5138
19993.63,0.58,20009.38;194.2441
19993.68,0.58,20009.53;196.5588
19993.73,0.58,20009.69;199.1028
19993.79,0.58,20009.85;201.5665
19993.86,0.58,20009.99;203.8812
19993.92,0.58,20010.12;206.0012
19993.98,0.58,20010.23;207.7888
19994.04,0.58,20010.34;209.4733
19994.11,0.58,20010.45;211.1807
19994.19,0.58,20010.57;212.8538
19994.27,0.58,20010.69;214.6987
19994.36,0.58,20010.82;216.8988
19994.47,0.58,20010.95;219.4313
19994.6,0.58,20011.08;222.2617
19994.73,0.58,20011.21;225.2869
19994.84,0.58,20011.32;228.1173
19994.94,0.58,20011.39;230.4779
19995.02,0.58,20011.46;232.4604
19995.09,0.58,20011.51;234.2022
19995.15,0.58,20011.55;235.7148
19995.21,0.58,20011.59;237.0899
19995.27,0.58,20011.63;238.3389
19995.32,0.58,20011.65;239.4161
19995.35,0.58,20011.67;240.413
19995.38,0.58,20011.69;241.4214
19995.4,0.58,20011.7;242.4642
19995.43,0.58,20011.72;243.5414
19995.46,0.58,20011.73;244.6185
19995.48,0.58,20011.74;245.5582
19995.51,0.58,20011.75;246.4291
19995.54,0.58,20011.76;247.4146
19995.59,0.58,20011.78;248.6636
19995.64,0.58,20011.8;250.1419
19995.69,0.58,20011.82;251.8951
19995.74,0.58,20011.83;253.8317
19995.77,0.58,20011.84;255.8829
19995.79,0.58,20011.84;257.9799
19995.81,0.58,20011.85;260.2488
19995.82,0.58,20011.85;262.6324
19995.84,0.58,20011.85;265.1075
19995.85,0.58,20011.85;267.5598
19995.87,0.58,20011.85;269.9204
19995.88,0.58,20011.85;272.1091
19995.91,0.58,20011.85;274.1603
19995.94,0.58,20011.84;276.074
19995.98,0.58,20011.84;277.8272
19996.03,0.58,20011.83;279.5461
19996.07,0.58,20011.82;281.2077
19996.11,0.58,20011.81;282.812
19996.14,0.58,20011.8;284.3589
19996.19,0.58,20011.79;285.9059
19996.24,0.58,20011.78;287.4644
19996.3,0.58,20011.76;289.1259
19996.35,0.58,20011.74;290.9365
19996.39,0.58,20011.72;292.9533
19996.42,0.58,20011.7;295.1878
19996.46,0.58,20011.69;297.6057
19996.5,0.58,20011.66;300.0809
19996.55,0.58,20011.63;302.579
19996.6,0.58,20011.59;305.1458
19996.66,0.58,20011.55;307.7815
19996.71,0.58,20011.5;310.4056
19996.76,0.58,20011.46;313.0412
19996.81,0.58,20011.4;315.6081
19996.88,0.58,20011.33;318.0489
19996.95,0.58,20011.25;320.2949
19997.02,0.58,20011.16;322.369
19997.09,0.58,20011.06;324.3399
19997.15,0.58,20010.97;326.2192
19997.2,0.58,20010.88;328.0756
19997.24,0.58,20010.81;329.9778
19997.28,0.58,20010.74;331.9832
19997.31,0.58,20010.68;334.0573
19997.34,0.58,20010.62;336.2002
19997.36,0.58,20010.56;338.1826
19997.38,0.58,20010.51;339.8556
19997.39,0.58,20010.48;341.0359
19997.39,0.58,20010.47;341.7234
19997.39,0.58,20010.47;342.0099
19997.39,0.58,20010.48;342.0328
19997.39,0.58,20010.49;341.9412
19997.38,0.58,20010.49;341.861
19997.39,0.58,20010.46;341.7808
19997.41,0.58,20010.41;341.6089
19997.43,0.58,20010.34;341.3339
19997.47,0.58,20010.25;340.9786
19997.5,0.58,20010.15;340.5432
19997.54,0.58,20010.05;340.0733
19997.57,0.58,20009.96;339.6035
19997.61,0.58,20009.87;339.1451
19997.64,0.58,20009.79;338.6868
19997.66,0.58,20009.72;338.2169
19997.69,0.58,20009.66;337.7471
19997.71,0.58,20009.61;337.2658
19997.73,0.58,20009.56;336.7845
19997.75,0.58,20009.52;336.2803
19997.76,0.58,20009.49;335.7876
19997.77,0.58,20009.47;335.3063
19997.78,0.58,20009.45;334.8136
19997.79,0.58,20009.44;334.3208
19997.79,0.58,20009.44;333.8281
19997.79,0.58,20009.44;333.3468
19997.78,0.58,20009.45;332.8541
19997.77,0.58,20009.47;332.3957
19997.76,0.58,20009.5;331.9373
19997.74,0.58,20009.53;331.5019
19997.71,0.58,20009.58;331.0435
19997.68,0.58,20009.63;330.6081
19997.65,0.58,20009.69;330.1497
19997.61,0.58,20009.75;329.6913
19997.57,0.58,20009.82;329.2215
19997.52,0.58,20009.9;328.7746
19997.47,0.58,20009.98;328.3047
19997.42,0.58,20010.07;327.8235
19997.36,0.58,20010.16;327.3422
19997.3,0.58,20010.25;326.8609
19997.24,0.58,20010.35;326.3682
19997.17,0.58,20010.45;325.864
19997.09,0.58,20010.55;325.3712
19997.02,0.58,20010.66;324.8785
19996.93,0.58,20010.78;324.3743
19996.85,0.58,20010.9;323.8586
19996.75,0.58,20011.03;323.3659
19996.65,0.58,20011.16;322.8617
19996.54,0.58,20011.3;322.346
19996.44,0.58,20011.44;321.8304
19996.32,0.58,20011.58;321.3032
19996.2,0.58,20011.72;320.7532
19996.08,0.58,20011.87;320.2032
19995.95,0.58,20012.02;319.6417
19995.82,0.58,20012.18;319.0572
19995.68,0.58,20012.34;318.4843
19995.68,0.58,20012.34;318.4843
19995.53,0.58,20012.5;317.8769
19995.38,0.58,20012.66;317.2581
19995.22,0.58,20012.83;316.6164
19995.05,0.58,20013;315.9747
19994.88,0.58,20013.18;315.3215
19994.7,0.58,20013.36;314.6454
19994.51,0.58,20013.54;313.9579
19994.31,0.58,20013.73;313.2589
19994.11,0.58,20013.91;312.514
19993.9,0.58,20014.1;311.7463
19993.68,0.58,20014.29;310.9785
19993.45,0.58,20014.48;310.1764
19993.21,0.58,20014.68;309.3513
19992.97,0.58,20014.87;308.5262
19992.72,0.58,20015.06;307.6668
19992.46,0.58,20015.26;306.773
19992.19,0.58,20015.45;305.8677
19991.92,0.58,20015.64;304.9281
19991.63,0.58,20015.84;303.9655
19991.34,0.58,20016.03;302.98
19991.05,0.58,20016.21;301.9831
19990.76,0.58,20016.38;300.9403
19990.45,0.58,20016.56;299.886
19990.15,0.58,20016.72;298.7745
19989.83,0.58,20016.89;297.64
19989.51,0.58,20017.05;296.4483
19989.17,0.58,20017.21;295.2451
19988.84,0.58,20017.36;293.996
19988.49,0.58,20017.5;292.747
19988.14,0.58,20017.64;291.4292
19987.78,0.58,20017.77;290.077
19987.41,0.58,20017.9;288.6904
19987.03,0.58,20018.02;287.2581
19986.65,0.58,20018.13;285.7684
19986.26,0.58,20018.22;284.2557
19985.87,0.58,20018.31;282.7202
19985.47,0.58,20018.39;281.116
19985.07,0.58,20018.46;279.4658
19984.66,0.58,20018.51;277.7699
19984.25,0.58,20018.55;275.9937
19983.83,0.58,20018.59;274.1717
19983.41,0.58,20018.6;272.3268
19982.99,0.58,20018.61;270.4017
19982.57,0.58,20018.59;268.4307
19982.14,0.58,20018.57;266.4712
19981.71,0.58,20018.53;264.4544
19981.28,0.58,20018.47;262.4032
19980.84,0.58,20018.39;260.3634
19980.42,0.58,20018.31;258.2664
19979.99,0.58,20018.2;256.1121
19979.57,0.58,20018.08;253.9119
19979.15,0.58,20017.94;251.643
19978.74,0.58,20017.79;249.3168
19978.34,0.58,20017.61;246.9448
19977.94,0.58,20017.42;244.5154
19977.54,0.58,20017.21;242.0403
19977.16,0.58,20016.99;239.5307
19976.79,0.58,20016.75;236.9753
19976.44,0.58,20016.49;234.397
19976.09,0.58,20016.22;231.8072
19975.77,0.58,20015.94;229.1373
19975.46,0.58,20015.65;226.4214
19975.16,0.58,20015.34;223.6254
19974.89,0.58,20015.02;220.7835
19974.63,0.58,20014.68;217.8729
19974.38,0.58,20014.33;214.9508
19974.16,0.58,20013.98;211.9944
19973.96,0.58,20013.61;209.015
19973.77,0.58,20013.24;205.9783
19973.62,0.58,20012.86;202.8614
19973.48,0.58,20012.48;199.6872
19973.36,0.58,20012.09;196.4672
19973.27,0.58,20011.69;193.2013
19973.2,0.58,20011.3;189.8782
19973.16,0.58,20010.91;186.5551
19973.13,0.58,20010.52;183.209
19973.14,0.58,20010.13;179.8171
19973.16,0.58,20009.75;176.4022
19973.21,0.58,20009.38;172.9645
19973.27,0.58,20009.03;169.5267
19973.36,0.58,20008.67;166.089
19973.47,0.58,20008.33;162.5596
19973.59,0.58,20008;159.0302
19973.74,0.58,20007.68;155.4664
19973.91,0.58,20007.37;151.8567
19974.08,0.58,20007.08;148.1898
19974.27,0.58,20006.82;144.5343
19974.47,0.58,20006.57;140.7872
19974.69,0.58,20006.34;137.0171
19974.91,0.58,20006.13;133.1898
19975.14,0.58,20005.95;129.3166
19975.37,0.58,20005.78;125.4319
19975.62,0.58,20005.63;121.5702
19975.87,0.58,20005.5;117.7543
19976.12,0.58,20005.38;113.9269
19976.38,0.58,20005.29;110.111
19976.63,0.58,20005.22;106.318
19976.88,0.58,20005.16;102.5136
19977.13,0.58,20005.13;98.6633
19977.37,0.58,20005.1;94.82449
19977.61,0.58,20005.1;90.99712
19977.84,0.58,20005.11;87.14684
19978.06,0.58,20005.14;83.28511
19978.29,0.58,20005.18;79.41191
19978.49,0.58,20005.23;75.55018
19978.7,0.58,20005.3;71.66553
19978.88,0.58,20005.38;67.78087
19979.06,0.58,20005.46;63.91914
19979.23,0.58,20005.56;60.04594
19979.39,0.58,20005.67;56.1613
19979.53,0.58,20005.78;52.27664
19979.66,0.58,20005.89;48.36908
19979.78,0.58,20006.01;44.47297
19979.89,0.58,20006.14;40.61123
19979.98,0.58,20006.26;36.73803
19980.06,0.58,20006.39;32.92213
19980.13,0.58,20006.52;29.20936
19980.19,0.58,20006.64;25.51951
19980.24,0.58,20006.77;21.85258
19980.28,0.58,20006.88;18.35753
19980.31,0.58,20007;14.90833
19980.34,0.58,20007.12;11.48205
19980.35,0.58,20007.23;8.090135
19980.36,0.58,20007.33;4.698224
19980.36,0.58,20007.43;1.226105
19980.36,0.58,20007.53;357.754
19980.35,0.58,20007.62;354.2704
19980.34,0.58,20007.71;350.8212
19980.32,0.58,20007.79;347.4407
19980.29,0.58,20007.87;344.0832
19980.27,0.58,20007.94;340.7371
19980.24,0.58,20008.01;337.4025
19980.21,0.58,20008.07;334.0679
19980.18,0.58,20008.12;330.7333
19980.15,0.58,20008.17;327.433
19980.12,0.58,20008.21;324.1328
19980.09,0.58,20008.26;320.8555
19980.06,0.58,20008.29;317.624
19980.03,0.58,20008.32;314.4727
19980,0.58,20008.34;311.3215
19979.97,0.58,20008.36;308.2619
19979.95,0.58,20008.38;305.2367
19979.93,0.58,20008.39;302.2343
19979.91,0.58,20008.4;299.2435
19979.89,0.58,20008.41;296.2871
19979.87,0.58,20008.42;293.3421
19979.87,0.58,20008.42;293.3421
19979.86,0.58,20008.43;290.4315
19979.84,0.58,20008.43;287.5093
19979.84,0.58,20008.43;287.5093
19979.84,0.58,20008.43;287.5093
19979.82,0.58,20008.44;284.6216
19979.82,0.58,20008.44;284.6216
19979.82,0.58,20008.44;284.6216
19979.82,0.58,20008.44;284.6216
19979.82,0.58,20008.44;282.2725
19979.82,0.58,20008.44;282.2725
19979.82,0.58,20008.44;282.2725
19979.82,0.58,20008.44;282.2725
19979.82,0.58,20008.44;282.2725
19979.82,0.58,20008.44;282.2725
19979.82,0.58,20008.44;282.2725
19979.82,0.58,20008.44;282.2725
19979.82,0.58,20008.44;282.2725
19979.82,0.58,20008.44;282.2725
19979.82,0.58,20008.44;282.2725
19979.82,0.58,20008.44;282.2725
19979.82,0.58,20008.44;282.2725
19979.82,0.58,20008.44;282.2725
19979.82,0.58,20008.44;282.2725
19979.82,0.58,20008.44;282.2725
19979.82,0.58,20008.44;282.2725
19979.82,0.58,20008.44;282.2725
19979.82,0.58,20008.44;282.2725
19979.82,0.58,20008.44;282.2725
19979.82,0.58,20008.44;282.2725
19979.82,0.58,20008.44;282.2725
19979.82,0.58,20008.44;280.1182
19979.84,0.58,20008.43;278.1816
19979.87,0.58,20008.43;276.8409
19979.92,0.58,20008.43;275.97
19979.97,0.58,20008.42;275.1335
19980.02,0.58,20008.42;274.4918
19980.07,0.58,20008.41;273.8042
19980.12,0.58,20008.41;272.6125
19980.17,0.58,20008.41;270.9509
19980.22,0.58,20008.41;268.7622
19980.28,0.58,20008.42;266.3099
19980.34,0.58,20008.42;263.8118
19980.4,0.58,20008.43;261.2679
19980.46,0.58,20008.44;258.724
19980.53,0.58,20008.46;256.1571
19980.59,0.58,20008.48;253.4299
19980.65,0.58,20008.5;250.5651
19980.71,0.58,20008.52;247.6774
19980.77,0.58,20008.55;244.7323
19980.83,0.58,20008.59;241.7759
19980.89,0.58,20008.62;238.8423
19980.95,0.58,20008.66;235.9088
19981.01,0.58,20008.7;232.9867
19981.06,0.58,20008.75;230.0646
19981.12,0.58,20008.8;227.1426
19981.18,0.58,20008.86;224.358
19981.23,0.58,20008.92;221.6422
19981.28,0.58,20008.98;218.869
19981.33,0.58,20009.05;216.0845
19981.38,0.58,20009.13;213.2197
19981.42,0.58,20009.2;210.1143
19981.47,0.58,20009.29;206.8484
19981.5,0.58,20009.38;203.5253
19981.54,0.58,20009.47;200.1333
19981.57,0.58,20009.57;196.73
19981.59,0.58,20009.67;193.361
19981.61,0.58,20009.79;189.992
19981.63,0.58,20009.9;186.6574
19981.63,0.58,20010.03;183.3227
19981.63,0.58,20010.15;179.9881
19981.63,0.58,20010.28;176.6535
19981.61,0.58,20010.41;173.3074
19981.59,0.58,20010.55;169.9384
19981.55,0.58,20010.68;166.5465
19981.51,0.58,20010.83;163.1317
19981.46,0.58,20010.97;159.694
19981.4,0.58,20011.11;156.2104
19981.33,0.58,20011.24;152.6695
19981.25,0.58,20011.38;149.0713
19981.15,0.58,20011.51;145.4044
19981.05,0.58,20011.64;141.6916
19980.94,0.58,20011.77;137.9445
19980.81,0.58,20011.89;134.1515
19980.68,0.58,20012;130.37
19980.53,0.58,20012.11;126.5656
19980.38,0.58,20012.21;122.7153
19980.21,0.58,20012.3;118.8306
19980.04,0.58,20012.38;114.9574
19979.86,0.58,20012.45;111.0613
19979.68,0.58,20012.51;107.1652
19979.5,0.58,20012.55;103.2691
19979.32,0.58,20012.58;99.38442
19979.13,0.58,20012.6;95.49977
19978.95,0.58,20012.6;91.58073
19978.76,0.58,20012.59;87.65025
19978.58,0.58,20012.57;83.71976
19978.4,0.58,20012.54;79.80074
19978.22,0.58,20012.5;75.88171
19978.05,0.58,20012.44;71.97414
19977.88,0.58,20012.38;68.07803
19977.72,0.58,20012.3;64.159
19977.57,0.58,20012.21;60.25143
19977.43,0.58,20012.12;56.3324
19977.3,0.58,20012.01;52.42483
19977.18,0.58,20011.91;48.51726
19977.06,0.58,20011.79;44.63261
19976.96,0.58,20011.68;40.71357
19976.88,0.58,20011.56;36.78309
19976.79,0.58,20011.44;32.84114
19976.73,0.58,20011.31;28.85335
19976.67,0.58,20011.18;24.8541
19976.62,0.58,20011.06;20.78611
19976.58,0.58,20010.94;16.66081
19976.56,0.58,20010.81;12.52405
19976.54,0.58,20010.7;8.433138
19976.53,0.58,20010.58;4.342223
19976.53,0.58,20010.48;0.2971404
19976.54,0.58,20010.37;356.2979
19976.55,0.58,20010.27;352.3216
19976.57,0.58,20010.18;348.2994
19976.59,0.58,20010.1;344.2658
19976.62,0.58,20010.02;340.278
19976.65,0.58,20009.95;336.3131
19976.69,0.58,20009.88;332.3139
19976.72,0.58,20009.82;328.3605
19976.76,0.58,20009.77;324.407
19976.8,0.58,20009.72;320.4193
19976.83,0.58,20009.69;316.4429
19976.87,0.58,20009.65;312.4895
19976.9,0.58,20009.63;308.5476
19976.93,0.58,20009.61;304.6285
19976.96,0.58,20009.59;300.721
19976.98,0.58,20009.58;296.8134
19977,0.58,20009.57;292.9287
19977.02,0.58,20009.57;289.0441
19977.03,0.58,20009.56;285.148
19977.03,0.58,20009.56;281.2748
19977.03,0.58,20009.56;277.3787
19977.03,0.58,20009.56;273.4711
19977.01,0.58,20009.56;269.5406
19976.99,0.58,20009.56;265.6216
19976.96,0.58,20009.55;261.6911
19976.91,0.58,20009.55;257.7835
19976.86,0.58,20009.53;253.876
19976.8,0.58,20009.51;250.0143
19976.74,0.58,20009.48;246.2098
19976.67,0.58,20009.45;242.4283
19976.6,0.58,20009.4;238.6697
19976.52,0.58,20009.34;234.9569
19976.43,0.58,20009.28;231.2671
19976.34,0.58,20009.2;227.6001
19976.25,0.58,20009.1;223.9905
19976.16,0.58,20009;220.4496
19976.07,0.58,20008.88;216.966
19975.98,0.58,20008.74;213.5512
19975.9,0.58,20008.6;210.1135
19975.82,0.58,20008.43;206.7216
19975.74,0.58,20008.25;203.3411
19975.67,0.58,20008.06;199.9607
19975.61,0.58,20007.86;196.5802
19975.56,0.58,20007.64;193.2341
19975.52,0.58,20007.41;189.8766
19975.49,0.58,20007.16;186.4961
19975.47,0.58,20006.9;183.1157
19975.48,0.58,20006.63;179.7238
19975.49,0.58,20006.36;176.3548
19975.53,0.58,20006.07;172.9858
19975.58,0.58,20005.78;169.6397
19975.65,0.58,20005.49;166.3166
19975.74,0.58,20005.2;163.0163
19975.85,0.58,20004.9;159.7276
19975.98,0.58,20004.61;156.4617
19976.13,0.58,20004.32;153.2302
19976.29,0.58,20004.03;150.056
19976.48,0.58,20003.74;146.9162
19976.69,0.58,20003.45;143.8337
19976.92,0.58,20003.17;140.797
19977.17,0.58,20002.9;137.7833
19977.43,0.58,20002.63;134.781
19977.71,0.58,20002.39;131.8131
19978,0.58,20002.15;128.8451
19978.31,0.58,20001.93;125.8887
19978.63,0.58,20001.72;123.001
19978.97,0.58,20001.53;120.1362
19979.32,0.58,20001.34;117.2943
19979.68,0.58,20001.18;114.5097
19980.05,0.58,20001.03;111.7939
19980.43,0.58,20000.9;109.0781
19980.82,0.58,20000.79;106.3852
19981.21,0.58,20000.69;103.7152
19981.61,0.58,20000.61;101.0567
19982.01,0.58,20000.55;98.40961
19982.41,0.58,20000.51;95.80839
19982.81,0.58,20000.49;93.25299
19983.21,0.58,20000.48;90.72051
19983.61,0.58,20000.5;88.22243
19984,0.58,20000.53;85.77017
19984.39,0.58,20000.57;83.34083
19984.77,0.58,20000.63;80.99171
19985.14,0.58,20000.71;78.67696
19985.51,0.58,20000.79;76.4195
19985.88,0.58,20000.9;74.19643
19986.23,0.58,20001.01;71.99627
19986.58,0.58,20001.14;69.7961
19986.92,0.58,20001.28;67.67616
19987.23,0.58,20001.42;65.57913
19987.52,0.58,20001.57;63.57379
19987.8,0.58,20001.72;61.63718
19988.05,0.58,20001.86;59.74643
19988.27,0.58,20002;57.9015
19988.49,0.58,20002.15;56.11387
19988.72,0.58,20002.31;54.4523
19988.93,0.58,20002.47;53.10012
19989.15,0.58,20002.64;51.88546
19989.15,0.58,20002.64;51.88546
19989.15,0.58,20002.64;51.88546
19989.15,0.58,20002.64;51.88546
19989.15,0.58,20002.64;51.88546
19989.15,0.58,20002.64;51.88546
19989.15,0.58,20002.64;51.88546
19989.15,0.58,20002.64;51.88546
19989.15,0.58,20002.64;51.88546
19989.15,0.58,20002.64;51.88546
19989.15,0.58,20002.64;51.88546
19989.15,0.58,20002.64;51.88546
19989.15,0.58,20002.64;51.88546
19989.15,0.58,20002.64;51.88546
19989.15,0.58,20002.64;51.88546
19989.15,0.58,20002.64;51.88546
19989.15,0.58,20002.64;51.88546
19989.15,0.58,20002.64;51.88546
19989.15,0.58,20002.64;51.88546
19989.15,0.58,20002.64;51.88546
19989.15,0.58,20002.64;51.88546
19989.38,0.58,20002.83;50.96872
19989.38,0.58,20002.83;50.96872
19989.59,0.58,20003.01;50.32701
19989.79,0.58,20003.18;49.71968
19989.99,0.58,20003.35;49.15818
19990.18,0.58,20003.52;48.81441
19990.18,0.58,20003.52;48.81441
19990.18,0.58,20003.52;48.81441
19990.18,0.58,20003.52;48.81441
19990.18,0.58,20003.52;48.81441
19990.18,0.58,20003.52;48.81441
19990.18,0.58,20003.52;48.81441
19990.37,0.58,20003.68;48.48209
19990.54,0.58,20003.84;48.12686
19990.72,0.58,20004;47.93206
19990.89,0.58,20004.15;47.64558
19991.06,0.58,20004.31;47.30181
19991.06,0.58,20004.31;47.30181
19991.06,0.58,20004.31;47.30181
19991.23,0.58,20004.46;46.88927
19991.39,0.58,20004.62;46.49966
19991.55,0.58,20004.77;46.0986
19991.55,0.58,20004.77;46.0986
19991.55,0.58,20004.77;46.0986
19991.71,0.58,20004.92;45.77774
19991.86,0.58,20005.07;45.50272
19992.01,0.58,20005.23;45.2277
19992.16,0.58,20005.38;44.92976
19992.31,0.58,20005.53;44.55161
19992.46,0.58,20005.68;44.19638
19992.46,0.58,20005.68;44.19638
19992.46,0.58,20005.68;44.19638
19992.46,0.58,20005.68;44.19638
19992.61,0.58,20005.84;43.79531
19992.75,0.58,20005.99;43.44008
19992.89,0.58,20006.14;43.09631
19993.03,0.58,20006.29;42.80983
19993.16,0.58,20006.43;42.44314
19993.3,0.58,20006.58;42.08791
19993.43,0.58,20006.73;41.74414
19993.56,0.58,20006.88;41.40036
19993.68,0.58,20007.02;41.05659
19993.81,0.58,20007.17;40.75865
19993.93,0.58,20007.31;40.47217
19994.06,0.58,20007.46;40.19715
19994.18,0.58,20007.6;39.96798
19994.3,0.58,20007.75;39.77317
19994.42,0.58,20007.89;39.58982
19994.42,0.58,20007.89;39.58982
19994.42,0.58,20007.89;39.58982
19994.42,0.58,20007.89;39.58982
19994.42,0.58,20007.89;39.58982
19994.42,0.58,20007.89;39.58982
19994.42,0.58,20007.89;39.58982
19994.42,0.58,20007.89;39.58982
19994.54,0.58,20008.04;39.45231
19994.54,0.58,20008.04;39.45231
19994.54,0.58,20008.04;39.45231
19994.54,0.58,20008.04;39.45231
19994.54,0.58,20008.04;39.45231
19994.54,0.58,20008.04;39.45231
19994.54,0.58,20008.04;39.45231
19994.54,0.58,20008.04;39.45231
19994.66,0.58,20008.18;39.36063
19994.78,0.58,20008.32;39.32626
19994.89,0.58,20008.46;39.34917
19995,0.58,20008.6;39.41793
19995.11,0.58,20008.73;39.53252
19995.21,0.58,20008.86;39.67004
19995.32,0.58,20008.99;39.83046
19995.44,0.58,20009.13;39.96798
19995.55,0.58,20009.26;40.13986
19995.55,0.58,20009.26;40.13986
19995.55,0.58,20009.26;40.13986
19995.55,0.58,20009.26;40.13986
19995.66,0.58,20009.38;40.34612
19995.77,0.58,20009.51;40.60968
19995.88,0.58,20009.64;40.89616
19995.98,0.58,20009.76;41.18265
19995.98,0.58,20009.76;41.18265
19995.98,0.58,20009.76;41.18265
19995.98,0.58,20009.76;41.18265
19995.98,0.58,20009.76;41.18265
19995.98,0.58,20009.76;41.18265
19996.08,0.58,20009.87;41.43475
19996.16,0.58,20009.96;41.60664
19996.24,0.58,20010.05;41.7327
19996.32,0.58,20010.14;41.80145
19996.39,0.58,20010.21;41.91604
19996.46,0.58,20010.29;42.08793
19996.54,0.58,20010.39;42.28273
19996.63,0.58,20010.48;42.45462
19996.71,0.58,20010.57;42.67234
19996.82,0.58,20010.69;42.84423
19996.93,0.58,20010.8;42.95882
19996.93,0.58,20010.8;42.95882
19997.04,0.58,20010.92;43.08488
19997.04,0.58,20010.92;43.08488
19997.04,0.58,20010.92;43.08488
19997.04,0.58,20010.92;43.08488
19997.04,0.58,20010.92;43.08488
19997.04,0.58,20010.92;43.08488
19997.13,0.58,20011.02;43.27968
19997.13,0.58,20011.02;43.27968
19997.21,0.58,20011.1;43.42865
19997.21,0.58,20011.1;43.42865
19997.21,0.58,20011.1;43.42865
19997.21,0.58,20011.1;43.42865
19997.21,0.58,20011.1;43.42865
19997.21,0.58,20011.1;43.42865
19997.21,0.58,20011.1;43.42865
19997.21,0.58,20011.1;43.42865
19997.21,0.58,20011.1;43.42865
19997.21,0.58,20011.1;43.42865
19997.21,0.58,20011.1;43.42865
19997.21,0.58,20011.1;43.42865
19997.21,0.58,20011.1;43.42865
19997.21,0.58,20011.1;43.42865
19997.21,0.58,20011.1;43.42865
19997.21,0.58,20011.1;43.42865
19997.21,0.58,20011.1;43.42865
19997.21,0.58,20011.1;43.42865
19997.21,0.58,20011.1;43.42865
19997.21,0.58,20011.1;43.42865
19997.21,0.58,20011.1;43.42865
19997.21,0.58,20011.1;43.42865
19997.21,0.58,20011.1;43.42865
19997.29,0.58,20011.19;43.612
19997.37,0.58,20011.27;44.01307
19997.46,0.58,20011.36;44.6777
19997.56,0.58,20011.46;45.59443
19997.68,0.58,20011.57;46.84348
19997.8,0.58,20011.68;48.42485
19997.93,0.58,20011.79;50.15519
19998.07,0.58,20011.89;51.96573
19998.18,0.58,20011.98;53.8565
19998.29,0.58,20012.05;55.81601
19998.41,0.58,20012.13;57.79845
19998.54,0.58,20012.2;59.80379
19998.66,0.58,20012.26;61.84353
19998.81,0.58,20012.34;63.83742
19998.96,0.58,20012.41;65.85423
19999.13,0.58,20012.47;67.91688
19999.29,0.58,20012.54;70.0139
19999.46,0.58,20012.59;72.15676
19999.63,0.58,20012.64;74.41422
19999.81,0.58,20012.68;76.6946
19999.99,0.58,20012.71;79.00934
20000.17,0.58,20012.74;81.3814
20000.36,0.58,20012.76;83.73051
20000.54,0.58,20012.78;86.11402
20000.73,0.58,20012.78;88.55482
20000.93,0.58,20012.78;91.04146
20001.13,0.58,20012.76;93.56248
20001.32,0.58,20012.74;96.17516
20001.51,0.58,20012.71;98.82222
20001.7,0.58,20012.68;101.5151
20001.88,0.58,20012.63;104.2653
20002.07,0.58,20012.57;107.0613
20002.26,0.58,20012.5;109.9261
20002.44,0.58,20012.42;112.8253
20002.63,0.58,20012.34;115.7474
20002.81,0.58,20012.23;118.6695
20002.99,0.58,20012.13;121.6145
20003.16,0.58,20012.01;124.5824
20003.33,0.58,20011.88;127.5961
20003.49,0.58,20011.74;130.6672
20003.65,0.58,20011.59;133.7841
20003.79,0.58,20011.43;136.9812
20003.93,0.58,20011.27;140.2127
20004.06,0.58,20011.09;143.49
20004.18,0.58,20010.91;146.8017
20004.29,0.58,20010.71;150.1363
20004.39,0.58,20010.51;153.4709
20004.48,0.58,20010.3;156.8285
20004.56,0.58,20010.09;160.2204
20004.63,0.58,20009.87;163.6467
20004.68,0.58,20009.64;167.1417
20004.71,0.58,20009.41;170.7284
20004.74,0.58,20009.17;174.4297
20004.74,0.58,20008.93;178.1883
20004.74,0.58,20008.69;182.0386
20004.71,0.58,20008.45;185.9576
20004.67,0.58,20008.2;189.8996
20004.61,0.58,20007.96;193.8301
20004.53,0.58,20007.73;197.8064
20004.44,0.58,20007.5;201.7713
20004.34,0.58,20007.28;205.7476
20004.22,0.58,20007.07;209.7354
20004.09,0.58,20006.88;213.7575
20003.96,0.58,20006.71;217.7339
20003.82,0.58,20006.55;221.7217
20003.67,0.58,20006.41;225.6751
20003.52,0.58,20006.28;229.6285
20003.36,0.58,20006.16;233.5704
20003.18,0.58,20006.04;237.4894
20002.99,0.58,20005.94;241.4085
20002.8,0.58,20005.86;245.3504
20002.61,0.58,20005.78;249.2695
20002.41,0.58,20005.72;253.177
20002.22,0.58,20005.68;257.119
20002.03,0.58,20005.65;261.038
20001.85,0.58,20005.63;264.9456
20001.68,0.58,20005.63;268.8417
20001.51,0.58,20005.64;272.7149
20001.36,0.58,20005.66;276.5308
20001.21,0.58,20005.68;280.2206
20001.09,0.58,20005.71;283.8417
20000.97,0.58,20005.75;287.3482
20000.87,0.58,20005.79;290.7745
20000.76,0.58,20005.83;294.1435
20000.67,0.58,20005.88;297.4323
20000.56,0.58,20005.95;300.6179
20000.46,0.58,20006.02;303.7119
20000.37,0.58,20006.08;306.6913
20000.3,0.58,20006.14;309.5561
20000.23,0.58,20006.2;312.3636
20000.18,0.58,20006.25;315.1137
20000.13,0.58,20006.3;317.7837
20000.08,0.58,20006.37;320.3964
20000.03,0.58,20006.44;322.9633
19999.99,0.58,20006.5;325.4384
19999.95,0.58,20006.56;327.7875
19999.92,0.58,20006.62;330.0335
19999.89,0.58,20006.67;332.1306
19999.87,0.58,20006.71;334.0786
19999.85,0.58,20006.75;335.935
19999.84,0.58,20006.79;337.7112
19999.82,0.58,20006.81;339.3842
19999.82,0.58,20006.84;340.9999
19999.81,0.58,20006.86;342.5469
19999.81,0.58,20006.87;344.0023
19999.8,0.58,20006.88;345.3773
19999.8,0.58,20006.88;346.7295
19999.8,0.58,20006.88;347.99
19999.8,0.58,20006.88;349.1703
19999.81,0.58,20006.87;350.2933
19999.81,0.58,20006.85;351.3361
19999.81,0.58,20006.83;352.2987
19999.82,0.58,20006.8;353.2154
19999.82,0.58,20006.76;354.0634
19999.82,0.58,20006.72;354.8426
19999.83,0.58,20006.68;355.5645
19999.83,0.58,20006.63;356.2062
19999.83,0.58,20006.57;356.7448
19999.84,0.58,20006.51;357.2375
19999.84,0.58,20006.45;357.673
19999.84,0.58,20006.38;358.0168
19999.84,0.58,20006.3;358.3147
19999.85,0.58,20006.22;358.5554
19999.85,0.58,20006.14;358.7158
19999.85,0.58,20006.05;358.8189
19999.85,0.58,20006.05;358.8189
19999.85,0.58,20005.95;358.8877
19999.85,0.58,20005.95;358.8877
19999.85,0.58,20005.85;358.9106
19999.86,0.58,20005.75;358.8648
19999.86,0.58,20005.64;358.7387
19999.86,0.58,20005.52;358.5095
19999.86,0.58,20005.39;358.1772
19999.87,0.58,20005.27;357.7074
19999.88,0.58,20005.13;357.1459
19999.88,0.58,20004.99;356.5042
19999.89,0.58,20004.85;355.7937
19999.91,0.58,20004.71;354.9916
19999.92,0.58,20004.55;354.1207
19999.94,0.58,20004.39;353.181
19999.96,0.58,20004.25;352.1726
19999.98,0.58,20004.11;351.0955
20000.01,0.58,20003.96;349.961
20000.04,0.58,20003.81;348.7578
20000.07,0.58,20003.66;347.4858
20000.12,0.58,20003.48;346.1107
20000.17,0.58,20003.29;344.6783
20000.23,0.58,20003.09;343.1887
20000.3,0.58,20002.89;341.5729
20000.37,0.58,20002.68;339.9228
20000.46,0.58,20002.48;338.2383
20000.55,0.58,20002.26;336.4736
20000.65,0.58,20002.05;334.6287
20000.76,0.58,20001.84;332.7838
20000.88,0.58,20001.63;330.8815
20001,0.58,20001.42;328.8877
20001.14,0.58,20001.21;326.8594
20001.29,0.58,20001;324.7394
20001.45,0.58,20000.79;322.5966
20001.62,0.58,20000.58;320.3735
20001.8,0.58,20000.38;318.116
20001.99,0.58,20000.18;315.8013
20002.2,0.58,19999.99;313.4865
20002.41,0.58,19999.8;311.1374
20002.63,0.58,19999.63;308.731
20002.87,0.58,19999.45;306.2902
20003.11,0.58,19999.29;303.815
20003.37,0.58,19999.13;301.2711
20003.64,0.58,19998.98;298.6699
20003.92,0.58,19998.85;296.0686
20004.21,0.58,19998.72;293.4674
20004.5,0.58,19998.61;290.8318
20004.81,0.58,19998.51;288.2306
20005.12,0.58,19998.42;285.5835
20005.45,0.58,19998.35;282.9135
20005.79,0.58,19998.29;280.2092
20006.13,0.58,19998.24;277.4704
20006.48,0.58,19998.21;274.6744
20006.83,0.58,19998.2;271.9013
20007.18,0.58,19998.21;269.0938
20007.52,0.58,19998.23;266.2634
20007.87,0.58,19998.27;263.4559
20008.22,0.58,19998.33;260.6484
20008.57,0.58,19998.4;257.818
20008.91,0.58,19998.49;254.999
20009.26,0.58,19998.6;252.1801
20009.59,0.58,19998.73;249.3382
20009.92,0.58,19998.87;246.4963
20010.22,0.58,19999.02;243.643
20010.53,0.58,19999.19;240.8126
20010.82,0.58,19999.38;238.0051
20011.11,0.58,19999.57;235.2549
20011.37,0.58,19999.78;232.562
20011.64,0.58,20000;229.9264
20011.89,0.58,20000.23;227.3137
20012.13,0.58,20000.47;224.8271
20012.35,0.58,20000.72;222.3175
20012.57,0.58,20000.98;219.8194
20012.76,0.58,20001.23;217.3328
20012.95,0.58,20001.5;214.892
20013.11,0.58,20001.76;212.4168
20013.27,0.58,20002.03;209.976
20013.41,0.58,20002.29;207.5811
20013.53,0.58,20002.56;205.2319
20013.64,0.58,20002.82;202.9057
20013.74,0.58,20003.08;200.6139
20013.83,0.58,20003.34;198.3794
20013.9,0.58,20003.6;196.1792
20013.96,0.58,20003.85;194.002
20014.02,0.58,20004.1;191.8477
20014.06,0.58,20004.34;189.7048
20014.09,0.58,20004.58;187.5963
20014.11,0.58,20004.81;185.5107
20014.13,0.58,20005.04;183.4481
20014.13,0.58,20005.26;181.4313
20014.13,0.58,20005.48;179.4374
20014.12,0.58,20005.69;177.4779
20014.11,0.58,20005.89;175.5871
20014.08,0.58,20006.09;173.7422
20014.06,0.58,20006.28;171.9088
20014.02,0.58,20006.46;170.1097
20013.99,0.58,20006.64;168.3335
20013.95,0.58,20006.8;166.5573
20013.91,0.58,20006.96;164.827
20013.86,0.58,20007.11;163.131
20013.81,0.58,20007.26;161.458
20013.76,0.58,20007.4;159.8079
20013.71,0.58,20007.53;158.1692
20013.65,0.58,20007.66;156.542
20013.59,0.58,20007.78;154.9377
20013.54,0.58,20007.9;153.3564
20013.48,0.58,20008.01;151.8094
20013.42,0.58,20008.11;150.2853
20013.36,0.58,20008.21;148.83
20013.3,0.58,20008.3;147.4091
20013.24,0.58,20008.38;146.011
20013.19,0.58,20008.46;144.6589
20013.13,0.58,20008.54;143.3755
20013.08,0.58,20008.6;142.0806
20013.03,0.58,20008.66;140.8201
20012.99,0.58,20008.71;139.5939
20012.95,0.58,20008.76;138.3793
20012.9,0.58,20008.81;137.1417
20012.87,0.58,20008.85;135.927
20012.83,0.58,20008.88;134.7123
20012.79,0.58,20008.92;133.532
20012.75,0.58,20008.95;132.3861
20012.72,0.58,20008.98;131.2746
20012.69,0.58,20009;130.186
20012.67,0.58,20009.02;129.1317
20012.65,0.58,20009.04;128.1004
20012.64,0.58,20009.05;127.0691
20012.63,0.58,20009.06;126.0607
20012.62,0.58,20009.06;125.0752
20012.61,0.58,20009.07;124.1355
20012.61,0.58,20009.07;123.2073
20012.61,0.58,20009.07;122.325
20012.62,0.58,20009.06;121.477
20012.63,0.58,20009.06;120.6519
20012.64,0.58,20009.05;119.8269
20012.67,0.58,20009.04;119.0362
20012.7,0.58,20009.02;118.257
20012.73,0.58,20009;117.5007
20012.78,0.58,20008.98;116.7673
20012.82,0.58,20008.96;116.0568
20012.87,0.58,20008.93;115.3693
20012.93,0.58,20008.91;114.7161
20012.99,0.58,20008.88;114.0858
20013.05,0.58,20008.85;113.5014
20013.12,0.58,20008.82;112.9514
20013.2,0.58,20008.79;112.4472
20013.28,0.58,20008.76;111.9659
20013.36,0.58,20008.73;111.5304
20013.45,0.58,20008.69;111.095
20013.56,0.58,20008.65;110.7054
20013.66,0.58,20008.61;110.3158
20013.78,0.58,20008.57;109.9376
20013.89,0.58,20008.53;109.5709
20014.01,0.58,20008.49;109.2386
20014.13,0.58,20008.45;108.9063
20014.26,0.58,20008.4;108.6083
20014.39,0.58,20008.36;108.3448
20014.54,0.58,20008.31;108.0927
20014.68,0.58,20008.27;107.875
20014.83,0.58,20008.22;107.6802
20014.98,0.58,20008.17;107.5083
20015.14,0.58,20008.12;107.3479
20015.3,0.58,20008.07;107.2218
20015.46,0.58,20008.02;107.0957
20015.64,0.58,20007.97;107.0041
20015.81,0.58,20007.91;106.9353
20016,0.58,20007.86;106.9009
20016.19,0.58,20007.8;106.878
20016.38,0.58,20007.74;106.878
20016.59,0.58,20007.68;106.878
20016.8,0.58,20007.62;106.8895
20017.02,0.58,20007.55;106.9239
20017.24,0.58,20007.48;106.9926
20017.47,0.58,20007.41;107.1072
20017.71,0.58,20007.34;107.2562
20017.95,0.58,20007.26;107.4281
20018.19,0.58,20007.19;107.6229
20018.44,0.58,20007.11;107.8177
20018.69,0.58,20007.02;108.0239
20018.94,0.58,20006.94;108.2531
20019.21,0.58,20006.85;108.5052
20019.47,0.58,20006.76;108.7917
20019.75,0.58,20006.67;109.1125
20020.03,0.58,20006.57;109.4449
20020.31,0.58,20006.46;109.8115
20020.6,0.58,20006.36;110.1897
20020.89,0.58,20006.25;110.5793
20021.2,0.58,20006.13;111.0033
20021.51,0.58,20006.01;111.4502
20021.82,0.58,20005.88;111.8971
20022.15,0.58,20005.75;112.3784
20022.48,0.58,20005.61;112.8826
20022.82,0.58,20005.46;113.3868
20023.16,0.58,20005.31;113.9368
20023.5,0.58,20005.15;114.5212
20023.85,0.58,20004.99;115.14
20024.2,0.58,20004.82;115.7703
20024.55,0.58,20004.65;116.4349
20024.9,0.58,20004.47;117.0995
20025.26,0.58,20004.28;117.7871
20025.63,0.58,20004.08;118.4861
20026.01,0.58,20003.87;119.2195
20026.39,0.58,20003.65;119.9758
20026.78,0.58,20003.41;120.6977
20027.18,0.58,20003.17;121.4311
20027.57,0.58,20002.92;122.1874
20027.98,0.58,20002.66;122.9666
20028.38,0.58,20002.39;123.7573
20028.79,0.58,20002.11;124.5709
20029.21,0.58,20001.81;125.396
20029.63,0.58,20001.51;126.244
20030.04,0.58,20001.2;127.0919
20030.45,0.58,20000.87;127.9858
20030.86,0.58,20000.54;128.9483
20031.27,0.58,20000.2;129.9682
20031.67,0.58,19999.85;130.9995
20032.07,0.58,19999.49;132.0652
20032.46,0.58,19999.13;133.1309
20032.84,0.58,19998.75;134.2539
20033.22,0.58,19998.37;135.354
20033.58,0.58,19997.99;136.477
20033.93,0.58,19997.6;137.6229
20034.28,0.58,19997.21;138.7803
20034.61,0.58,19996.81;139.9377
20034.94,0.58,19996.41;141.1409
20035.25,0.58,19996;142.3555
20035.56,0.58,19995.59;143.5931
20035.85,0.58,19995.17;144.8536
20036.14,0.58,19994.74;146.1256
20036.41,0.58,19994.31;147.409
20036.67,0.58,19993.88;148.7154
20036.93,0.58,19993.45;150.0332
20037.16,0.58,19993.01;151.3739
20037.39,0.58,19992.57;152.7031
20037.6,0.58,19992.14;154.0553
20037.8,0.58,19991.7;155.4189
20037.98,0.58,19991.28;156.7711
20038.15,0.58,19990.85;158.1118
20038.31,0.58,19990.42;159.4755
20038.46,0.58,19989.99;160.8277
20038.6,0.58,19989.57;162.1798
20038.73,0.58,19989.14;163.5435
20038.84,0.58,19988.72;164.8956
20038.94,0.58,19988.3;166.2593
20039.03,0.58,19987.89;167.6458
20039.11,0.58,19987.49;169.0324
20039.18,0.58,19987.1;170.4075
20039.23,0.58,19986.71;171.8055
20039.28,0.58,19986.32;173.1921
20039.31,0.58,19985.95;174.5557
20039.34,0.58,19985.59;175.9308
20039.36,0.58,19985.24;177.3288
20039.36,0.58,19984.9;178.7269
20039.36,0.58,19984.57;180.1249
20039.35,0.58,19984.25;181.5114
20039.34,0.58,19983.93;182.8865
20039.31,0.58,19983.62;184.2387
20039.29,0.58,19983.33;185.5909
20039.25,0.58,19983.04;186.9316
20039.21,0.58,19982.76;188.2838
20039.17,0.58,19982.5;189.6359
20039.12,0.58,19982.25;190.9996
20039.06,0.58,19982;192.3403
20039.01,0.58,19981.77;193.6925
20038.95,0.58,19981.55;195.0332
20038.89,0.58,19981.35;196.351
20038.83,0.58,19981.15;197.6573
20038.77,0.58,19980.97;198.9408
20038.7,0.58,19980.8;200.1898
20038.64,0.58,19980.64;201.4389
20038.58,0.58,19980.49;202.6879
20038.51,0.58,19980.35;203.937
20038.45,0.58,19980.22;205.209
20038.39,0.58,19980.1;206.4809
20038.34,0.58,19980;207.7414
20038.28,0.58,19979.9;209.0019
20038.23,0.58,19979.81;210.2395
20038.19,0.58,19979.74;211.4657
20038.15,0.58,19979.68;212.6918
20038.11,0.58,19979.62;213.895
20038.08,0.58,19979.58;215.0867
20038.05,0.58,19979.54;216.267
20038.03,0.58,19979.52;217.4473
20038.02,0.58,19979.5;218.6162
20038.01,0.58,19979.48;219.7621
20038,0.58,19979.47;220.908
20038,0.58,19979.48;222.031
20038.01,0.58,19979.48;223.1425
20038.03,0.58,19979.5;224.2312
20038.05,0.58,19979.53;225.3427
20038.09,0.58,19979.56;226.4313
20038.13,0.58,19979.6;227.5429
20038.19,0.58,19979.65;228.6429
20038.26,0.58,19979.71;229.7316
20038.33,0.58,19979.77;230.8087
20038.42,0.58,19979.84;231.8401
20038.51,0.58,19979.91;232.8599
20038.62,0.58,19979.99;233.8454
20038.74,0.58,19980.07;234.8194
20038.87,0.58,19980.16;235.7706
20039,0.58,19980.25;236.756
20039.15,0.58,19980.34;237.6728
20039.31,0.58,19980.44;238.5895
20039.48,0.58,19980.54;239.4718
20039.65,0.58,19980.64;240.1709
20039.65,0.58,19980.64;240.1709
20039.65,0.58,19980.64;240.1709
20039.65,0.58,19980.64;240.1709
20039.65,0.58,19980.64;240.1709
20039.65,0.58,19980.64;240.1709
20039.83,0.58,19980.74;240.6636
20039.83,0.58,19980.74;240.6636
20039.83,0.58,19980.74;240.6636
20039.83,0.58,19980.74;240.6636
20039.83,0.58,19980.74;240.6636
20039.83,0.58,19980.74;240.6636
20039.83,0.58,19980.74;240.6636
20040.03,0.58,19980.85;241.0303
20040.27,0.58,19980.98;241.2136
20040.27,0.58,19980.98;241.2136
20040.54,0.58,19981.13;241.2709
20040.84,0.58,19981.29;241.3741
20041.16,0.58,19981.47;241.5574
20041.5,0.58,19981.65;241.8668
20041.85,0.58,19981.83;242.2793
20042.2,0.58,19982.01;242.7263
20042.57,0.58,19982.2;243.1846
20042.94,0.58,19982.38;243.5971
20043.32,0.58,19982.57;243.9868
20043.32,0.58,19982.57;243.9868
20043.71,0.58,19982.75;244.2618
20044.1,0.58,19982.94;244.4795
20044.51,0.58,19983.13;244.6972
20044.51,0.58,19983.13;244.6972
20044.51,0.58,19983.13;244.6972
20044.51,0.58,19983.13;244.6972
20044.51,0.58,19983.13;244.6972
20044.51,0.58,19983.13;244.6972
20044.51,0.58,19983.13;244.6972
20044.51,0.58,19983.13;244.6972
20044.51,0.58,19983.13;244.6972
20044.51,0.58,19983.13;244.6972
20044.51,0.58,19983.13;244.6972
20044.51,0.58,19983.13;244.6972
20044.51,0.58,19983.13;244.6972
20044.51,0.58,19983.13;244.6972
20044.51,0.58,19983.13;244.6972
20044.93,0.58,19983.33;244.892
20044.93,0.58,19983.33;244.892
20044.93,0.58,19983.33;244.892
20044.93,0.58,19983.33;244.892
20044.93,0.58,19983.33;244.892
20044.93,0.58,19983.33;244.892
20044.93,0.58,19983.33;244.892
20044.93,0.58,19983.33;244.892
20044.93,0.58,19983.33;244.892
20044.93,0.58,19983.33;244.892
20044.93,0.58,19983.33;244.892
20044.93,0.58,19983.33;244.892
20044.93,0.58,19983.33;244.892
20044.93,0.58,19983.33;244.892
20044.93,0.58,19983.33;244.892
20044.93,0.58,19983.33;244.892
20044.93,0.58,19983.33;244.892
20044.93,0.58,19983.33;244.892
20044.93,0.58,19983.33;244.892
20044.93,0.58,19983.33;244.892
20044.93,0.58,19983.33;244.892
20044.93,0.58,19983.33;244.892
20044.93,0.58,19983.33;244.892
20044.93,0.58,19983.33;244.892
20044.93,0.58,19983.33;244.892
20044.93,0.58,19983.33;244.892
20044.93,0.58,19983.33;244.892
20044.93,0.58,19983.33;244.892
20044.93,0.58,19983.33;244.892
20044.93,0.58,19983.33;244.892
20044.93,0.58,19983.33;244.892
20044.93,0.58,19983.33;244.892
20045.33,0.58,19983.52;244.9493
20045.71,0.58,19983.7;244.9264
20046.06,0.58,19983.87;244.8118
20046.39,0.58,19984.02;244.5139
20046.66,0.58,19984.15;244.1013
20046.93,0.58,19984.29;243.5857
20047.19,0.58,19984.42;243.0471
20047.45,0.58,19984.55;242.4856
20047.69,0.58,19984.68;241.9012
20047.92,0.58,19984.81;241.2824
20048.14,0.58,19984.93;240.6292
20048.36,0.58,19985.06;239.9417
20048.56,0.58,19985.18;239.2197
20048.75,0.58,19985.29;238.4749
20048.93,0.58,19985.41;237.6842
20049.11,0.58,19985.52;236.8591
20049.27,0.58,19985.63;235.9997
20049.42,0.58,19985.74;235.0945
20049.57,0.58,19985.85;234.1319
20049.71,0.58,19985.95;233.1579
20049.84,0.58,19986.05;232.1494
20049.96,0.58,19986.15;231.1067
20050.08,0.58,19986.25;230.041
20050.18,0.58,19986.34;228.9523
20050.27,0.58,19986.42;227.8293
20050.36,0.58,19986.5;226.6834
20050.44,0.58,19986.58;225.5031
20050.51,0.58,19986.65;224.2999
20050.58,0.58,19986.72;223.0738
20050.63,0.58,19986.79;221.7789
20050.69,0.58,19986.85;220.4611
20050.73,0.58,19986.91;219.1204
20050.77,0.58,19986.96;217.7338
20050.81,0.58,19987.01;216.3243
20050.83,0.58,19987.04;214.9034
20050.86,0.58,19987.08;213.471
20050.87,0.58,19987.11;211.9928
20050.88,0.58,19987.13;210.4687
20050.89,0.58,19987.14;208.8874
20050.9,0.58,19987.15;207.2372
20050.9,0.58,19987.15;205.5298
20050.9,0.58,19987.15;203.7651
20050.9,0.58,19987.15;201.966
20050.9,0.58,19987.15;200.1326
20050.89,0.58,19987.13;198.2762
20050.88,0.58,19987.1;196.3854
20050.87,0.58,19987.06;194.4145
20050.86,0.58,19987.01;192.3862
20050.85,0.58,19986.95;190.3235
20050.84,0.58,19986.88;188.2265
20050.83,0.58,19986.81;186.0378
20050.83,0.58,19986.72;183.8491
20050.82,0.58,19986.63;181.6375
20050.83,0.58,19986.52;179.3915
20050.83,0.58,19986.41;177.0882
20050.84,0.58,19986.29;174.7391
20050.86,0.58,19986.16;172.3785
20050.88,0.58,19986.02;169.9377
20050.92,0.58,19985.87;167.4167
20050.96,0.58,19985.71;164.8842
20051.01,0.58,19985.55;162.3173
20051.07,0.58,19985.39;159.7047
20051.15,0.58,19985.21;157.1378
20051.23,0.58,19985.04;154.6053
20051.33,0.58,19984.86;152.0728
20051.43,0.58,19984.68;149.5518
20051.55,0.58,19984.5;147.0308
20051.68,0.58,19984.31;144.464
20051.82,0.58,19984.14;141.8284
20051.98,0.58,19983.95;139.1698
20052.15,0.58,19983.77;136.4998
20052.33,0.58,19983.59;133.8299
20052.53,0.58,19983.42;131.1599
20052.74,0.58,19983.25;128.5243
20052.96,0.58,19983.09;125.8887
20053.2,0.58,19982.94;123.2416
20053.43,0.58,19982.8;120.5946
20053.67,0.58,19982.68;117.959
20053.91,0.58,19982.56;115.3348
20054.14,0.58,19982.46;112.7221
20054.39,0.58,19982.38;110.1438
20054.64,0.58,19982.29;107.5655
20054.91,0.58,19982.22;104.9872
20055.19,0.58,19982.16;102.386
20055.47,0.58,19982.11;99.77328
20055.76,0.58,19982.08;97.1606
20056.04,0.58,19982.05;94.54791
20056.34,0.58,19982.04;91.95815
20056.63,0.58,19982.05;89.3913
20056.92,0.58,19982.06;86.88174
20057.21,0.58,19982.09;84.40657
20057.51,0.58,19982.13;81.96577
20057.8,0.58,19982.19;79.55934
20058.08,0.58,19982.25;77.19875
20058.37,0.58,19982.33;74.84964
20058.64,0.58,19982.42;72.52344
20058.92,0.58,19982.52;70.24306
20059.2,0.58,19982.63;67.9856
20059.46,0.58,19982.75;65.77399
20059.72,0.58,19982.88;63.58529
20059.98,0.58,19983.02;61.44242
20060.23,0.58,19983.16;59.2881
20060.47,0.58,19983.32;57.20253
20060.71,0.58,19983.49;55.12843
20060.94,0.58,19983.66;53.10015
20061.17,0.58,19983.84;51.0948
20061.38,0.58,19984.03;49.16966
20061.6,0.58,19984.23;47.2216
20061.8,0.58,19984.43;45.33084
20062,0.58,19984.63;43.49738
20062.19,0.58,19984.85;41.70975
20062.37,0.58,19985.07;39.93358
20062.54,0.58,19985.29;38.23764
20062.71,0.58,19985.52;36.59898
20062.88,0.58,19985.75;34.97178
20063.03,0.58,19985.98;33.42479
20063.18,0.58,19986.21;31.92364
20063.31,0.58,19986.45;30.49124
20063.45,0.58,19986.69;29.09323
20063.57,0.58,19986.93;27.75251
20063.69,0.58,19987.17;26.44616
20063.81,0.58,19987.41;25.19712
20063.91,0.58,19987.65;23.94806
20064.02,0.58,19987.9;22.75631
20064.11,0.58,19988.14;21.62185
20064.21,0.58,19988.39;20.53323
20064.29,0.58,19988.63;19.50191
20064.37,0.58,19988.87;18.5508
20064.45,0.58,19989.12;17.66845
20064.52,0.58,19989.35;16.83194
20064.59,0.58,19989.59;16.05271
20064.66,0.58,19989.83;15.34225
20064.72,0.58,19990.07;14.66616
20064.78,0.58,19990.3;14.02444
20064.83,0.58,19990.54;13.45148
20064.89,0.58,19990.78;12.9129
20064.94,0.58,19991.01;12.4087
20064.99,0.58,19991.24;11.96179
20065.04,0.58,19991.47;11.56073
20065.08,0.58,19991.7;11.19404
20065.13,0.58,19991.93;10.88464
20065.17,0.58,19992.15;10.644
20065.21,0.58,19992.38;10.4492
20065.25,0.58,19992.6;10.28877
20065.29,0.58,19992.82;10.17418
20065.33,0.58,19993.04;10.09397
20065.37,0.58,19993.25;10.03668
20065.4,0.58,19993.47;10.01376
20065.44,0.58,19993.68;10.03668
20065.48,0.58,19993.9;10.10543
20065.52,0.58,19994.11;10.23148
20065.56,0.58,19994.32;10.4492
20065.6,0.58,19994.53;10.72423
20065.64,0.58,19994.74;11.04508
20065.68,0.58,19994.93;11.42323
20065.72,0.58,19995.13;11.83576
20065.76,0.58,19995.33;12.2483
20065.8,0.58,19995.52;12.69521
20065.85,0.58,19995.71;13.18795
20065.89,0.58,19995.9;13.72653
20065.94,0.58,19996.09;14.28802
20065.99,0.58,19996.27;14.87244
20066.04,0.58,19996.45;15.5027
20066.09,0.58,19996.62;16.16733
20066.14,0.58,19996.79;16.86633
20066.2,0.58,19996.96;17.61118
20066.25,0.58,19997.13;18.41333
20066.31,0.58,19997.29;19.2613
20066.37,0.58,19997.45;20.14365
20066.43,0.58,19997.61;21.0833
20066.49,0.58,19997.76;22.08025
20066.55,0.58,19997.89;23.13449
20066.61,0.58,19998.03;24.23458
20066.67,0.58,19998.17;25.40341
20066.74,0.58,19998.3;26.61807
20066.81,0.58,19998.44;27.85567
20066.89,0.58,19998.58;29.12763
20066.96,0.58,19998.71;30.45689
20067.04,0.58,19998.83;31.82053
20067.13,0.58,19998.96;33.20709
20067.21,0.58,19999.07;34.67386
20067.29,0.58,19999.19;36.19792
20067.38,0.58,19999.3;37.75637
20067.47,0.58,19999.41;39.39503
20067.55,0.58,19999.51;41.09098
20067.65,0.58,19999.61;42.82131
20067.74,0.58,19999.71;44.6204
20067.83,0.58,19999.79;46.47677
20067.93,0.58,19999.88;48.35608
20068.02,0.58,19999.96;50.30414
20068.12,0.58,20000.03;52.30948
20068.21,0.58,20000.1;54.34922
20068.3,0.58,20000.16;56.44624
20068.4,0.58,20000.22;58.56619
20068.49,0.58,20000.27;60.69758
20068.59,0.58,20000.32;62.87482
20068.68,0.58,20000.36;65.10936
20068.77,0.58,20000.4;67.28659
20068.86,0.58,20000.43;69.28048
20068.96,0.58,20000.46;71.36604
20069.05,0.58,20000.49;73.48598
20069.15,0.58,20000.52;75.60592
20069.24,0.58,20000.54;77.88629
20069.34,0.58,20000.55;80.45315
20069.43,0.58,20000.57;83.03146
20069.52,0.58,20000.57;85.66706
20069.61,0.58,20000.57;88.3485
20069.69,0.58,20000.57;91.05287
20069.78,0.58,20000.57;93.81452
20069.86,0.58,20000.56;96.61056
20069.94,0.58,20000.54;99.4295
20070.01,0.58,20000.53;102.2943
20070.07,0.58,20000.51;105.1591
20070.14,0.58,20000.49;108.0239
20070.2,0.58,20000.47;110.946
20070.26,0.58,20000.44;113.891
20070.32,0.58,20000.41;116.8704
20070.38,0.58,20000.38;119.9185
20070.43,0.58,20000.35;123.0239
20070.47,0.58,20000.31;126.1637
20070.52,0.58,20000.28;129.3608
20070.55,0.58,20000.24;132.5694
20070.59,0.58,20000.21;135.7894
20070.63,0.58,20000.17;139.0209
20070.65,0.58,20000.13;142.2638
20070.68,0.58,20000.09;145.4839
20070.7,0.58,20000.05;148.6695
20070.72,0.58,20000.02;151.8437
20070.74,0.58,19999.98;154.9377
20070.75,0.58,19999.95;157.8827
20070.77,0.58,19999.91;160.7704
20070.78,0.58,19999.87;163.532
20070.78,0.58,19999.84;166.0874
20070.79,0.58,19999.81;168.448
20070.79,0.58,19999.78;170.6367
20070.8,0.58,19999.75;172.5848
20070.8,0.58,19999.72;174.3266
20070.8,0.58,19999.7;175.7934
20070.8,0.58,19999.69;176.9966
20070.8,0.58,19999.67;177.9133
20070.8,0.58,19999.66;178.5092
20070.8,0.58,19999.66;178.5092
20070.8,0.58,19999.66;178.5092
20070.8,0.58,19999.66;178.5092
20070.8,0.58,19999.66;178.5092
20070.8,0.58,19999.66;178.5092
20070.8,0.58,19999.66;178.5092
20070.8,0.58,19999.66;178.5092
20070.8,0.58,19999.66;178.5092
20070.8,0.58,19999.66;178.5092
20070.8,0.58,19999.66;178.5092
20070.8,0.58,19999.66;178.5092
20070.8,0.58,19999.66;178.5092
20070.8,0.58,19999.66;178.5092
20070.8,0.58,19999.66;178.5092
20070.8,0.58,19999.66;178.5092
20070.8,0.58,19999.66;178.5092
20070.8,0.58,19999.66;178.5092
20070.8,0.58,19999.66;178.5092
20070.8,0.58,19999.66;178.5092
20070.8,0.58,19999.66;178.5092
20070.8,0.58,19999.66;178.5092
20070.8,0.58,19999.66;178.5092
20070.8,0.58,19999.66;178.5092
20070.8,0.58,19999.66;178.5092
20070.8,0.58,19999.66;178.5092
20070.8,0.58,19999.66;178.5092
20070.8,0.58,19999.66;178.5092
20070.8,0.58,19999.66;178.5092
20070.8,0.58,19999.66;178.5092
20070.8,0.58,19999.66;178.5092
20070.8,0.58,19999.66;178.5092
20070.8,0.58,19999.66;178.5092
20070.8,0.58,19999.66;178.5092
20070.8,0.58,19999.66;178.5092
20070.8,0.58,19999.66;178.5092
20070.8,0.58,19999.66;178.5092
20070.8,0.58,19999.66;178.5092
20070.8,0.58,19999.66;178.5092
20070.8,0.58,19999.66;178.5092
20070.8,0.58,19999.66;178.5092
20070.8,0.58,19999.67;178.853
20070.8,0.58,19999.67;178.853
20070.8,0.58,19999.67;178.853
20070.8,0.58,19999.68;179.0363
20070.8,0.58,19999.68;179.0363
20070.8,0.58,19999.68;179.0363
20070.8,0.58,19999.68;179.0363
20070.8,0.58,19999.68;179.0363
20070.8,0.58,19999.68;179.0363
20070.8,0.58,19999.71;179.1165
20070.8,0.58,19999.71;179.1165
20070.8,0.58,19999.74;179.128
20070.8,0.58,19999.74;179.128
20070.8,0.58,19999.79;179.128
20070.8,0.58,19999.79;179.128
20070.8,0.58,19999.79;179.128
20070.8,0.58,19999.79;179.128
20070.8,0.58,19999.84;179.128
20070.8,0.58,19999.84;179.128
20070.8,0.58,19999.84;179.128
20070.8,0.58,19999.89;179.128
20070.8,0.58,19999.89;179.128
20070.8,0.58,19999.95;179.128
20070.8,0.58,19999.95;179.128
20070.8,0.58,19999.95;179.128
20070.8,0.58,19999.95;179.128
20070.8,0.58,20000.01;179.128
20070.8,0.58,20000.01;179.128
20070.8,0.58,20000.05;179.128
20070.8,0.58,20000.05;179.128
20070.8,0.58,20000.05;179.128
20070.8,0.58,20000.05;179.128
20070.8,0.58,20000.09;179.128
20070.8,0.58,20000.09;179.128
20070.8,0.58,20000.09;179.128
20070.8,0.58,20000.13;179.128
20070.8,0.58,20000.17;179.128
20070.8,0.58,20000.17;179.128
20070.8,0.58,20000.17;179.128
20070.8,0.58,20000.17;179.128
20070.8,0.58,20000.17;179.128
20070.8,0.58,20000.17;179.128
20070.8,0.58,20000.17;179.128
20070.8,0.58,20000.21;179.128
20070.79,0.58,20000.24;179.128
20070.79,0.58,20000.24;179.128
20070.79,0.58,20000.28;179.128
20070.79,0.58,20000.33;179.1394
20070.79,0.58,20000.33;179.1394
20070.79,0.58,20000.33;179.1394
20070.79,0.58,20000.33;179.1394
20070.79,0.58,20000.38;179.1509
20070.79,0.58,20000.38;179.1509
20070.79,0.58,20000.38;179.1509
20070.79,0.58,20000.43;179.1623
20070.79,0.58,20000.43;179.1623
20070.79,0.58,20000.43;179.1623
20070.79,0.58,20000.43;179.1623
20070.79,0.58,20000.49;179.1738
20070.79,0.58,20000.53;179.1852
20070.79,0.58,20000.53;179.1852
20070.79,0.58,20000.53;179.1852
20070.79,0.58,20000.53;179.1852
20070.79,0.58,20000.58;179.1852
20070.79,0.58,20000.58;179.1852
20070.79,0.58,20000.63;179.1852
20070.79,0.58,20000.63;179.1852
20070.79,0.58,20000.69;179.1852
20070.79,0.58,20000.69;179.1852
20070.79,0.58,20000.74;179.1852
20070.79,0.58,20000.74;179.1852
20070.79,0.58,20000.74;179.1852
20070.79,0.58,20000.81;179.1852
20070.79,0.58,20000.88;179.1852
20070.79,0.58,20000.88;179.1852
20070.79,0.58,20000.95;179.1852
20070.79,0.58,20000.95;179.1852
20070.79,0.58,20000.95;179.1852
20070.79,0.58,20000.95;179.1852
20070.79,0.58,20000.95;179.1852
20070.79,0.58,20001.03;179.1852
20070.79,0.58,20001.03;179.1852
20070.79,0.58,20001.03;179.1852
20070.79,0.58,20001.03;179.1852
20070.79,0.58,20001.03;179.1852
20070.79,0.58,20001.03;179.1852
20070.79,0.58,20001.03;179.1852
20070.79,0.58,20001.03;179.1852
20070.79,0.58,20001.03;179.1852
20070.79,0.58,20001.03;179.1852
20070.79,0.58,20001.03;179.1852
20070.79,0.58,20001.03;179.1852
20070.78,0.58,20001.13;179.1852
20070.78,0.58,20001.13;179.1852
20070.78,0.58,20001.13;179.1852
20070.78,0.58,20001.13;179.1852
20070.78,0.58,20001.22;179.1852
20070.78,0.58,20001.22;179.1852
20070.78,0.58,20001.31;179.1852
20070.78,0.58,20001.31;179.1852
20070.78,0.58,20001.31;179.1852
20070.78,0.58,20001.39;179.1852
20070.78,0.58,20001.39;179.1852
20070.78,0.58,20001.39;179.1852
20070.78,0.58,20001.39;179.1852
20070.78,0.58,20001.48;179.1852
20070.78,0.58,20001.48;179.1852
20070.78,0.58,20001.56;179.1852
20070.78,0.58,20001.56;179.1852
20070.78,0.58,20001.56;179.1852
20070.78,0.58,20001.56;179.1852
20070.78,0.58,20001.56;179.1852
20070.78,0.58,20001.64;179.1852
20070.78,0.58,20001.64;179.1852
20070.78,0.58,20001.64;179.1852
20070.78,0.58,20001.64;179.1852
20070.78,0.58,20001.71;179.1852
20070.78,0.58,20001.71;179.1852
20070.77,0.58,20001.77;179.1852
20070.77,0.58,20001.77;179.1852
20070.77,0.58,20001.77;179.1852
20070.77,0.58,20001.77;179.1852
20070.77,0.58,20001.77;179.1852
20070.77,0.58,20001.83;179.1852
20070.77,0.58,20001.83;179.1852
20070.77,0.58,20001.83;179.1852
20070.77,0.58,20001.83;179.1852
20070.77,0.58,20001.83;179.1852
20070.77,0.58,20001.83;179.1852
20070.77,0.58,20001.83;179.1852
20070.77,0.58,20001.88;179.1852
20070.77,0.58,20001.88;179.1852
20070.77,0.58,20001.88;179.1852
20070.77,0.58,20001.88;179.1852
20070.77,0.58,20001.88;179.1852
20070.77,0.58,20001.93;179.1852
20070.77,0.58,20001.93;179.1852
20070.77,0.58,20001.93;179.1852
20070.77,0.58,20001.93;179.1852
20070.77,0.58,20001.93;179.1852
20070.77,0.58,20001.93;179.1852
20070.77,0.58,20001.93;179.1852
20070.77,0.58,20001.93;179.1852
20070.77,0.58,20001.93;179.1852
20070.77,0.58,20001.93;179.1852
20070.77,0.58,20001.93;179.1852
20070.77,0.58,20001.93;179.1852
20070.77,0.58,20001.97;179.1852
20070.77,0.58,20001.97;179.1852
20070.77,0.58,20001.97;179.1852
20070.77,0.58,20001.97;179.1852
20070.77,0.58,20001.97;179.1852
20070.77,0.58,20001.97;179.1852
20070.77,0.58,20001.97;179.1852
20070.77,0.58,20001.97;179.1852
20070.77,0.58,20001.97;179.1852
20070.77,0.58,20001.97;179.1852
20070.77,0.58,20001.97;179.1852
20070.77,0.58,20001.97;179.1852
20070.77,0.58,20001.97;179.1852
20070.77,0.58,20001.97;179.1852
20070.77,0.58,20001.97;179.1852
20070.77,0.58,20001.97;179.1852
20070.77,0.58,20001.97;179.1852
20070.77,0.58,20001.97;179.1852
20070.77,0.58,20001.97;179.1852
20070.77,0.58,20001.97;179.1852
20070.77,0.58,20001.97;179.1852
20070.77,0.58,20001.97;179.1852
20070.77,0.58,20001.97;179.1852
20070.77,0.58,20001.97;179.1852
20070.77,0.58,20001.97;179.1852
20070.77,0.58,20001.97;179.1852
20070.77,0.58,20001.97;179.1852
20070.77,0.58,20001.97;179.1852
20070.77,0.58,20001.97;179.1852
20070.77,0.58,20001.97;179.1852
20070.77,0.58,20001.97;179.1852
20070.77,0.58,20001.97;179.1852
20070.77,0.58,20001.97;179.1852
20070.77,0.58,20001.97;179.1852
20070.77,0.58,20001.97;179.1852
20070.77,0.58,20001.97;179.1852
20070.77,0.58,20001.97;179.1852
20070.77,0.58,20001.97;179.1852
20070.77,0.58,20001.97;179.1852
20070.77,0.58,20001.97;179.1852
20070.77,0.58,20001.97;179.1852
20070.77,0.58,20001.97;179.1852
20070.77,0.58,20001.97;179.1852
20070.77,0.58,20001.97;179.1852
20070.77,0.58,20001.97;179.1852
20070.77,0.58,20001.97;179.1852
20070.77,0.58,20001.97;179.1852
20070.77,0.58,20001.97;179.1852
20070.77,0.58,20001.97;179.1852
20070.77,0.58,20001.97;179.1852
20070.77,0.58,20001.97;179.1852
20070.77,0.58,20001.97;179.1852
20070.77,0.58,20001.97;179.1852
20070.77,0.58,20001.97;179.1852
20070.77,0.58,20001.97;179.1852
20070.77,0.58,20001.97;179.1852
20070.77,0.58,20001.97;179.1852
20070.77,0.58,20001.97;179.1852
20070.77,0.58,20001.97;179.1852
20070.77,0.58,20002;179.1852
20070.77,0.58,20002;179.1852
20070.77,0.58,20002;179.1852
20070.77,0.58,20002;179.1852
20070.77,0.58,20002;179.1852
20070.77,0.58,20002;179.1852
20070.77,0.58,20002;179.1852
20070.77,0.58,20002;179.1852
20070.77,0.58,20002;179.1852
20070.77,0.58,20001.99;179.1852
20070.77,0.58,20001.99;179.1852
20070.77,0.58,20001.99;179.1852
20070.77,0.58,20001.99;179.1852
20070.77,0.58,20001.99;179.1852
20070.77,0.58,20001.99;179.1852
20070.77,0.58,20001.99;179.1852
20070.77,0.58,20001.96;179.1852
20070.77,0.58,20001.96;179.1852
20070.77,0.58,20001.96;179.1852
20070.77,0.58,20001.96;179.1852
20070.77,0.58,20001.93;179.1852
20070.77,0.58,20001.93;179.1852
20070.77,0.58,20001.93;179.1852
20070.77,0.58,20001.93;179.1852
20070.77,0.58,20001.93;179.1852
20070.77,0.58,20001.93;179.1852
20070.77,0.58,20001.93;179.1852
20070.77,0.58,20001.93;179.1852
20070.77,0.58,20001.89;179.1852
20070.77,0.58,20001.89;179.1852
20070.77,0.58,20001.89;179.1852
20070.77,0.58,20001.89;179.1852
20070.77,0.58,20001.86;179.1852
20070.77,0.58,20001.86;179.1852
20070.77,0.58,20001.86;179.1852
20070.77,0.58,20001.86;179.1852
20070.77,0.58,20001.86;179.1852
20070.77,0.58,20001.86;179.1852
20070.77,0.58,20001.83;179.1852
20070.77,0.58,20001.83;179.1852
20070.77,0.58,20001.83;179.1852
20070.77,0.58,20001.8;179.1852
20070.77,0.58,20001.8;179.1852
20070.77,0.58,20001.8;179.1852
20070.77,0.58,20001.8;179.1852
20070.77,0.58,20001.8;179.1852
20070.77,0.58,20001.8;179.1852
20070.77,0.58,20001.8;179.1852
20070.77,0.58,20001.8;179.1852
20070.77,0.58,20001.76;179.1852
20070.77,0.58,20001.76;179.1852
20070.77,0.58,20001.76;179.1852
20070.78,0.58,20001.72;179.1852
20070.78,0.58,20001.72;179.1852
20070.78,0.58,20001.72;179.1852
20070.78,0.58,20001.72;179.1852
20070.78,0.58,20001.72;179.1852
20070.78,0.58,20001.72;179.1852
20070.78,0.58,20001.72;179.1852
20070.78,0.58,20001.69;179.1852
20070.78,0.58,20001.69;179.1852
20070.78,0.58,20001.69;179.1852
20070.78,0.58,20001.69;179.1852
20070.78,0.58,20001.69;179.1852
20070.78,0.58,20001.69;179.1852
20070.78,0.58,20001.69;179.1852
20070.78,0.58,20001.69;179.1852
20070.78,0.58,20001.69;179.1852
20070.78,0.58,20001.69;179.1852
20070.78,0.58,20001.66;179.1852
20070.78,0.58,20001.66;179.1852
20070.78,0.58,20001.66;179.1852
20070.78,0.58,20001.66;179.1852
20070.78,0.58,20001.66;179.1852
20070.78,0.58,20001.63;179.1852
20070.78,0.58,20001.63;179.1852
20070.78,0.58,20001.63;179.1852
20070.78,0.58,20001.63;179.1852
20070.78,0.58,20001.63;179.1852
20070.78,0.58,20001.63;179.1852
20070.78,0.58,20001.63;179.1852
20070.78,0.58,20001.61;179.1852
20070.78,0.58,20001.61;179.1852
20070.78,0.58,20001.61;179.1852
20070.78,0.58,20001.61;179.1852
20070.78,0.58,20001.61;179.1852
20070.78,0.58,20001.58;179.1852
20070.78,0.58,20001.58;179.1852
20070.78,0.58,20001.58;179.1852
20070.78,0.58,20001.58;179.1852
20070.78,0.58,20001.58;179.1852
20070.78,0.58,20001.58;179.1852
20070.78,0.58,20001.58;179.1852
20070.78,0.58,20001.58;179.1852
20070.78,0.58,20001.58;179.1852
20070.78,0.58,20001.58;179.1852
20070.78,0.58,20001.58;179.1852
20070.78,0.58,20001.58;179.1852
20070.78,0.58,20001.58;179.1852
20070.78,0.58,20001.58;179.1852
20070.78,0.58,20001.58;179.1852
20070.78,0.58,20001.55;179.1852
20070.78,0.58,20001.55;179.1852
20070.78,0.58,20001.55;179.1852
20070.78,0.58,20001.55;179.1852
20070.78,0.58,20001.55;179.1852
20070.78,0.58,20001.55;179.1852
20070.78,0.58,20001.55;179.1852
20070.78,0.58,20001.55;179.1852
20070.78,0.58,20001.55;179.1852
20070.78,0.58,20001.55;179.1852
20070.78,0.58,20001.55;179.1852
20070.78,0.58,20001.53;179.1852
20070.78,0.58,20001.53;179.1852
20070.78,0.58,20001.53;179.1852
20070.78,0.58,20001.53;179.1852
20070.78,0.58,20001.53;179.1852
20070.78,0.58,20001.53;179.1852
20070.78,0.58,20001.53;179.1852
20070.78,0.58,20001.53;179.1852
20070.78,0.58,20001.53;179.1852
20070.78,0.58,20001.53;179.1852
20070.78,0.58,20001.53;179.1852
20070.78,0.58,20001.53;179.1852
20070.78,0.58,20001.53;179.1852
20070.78,0.58,20001.53;179.1852
20070.78,0.58,20001.53;179.1852
20070.78,0.58,20001.53;179.1852
20070.78,0.58,20001.53;179.1852
20070.78,0.58,20001.53;179.1852
20070.78,0.58,20001.53;179.1852
20070.78,0.58,20001.51;179.1852
20070.78,0.58,20001.51;179.1852
20070.78,0.58,20001.51;179.1852
20070.78,0.58,20001.51;179.1852
20070.78,0.58,20001.51;179.1852
20070.78,0.58,20001.51;179.1852
20070.78,0.58,20001.51;179.1852
20070.78,0.58,20001.51;179.1852
20070.78,0.58,20001.51;179.1852
20070.78,0.58,20001.51;179.1852
20070.78,0.58,20001.51;179.1852
20070.78,0.58,20001.51;179.1852
20070.78,0.58,20001.51;179.1852
20070.78,0.58,20001.51;179.1852
20070.78,0.58,20001.51;179.1852
20070.78,0.58,20001.51;179.1852
20070.78,0.58,20001.51;179.1852
20070.78,0.58,20001.51;179.1852
20070.78,0.58,20001.51;179.1852
20070.78,0.58,20001.51;179.1852
20070.78,0.58,20001.51;179.1852
20070.78,0.58,20001.51;179.1852
20070.78,0.58,20001.51;179.1852
20070.78,0.58,20001.51;179.1852
20070.78,0.58,20001.51;179.1852
20070.78,0.58,20001.51;179.1852
20070.78,0.58,20001.51;179.1852
20070.78,0.58,20001.51;179.1852
20070.78,0.58,20001.51;179.1852
20070.78,0.58,20001.51;179.1852
20070.78,0.58,20001.51;179.1852
20070.78,0.58,20001.51;179.1852
20070.78,0.58,20001.51;179.1852
20070.78,0.58,20001.51;179.1852
20070.78,0.58,20001.51;179.1852
20070.78,0.58,20001.51;179.1852
20070.78,0.58,20001.51;179.1852
20070.78,0.58,20001.51;179.1852
20070.78,0.58,20001.51;179.1852
20070.78,0.58,20001.51;179.1852
20070.78,0.58,20001.51;179.1852
20070.78,0.58,20001.51;179.1852
20070.78,0.58,20001.51;179.1852
20070.78,0.58,20001.51;179.1852
20070.78,0.58,20001.51;179.1852
20070.78,0.58,20001.51;179.1852
20070.78,0.58,20001.51;179.1852
20070.78,0.58,20001.51;179.1852
20070.78,0.58,20001.51;179.1852
20070.78,0.58,20001.51;179.1852
20070.78,0.58,20001.51;179.1852
20070.78,0.58,20001.51;179.1852
20070.78,0.58,20001.51;179.1852
20070.78,0.58,20001.51;179.1852
20070.78,0.58,20001.51;179.1852
20070.78,0.58,20001.51;179.1852
20070.78,0.58,20001.51;179.1852
20070.78,0.58,20001.51;179.1852
20070.78,0.58,20001.51;179.1852
20070.78,0.58,20001.51;179.1852
20070.78,0.58,20001.51;179.1852
20070.78,0.58,20001.51;179.1852
20070.78,0.58,20001.51;179.1852
20070.78,0.58,20001.51;179.1852
20070.78,0.58,20001.51;179.1852
20070.78,0.58,20001.51;179.1852
20070.78,0.58,20001.51;179.1852
20070.78,0.58,20001.51;179.1852
20070.78,0.58,20001.51;179.1852
20070.78,0.58,20001.51;179.1852
20070.78,0.58,20001.51;179.1852
20070.78,0.58,20001.51;179.1852
20070.78,0.58,20001.51;179.1852
20070.78,0.58,20001.51;179.1852
20070.78,0.58,20001.51;179.1852
20070.78,0.58,20001.51;179.1852
20070.78,0.58,20001.51;179.1852
20070.78,0.58,20001.51;179.1852
20070.78,0.58,20001.51;179.1852
20070.78,0.58,20001.51;179.1852
20070.78,0.58,20001.51;179.1852
20070.78,0.58,20001.51;179.1852
20070.78,0.58,20001.51;179.1852
20070.78,0.58,20001.51;179.1852
20070.78,0.58,20001.51;179.1852
20070.78,0.58,20001.51;179.1852
20070.78,0.58,20001.51;179.1852
20070.78,0.58,20001.51;179.1852
20070.78,0.58,20001.51;179.1852
20070.78,0.58,20001.51;179.1852
20070.78,0.58,20001.51;179.1852
20070.78,0.58,20001.51;179.1852
20070.78,0.58,20001.51;179.1852
20070.78,0.58,20001.51;179.1852
20070.78,0.58,20001.51;179.1852
20070.78,0.58,20001.51;179.1852
20070.78,0.58,20001.51;179.1852
20070.78,0.58,20001.51;179.1852
20070.78,0.58,20001.51;179.1852
20070.78,0.58,20001.51;179.1852
20070.78,0.58,20001.51;179.1852
20070.78,0.58,20001.51;179.1852
20070.78,0.58,20001.51;179.1852
20070.78,0.58,20001.51;179.1852
20070.78,0.58,20001.51;179.1852
20070.78,0.58,20001.51;179.1852
20070.78,0.58,20001.51;179.1852
20070.78,0.58,20001.51;179.1852
20070.78,0.58,20001.51;179.1852
20070.78,0.58,20001.51;179.1852
20070.78,0.58,20001.51;179.1852
20070.78,0.58,20001.51;179.1852
20070.78,0.58,20001.51;179.1852
20070.78,0.58,20001.51;179.1852
20070.78,0.58,20001.51;179.1852
20070.78,0.58,20001.51;179.1852
20070.78,0.58,20001.51;179.1852
20070.78,0.58,20001.51;179.1852
20070.78,0.58,20001.51;179.1852
20070.78,0.58,20001.51;179.1852
20070.78,0.58,20001.51;179.1852
20070.78,0.58,20001.51;179.1852
20070.78,0.58,20001.51;179.1852
20070.78,0.58,20001.51;179.1852
20070.78,0.58,20001.51;179.1852
20070.78,0.58,20001.51;179.1852
20070.78,0.58,20001.51;179.1852
20070.78,0.58,20001.51;179.1852
20070.78,0.58,20001.51;179.1852
20070.78,0.58,20001.51;179.1852
20070.78,0.58,20001.51;179.1852
20070.78,0.58,20001.51;179.1852
20070.78,0.58,20001.51;179.1852
20070.78,0.58,20001.51;179.1852
20070.78,0.58,20001.51;179.1852
20070.78,0.58,20001.51;179.1852
20070.78,0.58,20001.51;179.1852
20070.78,0.58,20001.51;179.1852
20070.78,0.58,20001.51;179.1852
20070.78,0.58,20001.51;179.1852
20070.78,0.58,20001.51;179.1852
20070.78,0.58,20001.51;179.1852
20070.78,0.58,20001.51;179.1852
20070.78,0.58,20001.51;179.1852
20070.78,0.58,20001.51;179.1852
20070.78,0.58,20001.51;179.1852
20070.78,0.58,20001.51;179.1852
20070.78,0.58,20001.51;179.1852
20070.78,0.58,20001.51;179.1852
20070.78,0.58,20001.51;179.1852
20070.78,0.58,20001.51;179.1852
20070.78,0.58,20001.51;179.1852
20070.78,0.58,20001.51;179.1852
20070.78,0.58,20001.51;179.1852
20070.78,0.58,20001.51;179.1852
20070.78,0.58,20001.51;179.1852
20070.78,0.58,20001.51;179.1852
20070.78,0.58,20001.51;179.1852
20070.78,0.58,20001.51;179.1852
20070.78,0.58,20001.51;179.1852
20070.78,0.58,20001.51;179.1852
20070.78,0.58,20001.51;179.1852
20070.78,0.58,20001.51;179.1852
20070.78,0.58,20001.51;179.1852
20070.78,0.58,20001.51;179.1852
20070.78,0.58,20001.51;179.1852
20070.78,0.58,20001.51;179.1852
20070.78,0.58,20001.51;179.1852
20070.78,0.58,20001.51;179.1852
20070.78,0.58,20001.51;179.1852
20070.78,0.58,20001.51;179.1852
20070.78,0.58,20001.51;179.1852
20070.78,0.58,20001.51;179.1852
20070.78,0.58,20001.51;179.1852
20070.78,0.58,20001.51;179.1852
20070.78,0.58,20001.51;179.1852
20070.78,0.58,20001.51;179.1852
20070.78,0.58,20001.51;179.1852
20070.78,0.58,20001.51;179.1852
20070.78,0.58,20001.51;179.1852
20070.78,0.58,20001.51;179.1852
20070.78,0.58,20001.51;179.1852
20070.78,0.58,20001.51;179.1852
20070.78,0.58,20001.51;179.1852
20070.78,0.58,20001.51;179.1852
20070.78,0.58,20001.51;179.1852
20070.78,0.58,20001.51;179.1852
20070.78,0.58,20001.51;179.1852
20070.78,0.58,20001.51;179.1852
20070.78,0.58,20001.51;179.1852
20070.78,0.58,20001.51;179.1852
20070.78,0.58,20001.51;179.1852
20070.78,0.58,20001.51;179.1852
20070.78,0.58,20001.51;179.1852
20070.78,0.58,20001.51;179.1852
20070.78,0.58,20001.51;179.1852
20070.78,0.58,20001.51;179.1852
20070.78,0.58,20001.51;179.1852
20070.78,0.58,20001.51;179.1852
20070.78,0.58,20001.51;179.1852
20070.78,0.58,20001.51;179.1852
20070.78,0.58,20001.51;179.1852
20070.78,0.58,20001.51;179.1852
20070.78,0.58,20001.51;179.1852
20070.78,0.58,20001.51;179.1852
20070.78,0.58,20001.51;179.1852
20070.78,0.58,20001.51;179.1852
20070.78,0.58,20001.51;179.1852
20070.78,0.58,20001.51;179.1852
20070.78,0.58,20001.51;179.1852
20070.78,0.58,20001.51;179.1852
20070.78,0.58,20001.51;179.1852
20070.78,0.58,20001.51;179.1852
20070.78,0.58,20001.51;179.1852
20070.78,0.58,20001.51;179.1852
20070.78,0.58,20001.51;179.1852
20070.78,0.58,20001.51;179.1852
20070.78,0.58,20001.51;179.1852
20070.78,0.58,20001.51;179.1852
20070.78,0.58,20001.51;179.1852
20070.78,0.58,20001.51;179.1852
20070.78,0.58,20001.51;179.1852
20070.78,0.58,20001.51;179.1852
20070.78,0.58,20001.51;179.1852
20070.78,0.58,20001.51;179.1852
20070.78,0.58,20001.51;179.1852
20070.78,0.58,20001.51;179.1852
20070.78,0.58,20001.51;179.1852
20070.78,0.58,20001.51;179.1852
20070.78,0.58,20001.51;179.1852
20070.78,0.58,20001.51;179.1852
20070.78,0.58,20001.51;179.1852
20070.78,0.58,20001.51;179.1852
20070.78,0.58,20001.51;179.1852
20070.78,0.58,20001.51;179.1852
20070.78,0.58,20001.51;179.1852
20070.78,0.58,20001.51;179.1852
20070.78,0.58,20001.51;179.1852
20070.78,0.58,20001.51;179.1852
20070.78,0.58,20001.51;179.1852
20070.78,0.58,20001.51;179.1852
20070.78,0.58,20001.51;179.1852
20070.78,0.58,20001.51;179.1852
20070.78,0.58,20001.51;179.1852
20070.78,0.58,20001.51;179.1852
20070.78,0.58,20001.51;179.1852
20070.78,0.58,20001.51;179.1852
20070.78,0.58,20001.51;179.1852
20070.78,0.58,20001.51;179.1852
20070.78,0.58,20001.51;179.1852
20070.78,0.58,20001.51;179.1852
20070.78,0.58,20001.51;179.1852
20070.78,0.58,20001.51;179.1852
20070.78,0.58,20001.51;179.1852
20070.78,0.58,20001.51;179.1852
20070.78,0.58,20001.51;179.1852
20070.78,0.58,20001.51;179.1852
20070.78,0.58,20001.51;179.1852
20070.78,0.58,20001.51;179.1852
20070.78,0.58,20001.51;179.1852
20070.78,0.58,20001.51;179.1852
20070.78,0.58,20001.51;179.1852
20070.78,0.58,20001.51;179.1852
20070.78,0.58,20001.51;179.1852
20070.78,0.58,20001.51;179.1852
20070.78,0.58,20001.51;179.1852
20070.78,0.58,20001.51;179.1852
20070.78,0.58,20001.51;179.1852
20070.78,0.58,20001.51;179.1852
20070.78,0.58,20001.51;179.1852
20070.78,0.58,20001.51;179.1852
20070.78,0.58,20001.51;179.1852
20070.78,0.58,20001.51;179.1852
20070.78,0.58,20001.51;179.1852
20070.78,0.58,20001.51;179.1852
20070.78,0.58,20001.51;179.1852
20070.78,0.58,20001.51;179.1852
20070.78,0.58,20001.51;179.1852
20070.78,0.58,20001.51;179.1852
20070.78,0.58,20001.51;179.1852
20070.78,0.58,20001.51;179.1852
20070.78,0.58,20001.51;179.1852
20070.78,0.58,20001.51;179.1852
20070.78,0.58,20001.51;179.1852
20070.78,0.58,20001.51;179.1852
20070.78,0.58,20001.51;179.1852
20070.78,0.58,20001.51;179.1852
20070.78,0.58,20001.51;179.1852
20070.78,0.58,20001.51;179.1852
20070.78,0.58,20001.51;179.1852
20070.78,0.58,20001.51;179.1852
20070.78,0.58,20001.51;179.1852
20070.78,0.58,20001.51;179.1852
20070.78,0.58,20001.51;179.1852
20070.78,0.58,20001.51;179.1852
20070.78,0.58,20001.51;179.1852
20070.78,0.58,20001.51;179.1852
20070.78,0.58,20001.51;179.1852
20070.78,0.58,20001.51;179.1852
20070.78,0.58,20001.51;179.1852
20070.78,0.58,20001.51;179.1852
20070.78,0.58,20001.51;179.1852
20070.78,0.58,20001.51;179.1852
20070.78,0.58,20001.51;179.1852
20070.78,0.58,20001.51;179.1852
20070.78,0.58,20001.51;179.1852
20070.78,0.58,20001.51;179.1852
20070.78,0.58,20001.51;179.1852
20070.78,0.58,20001.51;179.1852
20070.78,0.58,20001.51;179.1852
20070.78,0.58,20001.51;179.1852
20070.78,0.58,20001.51;179.1852
20070.78,0.58,20001.51;179.1852
20070.78,0.58,20001.51;179.1852
20070.78,0.58,20001.51;179.1852
20070.78,0.58,20001.51;179.1852
20070.78,0.58,20001.51;179.1852
20070.78,0.58,20001.51;179.1852
20070.78,0.58,20001.51;179.1852
20070.78,0.58,20001.51;179.1852
20070.78,0.58,20001.51;179.1852
20070.78,0.58,20001.51;179.1852
20070.78,0.58,20001.51;179.1852
20070.78,0.58,20001.51;179.1852
20070.78,0.58,20001.51;179.1852
20070.78,0.58,20001.51;179.1852
20070.78,0.58,20001.51;179.1852
20070.78,0.58,20001.51;179.1852
20070.78,0.58,20001.51;179.1852
20070.78,0.58,20001.51;179.1852
20070.78,0.58,20001.51;179.1852
20070.78,0.58,20001.51;179.1852
20070.78,0.58,20001.51;179.1852
20070.78,0.58,20001.51;179.1852
20070.78,0.58,20001.51;179.1852
20070.78,0.58,20001.51;179.1852
20070.78,0.58,20001.51;179.1852
20070.78,0.58,20001.51;179.1852
20070.78,0.58,20001.51;179.1852
20070.78,0.58,20001.51;179.1852
20070.78,0.58,20001.51;179.1852
20070.78,0.58,20001.51;179.1852
20070.78,0.58,20001.51;179.1852
20070.78,0.58,20001.51;179.1852
20070.78,0.58,20001.51;179.1852
20070.78,0.58,20001.51;179.1852
20070.78,0.58,20001.51;179.1852
20070.78,0.58,20001.51;179.1852
20070.78,0.58,20001.51;179.1852
20070.78,0.58,20001.51;179.1852
20070.78,0.58,20001.51;179.1852
20070.78,0.58,20001.51;179.1852
20070.78,0.58,20001.51;179.1852
20070.78,0.58,20001.51;179.1852
20070.78,0.58,20001.51;179.1852
20070.78,0.58,20001.51;179.1852
20070.78,0.58,20001.51;179.1852
20070.78,0.58,20001.51;179.1852
20070.78,0.58,20001.51;179.1852
20070.78,0.58,20001.51;179.1852
20070.78,0.58,20001.51;179.1852
20070.78,0.58,20001.51;179.1852
20070.78,0.58,20001.51;179.1852
20070.78,0.58,20001.51;179.1852
20070.78,0.58,20001.51;179.1852
20070.78,0.58,20001.51;179.1852
20070.78,0.58,20001.51;179.1852
20070.78,0.58,20001.51;179.1852
20070.78,0.58,20001.51;179.1852
20070.78,0.58,20001.51;179.1852
20070.78,0.58,20001.51;179.1852
20070.78,0.58,20001.51;179.1852
20070.78,0.58,20001.51;179.1852
20070.78,0.58,20001.51;179.1852
20070.78,0.58,20001.51;179.1852
20070.78,0.58,20001.51;179.1852
20070.78,0.58,20001.51;179.1852
20070.78,0.58,20001.51;179.1852
20070.78,0.58,20001.51;179.1852
20070.78,0.58,20001.51;179.1852
20070.78,0.58,20001.51;179.1852
20070.78,0.58,20001.51;179.1852
20070.78,0.58,20001.51;179.1852
20070.78,0.58,20001.51;179.1852
20070.78,0.58,20001.51;179.1852
20070.78,0.58,20001.51;179.1852
20070.78,0.58,20001.51;179.1852
20070.78,0.58,20001.51;179.1852
20070.78,0.58,20001.51;179.1852
20070.78,0.58,20001.51;179.1852
20070.78,0.58,20001.51;179.1852
20070.78,0.58,20001.51;179.1852
20070.78,0.58,20001.51;179.1852
20070.78,0.58,20001.51;179.1852
20070.78,0.58,20001.51;179.1852
20070.78,0.58,20001.51;179.1852
20070.78,0.58,20001.51;179.1852
20070.78,0.58,20001.51;179.1852
20070.78,0.58,20001.51;179.1852
20070.78,0.58,20001.51;179.1852
20070.78,0.58,20001.51;179.1852
20070.78,0.58,20001.51;179.1852
20070.78,0.58,20001.51;179.1852
20070.78,0.58,20001.51;179.1852
20070.78,0.58,20001.51;179.1852
20070.78,0.58,20001.51;179.1852
20070.78,0.58,20001.51;179.1852
20070.78,0.58,20001.51;179.1852
20070.78,0.58,20001.51;179.1852
20070.78,0.58,20001.51;179.1852
20070.78,0.58,20001.51;179.1852
20070.78,0.58,20001.51;179.1852
20070.78,0.58,20001.51;179.1852
20070.78,0.58,20001.51;179.1852
20070.78,0.58,20001.51;179.1852
20070.78,0.58,20001.51;179.1852
20070.78,0.58,20001.51;179.1852
20070.78,0.58,20001.51;179.1852
20070.78,0.58,20001.51;179.1852
20070.78,0.58,20001.51;179.1852
20070.78,0.58,20001.51;179.1852
20070.78,0.58,20001.51;179.1852
20070.78,0.58,20001.51;179.1852
20070.78,0.58,20001.51;179.1852
20070.78,0.58,20001.51;179.1852
20070.78,0.58,20001.51;179.1852
20070.78,0.58,20001.51;179.1852
20070.78,0.58,20001.51;179.1852
20070.78,0.58,20001.51;179.1852
20070.78,0.58,20001.51;179.1852
20070.78,0.58,20001.51;179.1852
20070.78,0.58,20001.51;179.1852
20070.78,0.58,20001.51;179.1852
20070.78,0.58,20001.51;179.1852
20070.78,0.58,20001.51;179.1852
20070.78,0.58,20001.51;179.1852
20070.78,0.58,20001.51;179.1852
20070.78,0.58,20001.51;179.1852
20070.78,0.58,20001.51;179.1852
20070.78,0.58,20001.51;179.1852
20070.78,0.58,20001.51;179.1852
20070.78,0.58,20001.51;179.1852
20070.78,0.58,20001.51;179.1852
20070.78,0.58,20001.51;179.1852
20070.78,0.58,20001.51;179.1852
20070.78,0.58,20001.51;179.1852
20070.78,0.58,20001.51;179.1852
20070.78,0.58,20001.51;179.1852
20070.78,0.58,20001.51;179.1852
20070.78,0.58,20001.51;179.1852
20070.78,0.58,20001.51;179.1852
20070.78,0.58,20001.51;179.1852
20070.78,0.58,20001.51;179.1852
20070.78,0.58,20001.51;179.1852
20070.78,0.58,20001.51;179.1852
20070.78,0.58,20001.51;179.1852
20070.78,0.58,20001.51;179.1852
20070.78,0.58,20001.51;179.1852
20070.78,0.58,20001.51;179.1852
20070.78,0.58,20001.51;179.1852
20070.78,0.58,20001.51;179.1852
20070.78,0.58,20001.51;179.1852
20070.78,0.58,20001.51;179.1852
20070.78,0.58,20001.51;179.1852
20070.78,0.58,20001.51;179.1852
20070.78,0.58,20001.51;179.1852
20070.78,0.58,20001.51;179.1852
20070.78,0.58,20001.51;179.1852
20070.78,0.58,20001.51;179.1852
20070.78,0.58,20001.51;179.1852
20070.78,0.58,20001.51;179.1852
20070.78,0.58,20001.51;179.1852
20070.78,0.58,20001.51;179.1852
20070.78,0.58,20001.51;179.1852
20070.78,0.58,20001.51;179.1852
20070.78,0.58,20001.51;179.1852
20070.78,0.58,20001.51;179.1852
20070.78,0.58,20001.51;179.1852
20070.78,0.58,20001.51;179.1852
20070.78,0.58,20001.51;179.1852
20070.78,0.58,20001.51;179.1852
20070.78,0.58,20001.51;179.1852
20070.78,0.58,20001.51;179.1852
20070.78,0.58,20001.51;179.1852
20070.78,0.58,20001.51;179.1852
20070.78,0.58,20001.51;179.1852
20070.78,0.58,20001.51;179.1852
20070.78,0.58,20001.51;179.1852
20070.78,0.58,20001.51;179.1852
20070.78,0.58,20001.51;179.1852
20070.78,0.58,20001.51;179.1852
20070.78,0.58,20001.51;179.1852
20070.78,0.58,20001.51;179.1852
20070.78,0.58,20001.51;179.1852
20070.78,0.58,20001.51;179.1852
20070.78,0.58,20001.51;179.1852
20070.78,0.58,20001.51;179.1852
20070.78,0.58,20001.51;179.1852
20070.78,0.58,20001.51;179.1852
20070.78,0.58,20001.51;179.1852
20070.78,0.58,20001.51;179.1852
20070.78,0.58,20001.51;179.1852
20070.78,0.58,20001.51;179.1852
20070.78,0.58,20001.51;179.1852
20070.78,0.58,20001.51;179.1852
20070.78,0.58,20001.51;179.1852
20070.78,0.58,20001.51;179.1852
20070.78,0.58,20001.51;179.1852
20070.78,0.58,20001.51;179.1852
20070.78,0.58,20001.51;179.1852
20070.78,0.58,20001.51;179.1852
20070.78,0.58,20001.51;179.1852
20070.78,0.58,20001.51;179.1852
20070.78,0.58,20001.51;179.1852
20070.78,0.58,20001.51;179.1852
20070.78,0.58,20001.51;179.1852
20070.78,0.58,20001.51;179.1852
20070.78,0.58,20001.51;179.1852
20070.78,0.58,20001.51;179.1852
20070.78,0.58,20001.51;179.1852
20070.78,0.58,20001.51;179.1852
20070.78,0.58,20001.51;179.1852
20070.78,0.58,20001.51;179.1852
20070.78,0.58,20001.51;179.1852
20070.78,0.58,20001.51;179.1852
20070.78,0.58,20001.51;179.1852
20070.78,0.58,20001.51;179.1852
20070.78,0.58,20001.51;179.1852
20070.78,0.58,20001.51;179.1852
20070.78,0.58,20001.51;179.1852
20070.78,0.58,20001.51;179.1852
20070.78,0.58,20001.51;179.1852
20070.78,0.58,20001.51;179.1852
20070.78,0.58,20001.51;179.1852
20070.78,0.58,20001.51;179.1852
20070.78,0.58,20001.51;179.1852
20070.78,0.58,20001.51;179.1852
20070.78,0.58,20001.51;179.1852
20070.78,0.58,20001.51;179.1852
20070.78,0.58,20001.51;179.1852
20070.78,0.58,20001.51;179.1852
20070.78,0.58,20001.51;179.1852
20070.78,0.58,20001.51;179.1852
20070.78,0.58,20001.51;179.1852
20070.78,0.58,20001.51;179.1852
20070.78,0.58,20001.51;179.1852
20070.78,0.58,20001.51;179.1852
20070.78,0.58,20001.51;179.1852
20070.78,0.58,20001.51;179.1852
20070.78,0.58,20001.51;179.1852
20070.78,0.58,20001.51;179.1852
20070.78,0.58,20001.51;179.1852
20070.78,0.58,20001.51;179.1852
20070.78,0.58,20001.51;179.1852
20070.78,0.58,20001.51;179.1852
20070.78,0.58,20001.51;179.1852
20070.78,0.58,20001.51;179.1852
20070.78,0.58,20001.51;179.1852
20070.78,0.58,20001.51;179.1852
20070.78,0.58,20001.51;179.1852
20070.78,0.58,20001.51;179.1852
20070.78,0.58,20001.51;179.1852
20070.78,0.58,20001.51;179.1852
20070.78,0.58,20001.51;179.1852
20070.78,0.58,20001.51;179.1852
20070.78,0.58,20001.51;179.1852
20070.78,0.58,20001.51;179.1852
20070.78,0.58,20001.51;179.1852
20070.78,0.58,20001.51;179.1852
20070.78,0.58,20001.51;179.1852
20070.78,0.58,20001.51;179.1852
20070.78,0.58,20001.51;179.1852
20070.78,0.58,20001.51;179.1852
20070.78,0.58,20001.51;179.1852
20070.78,0.58,20001.51;179.1852
20070.78,0.58,20001.51;179.1852
20070.78,0.58,20001.51;179.1852
20070.78,0.58,20001.51;179.1852
20070.78,0.58,20001.51;179.1852
20070.78,0.58,20001.51;179.1852
20070.78,0.58,20001.51;179.1852
20070.78,0.58,20001.51;179.1852
20070.78,0.58,20001.51;179.1852
20070.78,0.58,20001.51;179.1852
20070.78,0.58,20001.51;179.1852
20070.78,0.58,20001.51;179.1852
20070.78,0.58,20001.51;179.1852
20070.78,0.58,20001.51;179.1852
20070.78,0.58,20001.51;179.1852
20070.78,0.58,20001.51;179.1852
20070.78,0.58,20001.51;179.1852
20070.78,0.58,20001.51;179.1852
20070.78,0.58,20001.51;179.1852
20070.78,0.58,20001.51;179.1852
20070.78,0.58,20001.51;179.1852
20070.78,0.58,20001.51;179.1852
20070.78,0.58,20001.51;179.1852
20070.78,0.58,20001.51;179.1852
20070.78,0.58,20001.51;179.1852
20070.78,0.58,20001.51;179.1852
20070.78,0.58,20001.51;179.1852
20070.78,0.58,20001.51;179.1852
20070.78,0.58,20001.51;179.1852
20070.78,0.58,20001.51;179.1852
20070.78,0.58,20001.51;179.1852
20070.78,0.58,20001.51;179.1852
20070.78,0.58,20001.51;179.1852
20070.78,0.58,