20000,0.5,20000;0
20000,0.58,20000.13;0
20000,0.58,20000.13;0
20000,0.58,20000.25;0
20000,0.58,20000.38;0
20000,0.58,20000.51;0
20000,0.58,20000.51;0
20000,0.58,20000.63;0
20000,0.58,20000.63;0
20000,0.58,20000.76;0
20000,0.58,20000.89;0
20000,0.58,20001.02;0
20000,0.58,20001.14;0
20000,0.58,20001.27;0
20000,0.58,20001.27;0
20000,0.58,20001.4;0
20000,0.58,20001.52;0
20000,0.58,20001.65;0
20000,0.58,20001.78;0
20000,0.58,20001.9;0
20000,0.58,20001.9;0
20000,0.58,20002.03;0
20000,0.58,20002.16;0
20000,0.58,20002.29;0
20000,0.58,20002.29;0
20000,0.58,20002.29;0
20000,0.58,20002.29;0
20000,0.58,20002.29;0
20000,0.58,20002.41;0
20000,0.58,20002.54;0
20000,0.58,20002.54;0
20000,0.58,20002.54;0
20000,0.58,20002.54;0
20000,0.58,20002.67;0
20000,0.58,20002.79;0
20000,0.58,20002.79;0
20000,0.58,20002.79;0
20000,0.58,20002.79;0
20000,0.58,20002.79;0
20000,0.58,20002.79;0
20000,0.58,20002.79;0
20000,0.58,20002.79;0
20000,0.58,20002.79;0
20000,0.58,20002.79;0
20000,0.58,20002.79;0
20000,0.58,20002.79;0
20000,0.58,20002.79;0
20000,0.58,20002.92;0
20000,0.58,20002.92;0
20000,0.58,20003.05;0
20000,0.58,20003.18;0
20000,0.58,20003.3;0
20000,0.58,20003.43;0
20000,0.58,20003.56;0
20000,0.58,20003.56;0
20000,0.58,20003.68;0
20000,0.58,20003.81;0
20000,0.58,20003.94;0
20000,0.58,20004.06;0
20000,0.58,20004.19;0
20000,0.58,20004.19;0
20000,0.58,20004.32;0
20000,0.58,20004.45;0
20000,0.58,20004.57;0
20000,0.58,20004.7;0
20000,0.58,20004.83;0
20000,0.58,20004.83;0
20000,0.58,20004.83;0
20000,0.58,20004.83;0
20000,0.58,20004.83;0
20000,0.58,20004.95;0
20000,0.58,20004.95;0
20000,0.58,20005.08;0
20000,0.58,20005.21;0
20000,0.58,20005.33;0
20000,0.58,20005.46;0
20000,0.58,20005.46;0
20000,0.58,20005.46;0
20000,0.58,20005.59;0
20000,0.58,20005.71;0
20000,0.58,20005.84;0
20000,0.58,20005.97;0
20000,0.58,20006.1;0
20000,0.58,20006.1;0
20000,0.58,20006.22;0
20000,0.58,20006.35;0
20000,0.58,20006.48;0
20000,0.58,20006.6;0
20000,0.58,20006.73;0
20000,0.58,20006.73;0
20000,0.58,20006.86;0
20000,0.58,20006.98;0
20000,0.58,20007.11;0
20000,0.58,20007.11;0
20000,0.58,20007.11;0
20000,0.58,20007.11;0
20000,0.58,20007.11;0
20000,0.58,20007.11;0
20000,0.58,20007.11;0
20000,0.58,20007.24;0
20000,0.58,20007.37;0
20000,0.58,20007.37;0
20000,0.58,20007.37;0
20000,0.58,20007.37;0
20000,0.58,20007.37;0
20000,0.58,20007.37;0
20000,0.58,20007.49;0
20000,0.58,20007.62;0
20000,0.58,20007.62;0
20000,0.58,20007.75;0
20000,0.58,20007.87;0
20000,0.58,20008;0
20000,0.58,20008;0
20000,0.58,20008.13;0
20000,0.58,20008.13;0
20000,0.58,20008.26;0
20000,0.58,20008.26;0
20000,0.58,20008.38;0
20000,0.58,20008.51;0
20000,0.58,20008.64;0
20000,0.58,20008.64;0
20000,0.58,20008.76;0
20000,0.58,20008.89;0
20000,0.58,20009.02;0
20000,0.58,20009.14;0
20000,0.58,20009.27;0
20000,0.58,20009.27;0
20000,0.58,20009.4;0
20000,0.58,20009.53;0
20000,0.58,20009.65;0
20000,0.58,20009.78;0
20000,0.58,20009.91;0
20000,0.58,20009.91;0
20000,0.58,20010.03;0
20000,0.58,20010.16;0
20000,0.58,20010.16;0
20000,0.58,20010.16;0
20000,0.58,20010.16;0
20000,0.58,20010.16;0
20000,0.58,20010.16;0
20000,0.58,20010.16;0
20000,0.58,20010.16;0
20000,0.58,20010.16;0
20000,0.58,20010.16;0
20000,0.58,20010.16;0
20000,0.58,20010.16;0
20000,0.58,20010.16;0
20000,0.58,20010.16;0
20000,0.58,20010.16;0
20000,0.58,20010.16;0
20000,0.58,20010.16;0
20000,0.58,20010.16;0
20000,0.58,20010.16;0
20000,0.58,20010.16;0
20000,0.58,20010.16;0
20000,0.58,20010.16;0
20000,0.58,20010.16;0
20000,0.58,20010.16;0
20000,0.58,20010.16;0
20000,0.58,20010.16;0
20000,0.58,20010.16;0
20000,0.58,20010.16;0
20000,0.58,20010.16;0
20000,0.58,20010.16;0
20000,0.58,20010.16;0
20000,0.58,20010.16;0
20000,0.58,20010.16;0
20000,0.58,20010.16;0
20000,0.58,20010.16;0
20000,0.58,20010.16;0
20000,0.58,20010.16;0
20000,0.58,20010.16;0
20000,0.58,20010.29;0
20000,0.58,20010.41;0
20000,0.58,20010.41;0
20000,0.58,20010.54;0
20000,0.58,20010.63;0
20000,0.58,20010.69;0
20000,0.58,20010.69;0
20000,0.58,20010.69;0
20000,0.58,20010.69;0
20000,0.58,20010.69;0
20000,0.58,20010.69;0
20000,0.58,20010.69;0
20000,0.58,20010.69;0
20000,0.58,20010.69;0
20000,0.58,20010.69;0
20000,0.58,20010.69;0
20000,0.58,20010.69;0
20000,0.58,20010.69;0
20000,0.58,20010.69;0
20000,0.58,20010.69;0
20000,0.58,20010.69;0
20000,0.58,20010.69;0
20000,0.58,20010.69;0
20000,0.58,20010.69;0
20000,0.58,20010.69;0
20000,0.58,20010.69;0
20000,0.58,20010.69;0
20000,0.58,20010.69;0
20000,0.58,20010.69;0
20000,0.58,20010.69;0
20000,0.58,20010.69;0
20000,0.58,20010.69;0
20000,0.58,20010.69;0
20000,0.58,20010.69;0
20000,0.58,20010.69;0
20000,0.58,20010.69;0
20000,0.58,20010.69;0
20000,0.58,20010.69;0
20000,0.58,20010.69;0
20000,0.58,20010.69;0
20000,0.58,20010.69;0
20000,0.58,20010.69;0
20000,0.58,20010.69;0
20000,0.58,20010.69;0
20000,0.58,20010.69;0
20000,0.58,20010.69;0
20000,0.58,20010.69;0
20000,0.58,20010.73;0
20000,0.58,20010.75;0
20000,0.58,20010.75;0
20000,0.58,20010.75;0
20000,0.58,20010.75;0
20000,0.58,20010.75;0
20000,0.58,20010.75;0
20000,0.58,20010.75;0
20000,0.58,20010.75;0
20000,0.58,20010.75;0
20000,0.58,20010.75;0
20000,0.58,20010.75;0
20000,0.58,20010.75;0
20000,0.58,20010.76;0
20000,0.58,20010.76;0
20000,0.58,20010.77;0
20000,0.58,20010.79;0
20000,0.58,20010.81;0
20000,0.58,20010.82;0
20000,0.58,20010.84;0
20000,0.58,20010.84;0
20000,0.58,20010.85;0
20000,0.58,20010.86;0
20000,0.58,20010.87;0
20000,0.58,20010.88;0
20000,0.58,20010.88;0
20000,0.58,20010.9;0
20000,0.58,20010.91;0
20000,0.58,20010.93;0
20000,0.58,20010.96;0
20000,0.58,20010.96;0
20000,0.58,20010.96;0
20000,0.58,20010.96;0
20000,0.58,20010.96;0
20000,0.58,20010.96;0
20000,0.58,20010.96;0
20000,0.58,20010.96;0
20000,0.58,20010.96;0
20000,0.58,20010.96;0
20000,0.58,20010.96;0
20000,0.58,20010.96;0
20000,0.58,20010.96;0
20000,0.58,20010.96;0
20000,0.58,20010.96;0
20000,0.58,20010.96;0
20000,0.58,20010.96;0
20000,0.58,20010.96;0
20000,0.58,20010.96;0
20000,0.58,20010.96;0
20000,0.58,20010.96;0
20000,0.58,20010.96;0
20000,0.58,20010.96;0
20000,0.58,20010.96;0
20000,0.58,20010.96;0
20000,0.58,20010.98;0
20000,0.58,20010.98;0
20000,0.58,20010.98;0
20000,0.58,20010.98;0
20000,0.58,20010.98;0
20000,0.58,20010.98;0
20000,0.58,20010.98;0
20000,0.58,20010.98;0
20000,0.58,20010.98;0
20000,0.58,20010.98;0
20000,0.58,20010.98;0
20000,0.58,20010.98;0
20000,0.58,20010.98;0
20000,0.58,20010.98;0
20000,0.58,20011.01;0
20000,0.58,20011.01;0
20000,0.58,20011.01;0
20000,0.58,20011.01;0
20000,0.58,20011.01;0
20000,0.58,20011.01;0
20000,0.58,20011.04;0
20000,0.58,20011.08;0
20000,0.58,20011.12;0
20000,0.58,20011.12;0
20000,0.58,20011.12;0
20000,0.58,20011.12;0
20000,0.58,20011.12;0
20000,0.58,20011.17;0
20000,0.58,20011.23;0
20000,0.58,20011.23;0
20000,0.58,20011.29;0
20000,0.58,20011.36;0
20000,0.58,20011.43;0
20000,0.58,20011.5;0
20000,0.58,20011.5;0
20000,0.58,20011.5;0
20000,0.58,20011.5;0
20000,0.58,20011.5;0
20000,0.58,20011.5;0
20000,0.58,20011.5;0
20000,0.58,20011.5;0
20000,0.58,20011.5;0
20000,0.58,20011.5;0
20000,0.58,20011.57;0
20000,0.58,20011.66;0
20000,0.58,20011.76;0
20000,0.58,20011.87;0
20000,0.58,20011.87;0
20000,0.58,20011.87;0
20000,0.58,20011.87;0
20000,0.58,20011.87;0
20000,0.58,20011.87;0
20000,0.58,20011.87;0
20000,0.58,20011.99;0
20000,0.58,20011.99;0
20000,0.58,20012.11;0
20000,0.58,20012.23;0
20000,0.58,20012.36;0
20000,0.58,20012.48;0
20000,0.58,20012.48;0
20000,0.58,20012.48;0
20000,0.58,20012.61;0
20000,0.58,20012.74;0
20000,0.58,20012.87;0
20000,0.58,20012.99;0
20000,0.58,20013.12;0
20000,0.58,20013.12;0
20000,0.58,20013.25;0
20000,0.58,20013.37;0
20000,0.58,20013.5;0
20000,0.58,20013.63;0
20000,0.58,20013.76;0
20000,0.58,20013.76;0
20000,0.58,20013.88;0
20000,0.58,20014.01;0
20000,0.58,20014.14;0
20000,0.58,20014.26;0
20000,0.58,20014.39;0
20000,0.58,20014.39;0
20000,0.58,20014.52;0
20000,0.58,20014.64;0
20000,0.58,20014.77;0
20000,0.58,20014.77;0
20000,0.58,20014.77;0
20000,0.58,20014.9;0
20000,0.58,20015.03;0
20000,0.58,20015.15;0
20000,0.58,20015.28;0
20000,0.58,20015.41;0
20000,0.58,20015.41;0
20000,0.58,20015.53;0
20000,0.58,20015.66;0
20000,0.58,20015.79;0
20000,0.58,20015.91;0
20000,0.58,20016.04;0
20000,0.58,20016.04;0
20000,0.58,20016.17;0
20000,0.58,20016.29;0
20000,0.58,20016.42;0
20000,0.58,20016.55;0
20000,0.58,20016.68;0
20000,0.58,20016.68;0
20000,0.58,20016.8;0
20000,0.58,20016.93;0
20000,0.58,20017.06;0
20000,0.58,20017.18;0
20000,0.58,20017.18;0
20000,0.58,20017.31;0
20000,0.58,20017.44;0
20000,0.58,20017.56;0
20000,0.58,20017.69;0
20000,0.58,20017.82;0
20000,0.58,20017.82;0
20000,0.58,20017.95;0
20000,0.58,20018.07;0
20000,0.58,20018.2;0
20000,0.58,20018.33;0
20000,0.58,20018.45;0
20000,0.58,20018.45;0
20000,0.58,20018.58;0
20000,0.58,20018.71;0
20000,0.58,20018.84;0
20000,0.58,20018.96;0
20000,0.58,20019.09;0
20000,0.58,20019.09;0
20000,0.58,20019.22;0
20000,0.58,20019.34;0
20000,0.58,20019.47;0
20000,0.58,20019.47;0
20000,0.58,20019.47;0
20000,0.58,20019.47;0
20000,0.58,20019.47;0
20000,0.58,20019.47;0
20000,0.58,20019.6;0
20000,0.58,20019.6;0
20000,0.58,20019.6;0
20000,0.58,20019.6;0
20000,0.58,20019.71;0
20000,0.58,20019.71;0
20000,0.58,20019.71;0
20000,0.58,20019.81;0
20000,0.58,20019.81;0
20000,0.58,20019.81;0
20000,0.58,20019.89;0
20000,0.58,20019.96;0
20000,0.58,20020.03;0
20000,0.58,20020.1;0
20000,0.58,20020.1;0
20000,0.58,20020.18;0
20000,0.58,20020.27;0
20000,0.58,20020.36;0
20000,0.58,20020.45;0
20000,0.58,20020.45;0
20000,0.58,20020.54;0
20000,0.58,20020.63;0
20000,0.58,20020.73;0
20000,0.58,20020.82;0
20000,0.58,20020.91;0
20000,0.58,20020.91;0
20000,0.58,20021.01;0
20000,0.58,20021.1;0
20000,0.58,20021.19;0
20000,0.58,20021.29;0
20000,0.58,20021.38;0
20000,0.58,20021.38;0
20000,0.58,20021.47;0
20000,0.58,20021.57;0
20000,0.58,20021.67;0
20000,0.58,20021.77;0
20000,0.58,20021.87;0
20000,0.58,20021.87;0
20000,0.58,20021.96;0
20000,0.58,20022.07;0
20000,0.58,20022.17;0
20000,0.58,20022.27;0
20000,0.58,20022.37;0
20000,0.58,20022.37;0
20000,0.58,20022.47;0
20000,0.58,20022.58;0
20000,0.58,20022.68;0
20000,0.58,20022.79;0
20000,0.58,20022.89;0
20000,0.58,20023;0
20000,0.58,20023;0
20000,0.58,20023.11;0
20000,0.58,20023.22;0
20000,0.58,20023.22;0
20000,0.58,20023.34;0
20000,0.58,20023.45;0
20000,0.58,20023.45;0
20000,0.58,20023.57;0
20000,0.58,20023.68;0
20000,0.58,20023.8;0
20000,0.58,20023.91;0
20000,0.58,20024.03;0
20000,0.58,20024.03;0
20000,0.58,20024.14;0
20000,0.58,20024.26;0
20000,0.58,20024.38;0
20000,0.58,20024.38;0
20000,0.58,20024.38;0
20000,0.58,20024.38;0
20000,0.58,20024.38;0
20000,0.58,20024.38;0
20000,0.58,20024.38;0
20000,0.58,20024.38;0
20000,0.58,20024.49;0
20000,0.58,20024.61;0
20000,0.58,20024.61;0
20000,0.58,20024.72;0
20000,0.58,20024.84;0
20000,0.58,20024.96;0
20000,0.58,20025.07;0
20000,0.58,20025.07;0
20000,0.58,20025.19;0
20000,0.58,20025.3;0
20000,0.58,20025.42;0
20000,0.58,20025.54;0
20000,0.58,20025.65;0
20000,0.58,20025.65;0
20000,0.58,20025.65;0
20000,0.58,20025.77;0
20000,0.58,20025.89;0
20000,0.58,20026;0
20000,0.58,20026.12;0
20000,0.58,20026.12;0
20000,0.58,20026.12;0
20000,0.58,20026.12;0
20000,0.58,20026.12;0
20000,0.58,20026.24;0
20000,0.58,20026.36;0
20000,0.58,20026.36;0
20000,0.58,20026.36;0
20000,0.58,20026.36;0
20000,0.58,20026.36;0
20000,0.58,20026.36;0
20000,0.58,20026.36;0
20000,0.58,20026.36;0
20000,0.58,20026.36;0
20000,0.58,20026.36;0
20000,0.58,20026.36;0
20000,0.58,20026.36;0
20000,0.58,20026.36;0
20000,0.58,20026.36;0
20000,0.58,20026.36;0
20000,0.58,20026.36;0
20000,0.58,20026.36;0
20000,0.58,20026.36;0
20000,0.58,20026.36;0
20000,0.58,20026.36;0
20000,0.58,20026.36;0
20000,0.58,20026.36;0
20000,0.58,20026.36;0
20000,0.58,20026.36;0
20000,0.58,20026.36;0
20000,0.58,20026.36;0
20000,0.58,20026.36;0
20000,0.58,20026.36;0
20000,0.58,20026.36;0
20000,0.58,20026.36;0
20000,0.58,20026.36;0
20000,0.58,20026.36;0
20000,0.58,20026.36;0
20000,0.58,20026.36;0
20000,0.58,20026.36;0
20000,0.58,20026.36;0
20000,0.58,20026.36;0
20000,0.58,20026.47;0
20000,0.58,20026.58;0
20000,0.58,20026.58;0
20000,0.58,20026.58;0
20000,0.58,20026.58;0
20000,0.58,20026.58;0
20000,0.58,20026.58;0
20000,0.58,20026.58;0
20000,0.58,20026.58;0
20000,0.58,20026.58;0
20000,0.58,20026.58;0
20000,0.58,20026.58;0
20000,0.58,20026.67;0
20000,0.58,20026.67;0
20000,0.58,20026.67;0
20000,0.58,20026.67;0
20000,0.58,20026.67;0
20000,0.58,20026.67;0
20000,0.58,20026.67;0
20000,0.58,20026.67;0
20000,0.58,20026.67;0
20000,0.58,20026.74;0
20000,0.58,20026.74;0
20000,0.58,20026.74;0
20000,0.58,20026.74;0
20000,0.58,20026.74;0
20000,0.58,20026.79;0
20000,0.58,20026.79;0
20000,0.58,20026.79;0
20000,0.58,20026.79;0
20000,0.58,20026.83;0
20000,0.58,20026.86;0
20000,0.58,20026.91;0
20000,0.58,20026.96;0
20000,0.58,20026.96;0
20000,0.58,20027.03;0
20000,0.58,20027.11;0
20000,0.58,20027.11;0
20000,0.58,20027.11;0
20000,0.58,20027.11;0
20000,0.58,20027.11;0
20000,0.58,20027.11;0
20000,0.58,20027.18;0
20000,0.58,20027.26;0
20000,0.58,20027.26;0
20000,0.58,20027.26;0
20000,0.58,20027.26;0
20000,0.58,20027.26;0
20000,0.58,20027.26;0
20000,0.58,20027.26;0
20000,0.58,20027.34;0
20000,0.58,20027.42;0
20000,0.58,20027.42;0
20000,0.58,20027.42;0
20000,0.58,20027.42;0
20000,0.58,20027.42;0
20000,0.58,20027.42;0
20000,0.58,20027.42;0
20000,0.58,20027.42;0
20000,0.58,20027.42;0
20000,0.58,20027.42;0
20000,0.58,20027.5;0
20000,0.58,20027.58;0
20000,0.58,20027.67;0
20000,0.58,20027.67;0
20000,0.58,20027.75;0
20000,0.58,20027.84;0
20000,0.58,20027.92;0
20000,0.58,20028.01;0
20000,0.58,20028.01;0
20000,0.58,20028.1;0
20000,0.58,20028.18;0
20000,0.58,20028.27;0
20000,0.58,20028.36;0
20000,0.58,20028.45;0
20000,0.58,20028.45;0
20000,0.58,20028.53;0
20000,0.58,20028.62;0
20000,0.58,20028.71;0
20000,0.58,20028.79;0
20000,0.58,20028.79;0
20000,0.58,20028.88;0
20000,0.58,20028.96;0
20000,0.58,20029.05;0
20000,0.58,20029.14;0
20000,0.58,20029.22;0
20000,0.58,20029.22;0
20000,0.58,20029.31;0
20000,0.58,20029.39;0
20000,0.58,20029.47;0
20000,0.58,20029.56;0
20000,0.58,20029.64;0
20000,0.58,20029.64;0
20000,0.58,20029.72;0
20000,0.58,20029.81;0
20000,0.58,20029.89;0
20000,0.58,20029.98;0
20000,0.58,20029.98;0
20000,0.58,20030.06;0
20000,0.58,20030.14;0
20000,0.58,20030.23;0
20000,0.58,20030.32;0
20000,0.58,20030.4;0
20000,0.58,20030.49;0
20000,0.58,20030.49;0
20000,0.58,20030.57;0
20000,0.58,20030.66;0
20000,0.58,20030.75;0
20000,0.58,20030.83;0
20000,0.58,20030.83;0
20000,0.58,20030.92;0
20000,0.58,20031;0
20000,0.58,20031.08;0
20000,0.58,20031.17;0
20000,0.58,20031.26;0
20000,0.58,20031.26;0
20000,0.58,20031.34;0
20000,0.58,20031.43;0
20000,0.58,20031.52;0
20000,0.58,20031.61;0
20000,0.58,20031.7;0
20000,0.58,20031.7;0
20000,0.58,20031.78;0
20000,0.58,20031.87;0
20000,0.58,20031.96;0
20000,0.58,20032.05;0
20000,0.58,20032.13;0
20000,0.58,20032.13;0
20000,0.58,20032.22;0
20000,0.58,20032.31;0
20000,0.58,20032.4;0
20000,0.58,20032.48;0
20000,0.58,20032.57;0
20000,0.58,20032.66;0
20000,0.58,20032.66;0
20000,0.58,20032.75;0
20000,0.58,20032.83;0
20000,0.58,20032.92;0
20000,0.58,20033;0
20000,0.58,20033;0
20000,0.58,20033.09;0
20000,0.58,20033.18;0
20000,0.58,20033.26;0
20000,0.58,20033.35;0
20000,0.58,20033.43;0
20000,0.58,20033.43;0
20000,0.58,20033.52;0
20000,0.58,20033.6;0
20000,0.58,20033.69;0
20000,0.58,20033.77;0
20000,0.58,20033.85;0
20000,0.58,20033.85;0
20000,0.58,20033.94;0
20000,0.58,20034.02;0
20000,0.58,20034.1;0
20000,0.58,20034.18;0
20000,0.58,20034.26;0
20000,0.58,20034.26;0
20000,0.58,20034.35;0
20000,0.58,20034.42;0
20000,0.58,20034.5;0
20000,0.58,20034.58;0
20000,0.58,20034.66;0
20000,0.58,20034.66;0
20000,0.58,20034.73;0
20000,0.58,20034.8;0
20000,0.58,20034.88;0
20000,0.58,20034.94;0
20000,0.58,20034.99;0
20000,0.58,20034.99;0
20000,0.58,20035.05;0
20000,0.58,20035.12;0
20000,0.58,20035.18;0
20000,0.58,20035.25;0
20000,0.58,20035.32;0
20000,0.58,20035.32;0
20000,0.58,20035.4;0
20000,0.58,20035.47;0
20000,0.58,20035.55;0
20000,0.58,20035.62;0
20000,0.58,20035.7;0
20000,0.58,20035.7;0
20000,0.58,20035.77;0
20000,0.58,20035.85;0
20000,0.58,20035.92;0
20000,0.58,20035.99;0
20000,0.58,20035.99;0
20000,0.58,20036.06;0
20000,0.58,20036.13;0
20000,0.58,20036.21;0
20000,0.58,20036.27;0
20000,0.58,20036.34;0
20000,0.58,20036.41;0
20000,0.58,20036.41;0
20000,0.58,20036.48;0
20000,0.58,20036.55;0
20000,0.58,20036.62;0
20000,0.58,20036.69;0
20000,0.58,20036.69;0
20000,0.58,20036.76;0
20000,0.58,20036.82;0
20000,0.58,20036.89;0
20000,0.58,20036.96;0
20000,0.58,20037.03;0
20000,0.58,20037.03;0
20000,0.58,20037.1;0
20000,0.58,20037.16;0
20000,0.58,20037.23;0
20000,0.58,20037.3;0
20000,0.58,20037.37;0
20000,0.58,20037.37;0
20000,0.58,20037.43;0
20000,0.58,20037.49;0
20000,0.58,20037.55;0
20000,0.58,20037.61;0
20000,0.58,20037.67;0
20000,0.58,20037.67;0
20000,0.58,20037.73;0
20000,0.58,20037.78;0
20000,0.58,20037.84;0
20000,0.58,20037.9;0
20000,0.58,20037.96;0
20000,0.58,20037.96;0
20000,0.58,20038.01;0
20000,0.58,20038.07;0
20000,0.58,20038.12;0
20000,0.58,20038.17;0
20000,0.58,20038.17;0
20000,0.58,20038.22;0
20000,0.58,20038.27;0
20000,0.58,20038.32;0
20000,0.58,20038.37;0
20000,0.58,20038.42;0
20000,0.58,20038.47;0
20000,0.58,20038.47;0
20000,0.58,20038.52;0
20000,0.58,20038.57;0
20000,0.58,20038.61;0
20000,0.58,20038.66;0
20000,0.58,20038.7;0
20000,0.58,20038.7;0
20000,0.58,20038.75;0
20000,0.58,20038.75;0
20000,0.58,20038.79;0
20000,0.58,20038.83;0
20000,0.58,20038.87;0
20000,0.58,20038.87;0
20000,0.58,20038.91;0
20000,0.58,20038.95;0
20000,0.58,20038.99;0
20000,0.58,20039.03;0
20000,0.58,20039.03;0
20000,0.58,20039.06;0
20000,0.58,20039.1;0
20000,0.58,20039.13;0
20000,0.58,20039.17;0
20000,0.58,20039.21;0
20000,0.58,20039.21;0
20000,0.58,20039.24;0
20000,0.58,20039.27;0
20000,0.58,20039.31;0
20000,0.58,20039.34;0
20000,0.58,20039.37;0
20000,0.58,20039.37;0
20000,0.58,20039.4;0
20000,0.58,20039.44;0
20000,0.58,20039.46;0
20000,0.58,20039.5;0
20000,0.58,20039.53;0
20000,0.58,20039.53;0
20000,0.58,20039.56;0
20000,0.58,20039.56;0
20000,0.58,20039.59;0
20000,0.58,20039.61;0
20000,0.58,20039.64;0
20000,0.58,20039.64;0
20000,0.58,20039.67;0
20000,0.58,20039.7;0
20000,0.58,20039.72;0
20000,0.58,20039.75;0
20000,0.58,20039.78;0
20000,0.58,20039.78;0
20000,0.58,20039.8;0
20000,0.58,20039.82;0
20000,0.58,20039.85;0
20000,0.58,20039.85;0
20000,0.58,20039.85;0
20000,0.58,20039.87;0
20000,0.58,20039.9;0
20000,0.58,20039.92;0
20000,0.58,20039.92;0
20000,0.58,20039.92;0
20000,0.58,20039.92;0
20000,0.58,20039.92;0
20000,0.58,20039.92;0
20000,0.58,20039.95;0
20000,0.58,20039.97;0
20000,0.58,20039.97;0
20000,0.58,20039.99;0
20000,0.58,20040.01;0
20000,0.58,20040.01;0
20000,0.58,20040.01;0
20000,0.58,20040.01;0
20000,0.58,20040.01;0
20000,0.58,20040.03;0
20000,0.58,20040.04;0
20000,0.58,20040.06;0
20000,0.58,20040.06;0
20000,0.58,20040.06;0
20000,0.58,20040.06;0
20000,0.58,20040.06;0
20000,0.58,20040.06;0
20000,0.58,20040.06;0
20000,0.58,20040.07;0
20000,0.58,20040.09;0
20000,0.58,20040.09;0
20000,0.58,20040.1;0
20000,0.58,20040.11;0
20000,0.58,20040.11;0
20000,0.58,20040.12;0
20000,0.58,20040.12;0
20000,0.58,20040.12;0
20000,0.58,20040.12;0
20000,0.58,20040.12;0
20000,0.58,20040.12;0
20000,0.58,20040.12;0
20000,0.58,20040.12;0
20000,0.58,20040.13;0
20000,0.58,20040.13;0
20000,0.58,20040.14;0
20000,0.58,20040.14;0
20000,0.58,20040.14;0
20000,0.58,20040.14;0
20000,0.58,20040.15;0
20000,0.58,20040.15;0
20000,0.58,20040.15;0
20000,0.58,20040.15;0
20000,0.58,20040.15;0
20000,0.58,20040.15;0
20000,0.58,20040.15;0
20000,0.58,20040.15;0
20000,0.58,20040.15;0
20000,0.58,20040.15;0
20000,0.58,20040.15;0
20000,0.58,20040.15;0
20000,0.58,20040.15;0
20000,0.58,20040.15;0
20000,0.58,20040.15;0
20000,0.58,20040.15;0
20000,0.58,20040.15;0
20000,0.58,20040.15;0
20000,0.58,20040.15;0
20000,0.58,20040.14;0
20000,0.58,20040.14;0
20000,0.58,20040.14;0
20000,0.58,20040.14;0
20000,0.58,20040.14;0
20000,0.58,20040.14;0
20000,0.58,20040.14;0
20000,0.58,20040.14;0
20000,0.58,20040.14;0
20000,0.58,20040.14;0
20000,0.58,20040.14;0
20000,0.58,20040.14;0
20000,0.58,20040.14;0
20000,0.58,20040.13;0
20000,0.58,20040.12;0
20000,0.58,20040.12;0
20000,0.58,20040.12;0
20000,0.58,20040.12;0
20000,0.58,20040.11;0
20000,0.58,20040.1;0
20000,0.58,20040.08;0
20000,0.58,20040.08;0
20000,0.58,20040.08;0
20000,0.58,20040.08;0
20000,0.58,20040.06;0
20000,0.58,20040.04;0
20000,0.58,20040.03;0
20000,0.58,20040.03;0
20000,0.58,20040.03;0
20000,0.58,20040.03;0
20000,0.58,20040.01;0
20000,0.58,20040.01;0
20000,0.58,20040.01;0
20000,0.58,20039.99;0
20000,0.58,20039.99;0
20000,0.58,20039.99;0
20000,0.58,20039.99;0
20000,0.58,20039.96;0
20000,0.58,20039.96;0
20000,0.58,20039.96;0
20000,0.58,20039.96;0
20000,0.58,20039.96;0
20000,0.58,20039.96;0
20000,0.58,20039.96;0
20000,0.58,20039.96;0
20000,0.58,20039.96;0
20000,0.58,20039.96;0
20000,0.58,20039.96;0
20000,0.58,20039.96;0
20000,0.58,20039.96;0
20000,0.58,20039.96;0
20000,0.58,20039.96;0
20000,0.58,20039.96;0
20000,0.58,20039.96;0
20000,0.58,20039.96;0
20000,0.58,20039.96;0
20000,0.58,20039.96;0
20000,0.58,20039.96;0
20000,0.58,20039.96;0
20000,0.58,20039.96;0
20000,0.58,20039.96;0
20000,0.58,20039.96;0
20000,0.58,20039.96;0
20000,0.58,20039.96;0
20000,0.58,20039.96;0
20000,0.58,20039.96;0
20000,0.58,20039.96;0
20000,0.58,20039.96;0
20000,0.58,20039.96;0
20000,0.58,20039.96;0
20000,0.58,20039.96;0
20000,0.58,20039.96;0
20000,0.58,20039.96;0
20000,0.58,20039.96;0
20000,0.58,20039.96;0
20000,0.58,20039.96;0
20000,0.58,20039.96;0
20000,0.58,20039.96;0
20000,0.58,20039.96;0
20000,0.58,20039.96;0
20000,0.58,20039.96;0
20000,0.58,20039.96;0
20000,0.58,20039.96;0
20000,0.58,20039.96;0
20000,0.58,20039.96;0
20000,0.58,20039.96;0
20000,0.58,20039.96;0
20000,0.58,20039.96;0
20000,0.58,20039.96;0
20000,0.58,20039.96;0
20000,0.58,20039.93;0
20000,0.58,20039.89;0
20000,0.58,20039.89;0
20000,0.58,20039.84;0
20000,0.58,20039.84;0
20000,0.58,20039.84;0
20000,0.58,20039.84;0
20000,0.58,20039.84;0
20000,0.58,20039.84;0
20000,0.58,20039.84;0
20000,0.58,20039.84;0
20000,0.58,20039.84;0
20000,0.58,20039.84;0
20000,0.58,20039.84;0
20000,0.58,20039.84;0
20000,0.58,20039.84;0
20000,0.58,20039.84;0
20000,0.58,20039.84;0
20000,0.58,20039.84;0
20000,0.58,20039.84;0
20000,0.58,20039.84;0
20000,0.58,20039.84;0
20000,0.58,20039.84;0
20000,0.58,20039.84;0
20000,0.58,20039.84;0
20000,0.58,20039.84;0
20000,0.58,20039.84;0
20000,0.58,20039.84;0
20000,0.58,20039.84;0
20000,0.58,20039.84;0
20000,0.58,20039.84;0
20000,0.58,20039.84;0
20000,0.58,20039.84;0
20000,0.58,20039.84;0
20000,0.58,20039.84;0
20000,0.58,20039.84;0
20000,0.58,20039.84;0
20000,0.58,20039.84;0
20000,0.58,20039.84;0
20000,0.58,20039.84;0
20000,0.58,20039.84;0
20000,0.58,20039.84;0
20000,0.58,20039.84;0
20000,0.58,20039.84;0
20000,0.58,20039.84;0
20000,0.58,20039.84;0
20000,0.58,20039.84;0
20000,0.58,20039.78;0
20000,0.58,20039.7;0
20000,0.58,20039.7;0
20000,0.58,20039.7;0
20000,0.58,20039.7;0
20000,0.58,20039.7;0
20000,0.58,20039.7;0
20000,0.58,20039.7;0
20000,0.58,20039.7;0
20000,0.58,20039.63;0
20000,0.58,20039.54;0
20000,0.58,20039.46;0
20000,0.58,20039.46;0
20000,0.58,20039.46;0
20000,0.58,20039.46;0
20000,0.58,20039.46;0
20000,0.58,20039.46;0
20000,0.58,20039.46;0
20000,0.58,20039.46;0
20000,0.58,20039.46;0
20000,0.58,20039.46;0
20000,0.58,20039.46;0
20000,0.58,20039.46;0
20000,0.58,20039.46;0
20000,0.58,20039.46;0
20000,0.58,20039.46;0
20000,0.58,20039.46;0
20000,0.58,20039.38;0
20000,0.58,20039.31;0
20000,0.58,20039.24;0
20000,0.58,20039.24;0
20000,0.58,20039.24;0
20000,0.58,20039.24;0
20000,0.58,20039.24;0
20000,0.58,20039.24;0
20000,0.58,20039.24;0
20000,0.58,20039.24;0
20000,0.58,20039.24;0
20000,0.58,20039.24;0
20000,0.58,20039.24;0
20000,0.58,20039.24;0
20000,0.58,20039.24;0
20000,0.58,20039.24;0
20000,0.58,20039.24;0
20000,0.58,20039.24;0
20000,0.58,20039.24;0
20000,0.58,20039.24;0
20000,0.58,20039.24;0
20000,0.58,20039.24;0
20000,0.58,20039.24;0
20000,0.58,20039.24;0
20000,0.58,20039.19;0
20000,0.58,20039.15;0
20000,0.58,20039.15;0
20000,0.58,20039.15;0
20000,0.58,20039.15;0
20000,0.58,20039.15;0
20000,0.58,20039.15;0
20000,0.58,20039.15;0
20000,0.58,20039.15;0
20000,0.58,20039.15;0
20000,0.58,20039.12;0
20000,0.58,20039.1;0
20000,0.58,20039.09;0
20000,0.58,20039.09;0
20000,0.58,20039.09;0
20000,0.58,20039.09;0
20000,0.58,20039.09;0
20000,0.58,20039.07;0
20000,0.58,20039.07;0
20000,0.58,20039.07;0
20000,0.58,20039.07;0
20000,0.58,20039.07;0
20000,0.58,20039.06;0
20000,0.58,20039.06;0
20000,0.58,20039.06;0
20000,0.58,20039.06;0
20000,0.58,20039.07;0
20000,0.58,20039.07;0
20000,0.58,20039.07;0
20000,0.58,20039.08;0
20000,0.58,20039.08;0
20000,0.58,20039.08;0
20000,0.58,20039.08;0
20000,0.58,20039.09;0
20000,0.58,20039.1;0
20000,0.58,20039.1;0
20000,0.58,20039.1;0
20000,0.58,20039.1;0
20000,0.58,20039.1;0
20000,0.58,20039.1;0
20000,0.58,20039.11;0
20000,0.58,20039.12;0
20000,0.58,20039.13;0
20000,0.58,20039.14;0
20000,0.58,20039.14;0
20000,0.58,20039.15;0
20000,0.58,20039.17;0
20000,0.58,20039.18;0
20000,0.58,20039.19;0
20000,0.58,20039.19;0
20000,0.58,20039.2;0
20000,0.58,20039.21;0
20000,0.58,20039.23;0
20000,0.58,20039.24;0
20000,0.58,20039.24;0
20000,0.58,20039.24;0
20000,0.58,20039.25;0
20000,0.58,20039.27;0
20000,0.58,20039.27;0
20000,0.58,20039.27;0
20000,0.58,20039.28;0
20000,0.58,20039.28;0
20000,0.58,20039.3;0
20000,0.58,20039.32;0
20000,0.58,20039.34;0
20000,0.58,20039.35;0
20000,0.58,20039.35;0
20000,0.58,20039.38;0
20000,0.58,20039.38;0
20000,0.58,20039.38;0
20000,0.58,20039.38;0
20000,0.58,20039.39;0
20000,0.58,20039.39;0
20000,0.58,20039.39;0
20000,0.58,20039.39;0
20000,0.58,20039.39;0
20000,0.58,20039.39;0
20000,0.58,20039.39;0
20000,0.58,20039.39;0
20000,0.58,20039.39;0
20000,0.58,20039.39;0
20000,0.58,20039.41;0
20000,0.58,20039.41;0
20000,0.58,20039.41;0
20000,0.58,20039.41;0
20000,0.58,20039.41;0
20000,0.58,20039.41;0
20000,0.58,20039.41;0
20000,0.58,20039.41;0
20000,0.58,20039.41;0
20000,0.58,20039.41;0
20000,0.58,20039.41;0
20000,0.58,20039.41;0
20000,0.58,20039.41;0
20000,0.58,20039.41;0
20000,0.58,20039.41;0
20000,0.58,20039.41;0
20000,0.58,20039.41;0
20000,0.58,20039.41;0
20000,0.58,20039.41;0
20000,0.58,20039.41;0
20000,0.58,20039.41;0
20000,0.58,20039.41;0
20000,0.58,20039.41;0
20000,0.58,20039.41;0
20000,0.58,20039.41;0
20000,0.58,20039.44;0
20000,0.58,20039.44;0
20000,0.58,20039.46;0
20000,0.58,20039.49;0
20000,0.58,20039.49;0
20000,0.58,20039.49;0
20000,0.58,20039.49;0
20000,0.58,20039.49;0
20000,0.58,20039.49;0
20000,0.58,20039.49;0
20000,0.58,20039.49;0
20000,0.58,20039.49;0
20000,0.58,20039.49;0
20000,0.58,20039.49;0
20000,0.58,20039.49;0
20000,0.58,20039.52;0
20000,0.58,20039.54;0
20000,0.58,20039.58;0
20000,0.58,20039.58;0
20000,0.58,20039.61;0
20000,0.58,20039.61;0
20000,0.58,20039.61;0
20000,0.58,20039.61;0
20000,0.58,20039.61;0
20000,0.58,20039.61;0
20000,0.58,20039.61;0
20000,0.58,20039.63;0
20000,0.58,20039.63;0
20000,0.58,20039.63;0
20000,0.58,20039.66;0
20000,0.58,20039.66;0
20000,0.58,20039.66;0
20000,0.58,20039.66;0
20000,0.58,20039.66;0
20000,0.58,20039.66;0
20000,0.58,20039.66;0
20000,0.58,20039.66;0
20000,0.58,20039.66;0
20000,0.58,20039.66;0
20000,0.58,20039.66;0
20000,0.58,20039.66;0
20000,0.58,20039.66;0
20000,0.58,20039.66;0
20000,0.58,20039.66;0
20000,0.58,20039.66;0
20000,0.58,20039.66;0
20000,0.58,20039.66;0
20000,0.58,20039.66;0
20000,0.58,20039.66;0
20000,0.58,20039.66;0
20000,0.58,20039.66;0
20000,0.58,20039.66;0
20000,0.58,20039.66;0
20000,0.58,20039.69;0
20000,0.58,20039.71;0
20000,0.58,20039.71;0
20000,0.58,20039.73;0
20000,0.58,20039.75;0
20000,0.58,20039.77;0
20000,0.58,20039.79;0
20000,0.58,20039.8;0
20000,0.58,20039.8;0
20000,0.58,20039.8;0
20000,0.58,20039.8;0
20000,0.58,20039.8;0
20000,0.58,20039.8;0
20000,0.58,20039.8;0
20000,0.58,20039.8;0
20000,0.58,20039.8;0
20000,0.58,20039.8;0
20000,0.58,20039.8;0
20000,0.58,20039.8;0
20000,0.58,20039.8;0
20000,0.58,20039.8;0
20000,0.58,20039.8;0
20000,0.58,20039.8;0
20000,0.58,20039.8;0
20000,0.58,20039.8;0
20000,0.58,20039.8;0
20000,0.58,20039.8;0
20000,0.58,20039.8;0
20000,0.58,20039.8;0
20000,0.58,20039.8;0
20000,0.58,20039.8;0
20000,0.58,20039.8;0
20000,0.58,20039.8;0
20000,0.58,20039.8;0
20000,0.58,20039.8;0
20000,0.58,20039.8;0
20000,0.58,20039.8;0
20000,0.58,20039.82;0
20000,0.58,20039.82;0
20000,0.58,20039.83;0
20000,0.58,20039.83;0
20000,0.58,20039.83;0
20000,0.58,20039.83;0
20000,0.58,20039.83;0
20000,0.58,20039.83;0
20000,0.58,20039.83;0
20000,0.58,20039.83;0
20000,0.58,20039.83;0
20000,0.58,20039.84;0
20000,0.58,20039.84;0
20000,0.58,20039.84;0
20000,0.58,20039.85;0
20000,0.58,20039.86;0
20000,0.58,20039.86;0
20000,0.58,20039.86;0
20000,0.58,20039.86;0
20000,0.58,20039.86;0
20000,0.58,20039.86;0
20000,0.58,20039.86;0
20000,0.58,20039.86;0
20000,0.58,20039.86;0
20000,0.58,20039.86;0
20000,0.58,20039.86;0
20000,0.58,20039.86;0
20000,0.58,20039.87;0
20000,0.58,20039.87;0
20000,0.58,20039.87;0
20000,0.58,20039.87;0
20000,0.58,20039.87;0
20000,0.58,20039.88;0
20000,0.58,20039.88;0
20000,0.58,20039.88;0
20000,0.58,20039.88;0
20000,0.58,20039.89;0
20000,0.58,20039.89;0
20000,0.58,20039.89;0
20000,0.58,20039.89;0
20000,0.58,20039.89;0
20000,0.58,20039.89;0
20000,0.58,20039.89;0
20000,0.58,20039.89;0
20000,0.58,20039.89;0
20000,0.58,20039.9;0
20000,0.58,20039.9;0
20000,0.58,20039.9;0
20000,0.58,20039.9;0
20000,0.58,20039.9;0
20000,0.58,20039.9;0
20000,0.58,20039.91;0
20000,0.58,20039.91;0
20000,0.58,20039.91;0
20000,0.58,20039.91;0
20000,0.58,20039.91;0
20000,0.58,20039.91;0
20000,0.58,20039.91;0
20000,0.58,20039.92;0
20000,0.58,20039.92;0
20000,0.58,20039.92;0
20000,0.58,20039.92;0
20000,0.58,20039.92;0
20000,0.58,20039.92;0
20000,0.58,20039.92;0
20000,0.58,20039.92;0
20000,0.58,20039.92;0
20000,0.58,20039.92;0
20000,0.58,20039.92;0
20000,0.58,20039.92;0
20000,0.58,20039.92;0
20000,0.58,20039.92;0
20000,0.58,20039.92;0
20000,0.58,20039.92;0
20000,0.58,20039.92;0
20000,0.58,20039.92;0
20000,0.58,20039.92;0
20000,0.58,20039.92;0
20000,0.58,20039.92;0
20000,0.58,20039.91;0
20000,0.58,20039.91;0
20000,0.58,20039.91;0
20000,0.58,20039.91;0
20000,0.58,20039.91;0
20000,0.58,20039.91;0
20000,0.58,20039.91;0
20000,0.58,20039.91;0
20000,0.58,20039.91;0
20000,0.58,20039.9;0
20000,0.58,20039.9;0
20000,0.58,20039.9;0
20000,0.58,20039.9;0
20000,0.58,20039.9;0
20000,0.58,20039.9;0
20000,0.58,20039.9;0
20000,0.58,20039.9;0
20000,0.58,20039.89;0
20000,0.58,20039.89;0
20000,0.58,20039.89;0
20000,0.58,20039.89;0
20000,0.58,20039.89;0
20000,0.58,20039.89;0
20000,0.58,20039.89;0
20000,0.58,20039.89;0
20000,0.58,20039.89;0
20000,0.58,20039.89;0
20000,0.58,20039.89;0
20000,0.58,20039.89;0
20000,0.58,20039.89;0
20000,0.58,20039.89;0
20000,0.58,20039.89;0
20000,0.58,20039.89;0
20000,0.58,20039.89;0
20000,0.58,20039.89;0
20000,0.58,20039.89;0
20000,0.58,20039.89;0
20000,0.58,20039.89;0
20000,0.58,20039.89;0
20000,0.58,20039.9;0
20000,0.58,20039.9;0
20000,0.58,20039.91;0
20000,0.58,20039.91;0
20000,0.58,20039.91;0
20000,0.58,20039.91;0
20000,0.58,20039.92;0
20000,0.58,20039.92;0
20000,0.58,20039.93;0
20000,0.58,20039.93;0
20000,0.58,20039.93;0
20000,0.58,20039.94;0
20000,0.58,20039.94;0
20000,0.58,20039.95;0
20000,0.58,20039.96;0
20000,0.58,20039.97;0
20000,0.58,20039.97;0
20000,0.58,20039.97;0
20000,0.58,20039.98;0
20000,0.58,20039.99;0
20000,0.58,20040;0
20000,0.58,20040.01;0
20000,0.58,20040.01;0
20000,0.58,20040.03;0
20000,0.58,20040.04;0
20000,0.58,20040.05;0
20000,0.58,20040.06;0
20000,0.58,20040.07;0
20000,0.58,20040.07;0
20000,0.58,20040.08;0
20000,0.58,20040.1;0
20000,0.58,20040.11;0
20000,0.58,20040.13;0
20000,0.58,20040.13;0
20000,0.58,20040.14;0
20000,0.58,20040.16;0
20000,0.58,20040.17;0
20000,0.58,20040.18;0
20000,0.58,20040.19;0
20000,0.58,20040.2;0
20000,0.58,20040.2;0
20000,0.58,20040.21;0
20000,0.58,20040.21;0
20000,0.58,20040.22;0
20000,0.58,20040.22;0
20000,0.58,20040.23;0
20000,0.58,20040.23;0
20000,0.58,20040.23;0
20000,0.58,20040.24;0
20000,0.58,20040.25;0
20000,0.58,20040.25;0
20000,0.58,20040.25;0
20000,0.58,20040.26;0
20000,0.58,20040.27;0
20000,0.58,20040.27;0
20000,0.58,20040.27;0
20000,0.58,20040.28;0
20000,0.58,20040.29;0
20000,0.58,20040.29;0
20000,0.58,20040.29;0
20000,0.58,20040.3;0
20000,0.58,20040.3;0
20000,0.58,20040.31;0
20000,0.58,20040.31;0
20000,0.58,20040.31;0
20000,0.58,20040.32;0
20000,0.58,20040.32;0
20000,0.58,20040.32;0
20000,0.58,20040.32;0
20000,0.58,20040.32;0
20000,0.58,20040.32;0
20000,0.58,20040.32;0
20000,0.58,20040.33;0
20000,0.58,20040.33;0
20000,0.58,20040.34;0
20000,0.58,20040.34;0
20000,0.58,20040.35;0
20000,0.58,20040.35;0
20000,0.58,20040.35;0
20000,0.58,20040.36;0
20000,0.58,20040.37;0
20000,0.58,20040.38;0
20000,0.58,20040.38;0
20000,0.58,20040.38;0
20000,0.58,20040.39;0
20000,0.58,20040.4;0
20000,0.58,20040.41;0
20000,0.58,20040.42;0
20000,0.58,20040.43;0
20000,0.58,20040.43;0
20000,0.58,20040.44;0
20000,0.58,20040.45;0
20000,0.58,20040.46;0
20000,0.58,20040.47;0
20000,0.58,20040.47;0
20000,0.58,20040.49;0
20000,0.58,20040.5;0
20000,0.58,20040.51;0
20000,0.58,20040.52;0
20000,0.58,20040.53;0
20000,0.58,20040.53;0
20000,0.58,20040.54;0
20000,0.58,20040.55;0
20000,0.58,20040.56;0
20000,0.58,20040.57;0
20000,0.58,20040.57;0
20000,0.58,20040.58;0
20000,0.58,20040.6;0
20000,0.58,20040.61;0
20000,0.58,20040.62;0
20000,0.58,20040.63;0
20000,0.58,20040.63;0
20000,0.58,20040.64;0
20000,0.58,20040.65;0
20000,0.58,20040.66;0
20000,0.58,20040.67;0
20000,0.58,20040.68;0
20000,0.58,20040.68;0
20000,0.58,20040.69;0
20000,0.58,20040.7;0
20000,0.58,20040.71;0
20000,0.58,20040.72;0
20000,0.58,20040.73;0
20000,0.58,20040.73;0
20000,0.58,20040.74;0
20000,0.58,20040.75;0
20000,0.58,20040.75;0
20000,0.58,20040.76;0
20000,0.58,20040.77;0
20000,0.58,20040.77;0
20000,0.58,20040.78;0
20000,0.58,20040.79;0
20000,0.58,20040.79;0
20000,0.58,20040.8;0
20000,0.58,20040.81;0
20000,0.58,20040.81;0
20000,0.58,20040.81;0
20000,0.58,20040.81;0
20000,0.58,20040.82;0
20000,0.58,20040.83;0
20000,0.58,20040.83;0
20000,0.58,20040.83;0
20000,0.58,20040.84;0
20000,0.58,20040.84;0
20000,0.58,20040.85;0
20000,0.58,20040.85;0
20000,0.58,20040.85;0
20000,0.58,20040.86;0
20000,0.58,20040.86;0
20000,0.58,20040.86;0
20000,0.58,20040.87;0
20000,0.58,20040.87;0
20000,0.58,20040.87;0
20000,0.58,20040.87;0
20000,0.58,20040.87;0
20000,0.58,20040.87;0
20000,0.58,20040.87;0
20000,0.58,20040.87;0
20000,0.58,20040.87;0
20000,0.58,20040.87;0
20000,0.58,20040.87;0
20000,0.58,20040.87;0
20000,0.58,20040.87;0
20000,0.58,20040.87;0
20000,0.58,20040.87;0
20000,0.58,20040.87;0
20000,0.58,20040.87;0
20000,0.58,20040.87;0
20000,0.58,20040.87;0
20000,0.58,20040.87;0
20000,0.58,20040.87;0
20000,0.58,20040.87;0
20000,0.58,20040.87;0
20000,0.58,20040.86;0
20000,0.58,20040.85;0
20000,0.58,20040.85;0
20000,0.58,20040.85;0
20000,0.58,20040.84;0
20000,0.58,20040.83;0
20000,0.58,20040.83;0
20000,0.58,20040.83;0
20000,0.58,20040.83;0
20000,0.58,20040.83;0
20000,0.58,20040.82;0
20000,0.58,20040.81;0
20000,0.58,20040.81;0
20000,0.58,20040.81;0
20000,0.58,20040.81;0
20000,0.58,20040.81;0
20000,0.58,20040.81;0
20000,0.58,20040.81;0
20000,0.58,20040.8;0
20000,0.58,20040.8;0
20000,0.58,20040.79;0
20000,0.58,20040.79;0
20000,0.58,20040.79;0
20000,0.58,20040.78;0
20000,0.58,20040.77;0
20000,0.58,20040.77;0
20000,0.58,20040.77;0
20000,0.58,20040.75;0
20000,0.58,20040.74;0
20000,0.58,20040.74;0
20000,0.58,20040.74;0
20000,0.58,20040.74;0
20000,0.58,20040.74;0
20000,0.58,20040.74;0
20000,0.58,20040.72;0
20000,0.58,20040.71;0
20000,0.58,20040.69;0
20000,0.58,20040.69;0
20000,0.58,20040.67;0
20000,0.58,20040.67;0
20000,0.58,20040.67;0
20000,0.58,20040.65;0
20000,0.58,20040.65;0
20000,0.58,20040.65;0
20000,0.58,20040.65;0
20000,0.58,20040.65;0
20000,0.58,20040.65;0
20000,0.58,20040.65;0
20000,0.58,20040.65;0
20000,0.58,20040.63;0
20000,0.58,20040.63;0
20000,0.58,20040.63;0
20000,0.58,20040.61;0
20000,0.58,20040.59;0
20000,0.58,20040.59;0
20000,0.58,20040.57;0
20000,0.58,20040.55;0
20000,0.58,20040.53;0
20000,0.58,20040.53;0
20000,0.58,20040.53;0
20000,0.58,20040.53;0
20000,0.58,20040.53;0
20000,0.58,20040.53;0
20000,0.58,20040.53;0
20000,0.58,20040.53;0
20000,0.58,20040.53;0
20000,0.58,20040.53;0
20000,0.58,20040.53;0
20000,0.58,20040.53;0
20000,0.58,20040.53;0
20000,0.58,20040.53;0
20000,0.58,20040.53;0
20000,0.58,20040.53;0
20000,0.58,20040.53;0
20000,0.58,20040.53;0
20000,0.58,20040.53;0
20000,0.58,20040.5;0
20000,0.58,20040.5;0
20000,0.58,20040.48;0
20000,0.58,20040.45;0
20000,0.58,20040.45;0
20000,0.58,20040.45;0
20000,0.58,20040.45;0
20000,0.58,20040.45;0
20000,0.58,20040.45;0
20000,0.58,20040.45;0
20000,0.58,20040.45;0
20000,0.58,20040.45;0
20000,0.58,20040.45;0
20000,0.58,20040.45;0
20000,0.58,20040.45;0
20000,0.58,20040.45;0
20000,0.58,20040.45;0
20000,0.58,20040.45;0
20000,0.58,20040.45;0
20000,0.58,20040.45;0
20000,0.58,20040.45;0
20000,0.58,20040.45;0
20000,0.58,20040.45;0
20000,0.58,20040.45;0
20000,0.58,20040.45;0
20000,0.58,20040.45;0
20000,0.58,20040.45;0
20000,0.58,20040.43;0
20000,0.58,20040.4;0
20000,0.58,20040.38;0
20000,0.58,20040.38;0
20000,0.58,20040.38;0
20000,0.58,20040.38;0
20000,0.58,20040.38;0
20000,0.58,20040.38;0
20000,0.58,20040.38;0
20000,0.58,20040.38;0
20000,0.58,20040.38;0
20000,0.58,20040.38;0
20000,0.58,20040.38;0
20000,0.58,20040.38;0
20000,0.58,20040.38;0
20000,0.58,20040.38;0
20000,0.58,20040.38;0
20000,0.58,20040.38;0
20000,0.58,20040.38;0
20000,0.58,20040.38;0
20000,0.58,20040.38;0
20000,0.58,20040.38;0
20000,0.58,20040.38;0
20000,0.58,20040.38;0
20000,0.58,20040.38;0
20000,0.58,20040.38;0
20000,0.58,20040.38;0
20000,0.58,20040.38;0
20000,0.58,20040.38;0
20000,0.58,20040.38;0
20000,0.58,20040.38;0
20000,0.58,20040.38;0
20000,0.58,20040.38;0
20000,0.58,20040.38;0
20000,0.58,20040.38;0
20000,0.58,20040.38;0
20000,0.58,20040.38;0
20000,0.58,20040.38;0
20000,0.58,20040.38;0
20000,0.58,20040.38;0
20000,0.58,20040.38;0
20000,0.58,20040.38;0
20000,0.58,20040.38;0
20000,0.58,20040.38;0
20000,0.58,20040.38;0
20000,0.58,20040.38;0
20000,0.58,20040.38;0
20000,0.58,20040.38;0
20000,0.58,20040.38;0
20000,0.58,20040.38;0
20000,0.58,20040.38;0
20000,0.58,20040.38;0
20000,0.58,20040.36;0
20000,0.58,20040.35;0
20000,0.58,20040.34;0
20000,0.58,20040.34;0
20000,0.58,20040.34;0
20000,0.58,20040.34;0
20000,0.58,20040.34;0
20000,0.58,20040.34;0
20000,0.58,20040.34;0
20000,0.58,20040.34;0
20000,0.58,20040.34;0
20000,0.58,20040.34;0
20000,0.58,20040.34;0
20000,0.58,20040.34;0
20000,0.58,20040.34;0
20000,0.58,20040.34;0
20000,0.58,20040.34;0
20000,0.58,20040.34;0
20000,0.58,20040.34;0
20000,0.58,20040.34;0
20000,0.58,20040.34;0
20000,0.58,20040.34;0
20000,0.58,20040.34;0
20000,0.58,20040.34;0
20000,0.58,20040.34;0
20000,0.58,20040.34;0
20000,0.58,20040.34;0
20000,0.58,20040.34;0
20000,0.58,20040.34;0
20000,0.58,20040.34;0
20000,0.58,20040.34;0
20000,0.58,20040.33;0
20000,0.58,20040.33;0
20000,0.58,20040.33;0
20000,0.58,20040.33;0
20000,0.58,20040.33;0
20000,0.58,20040.33;0
20000,0.58,20040.33;0
20000,0.58,20040.33;0
20000,0.58,20040.33;0
20000,0.58,20040.33;0
20000,0.58,20040.34;0
20000,0.58,20040.34;0
20000,0.58,20040.34;0
20000,0.58,20040.34;0
20000,0.58,20040.34;0
20000,0.58,20040.34;0
20000,0.58,20040.34;0
20000,0.58,20040.34;0
20000,0.58,20040.34;0
20000,0.58,20040.34;0
20000,0.58,20040.35;0
20000,0.58,20040.36;0
20000,0.58,20040.37;0
20000,0.58,20040.38;0
20000,0.58,20040.38;0
20000,0.58,20040.38;0
20000,0.58,20040.38;0
20000,0.58,20040.38;0
20000,0.58,20040.38;0
20000,0.58,20040.38;0
20000,0.58,20040.39;0
20000,0.58,20040.39;0
20000,0.58,20040.4;0
20000,0.58,20040.4;0
20000,0.58,20040.4;0
20000,0.58,20040.4;0
20000,0.58,20040.4;0
20000,0.58,20040.4;0
20000,0.58,20040.4;0
20000,0.58,20040.4;0
20000,0.58,20040.4;0
20000,0.58,20040.4;0
20000,0.58,20040.4;0
20000,0.58,20040.4;0
20000,0.58,20040.4;0
20000,0.58,20040.4;0
20000,0.58,20040.4;0
20000,0.58,20040.4;0
20000,0.58,20040.4;0
20000,0.58,20040.4;0
20000,0.58,20040.4;0
20000,0.58,20040.4;0
20000,0.58,20040.41;0
20000,0.58,20040.43;0
20000,0.58,20040.43;0
20000,0.58,20040.43;0
20000,0.58,20040.43;0
20000,0.58,20040.43;0
20000,0.58,20040.43;0
20000,0.58,20040.43;0
20000,0.58,20040.43;0
20000,0.58,20040.43;0
20000,0.58,20040.43;0
20000,0.58,20040.43;0
20000,0.58,20040.43;0
20000,0.58,20040.43;0
20000,0.58,20040.43;0
20000,0.58,20040.43;0
20000,0.58,20040.43;0
20000,0.58,20040.43;0
20000,0.58,20040.43;0
20000,0.58,20040.43;0
20000,0.58,20040.43;0
20000,0.58,20040.43;0
20000,0.58,20040.43;0
20000,0.58,20040.43;0
20000,0.58,20040.43;0
20000,0.58,20040.43;0
20000,0.58,20040.43;0
20000,0.58,20040.43;0
20000,0.58,20040.43;0
20000,0.58,20040.43;0
20000,0.58,20040.43;0
20000,0.58,20040.44;0
20000,0.58,20040.44;0
20000,0.58,20040.44;0
20000,0.58,20040.44;0
20000,0.58,20040.44;0
20000,0.58,20040.44;0
20000,0.58,20040.44;0
20000,0.58,20040.44;0
20000,0.58,20040.44;0
20000,0.58,20040.44;0
20000,0.58,20040.44;0
20000,0.58,20040.44;0
20000,0.58,20040.44;0
20000,0.58,20040.44;0
20000,0.58,20040.44;0
20000,0.58,20040.44;0
20000,0.58,20040.44;0
20000,0.58,20040.44;0
20000,0.58,20040.44;0
20000,0.58,20040.44;0
20000,0.58,20040.46;0
20000,0.58,20040.47;0
20000,0.58,20040.49;0
20000,0.58,20040.49;0
20000,0.58,20040.5;0
20000,0.58,20040.5;0
20000,0.58,20040.5;0
20000,0.58,20040.5;0
20000,0.58,20040.52;0
20000,0.58,20040.52;0
20000,0.58,20040.52;0
20000,0.58,20040.52;0
20000,0.58,20040.53;0
20000,0.58,20040.55;0
20000,0.58,20040.56;0
20000,0.58,20040.56;0
20000,0.58,20040.56;0
20000,0.58,20040.57;0
20000,0.58,20040.59;0
20000,0.58,20040.6;0
20000,0.58,20040.61;0
20000,0.58,20040.61;0
20000,0.58,20040.62;0
20000,0.58,20040.62;0
20000,0.58,20040.62;0
20000,0.58,20040.62;0
20000,0.58,20040.62;0
20000,0.58,20040.62;0
20000,0.58,20040.62;0
20000,0.58,20040.62;0
20000,0.58,20040.62;0
20000,0.58,20040.64;0
20000,0.58,20040.65;0
20000,0.58,20040.65;0
20000,0.58,20040.65;0
20000,0.58,20040.65;0
20000,0.58,20040.65;0
20000,0.58,20040.66;0
20000,0.58,20040.66;0
20000,0.58,20040.66;0
20000,0.58,20040.66;0
20000,0.58,20040.66;0
20000,0.58,20040.66;0
20000,0.58,20040.66;0
20000,0.58,20040.66;0
20000,0.58,20040.66;0
20000,0.58,20040.66;0
20000,0.58,20040.67;0
20000,0.58,20040.67;0
20000,0.58,20040.68;0
20000,0.58,20040.68;0
20000,0.58,20040.69;0
20000,0.58,20040.69;0
20000,0.58,20040.69;0
20000,0.58,20040.69;0
20000,0.58,20040.7;0
20000,0.58,20040.7;0
20000,0.58,20040.71;0
20000,0.58,20040.71;0
20000,0.58,20040.71;0
20000,0.58,20040.72;0
20000,0.58,20040.72;0
20000,0.58,20040.72;0
20000,0.58,20040.72;0
20000,0.58,20040.72;0
20000,0.58,20040.73;0
20000,0.58,20040.73;0
20000,0.58,20040.73;0
20000,0.58,20040.73;0
20000,0.58,20040.73;0
20000,0.58,20040.73;0
20000,0.58,20040.73;0
20000,0.58,20040.74;0
20000,0.58,20040.74;0
20000,0.58,20040.74;0
20000,0.58,20040.74;0
20000,0.58,20040.74;0
20000,0.58,20040.74;0
20000,0.58,20040.74;0
20000,0.58,20040.74;0
20000,0.58,20040.74;0
20000,0.58,20040.74;0
20000,0.58,20040.74;0
20000,0.58,20040.74;0
20000,0.58,20040.74;0
20000,0.58,20040.74;0
20000,0.58,20040.74;0
20000,0.58,20040.74;0
20000,0.58,20040.74;0
20000,0.58,20040.74;0
20000,0.58,20040.73;0
20000,0.58,20040.73;0
20000,0.58,20040.73;0
20000,0.58,20040.73;0
20000,0.58,20040.73;0
20000,0.58,20040.73;0
20000,0.58,20040.72;0
20000,0.58,20040.72;0
20000,0.58,20040.72;0
20000,0.58,20040.72;0
20000,0.58,20040.71;0
20000,0.58,20040.71;0
20000,0.58,20040.71;0
20000,0.58,20040.7;0
20000,0.58,20040.7;0
20000,0.58,20040.7;0
20000,0.58,20040.7;0
20000,0.58,20040.7;0
20000,0.58,20040.7;0
20000,0.58,20040.7;0
20000,0.58,20040.7;0
20000,0.58,20040.7;0
20000,0.58,20040.7;0
20000,0.58,20040.7;0
20000,0.58,20040.7;0
20000,0.58,20040.7;0
20000,0.58,20040.7;0
20000,0.58,20040.7;0
20000,0.58,20040.7;0
20000,0.58,20040.7;0
20000,0.58,20040.7;0
20000,0.58,20040.7;0
20000,0.58,20040.7;0
20000,0.58,20040.7;0
20000,0.58,20040.7;0
20000,0.58,20040.7;0
20000,0.58,20040.7;0
20000,0.58,20040.7;0
20000,0.58,20040.7;0
20000,0.58,20040.7;0
20000,0.58,20040.7;0
20000,0.58,20040.69;0
20000,0.58,20040.68;0
20000,0.58,20040.68;0
20000,0.58,20040.68;0
20000,0.58,20040.67;0
20000,0.58,20040.67;0
20000,0.58,20040.67;0
20000,0.58,20040.67;0
20000,0.58,20040.67;0
20000,0.58,20040.67;0
20000,0.58,20040.67;0
20000,0.58,20040.67;0
20000,0.58,20040.67;0
20000,0.58,20040.67;0
20000,0.58,20040.67;0
20000,0.58,20040.67;0
20000,0.58,20040.67;0
20000,0.58,20040.67;0
20000,0.58,20040.67;0
20000,0.58,20040.67;0
20000,0.58,20040.67;0
20000,0.58,20040.67;0
20000,0.58,20040.67;0
20000,0.58,20040.67;0
20000,0.58,20040.67;0
20000,0.58,20040.67;0
20000,0.58,20040.67;0
20000,0.58,20040.67;0
20000,0.58,20040.67;0
20000,0.58,20040.67;0
20000,0.58,20040.67;0
20000,0.58,20040.67;0
20000,0.58,20040.67;0
20000,0.58,20040.67;0
20000,0.58,20040.67;0
20000,0.58,20040.67;0
20000,0.58,20040.67;0
20000,0.58,20040.66;0
20000,0.58,20040.66;0
20000,0.58,20040.66;0
20000,0.58,20040.66;0
20000,0.58,20040.66;0
20000,0.58,20040.66;0
20000,0.58,20040.66;0
20000,0.58,20040.66;0
20000,0.58,20040.66;0
20000,0.58,20040.66;0
20000,0.58,20040.66;0
20000,0.58,20040.66;0
20000,0.58,20040.66;0
20000,0.58,20040.66;0
20000,0.58,20040.66;0
20000,0.58,20040.66;0
20000,0.58,20040.66;0
20000,0.58,20040.66;0
20000,0.58,20040.66;0
20000,0.58,20040.66;0
20000,0.58,20040.66;0
20000,0.58,20040.66;0
20000,0.58,20040.66;0
20000,0.58,20040.66;0
20000,0.58,20040.66;0
20000,0.58,20040.66;0
20000,0.58,20040.66;0
20000,0.58,20040.66;0
20000,0.58,20040.66;0
20000,0.58,20040.66;0
20000,0.58,20040.66;0
20000,0.58,20040.66;0
20000,0.58,20040.66;0
20000,0.58,20040.66;0
20000,0.58,20040.66;0
20000,0.58,20040.67;0
20000,0.58,20040.67;0
20000,0.58,20040.67;0
20000,0.58,20040.67;0
20000,0.58,20040.67;0
20000,0.58,20040.67;0
20000,0.58,20040.67;0
20000,0.58,20040.68;0
20000,0.58,20040.68;0
20000,0.58,20040.68;0
20000,0.58,20040.68;0
20000,0.58,20040.68;0
20000,0.58,20040.68;0
20000,0.58,20040.69;0
20000,0.58,20040.69;0
20000,0.58,20040.69;0
20000,0.58,20040.69;0
20000,0.58,20040.69;0
20000,0.58,20040.7;0
20000,0.58,20040.7;0
20000,0.58,20040.7;0
20000,0.58,20040.7;0
20000,0.58,20040.7;0
20000,0.58,20040.7;0
20000,0.58,20040.71;0
20000,0.58,20040.71;0
20000,0.58,20040.71;0
20000,0.58,20040.71;0
20000,0.58,20040.71;0
20000,0.58,20040.71;0
20000,0.58,20040.71;0
20000,0.58,20040.71;0
20000,0.58,20040.71;0
20000,0.58,20040.71;0
20000,0.58,20040.71;0
20000,0.58,20040.71;0
20000,0.58,20040.71;0
20000,0.58,20040.71;0
20000,0.58,20040.71;0
20000,0.58,20040.71;0
20000,0.58,20040.72;0
20000,0.58,20040.72;0
20000,0.58,20040.72;0
20000,0.58,20040.72;0
20000,0.58,20040.72;0
20000,0.58,20040.72;0
20000,0.58,20040.72;0
20000,0.58,20040.72;0
20000,0.58,20040.72;0
20000,0.58,20040.72;0
20000,0.58,20040.72;0
20000,0.58,20040.72;0
20000,0.58,20040.72;0
20000,0.58,20040.72;0
20000,0.58,20040.72;0
20000,0.58,20040.72;0
20000,0.58,20040.72;0
20000,0.58,20040.72;0
20000,0.58,20040.72;0
20000,0.58,20040.72;0
20000,0.58,20040.72;0
20000,0.58,20040.72;0
20000,0.58,20040.72;0
20000,0.58,20040.72;0
20000,0.58,20040.72;0
20000,0.58,20040.72;0
20000,0.58,20040.72;0
20000,0.58,20040.71;0
20000,0.58,20040.71;0
20000,0.58,20040.71;0
20000,0.58,20040.71;0
20000,0.58,20040.71;0
20000,0.58,20040.71;0
20000,0.58,20040.71;0
20000,0.58,20040.71;0
20000,0.58,20040.71;0
20000,0.58,20040.71;0
20000,0.58,20040.71;0
20000,0.58,20040.71;0
20000,0.58,20040.71;0
20000,0.58,20040.71;0
20000,0.58,20040.71;0
20000,0.58,20040.71;0
20000,0.58,20040.71;0
20000,0.58,20040.71;0
20000,0.58,20040.71;0
20000,0.58,20040.71;0
20000,0.58,20040.71;0
20000,0.58,20040.71;0
20000,0.58,20040.71;0
20000,0.58,20040.7;0
20000,0.58,20040.7;0
20000,0.58,20040.7;0
20000,0.58,20040.69;0
20000,0.58,20040.69;0
20000,0.58,20040.69;0
20000,0.58,20040.69;0
20000,0.58,20040.69;0
20000,0.58,20040.69;0
20000,0.58,20040.69;0
20000,0.58,20040.68;0
20000,0.58,20040.67;0
20000,0.58,20040.66;0
20000,0.58,20040.66;0
20000,0.58,20040.66;0
20000,0.58,20040.65;0
20000,0.58,20040.64;0
20000,0.58,20040.63;0
20000,0.58,20040.62;0
20000,0.58,20040.62;0
20000,0.58,20040.62;0
20000,0.58,20040.62;0
20000,0.58,20040.61;0
20000,0.58,20040.6;0
20000,0.58,20040.6;0
20000,0.58,20040.6;0
20000,0.58,20040.6;0
20000,0.58,20040.6;0
20000,0.58,20040.6;0
20000,0.58,20040.6;0
20000,0.58,20040.6;0
20000,0.58,20040.6;0
20000,0.58,20040.6;0
20000,0.58,20040.6;0
20000,0.58,20040.6;0
20000,0.58,20040.6;0
20000,0.58,20040.6;0
20000,0.58,20040.6;0
20000,0.58,20040.59;0
20000,0.58,20040.58;0
20000,0.58,20040.58;0
20000,0.58,20040.58;0
20000,0.58,20040.58;0
20000,0.58,20040.58;0
20000,0.58,20040.58;0
20000,0.58,20040.58;0
20000,0.58,20040.58;0
20000,0.58,20040.58;0
20000,0.58,20040.58;0
20000,0.58,20040.58;0
20000,0.58,20040.58;0
20000,0.58,20040.58;0
20000,0.58,20040.58;0
20000,0.58,20040.57;0
20000,0.58,20040.56;0
20000,0.58,20040.56;0
20000,0.58,20040.55;0
20000,0.58,20040.54;0
20000,0.58,20040.54;0
20000,0.58,20040.54;0
20000,0.58,20040.54;0
20000,0.58,20040.54;0
20000,0.58,20040.54;0
20000,0.58,20040.54;0
20000,0.58,20040.54;0
20000,0.58,20040.54;0
20000,0.58,20040.54;0
20000,0.58,20040.54;0
20000,0.58,20040.54;0
20000,0.58,20040.54;0
20000,0.58,20040.54;0
20000,0.58,20040.54;0
20000,0.58,20040.54;0
20000,0.58,20040.54;0
20000,0.58,20040.54;0
20000,0.58,20040.54;0
20000,0.58,20040.54;0
20000,0.58,20040.54;0
20000,0.58,20040.54;0
20000,0.58,20040.54;0
20000,0.58,20040.54;0
20000,0.58,20040.54;0
20000,0.58,20040.54;0
20000,0.58,20040.54;0
20000,0.58,20040.54;0
20000,0.58,20040.54;0
20000,0.58,20040.54;0
20000,0.58,20040.54;0
20000,0.58,20040.54;0
20000,0.58,20040.54;0
20000,0.58,20040.54;0
20000,0.58,20040.54;0
20000,0.58,20040.54;0
20000,0.58,20040.54;0
20000,0.58,20040.54;0
20000,0.58,20040.54;0
20000,0.58,20040.54;0
20000,0.58,20040.54;0
20000,0.58,20040.54;0
20000,0.58,20040.54;0
20000,0.58,20040.54;0
20000,0.58,20040.54;0
20000,0.58,20040.54;0
20000,0.58,20040.54;0
20000,0.58,20040.54;0
20000,0.58,20040.54;0
20000,0.58,20040.54;0
20000,0.58,20040.54;0
20000,0.58,20040.53;0
20000,0.58,20040.52;0
20000,0.58,20040.52;0
20000,0.58,20040.52;0
20000,0.58,20040.52;0
20000,0.58,20040.52;0
20000,0.58,20040.52;0
20000,0.58,20040.52;0
20000,0.58,20040.52;0
20000,0.58,20040.52;0
20000,0.58,20040.52;0
20000,0.58,20040.52;0
20000,0.58,20040.52;0
20000,0.58,20040.52;0
20000,0.58,20040.52;0
20000,0.58,20040.52;0
20000,0.58,20040.52;0
20000,0.58,20040.52;0
20000,0.58,20040.52;0
20000,0.58,20040.52;0
20000,0.58,20040.52;0
20000,0.58,20040.52;0
20000,0.58,20040.52;0
20000,0.58,20040.52;0
20000,0.58,20040.51;0
20000,0.58,20040.51;0
20000,0.58,20040.51;0
20000,0.58,20040.51;0
20000,0.58,20040.51;0
20000,0.58,20040.51;0
20000,0.58,20040.51;0
20000,0.58,20040.51;0
20000,0.58,20040.51;0
20000,0.58,20040.51;0
20000,0.58,20040.51;0
20000,0.58,20040.51;0
20000,0.58,20040.51;0
20000,0.58,20040.51;0
20000,0.58,20040.51;0
20000,0.58,20040.51;0
20000,0.58,20040.51;0
20000,0.58,20040.51;0
20000,0.58,20040.51;0
20000,0.58,20040.51;0
20000,0.58,20040.51;0
20000,0.58,20040.51;0
20000,0.58,20040.51;0
20000,0.58,20040.51;0
20000,0.58,20040.51;0
20000,0.58,20040.51;0
20000,0.58,20040.51;0
20000,0.58,20040.51;0
20000,0.58,20040.51;0
20000,0.58,20040.51;0
20000,0.58,20040.51;0
20000,0.58,20040.51;0
20000,0.58,20040.51;0
20000,0.58,20040.51;0
20000,0.58,20040.51;0
20000,0.58,20040.51;0
20000,0.58,20040.51;0
20000,0.58,20040.51;0
20000,0.58,20040.51;0
20000,0.58,20040.51;0
20000,0.58,20040.51;0
20000,0.58,20040.51;0
20000,0.58,20040.51;0
20000,0.58,20040.51;0
20000,0.58,20040.51;0
20000,0.58,20040.51;0
20000,0.58,20040.51;0
20000,0.58,20040.51;0
20000,0.58,20040.51;0
20000,0.58,20040.52;0
20000,0.58,20040.52;0
20000,0.58,20040.52;0
20000,0.58,20040.52;0
20000,0.58,20040.52;0
20000,0.58,20040.52;0
20000,0.58,20040.53;0
20000,0.58,20040.53;0
20000,0.58,20040.53;0
20000,0.58,20040.53;0
20000,0.58,20040.54;0
20000,0.58,20040.54;0
20000,0.58,20040.54;0
20000,0.58,20040.54;0
20000,0.58,20040.54;0
20000,0.58,20040.54;0
20000,0.58,20040.54;0
20000,0.58,20040.54;0
20000,0.58,20040.54;0
20000,0.58,20040.54;0
20000,0.58,20040.54;0
20000,0.58,20040.54;0
20000,0.58,20040.54;0
20000,0.58,20040.54;0
20000,0.58,20040.54;0
20000,0.58,20040.54;0
20000,0.58,20040.54;0
20000,0.58,20040.54;0
20000,0.58,20040.54;0
20000,0.58,20040.54;0
20000,0.58,20040.54;0
20000,0.58,20040.54;0
20000,0.58,20040.54;0
20000,0.58,20040.55;0
20000,0.58,20040.56;0
20000,0.58,20040.56;0
20000,0.58,20040.56;0
20000,0.58,20040.56;0
20000,0.58,20040.56;0
20000,0.58,20040.56;0
20000,0.58,20040.56;0
20000,0.58,20040.56;0
20000,0.58,20040.57;0
20000,0.58,20040.57;0
20000,0.58,20040.58;0
20000,0.58,20040.58;0
20000,0.58,20040.58;0
20000,0.58,20040.58;0
20000,0.58,20040.58;0
20000,0.58,20040.59;0
20000,0.58,20040.6;0
20000,0.58,20040.61;0
20000,0.58,20040.61;0
20000,0.58,20040.61;0
20000,0.58,20040.61;0
20000,0.58,20040.62;0
20000,0.58,20040.62;0
20000,0.58,20040.62;0
20000,0.58,20040.62;0
20000,0.58,20040.63;0
20000,0.58,20040.64;0
20000,0.58,20040.65;0
20000,0.58,20040.66;0
20000,0.58,20040.66;0
20000,0.58,20040.66;0
20000,0.58,20040.66;0
20000,0.58,20040.66;0
20000,0.58,20040.66;0
20000,0.58,20040.67;0
20000,0.58,20040.67;0
20000,0.58,20040.67;0
20000,0.58,20040.68;0
20000,0.58,20040.68;0
20000,0.58,20040.69;0
20000,0.58,20040.7;0
20000,0.58,20040.7;0
20000,0.58,20040.7;0
20000,0.58,20040.7;0
20000,0.58,20040.71;0
20000,0.58,20040.72;0
20000,0.58,20040.73;0
20000,0.58,20040.74;0
20000,0.58,20040.75;0
20000,0.58,20040.75;0
20000,0.58,20040.75;0
20000,0.58,20040.76;0
20000,0.58,20040.77;0
20000,0.58,20040.77;0
20000,0.58,20040.77;0
20000,0.58,20040.77;0
20000,0.58,20040.78;0
20000,0.58,20040.79;0
20000,0.58,20040.8;0
20000,0.58,20040.8;0
20000,0.58,20040.8;0
20000,0.58,20040.8;0
20000,0.58,20040.8;0
20000,0.58,20040.8;0
20000,0.58,20040.8;0
20000,0.58,20040.8;0
20000,0.58,20040.8;0
20000,0.58,20040.8;0
20000,0.58,20040.8;0
20000,0.58,20040.81;0
20000,0.58,20040.82;0
20000,0.58,20040.83;0
20000,0.58,20040.83;0
20000,0.58,20040.84;0
20000,0.58,20040.84;0
20000,0.58,20040.84;0
20000,0.58,20040.84;0
20000,0.58,20040.84;0
20000,0.58,20040.84;0
20000,0.58,20040.84;0
20000,0.58,20040.84;0
20000,0.58,20040.84;0
20000,0.58,20040.84;0
20000,0.58,20040.84;0
20000,0.58,20040.84;0
20000,0.58,20040.85;0
20000,0.58,20040.86;0
20000,0.58,20040.86;0
20000,0.58,20040.86;0
20000,0.58,20040.86;0
20000,0.58,20040.86;0
20000,0.58,20040.86;0
20000,0.58,20040.86;0
20000,0.58,20040.86;0
20000,0.58,20040.86;0
20000,0.58,20040.86;0
20000,0.58,20040.87;0
20000,0.58,20040.87;0
20000,0.58,20040.87;0
20000,0.58,20040.87;0
20000,0.58,20040.87;0
20000,0.58,20040.87;0
20000,0.58,20040.87;0
20000,0.58,20040.88;0
20000,0.58,20040.88;0
20000,0.58,20040.88;0
20000,0.58,20040.89;0
20000,0.58,20040.89;0
20000,0.58,20040.89;0
20000,0.58,20040.89;0
20000,0.58,20040.89;0
20000,0.58,20040.89;0
20000,0.58,20040.89;0
20000,0.58,20040.89;0
20000,0.58,20040.89;0
20000,0.58,20040.89;0
20000,0.58,20040.89;0
20000,0.58,20040.9;0
20000,0.58,20040.9;0
20000,0.58,20040.9;0
20000,0.58,20040.9;0
20000,0.58,20040.9;0
20000,0.58,20040.9;0
20000,0.58,20040.9;0
20000,0.58,20040.9;0
20000,0.58,20040.9;0
20000,0.58,20040.9;0
20000,0.58,20040.9;0
20000,0.58,20040.9;0
20000,0.58,20040.9;0
20000,0.58,20040.9;0
20000,0.58,20040.9;0
20000,0.58,20040.9;0
20000,0.58,20040.9;0
20000,0.58,20040.9;0
20000,0.58,20040.9;0
20000,0.58,20040.9;0
20000,0.58,20040.9;0
20000,0.58,20040.9;0
20000,0.58,20040.9;0
20000,0.58,20040.9;0
20000,0.58,20040.9;0
20000,0.58,20040.9;0
20000,0.58,20040.9;0
20000,0.58,20040.9;0
20000,0.58,20040.9;0
20000,0.58,20040.9;0
20000,0.58,20040.9;0
20000,0.58,20040.9;0
20000,0.58,20040.9;0
20000,0.58,20040.9;0
20000,0.58,20040.9;0
20000,0.58,20040.9;0
20000,0.58,20040.9;0
20000,0.58,20040.9;0
20000,0.58,20040.9;0
20000,0.58,20040.9;0
20000,0.58,20040.9;0
20000,0.58,20040.9;0
20000,0.58,20040.9;0
20000,0.58,20040.9;0
20000,0.58,20040.9;0
20000,0.58,20040.9;0
20000,0.58,20040.9;0
20000,0.58,20040.9;0
20000,0.58,20040.9;0
20000,0.58,20040.9;0
20000,0.58,20040.9;0
20000,0.58,20040.9;0
20000,0.58,20040.9;0
20000,0.58,20040.9;0
20000,0.58,20040.9;0
20000,0.58,20040.9;0
20000,0.58,20040.9;0
20000,0.58,20040.89;0
20000,0.58,20040.89;0
20000,0.58,20040.89;0
20000,0.58,20040.89;0
20000,0.58,20040.89;0
20000,0.58,20040.89;0
20000,0.58,20040.89;0
20000,0.58,20040.89;0
20000,0.58,20040.89;0
20000,0.58,20040.89;0
20000,0.58,20040.88;0
20000,0.58,20040.88;0
20000,0.58,20040.88;0
20000,0.58,20040.88;0
20000,0.58,20040.88;0
20000,0.58,20040.88;0
20000,0.58,20040.88;0
20000,0.58,20040.88;0
20000,0.58,20040.88;0
20000,0.58,20040.88;0
20000,0.58,20040.88;0
20000,0.58,20040.88;0
20000,0.58,20040.88;0
20000,0.58,20040.88;0
20000,0.58,20040.88;0
20000,0.58,20040.88;0
20000,0.58,20040.88;0
20000,0.58,20040.88;0
20000,0.58,20040.88;0
20000,0.58,20040.88;0
20000,0.58,20040.88;0
20000,0.58,20040.88;0
20000,0.58,20040.88;0
20000,0.58,20040.88;0
20000,0.58,20040.88;0
20000,0.58,20040.88;0
20000,0.58,20040.88;0
20000,0.58,20040.88;0
20000,0.58,20040.88;0
20000,0.58,20040.88;0
20000,0.58,20040.88;0
20000,0.58,20040.88;0
20000,0.58,20040.88;0
20000,0.58,20040.88;0
20000,0.58,20040.88;0
20000,0.58,20040.88;0
20000,0.58,20040.88;0
20000,0.58,20040.88;0
20000,0.58,20040.88;0
20000,0.58,20040.88;0
20000,0.58,20040.87;0
20000,0.58,20040.87;0
20000,0.58,20040.87;0
20000,0.58,20040.87;0
20000,0.58,20040.87;0
20000,0.58,20040.87;0
20000,0.58,20040.87;0
20000,0.58,20040.87;0
20000,0.58,20040.87;0
20000,0.58,20040.87;0
20000,0.58,20040.87;0
20000,0.58,20040.87;0
20000,0.58,20040.87;0
20000,0.58,20040.86;0
20000,0.58,20040.86;0
20000,0.58,20040.86;0
20000,0.58,20040.86;0
20000,0.58,20040.86;0
20000,0.58,20040.85;0
20000,0.58,20040.85;0
20000,0.58,20040.85;0
20000,0.58,20040.85;0
20000,0.58,20040.85;0
20000,0.58,20040.85;0
20000,0.58,20040.85;0
20000,0.58,20040.85;0
20000,0.58,20040.85;0
20000,0.58,20040.85;0
20000,0.58,20040.85;0
20000,0.58,20040.85;0
20000,0.58,20040.85;0
20000,0.58,20040.85;0
20000,0.58,20040.85;0
20000,0.58,20040.85;0
20000,0.58,20040.85;0
20000,0.58,20040.85;0
20000,0.58,20040.85;0
20000,0.58,20040.85;0
20000,0.58,20040.85;0
20000,0.58,20040.85;0
20000,0.58,20040.85;0
20000,0.58,20040.85;0
20000,0.58,20040.85;0
20000,0.58,20040.85;0
20000,0.58,20040.85;0
20000,0.58,20040.85;0
20000,0.58,20040.85;0
20000,0.58,20040.85;0
20000,0.58,20040.85;0
20000,0.58,20040.85;0
20000,0.58,20040.85;0
20000,0.58,20040.85;0
20000,0.58,20040.85;0
20000,0.58,20040.85;0
20000,0.58,20040.85;0
20000,0.58,20040.85;0
20000,0.58,20040.85;0
20000,0.58,20040.85;0
20000,0.58,20040.85;0
20000,0.58,20040.85;0
20000,0.58,20040.85;0
20000,0.58,20040.85;0
20000,0.58,20040.85;0
20000,0.58,20040.85;0
20000,0.58,20040.85;0
20000,0.58,20040.85;0
20000,0.58,20040.85;0
20000,0.58,20040.85;0
20000,0.58,20040.85;0
20000,0.58,20040.85;0
20000,0.58,20040.85;0
20000,0.58,20040.85;0
20000,0.58,20040.85;0
20000,0.58,20040.85;0
20000,0.58,20040.85;0
20000,0.58,20040.85;0
20000,0.58,20040.85;0
20000,0.58,20040.85;0
20000,0.58,20040.85;0
20000,0.58,20040.85;0
20000,0.58,20040.85;0
20000,0.58,20040.85;0
20000,0.58,20040.85;0
20000,0.58,20040.85;0
20000,0.58,20040.85;0
20000,0.58,20040.85;0
20000,0.58,20040.85;0
20000,0.58,20040.85;0
20000,0.58,20040.85;0
20000,0.58,20040.85;0
20000,0.58,20040.85;0
20000,0.58,20040.85;0
20000,0.58,20040.85;0
20000,0.58,20040.85;0
20000,0.58,20040.85;0
20000,0.58,20040.85;0
20000,0.58,20040.85;0
20000,0.58,20040.85;0
20000,0.58,20040.85;0
20000,0.58,20040.85;0
20000,0.58,20040.85;0
20000,0.58,20040.85;0
20000,0.58,20040.85;0
20000,0.58,20040.85;0
20000,0.58,20040.85;0
20000,0.58,20040.85;0
20000,0.58,20040.85;0
20000,0.58,20040.85;0
20000,0.58,20040.85;0
20000,0.58,20040.85;0
20000,0.58,20040.85;0
20000,0.58,20040.85;0
20000,0.58,20040.85;0
20000,0.58,20040.85;0
20000,0.58,20040.85;0
20000,0.58,20040.85;0
20000,0.58,20040.85;0
20000,0.58,20040.85;0
20000,0.58,20040.85;0
20000,0.58,20040.85;0
20000,0.58,20040.85;0
20000,0.58,20040.85;0
20000,0.58,20040.85;0
20000,0.58,20040.85;0
20000,0.58,20040.85;0
20000,0.58,20040.85;0
20000,0.58,20040.85;0
20000,0.58,20040.85;0
20000,0.58,20040.85;0
20000,0.58,20040.85;0
20000,0.58,20040.85;0
20000,0.58,20040.85;0
20000,0.58,20040.85;0
20000,0.58,20040.85;0
20000,0.58,20040.85;0
20000,0.58,20040.85;0
20000,0.58,20040.85;0
20000,0.58,20040.85;0
20000,0.58,20040.85;0
20000,0.58,20040.85;0
20000,0.58,20040.85;0
20000,0.58,20040.85;0
20000,0.58,20040.85;0
20000,0.58,20040.85;0
20000,0.58,20040.85;0
20000,0.58,20040.85;0
20000,0.58,20040.85;0
20000,0.58,20040.85;0
20000,0.58,20040.85;0
20000,0.58,20040.85;0
20000,0.58,20040.85;0
20000,0.58,20040.85;0
20000,0.58,20040.85;0
20000,0.58,20040.85;0
20000,0.58,20040.85;0
20000,0.58,20040.85;0
20000,0.58,20040.85;0
20000,0.58,20040.84;0
20000,0.58,20040.84;0
20000,0.58,20040.84;0
20000,0.58,20040.84;0
20000,0.58,20040.84;0
20000,0.58,20040.84;0
20000,0.58,20040.84;0
20000,0.58,20040.84;0
20000,0.58,20040.84;0
20000,0.58,20040.84;0
20000,0.58,20040.84;0
20000,0.58,20040.84;0
20000,0.58,20040.84;0
20000,0.58,20040.84;0
20000,0.58,20040.84;0
20000,0.58,20040.84;0
20000,0.58,20040.84;0
20000,0.58,20040.84;0
20000,0.58,20040.84;0
20000,0.58,20040.84;0
20000,0.58,20040.84;0
20000,0.58,20040.84;0
20000,0.58,20040.84;0
20000,0.58,20040.84;0
20000,0.58,20040.84;0
20000,0.58,20040.84;0
20000,0.58,20040.84;0
20000,0.58,20040.84;0
20000,0.58,20040.84;0
20000,0.58,20040.84;0
20000,0.58,20040.84;0
20000,0.58,20040.84;0
20000,0.58,20040.84;0
20000,0.58,20040.84;0
20000,0.58,20040.84;0
20000,0.58,20040.84;0
20000,0.58,20040.84;0
20000,0.58,20040.84;0
20000,0.58,20040.84;0
20000,0.58,20040.84;0
20000,0.58,20040.83;0
20000,0.58,20040.83;0
20000,0.58,20040.83;0
20000,0.58,20040.83;0
20000,0.58,20040.83;0
20000,0.58,20040.83;0
20000,0.58,20040.83;0
20000,0.58,20040.83;0
20000,0.58,20040.83;0
20000,0.58,20040.83;0
20000,0.58,20040.83;0
20000,0.58,20040.83;0
20000,0.58,20040.82;0
20000,0.58,20040.82;0
20000,0.58,20040.82;0
20000,0.58,20040.82;0
20000,0.58,20040.82;0
20000,0.58,20040.82;0
20000,0.58,20040.82;0
20000,0.58,20040.82;0
20000,0.58,20040.82;0
20000,0.58,20040.82;0
20000,0.58,20040.82;0
20000,0.58,20040.82;0
20000,0.58,20040.82;0
20000,0.58,20040.82;0
20000,0.58,20040.82;0
20000,0.58,20040.82;0
20000,0.58,20040.82;0
20000,0.58,20040.82;0
20000,0.58,20040.82;0
20000,0.58,20040.82;0
20000,0.58,20040.82;0
20000,0.58,20040.82;0
20000,0.58,20040.82;0
20000,0.58,20040.82;0
20000,0.58,20040.82;0
20000,0.58,20040.82;0
20000,0.58,20040.82;0
20000,0.58,20040.82;0
20000,0.58,20040.82;0
20000,0.58,20040.82;0
20000,0.58,20040.82;0
20000,0.58,20040.82;0
20000,0.58,20040.82;0
20000,0.58,20040.82;0
20000,0.58,20040.82;0
20000,0.58,20040.82;0
20000,0.58,20040.82;0
20000,0.58,20040.82;0
20000,0.58,20040.82;0
20000,0.58,20040.82;0
20000,0.58,20040.82;0
20000,0.58,20040.82;0
20000,0.58,20040.82;0
20000,0.58,20040.82;0
20000,0.58,20040.82;0
20000,0.58,20040.82;0
20000,0.58,20040.82;0
20000,0.58,20040.82;0
20000,0.58,20040.82;0
20000,0.58,20040.82;0
20000,0.58,20040.82;0
20000,0.58,20040.82;0
20000,0.58,20040.82;0
20000,0.58,20040.82;0
20000,0.58,20040.82;0
20000,0.58,20040.82;0
20000,0.58,20040.82;0
20000,0.58,20040.82;0
20000,0.58,20040.82;0
20000,0.58,20040.82;0
20000,0.58,20040.82;0
20000,0.58,20040.82;0
20000,0.58,20040.82;0
20000,0.58,20040.82;0
20000,0.58,20040.82;0
20000,0.58,20040.82;0
20000,0.58,20040.82;0
20000,0.58,20040.82;0
20000,0.58,20040.82;0
20000,0.58,20040.82;0
20000,0.58,20040.82;0
20000,0.58,20040.82;0
20000,0.58,20040.82;0
20000,0.58,20040.82;0
20000,0.58,20040.82;0
20000,0.58,20040.82;0
20000,0.58,20040.82;0
20000,0.58,20040.82;0
20000,0.58,20040.82;0
20000,0.58,20040.82;0
20000,0.58,20040.82;0
20000,0.58,20040.82;0
20000,0.58,20040.82;0
20000,0.58,20040.82;0
20000,0.58,20040.82;0
20000,0.58,20040.82;0
20000,0.58,20040.82;0
20000,0.58,20040.82;0
20000,0.58,20040.82;0
20000,0.58,20040.82;0
20000,0.58,20040.82;0
20000,0.58,20040.82;0
20000,0.58,20040.82;0
20000,0.58,20040.82;0
20000,0.58,20040.82;0
20000,0.58,20040.82;0
20000,0.58,20040.82;0
20000,0.58,20040.82;0
20000,0.58,20040.82;0
20000,0.58,20040.82;0
20000,0.58,20040.82;0
20000,0.58,20040.82;0
20000,0.58,20040.82;0
20000,0.58,20040.82;0
20000,0.58,20040.82;0
20000,0.58,20040.82;0
20000,0.58,20040.82;0
20000,0.58,20040.82;0
20000,0.58,20040.82;0
20000,0.58,20040.82;0
20000,0.58,20040.82;0
20000,0.58,20040.82;0
20000,0.58,20040.82;0
20000,0.58,20040.82;0
20000,0.58,20040.82;0
20000,0.58,20040.82;0
20000,0.58,20040.82;0
20000,0.58,20040.82;0
20000,0.58,20040.82;0
20000,0.58,20040.82;0
20000,0.58,20040.82;0
20000,0.58,20040.82;0
20000,0.58,20040.82;0
20000,0.58,20040.82;0
20000,0.58,20040.82;0
20000,0.58,20040.82;0
20000,0.58,20040.82;0
20000,0.58,20040.82;0
20000,0.58,20040.82;0
20000,0.58,20040.82;0
20000,0.58,20040.82;0
20000,0.58,20040.82;0
20000,0.58,20040.82;0
20000,0.58,20040.82;0
20000,0.58,20040.82;0
20000,0.58,20040.82;0
20000,0.58,20040.82;0
20000,0.58,20040.82;0
20000,0.58,20040.82;0
20000,0.58,20040.82;0
20000,0.58,20040.82;0
20000,0.58,20040.82;0
20000,0.58,20040.82;0
20000,0.58,20040.82;0
20000,0.58,20040.82;0
20000,0.58,20040.82;0
20000,0.58,20040.82;0
20000,0.58,20040.82;0
20000,0.58,20040.82;0
20000,0.58,20040.82;0
20000,0.58,20040.82;0
20000,0.58,20040.82;0
20000,0.58,20040.82;0
20000,0.58,20040.82;0
20000,0.58,20040.82;0
20000,0.58,20040.82;0
20000,0.58,20040.82;0
20000,0.58,20040.82;0
20000,0.58,20040.82;0
20000,0.58,20040.82;0
20000,0.58,20040.82;0
20000,0.58,20040.82;0
20000,0.58,20040.82;0
20000,0.58,20040.82;0
20000,0.58,20040.82;0
20000,0.58,20040.82;0
20000,0.58,20040.82;0
20000,0.58,20040.82;0
20000,0.58,20040.82;0
20000,0.58,20040.82;0
20000,0.58,20040.82;0
20000,0.58,20040.82;0
20000,0.58,20040.82;0
20000,0.58,20040.82;0
20000,0.58,20040.82;0
20000,0.58,20040.82;0
20000,0.58,20040.82;0
20000,0.58,20040.82;0
20000,0.58,20040.82;0
20000,0.58,20040.82;0
20000,0.58,20040.82;0
20000,0.58,20040.82;0
20000,0.58,20040.82;0
20000,0.58,20040.82;0
20000,0.58,20040.82;0
20000,0.58,20040.82;0
20000,0.58,20040.82;0
20000,0.58,20040.82;0
20000,0.58,20040.82;0
20000,0.58,20040.82;0
20000,0.58,20040.82;0
20000,0.58,20040.82;0
20000,0.58,20040.82;0
20000,0.58,20040.82;0
20000,0.58,20040.82;0
20000,0.58,20040.82;0
20000,0.58,20040.82;0
20000,0.58,20040.82;0
20000,0.58,20040.82;0
20000,0.58,20040.82;0
20000,0.58,20040.82;0
20000,0.58,20040.82;0
20000,0.58,20040.82;0
20000,0.58,20040.82;0
20000,0.58,20040.82;0
20000,0.58,20040.82;0
20000,0.58,20040.82;0
20000,0.58,20040.82;0
20000,0.58,20040.82;0
20000,0.58,20040.82;0
20000,0.58,20040.82;0
20000,0.58,20040.82;0
20000,0.58,20040.82;0
20000,0.58,20040.82;0
20000,0.58,20040.82;0
20000,0.58,20040.82;0
20000,0.58,20040.82;0
20000,0.58,20040.82;0
20000,0.58,20040.82;0
20000,0.58,20040.82;0
20000,0.58,20040.82;0
20000,0.58,20040.82;0
20000,0.58,20040.82;0
20000,0.58,20040.82;0
20000,0.58,20040.82;0
20000,0.58,20040.82;0
20000,0.58,20040.83;0
20000,0.58,20040.83;0
20000,0.58,20040.83;0
20000,0.58,20040.83;0
20000,0.58,20040.83;0
20000,0.58,20040.83;0
20000,0.58,20040.83;0
20000,0.58,20040.83;0
20000,0.58,20040.83;0
20000,0.58,20040.83;0
20000,0.58,20040.83;0
20000,0.58,20040.83;0
20000,0.58,20040.83;0
20000,0.58,20040.83;0
20000,0.58,20040.83;0
20000,0.58,20040.83;0
20000,0.58,20040.83;0
20000,0.58,20040.83;0
20000,0.58,20040.83;0
20000,0.58,20040.83;0
20000,0.58,20040.83;0
20000,0.58,20040.83;0
20000,0.58,20040.83;0
20000,0.58,20040.83;0
20000,0.58,20040.83;0
20000,0.58,20040.83;0
20000,0.58,20040.83;0
20000,0.58,20040.83;0
20000,0.58,20040.83;0
20000,0.58,20040.83;0
20000,0.58,20040.83;0
20000,0.58,20040.83;0
20000,0.58,20040.83;0
20000,0.58,20040.83;0
20000,0.58,20040.83;0
20000,0.58,20040.83;0
20000,0.58,20040.83;0
20000,0.58,20040.83;0
20000,0.58,20040.83;0
20000,0.58,20040.83;0
20000,0.58,20040.83;0
20000,0.58,20040.83;0
20000,0.58,20040.83;0
20000,0.58,20040.83;0
20000,0.58,20040.83;0
20000,0.58,20040.83;0
20000,0.58,20040.83;0
20000,0.58,20040.83;0
20000,0.58,20040.83;0
20000,0.58,20040.83;0
20000,0.58,20040.83;0
20000,0.58,20040.83;0
20000,0.58,20040.83;0
20000,0.58,20040.83;0
20000,0.58,20040.83;0
20000,0.58,20040.83;0
20000,0.58,20040.83;0
20000,0.58,20040.83;0
20000,0.58,20040.83;0
20000,0.58,20040.83;0
20000,0.58,20040.83;0
20000,0.58,20040.83;0
20000,0.58,20040.83;0
20000,0.58,20040.83;0
20000,0.58,20040.83;0
20000,0.58,20040.83;0
20000,0.58,20040.83;0
20000,0.58,20040.83;0
20000,0.58,20040.83;0
20000,0.58,20040.83;0
20000,0.58,20040.83;0
20000,0.58,20040.83;0
20000,0.58,20040.83;0
20000,0.58,20040.83;0
20000,0.58,20040.83;0
20000,0.58,20040.83;0
20000,0.58,20040.83;0
20000,0.58,20040.83;0
20000,0.58,20040.83;0
20000,0.58,20040.83;0
20000,0.58,20040.83;0
20000,0.58,20040.83;0
20000,0.58,20040.83;0
20000,0.58,20040.83;0
20000,0.58,20040.83;0
20000,0.58,20040.83;0
20000,0.58,20040.83;0
20000,0.58,20040.83;0
20000,0.58,20040.83;0
20000,0.58,20040.83;0
20000,0.58,20040.83;0
20000,0.58,20040.83;0
20000,0.58,20040.83;0
20000,0.58,20040.83;0
20000,0.58,20040.83;0
20000,0.58,20040.83;0
20000,0.58,20040.83;0
20000,0.58,20040.83;0
20000,0.58,20040.83;0
20000,0.58,20040.83;0
20000,0.58,20040.83;0
20000,0.58,20040.83;0
20000,0.58,20040.83;0
20000,0.58,20040.83;0
20000,0.58,20040.83;0
20000,0.58,20040.83;0
20000,0.58,20040.83;0
20000,0.58,20040.83;0
20000,0.58,20040.83;0
20000,0.58,20040.83;0
20000,0.58,20040.83;0
20000,0.58,20040.83;0
20000,0.58,20040.83;0
20000,0.58,20040.83;0
20000,0.58,20040.83;0
20000,0.58,20040.83;0
20000,0.58,20040.83;0
20000,0.58,20040.83;0
20000,0.58,20040.83;0
20000,0.58,20040.83;0
20000,0.58,20040.83;0
20000,0.58,20040.83;0
20000,0.58,20040.83;0
20000,0.58,20040.83;0
20000,0.58,20040.83;0
20000,0.58,20040.83;0
20000,0.58,20040.83;0
20000,0.58,20040.83;0
20000,0.58,20040.83;0
20000,0.58,20040.83;0
20000,0.58,20040.83;0
20000,0.58,20040.83;0
20000,0.58,20040.83;0
20000,0.58,20040.83;0
20000,0.58,20040.83;0
20000,0.58,20040.83;0
20000,0.58,20040.83;0
20000,0.58,20040.83;0
20000,0.58,20040.83;0
20000,0.58,20040.83;0
20000,0.58,20040.83;0
20000,0.58,20040.83;0
20000,0.58,20040.83;0
20000,0.58,20040.83;0
20000,0.58,20040.83;0
20000,0.58,20040.83;0
20000,0.58,20040.83;0
20000,0.58,20040.83;0
20000,0.58,20040.83;0
20000,0.58,20040.83;0
20000,0.58,20040.83;0
20000,0.58,20040.83;0
20000,0.58,20040.83;0
20000,0.58,20040.83;0
20000,0.58,20040.83;0
20000,0.58,20040.83;0
20000,0.58,20040.83;0
20000,0.58,20040.83;0
20000,0.58,20040.83;0
20000,0.58,20040.83;0
20000,0.58,20040.83;0
20000,0.58,20040.83;0
20000,0.58,20040.83;0
20000,0.58,20040.83;0
20000,0.58,20040.83;0
20000,0.58,20040.83;0
20000,0.58,20040.83;0
20000,0.58,20040.83;0
20000,0.58,20040.83;0
20000,0.58,20040.83;0
20000,0.58,20040.83;0
20000,0.58,20040.83;0
20000,0.58,20040.83;0
20000,0.58,20040.83;0
20000,0.58,20040.83;0
20000,0.58,20040.83;0
20000,0.58,20040.83;0
20000,0.58,20040.83;0
20000,0.58,20040.83;0
20000,0.58,20040.83;0
20000,0.58,20040.83;0
20000,0.58,20040.83;0
20000,0.58,20040.83;0
20000,0.58,20040.83;0
20000,0.58,20040.83;0
20000,0.58,20040.83;0
20000,0.58,20040.83;0
20000,0.58,20040.83;0
20000,0.58,20040.83;0
20000,0.58,20040.83;0
20000,0.58,20040.83;0
20000,0.58,20040.83;0
20000,0.58,20040.83;0
20000,0.58,20040.83;0
20000,0.58,20040.83;0
20000,0.58,20040.83;0
20000,0.58,20040.83;0
20000,0.58,20040.83;0
20000,0.58,20040.83;0
20000,0.58,20040.83;0
20000,0.58,20040.83;0
20000,0.58,20040.83;0
20000,0.58,20040.83;0
20000,0.58,20040.83;0
20000,0.58,20040.83;0
20000,0.58,20040.83;0
20000,0.58,20040.83;0
20000,0.58,20040.83;0
20000,0.58,20040.83;0
20000,0.58,20040.83;0
20000,0.58,20040.83;0
20000,0.58,20040.83;0
20000,0.58,20040.83;0
20000,0.58,20040.83;0
20000,0.58,20040.83;0
20000,0.58,20040.83;0
20000,0.58,20040.83;0
20000,0.58,20040.83;0
20000,0.58,20040.83;0
20000,0.58,20040.83;0
20000,0.58,20040.83;0
20000,0.58,20040.83;0
20000,0.58,20040.83;0
20000,0.58,20040.83;0
20000,0.58,20040.83;0
20000,0.58,20040.83;0
20000,0.58,20040.83;0
20000,0.58,20040.83;0
20000,0.58,20040.83;0
20000,0.58,20040.83;0
20000,0.58,20040.83;0
20000,0.58,20040.83;0
20000,0.58,20040.83;0
20000,0.58,20040.83;0
20000,0.58,20040.83;0
20000,0.58,20040.83;0
20000,0.58,20040.83;0
20000,0.58,20040.83;0
20000,0.58,20040.83;0
20000,0.58,20040.83;0
20000,0.58,20040.83;0
20000,0.58,20040.83;0
20000,0.58,20040.83;0
20000,0.58,20040.83;0
20000,0.58,20040.83;0
20000,0.58,20040.83;0
20000,0.58,20040.83;0
20000,0.58,20040.83;0
20000,0.58,20040.83;0
20000,0.58,20040.83;0
20000,0.58,20040.83;0
20000,0.58,20040.83;0
20000,0.58,20040.83;0
20000,0.58,20040.83;0
20000,0.58,20040.83;0
20000,0.58,20040.83;0
20000,0.58,20040.83;0
20000,0.58,20040.83;0
20000,0.58,20040.83;0
20000,0.58,20040.83;0
20000,0.58,20040.83;0
20000,0.58,20040.83;0
20000,0.58,20040.83;0
20000,0.58,20040.83;0
20000,0.58,20040.83;0
20000,0.58,20040.83;0
20000,0.58,20040.83;0
20000,0.58,20040.83;0
20000,0.58,20040.83;0
20000,0.58,20040.83;0
20000,0.58,20040.83;0
20000,0.58,20040.83;0
20000,0.58,20040.83;0
20000,0.58,20040.83;0
20000,0.58,20040.83;0
20000,0.58,20040.83;0
20000,0.58,20040.83;0
20000,0.58,20040.83;0
20000,0.58,20040.83;0
20000,0.58,20040.83;0
20000,0.58,20040.83;0
20000,0.58,20040.83;0
20000,0.58,20040.83;0
20000,0.58,20040.83;0
20000,0.58,20040.83;0
20000,0.58,20040.83;0
20000,0.58,20040.83;0
20000,0.58,20040.83;0
20000,0.58,20040.83;0
20000,0.58,20040.83;0
20000,0.58,20040.83;0
20000,0.58,20040.83;0
20000,0.58,20040.83;0
20000,0.58,20040.83;0
20000,0.58,20040.83;0
20000,0.58,20040.83;0
20000,0.58,20040.83;0
20000,0.58,20040.83;0
20000,0.58,20040.83;0
20000,0.58,20040.83;0
20000,0.58,20040.83;0
20000,0.58,20040.83;0
20000,0.58,20040.83;0
20000,0.58,20040.83;0
20000,0.58,20040.83;0
20000,0.58,20040.83;0
20000,0.58,20040.83;0
20000,0.58,20040.83;0
20000,0.58,20040.83;0
20000,0.58,20040.83;0
20000,0.58,20040.83;0
20000,0.58,20040.83;0
20000,0.58,20040.83;0
20000,0.58,20040.83;0
20000,0.58,20040.83;0
20000,0.58,20040.83;0
20000,0.58,20040.83;0
20000,0.58,20040.83;0
20000,0.58,20040.83;0
20000,0.58,20040.83;0
20000,0.58,20040.83;0
20000,0.58,20040.83;0
20000,0.58,20040.83;0
20000,0.58,20040.83;0
20000,0.58,20040.83;0
20000,0.58,20040.83;0
20000,0.58,20040.83;0
20000,0.58,20040.83;0
20000,0.58,20040.83;0
20000,0.58,20040.83;0
20000,0.58,20040.83;0
20000,0.58,20040.83;0
20000,0.58,20040.83;0
20000,0.58,20040.83;0
20000,0.58,20040.83;0
20000,0.58,20040.83;0
20000,0.58,20040.83;0
20000,0.58,20040.83;0
20000,0.58,20040.83;0
20000,0.58,20040.83;0
20000,0.58,20040.83;0
20000,0.58,20040.83;0
20000,0.58,20040.83;0
20000,0.58,20040.83;0
20000,0.58,20040.83;0
20000,0.58,20040.83;0
20000,0.58,20040.83;0
20000,0.58,20040.83;0
20000,0.58,20040.83;0
20000,0.58,20040.83;0
20000,0.58,20040.83;0
20000,0.58,20040.83;0
20000,0.58,20040.83;0
20000,0.58,20040.83;0
20000,0.58,20040.83;0
20000,0.58,20040.83;0
20000,0.58,20040.83;0
20000,0.58,20040.83;0
20000,0.58,20040.83;0
20000,0.58,20040.83;0
20000,0.58,20040.83;0
20000,0.58,20040.83;0
20000,0.58,20040.83;0
20000,0.58,20040.83;0
20000,0.58,20040.83;0
20000,0.58,20040.83;0
20000,0.58,20040.83;0
20000,0.58,20040.83;0
20000,0.58,20040.83;0
20000,0.58,20040.83;0
20000,0.58,20040.83;0
20000,0.58,20040.83;0
20000,0.58,20040.83;0
20000,0.58,20040.83;0
20000,0.58,20040.83;0
20000,0.58,20040.83;0
20000,0.58,20040.83;0
20000,0.58,20040.83;0
20000,0.58,20040.83;0
20000,0.58,20040.83;0
20000,0.58,20040.83;0
20000,0.58,20040.83;0
20000,0.58,20040.83;0
20000,0.58,20040.83;0
20000,0.58,20040.83;0
20000,0.58,20040.83;0
20000,0.58,20040.83;0
20000,0.58,20040.83;0
20000,0.58,20040.83;0
20000,0.58,20040.83;0
20000,0.58,20040.83;0
20000,0.58,20040.83;0
20000,0.58,20040.83;0
20000,0.58,20040.83;0
20000,0.58,20040.83;0
20000,0.58,20040.83;0
20000,0.58,20040.83;0
20000,0.58,20040.83;0
20000,0.58,20040.83;0
20000,0.58,20040.85;0
20000,0.58,20040.9;0
20000,0.58,20040.9;0
20000,0.58,20040.9;0
20000,0.58,20040.9;0
20000,0.58,20040.97;0
20000,0.58,20041.06;0
20000,0.58,20041.18;0
20000,0.58,20041.18;0
20000,0.58,20041.3;0
20000,0.58,20041.41;0
20000,0.58,20041.52;0
20000,0.58,20041.64;0
20000,0.58,20041.75;0
20000,0.58,20041.75;0
20000,0.58,20041.87;0
20000,0.58,20041.98;0
20000,0.58,20042.09;0
20000,0.58,20042.21;0
20000,0.58,20042.32;0
20000,0.58,20042.32;0
20000,0.58,20042.44;0
20000,0.58,20042.55;0
20000,0.58,20042.67;0
20000,0.58,20042.79;0
20000,0.58,20042.9;0
20000,0.58,20042.9;0
20000,0.58,20043.02;0
20000,0.58,20043.13;0
20000,0.58,20043.13;0
20000,0.58,20043.25;0
20000,0.58,20043.36;0
20000,0.58,20043.36;0
20000,0.58,20043.48;0
20000,0.58,20043.6;0
20000,0.58,20043.71;0
20000,0.58,20043.83;0
20000,0.58,20043.95;0
20000,0.58,20043.95;0
20000,0.58,20044.06;0
20000,0.58,20044.17;0
20000,0.58,20044.28;0
20000,0.58,20044.38;0
20000,0.58,20044.49;0
20000,0.58,20044.49;0
20000,0.58,20044.6;0
20000,0.58,20044.72;0
20000,0.58,20044.84;0
20000,0.58,20044.97;0
20000,0.58,20045.1;0
20000,0.58,20045.1;0
20000,0.58,20045.22;0
20000,0.58,20045.35;0
20000,0.58,20045.48;0
20000,0.58,20045.61;0
20000,0.58,20045.61;0
20000,0.58,20045.73;0
20000,0.58,20045.86;0
20000,0.58,20045.99;0
20000,0.58,20046.11;0
20000,0.58,20046.24;0
20000,0.58,20046.24;0
20000,0.58,20046.37;0
20000,0.58,20046.49;0
20000,0.58,20046.62;0
20000,0.58,20046.75;0
20000,0.58,20046.88;0
20000,0.58,20046.88;0
20000,0.58,20047;0
20000,0.58,20047.13;0
20000,0.58,20047.26;0
20000,0.58,20047.38;0
20000,0.58,20047.51;0
