20000,0.5,20000;0
20000,0.579999,20000.25;0.303669
20000,0.579999,20000.5;0.6646299
20000,0.579999,20000.5;0.6646299
20000,0.579999,20000.5;0.6646299
20000.01,0.579999,20000.68;1.019862
20000.01,0.579999,20000.78;1.323531
20000.01,0.579999,20000.78;1.323531
20000.01,0.579999,20000.78;1.323531
20000.01,0.579999,20000.83;1.6272
20000.01,0.579999,20000.88;1.970973
20000.02,0.579999,20000.93;2.314747
20000.02,0.579999,20000.93;2.314747
20000.02,0.579999,20000.93;2.314747
20000.02,0.58,20001.08;2.65852
20000.03,0.58,20001.22;2.962189
20000.04,0.58,20001.48;3.265858
20000.06,0.58,20001.73;3.609632
20000.06,0.58,20001.73;3.609632
20000.08,0.58,20001.98;3.953405
20000.1,0.58,20002.24;4.308637
20000.12,0.58,20002.49;4.618035
20000.12,0.58,20002.49;4.618035
20000.12,0.58,20002.49;4.618035
20000.14,0.58,20002.74;4.927434
20000.16,0.58,20002.99;5.288395
20000.19,0.58,20003.25;5.660814
20000.19,0.58,20003.25;5.660814
20000.19,0.58,20003.25;5.660814
20000.21,0.58,20003.49;6.033233
20000.24,0.58,20003.71;6.354089
20000.26,0.58,20003.93;6.726508
20000.26,0.58,20003.93;6.726508
20000.26,0.58,20003.93;6.726508
20000.29,0.58,20004.19;7.098928
20000.33,0.58,20004.44;7.471348
20000.36,0.58,20004.69;7.792204
20000.36,0.58,20004.69;7.792204
20000.36,0.58,20004.69;7.792204
20000.4,0.58,20004.93;8.170354
20000.43,0.58,20005.18;8.548502
20000.47,0.58,20005.43;8.920922
20000.47,0.58,20005.43;8.920922
20000.47,0.58,20005.43;8.920922
20000.51,0.58,20005.65;9.293343
20000.55,0.58,20005.87;9.608469
20000.59,0.58,20006.09;9.98089
20000.59,0.58,20006.09;9.98089
20000.59,0.58,20006.09;9.98089
20000.63,0.58,20006.34;10.35331
20000.68,0.58,20006.59;10.72
20000.73,0.58,20006.84;11.04086
20000.73,0.58,20006.84;11.04086
20000.77,0.58,20007.07;11.36171
20000.77,0.58,20007.07;11.36171
20000.83,0.58,20007.32;11.68257
20000.88,0.58,20007.57;11.91175
20000.88,0.58,20007.57;11.91175
20000.93,0.58,20007.82;12.2326
20000.98,0.58,20008.05;12.55346
20001.04,0.58,20008.29;12.93161
20001.04,0.58,20008.29;12.93161
20001.04,0.58,20008.29;12.93161
20001.1,0.58,20008.54;13.2582
20001.16,0.58,20008.79;13.58478
20001.22,0.58,20009.03;13.88845
20001.22,0.58,20009.03;13.88845
20001.28,0.58,20009.27;14.24941
20001.28,0.58,20009.27;14.24941
20001.34,0.58,20009.52;14.61037
20001.41,0.58,20009.76;14.95988
20001.41,0.58,20009.76;14.95988
20001.47,0.58,20010.01;15.26355
20001.54,0.58,20010.24;15.56721
20001.61,0.58,20010.47;15.91672
20001.61,0.58,20010.47;15.91672
20001.68,0.58,20010.71;16.25476
20001.68,0.58,20010.71;16.25476
20001.75,0.58,20010.96;16.5527
20001.75,0.58,20010.96;16.5527
20001.8,0.58,20011.12;16.89647
20001.8,0.58,20011.12;16.89647
20001.83,0.58,20011.23;17.24025
20001.87,0.58,20011.35;17.53246
20001.87,0.58,20011.35;17.53246
20001.95,0.58,20011.59;17.88197
20001.95,0.58,20011.59;17.88197
20002.02,0.58,20011.8;18.23147
20002.02,0.58,20011.8;18.23147
20002.1,0.58,20012.04;18.52941
20002.1,0.58,20012.04;18.52941
20002.1,0.58,20012.04;18.52941
20002.18,0.58,20012.28;18.82735
20002.26,0.58,20012.52;19.17685
20002.34,0.58,20012.73;19.53208
20002.34,0.58,20012.73;19.53208
20002.34,0.58,20012.73;19.53208
20002.42,0.58,20012.97;19.83575
20002.42,0.58,20012.97;19.83575
20002.51,0.58,20013.21;20.19098
20002.51,0.58,20013.21;20.19098
20002.59,0.58,20013.42;20.54622
20002.67,0.58,20013.63;20.90145
20002.67,0.58,20013.63;20.90145
20002.76,0.58,20013.86;21.20512
20002.76,0.58,20013.86;21.20512
20002.85,0.58,20014.1;21.50879
20002.95,0.58,20014.33;21.8411
20003.03,0.58,20014.54;22.16769
20003.03,0.58,20014.54;22.16769
20003.03,0.58,20014.54;22.16769
20003.13,0.58,20014.78;22.49427
20003.23,0.58,20015.01;22.76357
20003.32,0.58,20015.23;23.03286
20003.41,0.58,20015.44;23.35372
20003.41,0.58,20015.44;23.35372
20003.48,0.58,20015.6;23.67457
20003.55,0.58,20015.76;24.00689
20003.55,0.58,20015.76;24.00689
20003.63,0.58,20015.92;24.28764
20003.63,0.58,20015.92;24.28764
20003.63,0.58,20015.92;24.28764
20003.7,0.58,20016.08;24.60277
20003.7,0.58,20016.08;24.9179
20003.7,0.58,20016.08;25.22157
20003.7,0.58,20016.08;25.22157
20003.7,0.58,20016.08;25.22157
20003.71,0.58,20016.09;25.47367
20003.74,0.58,20016.17;25.72578
20003.78,0.58,20016.24;26.00653
20003.78,0.58,20016.24;26.00653
20003.89,0.58,20016.46;26.28728
20004,0.58,20016.68;26.56804
20004.1,0.58,20016.89;26.84879
20004.2,0.58,20017.09;27.12954
20004.2,0.58,20017.09;27.12954
20004.27,0.58,20017.22;27.4103
20004.35,0.58,20017.36;27.77699
20004.39,0.58,20017.45;28.14368
20004.44,0.58,20017.53;28.55621
20004.44,0.58,20017.53;28.55621
20004.45,0.58,20017.56;28.96875
20004.47,0.58,20017.59;29.2896
20004.47,0.58,20017.59;29.61046
20004.47,0.58,20017.59;29.83391
20004.47,0.58,20017.59;30.05736
20004.49,0.58,20017.63;30.12611
20004.51,0.58,20017.66;30.12611
20004.51,0.58,20017.66;30.12611
20004.51,0.58,20017.66;30.12611
20004.56,0.58,20017.75;30.12611
20004.62,0.58,20017.85;30.08601
20004.68,0.58,20017.95;30.05736
20004.68,0.58,20017.95;30.05736
20004.68,0.58,20017.95;30.05736
20004.72,0.58,20018.02;30.02872
20004.76,0.58,20018.09;30.02872
20004.76,0.58,20018.09;30.02872
20004.8,0.58,20018.16;30.04018
20004.8,0.58,20018.16;30.04018
20004.8,0.58,20018.16;30.04018
20004.84,0.58,20018.23;30.03445
20004.84,0.58,20018.23;30.03445
20004.88,0.58,20018.3;30.01726
20004.88,0.58,20018.3;30.01726
20004.93,0.58,20018.38;29.98862
20004.93,0.58,20018.38;29.98862
20004.93,0.58,20018.38;29.95997
20004.93,0.58,20018.38;29.93705
20004.93,0.58,20018.38;29.93705
20005.03,0.58,20018.56;29.94279
20005.03,0.58,20018.56;29.94279
20005.13,0.58,20018.74;29.94851
20005.23,0.58,20018.91;29.95997
20005.23,0.58,20018.91;29.95997
20005.36,0.58,20019.12;29.97143
20005.36,0.58,20019.12;29.97143
20005.47,0.58,20019.33;29.98289
20005.59,0.58,20019.53;29.98862
20005.59,0.58,20019.53;29.98862
20005.69,0.58,20019.71;29.99435
20005.69,0.58,20019.71;29.99435
20005.81,0.58,20019.91;30.00008
20005.81,0.58,20019.91;30.00008
20005.81,0.58,20019.91;30.00008
20005.93,0.58,20020.11;30.00581
20006.02,0.58,20020.28;30.01153
20006.12,0.58,20020.45;30.02299
20006.12,0.58,20020.45;30.02299
20006.23,0.58,20020.64;30.04018
20006.23,0.58,20020.64;30.04018
20006.35,0.58,20020.84;30.05737
20006.46,0.58,20021.03;30.07456
20006.46,0.58,20021.03;30.07456
20006.55,0.58,20021.2;30.09174
20006.55,0.58,20021.2;30.09174
20006.65,0.5800001,20021.39;30.10893
20006.65,0.58,20021.58;30.12612
20006.65,0.5800002,20021.74;30.1433
20006.65,0.5800002,20021.74;30.1433
20006.65,0.5800002,20021.74;30.1433
20006.65,0.58,20021.93;30.16049
20006.65,0.5800008,20022.12;30.17768
20006.65,0.5800007,20022.3;30.19487
20006.65,0.5800007,20022.3;30.19487
20006.65,0.5800007,20022.3;30.19487
20006.65,0.5800011,20022.46;30.21206
20006.65,0.5800009,20022.62;30.23497
20006.65,0.5800013,20022.8;30.25789
20006.65,0.5800022,20022.99;30.27508
20006.65,0.5800022,20022.99;30.27508
20006.65,0.5800022,20023.17;30.29226
20006.65,0.5800027,20023.36;30.30945
20006.65,0.5800025,20023.51;30.32664
20006.65,0.5800025,20023.51;30.32664
20006.65,0.5800025,20023.51;30.32664
20006.65,0.5800028,20023.69;30.34383
20006.65,0.5800033,20023.86;30.36101
20006.65,0.5800034,20023.96;30.38393
20006.65,0.5800034,20023.96;30.38393
20006.65,0.5800034,20023.96;30.38393
20006.65,0.5800036,20024.06;30.40685
20006.65,0.5800037,20024.17;30.42404
20006.65,0.5800031,20024.33;30.44695
20006.65,0.5800031,20024.33;30.44695
20006.65,0.5800031,20024.33;30.44695
20006.65,0.5800028,20024.5;30.46987
20006.65,0.5800028,20024.64;30.49279
20006.65,0.5800034,20024.78;30.50998
20006.65,0.5800034,20024.78;30.50998
20006.65,0.5800034,20024.78;30.50998
20006.65,0.5800034,20024.96;30.5329
20006.65,0.5800025,20025.13;30.55581
20006.65,0.5800027,20025.31;30.56727
20006.65,0.5800027,20025.31;30.56727
20006.65,0.5800031,20025.47;30.57873
20006.65,0.5800031,20025.63;30.58446
20006.65,0.5800037,20025.81;30.59019
20006.65,0.5800036,20025.99;30.59591
20006.65,0.5800039,20026.18;30.60164
20006.65,0.580004,20026.34;30.60738
20006.65,0.580004,20026.34;30.60738
20006.65,0.580004,20026.34;30.60738
20006.65,0.5800046,20026.53;30.6131
20006.65,0.5800044,20026.71;30.61883
20006.65,0.5800044,20026.71;30.61883
20006.65,0.5800044,20026.71;30.61883
20006.65,0.5800044,20026.71;30.61883
20006.65,0.5800046,20026.87;30.63029
20006.65,0.5800042,20027.06;30.64174
20006.65,0.5800043,20027.25;30.65893
20006.65,0.5800043,20027.25;30.65893
20006.65,0.580004,20027.44;30.67612
20006.65,0.5800037,20027.63;30.68758
20006.65,0.5800034,20027.82;30.69904
20006.65,0.5800034,20027.82;30.69904
20006.65,0.5800034,20027.82;30.69904
20006.65,0.5800034,20027.98;30.7105
20006.65,0.5800029,20028.17;30.72196
20006.65,0.580003,20028.36;30.73342
20006.65,0.580003,20028.36;30.73342
20006.65,0.580003,20028.36;30.73342
20006.65,0.5800027,20028.52;30.73914
20006.65,0.5800032,20028.71;30.74487
20006.65,0.580003,20028.9;30.75634
20006.65,0.580003,20028.9;30.75634
20006.65,0.580003,20028.9;30.75634
20006.65,0.580003,20029.08;30.76779
20006.65,0.5800029,20029.24;30.77925
20006.65,0.580003,20029.4;30.78498
20006.65,0.580003,20029.4;30.78498
20006.65,0.580003,20029.4;30.78498
20006.65,0.5800031,20029.58;30.79644
20006.65,0.580003,20029.75;30.8079
20006.65,0.5800026,20029.93;30.82508
20006.65,0.5800026,20029.93;30.82508
20006.65,0.5800026,20029.93;30.82508
20006.65,0.5800024,20030.07;30.85373
20006.65,0.5800028,20030.24;30.88238
20006.65,0.580003,20030.41;30.91675
20006.65,0.580003,20030.41;30.91675
20006.65,0.5800034,20030.58;30.95685
20006.65,0.5800034,20030.58;30.95685
20006.65,0.5800038,20030.73;30.99695
20006.65,0.5800042,20030.88;31.03133
20006.65,0.5800042,20030.88;31.03133
20006.65,0.5800039,20031.06;31.05424
20006.65,0.5800039,20031.06;31.05424
20006.65,0.5800043,20031.21;31.07716
20006.65,0.5800045,20031.36;31.08862
20006.65,0.5800045,20031.36;31.08862
20006.65,0.5800042,20031.53;31.10581
20006.65,0.5800042,20031.53;31.10581
20006.65,0.5800044,20031.7;31.123
20006.65,0.5800041,20031.88;31.14018
20006.65,0.5800038,20032.04;31.15165
20006.65,0.5800038,20032.04;31.15165
20006.65,0.5800038,20032.04;31.15165
20006.65,0.5800042,20032.19;31.1631
20006.65,0.5800037,20032.34;31.18602
20006.65,0.5800039,20032.5;31.20893
20006.65,0.5800039,20032.5;31.20893
20006.65,0.5800039,20032.5;31.20893
20006.65,0.5800042,20032.67;31.23185
20006.65,0.5800043,20032.84;31.24904
20006.65,0.5800043,20032.98;31.27196
20006.65,0.5800043,20032.98;31.27196
20006.65,0.5800043,20032.98;31.27196
20006.65,0.5800043,20033.15;31.29487
20006.65,0.5800045,20033.31;31.31206
20006.65,0.5800044,20033.47;31.32352
20006.65,0.5800044,20033.47;31.32352
20006.65,0.5800044,20033.47;31.32352
20006.65,0.5800042,20033.61;31.33498
20006.65,0.5800043,20033.74;31.35217
20006.65,0.5800049,20033.9;31.36935
20006.65,0.5800051,20034.06;31.398
20006.65,0.5800051,20034.06;31.398
20006.65,0.5800055,20034.19;31.42665
20006.65,0.5800056,20034.32;31.4553
20006.65,0.5800056,20034.48;31.48395
20006.65,0.580006,20034.63;31.51259
20006.65,0.580006,20034.63;31.51259
20006.65,0.5800058,20034.79;31.54124
20006.65,0.5800059,20034.95;31.57561
20006.65,0.5800057,20035.08;31.59852
20006.65,0.5800057,20035.08;31.59852
20006.65,0.5800057,20035.08;31.59852
20006.65,0.5800064,20035.24;31.62144
20006.65,0.5800063,20035.39;31.64436
20006.65,0.5800065,20035.55;31.66728
20006.65,0.5800065,20035.55;31.66728
20006.65,0.5800065,20035.55;31.66728
20006.65,0.5800068,20035.68;31.6902
20006.65,0.5800065,20035.82;31.71311
20006.65,0.5800071,20035.96;31.74176
20006.65,0.5800071,20035.96;31.74176
20006.65,0.5800071,20035.96;31.74176
20006.65,0.5800073,20036.1;31.77041
20006.65,0.5800071,20036.21;31.79905
20006.65,0.5800071,20036.32;31.8277
20006.65,0.5800071,20036.32;31.8277
20006.65,0.5800071,20036.32;31.8277
20006.65,0.5800074,20036.46;31.85635
20006.65,0.5800074,20036.59;31.88499
20006.65,0.5800072,20036.72;31.89645
20006.65,0.5800072,20036.72;31.89645
20006.65,0.5800071,20036.83;31.90791
20006.65,0.5800073,20036.93;31.93082
20006.65,0.5800073,20037.06;31.95375
20006.65,0.5800072,20037.18;31.98812
20006.65,0.5800072,20037.18;31.98812
20006.65,0.5800072,20037.18;31.98812
20006.65,0.5800074,20037.3;32.02822
20006.65,0.5800073,20037.41;32.06833
20006.65,0.5800073,20037.52;32.10271
20006.65,0.5800073,20037.52;32.10271
20006.65,0.5800073,20037.52;32.10271
20006.65,0.5800074,20037.63;32.13707
20006.65,0.5800074,20037.75;32.17145
20006.65,0.5800081,20037.87;32.18864
20006.65,0.5800081,20037.87;32.18864
20006.65,0.5800079,20037.96;32.20583
20006.65,0.580008,20038.04;32.2001
20006.65,0.5800084,20038.12;32.19437
20006.65,0.5800086,20038.19;32.16572
20006.65,0.5800086,20038.19;32.16572
20006.65,0.5800086,20038.23;32.13707
20006.65,0.5800086,20038.27;32.08551
20006.65,0.5800086,20038.28;32.03395
20006.65,0.5800086,20038.29;32.03967
20006.65,0.5800086,20038.29;32.03967
20006.65,0.5800086,20038.29;32.12562
20006.65,0.5800086,20038.29;32.12562
20006.65,0.5800086,20038.28;32.21157
20006.64,0.5800086,20038.28;32.36054
20006.64,0.5800086,20038.28;32.36054
20006.64,0.5800086,20038.28;32.49232
20006.64,0.5800086,20038.28;32.49232
20006.64,0.5800086,20038.28;32.6241
20006.64,0.5800086,20038.28;32.7788
20006.64,0.5800086,20038.28;32.7788
20006.64,0.5800086,20038.29;32.93351
20006.64,0.5800086,20038.29;32.93351
20006.64,0.5800086,20038.3;33.08821
20006.64,0.5800086,20038.31;33.2429
20006.64,0.5800086,20038.31;33.2429
20006.64,0.5800086,20038.31;33.46062
20006.64,0.5800086,20038.31;33.46062
20006.64,0.5800086,20038.31;33.67834
20006.64,0.5800086,20038.31;33.92472
20006.64,0.5800086,20038.31;33.92472
20006.64,0.5800086,20038.31;34.17109
20006.64,0.5800086,20038.31;34.17109
20006.64,0.5800086,20038.31;34.41747
20006.64,0.5800086,20038.32;34.74978
20006.64,0.5800086,20038.32;34.74978
20006.64,0.5800086,20038.34;35.10501
20006.64,0.5800086,20038.34;35.10501
20006.64,0.5800086,20038.34;35.10501
20006.64,0.5800086,20038.39;35.42015
20006.64,0.5800086,20038.39;35.42015
20006.64,0.5800084,20038.46;35.81548
20006.64,0.5800084,20038.46;35.81548
20006.64,0.5800083,20038.52;36.21082
20006.64,0.5800083,20038.52;36.21082
20006.64,0.5800087,20038.58;36.55459
20006.64,0.5800085,20038.67;36.94419
20006.64,0.5800085,20038.67;36.94419
20006.64,0.5800083,20038.75;37.33381
20006.64,0.5800084,20038.82;37.73487
20006.64,0.5800084,20038.82;37.73487
20006.64,0.5800085,20038.89;38.15886
20006.64,0.5800085,20038.89;38.15886
20006.64,0.5800085,20038.89;38.15886
20006.64,0.5800087,20038.97;38.58286
20006.64,0.5800088,20039.05;38.97246
20006.64,0.5800083,20039.13;39.43083
20006.64,0.5800083,20039.13;39.43083
20006.64,0.5800083,20039.13;39.43083
20006.64,0.5800082,20039.16;39.8892
20006.64,0.5800084,20039.19;40.32465
20006.64,0.5800084,20039.21;40.68562
20006.64,0.5800084,20039.21;40.68562
20006.64,0.5800084,20039.21;40.68562
20006.64,0.5800084,20039.22;41.04657
20006.64,0.5800085,20039.24;41.44764
20006.64,0.5800086,20039.26;41.84871
20006.64,0.5800086,20039.26;41.84871
20006.64,0.5800086,20039.26;41.84871
20006.64,0.5800086,20039.26;41.84871
20006.64,0.5800086,20039.28;42.19248
20006.64,0.5800086,20039.31;42.59929
20006.64,0.5800086,20039.31;42.59929
20006.64,0.5800086,20039.31;42.59929
20006.64,0.5800086,20039.31;43.00609
20006.64,0.5800086,20039.32;43.41862
20006.64,0.5800084,20039.37;43.77958
20006.64,0.5800084,20039.37;43.77958
20006.64,0.5800084,20039.37;43.77958
20006.64,0.5800086,20039.42;44.14054
20006.64,0.5800084,20039.46;44.55308
20006.64,0.5800085,20039.51;44.94841
20006.64,0.5800085,20039.51;44.94841
20006.64,0.5800085,20039.51;44.94841
20006.64,0.5800086,20039.57;45.34375
20006.64,0.5800081,20039.63;45.67033
20006.64,0.5800076,20039.69;46.05421
20006.64,0.5800076,20039.69;46.05421
20006.64,0.5800077,20039.74;46.43808
20006.64,0.5800076,20039.79;46.77612
20006.64,0.5800074,20039.84;47.17146
20006.64,0.5800074,20039.84;47.17146
20006.64,0.5800074,20039.84;47.17146
20006.64,0.5800077,20039.88;47.584
20006.64,0.5800079,20039.93;47.99653
20006.64,0.5800079,20039.97;48.35749
20006.64,0.5800079,20039.97;48.35749
20006.64,0.5800083,20040.02;48.71846
20006.64,0.5800087,20040.07;49.1539
20006.64,0.5800086,20040.12;49.58936
20006.64,0.5800087,20040.16;50.01335
20006.64,0.5800087,20040.16;50.01335
20006.64,0.5800087,20040.16;50.01335
20006.64,0.5800085,20040.2;50.37431
20006.64,0.5800086,20040.25;50.73527
20006.64,0.5800084,20040.29;51.15926
20006.64,0.5800084,20040.29;51.15926
20006.64,0.5800083,20040.33;51.58326
20006.64,0.5800083,20040.33;51.58326
20006.64,0.5800081,20040.38;52.00725
20006.64,0.580008,20040.42;52.3854
20006.64,0.580008,20040.42;52.3854
20006.64,0.5800084,20040.46;52.83231
20006.64,0.5800084,20040.46;52.83231
20006.64,0.5800087,20040.5;53.27922
20006.64,0.5800086,20040.53;53.73186
20006.64,0.5800086,20040.53;53.73186
20006.64,0.5800087,20040.57;54.12719
20006.64,0.5800087,20040.57;54.12719
20006.64,0.5800088,20040.61;54.52253
20006.64,0.5800086,20040.65;54.9809
20006.64,0.5800086,20040.65;54.9809
20006.64,0.5800085,20040.68;55.43926
20006.64,0.5800085,20040.68;55.43926
20006.64,0.5800086,20040.72;55.82887
20006.64,0.5800086,20040.72;55.82887
20006.64,0.5800086,20040.72;55.82887
20006.64,0.5800084,20040.75;56.27578
20006.64,0.5800084,20040.75;56.27578
20006.64,0.5800086,20040.78;56.73415
20006.64,0.5800086,20040.78;56.73415
20006.64,0.5800086,20040.78;56.73415
20006.64,0.5800089,20040.82;57.12376
20006.64,0.5800089,20040.82;57.12376
20006.64,0.5800088,20040.84;57.51336
20006.64,0.5800087,20040.87;57.97173
20006.64,0.5800085,20040.9;58.43583
20006.64,0.5800085,20040.9;58.43583
20006.64,0.5800085,20040.9;58.43583
20006.64,0.5800086,20040.93;58.89993
20006.64,0.5800087,20040.95;59.28953
20006.64,0.5800088,20040.98;59.74217
20006.64,0.5800088,20040.98;59.74217
20006.64,0.5800088,20040.98;59.74217
20006.64,0.5800087,20041.01;60.19481
20006.64,0.5800086,20041.03;60.61308
20006.64,0.5800085,20041.05;60.96831
20006.64,0.5800085,20041.05;60.96831
20006.64,0.5800085,20041.06;61.32354
20006.64,0.5800085,20041.06;61.759
20006.64,0.5800085,20041.06;62.19445
20006.64,0.5800085,20041.06;62.64709
20006.64,0.5800085,20041.06;62.64709
20006.64,0.5800085,20041.06;63.09974
20006.64,0.5800085,20041.06;63.49506
20006.64,0.5800086,20041.07;63.81019
20006.64,0.5800086,20041.07;63.81019
20006.64,0.5800085,20041.07;64.13105
20006.64,0.5800086,20041.09;64.30293
20006.64,0.5800086,20041.09;64.30293
20006.64,0.5800086,20041.09;64.30293
20006.64,0.5800085,20041.11;64.47482
20006.64,0.5800084,20041.12;64.704
20006.64,0.5800084,20041.12;64.80141
20006.64,0.5800084,20041.12;64.80141
20006.64,0.5800084,20041.12;64.80141
20006.64,0.5800084,20041.13;64.89882
20006.64,0.5800084,20041.13;64.91028
20006.64,0.5800084,20041.13;64.84726
20006.64,0.5800084,20041.13;64.84726
20006.64,0.5800084,20041.14;64.78423
20006.64,0.5800084,20041.14;64.65246
20006.64,0.5800084,20041.15;64.52068
20006.64,0.5800084,20041.16;64.36025
20006.64,0.5800084,20041.16;64.36025
20006.64,0.5800084,20041.17;64.19982
20006.64,0.5800085,20041.18;63.97065
20006.64,0.5800084,20041.19;63.69562
20006.64,0.5800084,20041.19;63.69562
20006.64,0.5800084,20041.19;63.69562
20006.64,0.5800084,20041.21;63.4206
20006.64,0.5800085,20041.22;63.12839
20006.64,0.5800086,20041.24;62.83619
20006.64,0.5800087,20041.26;62.41219
20006.64,0.5800087,20041.26;62.41219
20006.64,0.5800086,20041.29;61.9882
20006.64,0.5800089,20041.31;61.42097
20006.64,0.5800087,20041.35;60.85375
20006.64,0.5800088,20041.39;60.27505
20006.64,0.5800088,20041.39;60.27505
20006.64,0.580009,20041.43;59.69636
20006.64,0.5800091,20041.48;58.9687
20006.64,0.5800089,20041.53;58.24106
20006.64,0.5800087,20041.58;57.5134
20006.64,0.5800087,20041.58;57.5134
20006.64,0.5800087,20041.58;57.5134
20006.64,0.5800084,20041.64;56.82586
20006.64,0.580009,20041.69;56.13832
20006.64,0.5800095,20041.75;55.41066
20006.64,0.5800095,20041.75;55.41066
20006.64,0.5800095,20041.75;55.41066
20006.64,0.5800093,20041.8;54.68301
20006.64,0.5800095,20041.89;53.95536
20006.64,0.5800092,20041.97;53.2449
20006.64,0.5800092,20041.97;53.2449
20006.64,0.5800094,20042.05;52.53444
20006.64,0.5800092,20042.13;51.80679
20006.64,0.5800101,20042.25;51.07914
20006.64,0.5800097,20042.36;50.35149
20006.64,0.5800097,20042.36;50.35149
20006.64,0.5800093,20042.48;49.73269
20006.64,0.5800093,20042.48;49.73269
20006.64,0.580009,20042.57;49.11389
20006.64,0.5800098,20042.67;48.40916
20006.64,0.5800098,20042.67;48.40916
20006.64,0.5800094,20042.78;47.91641
20006.64,0.5800094,20042.78;47.91641
20006.64,0.580009,20042.9;47.42367
20006.64,0.5800093,20043.02;46.81633
20006.64,0.5800093,20043.02;46.81633
20006.64,0.5800095,20043.12;46.10014
20006.64,0.5800095,20043.12;46.10014
20006.64,0.5800092,20043.23;45.38395
20006.64,0.5800088,20043.35;44.66202
20006.64,0.5800088,20043.35;44.66202
20006.64,0.5800085,20043.46;44.03177
20006.64,0.5800085,20043.46;44.03177
20006.64,0.5800087,20043.55;43.40152
20006.64,0.5800089,20043.65;42.67387
20006.64,0.5800089,20043.65;42.67387
20006.64,0.5800086,20043.76;41.94621
20006.64,0.5800086,20043.76;41.94621
20006.64,0.5800083,20043.87;41.21856
20006.64,0.5800085,20043.98;40.59404
20006.64,0.5800085,20043.98;40.59404
20006.64,0.5800087,20044.08;39.87785
20006.64,0.5800087,20044.08;39.87785
20006.64,0.5800093,20044.19;39.16165
20006.64,0.5800095,20044.31;38.46837
20006.64,0.5800095,20044.31;38.46837
20006.64,0.5800092,20044.42;37.87822
20006.64,0.5800092,20044.42;37.87822
20006.64,0.580009,20044.5;37.28807
20006.64,0.5800088,20044.6;36.60052
20006.64,0.5800086,20044.71;35.91298
20006.64,0.5800087,20044.84;35.23117
20006.64,0.5800087,20044.84;35.23117
20006.64,0.5800093,20044.96;34.54935
20006.64,0.5800095,20045.09;33.95919
20006.65,0.5800099,20045.19;33.27165
20006.65,0.5800099,20045.19;33.27165
20006.65,0.5800099,20045.19;33.27165
20006.65,0.5800101,20045.32;32.5841
20006.65,0.5800106,20045.44;31.89083
20006.65,0.5800108,20045.56;31.30642
20006.65,0.5800108,20045.56;31.30642
20006.65,0.5800108,20045.56;31.30642
20006.65,0.5800109,20045.67;30.722
20006.65,0.5800113,20045.78;30.04018
20006.65,0.5800114,20045.9;29.35264
20006.65,0.5800114,20045.9;29.35264
20006.65,0.5800114,20045.9;29.35264
20006.65,0.5800118,20046;28.66508
20006.65,0.5800119,20046.11;28.08066
20006.65,0.580012,20046.24;27.39312
20006.65,0.580012,20046.24;27.39312
20006.65,0.580012,20046.24;27.39312
20006.65,0.5800122,20046.38;26.70557
20006.65,0.5800123,20046.5;26.00084
20006.65,0.5800124,20046.62;25.39923
20006.65,0.5800124,20046.62;25.39923
20006.65,0.5800124,20046.62;25.39923
20006.65,0.5800125,20046.76;24.68876
20006.72,0.5800125,20046.9;23.9783
20006.78,0.5800125,20047.04;23.27357
20006.78,0.5800125,20047.04;23.27357
20006.78,0.5800125,20047.04;23.27357
20006.83,0.5800125,20047.16;22.67196
20006.89,0.5800125,20047.3;22.07035
20006.95,0.5800125,20047.45;21.35415
20006.95,0.5800125,20047.45;21.35415
20006.95,0.5800125,20047.45;21.35415
20007,0.5800125,20047.59;20.63796
20007.04,0.5800125,20047.72;19.91031
20007.09,0.5800125,20047.85;19.29152
20007.09,0.5800125,20047.85;19.29152
20007.09,0.5800125,20047.85;19.29152
20007.14,0.5800125,20047.99;18.67272
20007.19,0.5800125,20048.14;17.95653
20007.23,0.5800125,20048.29;17.22888
20007.23,0.5800125,20048.29;17.22888
20007.23,0.5800125,20048.29;17.22888
20007.27,0.5800125,20048.42;16.61008
20007.31,0.5800125,20048.56;15.99128
20007.35,0.5800125,20048.71;15.28082
20007.35,0.5800125,20048.71;15.28082
20007.35,0.5800125,20048.71;15.28082
20007.39,0.5800125,20048.86;14.57609
20007.42,0.5800125,20048.99;13.87135
20007.46,0.5800125,20049.12;13.2812
20007.46,0.5800125,20049.12;13.2812
20007.49,0.5800125,20049.27;12.69105
20007.52,0.5800125,20049.43;12.0035
20007.54,0.5800125,20049.54;11.31596
20007.57,0.5800125,20049.66;10.62268
20007.57,0.5800125,20049.66;10.62268
20007.59,0.5800125,20049.78;9.929402
20007.61,0.5800125,20049.88;9.339252
20007.63,0.5800125,20050.04;8.749102
20007.65,0.5800125,20050.19;8.067285
20007.65,0.5800125,20050.19;8.067285
20007.67,0.5800125,20050.34;7.482863
20007.67,0.5800125,20050.34;7.482863
20007.69,0.5800125,20050.46;6.898442
20007.7,0.5800125,20050.59;6.251
20007.7,0.5800125,20050.59;6.251
20007.71,0.5800125,20050.72;5.603558
20007.72,0.5800125,20050.81;4.956116
20007.73,0.5800125,20050.91;4.451914
20007.73,0.5800125,20050.91;4.451914
20007.73,0.5800125,20050.98;3.953442
20007.73,0.5800125,20050.98;3.953442
20007.74,0.5800125,20051.05;3.45497
20007.74,0.5800125,20051.12;3.048165
20007.74,0.5800125,20051.12;3.048165
20007.74,0.5800125,20051.22;2.606984
20007.74,0.5800125,20051.22;2.606984
20007.75,0.5800125,20051.36;1.953813
20007.75,0.5800125,20051.36;1.953813
20007.75,0.5800125,20051.56;1.226162
20007.75,0.5800125,20051.56;1.226162
20007.76,0.5800125,20051.79;0.498511
20007.75,0.5800125,20052.03;359.8282
20007.75,0.5800125,20052.03;359.8282
20007.75,0.5800125,20052.25;359.1005
20007.75,0.5800125,20052.25;359.1005
20007.74,0.5800125,20052.47;358.3729
20007.74,0.5800125,20052.7;357.6452
20007.72,0.5800125,20052.93;356.9749
20007.71,0.5800125,20053.13;356.3045
20007.7,0.5800125,20053.32;355.5768
20007.68,0.5800125,20053.53;355.2273
20007.68,0.5800125,20053.53;355.2273
20007.68,0.5800125,20053.53;355.2273
20007.66,0.580013,20053.61;355.1185
20007.65,0.5800142,20053.61;355.0096
20007.63,0.5800143,20053.61;354.7117
20007.63,0.5800143,20053.61;354.7117
20007.61,0.5800154,20053.61;354.4137
20007.59,0.5800165,20053.61;353.6861
20007.58,0.5800164,20053.61;353.6631
20007.58,0.5800164,20053.61;353.6631
20007.58,0.5800164,20053.61;353.6631
20007.56,0.5800166,20053.61;353.6402
20007.54,0.5800167,20053.61;353.5085
20007.52,0.5800171,20053.61;353.4283
20007.52,0.5800171,20053.61;353.4283
20007.52,0.5800171,20053.61;353.4283
20007.5,0.5800182,20053.61;353.348
20007.48,0.5800185,20053.61;353.2678
20007.48,0.5800185,20053.61;353.2678
20007.46,0.580019,20053.61;353.1246
20007.46,0.580019,20053.61;353.1246
20007.43,0.5800182,20053.61;352.3969
20007.41,0.5800186,20053.61;351.6693
20007.38,0.5800175,20053.61;351.5203
20007.38,0.5800175,20053.61;351.5203
20007.38,0.5800175,20053.61;351.5203
20007.35,0.5800176,20053.61;351.3713
20007.32,0.5800176,20053.61;351.0849
20007.29,0.5800177,20053.61;350.3916
20007.29,0.5800177,20053.61;350.3916
20007.29,0.5800177,20053.61;350.3916
20007.26,0.5800176,20053.61;349.6983
20007.22,0.5800178,20053.61;349.028
20007.18,0.5800168,20053.61;348.3003
20007.18,0.5800168,20053.61;348.3003
20007.18,0.5800168,20053.61;348.3003
20007.14,0.5800183,20053.61;347.5727
20007.1,0.5800184,20053.61;346.845
20007.06,0.5800182,20053.61;346.3122
20007.06,0.5800182,20053.61;346.3122
20007.06,0.5800182,20053.61;346.3122
20007.02,0.5800174,20053.61;346.1747
20006.97,0.580018,20053.61;346.0371
20006.97,0.580018,20053.61;346.0371
20006.97,0.580018,20053.61;346.0371
20006.97,0.580018,20053.61;346.0371
20006.93,0.580017,20053.61;345.8996
20006.89,0.5800169,20053.61;345.7621
20006.84,0.5800176,20053.61;345.7564
20006.84,0.5800176,20053.61;345.7564
20006.79,0.5800191,20053.61;345.7506
20006.75,0.5800186,20053.61;345.7163
20006.71,0.5800176,20053.61;345.6819
20006.67,0.5800173,20053.61;345.6475
20006.67,0.5800173,20053.61;345.6475
20006.62,0.5800179,20053.61;345.6132
20006.58,0.5800173,20053.61;345.1032
20006.53,0.5800182,20053.61;344.5933
20006.47,0.5800183,20053.61;344.2037
20006.47,0.5800183,20053.61;344.2037
20006.47,0.5800183,20053.61;344.2037
20006.43,0.5800179,20053.61;343.5677
20006.38,0.5800169,20053.61;342.9317
20006.32,0.5800173,20053.61;342.204
20006.32,0.5800173,20053.61;342.204
20006.32,0.5800173,20053.61;342.204
20006.26,0.5800172,20053.61;341.4764
20006.21,0.5800175,20053.61;340.7487
20006.15,0.5800174,20053.61;340.1242
20006.15,0.5800174,20053.61;340.1242
20006.15,0.5800174,20053.61;340.1242
20006.09,0.5800161,20053.62;339.3966
20006.09,0.5800161,20053.62;339.3966
20006.02,0.5800158,20053.62;338.6689
20006.02,0.5800158,20053.62;338.6689
20005.96,0.5800159,20053.62;338.0272
20005.96,0.5800159,20053.62;338.0272
20005.88,0.5800165,20053.62;337.3855
20005.81,0.5800162,20053.62;336.6578
20005.81,0.5800162,20053.62;336.6578
20005.73,0.5800167,20053.62;336.0161
20005.73,0.5800167,20053.62;336.0161
20005.66,0.580017,20053.62;335.2885
20005.66,0.580017,20053.62;335.2885
20005.58,0.5800167,20053.62;334.5608
20005.58,0.5800167,20053.62;334.5608
20005.58,0.5800167,20053.62;334.5608
20005.53,0.580017,20053.62;333.942
20005.53,0.580017,20053.62;333.942
20005.46,0.5800166,20053.62;333.2258
20005.37,0.5800167,20053.62;332.5096
20005.27,0.5800166,20053.62;331.8049
20005.18,0.5800161,20053.62;331.1918
20005.18,0.5800161,20053.62;331.1918
20005.18,0.5800161,20053.62;331.1918
20005.12,0.5800166,20053.62;330.5788
20005.06,0.5800173,20053.62;329.8683
20005.02,0.580017,20053.62;329.1579
20005.02,0.580017,20053.62;329.1579
20005.02,0.580017,20053.62;329.1579
20004.99,0.5800172,20053.62;328.5505
20004.99,0.5800172,20053.62;328.5505
20004.94,0.5800173,20053.62;327.8229
20004.94,0.5800173,20053.62;327.8229
20004.94,0.5800173,20053.62;327.8229
20004.9,0.5800172,20053.62;327.1067
20004.84,0.5800171,20053.62;326.3905
20004.79,0.5800172,20053.62;325.766
20004.79,0.5800172,20053.62;325.766
20004.75,0.5800173,20053.62;325.1414
20004.7,0.5800171,20053.62;324.4138
20004.59,0.5800173,20053.63;323.6861
20004.47,0.5800174,20053.63;322.9585
20004.47,0.5800174,20053.63;322.9585
20004.39,0.5800177,20053.63;322.2308
20004.3,0.5800174,20053.63;321.5948
20004.3,0.5800174,20053.63;321.5948
20004.19,0.5800173,20053.63;320.8672
20004.19,0.5800173,20053.63;320.8672
20004.09,0.5800173,20053.63;320.1395
20003.98,0.580017,20053.63;319.4119
20003.87,0.5800173,20053.63;318.6842
20003.76,0.5800168,20053.63;318.0654
20003.76,0.5800168,20053.63;318.0654
20003.64,0.5800163,20053.63;317.4466
20003.53,0.580016,20053.63;316.7362
20003.39,0.5800152,20053.63;316.0372
20003.39,0.5800152,20053.63;316.0372
20003.39,0.5800152,20053.63;316.0372
20003.28,0.5800152,20053.63;315.3382
20003.16,0.5800154,20053.63;314.7423
20003.06,0.5800153,20053.63;314.0719
20003.06,0.5800153,20053.63;314.0719
20003.06,0.5800153,20053.63;314.0719
20002.96,0.5800155,20053.63;313.4016
20002.84,0.5800151,20053.63;312.7025
20002.71,0.5800157,20053.63;312.078
20002.71,0.5800157,20053.63;312.078
20002.71,0.5800157,20053.63;312.078
20002.57,0.580015,20053.63;311.4535
20002.42,0.5800151,20053.63;310.7259
20002.27,0.5800156,20053.64;309.9982
20002.27,0.5800156,20053.64;309.9982
20002.27,0.5800156,20053.64;309.9982
20002.14,0.5800158,20053.64;309.3622
20001.98,0.5800158,20053.64;308.7263
20001.83,0.580016,20053.64;307.9986
20001.83,0.580016,20053.64;307.9986
20001.68,0.5800163,20053.64;307.2709
20001.54,0.5800163,20053.64;306.5433
20001.4,0.580017,20053.64;305.8156
20001.26,0.5800167,20053.64;305.1624
20001.26,0.5800167,20053.64;305.1624
20001.11,0.5800168,20053.64;304.5093
20000.96,0.5800169,20053.64;303.7816
20000.8,0.5800171,20053.64;303.054
20000.63,0.5812256,20053.65;302.3263
20000.63,0.5812256,20053.65;302.3263
20000.49,0.5821207,20053.65;301.6732
20000.49,0.5821207,20053.65;301.6732
20000.32,0.5823857,20053.65;301.02
20000.15,0.5815636,20053.65;300.4413
20000.15,0.5815636,20053.65;300.4413
19999.98,0.58,20053.65;299.9199
19999.98,0.58,20053.65;299.9199
19999.84,0.5800002,20053.65;299.3985
19999.69,0.5800053,20053.65;298.9172
19999.69,0.5800053,20053.65;298.9172
19999.52,0.5800108,20053.65;298.5505
19999.4,0.5800107,20053.65;298.1838
19999.27,0.580011,20053.65;297.6854
19999.27,0.580011,20053.65;297.6854
19999.27,0.580011,20053.65;297.6854
19999.17,0.5800108,20053.65;297.227
19999.17,0.5800108,20053.65;297.227
19999.03,0.5800115,20053.65;297.101
19999.03,0.5800115,20053.65;297.101
19999.03,0.5800115,20053.65;297.101
19998.91,0.5800119,20053.65;296.5853
19998.91,0.5800119,20053.65;296.5853
19998.74,0.5800118,20053.65;296.0696
19998.53,0.5800125,20053.65;295.5196
19998.32,0.5800114,20053.66;294.9581
19998.32,0.5800114,20053.66;294.9581
19998.09,0.5800117,20053.66;294.3966
19997.87,0.5800123,20053.66;293.9096
19997.87,0.5800123,20053.66;293.9096
19997.72,0.5800129,20053.66;293.5773
19997.72,0.5800129,20053.66;293.5773
19997.72,0.5800129,20053.66;293.5773
19997.57,0.5800129,20053.66;293.1991
19997.57,0.5800129,20053.66;293.1991
19997.51,0.5800129,20053.66;292.7923
19997.51,0.5800129,20053.66;292.7923
19997.29,0.5800135,20053.66;292.3855
19997.08,0.5800133,20053.66;292.0589
19997.08,0.5800133,20053.66;292.0589
19996.89,0.5800129,20053.66;291.8126
19996.89,0.5800129,20053.66;291.8126
19996.73,0.580013,20053.66;291.5662
19996.73,0.580013,20053.66;291.5662
19996.73,0.580013,20053.66;291.5662
19996.55,0.5800138,20053.66;291.3198
19996.55,0.5800138,20053.66;291.3198
19996.37,0.5800143,20053.66;291.0734
19996.37,0.5800143,20053.66;291.0734
19996.37,0.5800143,20053.66;291.0734
19996.21,0.5800149,20053.66;290.8271
19996.21,0.5800149,20053.66;290.8271
19996.21,0.5800149,20053.66;290.8271
19996.02,0.5800146,20053.66;290.5807
19995.83,0.5800151,20053.66;290.214
19995.64,0.5800157,20053.66;289.8187
19995.64,0.5800157,20053.66;289.8187
19995.64,0.5800157,20053.66;289.8187
19995.48,0.5800155,20053.66;289.4233
19995.29,0.5800152,20053.66;289.028
19995.11,0.5800154,20053.66;288.6899
19995.11,0.5800154,20053.66;288.6899
19995.11,0.5800154,20053.66;288.6899
19994.92,0.5800152,20053.66;288.3519
19994.76,0.5800152,20053.66;287.9451
19994.6,0.5800154,20053.66;287.5383
19994.6,0.5800154,20053.66;287.5383
19994.6,0.5800154,20053.66;287.5383
19994.41,0.5800154,20053.67;287.1315
19994.22,0.5800155,20053.67;286.7877
19994.03,0.5800153,20053.67;286.3866
19994.03,0.5800153,20053.67;286.3866
19994.03,0.5800153,20053.67;286.3866
19993.86,0.5800155,20053.67;285.9856
19993.67,0.5800155,20053.67;285.9684
19993.48,0.5800153,20053.67;285.8423
19993.48,0.5800153,20053.67;285.8423
19993.48,0.5800153,20053.67;285.8423
19993.29,0.5800155,20053.67;285.7162
19993.13,0.5800155,20053.67;285.5902
19992.97,0.5800153,20053.67;285.573
19992.97,0.5800153,20053.67;285.573
19992.97,0.5800153,20053.67;285.573
19992.78,0.5800155,20053.67;285.5558
19992.59,0.580016,20053.67;285.2751
19992.39,0.5800158,20053.67;285.1089
19992.39,0.5800158,20053.67;285.1089
19992.39,0.5800158,20053.67;285.1089
19992.23,0.5800158,20053.67;284.9427
19992.05,0.5800155,20053.67;284.8625
19992.05,0.5800155,20053.67;284.8625
19992.05,0.5800155,20053.67;284.8625
19992.05,0.5800155,20053.67;284.8625
19991.86,0.5800157,20053.67;284.725
19991.7,0.5800153,20053.67;284.5875
19991.53,0.5800155,20053.67;284.4844
19991.53,0.5800155,20053.67;284.4844
19991.34,0.5800157,20053.67;284.3813
19991.15,0.5800157,20053.67;284.1349
19990.96,0.5800157,20053.67;283.8484
19990.96,0.5800157,20053.67;283.8484
19990.8,0.5800158,20053.67;283.5619
19990.64,0.5800158,20053.67;283.327
19990.46,0.5800159,20053.67;283.1609
19990.46,0.5800159,20053.67;283.1609
19990.46,0.5800159,20053.67;283.1609
19990.27,0.580016,20053.67;282.903
19990.11,0.5800161,20053.67;282.7712
19990.11,0.5800161,20053.67;282.7712
19989.92,0.5800161,20053.67;282.4045
19989.92,0.5800161,20053.67;282.4045
19989.74,0.580016,20053.67;282.0378
19989.55,0.5800161,20053.67;281.6425
19989.55,0.5800161,20053.67;281.6425
19989.39,0.5800164,20053.67;281.3045
19989.21,0.5800166,20053.67;280.9664
19989.02,0.5800167,20053.68;280.5596
19989.02,0.5800167,20053.68;280.5596
19988.84,0.5800169,20053.68;280.1528
19988.68,0.580017,20053.68;279.8033
19988.68,0.580017,20053.68;279.8033
19988.5,0.5800171,20053.68;279.4194
