20000,0.5,20000;0
20000,0.5,20000;-0.005729198
20000,0.5,20000;-0.005729198
20000,0.5,20000;-0.005729198
20000,0.5,20000;359.9886
20000,0.5,20000;359.9886
20000,0.5,20000;359.9886
20000,0.5,20000;359.9886
20000,0.5,20000;359.9886
20000,0.5,20000;359.9886
20000,0.5,20000;359.9886
20000,0.5,20000;359.9886
20000,0.5,20000;359.9886
20000,0.5,20000;359.9886
20000,0.5,20000;359.9886
20000,0.5,20000;359.9886
20000,0.5,20000;359.9886
20000,0.5,20000;359.9886
20000,0.5,20000;359.9886
20000,0.5,20000;359.9828
20000,0.5,20000;359.9828
20000,0.5,20000;359.9828
20000,0.5,20000;359.9828
20000,0.5,20000;359.9828
20000,0.5,20000;359.9828
20000,0.5,20000;359.9828
20000,0.5,20000;359.9828
20000,0.5,20000;359.9828
20000,0.5,20000;359.9828
20000,0.5,20000;359.9828
20000,0.5,20000;359.9828
20000,0.5,20000;359.9828
20000,0.5,20000;359.9828
20000,0.5,20000;359.9771
20000,0.5,20000;359.9771
20000,0.5,20000;359.9771
20000,0.5,20000;359.9771
20000,0.5,20000;359.9771
20000,0.5,20000;359.9771
20000,0.5,20000;359.9771
20000,0.5,20000;359.9771
20000,0.5,20000;359.9771
20000,0.5,20000;359.9771
20000,0.5,20000;359.9771
20000,0.5,20000;359.9771
20000,0.5,20000;359.9771
20000,0.5,20000;359.9771
20000,0.5,20000;359.9771
20000,0.5,20000;359.9771
20000,0.5,20000;359.9771
20000,0.5,20000;359.9713
20000,0.5,20000;359.9713
20000,0.5,20000;359.9713
20000,0.5,20000;359.9713
20000,0.5,20000;359.9713
20000,0.5,20000;359.9713
20000,0.5,20000;359.9713
20000,0.5,20000;359.9713
20000,0.5,20000;359.9713
20000,0.5,20000;359.9713
20000,0.5,20000;359.9713
20000,0.5,20000;359.9713
20000,0.5,20000;359.9713
20000,0.5,20000;359.9713
20000,0.5,20000;359.9713
20000,0.5,20000;359.9713
20000,0.5,20000;359.9713
20000,0.5,20000;359.9713
20000,0.5,20000;359.9713
20000,0.5,20000;359.9713
20000,0.5,20000;359.9656
20000,0.5,20000;359.9656
20000,0.5,20000;359.9656
20000,0.5,20000;359.9656
20000,0.5,20000;359.9656
20000,0.5,20000;359.9656
20000,0.5,20000;359.9656
20000,0.5,20000;359.9656
20000,0.5,20000;359.9656
20000,0.5,20000;359.9656
20000,0.5,20000;359.9656
20000,0.5,20000;359.9656
20000,0.5,20000;359.9656
20000,0.5,20000;359.9656
20000,0.5,20000;359.9656
20000,0.5,20000;359.9656
20000,0.5,20000;359.9599
20000,0.5,20000;359.9599
20000,0.5,20000;359.9599
20000,0.5,20000;359.9599
20000,0.5,20000;359.9599
20000,0.5,20000;359.9599
20000,0.5,20000;359.9599
20000,0.5,20000;359.9599
20000,0.5,20000;359.9599
20000,0.5,20000;359.9599
20000,0.5,20000;359.9599
20000,0.5,20000;359.9599
20000,0.5,20000;359.9599
20000,0.5,20000;359.9599
20000,0.5,20000;359.9599
20000,0.5,20000;359.9599
20000,0.5,20000;359.9542
20000,0.5,20000;359.9542
20000,0.5,20000;359.9542
20000,0.5,20000;359.9542
20000,0.5,20000;359.9542
20000,0.5,20000;359.9542
20000,0.5,20000;359.9542
20000,0.5,20000;359.9542
20000,0.5,20000;359.9542
20000,0.5,20000;359.9542
20000,0.5,20000;359.9542
20000,0.5,20000;359.9542
20000,0.5,20000;359.9542
20000,0.5,20000;359.9542
20000,0.5,20000;359.9542
20000,0.5,20000;359.9542
20000,0.5,20000;359.9542
20000,0.5,20000;359.9542
20000,0.5,20000;359.9542
20000,0.5,20000;359.9542
20000,0.5,20000;359.9484
20000,0.5,20000;359.9484
20000,0.5,20000;359.9484
20000,0.5,20000;359.9484
20000,0.5,20000;359.9484
20000,0.5,20000;359.9484
20000,0.5,20000;359.9484
20000,0.5,20000;359.9484
20000,0.5,20000;359.9484
20000,0.5,20000;359.9484
20000,0.5,20000;359.9484
20000,0.5,20000;359.9484
20000,0.5,20000;359.9484
20000,0.5,20000;359.9484
20000,0.5,20000;359.9484
20000,0.5,20000;359.9484
20000,0.5,20000;359.9484
20000,0.5,20000;359.9484
20000,0.5,20000;359.9427
20000,0.5,20000;359.9427
20000,0.5,20000;359.9427
20000,0.5,20000;359.9427
20000,0.5,20000;359.9427
20000,0.5,20000;359.9427
20000,0.5,20000;359.9427
20000,0.5,20000;359.9427
20000,0.5,20000;359.9427
20000,0.5,20000;359.9427
20000,0.5,20000;359.9427
20000,0.5,20000;359.9427
20000,0.5,20000;359.9427
20000,0.5,20000;359.9427
20000,0.5,20000;359.9427
20000,0.5,20000;359.9427
20000,0.5,20000;359.9427
20000,0.5,20000;359.9427
20000,0.5,20000;359.9427
20000,0.5,20000;359.9427
20000,0.5,20000;359.9427
20000,0.5,20000;359.9427
20000,0.5,20000;359.9427
20000,0.5,20000;359.937
20000,0.5,20000;359.937
20000,0.5,20000;359.937
20000,0.5,20000;359.937
20000,0.5,20000;359.937
20000,0.5,20000;359.937
20000,0.5,20000;359.937
20000,0.5,20000;359.9255
20000,0.5,20000;359.9255
20000,0.5790772,20000.02;359.9141
20000,0.5799999,20000.04;359.8969
20000,0.5799999,20000.09;359.8797
20000,0.5799999,20000.13;359.8797
20000,0.5799999,20000.13;359.8797
20000,0.5799999,20000.19;359.8797
20000,0.5799999,20000.24;359.8854
20000,0.5799999,20000.32;359.8911
20000,0.58,20000.4;359.8969
20000,0.58,20000.4;359.8969
20000,0.58,20000.49;359.9026
20000,0.58,20000.58;359.9026
20000,0.58,20000.67;359.8969
20000,0.58,20000.67;359.8969
20000,0.58,20000.67;359.8969
20000,0.58,20000.77;359.8911
20000,0.58,20000.87;359.8682
20000,0.58,20000.95;359.8453
20000,0.58,20001.03;359.7594
20000,0.58,20001.03;359.7594
20000,0.58,20001.15;359.6734
20000,0.58,20001.26;359.5531
19999.99,0.58,20001.41;359.4328
19999.99,0.58,20001.55;359.3239
19999.99,0.58,20001.55;359.3239
19999.99,0.58,20001.55;359.3239
19999.99,0.58,20001.7;359.2036
19999.99,0.58,20001.92;359.0833
19999.99,0.58,20001.92;359.0833
19999.99,0.58,20001.92;359.0833
19999.99,0.58,20001.92;359.0833
19999.98,0.58,20002.18;358.9629
19999.98,0.58,20002.43;358.8712
19999.97,0.58,20002.68;358.791
19999.97,0.58,20002.68;358.791
19999.97,0.58,20002.68;358.791
19999.97,0.58,20002.93;358.7108
19999.96,0.58,20003.19;358.6306
19999.96,0.58,20003.44;358.5447
19999.96,0.58,20003.44;358.5447
19999.96,0.58,20003.44;358.5447
19999.95,0.58,20003.69;358.4587
19999.94,0.58,20003.95;358.3842
19999.94,0.58,20003.95;358.3842
19999.94,0.58,20003.95;358.3842
19999.94,0.58,20003.95;358.3842
19999.93,0.58,20004.2;358.3098
19999.93,0.58,20004.46;358.2353
19999.92,0.58,20004.71;358.1608
19999.92,0.58,20004.71;358.1608
19999.92,0.58,20004.71;358.1608
19999.91,0.58,20004.96;357.966
19999.9,0.58,20005.22;357.7712
19999.89,0.58,20005.47;357.5879
19999.89,0.58,20005.47;357.5879
19999.89,0.58,20005.47;357.5879
19999.88,0.58,20005.72;357.5535
19999.87,0.58,20005.98;357.5191
19999.87,0.58,20005.98;357.5191
19999.87,0.58,20005.98;357.5191
19999.87,0.58,20005.98;357.5191
19999.85,0.58,20006.23;357.4847
19999.84,0.58,20006.49;357.4503
19999.84,0.58,20006.49;357.4503
19999.84,0.58,20006.49;357.4503
19999.84,0.58,20006.49;357.4503
19999.83,0.58,20006.74;357.416
19999.82,0.58,20006.99;357.3816
19999.82,0.58,20006.99;357.3816
19999.82,0.58,20006.99;357.3816
19999.82,0.58,20006.99;357.3816
19999.81,0.58,20007.25;357.3472
19999.8,0.58,20007.5;357.3129
19999.8,0.58,20007.5;357.3129
19999.8,0.58,20007.5;357.3129
19999.8,0.58,20007.5;357.3129
19999.79,0.58,20007.75;357.2785
19999.77,0.58,20008.01;357.2441
19999.77,0.58,20008.01;357.2441
19999.77,0.58,20008.01;357.2441
19999.76,0.58,20008.26;357.2097
19999.76,0.58,20008.26;357.2097
19999.75,0.58,20008.52;357.1754
19999.75,0.58,20008.52;357.1754
19999.73,0.58,20008.77;357.141
19999.73,0.58,20008.77;357.141
19999.73,0.58,20008.77;357.141
19999.72,0.58,20009.02;357.1066
19999.72,0.58,20009.02;357.1066
19999.72,0.58,20009.02;357.1066
19999.71,0.58,20009.28;357.0722
19999.71,0.58,20009.28;357.0722
19999.7,0.58,20009.53;357.0378
19999.7,0.58,20009.53;357.0378
19999.7,0.58,20009.53;357.0378
19999.68,0.58,20009.78;356.8717
19999.68,0.58,20009.78;356.8717
19999.67,0.58,20010.04;356.7055
19999.65,0.58,20010.29;356.5909
19999.65,0.58,20010.29;356.5909
19999.64,0.58,20010.54;356.4076
19999.64,0.58,20010.54;356.4076
19999.64,0.58,20010.54;356.4076
19999.62,0.58,20010.8;356.2242
19999.6,0.58,20011.05;356.0524
19999.58,0.58,20011.3;355.9091
19999.58,0.58,20011.3;355.9091
19999.58,0.58,20011.3;355.9091
19999.56,0.58,20011.56;355.743
19999.54,0.58,20011.81;355.5768
19999.53,0.58,20012.06;355.4049
19999.53,0.58,20012.06;355.4049
19999.5,0.58,20012.32;355.233
19999.48,0.58,20012.57;355.0783
19999.46,0.58,20012.82;354.9236
19999.44,0.58,20013.08;354.7747
19999.44,0.58,20013.08;354.7747
19999.41,0.58,20013.33;354.6257
19999.39,0.58,20013.58;354.4538
19999.36,0.58,20013.83;354.2819
19999.34,0.58,20014.09;354.1387
19999.34,0.58,20014.09;354.1387
19999.31,0.58,20014.34;353.9955
19999.28,0.58,20014.59;353.8293
19999.26,0.58,20014.85;353.6689
19999.26,0.58,20014.85;353.6689
19999.26,0.58,20014.85;353.6689
19999.23,0.58,20015.1;353.5084
19999.2,0.58,20015.35;353.3709
19999.17,0.58,20015.6;353.2105
19999.17,0.58,20015.6;353.2105
19999.17,0.58,20015.6;353.2105
19999.14,0.58,20015.82;353.05
19999.11,0.58,20016.08;352.8839
19999.08,0.58,20016.33;352.7349
19999.08,0.58,20016.33;352.7349
19999.04,0.58,20016.58;352.586
19999.01,0.58,20016.83;352.4026
19998.97,0.58,20017.08;352.2193
19998.94,0.58,20017.34;352.0417
19998.94,0.58,20017.34;352.0417
19998.94,0.58,20017.34;352.0417
19998.91,0.58,20017.53;351.887
19998.88,0.58,20017.79;351.7323
19998.84,0.58,20018.04;351.5489
19998.84,0.58,20018.04;351.5489
19998.8,0.58,20018.29;351.3656
19998.76,0.58,20018.54;351.188
19998.72,0.58,20018.79;351.0161
19998.72,0.58,20018.79;351.0161
19998.72,0.58,20018.79;351.0161
19998.68,0.58,20019.04;350.8155
19998.64,0.58,20019.29;350.615
19998.6,0.58,20019.54;350.4259
19998.6,0.58,20019.54;350.4259
19998.55,0.58,20019.79;350.2712
19998.51,0.58,20020.04;350.1165
19998.47,0.58,20020.29;349.9389
19998.47,0.58,20020.29;349.9389
19998.42,0.58,20020.54;349.7613
19998.38,0.58,20020.79;349.5837
19998.33,0.58,20021.04;349.4347
19998.33,0.58,20021.04;349.4347
19998.33,0.58,20021.04;349.4347
19998.28,0.58,20021.29;349.2628
19998.23,0.58,20021.54;349.0909
19998.19,0.58,20021.79;348.942
19998.19,0.58,20021.79;348.942
19998.19,0.58,20021.79;348.942
19998.13,0.58,20022.04;348.7472
19998.13,0.58,20022.04;348.7472
19998.08,0.58,20022.29;348.5867
19998.08,0.58,20022.29;348.5867
19998.08,0.58,20022.29;348.5867
19998.04,0.58,20022.54;348.5294
19998.04,0.58,20022.54;348.5294
19997.98,0.58,20022.79;348.5237
19997.98,0.58,20022.79;348.5237
19997.98,0.58,20022.79;348.5237
19997.93,0.58,20023.03;348.518
19997.88,0.58,20023.28;348.5122
19997.88,0.58,20023.28;348.5122
19997.83,0.58,20023.53;348.5065
19997.83,0.58,20023.53;348.5065
19997.78,0.58,20023.78;348.5008
19997.73,0.58,20024.03;348.4951
19997.73,0.58,20024.03;348.4951
19997.73,0.58,20024.03;348.4951
19997.68,0.58,20024.28;348.4893
19997.68,0.58,20024.28;348.4893
19997.63,0.58,20024.53;348.4836
19997.63,0.58,20024.53;348.4836
19997.58,0.58,20024.78;348.4779
19997.58,0.58,20024.78;348.4779
19997.58,0.58,20024.78;348.4779
19997.53,0.58,20025.03;348.4721
19997.53,0.58,20025.03;348.4721
19997.48,0.58,20025.27;348.4664
19997.48,0.58,20025.27;348.4664
19997.48,0.58,20025.27;348.4664
19997.43,0.58,20025.52;348.4607
19997.43,0.58,20025.52;348.4607
19997.38,0.58,20025.77;348.455
19997.32,0.58,20026.02;348.3862
19997.27,0.58,20026.27;348.3174
19997.27,0.58,20026.27;348.3174
19997.27,0.58,20026.27;348.3174
19997.22,0.58,20026.52;348.2487
19997.17,0.58,20026.77;348.1169
19997.12,0.58,20027.01;347.9851
19997.06,0.58,20027.26;347.8075
19997.06,0.58,20027.26;347.8075
19997.01,0.58,20027.51;347.6299
19996.95,0.58,20027.76;347.4924
19996.9,0.58,20028.01;347.3549
19996.84,0.58,20028.25;347.2116
19996.84,0.58,20028.25;347.2116
19996.79,0.58,20028.5;347.0684
19996.73,0.58,20028.75;346.9194
19996.67,0.58,20029;346.7705
19996.61,0.58,20029.24;346.6158
19996.61,0.58,20029.24;346.6158
19996.55,0.58,20029.49;346.4611
19996.49,0.58,20029.74;346.3293
19996.43,0.58,20029.98;346.1975
19996.37,0.58,20030.23;346.0485
19996.37,0.58,20030.23;346.0485
19996.31,0.58,20030.48;345.8996
19996.24,0.58,20030.72;345.7391
19996.18,0.58,20030.97;345.5787
19996.12,0.58,20031.21;345.4412
19996.12,0.58,20031.21;345.4412
19996.12,0.58,20031.21;345.4412
19996.05,0.58,20031.46;345.2808
19995.99,0.58,20031.71;345.1203
19995.92,0.58,20031.95;344.9656
19995.92,0.58,20031.95;344.9656
19995.86,0.58,20032.2;344.8109
19995.79,0.58,20032.44;344.6849
19995.72,0.58,20032.69;344.5588
19995.65,0.58,20032.93;344.4099
19995.65,0.58,20032.93;344.4099
19995.58,0.58,20033.18;344.2609
19995.51,0.58,20033.42;344.1119
19995.44,0.58,20033.66;343.963
19995.37,0.58,20033.91;343.8369
19995.37,0.58,20033.91;343.8369
19995.3,0.58,20034.15;343.7108
19995.25,0.58,20034.32;343.5619
19995.2,0.58,20034.49;343.4072
19995.2,0.58,20034.49;343.4072
19995.2,0.58,20034.49;343.4072
19995.13,0.58,20034.73;343.2754
19995.13,0.58,20034.73;343.2754
19995.05,0.58,20034.98;343.1207
19995.05,0.58,20034.98;343.1207
19995.05,0.58,20034.98;343.1207
19994.98,0.58,20035.22;342.9603
19994.98,0.58,20035.22;342.9603
19994.91,0.58,20035.44;342.7998
19994.84,0.58,20035.66;342.6623
19994.84,0.58,20035.66;342.6623
19994.77,0.58,20035.88;342.5019
19994.77,0.58,20035.88;342.5019
19994.7,0.58,20036.12;342.3415
19994.62,0.58,20036.36;342.1696
19994.62,0.58,20036.36;342.1696
19994.54,0.58,20036.6;342.0206
19994.54,0.58,20036.6;342.0206
19994.46,0.58,20036.84;341.8545
19994.46,0.58,20036.84;341.8545
19994.46,0.58,20036.84;341.8545
19994.38,0.58,20037.09;341.694
19994.3,0.58,20037.33;341.5336
19994.22,0.58,20037.57;341.3846
19994.22,0.58,20037.57;341.3846
19994.22,0.58,20037.57;341.3846
19994.14,0.58,20037.81;341.2758
19994.14,0.58,20037.81;341.2758
19994.06,0.58,20038.05;341.1096
19993.97,0.58,20038.29;340.9893
19993.97,0.58,20038.29;340.9893
19993.89,0.58,20038.53;340.869
19993.81,0.58,20038.77;340.7085
19993.81,0.58,20038.77;340.7085
19993.72,0.58,20039.01;340.5367
19993.72,0.58,20039.01;340.5367
19993.64,0.58,20039.25;340.3647
19993.55,0.58,20039.48;340.2215
19993.55,0.58,20039.48;340.2215
19993.46,0.58,20039.72;340.0783
19993.46,0.58,20039.72;340.0783
19993.38,0.58,20039.96;339.935
19993.34,0.58,20040.2;339.8262
19993.34,0.58,20040.2;339.8262
19993.34,0.5800005,20040.41;339.7402
19993.34,0.5800005,20040.41;339.7402
19993.34,0.5800001,20040.63;339.6543
19993.34,0.5800001,20040.85;339.5569
19993.34,0.5800006,20041.04;339.4881
19993.34,0.5800006,20041.04;339.4881
19993.34,0.5800009,20041.15;339.4194
19993.34,0.5800005,20041.26;339.3391
19993.34,0.5800008,20041.34;339.2589
19993.34,0.5800008,20041.42;339.1615
19993.34,0.5800008,20041.42;339.1615
19993.34,0.5800008,20041.44;339.0641
19993.34,0.5800008,20041.46;338.9954
19993.34,0.5800008,20041.47;338.9496
19993.34,0.5800008,20041.47;338.9496
19993.34,0.5800008,20041.47;338.9496
19993.34,0.5800008,20041.48;338.9037
19993.34,0.5800008,20041.49;338.8922
19993.34,0.5800008,20041.49;338.8865
19993.34,0.5800008,20041.49;338.8865
19993.34,0.5800008,20041.49;338.8808
19993.34,0.5800008,20041.51;338.8751
19993.34,0.5800008,20041.52;338.8865
19993.34,0.5800008,20041.52;338.8865
19993.34,0.5800008,20041.55;338.898
19993.34,0.5800008,20041.58;338.9037
19993.34,0.5800009,20041.63;338.9095
19993.34,0.5800009,20041.68;338.9152
19993.34,0.5800009,20041.68;338.9152
19993.34,0.5800008,20041.75;338.9209
19993.34,0.5800009,20041.83;338.9209
19993.34,0.5800011,20041.91;338.9209
19993.34,0.5800011,20041.91;338.9209
19993.34,0.5800011,20041.91;338.9209
19993.34,0.5800013,20041.99;338.9209
19993.34,0.5800014,20042.07;338.9209
19993.34,0.5800014,20042.15;338.9095
19993.34,0.5800014,20042.15;338.9095
19993.34,0.5800014,20042.15;338.9095
19993.34,0.5800016,20042.21;338.898
19993.34,0.5800017,20042.29;338.8808
19993.34,0.5800017,20042.38;338.8808
19993.34,0.5800017,20042.38;338.8808
19993.34,0.5800017,20042.38;338.8808
19993.34,0.580002,20042.47;338.8808
19993.34,0.5800022,20042.57;338.8808
19993.34,0.5800025,20042.67;338.8808
19993.34,0.5800025,20042.67;338.8808
19993.34,0.5800025,20042.79;338.8808
19993.34,0.5800027,20042.91;338.8808
19993.34,0.5800025,20043.01;338.8808
19993.34,0.5800028,20043.12;338.8808
19993.34,0.5800028,20043.12;338.8808
19993.34,0.5800028,20043.2;338.8808
19993.34,0.5800031,20043.29;338.8808
19993.34,0.5800031,20043.38;338.9324
19993.34,0.5800031,20043.38;338.9324
19993.34,0.5800031,20043.38;338.9324
19993.34,0.5800033,20043.48;339.0298
19993.34,0.5800033,20043.59;339.1272
19993.34,0.5800034,20043.7;339.1386
19993.34,0.5800034,20043.7;339.1386
19993.34,0.5800034,20043.7;339.1386
19993.34,0.5800035,20043.86;339.1501
19993.34,0.5800033,20044.02;339.1616
19993.34,0.5800033,20044.02;339.1616
19993.34,0.5800033,20044.02;339.1616
19993.34,0.5800033,20044.02;339.1616
19993.34,0.5800034,20044.16;339.173
19993.34,0.5800033,20044.33;339.1845
19993.34,0.5800033,20044.33;339.1845
19993.34,0.5800033,20044.33;339.1845
19993.34,0.5800034,20044.49;339.1959
19993.34,0.5800034,20044.49;339.1959
19993.34,0.5800032,20044.64;339.2074
19993.34,0.5800033,20044.79;339.2131
19993.34,0.5800033,20044.79;339.2131
19993.34,0.5800033,20044.79;339.2131
19993.34,0.5800037,20044.95;339.2188
19993.34,0.5800039,20045.12;339.2246
19993.34,0.5800039,20045.12;339.2246
19993.34,0.5800039,20045.12;339.2246
19993.34,0.5800037,20045.26;339.2303
19993.34,0.5800037,20045.26;339.2303
19993.34,0.5800042,20045.42;339.236
19993.34,0.5800042,20045.42;339.236
19993.34,0.5800042,20045.42;339.236
19993.34,0.5800045,20045.54;339.2418
19993.34,0.5800045,20045.54;339.2418
19993.34,0.5800045,20045.54;339.2418
19993.34,0.5800043,20045.65;339.2475
19993.34,0.5800043,20045.65;339.2475
19993.34,0.5800042,20045.82;339.2532
19993.34,0.5800042,20045.82;339.2532
19993.34,0.5800048,20045.98;339.2589
19993.34,0.5800048,20045.98;339.2589
19993.34,0.5800048,20045.98;339.2589
19993.34,0.5800047,20046.13;339.2647
19993.34,0.5800047,20046.13;339.2647
19993.34,0.5800048,20046.3;339.2704
19993.34,0.5800046,20046.46;339.2704
19993.34,0.5800046,20046.46;339.2704
19993.34,0.5800045,20046.63;339.2933
19993.34,0.5800045,20046.63;339.2933
19993.34,0.5800045,20046.78;339.3162
19993.28,0.5800045,20046.93;339.3506
19993.28,0.5800045,20046.93;339.3506
19993.22,0.5800045,20047.1;339.3678
19993.22,0.5800045,20047.1;339.3678
19993.22,0.5800045,20047.1;339.3678
19993.16,0.5800045,20047.26;339.385
19993.09,0.5800045,20047.43;339.4194
19993.04,0.5800045,20047.58;339.4537
19993.04,0.5800045,20047.58;339.4537
19993.04,0.5800045,20047.58;339.4537
19992.97,0.5800045,20047.75;339.4938
19992.91,0.5800045,20047.91;339.5339
19992.85,0.5800045,20048.08;339.5798
19992.85,0.5800045,20048.08;339.5798
19992.85,0.5800045,20048.08;339.5798
19992.8,0.5800045,20048.22;339.6256
19992.74,0.5800045,20048.37;339.66
19992.68,0.5800045,20048.54;339.6944
19992.68,0.5800045,20048.54;339.6944
19992.68,0.5800045,20048.54;339.6944
19992.62,0.5800045,20048.7;339.7287
19992.57,0.5800045,20048.84;339.7688
19992.52,0.5800045,20048.98;339.809
19992.52,0.5800045,20048.98;339.809
19992.52,0.5800045,20048.98;339.809
19992.46,0.5800045,20049.14;339.8491
19992.41,0.5800045,20049.28;339.8892
19992.36,0.5800045,20049.42;339.9293
19992.36,0.5800045,20049.42;339.9293
19992.36,0.5800045,20049.42;339.9293
19992.3,0.5800045,20049.58;339.9694
19992.24,0.5800045,20049.73;340.0095
19992.19,0.5800045,20049.89;340.0553
19992.19,0.5800045,20049.89;340.0553
19992.19,0.5800045,20049.89;340.0553
19992.14,0.5800045,20050.03;340.1011
19992.09,0.5800045,20050.17;340.1412
19992.03,0.5800045,20050.32;340.1813
19991.97,0.5800045,20050.48;340.2214
19991.97,0.5800045,20050.48;340.2214
19991.92,0.5800045,20050.63;340.2616
19991.86,0.5800045,20050.79;340.3131
19991.82,0.5800045,20050.92;340.3647
19991.77,0.5800045,20051.05;340.4277
19991.77,0.5800045,20051.05;340.4277
19991.71,0.5800045,20051.21;340.4907
19991.66,0.5800045,20051.36;340.5366
19991.61,0.5800045,20051.51;340.5824
19991.55,0.5800045,20051.66;340.6339
19991.55,0.5800045,20051.66;340.6339
19991.55,0.5800045,20051.66;340.6339
19991.51,0.5800045,20051.79;340.6913
19991.46,0.5800045,20051.94;340.7485
19991.41,0.5800045,20052.08;340.7886
19991.41,0.5800045,20052.08;340.7886
19991.41,0.5800045,20052.08;340.7886
19991.36,0.5800045,20052.23;340.8459
19991.31,0.5800045,20052.36;340.9032
19991.27,0.5800045,20052.48;340.9548
19991.27,0.5800045,20052.48;340.9548
19991.27,0.5800045,20052.48;340.9548
19991.22,0.5800045,20052.63;341.0178
19991.17,0.5800045,20052.78;341.0808
19991.12,0.5800045,20052.93;341.1439
19991.12,0.5800045,20052.93;341.1439
19991.12,0.5800045,20052.93;341.1439
19991.07,0.5800045,20053.05;341.2011
19991.02,0.5800045,20053.2;341.2584
19990.97,0.5800045,20053.34;341.3157
19990.97,0.5800045,20053.34;341.3157
19990.93,0.5800045,20053.49;341.373
19990.93,0.5800045,20053.49;341.373
19990.88,0.5800046,20053.61;341.4303
19990.84,0.5800042,20053.61;341.4761
19990.79,0.5800052,20053.61;341.5334
19990.74,0.5800062,20053.61;341.5907
19990.69,0.5800068,20053.61;341.6537
19990.69,0.5800068,20053.61;341.6537
19990.65,0.5800077,20053.61;341.7053
19990.65,0.5800077,20053.61;341.7053
19990.6,0.580008,20053.61;341.7569
19990.55,0.5800086,20053.61;341.8199
19990.55,0.5800086,20053.61;341.8199
19990.5,0.5800093,20053.61;341.8829
19990.5,0.5800093,20053.61;341.8829
19990.46,0.5800102,20053.61;341.946
19990.42,0.5800107,20053.61;341.9975
19990.42,0.5800107,20053.61;341.9975
19990.37,0.580011,20053.61;342.0491
19990.37,0.580011,20053.61;342.0491
19990.33,0.5800118,20053.61;342.1006
19990.29,0.5800124,20053.61;342.1579
19990.29,0.5800124,20053.61;342.1579
19990.24,0.5800123,20053.61;342.2095
19990.24,0.5800123,20053.61;342.2095
19990.19,0.5800126,20053.61;342.261
19990.15,0.5800129,20053.61;342.3241
19990.11,0.5800132,20053.61;342.3756
19990.11,0.5800132,20053.61;342.3756
19990.11,0.5800132,20053.61;342.3756
19990.06,0.5800134,20053.61;342.4272
19990.01,0.5800133,20053.61;342.4788
19989.97,0.5800136,20053.61;342.536
19989.97,0.5800136,20053.61;342.536
19989.97,0.5800136,20053.61;342.536
19989.93,0.5800147,20053.61;342.5934
19989.89,0.5800149,20053.61;342.6449
19989.86,0.5800154,20053.61;342.6678
19989.86,0.5800154,20053.61;342.6678
19989.86,0.5800154,20053.61;342.6678
19989.83,0.5800158,20053.61;342.6907
19989.8,0.5800155,20053.61;342.7022
19989.77,0.5800155,20053.61;342.6965
19989.77,0.5800155,20053.61;342.6965
19989.77,0.5800155,20053.61;342.6965
19989.75,0.5800158,20053.61;342.6907
19989.74,0.5800159,20053.61;342.685
19989.74,0.580016,20053.61;342.6564
19989.74,0.580016,20053.61;342.6564
19989.74,0.580016,20053.61;342.6277
19989.74,0.580016,20053.61;342.6048
19989.73,0.5800159,20053.61;342.5819
19989.73,0.5800158,20053.61;342.5647
19989.73,0.5800158,20053.61;342.5647
19989.73,0.5800159,20053.61;342.5475
19989.73,0.5800159,20053.61;342.5189
19989.72,0.5800159,20053.61;342.473
19989.72,0.5800159,20053.61;342.473
19989.72,0.580016,20053.61;342.4272
19989.72,0.580016,20053.61;342.3756
19989.72,0.5800159,20053.61;342.3241
19989.71,0.5800159,20053.61;342.2553
19989.71,0.5800159,20053.61;342.2553
19989.71,0.5800159,20053.61;342.2553
19989.71,0.580016,20053.61;342.1866
19989.71,0.5800159,20053.61;342.1178
19989.71,0.5800159,20053.61;342.0663
19989.71,0.5800159,20053.61;342.0663
19989.71,0.5800159,20053.61;342.0663
19989.7,0.5800159,20053.61;342.0204
19989.7,0.5800159,20053.61;341.9746
19989.7,0.580016,20053.61;341.9287
19989.7,0.580016,20053.61;341.9287
19989.7,0.580016,20053.61;341.9287
19989.7,0.580016,20053.61;341.8829
19989.69,0.580016,20053.61;341.8371
19989.69,0.580016,20053.61;341.7855
19989.69,0.580016,20053.61;341.7855
19989.69,0.580016,20053.61;341.7855
19989.69,0.580016,20053.61;341.7339
19989.68,0.580016,20053.61;341.6709
19989.68,0.580016,20053.61;341.6251
19989.68,0.580016,20053.61;341.6251
19989.68,0.580016,20053.61;341.6251
19989.68,0.580016,20053.61;341.5793
19989.67,0.580016,20053.61;341.522
19989.67,0.580016,20053.61;341.4647
19989.66,0.580016,20053.61;341.4017
19989.66,0.580016,20053.61;341.4017
19989.66,0.580016,20053.61;341.4017
19989.65,0.5800159,20053.61;341.3558
19989.64,0.5800158,20053.61;341.31
19989.63,0.5800158,20053.61;341.2928
19989.63,0.5800158,20053.61;341.2928
19989.63,0.5800158,20053.61;341.2928
19989.62,0.5800157,20053.61;341.3157
19989.6,0.5800158,20053.61;341.3387
19989.59,0.5800159,20053.61;341.3444
19989.59,0.5800159,20053.61;341.3444
19989.59,0.5800159,20053.61;341.3444
19989.57,0.580016,20053.61;341.3444
19989.55,0.5800157,20053.61;341.3444
19989.53,0.5800154,20053.61;341.3444
19989.53,0.5800154,20053.61;341.3444
19989.5,0.5800151,20053.61;341.3444
19989.5,0.5800151,20053.61;341.3444
19989.48,0.5800149,20053.61;341.3444
19989.45,0.5800149,20053.61;341.3616
19989.45,0.5800149,20053.61;341.3616
19989.43,0.580015,20053.61;341.3616
19989.43,0.580015,20053.61;341.3616
19989.41,0.5800151,20053.61;341.3673
19989.41,0.5800151,20053.61;341.3673
19989.39,0.5800152,20053.61;341.3788
19989.39,0.5800152,20053.61;341.3788
19989.38,0.5800154,20053.61;341.3902
19989.37,0.5800154,20053.61;341.4246
19989.37,0.5800154,20053.61;341.4246
19989.36,0.5800154,20053.61;341.459
19989.36,0.5800154,20053.61;341.459
19989.36,0.5800154,20053.61;341.459
19989.35,0.5800154,20053.61;341.4876
19989.35,0.5800154,20053.61;341.4876
19989.34,0.5800154,20053.61;341.4933
19989.34,0.5800154,20053.61;341.4933
19989.34,0.5800154,20053.61;341.4933
19989.33,0.5800154,20053.61;341.4933
19989.33,0.5800154,20053.61;341.4933
19989.33,0.5800154,20053.61;341.4876
19989.33,0.5800154,20053.61;341.4876
19989.32,0.5800154,20053.61;341.4819
19989.32,0.5800154,20053.61;341.4819
19989.31,0.5800154,20053.61;341.4933
19989.31,0.5800154,20053.61;341.4933
19989.31,0.5800154,20053.61;341.4933
19989.31,0.5800154,20053.61;341.4933
19989.3,0.5800152,20053.61;341.5162
19989.29,0.5800154,20053.61;341.5277
19989.29,0.5800154,20053.61;341.5277
19989.29,0.5800154,20053.61;341.5277
19989.29,0.5800154,20053.61;341.5392
19989.29,0.5800154,20053.61;341.5392
19989.28,0.5800154,20053.61;341.5392
19989.28,0.5800154,20053.61;341.5392
19989.28,0.5800154,20053.61;341.5392
19989.27,0.5800155,20053.61;341.5449
19989.27,0.5800155,20053.61;341.5449
19989.26,0.5800155,20053.61;341.5449
19989.26,0.5800155,20053.61;341.5449
19989.26,0.5800155,20053.61;341.5449
19989.25,0.5800156,20053.61;341.5506
19989.25,0.5800156,20053.61;341.5506
19989.24,0.5800157,20053.61;341.5621
19989.24,0.5800157,20053.61;341.5621
19989.24,0.5800157,20053.61;341.5621
19989.24,0.5800157,20053.61;341.5621
19989.23,0.5800157,20053.61;341.5735
19989.22,0.5800158,20053.61;341.5793
19989.22,0.5800158,20053.61;341.5793
19989.22,0.5800158,20053.61;341.5793
19989.22,0.5800158,20053.61;341.5793
19989.21,0.5800158,20053.61;341.585
19989.2,0.5800159,20053.61;341.585
19989.2,0.5800159,20053.61;341.585
19989.2,0.5800159,20053.61;341.585
19989.2,0.5800159,20053.61;341.585
19989.19,0.5800157,20053.61;341.5907
19989.19,0.5800157,20053.61;341.5907
19989.18,0.5800157,20053.61;341.5907
19989.18,0.5800157,20053.61;341.5907
19989.18,0.5800157,20053.61;341.5907
19989.17,0.5800155,20053.61;341.5965
19989.16,0.5800154,20053.61;341.6022
19989.16,0.5800154,20053.61;341.6022
19989.16,0.5800154,20053.61;341.6022
19989.16,0.5800154,20053.61;341.6022
19989.15,0.5800154,20053.61;341.6079
19989.15,0.5800154,20053.61;341.6079
19989.14,0.5800155,20053.61;341.6136
19989.14,0.5800155,20053.61;341.6136
19989.14,0.5800155,20053.61;341.6136
19989.13,0.5800155,20053.61;341.6136
19989.12,0.5800155,20053.61;341.6136
19989.12,0.5800155,20053.61;341.6136
19989.12,0.5800155,20053.61;341.6136
19989.12,0.5800158,20053.61;341.6194
19989.12,0.5800158,20053.61;341.6194
19989.11,0.5800158,20053.61;341.6194
19989.11,0.5800158,20053.61;341.6194
19989.11,0.5800158,20053.61;341.6194
19989.1,0.5800158,20053.61;341.6194
19989.1,0.5800158,20053.61;341.6194
19989.09,0.5800157,20053.61;341.6251
19989.09,0.5800157,20053.61;341.6251
19989.09,0.5800157,20053.61;341.6251
19989.08,0.5800158,20053.61;341.6251
19989.08,0.5800158,20053.61;341.6251
19989.07,0.5800156,20053.61;341.6251
19989.07,0.5800156,20053.61;341.6251
19989.07,0.5800156,20053.61;341.6251
19989.06,0.5800159,20053.61;341.6251
19989.06,0.5800159,20053.61;341.6251
19989.06,0.5800159,20053.61;341.6251
19989.05,0.5800161,20053.61;341.6308
19989.05,0.5800161,20053.61;341.6308
19989.04,0.5800161,20053.61;341.6308
19989.04,0.5800161,20053.61;341.6308
19989.04,0.5800161,20053.61;341.6308
19989.03,0.5800162,20053.61;341.6308
19989.03,0.5800162,20053.61;341.6308
19989.02,0.5800164,20053.61;341.6366
19989.02,0.5800164,20053.61;341.6366
19989.02,0.5800164,20053.61;341.6366
19989.01,0.5800165,20053.61;341.6366
19989.01,0.5800165,20053.61;341.6366
19989,0.5800166,20053.61;341.6366
19989,0.5800166,20053.61;341.6366
19989,0.5800166,20053.61;341.6366
19988.99,0.5800166,20053.61;341.6423
19988.99,0.5800166,20053.61;341.6423
19988.98,0.5800168,20053.61;341.6423
19988.98,0.5800168,20053.61;341.6423
19988.97,0.580017,20053.61;341.6423
19988.97,0.580017,20053.61;341.6366
19988.96,0.5800171,20053.61;341.5965
19988.96,0.5800171,20053.61;341.5965
19988.96,0.5800171,20053.61;341.5965
19988.94,0.5800173,20053.61;341.5563
19988.93,0.5800173,20053.61;341.5449
19988.92,0.5800175,20053.61;341.5506
19988.92,0.5800175,20053.61;341.5506
