20000,0.5,20000;0
20000,0.58,20000.11;359.957
19999.99,0.58,20000.31;358.1379
19999.98,0.58,20000.52;356.3188
19999.96,0.58,20000.74;354.4996
19999.93,0.58,20000.96;352.6805
19999.9,0.58,20001.17;350.8613
19999.86,0.58,20001.38;349.0422
19999.81,0.58,20001.59;347.2231
19999.75,0.58,20001.8;345.4039
19999.69,0.58,20002.01;343.5848
19999.63,0.58,20002.21;341.7657
19999.56,0.58,20002.39;340.6054
19999.5,0.58,20002.56;340.6054
19999.45,0.58,20002.72;340.6054
19999.39,0.58,20002.89;340.6054
19999.33,0.58,20003.06;340.6054
19999.26,0.58,20003.22;338.8579
19999.19,0.58,20003.39;337.0388
19999.12,0.58,20003.55;335.2196
19999.04,0.58,20003.71;333.4005
19998.96,0.58,20003.87;331.5813
19998.87,0.58,20004.02;329.7622
19998.77,0.58,20004.17;327.9431
19998.67,0.58,20004.32;326.1239
19998.57,0.58,20004.46;324.3048
19998.47,0.58,20004.59;322.4856
19998.35,0.58,20004.73;320.6665
19998.24,0.58,20004.87;318.8474
19998.11,0.58,20005;317.0282
19997.99,0.58,20005.13;315.2091
19997.86,0.58,20005.25;313.39
19997.73,0.58,20005.36;311.5708
19997.59,0.58,20005.47;309.7517
19997.46,0.58,20005.58;309.1644
19997.32,0.58,20005.7;309.1644
19997.19,0.58,20005.8;309.1644
19997.05,0.58,20005.92;309.1644
19996.92,0.58,20006.03;309.1644
19996.78,0.58,20006.14;309.193
19996.64,0.58,20006.25;309.1214
19996.5,0.58,20006.36;309.0068
19996.37,0.58,20006.47;309.0784
19996.3,0.58,20006.53;309.0355
19996.17,0.58,20006.63;309.1501
19996.01,0.58,20006.77;309.2503
19995.84,0.58,20006.91;309.3649
19995.66,0.58,20007.05;309.3792
19995.48,0.58,20007.2;309.3936
19995.29,0.58,20007.34;307.5744
19995.1,0.58,20007.48;305.7553
19994.91,0.58,20007.61;303.9362
19994.72,0.58,20007.73;302.117
19994.52,0.58,20007.85;300.2979
19994.31,0.58,20007.96;298.4787
19994.11,0.58,20008.06;296.6596
19993.92,0.58,20008.15;294.8405
19993.72,0.58,20008.24;294.8405
19993.54,0.58,20008.32;294.8405
19993.36,0.58,20008.4;294.8405
19993.19,0.58,20008.48;294.8405
19993.02,0.58,20008.56;294.8405
19992.86,0.58,20008.64;294.8405
19992.69,0.58,20008.72;294.6256
19992.52,0.58,20008.79;292.8065
19992.35,0.58,20008.85;290.9873
19992.18,0.58,20008.91;289.1682
19992.01,0.58,20008.97;287.3491
19991.84,0.58,20009.01;285.5299
19991.65,0.58,20009.06;283.7108
19991.49,0.58,20009.09;281.8916
19991.31,0.58,20009.13;280.0725
19991.14,0.58,20009.15;278.2534
19990.96,0.58,20009.17;276.4342
19990.77,0.58,20009.19;274.6151
19990.59,0.58,20009.19;272.796
19990.4,0.58,20009.2;270.9768
19990.21,0.58,20009.19;269.1577
19990.03,0.58,20009.19;267.3385
19989.85,0.58,20009.17;265.5194
19989.66,0.58,20009.15;263.7003
19989.47,0.58,20009.12;261.8811
19989.28,0.58,20009.09;260.062
19989.28,0.5800001,20009.05;258.2428
19989.28,0.58,20009.01;256.4237
19989.28,0.5800008,20008.96;255.908
19989.28,0.5800003,20008.92;255.908
19989.28,0.5800005,20008.87;255.908
19989.28,0.5800008,20008.83;255.908
19989.28,0.5800007,20008.78;255.908
19989.28,0.5800002,20008.74;255.908
19989.28,0.58,20008.69;255.908
19989.28,0.5800003,20008.65;255.908
19989.28,0.5800003,20008.6;255.908
19989.28,0.5800006,20008.56;255.5643
19989.28,0.5800005,20008.51;254.8481
19989.28,0.5800009,20008.46;254.1176
19989.28,0.5800017,20008.4;252.2984
19989.28,0.5800011,20008.34;250.4793
19989.28,0.5800015,20008.27;248.6601
19989.27,0.5800014,20008.19;246.841
19989.27,0.5800013,20008.11;245.0219
19989.27,0.5800016,20008.04;243.2027
19989.27,0.5800017,20008.02;241.3836
19989.27,0.5800014,20007.96;239.5645
19989.27,0.5800017,20007.86;237.7453
19989.27,0.5800016,20007.73;235.9262
19989.26,0.5800019,20007.6;234.1071
19989.26,0.5800027,20007.46;232.2879
19989.26,0.5800017,20007.31;230.4688
19989.26,0.5800017,20007.16;228.6496
19989.26,0.5800016,20007;226.8305
19989.26,0.5800015,20006.83;225.0114
19989.25,0.5800018,20006.67;223.1922
19989.25,0.5800021,20006.49;221.3731
19989.25,0.5800024,20006.32;219.5539
19989.25,0.5800027,20006.14;217.7348
19989.25,0.5800029,20005.96;215.9156
19989.25,0.5800031,20005.77;214.0965
19989.24,0.5800031,20005.57;212.2774
19989.24,0.5800033,20005.37;210.4582
19989.24,0.5800033,20005.17;208.6391
19989.24,0.5800032,20004.97;206.82
19989.23,0.5800032,20004.76;205.0008
19989.23,0.5800033,20004.56;203.1817
19989.23,0.5800035,20004.35;201.3625
19989.23,0.5800036,20004.14;199.5434
19989.22,0.5800039,20003.96;198.0108
19989.22,0.5800039,20003.78;198.0108
19989.22,0.5800038,20003.6;198.5407
19989.22,0.5800039,20003.42;198.5264
19989.22,0.580004,20003.26;198.9418
19989.22,0.5800043,20003.09;198.8988
19989.22,0.5800044,20002.92;198.9705
19989.22,0.5800045,20002.75;199.0278
19989.22,0.5800043,20002.57;198.9991
19989.22,0.5800043,20002.39;199.0707
19989.22,0.5800045,20002.22;199.1423
19989.22,0.5800044,20002.04;199.171
19989.22,0.5800045,20001.85;199.2426
19989.22,0.5800045,20001.68;198.2399
19989.22,0.5800045,20001.57;197.2372
19989.22,0.5800044,20001.39;195.4181
19989.22,0.5800044,20001.2;193.599
19989.21,0.5800045,20001.01;191.7798
19989.21,0.5800043,20000.82;189.9607
19989.21,0.5800044,20000.62;188.1416
19989.21,0.5800045,20000.43;186.3224
19989.21,0.5800045,20000.24;184.5033
19989.2,0.5800045,20000.06;182.6841
19989.2,0.5800045,19999.88;180.865
19989.2,0.5800045,19999.69;179.8194
19989.21,0.5800045,19999.5;178.7737
19989.21,0.5800045,19999.31;178.7737
19989.21,0.5800041,19999.28;178.7737
19989.22,0.5800035,19999.28;178.7737
19989.22,0.5800038,19999.28;178.7737
19989.23,0.580004,19999.28;178.7737
19989.23,0.580003,19999.28;178.7737
19989.23,0.580003,19999.28;178.7737
19989.23,0.5800035,19999.28;178.7737
19989.24,0.5800027,19999.28;178.7737
19989.24,0.5800027,19999.28;178.7737
19989.24,0.5800031,19999.28;178.7737
19989.25,0.580003,19999.28;178.7737
19989.25,0.5800033,19999.28;178.7737
19989.26,0.5800039,19999.28;178.7737
19989.26,0.5800041,19999.28;178.8167
19989.26,0.5800041,19999.28;178.788
19989.27,0.5800041,19999.28;178.8167
19989.27,0.5800045,19999.28;179.1032
19989.27,0.5800047,19999.28;179.8194
19989.27,0.5800047,19999.28;180.1058
19989.27,0.5800045,19999.28;180.3493
19989.27,0.5800045,19999.28;180.3923
19989.27,0.5800045,19999.28;180.378
19989.27,0.5800045,19999.28;180.5642
19989.27,0.5800045,19999.28;180.8937
19989.27,0.5800045,19999.28;181.4953
19989.27,0.5800045,19999.28;181.5096
19989.27,0.5800045,19999.28;181.5669
19989.27,0.5800045,19999.28;181.4236
19989.27,0.5800045,19999.28;181.2088
19989.27,0.5800045,19999.28;180.2777
19989.28,0.5800042,19999.28;178.4586
19989.29,0.5800045,19999.28;176.6395
19989.31,0.5800042,19999.28;174.8203
19989.34,0.5800043,19999.28;173.0012
19989.37,0.5800039,19999.28;171.182
19989.41,0.5800036,19999.28;169.3629
19989.46,0.5800033,19999.28;167.5438
19989.52,0.5800028,19999.28;165.7246
19989.58,0.5800022,19999.28;163.9055
19989.65,0.5800031,19999.28;162.0863
19989.73,0.5800033,19999.28;160.2672
19989.81,0.5800036,19999.27;158.4481
19989.89,0.5800032,19999.27;156.6289
19989.98,0.5800033,19999.27;155.3684
19990.07,0.5800042,19999.27;155.3684
19990.15,0.5800039,19999.27;155.3684
19990.23,0.5800041,19999.27;155.3684
19990.31,0.580004,19999.27;155.3684
19990.39,0.5800043,19999.27;155.3684
19990.47,0.5800049,19999.27;155.3684
19990.54,0.5800056,19999.27;155.3684
19990.62,0.5800055,19999.27;155.3684
19990.7,0.5800059,19999.27;155.3684
19990.78,0.5800063,19999.27;154.3084
19990.87,0.5800066,19999.27;153.2485
19990.96,0.5800061,19999.27;151.5439
19991.05,0.5800064,19999.27;149.7248
19991.15,0.5800067,19999.27;147.9056
19991.26,0.5800061,19999.27;146.0865
19991.37,0.5800066,19999.26;144.2674
19991.49,0.5800067,19999.26;142.4482
19991.61,0.5800063,19999.26;140.6291
19991.73,0.5800067,19999.26;138.81
19991.86,0.580007,19999.26;136.9908
19991.99,0.5800073,19999.26;135.1717
19992.13,0.5800071,19999.26;133.3525
19992.27,0.5800074,19999.25;131.5334
19992.42,0.5800079,19999.25;129.7142
19992.57,0.5800078,19999.25;127.8951
19992.73,0.580008,19999.25;126.076
19992.88,0.5800079,19999.24;124.2568
19993.04,0.580008,19999.24;122.4377
19993.17,0.5800081,19999.24;120.6186
19993.22,0.5800081,19999.24;118.7994
19993.39,0.5800082,19999.24;116.9803
19993.56,0.5800083,19999.23;115.1611
19993.74,0.5800081,19999.23;113.342
19993.92,0.5800084,19999.23;111.5229
19994.09,0.5800084,19999.23;109.7037
19994.28,0.5800083,19999.22;107.8846
19994.46,0.5800083,19999.22;106.0655
19994.64,0.5800083,19999.22;104.2463
19994.83,0.5800084,19999.22;102.4272
19995.01,0.5800084,19999.21;100.694
19995.19,0.5800084,19999.21;100.694
19995.36,0.5800084,19999.21;100.694
19995.54,0.5800085,19999.21;100.694
19995.72,0.5800085,19999.21;100.694
19995.91,0.5800084,19999.21;100.694
19996.1,0.5800083,19999.21;100.694
19996.28,0.5800083,19999.21;100.694
19996.46,0.5800082,19999.21;100.694
19996.64,0.5800081,19999.21;100.694
19996.84,0.5800083,19999.21;100.694
19997.02,0.5800083,19999.21;100.694
19997.2,0.5800081,19999.21;100.694
19997.39,0.5800081,19999.21;100.694
19997.57,0.5800081,19999.21;100.6653
19997.76,0.5800081,19999.21;100.6653
19997.94,0.5800082,19999.21;100.6653
19998.12,0.5800082,19999.21;100.8372
19998.3,0.5800082,19999.21;100.9948
19998.48,0.5800082,19999.21;101.2383
19998.62,0.5800082,19999.21;101.5534
19998.62,0.5800082,19999.21;101.8399
19998.73,0.5800083,19999.21;101.9975
19998.92,0.5800081,19999.21;102.1264
19999.11,0.5800081,19999.21;102.1693
19999.31,0.5800082,19999.21;102.2123
19999.53,0.5800082,19999.21;102.2839
19999.74,0.5800083,19999.21;102.241
19999.96,0.5800083,19999.21;102.3269
20000.17,0.580008,19999.21;102.4129
20000.39,0.5800081,19999.21;102.3985
20000.58,0.5800081,19999.21;102.3842
20000.79,0.5800083,19999.21;102.2839
20001.01,0.5800083,19999.21;102.1837
20001.22,0.5800082,19999.21;102.1121
20001.42,0.5800083,19999.21;102.0404
20001.62,0.5800083,19999.21;101.9688
20001.83,0.5800082,19999.21;101.8972
20002.04,0.5800083,19999.21;101.8256
20002.26,0.5800082,19999.21;101.754
20002.47,0.5800083,19999.21;101.6824
20002.67,0.5800083,19999.21;101.6108
20002.87,0.5800083,19999.21;101.5392
20003.07,0.5800084,19999.21;101.4675
20003.26,0.5800083,19999.21;101.3959
20003.46,0.5800082,19999.21;101.3243
20003.65,0.5800083,19999.21;101.2527
20003.83,0.5800082,19999.21;101.1811
20004.01,0.5800082,19999.21;101.1095
20004.2,0.5800083,19999.21;101.0379
20004.38,0.5800083,19999.21;100.9662
20004.56,0.5800084,19999.21;100.8946
20004.56,0.5800084,19999.21;100.8946
20004.74,0.5800084,19999.21;100.823
20004.92,0.5800085,19999.21;100.7514
20005.1,0.5800084,19999.21;101.0522
20005.27,0.5800084,19999.21;100.9806
20005.44,0.5800084,19999.21;100.909
20005.63,0.5800084,19999.21;101.5965
20005.8,0.5800083,19999.21;101.7111
20005.98,0.5800084,19999.21;101.8257
20006.16,0.5800084,19999.21;102.0406
20006.34,0.5800084,19999.21;102.2554
20006.52,0.5800084,19999.21;102.5276
20006.71,0.5800083,19999.21;102.5849
20006.71,0.5800083,19999.21;102.5849
20006.88,0.5800084,19999.21;102.7281
20007.06,0.5800083,19999.21;102.857
20007.24,0.5800083,19999.21;102.8427
20007.43,0.5800081,19999.21;102.9573
20007.61,0.5800082,19999.21;103.0289
20007.79,0.5800083,19999.21;103.1292
20007.97,0.5800083,19999.21;103.3154
20008.15,0.5800083,19999.21;103.5016
20008.24,0.5800082,19999.21;103.5876
20008.32,0.5800082,19999.21;103.6019
20008.5,0.5800083,19999.21;103.6162
20008.68,0.5800082,19999.21;103.7451
20008.85,0.580008,19999.21;103.7451
20009.03,0.5800081,19999.21;103.8167
20009.21,0.5800081,19999.21;103.8883
20009.39,0.580008,19999.21;103.8167
20009.57,0.580008,19999.21;103.7451
20009.72,0.580008,19999.21;103.6735
20009.72,0.580008,19999.21;103.6019
20009.72,0.580008,19999.21;103.5303
20009.72,0.580008,19999.21;103.4586
20009.72,0.580008,19999.21;103.387
20009.72,0.580008,19999.21;103.3154
20009.72,0.580008,19999.21;103.2438
20009.72,0.580008,19999.21;103.1722
20009.72,0.580008,19999.21;103.1722
20009.72,0.580008,19999.21;103.1005
20009.72,0.5800077,19999.21;103.0289
20009.72,0.5800077,19999.21;103.0289
20009.72,0.5800077,19999.21;102.9573
20009.72,0.5800077,19999.21;102.8857
20009.72,0.5800077,19999.21;102.8141
20009.72,0.5800077,19999.21;102.7425
20009.72,0.5800077,19999.21;102.7425
20009.72,0.5800077,19999.21;102.6708
20009.72,0.5800077,19999.21;102.5992
20009.72,0.5800077,19999.21;102.5992
20009.72,0.5800077,19999.21;102.7281
20009.72,0.5800077,19999.21;102.943
20009.72,0.5800077,19999.21;103.7452
20009.72,0.5800077,19999.21;104.1032
20009.72,0.5800077,19999.21;104.3897
20009.72,0.5800077,19999.21;104.6762
20009.72,0.5800077,19999.21;105.0343
20009.72,0.5800076,19999.21;105.3637
20009.72,0.5800076,19999.21;105.55
20009.72,0.5800077,19999.21;106.0943
20009.72,0.5800074,19999.21;106.2375
20009.72,0.5800074,19999.21;106.4094
20009.72,0.5800074,19999.21;106.7961
20009.72,0.5800074,19999.21;106.8391
20009.72,0.5800074,19999.21;106.882
20009.72,0.5800074,19999.21;106.8964
20009.72,0.5800074,19999.21;106.882
20009.72,0.5800074,19999.21;106.8964
20009.72,0.5800074,19999.21;106.9966
20009.72,0.5800074,19999.21;106.9966
20009.72,0.5800073,19999.21;107.0969
20009.72,0.5800073,19999.21;107.1972
20009.72,0.5800073,19999.21;107.2974
20009.72,0.5800073,19999.21;107.3118
20009.72,0.5800073,19999.21;107.3118
20009.72,0.5800073,19999.21;107.3118
20009.72,0.5800073,19999.21;107.3118
20009.6,0.5800073,19999.25;107.3118
20009.41,0.5800073,19999.31;107.3118
20009.25,0.5800073,19999.36;107.3118
20009.12,0.5800073,19999.4;107.3118
20009.06,0.5800073,19999.42;107.3118
20009.04,0.5800073,19999.43;107.3118
20009.04,0.5800073,19999.43;107.3118
20009.02,0.5800073,19999.43;107.3118
20009.04,0.5800073,19999.43;107.3118
20009.06,0.5800073,19999.42;107.3118
20009.08,0.5800073,19999.41;107.3118
20009.11,0.5800073,19999.41;107.3118
20009.13,0.5800073,19999.4;107.3118
20009.17,0.5800073,19999.39;107.3118
20009.17,0.5800073,19999.39;107.3118
20009.21,0.5800073,19999.37;107.3118
20009.26,0.5800073,19999.36;107.3118
20009.32,0.5800073,19999.34;107.3118
20009.39,0.5800073,19999.32;107.3118
20009.47,0.5800073,19999.29;107.3118
20009.55,0.5800073,19999.27;107.3118
20009.63,0.5800073,19999.24;107.3118
20009.72,0.5800073,19999.22;107.3118
20009.72,0.5800074,19999.22;107.3118
20009.72,0.5800074,19999.22;107.3118
20009.72,0.5800074,19999.22;107.3118
20009.72,0.5800074,19999.22;107.3118
20009.72,0.5800074,19999.22;107.3118
20009.72,0.5800074,19999.22;107.3118
20009.72,0.5800074,19999.22;107.3118
20009.72,0.5800074,19999.22;107.3118
20009.72,0.5800073,19999.22;107.3118
20009.72,0.5800073,19999.22;107.3118
20009.72,0.5800076,19999.22;107.3834
20009.72,0.5800076,19999.22;107.3834
20009.72,0.5800076,19999.22;107.6842
20009.72,0.5800076,19999.22;108.1282
20009.72,0.5800076,19999.22;108.7441
20009.72,0.5800076,19999.22;109.3601
20009.72,0.5800076,19999.22;110.1049
20009.72,0.5800076,19999.22;110.1479
20009.72,0.5800076,19999.22;110.1909
20009.72,0.5800076,19999.22;110.1909
20009.71,0.5800076,19999.23;110.1765
20009.67,0.5800076,19999.24;110.2911
20009.61,0.5800076,19999.27;110.2911
20009.53,0.5800076,19999.29;110.2911
20009.45,0.5800076,19999.32;110.2911
20009.37,0.5800076,19999.35;109.7898
20009.3,0.5800076,19999.38;109.6752
20009.26,0.5800076,19999.39;109.5176
20009.21,0.5800076,19999.41;109.4603
20009.21,0.5800076,19999.41;109.403
20009.21,0.5800076,19999.41;109.1882
20009.17,0.5800076,19999.42;108.515
20009.15,0.5800076,19999.43;107.0969
20009.14,0.5800076,19999.43;105.7934
20009.12,0.5800076,19999.44;104.3897
20009.11,0.5800076,19999.44;102.9573
20009.1,0.5800076,19999.44;101.6968
20009.1,0.5800076,19999.44;101.1238
20009.1,0.5800076,19999.44;100.293
20009.1,0.5800076,19999.44;99.30466
20009.1,0.5800076,19999.44;98.31631
20009.07,0.5800076,19999.45;97.70037
20008.98,0.5800076,19999.46;96.81229
20008.93,0.5800076,19999.46;95.92422
20008.91,0.5800076,19999.46;95.75232
20008.89,0.5800076,19999.46;95.52314
20008.85,0.5800076,19999.47;95.45152
20008.8,0.5800076,19999.47;95.35126
20008.77,0.5800076,19999.48;95.25099
20008.74,0.5800076,19999.48;95.15072
20008.73,0.5800076,19999.48;95.05045
20008.73,0.5800076,19999.48;94.95018
20008.74,0.5800076,19999.48;94.84991
20008.74,0.5800076,19999.48;94.84991
20008.76,0.5800076,19999.48;94.74964
20008.79,0.5800076,19999.47;94.64938
20008.79,0.5800076,19999.47;94.5491
20008.8,0.5800076,19999.47;95.07909
20008.81,0.5800076,19999.47;95.70934
20008.83,0.5800076,19999.47;96.48283
20008.84,0.5800076,19999.47;97.25632
20008.85,0.5800076,19999.47;98.0155
20008.86,0.5800076,19999.47;98.18739
20008.86,0.5800076,19999.47;98.58845
20008.87,0.5800076,19999.46;99.37627
20008.89,0.5800076,19999.46;100.1641
20008.89,0.5800076,19999.46;100.8946
20008.9,0.5800076,19999.46;101.6681
20008.91,0.5800076,19999.46;102.4129
20008.91,0.5800076,19999.46;103.2008
20008.91,0.5800076,19999.46;103.9456
20008.91,0.5800076,19999.46;104.4756
20008.91,0.5800076,19999.46;105.2634
20008.92,0.5800076,19999.45;105.4926
20008.94,0.5800076,19999.45;105.1345
20008.95,0.5800076,19999.45;104.5472
20008.95,0.5800076,19999.45;104.0888
20008.95,0.5800076,19999.45;103.8453
20008.94,0.5800076,19999.45;103.7021
20008.93,0.5800076,19999.45;103.6305
20008.93,0.5800076,19999.45;103.6162
20008.93,0.5800076,19999.45;103.6018
20008.93,0.5800076,19999.45;103.6018
20008.93,0.5800076,19999.45;103.6018
20008.92,0.5800076,19999.46;103.6734
20008.88,0.5800076,19999.46;103.8024
20008.84,0.5800076,19999.47;103.9313
20008.8,0.5800076,19999.48;103.9743
20008.76,0.5800076,19999.49;104.0602
20008.71,0.5800076,19999.51;104.1891
20008.67,0.5800076,19999.52;104.361
20008.63,0.5800076,19999.53;104.5186
20008.59,0.5800076,19999.54;104.6761
20008.55,0.5800076,19999.55;104.805
20008.5,0.5800076,19999.56;104.934
20008.46,0.5800076,19999.57;105.0772
20008.42,0.5800076,19999.58;105.1058
20008.39,0.5800076,19999.59;105.2634
20008.36,0.5800076,19999.6;105.4066
20008.34,0.5800076,19999.61;105.4783
20008.35,0.5800076,19999.6;105.335
20008.37,0.5800076,19999.6;104.8194
20008.42,0.5800076,19999.58;103.8167
20008.47,0.5800076,19999.57;102.814
20008.51,0.5800076,19999.57;101.4676
20008.51,0.5800076,19999.57;99.92056
20008.5,0.5800076,19999.57;98.27331
20008.47,0.5800076,19999.57;96.45416
20008.43,0.5800076,19999.57;94.63503
20008.42,0.5800076,19999.57;92.81588
20008.42,0.5800076,19999.57;90.99675
20008.42,0.5800076,19999.57;89.1776
20008.42,0.5800076,19999.57;87.35847
20008.37,0.5800076,19999.57;85.53934
20008.33,0.5800076,19999.57;83.7202
20008.33,0.5800076,19999.57;81.90105
20008.37,0.5800076,19999.57;80.08192
20008.47,0.5800076,19999.59;78.26277
20008.57,0.5800076,19999.62;76.44363
20008.63,0.5800076,19999.63;74.6245
20008.68,0.5800076,19999.65;72.80537
20008.71,0.5800076,19999.66;70.98623
20008.74,0.5800076,19999.67;70.11247
20008.76,0.5800076,19999.68;70.08383
20008.77,0.5800076,19999.68;70.08383
20008.77,0.5800076,19999.68;70.05519
20008.77,0.5800076,19999.68;70.05519
20008.78,0.5800076,19999.68;69.72573
20008.78,0.5800076,19999.68;67.9066
20008.78,0.5800076,19999.68;66.08746
20008.78,0.5800076,19999.68;64.26833
20008.78,0.5800076,19999.68;62.44919
20008.78,0.5800076,19999.68;60.63005
20008.79,0.5800076,19999.69;58.81091
20008.75,0.5800076,19999.67;56.99178
20008.75,0.5800076,19999.67;55.17264
20008.75,0.5800076,19999.67;53.3535
20008.75,0.5800076,19999.67;51.53437
20008.75,0.5800076,19999.67;49.71523
20008.75,0.5800076,19999.67;47.89609
20008.75,0.5800076,19999.67;46.07695
20008.75,0.5800076,19999.67;44.25782
20008.75,0.5800076,19999.67;42.43867
20008.75,0.5800076,19999.67;40.61953
20008.76,0.5800076,19999.67;38.8004
20008.76,0.5800076,19999.68;36.98126
20008.76,0.5800076,19999.68;35.16212
20008.76,0.5800076,19999.68;33.34298
20008.76,0.5800076,19999.68;31.52384
20008.77,0.5800076,19999.69;29.70471
20008.77,0.5800076,19999.7;27.88557
20008.78,0.5800076,19999.71;26.06643
20008.79,0.5800076,19999.73;24.24729
20008.79,0.5800076,19999.75;22.42816
20008.8,0.5800076,19999.78;20.60902
20008.81,0.5800076,19999.8;18.78988
20008.82,0.5800076,19999.83;16.97074
20008.83,0.5800076,19999.87;15.1516
20008.84,0.5800076,19999.91;13.33246
20008.84,0.5800076,19999.91;11.51332
20008.84,0.5800076,19999.89;9.694186
20008.85,0.5800076,19999.96;7.875048
20008.86,0.5800076,20000.02;6.055909
20008.86,0.5800076,20000.07;4.236771
20008.86,0.5800076,20000.12;2.417633
20008.86,0.5800076,20000.17;0.598494
20008.86,0.5800076,20000.23;358.7794
20008.86,0.5800076,20000.29;356.9602
20008.85,0.5800076,20000.36;355.1411
20008.84,0.5800076,20000.42;353.3219
20008.83,0.5800076,20000.48;351.5028
20008.83,0.5800076,20000.53;349.6837
20008.81,0.5800076,20000.59;347.8645
20008.8,0.5800076,20000.65;346.0454
20008.79,0.5800076,20000.7;344.2263
20008.77,0.5800076,20000.76;342.4071
20008.74,0.5800076,20000.82;340.588
20008.72,0.5800076,20000.87;338.7688
20008.7,0.5800076,20000.94;336.9497
20008.67,0.5800076,20001;335.1306
20008.64,0.5800076,20001.06;333.3114
20008.61,0.5800076,20001.12;331.4923
20008.58,0.5800076,20001.16;329.6731
20008.58,0.5800076,20001.16;327.854
20008.58,0.5800076,20001.16;326.0349
20008.58,0.5800076,20001.16;324.2157
20008.59,0.5800076,20001.15;322.3966
20008.57,0.5800076,20001.17;320.5775
20008.57,0.5800076,20001.17;318.7583
20008.56,0.5800076,20001.18;316.9392
20008.55,0.5800076,20001.19;315.12
20008.55,0.5800076,20001.2;313.3009
20008.54,0.5800076,20001.2;311.4818
20008.52,0.5800076,20001.22;309.6626
20008.51,0.5800076,20001.22;307.8435
20008.5,0.5800076,20001.23;306.0244
20008.49,0.5800076,20001.24;304.2052
20008.48,0.5800076,20001.24;302.3861
20008.47,0.5800076,20001.25;300.5669
20008.47,0.5800076,20001.25;298.7478
20008.46,0.5800076,20001.26;296.9286
20008.45,0.5800076,20001.26;295.1095
20008.43,0.5800076,20001.27;293.2904
20008.42,0.5800076,20001.27;291.4713
20008.41,0.5800076,20001.28;289.6521
20008.39,0.5800076,20001.28;287.8329
20008.35,0.5800076,20001.3;286.0138
20008.31,0.5800076,20001.3;284.1947
20008.26,0.5800076,20001.32;282.3755
20008.21,0.5800076,20001.32;280.5564
20008.16,0.5800076,20001.33;278.7373
20008.09,0.5800076,20001.34;276.9182
20008.01,0.5800076,20001.35;275.099
20007.95,0.5800076,20001.35;273.2799
20007.87,0.5800076,20001.36;271.4607
20007.77,0.5800076,20001.35;269.6416
20007.65,0.5800076,20001.35;267.8224
20007.54,0.5800076,20001.34;266.0033
20007.42,0.5800076,20001.33;264.1842
20007.3,0.5800076,20001.31;262.365
20007.3,0.5800076,20001.31;260.5459
20007.28,0.5800076,20001.31;258.7267
20007.16,0.5800076,20001.28;256.9076
20007.04,0.5800076,20001.25;255.0885
20006.93,0.5800076,20001.22;253.2693
20006.8,0.5800076,20001.17;251.4502
20006.68,0.5800076,20001.13;249.6311
20006.55,0.5800076,20001.07;247.8119
20006.43,0.5800076,20001.02;245.9928
20006.33,0.5800076,20000.97;244.1736
20006.22,0.5800076,20000.91;242.3545
20006.11,0.5800076,20000.85;240.5354
20006.01,0.5800076,20000.79;238.7162
20005.91,0.5800076,20000.73;236.8971
20005.81,0.5800076,20000.66;235.078
20005.72,0.5800076,20000.59;233.2588
20005.63,0.5800076,20000.52;231.4397
20005.54,0.5800076,20000.44;229.6205
20005.45,0.5800076,20000.36;227.8014
20005.37,0.5800076,20000.28;225.9823
20005.28,0.5800076,20000.2;224.1631
20005.2,0.5800076,20000.11;222.344
20005.13,0.5800076,20000.02;220.5248
20005.05,0.5800076,19999.93;218.7057
20005,0.5800076,19999.85;216.8866
20004.93,0.5800076,19999.76;215.0674
20004.88,0.5800076,19999.67;213.2483
20004.87,0.5800076,19999.66;211.4292
20004.87,0.5800076,19999.66;209.61
20004.87,0.5800076,19999.66;207.7909
20004.87,0.5800076,19999.66;205.9717
20004.87,0.5800076,19999.66;204.1526
20004.87,0.5800076,19999.66;202.3335
20004.87,0.5800076,19999.66;200.5143
20004.87,0.5800076,19999.66;198.6952
20004.87,0.5800076,19999.66;196.8761
20004.87,0.5800076,19999.66;195.0569
20004.87,0.5800076,19999.66;193.2378
20004.87,0.5800076,19999.66;191.4186
20004.87,0.5800076,19999.66;189.5995
20004.87,0.5800076,19999.66;187.7803
20004.87,0.5800076,19999.66;185.9612
20004.87,0.5800076,19999.66;184.1421
20004.87,0.5800076,19999.6;182.3229
20004.87,0.5800076,19999.53;180.5038
20004.87,0.5800076,19999.45;178.6847
20004.87,0.5800076,19999.38;176.8655
20004.88,0.5800076,19999.31;175.0464
20004.89,0.5800077,19999.28;173.2273
20004.9,0.5800079,19999.28;171.4081
20004.91,0.5800077,19999.28;169.589
20004.93,0.5800079,19999.28;167.7698
20004.95,0.5800077,19999.28;165.9507
20004.97,0.5800079,19999.28;164.1316
20004.99,0.580008,19999.28;162.3124
20005.02,0.5800081,19999.28;160.4933
20005.04,0.580008,19999.28;158.6741
20005.07,0.5800081,19999.27;156.855
20005.09,0.580008,19999.27;155.0359
20005.13,0.5800081,19999.27;153.2167
20005.16,0.5800081,19999.27;151.3976
20005.2,0.5800083,19999.27;149.5785
20005.24,0.5800083,19999.27;147.7593
20005.28,0.5800083,19999.27;145.9402
20005.32,0.5800081,19999.27;144.121
20005.36,0.5800083,19999.26;142.3019
20005.37,0.5800083,19999.26;140.4828
20005.41,0.5800082,19999.26;138.6636
20005.45,0.580008,19999.26;136.8445
20005.49,0.5800081,19999.26;135.0253
20005.54,0.5800081,19999.25;133.2062
20005.59,0.580008,19999.25;131.3871
20005.63,0.580008,19999.25;129.5679
20005.68,0.580008,19999.25;127.7488
20005.75,0.5800081,19999.25;125.9296
20005.79,0.5800081,19999.24;124.1105
20005.86,0.5800082,19999.24;122.2914
20005.92,0.5800083,19999.24;120.4722
20005.99,0.5800082,19999.24;118.6531
20006.06,0.5800083,19999.24;116.834
20006.14,0.5800083,19999.23;115.0148
20006.22,0.5800084,19999.23;113.1957
20006.32,0.5800084,19999.23;111.3765
20006.41,0.5800084,19999.23;109.5574
20006.52,0.5800083,19999.22;107.7383
20006.62,0.5800083,19999.22;105.9191
20006.72,0.5800084,19999.22;104.1
20006.82,0.5800083,19999.22;102.2808
20006.93,0.5800083,19999.21;100.4617
20007.04,0.5800083,19999.21;98.64256
20007.15,0.5800083,19999.21;96.82342
20007.26,0.5800083,19999.21;95.00428
20007.37,0.5800083,19999.21;93.18514
20007.49,0.5800083,19999.2;91.366
20007.6,0.5800083,19999.2;89.54686
20007.72,0.5800083,19999.21;87.72772
20007.84,0.5800083,19999.22;85.90859
20007.95,0.5800083,19999.23;84.08945
20008.07,0.5800083,19999.24;82.27031
20008.18,0.5800083,19999.26;80.45116
20008.3,0.5800083,19999.29;78.63202
20008.41,0.5800083,19999.31;76.81289
20008.53,0.5800083,19999.34;74.99376
20008.64,0.5800083,19999.38;73.17461
20008.75,0.5800083,19999.41;71.35547
20008.86,0.5800083,19999.46;69.53633
20008.96,0.5800083,19999.5;67.7172
20009.07,0.5800083,19999.55;65.89806
20009.18,0.5800083,19999.6;64.07892
20009.28,0.5800083,19999.65;62.25978
20009.38,0.5800083,19999.71;60.44064
20009.48,0.5800083,19999.77;58.62151
20009.58,0.5800083,19999.84;56.80236
20009.68,0.5800083,19999.9;54.98323
20009.73,0.5800083,19999.97;53.16409
20009.74,0.5800083,20000.05;51.34496
20009.74,0.5800082,20000.13;49.52581
20009.74,0.580008,20000.21;47.70667
20009.74,0.5800078,20000.29;45.88753
20009.74,0.5800076,20000.37;44.06839
20009.75,0.5800076,20000.45;42.24926
20009.75,0.5800076,20000.45;40.43012
20009.75,0.5800076,20000.46;38.61098
20009.75,0.5800077,20000.52;36.79184
20009.75,0.5800077,20000.61;34.9727
20009.76,0.5800077,20000.71;33.15357
20009.76,0.5800075,20000.8;31.33443
20009.76,0.5800075,20000.9;29.51529
20009.76,0.5800076,20001;27.69615
20009.77,0.5800076,20001.1;25.87701
20009.77,0.5800077,20001.19;24.05787
20009.77,0.5800077,20001.29;22.23874
20009.77,0.5800076,20001.38;20.4196
20009.77,0.5800076,20001.46;18.60046
20009.78,0.5800076,20001.53;16.78132
20009.78,0.5800076,20001.61;14.96218
20009.78,0.5800076,20001.61;13.14304
20009.79,0.5800076,20001.69;11.3239
20009.79,0.5800076,20001.7;9.504766
20009.79,0.5800076,20001.77;7.685628
20009.79,0.5800076,20001.85;5.866489
20009.79,0.5800076,20001.92;4.04735
20009.8,0.5800076,20002;2.228212
20009.8,0.5800076,20002.07;0.4090735
20009.79,0.5800076,20002.14;358.5899
20009.79,0.5800076,20002.22;356.7708
20009.79,0.5800076,20002.29;354.9517
20009.78,0.5800076,20002.36;353.1325
20009.77,0.5800076,20002.43;351.3134
20009.75,0.5800076,20002.5;349.4942
20009.74,0.5800076,20002.57;347.6751
20009.72,0.5800076,20002.63;345.856
20009.71,0.5800076,20002.69;344.0368
20009.69,0.5800076,20002.75;342.2177
20009.67,0.5800076,20002.8;340.3986
20009.65,0.5800076,20002.86;338.5794
20009.62,0.5800076,20002.91;336.7603
20009.6,0.5800076,20002.96;334.9411
20009.58,0.5800076,20002.99;333.122
20009.56,0.5800076,20003.04;331.3029
20009.53,0.5800076,20003.09;329.4837
20009.49,0.5800076,20003.14;327.6646
20009.46,0.5800076,20003.2;325.8454
20009.42,0.5800076,20003.25;324.0263
20009.38,0.5800076,20003.3;322.2072
20009.34,0.5800076,20003.35;320.388
20009.3,0.5800076,20003.39;318.5689
20009.26,0.5800076,20003.44;316.7498
20009.22,0.5800076,20003.48;314.9306
20009.17,0.5800076,20003.52;313.1115
20009.12,0.5800076,20003.57;311.2923
20009.06,0.5800076,20003.61;309.4732
20009,0.5800076,20003.66;307.6541
20008.94,0.5800076,20003.7;305.8349
20008.88,0.5800076,20003.75;304.0158
20008.81,0.5800076,20003.79;302.1966
20008.74,0.5800076,20003.83;300.3775
20008.67,0.5800076,20003.87;298.5583
20008.59,0.5800076,20003.91;296.7392
20008.51,0.5800076,20003.95;294.9201
20008.43,0.5800076,20003.98;293.101
20008.34,0.5800076,20004.02;291.2818
20008.24,0.5800076,20004.05;289.4626
20008.15,0.5800076,20004.08;287.6435
20008.04,0.5800076,20004.11;285.8244
20007.92,0.5800076,20004.14;284.0052
20007.81,0.5800076,20004.16;282.1861
20007.7,0.5800076,20004.18;280.367
20007.59,0.5800076,20004.2;278.5479
20007.47,0.5800076,20004.21;276.7287
20007.36,0.5800076,20004.22;274.9095
20007.24,0.5800076,20004.23;273.0904
20007.12,0.5800076,20004.23;271.2713
20007.01,0.5800076,20004.23;269.4521
20006.89,0.5800076,20004.23;267.633
20006.77,0.5800076,20004.22;265.8138
20006.66,0.5800076,20004.21;263.9947
20006.54,0.5800076,20004.19;262.1756
20006.43,0.5800076,20004.17;260.3564
20006.32,0.5800076,20004.15;258.5373
20006.2,0.5800076,20004.12;256.7182
20006.09,0.5800076,20004.09;254.899
20005.99,0.5800076,20004.06;253.0799
20005.99,0.5800076,20004.06;251.2607
20005.99,0.5800076,20004.06;249.4416
20005.99,0.5800076,20004.06;247.6225
20005.99,0.5800076,20004.06;245.8033
20005.98,0.5800076,20004.05;243.9842
20005.95,0.5800076,20004.04;242.1651
20005.86,0.5800076,20003.99;240.3459
20005.81,0.5800076,20003.96;238.5268
20005.73,0.5800076,20003.91;236.7076
20005.64,0.5800076,20003.84;234.8885
20005.55,0.5800076,20003.77;233.0694
20005.46,0.5800076,20003.7;231.2502
20005.38,0.5800076,20003.63;229.4311
20005.29,0.5800076,20003.55;227.6119
20005.21,0.5800076,20003.47;225.7928
20005.13,0.5800076,20003.4;223.9737
20005.06,0.5800076,20003.31;222.1545
20004.99,0.5800076,20003.23;220.3354
20004.92,0.5800076,20003.14;218.5163
20004.85,0.5800076,20003.05;216.6971
20004.79,0.5800076,20002.97;214.878
20004.74,0.5800076,20002.88;213.0588
20004.68,0.5800076,20002.79;211.2397
20004.63,0.5800076,20002.7;209.4206
20004.58,0.5800076,20002.61;207.6014
20004.54,0.5800076,20002.52;205.7823
20004.5,0.5800076,20002.43;203.9632
20004.47,0.5800076,20002.35;202.144
20004.44,0.5800076,20002.26;200.3249
20004.41,0.5800076,20002.19;198.5057
20004.38,0.5800076,20002.1;196.6866
20004.36,0.5800076,20002.01;194.8675
20004.34,0.5800076,20001.92;193.0483
20004.32,0.5800076,20001.84;191.2292
20004.31,0.5800076,20001.75;189.41
20004.3,0.5800076,20001.65;187.5909
20004.29,0.5800076,20001.56;185.7718
20004.28,0.5800076,20001.48;183.9526
20004.28,0.5800076,20001.41;182.1335
20004.28,0.5800076,20001.33;180.3143
20004.28,0.5800076,20001.25;178.4952
20004.29,0.5800076,20001.18;176.6761
20004.29,0.5800076,20001.1;174.8569
20004.3,0.5800076,20001.02;173.0378
20004.31,0.5800076,20000.95;172.1784
20004.32,0.5800076,20000.87;171.3189
20004.34,0.5800076,20000.8;170.4595
20004.35,0.5800076,20000.73;169.6001
20004.36,0.5800076,20000.67;168.7406
20004.37,0.5800076,20000.61;167.8812
20004.39,0.5800076,20000.54;167.0218
20004.4,0.5800076,20000.47;166.1623
20004.4,0.5800076,20000.47;166.1623
20004.42,0.5800076,20000.41;165.3029
20004.44,0.5800076,20000.35;164.4435
20004.46,0.5800076,20000.29;163.584
20004.48,0.5800076,20000.22;162.7246
20004.5,0.5800076,20000.16;161.8652
20004.52,0.5800076,20000.1;161.0057
20004.54,0.5800076,20000.04;160.1463
20004.56,0.5800076,19999.98;159.2868
20004.56,0.5800076,19999.98;159.2868
20004.59,0.5800076,19999.92;158.2842
20004.61,0.5800076,19999.86;156.465
20004.64,0.5800076,19999.8;154.6459
20004.67,0.5800076,19999.74;152.8268
20004.71,0.5800076,19999.68;151.0076
20004.75,0.5800076,19999.61;149.1885
20004.76,0.5800076,19999.59;147.3694
20004.76,0.5800076,19999.59;145.5502
20004.76,0.5800076,19999.59;143.7311
20004.76,0.5800076,19999.59;141.9119
20004.76,0.5800076,19999.59;140.0928
20004.79,0.5800076,19999.55;138.2737
20004.83,0.5800076,19999.51;136.4545
20004.88,0.5800076,19999.47;134.6354
20004.92,0.5800076,19999.42;132.8162
20004.96,0.5800076,19999.39;130.9971
20005.01,0.5800076,19999.35;129.178
20005.05,0.5800076,19999.32;127.3588
20005.1,0.5800076,19999.28;125.5397
20005.15,0.5800076,19999.25;123.7206
20005.21,0.5800077,19999.24;121.9014
20005.26,0.5800077,19999.24;120.0823
20005.32,0.5800078,19999.24;118.2631
20005.38,0.5800079,19999.24;116.444
20005.44,0.5800079,19999.23;114.6248
20005.5,0.5800079,19999.23;112.8057
20005.57,0.580008,19999.23;110.9866
20005.63,0.580008,19999.23;109.1674
20005.7,0.580008,19999.22;107.3483
20005.77,0.580008,19999.22;105.5292
20005.83,0.580008,19999.22;103.71
20005.9,0.580008,19999.22;101.8909
20005.97,0.5800081,19999.21;100.0717
20006.04,0.5800081,19999.21;98.25261
20006.11,0.5800081,19999.21;96.43346
20006.18,0.5800081,19999.21;94.61433
20006.25,0.5800081,19999.2;92.79518
20006.33,0.5800081,19999.2;90.97605
20006.41,0.5800081,19999.2;89.15691
20006.49,0.5800081,19999.21;87.33776
20006.56,0.5800081,19999.21;85.51862
20006.64,0.5800081,19999.22;83.69948
20006.73,0.5800081,19999.23;81.88035
20006.81,0.5800081,19999.25;80.06121
20006.89,0.5800081,19999.27;78.24207
20006.98,0.5800081,19999.29;76.42294
20007.06,0.5800081,19999.31;74.60379
20007.15,0.5800081,19999.34;72.78465
20007.24,0.5800081,19999.37;71.52414
20007.34,0.5800081,19999.4;70.26363
20007.45,0.5800081,19999.44;69.00313
20007.55,0.5800081,19999.48;67.74261
20007.65,0.5800081,19999.53;66.4821
20007.76,0.5800081,19999.58;65.2216
20007.86,0.5800081,19999.63;63.96109
20007.96,0.5800081,19999.68;62.70058
20008.06,0.5800081,19999.74;61.44007
20008.16,0.5800081,19999.79;60.17957
20008.26,0.5800081,19999.85;58.91906
20008.36,0.5800081,19999.92;57.65855
20008.46,0.5800081,19999.98;56.39804
20008.56,0.5800081,20000.05;55.13753
20008.65,0.5800081,20000.12;53.87703
20008.74,0.5800081,20000.19;52.61651
20008.83,0.5800081,20000.26;50.79737
20008.92,0.5800081,20000.34;48.97824
20009.01,0.5800081,20000.42;47.1591
20009.09,0.5800081,20000.5;45.38293
20009.17,0.5800081,20000.58;43.56379
20009.25,0.5800081,20000.67;41.77329
20009.32,0.5800081,20000.76;39.95416
20009.39,0.5800081,20000.85;38.13502
20009.46,0.5800081,20000.94;36.31589
20009.47,0.5800081,20000.95;34.49675
20009.47,0.5800081,20000.95;32.6776
20009.47,0.5800081,20000.95;30.85847
20009.47,0.5800081,20000.95;29.03933
20009.5,0.5800081,20001.01;27.22019
20009.55,0.5800081,20001.12;25.40106
20009.6,0.5800081,20001.22;23.58192
20009.64,0.5800081,20001.33;21.76278
20009.68,0.5800081,20001.44;19.94364
20009.71,0.5800081,20001.55;18.1245
20009.75,0.5800081,20001.66;16.30536
20009.78,0.5800081,20001.77;14.48623
20009.78,0.5800081,20001.89;12.66709
20009.79,0.5800081,20002;10.86227
20009.79,0.580008,20002.12;9.186375
20009.79,0.5800081,20002.24;7.539123
20009.79,0.580008,20002.35;5.877548
20009.79,0.580008,20002.47;5.834579
20009.79,0.580008,20002.58;5.79161
20009.79,0.580008,20002.7;5.691338
20009.79,0.580008,20002.81;5.591066
20009.79,0.580008,20002.92;5.490794
20009.79,0.580008,20003.04;5.390523
20009.79,0.580008,20003.15;5.290251
20009.79,0.580008,20003.27;5.18998
20009.79,0.580008,20003.38;5.089708
20009.79,0.580008,20003.49;4.989436
20009.79,0.580008,20003.6;4.889164
20009.79,0.580008,20003.71;4.788892
20009.79,0.580008,20003.8;4.688622
20009.79,0.580008,20003.89;4.588349
20009.79,0.5800079,20003.99;4.488078
20009.79,0.5800079,20004.06;4.387806
20009.79,0.5800079,20004.15;4.287535
20009.79,0.5800079,20004.22;4.187264
20009.79,0.5800079,20004.3;4.086992
20009.79,0.5800079,20004.38;3.986721
20009.79,0.5800079,20004.38;3.886449
20009.79,0.5800079,20004.38;3.786178
20009.79,0.5800079,20004.38;2.138926
20009.79,0.5800079,20004.38;0.3341105
20009.79,0.5800079,20004.38;358.558
20009.79,0.5800079,20004.38;356.8534
20009.79,0.5800079,20004.45;355.0629
20009.78,0.5800079,20004.53;353.2724
20009.77,0.5800079,20004.6;351.4533
20009.75,0.5800079,20004.68;349.7344
20009.74,0.5800079,20004.75;347.9869
20009.72,0.5800079,20004.83;346.225
20009.7,0.5800079,20004.9;344.4059
20009.68,0.5800079,20004.97;342.5867
20009.65,0.5800079,20005.04;340.7676
20009.63,0.5800079,20005.11;338.9485
20009.6,0.5800079,20005.18;337.1293
20009.57,0.5800079,20005.24;335.3818
20009.53,0.5800079,20005.32;333.6772
20009.48,0.5800079,20005.4;331.9584
20009.44,0.5800079,20005.48;330.2825
20009.38,0.5800079,20005.57;328.5493
20009.32,0.5800079,20005.67;326.8734
20009.26,0.5800079,20005.76;325.1688
20009.19,0.5800079,20005.85;324.4526
20009.13,0.5800079,20005.94;323.7365
20009.06,0.5800079,20006.04;323.0202
20008.99,0.5800079,20006.13;322.304
20008.91,0.5800079,20006.22;321.5879
20008.84,0.5800079,20006.31;320.8717
20008.78,0.5800079,20006.39;320.1555
20008.7,0.5800079,20006.47;319.4393
20008.63,0.5800079,20006.55;318.7231
20008.56,0.5800079,20006.64;318.0069
20008.48,0.5800079,20006.72;317.2907
20008.41,0.5800079,20006.79;316.5745
20008.34,0.5800079,20006.87;315.8583
20008.26,0.5800079,20006.95;315.7151
20008.18,0.5800079,20007.03;315.2997
20008.11,0.5800079,20007.1;314.0535
20008.03,0.5800079,20007.17;312.5208
20007.95,0.5800079,20007.24;311.0311
20007.86,0.5800079,20007.31;309.3696
20007.77,0.5800079,20007.38;307.7366
20007.69,0.5800079,20007.45;306.0751
20007.6,0.5800079,20007.51;304.3992
20007.5,0.5800079,20007.57;302.7376
20007.41,0.5800079,20007.62;301.0617
20007.31,0.5800079,20007.68;299.4288
20007.21,0.5800079,20007.73;297.7815
20007.1,0.5800079,20007.78;296.1916
20007,0.5800079,20007.83;294.6302
20006.89,0.5800079,20007.88;293.0259
20006.78,0.5800079,20007.92;291.4933
20006.67,0.5800079,20007.96;289.8317
20006.56,0.5800079,20008;288.1988
20006.46,0.5800079,20008.03;286.4799
20006.44,0.5800079,20008.03;284.847
20006.34,0.5800079,20008.05;283.1997
20006.23,0.5800079,20008.08;281.5238
20006.12,0.5800079,20008.1;279.8766
20006,0.5800079,20008.11;278.3009
20005.89,0.5800079,20008.13;276.6537
20005.77,0.5800079,20008.14;275.0781
20005.65,0.5800079,20008.15;274.6627
20005.54,0.5800079,20008.15;273.087
20005.42,0.5800079,20008.16;272.7146
20005.3,0.5800079,20008.16;272.3422
20005.19,0.5800079,20008.17;271.9698
20005.07,0.5800079,20008.17;271.5974
20004.95,0.5800079,20008.17;271.4398
20004.84,0.5800079,20008.18;271.2679
20004.72,0.5800079,20008.18;271.096
20004.6,0.5800079,20008.18;270.4944
20004.48,0.5800079,20008.18;270.165
20004.37,0.5800079,20008.18;269.8498
20004.25,0.5800079,20008.18;269.5347
20004.13,0.5800079,20008.18;269.2196
20004.02,0.5800079,20008.18;268.9045
20003.9,0.5800079,20008.17;268.5893
20003.78,0.5800079,20008.17;268.2742
20003.67,0.5800079,20008.16;267.9591
20003.56,0.5800079,20008.16;267.644
20003.5,0.5800079,20008.16;267.3288
20003.45,0.5800079,20008.15;267.0137
20003.45,0.5800079,20008.15;266.6985
20003.45,0.5800079,20008.15;266.3834
20003.45,0.5800079,20008.15;266.0683
20003.45,0.5800079,20008.15;266.0683
20003.45,0.5800079,20008.15;266.0683
20003.45,0.5800079,20008.15;266.0683
20003.45,0.5800079,20008.15;266.0683
20003.45,0.5800079,20008.15;266.0683
20003.45,0.5800079,20008.15;264.7792
20003.45,0.5800079,20008.15;263.6189
20003.45,0.5800079,20008.15;262.2438
20003.45,0.5800079,20008.15;260.7542
20003.44,0.5800079,20008.15;259.2644
20003.44,0.5800079,20008.15;257.7175
20003.42,0.5800079,20008.15;256.1705
20003.39,0.5800079,20008.14;254.6521
20003.33,0.5800079,20008.12;253.0765
20003.27,0.5800079,20008.1;251.5439
20003.2,0.5800079,20008.08;249.868
20003.13,0.5800079,20008.05;248.2923
20003.07,0.5800079,20008.02;246.7167
20003,0.5800079,20007.99;245.1267
20002.93,0.5800079,20007.96;243.5511
20002.87,0.5800079,20007.92;241.9182
20002.8,0.5800079,20007.88;240.2709
20002.74,0.5800079,20007.85;238.6237
20002.68,0.5800079,20007.81;237.0337
20002.62,0.5800079,20007.76;235.4438
20002.55,0.5800079,20007.72;233.9254
20002.49,0.5800079,20007.67;232.4071
20002.43,0.5800079,20007.62;230.9174
20002.37,0.5800079,20007.57;229.3991
20002.32,0.5800079,20007.52;228.2675
20002.32,0.5800079,20007.52;228.2675
20002.26,0.5800079,20007.47;228.2102
20002.2,0.5800079,20007.42;228.1529
20002.14,0.5800079,20007.37;228.0956
20002.09,0.5800079,20007.31;228.0383
20002.03,0.5800079,20007.26;227.981
20001.97,0.5800079,20007.21;227.9237
20001.97,0.5800079,20007.21;227.9237
20001.91,0.5800079,20007.15;227.8664
20001.85,0.5800079,20007.1;227.8091
20001.79,0.5800079,20007.04;227.7518
20001.73,0.5800079,20006.99;227.6945
20001.66,0.5800079,20006.93;227.6372
20001.59,0.5800079,20006.87;227.58
20001.52,0.5800079,20006.8;227.5227
20001.52,0.5800079,20006.8;227.5227
20001.45,0.5800079,20006.73;227.4654
20001.36,0.5800079,20006.66;227.4081
20001.29,0.5800079,20006.58;227.3508
20001.2,0.5800079,20006.51;227.2935
20001.12,0.5800079,20006.43;227.2362
20001.03,0.5800079,20006.35;227.1789
20000.95,0.5800079,20006.27;227.1216
20000.86,0.5800079,20006.19;227.0643
20000.86,0.5800079,20006.19;227.0643
20000.78,0.5800079,20006.11;227.007
20000.69,0.5800079,20006.03;226.9497
20000.61,0.5800079,20005.95;226.8924
20000.52,0.5800079,20005.87;226.8351
20000.43,0.5800079,20005.79;226.7779
20000.35,0.5800079,20005.71;226.7206
20000.35,0.5800079,20005.71;226.7206
20000.26,0.5800079,20005.63;226.6633
20000.18,0.5800079,20005.55;226.606
20000.09,0.5800079,20005.46;226.5487
20000,0.5800079,20005.38;226.4914
19999.92,0.5800079,20005.3;226.4341
19999.83,0.5800079,20005.22;226.3768
19999.75,0.5800079,20005.14;226.3195
19999.75,0.5800079,20005.14;226.3195
19999.66,0.5800079,20005.06;226.2622
19999.58,0.5800079,20004.98;226.2049
19999.48,0.5800079,20004.89;226.1476
19999.4,0.5800079,20004.8;226.0903
19999.31,0.5800079,20004.72;226.0331
19999.22,0.5800079,20004.63;225.9758
19999.13,0.5800079,20004.55;225.9185
19999.04,0.5800079,20004.46;225.8612
19998.96,0.5800079,20004.38;225.8039
19998.87,0.5800079,20004.29;225.7466
19998.79,0.5800079,20004.21;225.6893
19998.79,0.5800079,20004.21;225.6893
19998.7,0.5800079,20004.12;225.632
19998.61,0.5800079,20004.04;224.7009
19998.52,0.5800079,20003.94;223.3115
19998.43,0.5800079,20003.84;221.9077
19998.35,0.5800079,20003.74;220.5183
19998.27,0.5800079,20003.65;219.1146
19998.19,0.5800079,20003.54;217.6965
19998.11,0.5800079,20003.44;216.4074
19998.03,0.5800079,20003.33;215.0752
19997.96,0.5800079,20003.21;213.6572
19997.88,0.5800079,20003.1;212.2391
19997.82,0.5800079,20002.98;210.821
19997.75,0.5800079,20002.86;209.36
19997.69,0.5800079,20002.74;207.8989
19997.63,0.5800079,20002.63;206.3949
19997.57,0.5800079,20002.5;205.0198
19997.52,0.5800079,20002.38;203.5302
19997.47,0.5800079,20002.26;202.0405
19997.42,0.5800079,20002.13;200.5365
19997.37,0.5800079,20002;199.0468
19997.33,0.5800079,20001.86;197.5284
19997.29,0.5800079,20001.72;196.0101
19997.25,0.5800079,20001.58;194.5204
19997.22,0.5800079,20001.44;193.0737
19997.19,0.5800079,20001.29;191.5267
19997.16,0.5800079,20001.15;190.0657
19997.14,0.5800079,20001.01;188.5903
19997.13,0.5800079,20000.87;187.1149
19997.11,0.5800079,20000.71;185.6109
19997.1,0.5800079,20000.56;184.1928
19997.09,0.5800079,20000.42;182.7604
19997.09,0.5800079,20000.28;181.3137
19997.09,0.5800079,20000.13;179.8097
19997.1,0.5800079,19999.97;178.3487
19997.1,0.5800079,19999.83;176.9306
19997.12,0.5800079,19999.68;175.4982
19997.13,0.5800079,19999.54;174.1661
19997.15,0.5800079,19999.39;172.6621
19997.17,0.5800079,19999.28;171.2153
19997.2,0.5800084,19999.28;169.7257
19997.23,0.5800089,19999.28;168.3506
19997.26,0.5800092,19999.28;167.0041
19997.3,0.5800091,19999.28;165.6577
19997.34,0.5800095,19999.28;164.3255
19997.38,0.5800096,19999.28;162.8788
19997.43,0.5800099,19999.28;161.4321
19997.48,0.5800097,19999.28;159.9567
19997.53,0.5800095,19999.27;158.4814
19997.59,0.5800097,19999.27;156.963
19997.64,0.5800098,19999.27;155.5307
19997.71,0.5800101,19999.27;154.0123
19997.77,0.5800105,19999.27;152.5513
19997.85,0.5800105,19999.27;151.0902
19997.92,0.5800107,19999.27;149.9157
19997.99,0.5800107,19999.27;148.4976
19998.07,0.580011,19999.27;147.1082
19998.15,0.5800112,19999.27;145.8333
19998.23,0.5800111,19999.27;144.5298
19998.31,0.5800114,19999.27;144.0285
19998.39,0.5800111,19999.26;142.6964
19998.47,0.5800111,19999.26;141.7367
19998.55,0.5800115,19999.26;140.5335
19998.63,0.5800117,19999.26;139.3303
19998.71,0.5800115,19999.26;139.1297
19998.79,0.5800117,19999.26;138.9292
19998.87,0.5800115,19999.26;138.7287
19998.95,0.5800117,19999.26;138.5281
19999.03,0.5800118,19999.26;138.2417
19999.11,0.580012,19999.26;137.9552
19999.19,0.5800122,19999.26;137.5827
19999.27,0.5800121,19999.26;137.153
19999.29,0.580012,19999.26;136.7233
19999.3,0.580012,19999.26;136.5944
19999.32,0.580012,19999.26;136.4941
19999.32,0.580012,19999.26;136.3938
19999.32,0.580012,19999.26;136.3938
19999.32,0.580012,19999.26;136.3938
19999.33,0.580012,19999.26;136.1073
19999.33,0.580012,19999.26;134.8325
19999.33,0.580012,19999.26;134.6177
19999.34,0.580012,19999.25;133.8728
19999.35,0.5800121,19999.25;132.8701
19999.36,0.5800121,19999.25;131.538
19999.37,0.5800121,19999.25;130.3348
19999.38,0.5800121,19999.25;129.0457
19999.39,0.5800121,19999.25;127.6849
19999.4,0.5800121,19999.25;127.2981
19999.4,0.5800121,19999.25;127.2981
19999.41,0.5800121,19999.25;126.0806
19999.42,0.5800121,19999.24;124.7198
19999.43,0.5800121,19999.24;123.3018
19999.45,0.5800121,19999.24;121.9267
19999.46,0.5800121,19999.24;120.5086
19999.47,0.5800121,19999.24;119.0905
19999.48,0.5800121,19999.24;117.7297
19999.5,0.5800121,19999.23;116.3547
19999.51,0.5800121,19999.23;114.9079
19999.52,0.5800121,19999.23;113.4899
19999.52,0.5800121,19999.23;113.4899
19999.53,0.5800121,19999.23;112.1148
19999.55,0.5800121,19999.23;110.6824
19999.56,0.5800121,19999.23;109.2643
19999.6,0.5800121,19999.22;107.8605
19999.69,0.5800121,19999.22;106.4568
19999.78,0.5800121,19999.22;105.0244
19999.87,0.5800121,19999.22;103.7352
19999.96,0.5800121,19999.22;102.3172
20000.04,0.5800121,19999.21;100.9421
20000.13,0.5800121,19999.21;99.5956
20000.2,0.5800121,19999.21;98.17753
20000.29,0.5800121,19999.21;96.78811
20000.37,0.5800121,19999.21;95.37003
20000.46,0.5800121,19999.21;94.00925
20000.54,0.5800121,19999.2;92.61983
20000.63,0.5800121,19999.2;91.24474
20000.72,0.5800121,19999.2;89.9699
20000.81,0.5800121,19999.2;88.65211
20000.9,0.5800121,19999.21;87.29134
20000.98,0.5800121,19999.21;86.18839
20001.07,0.5800121,19999.22;84.9422
20001.15,0.5800121,19999.23;83.6244
20001.24,0.5800121,19999.24;82.34959
20001.33,0.5800121,19999.25;81.705
20001.41,0.5800121,19999.27;80.5018
20001.5,0.5800121,19999.29;79.41317
20001.59,0.5800121,19999.3;79.22696
20001.67,0.5800121,19999.32;79.12669
20001.76,0.5800121,19999.34;78.3532
20001.84,0.5800121,19999.35;78.32456
20001.93,0.5800121,19999.37;78.29591
20002.01,0.5800121,19999.39;78.26727
20002.1,0.5800121,19999.41;78.23862
20002.18,0.5800121,19999.42;78.20998
20002.26,0.5800121,19999.44;78.18133
20002.35,0.5800121,19999.46;78.15269
20002.43,0.5800121,19999.47;78.12403
20002.51,0.5800121,19999.49;78.09539
20002.61,0.5800121,19999.51;78.06674
20002.71,0.5800121,19999.53;78.03809
20002.81,0.5800121,19999.56;78.00945
20002.92,0.5800121,19999.58;77.98082
20003.03,0.5800121,19999.6;77.95216
20003.15,0.5800121,19999.63;77.92352
20003.26,0.5800121,19999.65;77.89488
20003.37,0.5800121,19999.68;77.33626
20003.49,0.5800121,19999.71;76.77763
20003.61,0.5800121,19999.73;76.76331
20003.72,0.5800121,19999.76;76.74899
20003.85,0.5800121,19999.79;76.31926
20003.98,0.5800121,19999.82;76.0471
20004.12,0.5800121,19999.86;75.25928
20004.25,0.5800121,19999.9;74.02742
20004.39,0.5800121,19999.94;72.82421
20004.53,0.5800121,19999.99;71.59235
20004.68,0.5800121,20000.04;70.34616
20004.82,0.5800121,20000.1;69.07134
20004.96,0.5800121,20000.15;67.82515
20005.1,0.5800121,20000.21;66.62195
20005.23,0.5800121,20000.27;65.34711
20005.37,0.5800121,20000.34;64.04363
20005.5,0.5800121,20000.41;62.71151
20005.63,0.5800121,20000.48;61.42236
20005.76,0.5800121,20000.55;60.10456
20005.88,0.5800121,20000.63;58.84405
20006,0.5800121,20000.7;57.61219
20006.13,0.5800121,20000.78;56.32303
20006.24,0.5800121,20000.87;55.03387
20006.36,0.5800121,20000.96;53.70175
20006.47,0.5800121,20001.04;52.3553
20006.58,0.5800121,20001.13;51.02318
20006.69,0.5800121,20001.21;49.67674
20006.78,0.5800121,20001.3;48.38758
20006.88,0.5800121,20001.39;47.09843
20006.97,0.5800121,20001.48;45.69468
20007.05,0.5800121,20001.57;44.34823
20007.13,0.5800121,20001.65;43.05908
20007.21,0.5800121,20001.74;41.7556
20007.29,0.5800121,20001.83;40.50941
20007.36,0.5800121,20001.92;39.17729
20007.43,0.5800121,20002.01;37.90246
20007.5,0.5800121,20002.1;36.58466
20007.57,0.5800121,20002.2;35.33847
20007.63,0.5800121,20002.29;34.07796
20007.69,0.5800121,20002.38;32.77448
20007.75,0.5800121,20002.48;31.471
20007.8,0.5800121,20002.56;30.2105
20007.85,0.5800121,20002.65;28.96431
20007.89,0.5800121,20002.74;27.7038
20007.93,0.5800121,20002.82;26.48626
20007.97,0.5800121,20002.9;25.3117
20008.01,0.5800121,20002.98;24.15145
20008.04,0.5800121,20003.06;23.00554
20008.07,0.5800121,20003.14;22.04584
20008.11,0.5800121,20003.22;21.21505
20008.14,0.5800121,20003.3;21.18641
20008.17,0.5800121,20003.39;21.14344
20008.2,0.5800121,20003.47;20.95723
20008.23,0.5800121,20003.54;20.88561
20008.26,0.5800121,20003.62;20.814
20008.29,0.5800121,20003.7;19.92592
20008.31,0.5800121,20003.78;19.20972
20008.34,0.5800121,20003.86;18.09245
20008.36,0.5800121,20003.93;17.8776
20008.39,0.5800121,20004.01;17.37626
20008.41,0.5800121,20004.08;16.40224
20008.43,0.5800121,20004.16;15.35659
20008.45,0.5800121,20004.24;14.35392
20008.47,0.5800121,20004.32;13.15071
20008.49,0.5800121,20004.39;12.06209
20008.5,0.5800121,20004.47;10.90185
20008.52,0.5800121,20004.55;9.755937
20008.53,0.5800121,20004.64;8.552731
20008.54,0.5800121,20004.71;7.349523
20008.55,0.5800121,20004.79;6.361172
20008.55,0.5800121,20004.87;5.215258
20008.56,0.5800121,20004.95;4.126635
20008.56,0.5800121,20005.02;3.625298
20008.57,0.5800121,20005.1;3.224233
20008.57,0.5800121,20005.17;2.17859
20008.57,0.5800121,20005.25;1.10429
20008.57,0.5800121,20005.31;0.01566739
20008.57,0.5800121,20005.38;359.7005
20008.57,0.5800121,20005.46;358.9843
20008.57,0.5800121,20005.53;358.0533
20008.56,0.5800121,20005.59;356.9217
20008.56,0.5800121,20005.66;355.8904
20008.55,0.5800121,20005.74;354.8591
20008.55,0.5800121,20005.81;354.2145
20008.54,0.5800121,20005.88;353.5556
20008.53,0.5800121,20005.95;353.5126
20008.52,0.5800121,20006.01;353.4696
20008.52,0.5800121,20006.08;353.4267
20008.51,0.5800121,20006.15;353.3837
20008.5,0.5800121,20006.22;353.3407
20008.49,0.5800121,20006.29;353.2978
20008.48,0.5800121,20006.36;353.2548
20008.47,0.5800121,20006.43;353.2118
20008.46,0.5800121,20006.51;353.1689
20008.46,0.5800121,20006.59;353.1259
20008.44,0.5800121,20006.68;353.0829
20008.43,0.5800121,20006.77;352.5959
20008.42,0.5800121,20006.85;351.407
20008.41,0.5800121,20006.94;351.3068
20008.39,0.5800121,20007.03;350.0892
20008.37,0.5800121,20007.12;348.843
20008.35,0.5800121,20007.21;347.6398
20008.33,0.5800121,20007.32;346.3793
20008.3,0.5800121,20007.42;345.1474
20008.27,0.5800121,20007.53;344.0732
20008.23,0.5800121,20007.64;342.8556
20008.2,0.5800121,20007.75;341.681
20008.16,0.5800121,20007.86;340.5781
20008.12,0.5800121,20007.97;339.4465
20008.08,0.5800121,20008.08;338.3149
20008.03,0.5800121,20008.19;337.1547
20007.98,0.5800121,20008.29;336.0374
20007.94,0.5800121,20008.39;335.0061
20007.88,0.5800121,20008.5;333.8745
20007.83,0.5800121,20008.6;332.8002
20007.78,0.5800121,20008.71;331.7259
20007.72,0.5800121,20008.81;331.1386
20007.66,0.5800121,20008.91;330.1073
20007.6,0.5800121,20009.01;329.9067
20007.54,0.5800121,20009.11;329.7062
20007.49,0.5800121,20009.21;329.5057
20007.43,0.5800121,20009.3;329.3051
20007.38,0.5800121,20009.39;329.1046
20007.32,0.5800121,20009.49;328.9041
20007.26,0.5800121,20009.58;328.7036
20007.21,0.5800121,20009.66;328.503
20007.16,0.5800121,20009.74;328.3025
20007.11,0.5800121,20009.82;328.102
20007.08,0.5800121,20009.87;326.9847
20007.03,0.5800121,20009.95;325.8245
20006.98,0.5800121,20010.02;324.7072
20006.93,0.5800121,20010.09;323.5612
20006.88,0.5800121,20010.15;322.444
20006.82,0.5800121,20010.22;321.2981
20006.76,0.5800121,20010.29;320.1378
20006.71,0.5800121,20010.36;318.9633
20006.65,0.5800121,20010.42;317.7457
20006.59,0.5800121,20010.49;316.6714
20006.53,0.5800121,20010.55;315.5685
20006.47,0.5800121,20010.6;314.3796
20006.41,0.5800121,20010.66;313.2194
20006.35,0.5800121,20010.71;312.0162
20006.3,0.5800121,20010.76;310.8702
20006.24,0.5800121,20010.81;309.71
20006.19,0.5800121,20010.85;308.5355
20006.13,0.5800121,20010.89;307.3895
20006.07,0.5800121,20010.93;306.1577
20006.02,0.5800121,20010.97;305.0117
20005.96,0.5800121,20011.01;303.8658
20005.9,0.5800121,20011.05;302.7199
20005.85,0.5800121,20011.08;301.574
20005.79,0.5800121,20011.12;300.3565
20005.73,0.5800121,20011.15;299.2822
20005.68,0.5800121,20011.18;298.1506
20005.63,0.5800121,20011.2;297.0047
20005.57,0.5800121,20011.23;295.916
20005.51,0.5800121,20011.26;294.899
20005.45,0.5800121,20011.29;293.8677
20005.39,0.5800121,20011.31;293.438
20005.33,0.5800121,20011.34;292.9653
20005.26,0.5800121,20011.37;292.4067
20005.18,0.5800121,20011.4;292.3637
20005.11,0.5800121,20011.43;292.3494
20005.04,0.5800121,20011.46;292.3351
20004.96,0.5800121,20011.49;292.3207
20004.89,0.5800121,20011.52;292.3064
20004.82,0.5800121,20011.55;292.2921
20004.75,0.5800121,20011.58;292.2778
20004.68,0.5800121,20011.61;292.2635
20004.61,0.5800121,20011.63;292.2491
20004.54,0.5800121,20011.66;292.2348
20004.47,0.5800121,20011.69;292.2205
20004.4,0.5800121,20011.72;292.2061
20004.33,0.5800121,20011.75;292.1918
20004.26,0.5800121,20011.78;292.1775
20004.18,0.5800121,20011.81;292.1632
20004.11,0.5800121,20011.84;292.1489
20004.04,0.5800121,20011.87;292.1346
20003.98,0.5800121,20011.89;291.1462
20003.91,0.5800121,20011.92;290.9886
20003.84,0.5800121,20011.94;289.9573
20003.77,0.5800121,20011.97;289.5562
20003.7,0.5800121,20011.99;289.2841
20003.64,0.5800121,20012.01;289.2554
20003.57,0.5800121,20012.04;288.8257
20003.5,0.5800121,20012.06;288.0809
20003.43,0.5800121,20012.08;287.1068
20003.36,0.5800121,20012.1;286.2617
20003.29,0.5800121,20012.12;286.1758
20003.22,0.5800121,20012.14;286.1472
20003.15,0.5800121,20012.16;286.1185
20003.09,0.5800121,20012.18;286.0469
20003.02,0.5800121,20012.2;285.9753
20002.94,0.5800121,20012.22;285.9036
20002.87,0.5800121,20012.24;285.832
20002.79,0.5800121,20012.26;284.7864
20002.71,0.5800121,20012.28;283.7551
20002.62,0.5800121,20012.3;282.7238
20002.53,0.5800121,20012.32;281.6638
20002.44,0.5800121,20012.34;280.5895
20002.35,0.5800121,20012.35;279.4722
20002.26,0.5800121,20012.37;278.3549
20002.16,0.5800121,20012.38;277.2377
20002.06,0.5800121,20012.39;276.1634
20001.95,0.5800121,20012.4;275.0747
20001.83,0.5800121,20012.41;273.9861
20001.72,0.5800121,20012.41;272.8832
20001.61,0.5800121,20012.42;271.8232
20001.5,0.5800121,20012.42;270.7059
20001.4,0.5800121,20012.42;269.6317
20001.28,0.5800121,20012.41;268.5143
20001.17,0.5800121,20012.41;267.4401
20001.06,0.5800121,20012.4;266.3801
20000.96,0.5800121,20012.39;265.2915
20000.84,0.5800121,20012.38;264.3604
20000.74,0.5800121,20012.37;263.3291
20000.64,0.5800121,20012.36;262.3407
20000.55,0.5800121,20012.34;261.424
20000.45,0.5800121,20012.33;260.894
20000.36,0.5800121,20012.31;260.364
20000.28,0.5800121,20012.3;260.3354
20000.18,0.5800121,20012.28;260.3067
20000.09,0.5800121,20012.27;260.2781
20000,0.5800121,20012.25;260.2495
19999.91,0.5800121,20012.23;260.2208
19999.82,0.5800121,20012.22;260.1922
19999.73,0.5800121,20012.2;260.1635
19999.64,0.5800121,20012.19;260.1349
19999.55,0.5800121,20012.17;260.1062
19999.47,0.5800121,20012.16;260.0776
19999.37,0.5800121,20012.14;260.049
19999.28,0.5800121,20012.13;260.0203
19999.2,0.5800121,20012.11;259.9917
19999.11,0.5800121,20012.1;259.963
19999.04,0.5800121,20012.08;259.075
19998.95,0.5800121,20012.06;258.2298
19998.87,0.5800121,20012.04;257.3561
19998.8,0.5800121,20012.03;256.511
19998.71,0.5800121,20012.01;255.5799
19998.63,0.5800121,20011.98;254.6488
19998.55,0.5800121,20011.96;253.7035
19998.47,0.5800121,20011.94;252.8727
19998.39,0.5800121,20011.91;251.9273
19998.31,0.5800121,20011.88;250.9389
19998.23,0.5800121,20011.85;249.9936
19998.15,0.5800121,20011.82;249.1628
19998.06,0.5800121,20011.79;248.2317
19997.98,0.5800121,20011.75;247.2863
19997.9,0.5800121,20011.72;246.3983
19997.81,0.5800121,20011.68;245.5102
19997.72,0.5800121,20011.63;244.5362
19997.64,0.5800121,20011.59;243.5478
19997.55,0.5800121,20011.55;242.5594
19997.47,0.5800121,20011.5;241.6284
19997.39,0.5800121,20011.46;240.683
19997.3,0.5800121,20011.41;239.6947
19997.22,0.5800121,20011.36;238.735
19997.14,0.5800121,20011.31;237.8039
19997.06,0.5800121,20011.25;236.8442
19996.98,0.5800121,20011.2;235.9418
19996.9,0.5800121,20011.14;234.9678
19996.82,0.5800121,20011.09;234.051
19996.74,0.5800121,20011.03;233.1343
19996.67,0.5800121,20010.97;232.2176
19996.59,0.5800121,20010.91;231.2865
19996.52,0.5800121,20010.85;230.3411
19996.44,0.5800121,20010.78;229.3957
19996.37,0.5800121,20010.72;228.4647
19996.29,0.5800121,20010.64;227.505
19996.2,0.5800121,20010.56;226.5453
19996.12,0.5800121,20010.48;225.6428
19996.05,0.5800121,20010.41;224.7118
19995.97,0.5800121,20010.33;223.795
19995.89,0.5800121,20010.25;222.8926
19995.82,0.5800121,20010.16;221.9902
19995.74,0.5800121,20010.08;221.0878
19995.67,0.5800121,20009.99;220.1138
19995.6,0.5800121,20009.9;219.24
19995.53,0.5800121,20009.81;218.2803
19995.46,0.5800121,20009.72;217.3206
19995.39,0.5800121,20009.63;216.4469
19995.32,0.5800121,20009.54;215.5588
19995.26,0.5800121,20009.44;214.6564
19995.2,0.5800121,20009.35;213.7969
19995.14,0.5800121,20009.26;212.9375
19995.08,0.5800121,20009.17;212.0494
19995.03,0.5800121,20009.08;211.2043
19994.98,0.5800121,20008.99;210.3592
19994.93,0.5800121,20008.9;209.4998
19994.87,0.5800121,20008.81;208.6833
19994.83,0.5800121,20008.72;207.8382
19994.78,0.5800121,20008.62;206.9931
19994.73,0.5800121,20008.52;206.6063
19994.68,0.5800121,20008.42;206.4917
19994.63,0.5800121,20008.32;206.3772
19994.58,0.5800121,20008.21;205.9904
19994.53,0.5800121,20008.12;205.6037
19994.48,0.5800121,20008.02;205.2169
19994.43,0.5800121,20007.91;204.8302
19994.39,0.5800121,20007.82;204.4434
19994.35,0.5800121,20007.71;204.0567
19994.3,0.5800121,20007.61;203.67
19994.26,0.5800121,20007.51;203.2832
19994.21,0.5800121,20007.4;202.8965
19994.17,0.5800121,20007.3;202.5097
19994.13,0.5800121,20007.2;202.123
19994.13,0.5800121,20007.2;202.123
19994.08,0.5800121,20007.09;201.7363
19994.04,0.5800121,20006.98;201.3495
19994,0.5800121,20006.87;200.9628
19993.96,0.5800121,20006.77;200.576
19993.92,0.5800121,20006.66;200.1893
19993.92,0.5800121,20006.66;200.1893
19993.88,0.5800121,20006.55;199.8025
19993.84,0.5800121,20006.44;199.4158
19993.8,0.5800121,20006.33;199.0291
19993.77,0.5800121,20006.22;198.6423
19993.73,0.5800121,20006.12;198.2556
19993.73,0.5800121,20006.12;198.2556
19993.7,0.5800121,20006.01;197.8688
19993.7,0.5800121,20006.01;197.8688
19993.66,0.5800121,20005.89;197.4821
19993.63,0.5800121,20005.78;197.0953
19993.59,0.5800121,20005.67;196.7086
19993.56,0.5800121,20005.56;196.3219
19993.53,0.5800121,20005.45;195.9351
19993.5,0.5800121,20005.34;195.5484
19993.47,0.5800121,20005.23;195.1616
19993.44,0.5800121,20005.12;194.7749
19993.41,0.5800121,20005.01;194.3881
19993.38,0.5800121,20004.89;194.0014
19993.36,0.5800121,20004.78;193.6147
19993.33,0.5800121,20004.67;193.2279
19993.33,0.5800121,20004.67;193.2279
19993.3,0.5800121,20004.55;192.8412
19993.28,0.5800121,20004.44;192.4544
19993.25,0.5800121,20004.32;192.0677
19993.23,0.5800121,20004.21;191.6809
19993.21,0.5800121,20004.09;191.2942
19993.19,0.5800121,20003.98;190.9075
19993.16,0.5800121,20003.87;190.5207
19993.14,0.5800121,20003.75;190.134
19993.12,0.5800121,20003.63;189.7472
19993.12,0.5800121,20003.63;189.7472
19993.1,0.5800121,20003.52;189.3605
19993.09,0.5800121,20003.4;188.9737
19993.07,0.5800121,20003.29;188.587
19993.05,0.5800121,20003.17;188.2003
19993.04,0.5800121,20003.06;187.8135
19993.02,0.5800121,20002.94;187.4268
19993.02,0.5800121,20002.94;187.4268
19993.01,0.5800121,20002.82;187.3838
19992.99,0.5800121,20002.71;187.3265
19992.97,0.5800121,20002.59;187.2692
19992.96,0.5800121,20002.46;187.2119
19992.94,0.5800121,20002.34;187.1976
19992.93,0.5800121,20002.22;186.8538
19992.92,0.5800121,20002.1;186.2093
19992.9,0.5800121,20001.96;185.5217
19992.89,0.5800121,20001.85;185.2782
19992.88,0.5800121,20001.71;184.9487
19992.87,0.5800121,20001.57;184.6909
19992.86,0.5800121,20001.44;184.4331
19992.85,0.5800121,20001.3;184.2039
19992.84,0.5800121,20001.16;184.075
19992.83,0.5800121,20001.02;183.7312
19992.82,0.5800121,20000.89;183.502
19992.81,0.5800121,20000.75;182.8718
19992.81,0.5800121,20000.62;182.5137
19992.8,0.5800121,20000.47;181.7545
19992.8,0.5800121,20000.33;181.3391
19992.8,0.5800121,20000.2;180.5799
19992.8,0.5800121,20000.05;180.05
19992.8,0.5800121,19999.89;179.3911
19992.8,0.5800121,19999.74;178.7322
19992.81,0.5800121,19999.59;178.0016
19992.82,0.5800121,19999.42;177.2998
19992.83,0.5800122,19999.28;176.9846
19992.84,0.5800121,19999.28;176.2255
19992.85,0.580012,19999.28;175.7671
19992.86,0.5800124,19999.28;175.3804
19992.88,0.5800122,19999.28;174.9077
19992.89,0.5800121,19999.28;174.2058
19992.92,0.5800123,19999.28;173.4896
19992.94,0.5800126,19999.28;173.3464
19992.96,0.5800126,19999.28;172.7018
19992.98,0.5800132,19999.28;172.6158
19993.01,0.5800135,19999.28;172.0572
19993.03,0.5800135,19999.28;171.3267
19993.06,0.5800133,19999.28;170.6105
19993.1,0.5800132,19999.28;169.8227
19993.14,0.5800128,19999.28;168.9919
19993.18,0.5800137,19999.28;168.2614
19993.22,0.5800135,19999.28;167.5022
19993.27,0.5800133,19999.28;166.7717
19993.32,0.5800138,19999.28;166.0268
19993.37,0.5800136,19999.28;165.2963
19993.43,0.5800137,19999.28;164.5801
19993.49,0.580014,19999.28;163.8639
19993.55,0.5800141,19999.28;163.2336
19993.62,0.5800144,19999.28;162.4888
19993.69,0.5800141,19999.28;161.7439
19993.77,0.5800138,19999.28;160.9991
19993.84,0.5800139,19999.28;160.2399
19993.92,0.5800136,19999.28;159.5094
19994.01,0.5800129,19999.28;158.7645
19994.09,0.5800132,19999.27;158.0197
19994.18,0.5800132,19999.27;157.2319
19994.28,0.5800129,19999.27;156.5157
19994.37,0.5800127,19999.27;155.7995
19994.46,0.5800124,19999.27;155.069
19994.56,0.5800123,19999.27;154.6536
19994.66,0.5800117,19999.27;153.9087
19994.75,0.5800121,19999.27;153.2785
19994.86,0.580012,19999.27;152.6482
19994.96,0.5800112,19999.27;151.8604
19995.06,0.5800111,19999.27;151.1155
19995.17,0.5800114,19999.27;150.342
19995.27,0.5800111,19999.27;149.5685
19995.38,0.5800116,19999.27;148.7377
19995.48,0.5800116,19999.27;147.907
19995.59,0.5800114,19999.27;147.1191
19995.7,0.5800118,19999.27;146.3743
19995.81,0.5800115,19999.27;145.6295
19995.93,0.580011,19999.27;144.9133
19996.05,0.5800113,19999.26;144.1398
19996.17,0.5800112,19999.26;143.4379
19996.29,0.5800113,19999.26;142.7647
19996.41,0.5800116,19999.26;141.9912
19996.54,0.5800119,19999.26;141.2893
19996.66,0.5800118,19999.26;140.5444
19996.78,0.5800116,19999.26;139.7566
19996.9,0.5800115,19999.26;139.0404
19997.02,0.5800116,19999.26;138.2526
19997.15,0.5800121,19999.26;137.4648
19997.27,0.5800123,19999.26;136.677
19997.4,0.5800124,19999.26;135.9321
19997.53,0.5800122,19999.26;135.2446
19997.66,0.5800118,19999.26;134.557
19997.79,0.5800117,19999.25;133.8265
19997.89,0.5800115,19999.25;133.096
19997.91,0.5800115,19999.25;132.3082
19997.92,0.5800115,19999.25;131.4774
19997.93,0.5800115,19999.25;130.618
19997.94,0.5800115,19999.25;129.6582
19997.94,0.5800115,19999.25;129.6582
19997.94,0.5800115,19999.26;129.601
19997.93,0.5800115,19999.26;129.0566
19997.92,0.5800115,19999.27;128.7129
19997.89,0.5800115,19999.29;128.5553
19997.87,0.5800115,19999.31;128.3405
19997.86,0.5800115,19999.32;128.1256
19997.85,0.5800115,19999.33;127.7675
19997.83,0.5800115,19999.34;127.2375
19997.83,0.5800115,19999.34;126.464
19997.78,0.5800115,19999.38;125.6189
19997.73,0.5800115,19999.41;124.6879
19997.64,0.5800115,19999.47;123.6995
19997.54,0.5800115,19999.54;122.6682
19997.44,0.5800115,19999.6;121.7228
19997.32,0.5800115,19999.67;120.5482
19997.21,0.5800115,19999.73;119.431
19997.09,0.5800115,19999.79;118.3567
19996.97,0.5800115,19999.86;117.2107
19996.85,0.5800115,19999.92;116.0935
19996.73,0.5800115,19999.97;115.0192
19996.62,0.5800115,20000.02;114.0595
19996.5,0.5800115,20000.07;112.8849
19996.38,0.5800115,20000.12;111.739
19996.27,0.5800115,20000.16;110.6647
19996.15,0.5800115,20000.2;109.5904
19996.02,0.5800115,20000.24;108.4302
19995.89,0.5800115,20000.29;107.2986
19995.77,0.5800115,20000.32;106.2243
19995.64,0.5800115,20000.36;105.2216
19995.54,0.5800115,20000.38;104.2046
19995.49,0.5800115,20000.39;103.6603
19995.45,0.5800115,20000.4;103.4311
19995.43,0.5800115,20000.41;103.2879
19995.38,0.5800115,20000.42;103.1589
19995.35,0.5800115,20000.43;102.5573
19995.26,0.5800115,20000.45;101.7695
19995.16,0.5800115,20000.46;101.1536
19995.08,0.5800115,20000.48;100.8671
19995.03,0.5800115,20000.49;100.7239
19994.99,0.5800115,20000.5;100.3085
19994.95,0.5800115,20000.5;99.93604
19994.93,0.5800115,20000.51;99.57793
19994.9,0.5800115,20000.51;99.44901
19994.88,0.5800115,20000.52;99.43468
19994.81,0.5800115,20000.53;99.30577
19994.75,0.5800115,20000.54;98.76146
19994.7,0.5800115,20000.54;98.28876
19994.64,0.5800115,20000.55;98.18851
19994.64,0.5800115,20000.55;98.04526
19994.59,0.5800115,20000.56;97.87337
19994.52,0.5800115,20000.57;97.70148
19994.46,0.5800115,20000.58;97.52959
19994.39,0.5800115,20000.59;97.3577
19994.32,0.5800115,20000.6;97.34338
19994.24,0.5800115,20000.61;97.32905
19994.19,0.5800115,20000.61;97.31473
19994.15,0.5800115,20000.62;97.3004
19994.13,0.5800115,20000.62;97.28608
19994.1,0.5800115,20000.62;97.31473
19994.07,0.5800115,20000.63;97.31473
19994.02,0.5800115,20000.63;97.31473
19994,0.5800115,20000.64;97.31473
19993.99,0.5800115,20000.64;97.31473
19993.98,0.5800115,20000.64;97.28607
19993.97,0.5800115,20000.64;97.21446
19993.97,0.5800115,20000.64;97.17149
19993.96,0.5800115,20000.64;97.12852
19993.95,0.5800115,20000.64;97.04256
19993.94,0.5800115,20000.64;96.95661
19993.93,0.5800115,20000.64;96.89932
19993.93,0.5800115,20000.64;96.87067
19993.94,0.5800115,20000.64;96.85635
19994.06,0.5800115,20000.63;96.84203
19994.19,0.5800115,20000.62;96.82771
19994.22,0.5800115,20000.61;96.9996
19994.26,0.5800115,20000.61;97.34337
19994.39,0.5800115,20000.59;97.37201
19994.54,0.5800115,20000.57;97.40065
19994.62,0.5800115,20000.56;97.4293
19994.69,0.5800115,20000.55;97.57254
19994.74,0.5800115,20000.54;97.64415
19994.78,0.5800115,20000.54;97.65847
19995.01,0.5800115,20000.51;97.67279
19995.27,0.5800115,20000.47;97.68712
19995.52,0.5800115,20000.44;97.70144
19995.77,0.5800115,20000.4;97.71576
19996.01,0.5800115,20000.37;97.73009
19996.25,0.5800115,20000.34;97.74441
19996.5,0.5800115,20000.3;97.75873
19996.75,0.5800115,20000.27;97.77306
19997,0.5800115,20000.23;97.78738
19997.25,0.5800115,20000.2;97.84466
19997.51,0.5800115,20000.17;97.97358
19997.76,0.5800115,20000.13;98.05952
19998.01,0.5800115,20000.09;98.23141
19998.26,0.5800115,20000.06;98.27438
19998.51,0.5800115,20000.02;98.48923
19998.76,0.5800115,19999.98;98.56084
19999.01,0.5800115,19999.94;98.80436
19999.26,0.5800115,19999.9;99.09084
19999.51,0.5800115,19999.86;99.23407
19999.76,0.5800115,19999.82;99.43461
20000.02,0.5800115,19999.78;99.52055
20000.27,0.5800115,19999.74;99.6065
20000.28,0.5800115,19999.73;99.69245
20000.28,0.5800115,19999.73;99.69245
20000.28,0.5800115,19999.73;99.69245
20000.28,0.5800115,19999.73;99.69245
20000.26,0.5800115,19999.74;99.7784
20000.21,0.5800115,19999.74;99.86434
20000.17,0.5800115,19999.75;99.80705
20000.11,0.5800115,19999.76;99.50625
20000.07,0.5800115,19999.77;99.50625
20000.05,0.5800115,19999.77;99.50625
20000.02,0.5800115,19999.78;99.50625
19999.92,0.5800115,19999.79;99.50625
19999.83,0.5800115,19999.81;99.50625
19999.72,0.5800115,19999.83;99.39165
19999.62,0.5800115,19999.84;99.27705
19999.51,0.5800115,19999.86;99.16246
19999.39,0.5800115,19999.88;99.04786
19999.25,0.5800115,19999.9;98.93327
19999.09,0.5800115,19999.93;98.81867
19998.91,0.5800115,19999.96;98.70408
19998.7,0.5800115,19999.99;98.58948
19998.49,0.5800115,20000.02;98.50352
19998.29,0.5800115,20000.05;98.41758
19998.06,0.5800115,20000.08;97.97353
19997.85,0.5800115,20000.11;97.73002
19997.65,0.5800115,20000.14;97.7157
19997.44,0.5800115,20000.16;97.70138
19997.24,0.5800115,20000.19;97.68706
19997.05,0.5800115,20000.22;97.67273
19996.85,0.5800115,20000.24;97.6584
19996.64,0.5800115,20000.27;97.64408
19996.45,0.5800115,20000.3;97.42922
19996.24,0.5800115,20000.32;97.15707
19996.04,0.5800115,20000.35;97.12842
19995.84,0.5800115,20000.37;96.84193
19995.64,0.5800115,20000.39;96.55546
19995.45,0.5800115,20000.42;96.26897
19995.44,0.5800115,20000.42;96.02546
19995.42,0.5800115,20000.42;95.91087
19995.41,0.5800115,20000.42;95.76762
19995.33,0.5800115,20000.43;95.55277
19995.12,0.5800115,20000.45;95.3952
19994.91,0.5800115,20000.47;95.23763
19994.69,0.5800115,20000.49;95.08006
19994.46,0.5800115,20000.51;94.92249
19994.23,0.5800115,20000.52;94.5644
19994,0.5800115,20000.54;94.36387
19993.77,0.5800115,20000.56;94.16334
19993.58,0.5800115,20000.57;94.12037
19993.52,0.5800115,20000.58;94.00578
19993.54,0.5800115,20000.58;93.9055
19993.59,0.5800115,20000.57;93.81955
19993.65,0.5800115,20000.57;93.63335
19993.74,0.5800115,20000.56;93.50443
19993.86,0.5800115,20000.55;93.37551
19994.06,0.5800115,20000.54;93.31822
19994.29,0.5800115,20000.53;93.2466
19994.54,0.5800115,20000.52;93.17499
19994.77,0.5800115,20000.5;93.10338
19995,0.5800115,20000.49;92.98878
19995.24,0.5800115,20000.48;92.90282
19995.47,0.5800115,20000.47;92.84553
19995.62,0.5800115,20000.46;92.81689
19995.78,0.5800115,20000.45;92.78824
19995.93,0.5800115,20000.45;92.73094
19996.08,0.5800115,20000.44;92.68797
19996.23,0.5800115,20000.43;92.58771
19996.38,0.5800115,20000.43;92.55907
19996.54,0.5800115,20000.42;92.5161
19996.69,0.5800115,20000.41;92.44448
19996.72,0.5800115,20000.41;92.3872
19996.92,0.5800115,20000.4;92.27261
19997.13,0.5800115,20000.39;92.18665
19997.34,0.5800115,20000.39;92.10069
19997.55,0.5800115,20000.38;92.02908
19997.76,0.5800115,20000.37;91.94312
19997.97,0.5800115,20000.37;91.84286
19998.2,0.5800115,20000.36;91.74258
19998.42,0.5800115,20000.35;91.67097
19998.65,0.5800115,20000.35;91.59936
19998.88,0.5800115,20000.34;91.52775
19999.11,0.5800115,20000.33;91.45613
19999.35,0.5800115,20000.33;91.38451
19999.58,0.5800115,20000.32;91.32722
19999.81,0.5800115,20000.32;91.22696
20000.04,0.5800115,20000.31;91.141
20000.29,0.5800115,20000.31;91.04073
20000.52,0.5800115,20000.3;90.96911
20000.77,0.5800115,20000.3;90.89751
20001.03,0.5800115,20000.3;90.82589
20001.28,0.5800115,20000.29;90.73994
20001.54,0.5800115,20000.29;90.68265
20001.79,0.5800115,20000.29;90.61103
20002.04,0.5800115,20000.29;90.55373
20002.3,0.5800115,20000.29;90.48212
20002.55,0.5800115,20000.28;90.45348
20002.8,0.5800115,20000.28;90.42483
20003.06,0.5800115,20000.28;90.36755
20003.31,0.5800115,20000.28;90.31025
20003.54,0.5800115,20000.28;90.23864
20003.78,0.5800115,20000.28;90.15269
20004.03,0.5800115,20000.28;90.03809
20004.26,0.5800115,20000.28;89.90918
20004.5,0.5800115,20000.28;89.83757
20004.6,0.5800115,20000.28;90.4535
20004.57,0.5800115,20000.28;90.55377
20004.53,0.5800115,20000.28;90.65405
20004.49,0.5800115,20000.28;90.75432
20004.45,0.5800115,20000.28;90.52514
20004.42,0.5800115,20000.28;89.8949
20004.41,0.5800115,20000.28;89.23599
20004.39,0.5800115,20000.28;88.49114
20004.38,0.5800115,20000.28;87.74629
20004.37,0.5800115,20000.28;86.92982
20004.37,0.5800115,20000.28;86.01308
20004.37,0.5800115,20000.28;84.95311
20004.39,0.5800115,20000.28;83.49207
20004.44,0.5800115,20000.29;81.81618
20004.44,0.5800115,20000.29;79.99705
20004.44,0.5800115,20000.29;78.1779
20004.45,0.5800115,20000.29;76.35877
20004.47,0.5800115,20000.29;74.53963
20004.47,0.5800115,20000.29;72.72049
20004.48,0.5800115,20000.29;70.93
20004.48,0.5800115,20000.3;69.79842
20004.5,0.5800115,20000.3;68.66683
20004.49,0.5800115,20000.3;67.53524
20004.46,0.5800115,20000.29;66.40365
20004.41,0.5800115,20000.26;65.27206
20004.38,0.5800115,20000.25;64.14047
20004.35,0.5800115,20000.23;63.00888
20004.35,0.5800115,20000.23;61.87729
20004.35,0.5800115,20000.23;60.7457
20004.35,0.5800115,20000.23;60.7457
20004.34,0.5800115,20000.23;59.61411
20004.34,0.5800115,20000.23;58.48251
20004.32,0.5800115,20000.21;57.35092
20004.28,0.5800115,20000.19;56.21933
20004.22,0.5800115,20000.15;55.08774
20004.17,0.5800115,20000.11;54.04209
20004.12,0.5800115,20000.07;53.49778
20004.07,0.5800115,20000.04;52.95348
20004.01,0.5800115,19999.99;52.40918
20003.96,0.5800115,19999.95;52.07972
20003.91,0.5800115,19999.91;51.70731
20003.86,0.5800115,19999.87;51.33489
20003.82,0.5800115,19999.84;50.96247
20003.79,0.5800115,19999.82;50.59004
20003.79,0.5800115,19999.81;50.21762
20003.77,0.5800115,19999.8;49.8452
20003.76,0.5800115,19999.79;49.47279
20003.77,0.5800115,19999.79;49.10036
20003.8,0.5800115,19999.82;48.72794
20003.83,0.5800115,19999.85;48.35552
20003.84,0.5800115,19999.86;47.9831
20003.84,0.5800115,19999.86;47.9831
20003.84,0.5800115,19999.86;47.9831
20003.84,0.5800115,19999.86;47.9831
20003.82,0.5800115,19999.84;47.61068
20003.81,0.5800115,19999.83;47.23827
20003.81,0.5800115,19999.83;47.23827
20003.78,0.5800115,19999.8;46.86584
20003.75,0.5800115,19999.77;46.49343
20003.71,0.5800115,19999.74;46.12101
20003.68,0.5800115,19999.71;45.77724
20003.65,0.5800115,19999.68;45.41914
20003.63,0.5800115,19999.66;44.94644
20003.6,0.5800115,19999.62;44.81753
20003.58,0.5800115,19999.61;43.78621
20003.57,0.5800115,19999.6;42.71191
20003.55,0.5800115,19999.57;41.62329
20003.52,0.5800115,19999.54;40.4344
20003.51,0.5800115,19999.52;39.31713
20003.49,0.5800115,19999.5;38.24283
20003.48,0.5800115,19999.48;37.41204
20003.46,0.5800115,19999.46;36.7818
20003.47,0.5800115,19999.47;36.13721
20003.47,0.5800115,19999.48;34.60456
20003.47,0.5800115,19999.48;32.94298
20003.48,0.5800115,19999.49;31.26709
20003.48,0.5800115,19999.5;30.25009
20003.49,0.5800115,19999.51;29.24742
20003.49,0.5800115,19999.51;27.77205
20003.48,0.5800115,19999.49;26.38262
20003.45,0.5800115,19999.43;25.09347
20003.43,0.5800115,19999.39;23.80432
20003.43,0.5800115,19999.39;22.48651
20003.43,0.5800115,19999.39;21.18303
20003.43,0.5800115,19999.39;19.85091
20003.42,0.5800115,19999.34;18.47582
20003.42,0.5800115,19999.34;17.30126
20003.42,0.5800115,19999.34;16.02643
20003.42,0.5800115,19999.34;14.6943
20003.42,0.5800115,19999.34;13.53407
20003.42,0.5800115,19999.34;12.60301
20003.42,0.5800115,19999.34;11.70059
20003.42,0.5800115,19999.34;11.01305
20003.42,0.5800115,19999.34;10.48306
20003.42,0.5800115,19999.34;10.06767
20003.42,0.5800115,19999.34;9.709569
20003.42,0.5800115,19999.34;9.351474
20003.42,0.5800115,19999.34;9.022023
20003.42,0.5800115,19999.33;8.692573
20003.42,0.5800115,19999.33;8.363123
20003.41,0.5800115,19999.32;8.047995
20003.41,0.5800115,19999.32;7.790161
20003.41,0.5800115,19999.32;7.475034
20003.41,0.5800115,19999.31;7.389087
20003.41,0.5800115,19999.31;7.260168
20003.41,0.5800115,19999.31;7.13125
20003.41,0.5800115,19999.29;7.116928
20003.41,0.5800115,19999.28;7.059636
20003.41,0.5800115,19999.28;7.002344
20003.41,0.5800115,19999.28;6.916395
20003.41,0.5800115,19999.31;6.859103
20003.41,0.5800115,19999.33;6.84478
20003.42,0.5800115,19999.34;6.787488
20003.42,0.5800115,19999.35;6.672894
20003.42,0.5800115,19999.36;6.543976
20003.42,0.5800115,19999.37;6.18588
20003.43,0.5800115,19999.49;5.885077
20003.45,0.5800115,19999.71;5.612917
20003.48,0.5800115,19999.96;5.312113
20003.5,0.5800115,20000.21;5.025632
20003.52,0.5800115,20000.46;4.739151
20003.54,0.5800115,20000.72;4.667536
20003.56,0.5800115,20000.97;4.424023
20003.58,0.5800115,20001.22;4.180511
20003.6,0.5800115,20001.48;4.166188
20003.62,0.5800115,20001.73;4.151865
20003.63,0.5800115,20001.99;3.979979
20003.65,0.5800115,20002.24;3.793769
20003.67,0.5800115,20002.49;3.650529
20003.68,0.5800115,20002.75;3.435673
20003.7,0.5800115,20003;3.321078
20003.71,0.5800115,20003.25;3.206484
20003.72,0.5800115,20003.51;3.091889
20003.74,0.5800115,20003.76;2.977295
20003.75,0.5800115,20004.01;2.8627
20003.76,0.5800115,20004.27;2.748105
20003.77,0.5800115,20004.52;2.633511
20003.78,0.5800115,20004.78;2.518916
20003.79,0.5800115,20005.03;2.404321
20003.8,0.5800115,20005.28;2.289726
20003.81,0.5800115,20005.54;2.175132
20003.82,0.5800115,20005.79;2.060538
20003.83,0.5800115,20006.04;1.945943
20003.84,0.5800115,20006.3;1.888651
20003.85,0.5800115,20006.55;1.831359
20003.86,0.5800115,20006.81;1.616503
20003.86,0.5800115,20007.06;1.387324
20003.87,0.5800115,20007.31;1.172469
20003.87,0.5800115,20007.57;0.9719362
20003.88,0.5800115,20007.82;0.6997777
20003.88,0.5800115,20008.08;0.3989733
20003.88,0.5800115,20008.33;0.08384602
20003.88,0.5800115,20008.58;359.7974
20003.87,0.5800115,20008.84;359.5395
20003.87,0.5800115,20009.09;359.2531
20003.87,0.5800115,20009.35;358.9666
20003.86,0.5800115,20009.6;358.6801
20003.85,0.5800115,20009.85;358.4079
20003.85,0.5800115,20010.11;358.1931
20003.84,0.5800115,20010.36;357.9352
20003.83,0.5800115,20010.62;357.6631
20003.81,0.5800115,20010.87;357.3909
20003.8,0.5800115,20011.12;357.1044
20003.79,0.5800115,20011.38;356.8752
20003.77,0.5800115,20011.63;356.6317
20003.76,0.5800115,20011.88;356.4312
20003.74,0.5800115,20012.14;356.1734
20003.72,0.5800115,20012.39;355.9299
20003.7,0.5800115,20012.64;355.6577
20003.68,0.5800115,20012.9;355.4142
20003.66,0.5800115,20013.15;355.1707
20003.64,0.5800115,20013.4;354.9272
20003.62,0.5800115,20013.66;354.655
20003.59,0.5800115,20013.91;354.3685
20003.56,0.5800115,20014.16;354.0964
20003.54,0.5800115,20014.41;353.8242
20003.51,0.5800115,20014.67;353.5377
20003.48,0.5800115,20014.92;353.3229
20003.45,0.5800115,20015.17;352.9791
20003.41,0.5800115,20015.42;352.664
20003.38,0.5800115,20015.67;352.4348
20003.35,0.5800115,20015.93;352.134
20003.31,0.5800115,20016.18;351.8332
20003.27,0.5800115,20016.43;351.5467
20003.23,0.5800115,20016.68;351.2459
20003.19,0.5800115,20016.93;350.9594
20003.15,0.5800115,20017.18;350.7159
20003.11,0.5800115,20017.43;350.6156
20003.07,0.5800115,20017.68;350.4438
20003.03,0.5800115,20017.93;350.2719
20002.98,0.5800115,20018.18;350.1
20002.94,0.5800115,20018.43;349.9281
20002.89,0.5800115,20018.68;349.7562
20002.85,0.5800115,20018.93;349.5843
20002.8,0.5800115,20019.18;349.4124
20002.75,0.5800115,20019.43;349.2405
20002.71,0.5800115,20019.68;349.0687
20002.66,0.5800115,20019.93;348.8968
20002.61,0.5800115,20020.18;348.7249
20002.56,0.5800115,20020.43;348.6389
20002.51,0.5800115,20020.68;348.4384
20002.45,0.5800115,20020.93;348.1089
20002.4,0.5800115,20021.17;347.8081
20002.35,0.5800115,20021.42;347.579
20002.29,0.5800115,20021.67;347.3068
20002.23,0.5800115,20021.92;347.0203
20002.17,0.5800115,20022.16;346.7482
20002.12,0.5800115,20022.41;346.4617
20002.05,0.5800115,20022.66;346.1752
20001.99,0.5800115,20022.9;345.8744
20001.93,0.5800115,20023.15;345.5879
20001.87,0.5800115,20023.4;345.3444
20001.8,0.5800115,20023.64;345.0579
20001.73,0.5800115,20023.89;344.8144
20001.66,0.5800115,20024.13;344.5423
20001.6,0.5800115,20024.38;344.2844
20001.53,0.5800115,20024.62;344.0409
20001.46,0.5800115,20024.86;343.7544
20001.38,0.5800115,20025.11;343.5252
20001.31,0.5800115,20025.35;343.2531
20001.24,0.5800115,20025.59;342.9666
20001.16,0.5800115,20025.84;342.6658
20001.08,0.5800115,20026.08;342.408
20001.01,0.5800115,20026.32;342.1645
20000.93,0.5800115,20026.56;341.9353
20000.85,0.5800115,20026.8;341.7061
20000.77,0.5800115,20027.04;341.4339
20000.68,0.5800115,20027.28;341.1761
20000.6,0.5800115,20027.52;340.8896
20000.52,0.5800115,20027.76;340.5888
20000.43,0.5800115,20028;340.2594
20000.34,0.5800115,20028.24;339.9586
20000.26,0.5800115,20028.48;339.6577
20000.17,0.5800115,20028.72;339.3713
20000.07,0.5800115,20028.96;339.0705
19999.98,0.5800115,20029.19;338.827
19999.89,0.5800115,20029.43;338.6121
19999.8,0.5800115,20029.66;338.3543
19999.7,0.5800115,20029.9;338.1824
19999.61,0.5800115,20030.13;337.8672
19999.51,0.5800115,20030.37;337.6381
19999.41,0.5800115,20030.6;337.6381
19999.32,0.5800115,20030.84;337.5951
19999.22,0.5800115,20031.07;337.5808
19999.12,0.5800115,20031.31;337.4232
19999.03,0.5800115,20031.54;337.4232
19998.93,0.5800115,20031.78;337.4232
19998.83,0.5800115,20032.01;337.4232
19998.73,0.5800115,20032.25;337.4232
19998.63,0.5800115,20032.48;337.4232
19998.54,0.5800115,20032.71;337.4232
19998.44,0.5800115,20032.95;337.4232
19998.34,0.5800115,20033.19;337.4232
19998.24,0.5800115,20033.42;337.4232
19998.15,0.5800115,20033.65;337.4232
19998.05,0.5800115,20033.89;337.4232
19997.95,0.5800115,20034.12;337.4232
19997.85,0.5800115,20034.36;337.3946
19997.76,0.5800115,20034.59;337.1797
19997.66,0.5800115,20034.83;337.1081
19997.56,0.5800115,20035.06;337.0938
19997.46,0.5800115,20035.29;336.9219
19997.36,0.5800115,20035.53;336.6784
19997.26,0.5800115,20035.76;336.4492
19997.15,0.5800115,20035.99;336.2057
19997.05,0.5800115,20036.22;335.9765
19996.95,0.5800115,20036.46;335.7473
19996.84,0.5800115,20036.69;335.4608
19996.73,0.5800115,20036.92;335.1887
19996.63,0.5800115,20037.15;334.9308
19996.52,0.5800115,20037.38;334.7017
19996.41,0.5800115,20037.61;334.4725
19996.3,0.5800115,20037.83;334.3006
19996.19,0.5800115,20038.06;334.1144
19996.08,0.5800115,20038.29;333.9425
19995.96,0.5800115,20038.52;333.7277
19995.85,0.5800115,20038.75;333.5558
19995.74,0.5800115,20038.97;333.3409
19995.62,0.5800115,20039.2;333.1404
19995.51,0.5800115,20039.43;332.9112
19995.39,0.5800115,20039.65;332.7107
19995.27,0.5800115,20039.88;332.4815
19995.15,0.5800115,20040.1;332.2666
19995.04,0.5800115,20040.33;332.0804
19994.92,0.5800115,20040.55;331.8799
19994.79,0.5800115,20040.77;331.6507
19994.67,0.5800115,20041;331.4359
19994.55,0.5800115,20041.22;331.2353
19994.43,0.5800115,20041.44;331.0491
19994.3,0.5800115,20041.66;330.8343
19994.18,0.5800115,20041.88;330.6194
19994.05,0.5800115,20042.11;330.4189
