20000,0.5,20000;0
20000,0.58,20000.13;359.513
20000,0.58,20000.18;359.0833
20000,0.58,20000.29;358.539
19999.99,0.58,20000.4;358.1379
19999.99,0.58,20000.52;357.6222
19999.98,0.58,20000.64;357.0206
19999.97,0.58,20000.75;356.5336
19999.96,0.58,20000.87;356.0179
19999.96,0.58,20000.99;355.445
19999.95,0.58,20001.1;354.872
19999.93,0.58,20001.22;354.2991
19999.92,0.58,20001.34;353.7548
19999.91,0.58,20001.45;353.0959
19999.89,0.58,20001.56;352.5515
19999.88,0.58,20001.68;351.9786
19999.86,0.58,20001.78;351.4056
19999.84,0.58,20001.89;350.7467
19999.82,0.58,20002;350.0878
19999.8,0.58,20002.1;349.4862
19999.79,0.58,20002.21;348.9992
19999.77,0.58,20002.3;348.4836
19999.74,0.58,20002.4;348.0825
19999.72,0.58,20002.5;347.7673
19999.7,0.58,20002.6;347.1944
19999.68,0.58,20002.7;346.6214
19999.65,0.58,20002.79;346.1631
19999.63,0.58,20002.9;345.7333
19999.6,0.58,20003;345.1031
19999.57,0.58,20003.09;344.5301
19999.55,0.58,20003.19;343.8998
19999.52,0.58,20003.28;343.3556
19999.52,0.58,20003.28;343.3556
19999.49,0.58,20003.38;342.6393
19999.46,0.58,20003.47;342.0378
19999.43,0.58,20003.56;341.4934
19999.4,0.58,20003.65;340.8632
19999.36,0.58,20003.74;340.4048
19999.33,0.58,20003.84;339.8605
19999.29,0.58,20003.93;339.3162
19999.26,0.58,20004.01;338.8292
19999.23,0.58,20004.1;338.2562
19999.19,0.58,20004.18;337.6833
19999.16,0.58,20004.27;337.1103
19999.13,0.58,20004.35;336.566
19999.09,0.58,20004.43;336.0217
19999.05,0.58,20004.51;335.5347
19999.02,0.58,20004.58;335.0477
19998.98,0.58,20004.66;334.4747
19998.94,0.58,20004.74;333.9017
19998.93,0.58,20004.77;333.3574
19998.93,0.58,20004.77;332.7558
19998.93,0.58,20004.77;332.1255
19998.92,0.58,20004.77;331.4953
19998.92,0.58,20004.77;331.1516
19998.92,0.58,20004.78;331.438
19998.92,0.58,20004.78;331.438
19998.92,0.58,20004.78;331.438
19998.92,0.58,20004.78;331.438
19998.92,0.58,20004.78;331.438
19998.92,0.58,20004.78;331.438
19998.92,0.58,20004.78;331.438
19998.92,0.58,20004.78;331.7531
19998.92,0.58,20004.78;331.7531
19998.92,0.58,20004.78;331.7531
19998.92,0.58,20004.78;331.7531
19998.92,0.58,20004.78;331.7531
19998.92,0.58,20004.78;331.7531
19998.92,0.58,20004.78;331.7531
19998.92,0.58,20004.78;331.7531
19998.92,0.58,20004.78;331.7531
19998.92,0.58,20004.78;331.7531
19998.92,0.58,20004.78;331.7531
19998.92,0.58,20004.78;331.7531
19998.92,0.58,20004.78;331.7531
19998.92,0.58,20004.78;331.7531
19998.92,0.58,20004.78;331.7531
19998.92,0.58,20004.78;331.8104
19998.92,0.58,20004.78;333.3288
19998.92,0.58,20004.78;335.4201
19998.92,0.58,20004.79;336.4227
19998.92,0.58,20004.79;337.1103
19998.92,0.58,20004.79;337.1103
19998.92,0.58,20004.79;337.1103
19998.92,0.58,20004.79;338.514
19998.92,0.58,20004.79;340.3475
19998.91,0.58,20004.79;342.2669
19998.91,0.58,20004.79;344.2722
19998.91,0.58,20004.79;344.2722
19998.91,0.58,20004.8;346.2776
19998.91,0.58,20004.8;347.3949
19998.91,0.58,20004.8;349.3429
19998.91,0.58,20004.8;351.1191
19998.91,0.58,20004.8;351.1191
19998.91,0.58,20004.8;352.7807
19998.91,0.58,20004.8;353.4396
19998.91,0.58,20004.81;353.4969
19998.91,0.58,20004.81;353.4969
19998.91,0.58,20004.81;353.4969
19998.91,0.58,20004.81;353.4969
19998.91,0.58,20004.81;353.4682
19998.91,0.58,20004.81;353.2963
19998.91,0.58,20004.81;353.1817
19998.91,0.58,20004.81;353.1531
19998.91,0.58,20004.81;353.1245
19998.91,0.58,20004.81;353.0099
19998.91,0.58,20004.81;353.0099
19998.91,0.58,20004.81;352.9239
19998.91,0.58,20004.81;352.752
19998.91,0.58,20004.81;352.5515
19998.91,0.58,20004.82;352.4942
19998.91,0.58,20004.82;352.4942
19998.91,0.58,20004.82;352.4942
19998.91,0.58,20004.82;352.4942
19998.91,0.58,20004.82;352.4942
19998.91,0.58,20004.82;352.4942
19998.91,0.58,20004.82;352.4942
19998.91,0.58,20004.82;352.4942
19998.91,0.58,20004.82;352.4942
19998.91,0.58,20004.82;352.4942
19998.91,0.58,20004.82;352.4942
19998.91,0.58,20004.82;352.4942
19998.91,0.58,20004.82;352.4942
19998.91,0.58,20004.82;352.4942
19998.91,0.58,20004.82;352.4942
19998.91,0.58,20004.82;352.4942
19998.91,0.58,20004.82;352.4942
19998.91,0.58,20004.82;352.4942
19998.91,0.58,20004.82;352.4942
19998.91,0.58,20004.82;352.4942
19998.91,0.58,20004.82;352.4942
19998.91,0.58,20004.82;352.4942
19998.91,0.58,20004.82;352.4942
19998.91,0.58,20004.82;352.4942
19998.91,0.58,20004.82;352.4942
19998.91,0.58,20004.82;352.5515
19998.91,0.58,20004.82;352.752
19998.91,0.58,20004.81;352.9239
19998.91,0.58,20004.81;353.0671
19998.91,0.58,20004.81;353.2677
19998.91,0.58,20004.81;353.4682
19998.91,0.58,20004.81;353.6115
19998.91,0.58,20004.81;353.7547
19998.91,0.58,20004.81;353.9266
19998.91,0.58,20004.81;354.0985
19998.91,0.58,20004.8;354.3276
19998.91,0.58,20004.8;354.5568
19998.91,0.58,20004.8;354.7574
19998.91,0.58,20004.8;354.8146
19998.91,0.58,20004.8;354.8146
19998.91,0.58,20004.8;354.8146
19998.91,0.58,20004.8;354.8146
19998.91,0.58,20004.8;354.8146
19998.91,0.58,20004.8;354.8146
19998.91,0.58,20004.8;354.8146
19998.91,0.58,20004.8;354.8146
19998.91,0.58,20004.8;354.8146
19998.91,0.58,20004.8;354.4995
19998.91,0.58,20004.8;353.9552
19998.91,0.58,20004.79;353.6974
19998.91,0.58,20004.79;353.4969
19998.91,0.58,20004.79;353.3823
19998.91,0.58,20004.79;353.3823
19998.91,0.58,20004.79;353.3823
19998.91,0.58,20004.79;353.2677
19998.91,0.58,20004.79;353.1531
19998.91,0.58,20004.79;353.0385
19998.91,0.58,20004.79;352.9239
19998.91,0.58,20004.79;352.8093
19998.91,0.58,20004.8;352.6947
19998.91,0.58,20004.81;352.5801
19998.91,0.58,20004.8;352.4655
19998.91,0.58,20004.8;352.3509
19998.91,0.58,20004.79;352.2363
19998.91,0.58,20004.79;352.2363
19998.91,0.58,20004.8;352.1217
19998.91,0.58,20004.78;352.0071
19998.92,0.58,20004.77;351.8925
19998.92,0.58,20004.76;351.7779
19998.92,0.58,20004.76;351.6633
19998.91,0.58,20004.79;351.5487
19998.92,0.58,20004.78;351.4341
19998.92,0.58,20004.77;351.4055
19998.92,0.58,20004.76;351.3195
19998.92,0.58,20004.76;351.2336
19998.92,0.58,20004.77;351.1476
19998.91,0.58,20004.81;351.0617
19998.91,0.58,20004.81;350.9757
19998.91,0.58,20004.81;350.8898
19998.91,0.58,20004.79;350.8039
19998.91,0.58,20004.79;350.8039
19998.91,0.58,20004.79;350.7179
19998.91,0.58,20004.79;350.7179
19998.91,0.58,20004.79;350.7179
19998.91,0.58,20004.79;350.7179
19998.91,0.58,20004.79;350.7179
19998.91,0.58,20004.79;350.7179
19998.91,0.58,20004.79;350.632
19998.91,0.58,20004.79;350.4314
19998.91,0.58,20004.79;350.3741
19998.91,0.58,20004.8;350.1736
19998.91,0.58,20004.81;349.9731
19998.91,0.58,20004.82;349.572
19998.91,0.58,20004.79;349.1136
19998.92,0.58,20004.78;348.7412
19998.92,0.58,20004.77;348.3688
19998.92,0.58,20004.77;348.025
19998.92,0.58,20004.77;347.8245
19998.92,0.58,20004.77;347.5667
19998.92,0.58,20004.75;347.2802
19998.93,0.58,20004.73;346.8791
19998.93,0.58,20004.72;346.478
19998.93,0.58,20004.72;346.1916
19998.93,0.58,20004.71;345.9051
19998.93,0.58,20004.71;345.6759
19998.93,0.58,20004.72;345.4181
19998.93,0.58,20004.73;345.1602
19998.93,0.58,20004.72;344.8737
19998.92,0.58,20004.74;344.6159
19998.92,0.58,20004.74;344.53
19998.92,0.58,20004.75;344.444
19998.92,0.58,20004.75;344.3008
19998.92,0.58,20004.75;344.0429
19998.92,0.58,20004.75;343.8424
19998.91,0.58,20004.77;343.6419
19998.92,0.58,20004.77;343.3267
19998.92,0.58,20004.76;342.897
19998.92,0.58,20004.76;342.4959
19998.92,0.58,20004.77;342.1235
19998.91,0.58,20004.8;341.6652
19998.89,0.58,20004.83;341.2641
19998.88,0.58,20004.87;340.863
19998.86,0.58,20004.92;340.4047
19998.86,0.58,20004.92;340.1182
19998.86,0.58,20004.92;339.8604
19998.86,0.58,20004.92;339.6598
19998.87,0.58,20004.92;339.4306
19998.87,0.58,20004.92;339.3447
19998.87,0.58,20004.91;339.1442
19998.87,0.58,20004.91;339.0869
19998.87,0.58,20004.91;339.0869
19998.87,0.58,20004.91;338.4279
19998.87,0.58,20004.91;337.9409
19998.87,0.58,20004.91;337.8264
19998.86,0.58,20004.92;337.6258
19998.86,0.58,20004.92;337.4253
19998.87,0.58,20004.92;337.0815
19998.87,0.58,20004.92;336.795
19998.87,0.58,20004.92;336.7091
19998.86,0.58,20004.92;336.5945
19998.87,0.58,20004.92;336.5945
19998.87,0.58,20004.92;336.5945
19998.87,0.58,20004.92;336.5945
19998.87,0.58,20004.92;336.5945
19998.87,0.58,20004.91;336.5945
19998.87,0.58,20004.91;336.5945
19998.87,0.58,20004.91;336.5945
19998.87,0.58,20004.91;336.5945
19998.86,0.58,20004.93;336.5945
19998.85,0.58,20004.95;336.5945
19998.85,0.58,20004.95;336.4799
19998.85,0.58,20004.95;336.3653
19998.85,0.58,20004.96;336.0788
19998.84,0.58,20004.96;336.0788
19998.85,0.58,20004.96;336.0788
19998.84,0.58,20004.97;336.0788
19998.82,0.58,20005.03;336.0788
19998.82,0.58,20005.03;336.0788
19998.81,0.58,20005.03;336.0502
19998.81,0.58,20005.04;336.0215
19998.81,0.58,20005.04;335.9929
19998.81,0.58,20005.03;335.8496
19998.81,0.58,20005.04;335.7064
19998.81,0.58,20005.05;335.5631
19998.8,0.58,20005.06;335.4199
19998.8,0.58,20005.07;335.2767
19998.8,0.58,20005.06;335.1334
19998.79,0.58,20005.09;334.9902
19998.79,0.58,20005.09;334.847
19998.79,0.58,20005.09;334.847
19998.79,0.58,20005.09;334.847
19998.79,0.58,20005.09;334.847
19998.79,0.58,20005.09;334.847
19998.79,0.58,20005.09;334.847
19998.78,0.58,20005.1;334.7037
19998.78,0.58,20005.1;334.5605
19998.78,0.58,20005.1;334.4172
19998.78,0.58,20005.1;334.274
19998.74,0.58,20005.18;334.1307
19998.74,0.58,20005.18;334.1307
19998.69,0.58,20005.3;334.0735
19998.63,0.58,20005.41;333.6724
19998.57,0.58,20005.53;333.2713
19998.52,0.58,20005.64;332.9848
19998.46,0.58,20005.75;332.6984
19998.4,0.58,20005.86;332.4692
19998.34,0.58,20005.98;332.2686
19998.28,0.58,20006.09;332.1254
19998.22,0.58,20006.2;331.8103
19998.16,0.58,20006.31;331.5238
19998.1,0.58,20006.42;331.2373
19998.04,0.58,20006.53;330.8935
19997.97,0.58,20006.64;330.6071
19997.94,0.58,20006.7;330.2633
19997.94,0.58,20006.7;329.8336
19997.94,0.58,20006.71;329.4325
19997.94,0.58,20006.71;329.232
19997.94,0.58,20006.7;328.9741
19997.95,0.58,20006.69;328.8595
19997.94,0.58,20006.7;328.7449
19997.93,0.58,20006.72;328.6877
19997.93,0.58,20006.72;328.5444
19997.92,0.58,20006.74;328.4012
19997.92,0.58,20006.74;328.0287
19997.92,0.58,20006.73;327.5704
19997.91,0.58,20006.75;327.2266
19997.91,0.58,20006.75;326.8542
19997.91,0.58,20006.75;326.4531
19997.92,0.58,20006.74;326.0807
19997.92,0.58,20006.73;325.651
19997.92,0.58,20006.73;325.2213
19997.93,0.58,20006.72;324.8202
19997.93,0.58,20006.72;324.4478
19997.9,0.58,20006.77;324.2759
19997.86,0.58,20006.82;324.104
19997.82,0.58,20006.87;323.9321
19997.79,0.58,20006.92;323.6456
19997.79,0.58,20006.92;323.6456
19997.75,0.58,20006.97;323.4737
19997.71,0.58,20007.02;323.4451
19997.68,0.58,20007.07;323.3591
19997.64,0.58,20007.12;322.9294
19997.64,0.58,20007.12;322.9294
19997.6,0.58,20007.17;322.557
19997.59,0.58,20007.18;322.1846
19997.59,0.58,20007.18;321.9267
19997.58,0.58,20007.19;321.6403
19997.58,0.58,20007.19;321.2678
19997.58,0.58,20007.19;320.8954
19997.58,0.58,20007.19;320.8381
19997.58,0.58,20007.19;320.7808
19997.58,0.58,20007.2;320.7808
19997.58,0.58,20007.2;320.7808
19997.58,0.58,20007.2;320.6949
19997.58,0.58,20007.2;320.6949
19997.58,0.58,20007.2;320.6949
19997.57,0.58,20007.21;320.6089
19997.55,0.58,20007.23;320.5229
19997.55,0.58,20007.23;320.437
19997.56,0.58,20007.22;320.1219
19997.56,0.58,20007.22;319.8068
19997.57,0.58,20007.21;319.4057
19997.57,0.58,20007.21;319.0046
19997.59,0.58,20007.19;318.5463
19997.62,0.58,20007.16;318.1738
19997.63,0.58,20007.15;317.916
19997.61,0.58,20007.16;317.6295
19997.61,0.58,20007.16;317.5722
19997.62,0.58,20007.16;317.5722
19997.62,0.58,20007.15;317.4576
19997.61,0.58,20007.17;317.4863
19997.59,0.58,20007.18;317.4003
19997.59,0.58,20007.19;317.3144
19997.59,0.58,20007.18;317.3144
19997.59,0.58,20007.19;317.1998
19997.58,0.58,20007.19;317.0852
19997.58,0.58,20007.2;316.942
19997.58,0.58,20007.2;316.7987
19997.58,0.58,20007.2;316.5122
19997.58,0.58,20007.2;316.1398
19997.55,0.58,20007.23;316.1111
19997.55,0.58,20007.23;316.0825
19997.55,0.58,20007.23;316.1398
19997.46,0.58,20007.32;316.1971
19997.37,0.58,20007.41;316.2544
19997.32,0.58,20007.47;316.3117
19997.32,0.58,20007.47;316.3117
19997.32,0.58,20007.47;316.3117
19997.32,0.58,20007.47;316.3117
19997.32,0.58,20007.47;316.369
19997.32,0.58,20007.47;316.4262
19997.28,0.58,20007.51;316.4836
19997.23,0.58,20007.56;316.5408
19997.19,0.58,20007.61;316.5981
19997.1,0.58,20007.7;316.6554
19997.01,0.58,20007.79;316.7127
19996.92,0.58,20007.89;316.77
19996.92,0.58,20007.89;316.77
19996.84,0.58,20007.98;316.8273
19996.75,0.58,20008.07;316.7413
19996.66,0.58,20008.16;316.6267
19996.58,0.58,20008.26;316.4262
19996.49,0.58,20008.35;316.2257
19996.4,0.58,20008.44;316.0251
19996.31,0.58,20008.53;315.796
19996.22,0.58,20008.62;315.4522
19996.13,0.58,20008.71;315.1657
19996.04,0.58,20008.8;314.9651
19995.96,0.58,20008.88;314.736
19995.96,0.58,20008.88;314.5068
19995.96,0.58,20008.88;314.3063
19995.96,0.58,20008.88;313.9625
19995.96,0.58,20008.88;313.5614
19995.97,0.58,20008.87;313.4468
19995.98,0.58,20008.87;313.3036
19995.98,0.58,20008.87;313.275
19995.98,0.58,20008.86;313.2463
19995.96,0.58,20008.88;313.2177
19995.96,0.58,20008.88;313.189
19995.96,0.58,20008.88;313.1317
19995.96,0.58,20008.88;312.9312
19995.96,0.58,20008.88;312.6161
19995.97,0.58,20008.87;312.4155
19995.98,0.58,20008.86;312.2723
19995.98,0.58,20008.86;312.129
19995.99,0.58,20008.86;311.8139
19995.97,0.58,20008.87;311.4988
19995.88,0.58,20008.96;311.1264
19995.78,0.58,20009.04;310.7539
19995.68,0.58,20009.12;310.3815
19995.59,0.58,20009.2;310.2669
19995.49,0.58,20009.29;310.2097
19995.49,0.58,20009.29;310.2097
19995.39,0.58,20009.37;310.095
19995.29,0.58,20009.45;309.9518
19995.2,0.58,20009.53;309.608
19995.1,0.58,20009.61;309.4934
19995.02,0.58,20009.67;309.4934
19994.94,0.58,20009.74;309.4934
19994.87,0.58,20009.8;309.4934
19994.79,0.58,20009.86;309.121
19994.79,0.58,20009.86;309.121
19994.79,0.58,20009.86;308.7773
19994.79,0.58,20009.86;308.3762
19994.69,0.58,20009.94;307.9751
19994.59,0.58,20010.02;307.6027
19994.49,0.58,20010.1;307.2303
19994.38,0.58,20010.17;306.8292
19994.28,0.58,20010.25;306.4281
19994.18,0.58,20010.32;306.0844
19994.08,0.58,20010.4;305.7406
19993.97,0.58,20010.47;305.6833
19993.87,0.58,20010.54;305.5974
19993.77,0.58,20010.62;305.5401
19993.66,0.58,20010.69;305.4828
19993.56,0.58,20010.77;305.2249
19993.46,0.58,20010.84;304.8812
19993.35,0.58,20010.91;304.3942
19993.32,0.58,20010.93;304.079
19993.3,0.58,20010.95;303.7352
19993.22,0.58,20011;303.3628
19993.14,0.58,20011.05;303.0477
19993.04,0.58,20011.12;302.7326
19992.93,0.58,20011.18;302.3888
19992.82,0.58,20011.25;302.1883
19992.71,0.58,20011.32;302.131
19992.61,0.58,20011.39;302.0737
19992.5,0.58,20011.45;302.045
19992.39,0.58,20011.52;302.045
19992.28,0.58,20011.59;301.9018
19992.18,0.58,20011.65;301.5867
19992.07,0.58,20011.72;301.3861
19991.96,0.58,20011.79;301.2142
19991.85,0.58,20011.85;300.8991
19991.74,0.58,20011.92;300.498
19991.63,0.58,20011.98;300.097
19991.52,0.58,20012.04;299.8391
19991.41,0.58,20012.11;299.4954
19991.3,0.58,20012.17;299.2089
19991.19,0.58,20012.23;299.0084
19991.08,0.58,20012.29;298.8078
19990.96,0.58,20012.35;298.636
19990.85,0.58,20012.41;298.5787
19990.74,0.58,20012.47;298.5214
19990.63,0.58,20012.53;298.4641
19990.52,0.58,20012.59;298.4068
19990.41,0.58,20012.65;298.3495
19990.29,0.58,20012.71;298.2922
19990.29,0.58,20012.71;298.2922
19990.18,0.58,20012.77;298.2349
19990.07,0.58,20012.83;298.0344
19989.96,0.58,20012.89;297.8338
19989.85,0.58,20012.95;297.8338
19989.73,0.58,20013.01;297.8338
19989.62,0.58,20013.07;297.8338
19989.51,0.58,20013.13;297.8338
19989.4,0.58,20013.19;297.8338
19989.29,0.58,20013.25;297.8338
19989.17,0.58,20013.31;297.8338
19989.06,0.58,20013.37;297.8338
19988.95,0.58,20013.43;297.8338
19988.84,0.58,20013.49;297.6619
19988.72,0.58,20013.54;297.4901
19988.61,0.58,20013.6;297.1749
19988.5,0.58,20013.66;297.1463
19988.38,0.58,20013.72;297.1463
19988.27,0.58,20013.78;297.0031
19988.16,0.58,20013.83;296.9171
19988.04,0.58,20013.89;296.8025
19987.93,0.58,20013.95;296.5733
19987.82,0.58,20014;296.3728
19987.7,0.58,20014.06;296.1722
19987.59,0.58,20014.12;296.0004
19987.47,0.58,20014.17;295.8285
19987.36,0.58,20014.23;295.7425
19987.24,0.58,20014.28;295.6852
19987.13,0.58,20014.34;295.6852
19987.02,0.58,20014.39;295.5993
19986.9,0.58,20014.45;295.4847
19986.79,0.58,20014.5;295.4561
19986.67,0.58,20014.55;295.2842
19986.56,0.58,20014.61;295.1123
19986.44,0.58,20014.66;295.055
19986.33,0.58,20014.71;294.9691
19986.21,0.58,20014.77;294.8831
19986.1,0.58,20014.82;294.7971
19985.98,0.58,20014.88;294.6826
19985.87,0.58,20014.93;294.5679
19985.75,0.58,20014.98;294.3387
19985.63,0.58,20015.03;294.1096
19985.52,0.58,20015.08;294.1096
19985.4,0.58,20015.14;294.0523
19985.29,0.58,20015.19;294.0523
19985.17,0.58,20015.24;293.995
19985.05,0.58,20015.29;293.9091
19984.94,0.58,20015.34;293.5939
19984.82,0.58,20015.39;293.2788
19984.7,0.58,20015.44;292.7631
19984.59,0.58,20015.49;292.2761
19984.47,0.58,20015.54;291.7891
19984.35,0.58,20015.58;291.388
19984.23,0.58,20015.63;291.1875
19984.11,0.58,20015.67;290.8437
19983.99,0.58,20015.72;290.4713
19983.88,0.58,20015.76;290.1848
19983.76,0.58,20015.8;289.8124
19983.63,0.58,20015.85;289.6119
19983.63,0.58,20015.85;289.6119
19983.52,0.58,20015.89;289.4113
19983.4,0.58,20015.93;289.4113
19983.28,0.58,20015.97;289.4113
19983.16,0.58,20016.02;289.4113
19983.04,0.58,20016.06;289.354
19982.92,0.58,20016.1;289.2968
19982.8,0.58,20016.14;288.953
19982.68,0.58,20016.18;288.8097
19982.56,0.58,20016.22;288.6378
19982.44,0.58,20016.26;288.4659
19982.31,0.58,20016.3;288.2941
19982.19,0.58,20016.34;288.0076
19982.08,0.58,20016.38;287.893
19982.08,0.58,20016.38;287.7211
19982.09,0.58,20016.38;287.4346
19982.08,0.58,20016.38;287.32
19982.08,0.58,20016.38;287.2914
19982.13,0.58,20016.36;287.2628
19982.06,0.58,20016.38;287.2628
19981.94,0.58,20016.42;287.2628
19981.82,0.58,20016.46;287.2628
19981.7,0.58,20016.5;287.0336
19981.58,0.58,20016.54;286.9763
19981.45,0.58,20016.57;286.919
19981.33,0.58,20016.61;286.8044
19981.21,0.58,20016.64;286.6898
19981.09,0.58,20016.68;286.4893
19980.97,0.58,20016.72;286.2601
19980.85,0.58,20016.75;286.0309
19980.72,0.58,20016.79;285.8876
19980.6,0.58,20016.82;285.7444
19980.48,0.58,20016.86;285.6012
19980.36,0.58,20016.89;285.4579
19980.23,0.58,20016.92;285.3433
19980.11,0.58,20016.96;285.2001
19979.99,0.58,20016.99;285.2001
19979.87,0.58,20017.02;285.2001
19979.74,0.58,20017.06;285.2001
19979.62,0.58,20017.09;285.2001
19979.5,0.58,20017.12;285.2001
19979.5,0.58,20017.12;285.2001
19979.38,0.58,20017.16;285.2001
19979.25,0.58,20017.19;285.2001
19979.13,0.58,20017.22;285.1714
19979.01,0.58,20017.26;285.1714
19978.88,0.58,20017.29;285.1714
19978.76,0.58,20017.32;285.1714
19978.64,0.58,20017.36;285.1714
19978.52,0.58,20017.39;285.1714
19978.39,0.58,20017.42;285.1714
19978.28,0.5800001,20017.46;285.1714
19978.28,0.5800004,20017.49;285.1714
19978.28,0.5800004,20017.49;285.1714
19978.28,0.5800007,20017.52;285.1714
19978.28,0.5800003,20017.55;285.1714
19978.28,0.58,20017.59;285.1714
19978.28,0.58,20017.62;285.0855
19978.28,0.58,20017.65;285.0282
19978.28,0.58,20017.69;285.0282
19978.28,0.5800004,20017.72;284.9423
19978.28,0.5800003,20017.75;284.9423
19978.28,0.5800008,20017.79;284.9136
19978.28,0.5800012,20017.82;284.7417
19978.28,0.5800018,20017.85;284.5698
19978.28,0.5800018,20017.88;284.4266
19978.28,0.5800019,20017.91;284.3406
19978.28,0.5800022,20017.94;284.1115
19978.28,0.5800023,20017.97;284.1115
19978.28,0.5800025,20018.01;284.0541
19978.28,0.5800025,20018.04;284.0541
19978.28,0.5800026,20018.07;284.0828
19978.28,0.5800021,20018.1;284.0828
19978.28,0.5800026,20018.13;284.0828
19978.28,0.5800022,20018.16;284.0541
19978.28,0.5800024,20018.19;283.9969
19978.28,0.5800022,20018.22;283.9396
19978.28,0.5800017,20018.25;283.9109
19978.28,0.5800013,20018.28;283.7963
19978.28,0.5800008,20018.31;283.739
19978.28,0.5800012,20018.34;283.6244
19978.28,0.5800016,20018.37;283.4525
19978.28,0.5800012,20018.4;283.4239
19978.28,0.5800015,20018.43;283.3952
19978.28,0.5800018,20018.46;283.3093
19978.28,0.5800023,20018.49;283.3093
19978.28,0.580003,20018.52;283.3093
19978.28,0.5800031,20018.55;283.2806
19978.28,0.5800029,20018.58;283.2806
19978.28,0.5800028,20018.61;283.2806
19978.28,0.5800028,20018.63;283.1374
19978.28,0.5800032,20018.66;282.9942
19978.28,0.5800033,20018.69;282.765
19978.28,0.5800033,20018.72;282.4212
19978.28,0.5800031,20018.74;281.9915
19978.28,0.5800034,20018.77;281.5618
19978.28,0.5800031,20018.79;281.2753
19978.28,0.5800035,20018.82;281.1034
19978.28,0.5800034,20018.84;280.8456
19978.28,0.580003,20018.87;280.5877
19978.28,0.5800033,20018.89;280.3586
19978.28,0.5800034,20018.91;279.9861
19978.28,0.5800037,20018.93;279.757
19978.28,0.5800031,20018.95;279.4991
19978.28,0.580003,20018.97;279.3559
19978.28,0.5800027,20019;279.3845
19978.28,0.5800028,20019.02;279.2126
19978.28,0.5800031,20019.04;279.184
19978.28,0.5800034,20019.06;279.1553
19978.28,0.5800039,20019.08;279.0407
19978.28,0.5800041,20019.1;279.0121
19978.28,0.5800042,20019.12;278.8688
19978.28,0.5800043,20019.13;278.8116
19978.28,0.5800038,20019.15;278.7256
19978.28,0.5800039,20019.17;278.6683
19978.28,0.580004,20019.19;278.5824
19978.28,0.5800037,20019.21;278.4678
19978.28,0.5800036,20019.23;278.4105
19978.28,0.5800033,20019.25;278.2672
19978.28,0.5800036,20019.27;278.124
19978.28,0.580003,20019.28;277.8948
19978.28,0.5800033,20019.3;277.8375
19978.28,0.5800035,20019.32;277.8375
19978.28,0.5800039,20019.34;277.8375
19978.28,0.5800045,20019.35;277.8375
19978.28,0.5800043,20019.37;277.8375
19978.28,0.5800045,20019.39;277.8375
19978.28,0.580004,20019.4;277.8375
19978.28,0.5800043,20019.42;277.8375
19978.28,0.5800043,20019.44;278.0667
19978.28,0.5800047,20019.46;280.5304
19978.28,0.5800048,20019.49;284.0827
19978.28,0.5800051,20019.53;287.721
19978.28,0.5800055,20019.58;291.3593
19978.27,0.5800053,20019.63;294.9976
19978.27,0.5800058,20019.69;298.6358
19978.27,0.5800059,20019.76;302.2741
19978.26,0.5800062,20019.84;305.9124
19978.26,0.5800059,20019.92;309.5507
19978.26,0.5800059,20020;313.1889
19978.25,0.5800061,20020.1;316.8272
19978.25,0.5800063,20020.19;320.4655
19978.25,0.5800062,20020.3;324.1038
19978.24,0.5800064,20020.4;327.7421
19978.24,0.5800061,20020.52;331.3803
19978.23,0.5800062,20020.63;335.0186
19978.23,0.5800062,20020.75;338.6569
19978.22,0.5800062,20020.87;342.2952
19978.22,0.5800062,20020.99;345.9334
19978.21,0.5800062,20021.07;349.5717
19978.21,0.5800062,20021.15;353.21
19978.21,0.5800062,20021.23;356.8483
19978.21,0.5800062,20021.32;0.4865459
19978.21,0.5800062,20021.4;4.124823
19978.22,0.5800062,20021.48;7.7631
19978.24,0.5800062,20021.57;11.40138
19978.26,0.5800062,20021.65;15.03965
19978.29,0.5800062,20021.72;18.67793
19978.32,0.5800062,20021.79;22.31621
19978.35,0.5800062,20021.86;25.95448
19978.37,0.5800062,20021.9;29.59276
19978.39,0.5800062,20021.93;33.23103
19978.4,0.5800062,20021.95;36.86931
19978.41,0.5800062,20021.96;40.50759
19978.42,0.5800062,20021.97;44.14586
19978.42,0.5800062,20021.97;47.78414
19978.42,0.5800062,20021.97;51.42241
19978.42,0.5800062,20021.97;52.42508
19978.42,0.5800062,20021.96;53.42776
19978.42,0.5800062,20021.96;52.82615
19978.41,0.5800062,20021.96;52.39642
19978.41,0.5800062,20021.96;52.05265
19978.4,0.5800062,20021.96;51.3078
19978.39,0.5800062,20021.95;49.81811
19978.38,0.5800062,20021.94;47.8987
19978.37,0.5800062,20021.92;45.95065
19978.35,0.5800062,20021.91;43.94529
19978.34,0.5800062,20021.9;41.93995
19978.34,0.5800062,20021.89;40.02054
19978.33,0.5800062,20021.88;38.41626
19978.33,0.5800062,20021.88;36.72603
19978.32,0.5800062,20021.87;34.92122
19978.32,0.5800062,20021.86;33.11641
19978.31,0.5800062,20021.85;30.96782
19978.3,0.5800062,20021.84;28.93381
19978.29,0.5800062,20021.82;26.95711
19978.29,0.5800062,20021.81;25.43878
19978.29,0.5800062,20021.8;24.29286
19978.28,0.5800062,20021.79;23.60531
19978.28,0.5800062,20021.79;23.08965
19978.28,0.5800062,20021.79;22.88912
19978.28,0.5800062,20021.79;22.94641
19978.28,0.5800062,20021.78;23.29019
19978.28,0.5800062,20021.78;23.63396
19978.28,0.5800062,20021.79;24.06368
19978.28,0.5800062,20021.79;24.26421
19978.28,0.5800062,20021.79;24.29286
19978.28,0.5800062,20021.79;24.09232
19978.28,0.5800062,20021.78;23.86314
19978.28,0.5800062,20021.78;23.77719
19978.28,0.5800062,20021.78;23.77719
19978.28,0.5800062,20021.78;23.69124
19978.28,0.5800062,20021.78;23.71989
19978.28,0.5800062,20021.78;23.83448
19978.28,0.5800062,20021.78;23.92043
19978.28,0.5800062,20021.78;24.00639
19978.28,0.5800062,20021.79;24.17827
19978.28,0.5800062,20021.79;24.40745
19978.28,0.5800062,20021.79;24.66529
19978.29,0.5800062,20021.8;24.89446
19978.29,0.5800062,20021.81;24.95176
19978.29,0.5800062,20021.81;24.95176
19978.3,0.5800062,20021.83;24.95176
19978.31,0.5800062,20021.86;24.9804
19978.33,0.5800062,20021.89;25.12365
19978.35,0.5800062,20021.93;25.18094
19978.37,0.5800062,20021.98;25.23823
19978.4,0.5800062,20022.04;25.29552
19978.44,0.5800062,20022.12;25.26687
19978.48,0.5800062,20022.21;25.09499
19978.53,0.5800062,20022.33;24.69392
19978.59,0.5800062,20022.45;24.09231
19978.64,0.5800062,20022.56;23.40477
19978.69,0.5800062,20022.68;22.8318
19978.73,0.5800062,20022.8;22.2875
19978.78,0.5800062,20022.91;21.514
19978.82,0.5800062,20023.03;20.65457
19978.87,0.5800062,20023.15;19.68055
19978.91,0.5800062,20023.27;18.64922
19978.95,0.5800062,20023.39;17.73249
19978.98,0.5800062,20023.52;16.98764
19979.02,0.5800062,20023.64;16.24279
19979.05,0.5800062,20023.76;15.5266
19979.09,0.5800062,20023.88;14.78175
19979.12,0.5800062,20024.01;13.95096
19979.14,0.5800062,20024.13;13.03422
19979.17,0.5800062,20024.25;12.11749
19979.2,0.5800062,20024.38;11.20075
19979.22,0.5800062,20024.5;10.25537
19979.24,0.5800062,20024.63;9.395938
19979.26,0.5800062,20024.75;8.622442
19979.28,0.5800062,20024.88;7.906249
19979.29,0.5800062,20025.01;7.1614
19979.31,0.5800062,20025.13;6.387905
19979.32,0.5800062,20025.26;5.614409
19979.33,0.5800062,20025.38;4.783622
19979.34,0.5800062,20025.51;3.952835
19979.35,0.5800062,20025.64;3.236642
19979.35,0.5800062,20025.77;2.549095
19979.36,0.5800062,20025.89;1.861549
19979.36,0.5800062,20026.02;1.145356
19979.36,0.5800062,20026.15;0.4578091
19979.36,0.5800062,20026.27;359.6843
19979.36,0.5800062,20026.4;358.9968
19979.35,0.5800062,20026.53;358.5098
19979.35,0.5800062,20026.65;357.7935
19979.34,0.5800062,20026.78;357.0774
19979.33,0.5800062,20026.91;356.4185
19979.32,0.5800062,20027.04;355.7596
19979.31,0.5800062,20027.16;354.9861
19979.3,0.5800062,20027.29;354.4991
19979.29,0.5800062,20027.41;353.8975
19979.29,0.5800062,20027.41;353.8975
19979.27,0.5800062,20027.54;353.2958
19979.26,0.5800062,20027.67;352.6942
19979.24,0.5800062,20027.79;352.7802
19979.23,0.5800062,20027.92;354.4417
19979.22,0.5800062,20028.04;355.7023
19979.21,0.5800062,20028.17;356.2466
19979.2,0.5800062,20028.3;356.9914
19979.2,0.5800062,20028.43;357.0201
19979.2,0.5800062,20028.43;357.0201
19979.19,0.5800062,20028.55;357.0487
19979.18,0.5800062,20028.68;357.0774
19979.18,0.5800062,20028.81;357.106
19979.17,0.5800062,20028.93;357.192
19979.17,0.5800062,20029.06;357.593
19979.16,0.5800062,20029.19;358.1946
19979.16,0.5800062,20029.31;359.0827
19979.16,0.5800062,20029.44;359.9708
19979.16,0.5800062,20029.57;0.9448112
19979.17,0.5800062,20029.7;2.06208
19979.17,0.5800062,20029.82;3.236641
19979.18,0.5800062,20029.95;4.325264
19979.19,0.5800062,20030.01;5.413887
19979.2,0.5800062,20030.06;6.559801
19979.2,0.5800062,20030.11;7.734362
19979.21,0.5800062,20030.16;8.822986
19979.22,0.5800062,20030.21;9.968901
19979.23,0.5800062,20030.26;10.82833
19979.24,0.5800062,20030.31;11.91696
19979.25,0.5800062,20030.36;13.03422
19979.26,0.5800062,20030.41;14.12285
19979.28,0.5800062,20030.46;15.26876
19979.29,0.5800062,20030.51;16.44332
19979.3,0.5800062,20030.55;17.56059
19979.32,0.5800062,20030.6;18.79246
19979.34,0.5800062,20030.65;20.08161
19979.36,0.5800062,20030.7;21.28482
19979.38,0.5800062,20030.74;22.43073
19979.39,0.5800062,20030.79;23.49072
19979.41,0.5800062,20030.81;24.66527
19979.41,0.5800062,20030.83;25.78255
19979.42,0.5800062,20030.84;27.04305
19979.42,0.5800062,20030.84;27.04305
19979.43,0.5800062,20030.86;28.36086
19979.44,0.5800062,20030.87;29.36353
19979.45,0.5800062,20030.88;30.79592
19979.45,0.5800062,20030.9;31.62671
19979.46,0.5800062,20030.91;31.7413
19979.47,0.5800062,20030.93;31.7413
19979.48,0.5800062,20030.94;31.51212
19979.49,0.5800062,20030.95;31.36888
19979.5,0.5800062,20030.97;31.13971
19979.5,0.5800062,20030.97;31.08242
19979.51,0.5800062,20030.99;31.02512
19979.52,0.5800062,20031.01;31.02512
19979.53,0.5800062,20031.03;31.05377
19979.54,0.5800062,20031.04;31.2543
19979.55,0.5800062,20031.06;31.28295
19979.56,0.5800062,20031.08;31.28295
19979.58,0.5800062,20031.1;31.25431
19979.59,0.5800062,20031.12;31.19701
19979.6,0.5800062,20031.14;31.11106
19979.61,0.5800062,20031.16;31.13971
19979.62,0.5800062,20031.18;31.197
19979.63,0.5800062,20031.2;31.28295
19979.65,0.5800062,20031.22;31.3689
19979.66,0.5800062,20031.24;31.3689
19979.67,0.5800062,20031.26;31.39755
19979.67,0.5800062,20031.26;31.97051
19979.67,0.5800062,20031.26;32.54347
19979.68,0.5800062,20031.26;32.8586
19979.68,0.5800062,20031.27;32.91589
19979.68,0.5800062,20031.27;32.91589
19979.68,0.5800062,20031.27;33.00184
19979.69,0.5800062,20031.28;33.48886
19979.71,0.5800062,20031.31;34.43424
19979.74,0.5800062,20031.35;35.52287
19979.77,0.5800062,20031.4;37.01255
19979.81,0.5800062,20031.45;39.13249
19979.85,0.5800062,20031.5;40.96595
19979.87,0.5800062,20031.51;44.37506
19979.89,0.5800062,20031.53;47.72686
19979.89,0.5800062,20031.53;47.72686
19979.91,0.5800062,20031.54;51.05001
19979.91,0.5800062,20031.54;54.43047
19979.91,0.5800062,20031.55;57.75362
19979.96,0.5800062,20031.57;61.13407
19980,0.5800062,20031.59;64.45722
19980.05,0.5800062,20031.62;67.78037
19980.11,0.5800062,20031.63;71.18947
19980.17,0.5800062,20031.65;74.77045
19980.22,0.5800062,20031.66;78.15091
19980.27,0.5800062,20031.67;81.50272
19980.31,0.5800062,20031.67;84.88317
19980.36,0.5800062,20031.67;88.17768
19980.41,0.5800062,20031.67;91.52949
19980.46,0.5800062,20031.67;95.16776
19980.48,0.5800062,20031.66;98.80604
19980.5,0.5800062,20031.66;102.3011
19980.52,0.5800062,20031.66;103.3038
19980.53,0.5800062,20031.65;102.96
19980.53,0.5800062,20031.65;102.2724
19980.54,0.5800062,20031.65;101.986
19980.55,0.5800062,20031.65;102.0146
19980.56,0.5800062,20031.65;102.2724
19980.57,0.5800062,20031.64;102.5303
19980.58,0.5800062,20031.64;102.6449
19980.58,0.5800062,20031.64;102.6449
19980.59,0.5800062,20031.64;102.6735
19980.59,0.5800062,20031.64;102.6735
19980.6,0.5800062,20031.64;102.6735
19980.61,0.5800062,20031.64;102.6735
19980.61,0.5800062,20031.63;102.6162
19980.61,0.5800062,20031.63;102.6162
19980.62,0.5800062,20031.63;102.1292
19980.62,0.5800062,20031.63;101.1552
19980.63,0.5800062,20031.63;99.60818
19980.62,0.5800062,20031.63;97.91795
19980.61,0.5800062,20031.63;96.5715
19980.6,0.5800062,20031.63;95.28235
19980.6,0.5800062,20031.63;93.84995
19980.6,0.5800062,20031.63;92.24567
19980.6,0.5800062,20031.63;90.84191
19980.6,0.5800062,20031.63;89.72465
19980.61,0.5800062,20031.63;88.80791
19980.61,0.5800062,20031.63;87.83389
19980.61,0.5800062,20031.63;86.83121
19980.61,0.5800062,20031.63;85.82854
19980.62,0.5800062,20031.63;84.85451
19980.62,0.5800062,20031.63;83.88049
19980.62,0.5800062,20031.63;82.9351
19980.62,0.5800062,20031.63;81.87511
19980.62,0.5800062,20031.64;80.64326
19980.63,0.5800062,20031.64;79.55464
19980.63,0.5800062,20031.64;79.75518
19980.64,0.5800062,20031.64;79.92706
19980.65,0.5800062,20031.64;80.01301
19980.65,0.5800062,20031.64;80.01301
19980.65,0.5800062,20031.64;80.15625
19980.66,0.5800062,20031.64;80.32814
19980.67,0.5800062,20031.64;80.52867
19980.67,0.5800062,20031.64;80.67191
19980.67,0.5800062,20031.64;80.67191
19980.68,0.5800062,20031.65;80.81516
19980.68,0.5800062,20031.65;81.07299
19980.68,0.5800062,20031.65;81.6746
19980.68,0.5800062,20031.65;82.79186
19980.72,0.5800062,20031.65;84.62532
19980.85,0.5800062,20031.66;86.63067
19980.97,0.5800062,20031.66;88.23495
19981.1,0.5800062,20031.66;89.09438
19981.23,0.5800062,20031.66;90.81326
19981.36,0.5800062,20031.66;92.04512
19981.48,0.5800062,20031.65;93.07645
19981.61,0.5800062,20031.64;94.90991
19981.74,0.5800062,20031.63;96.68608
19981.86,0.5800062,20031.61;98.3763
19981.99,0.5800062,20031.58;100.0665
19982.11,0.5800062,20031.56;101.7281
19982.23,0.5800062,20031.53;103.3897
19982.36,0.5800062,20031.5;105.1085
19982.48,0.5800062,20031.46;106.942
19982.6,0.5800062,20031.42;108.7754
19982.72,0.5800062,20031.37;110.4943
19982.84,0.5800062,20031.33;112.2132
19982.95,0.5800062,20031.28;113.7602
19983.07,0.5800062,20031.22;115.4218
19983.18,0.5800062,20031.16;117.0834
19983.29,0.5800062,20031.1;118.8022
19983.4,0.5800062,20031.04;120.607
19983.51,0.5800062,20030.97;122.4405
19983.61,0.5800062,20030.9;124.1021
19983.71,0.5800062,20030.82;125.7923
19983.82,0.5800062,20030.75;127.2533
19983.92,0.5800062,20030.67;128.9436
19984.01,0.5800062,20030.58;130.6911
19984.11,0.5800062,20030.5;132.4386
19984.2,0.5800062,20030.41;134.3294
19984.28,0.5800062,20030.32;136.2202
19984.37,0.5800062,20030.22;138.025
19984.45,0.5800062,20030.13;139.8011
19984.53,0.5800062,20030.03;141.7492
19984.61,0.5800062,20029.92;143.6686
19984.68,0.5800062,20029.82;145.6453
19984.74,0.5800062,20029.71;147.622
19984.81,0.5800062,20029.6;149.6274
19984.87,0.5800062,20029.49;151.4895
19984.93,0.5800062,20029.38;153.0938
19984.98,0.5800062,20029.26;154.784
19985.03,0.5800062,20029.15;156.6461
19985.08,0.5800062,20029.03;158.5655
19985.12,0.5800062,20028.91;162.0892
19985.15,0.5800062,20028.78;164.381
19985.18,0.5800062,20028.66;165.8134
19985.21,0.5800062,20028.54;166.6155
19985.24,0.5800062,20028.41;167.389
19985.27,0.5800062,20028.29;167.8188
19985.28,0.5800062,20028.24;168.1052
19985.28,0.5800062,20028.25;168.1625
19985.27,0.5800062,20028.25;168.1912
19985.27,0.5800062,20028.27;167.9047
19985.27,0.5800062,20028.28;167.6182
19985.27,0.5800062,20028.29;167.3031
19985.27,0.5800062,20028.29;167.1885
19985.26,0.5800062,20028.29;167.1598
19985.27,0.5800062,20028.29;167.389
19985.27,0.5800062,20028.28;167.6755
19985.27,0.5800062,20028.27;167.876
19985.27,0.5800062,20028.26;168.0766
19985.27,0.5800062,20028.26;168.3344
19985.27,0.5800062,20028.25;168.7355
19985.27,0.5800062,20028.25;169.1365
19985.27,0.5800062,20028.25;169.5376
19985.27,0.5800062,20028.25;169.91
19985.28,0.5800062,20028.24;170.5689
19985.28,0.5800062,20028.24;171.4857
19985.28,0.5800062,20028.23;172.5743
19985.28,0.5800062,20028.22;173.6056
19985.28,0.5800062,20028.22;174.3791
19985.28,0.5800062,20028.21;175.2385
19985.28,0.5800062,20028.2;176.098
19985.28,0.5800062,20028.16;177.3871
19985.28,0.5800062,20028.09;179.3638
19985.28,0.5800062,20027.99;181.8275
19985.27,0.5800062,20027.86;184.1194
19985.26,0.5800062,20027.74;186.2107
19985.24,0.5800062,20027.61;188.1873
19985.21,0.5800062,20027.49;189.9349
19985.19,0.5800062,20027.36;191.6824
19985.16,0.5800062,20027.24;193.1148
19985.13,0.5800062,20027.12;193.9742
19985.1,0.5800062,20026.99;195.4066
19985.06,0.5800062,20026.87;196.8677
19985.02,0.5800062,20026.75;198.1855
19984.98,0.5800062,20026.63;199.3314
19984.94,0.5800062,20026.51;200.1335
19984.89,0.5800062,20026.39;200.9357
19984.84,0.5800062,20026.27;201.7378
19984.79,0.5800062,20026.16;202.54
19984.79,0.5800062,20026.16;202.54
19984.74,0.5800062,20026.04;203.3421
19984.69,0.5800062,20025.92;204.1442
19984.64,0.5800062,20025.81;204.9464
19984.58,0.5800062,20025.7;205.7485
19984.53,0.5800062,20025.58;206.5507
19984.47,0.5800062,20025.47;207.3528
19984.47,0.5800062,20025.47;207.3528
19984.41,0.5800062,20025.36;208.155
19984.35,0.5800062,20025.25;208.9571
19984.28,0.5800062,20025.13;209.7592
19984.26,0.5800062,20025.09;210.5614
19984.26,0.5800062,20025.09;211.3635
19984.25,0.5800062,20025.09;212.1657
19984.26,0.5800062,20025.09;212.9678
19984.26,0.5800062,20025.09;212.9678
19984.26,0.5800062,20025.1;213.77
19984.27,0.5800062,20025.11;214.5721
19984.27,0.5800062,20025.11;215.3742
19984.27,0.5800062,20025.1;216.1764
19984.27,0.5800062,20025.11;216.9785
19984.28,0.5800062,20025.13;217.7807
19984.28,0.5800062,20025.13;217.7807
19984.28,0.5800062,20025.13;218.5828
19984.28,0.5800062,20025.13;219.3849
19984.28,0.5800062,20025.12;220.1871
19984.28,0.5800062,20025.12;220.9606
19984.28,0.5800062,20025.12;221.9633
19984.28,0.5800062,20025.12;222.6795
19984.28,0.5800062,20025.12;223.3956
19984.27,0.5800062,20025.11;224.0259
19984.27,0.5800062,20025.11;224.6562
19984.26,0.5800062,20025.1;225.6875
19984.25,0.5800062,20025.09;226.7188
19984.25,0.5800062,20025.09;227.7788
19984.26,0.5800062,20025.1;228.7814
19984.27,0.5800062,20025.11;229.9846
19984.27,0.5800062,20025.11;230.6722
19984.27,0.5800062,20025.11;231.6462
19984.29,0.5800062,20025.12;232.5916
19984.29,0.5800062,20025.13;233.6516
19984.31,0.5800062,20025.14;234.6543
19984.34,0.5800062,20025.16;235.6856
19984.34,0.5800062,20025.16;236.8888
19984.34,0.5800062,20025.16;238.092
19984.33,0.5800062,20025.15;239.4384
19984.33,0.5800062,20025.15;240.7563
19984.33,0.5800062,20025.15;241.7589
19984.33,0.5800062,20025.16;242.9335
19984.34,0.5800062,20025.16;243.7929
19984.35,0.5800062,20025.16;244.8815
19984.35,0.5800062,20025.16;246.0274
19984.36,0.5800062,20025.17;246.7723
19984.36,0.5800062,20025.17;247.202
19984.36,0.5800062,20025.17;247.202
19984.36,0.5800062,20025.17;247.6317
19984.35,0.5800062,20025.16;247.8323
19984.34,0.5800062,20025.16;248.0328
19984.36,0.5800062,20025.17;248.2333
19984.36,0.5800062,20025.17;248.4339
19984.37,0.5800062,20025.17;248.6344
19984.38,0.5800062,20025.17;248.8349
19984.38,0.5800062,20025.18;249.0355
19984.38,0.5800062,20025.18;249.236
19984.38,0.5800062,20025.18;249.4365
19984.38,0.5800062,20025.17;249.6371
19984.37,0.5800062,20025.17;249.8376
19984.37,0.5800062,20025.17;250.0381
19984.37,0.5800062,20025.17;250.2386
19984.37,0.5800062,20025.17;250.4392
19984.37,0.5800062,20025.17;250.4392
19984.39,0.5800062,20025.18;250.6397
19984.4,0.5800062,20025.18;250.8402
19984.4,0.5800062,20025.18;250.9548
19984.41,0.5800062,20025.18;251.0694
19984.41,0.5800062,20025.18;251.0694
19984.42,0.5800062,20025.19;251.184
19984.4,0.5800062,20025.18;251.27
19984.42,0.5800062,20025.19;251.4419
19984.42,0.5800062,20025.19;252.1581
19984.43,0.5800062,20025.19;253.0748
19984.44,0.5800062,20025.19;254.1634
19984.44,0.5800062,20025.2;255.1661
19984.45,0.5800062,20025.2;255.3666
19984.45,0.5800062,20025.2;255.3666
19984.46,0.5800062,20025.2;256.1401
19984.46,0.5800062,20025.2;256.8563
19984.46,0.5800062,20025.2;257.2001
19984.47,0.5800062,20025.2;257.7158
19984.49,0.5800062,20025.21;258.4606
19984.49,0.5800062,20025.21;259.2054
19984.49,0.5800062,20025.21;260.0363
19984.49,0.5800062,20025.21;261.1822
19984.49,0.5800062,20025.21;262.1276
19984.49,0.5800062,20025.21;262.414
19984.51,0.5800062,20025.21;263.5313
19984.52,0.5800062,20025.21;264.6199
19984.52,0.5800062,20025.21;265.6512
19984.53,0.5800062,20025.21;266.6826
19984.54,0.5800062,20025.21;267.6852
19984.56,0.5800062,20025.21;268.6879
19984.55,0.5800062,20025.21;269.9771
19984.55,0.5800062,20025.21;271.2375
19984.55,0.5800062,20025.21;272.4981
19984.55,0.5800062,20025.21;273.6726
19984.55,0.5800062,20025.21;274.9045
19984.55,0.5800062,20025.21;275.8785
19984.57,0.5800062,20025.21;276.9385
19984.57,0.5800062,20025.21;278.0558
19984.57,0.5800062,20025.21;279.2303
19984.58,0.5800062,20025.21;280.3763
19984.62,0.5800062,20025.2;281.0924
19984.65,0.5800062,20025.19;281.78
19984.66,0.5800062,20025.19;282.2383
19984.67,0.5800062,20025.19;282.6967
19984.67,0.5800062,20025.19;283.1551
19984.67,0.5800062,20025.19;283.6134
19984.67,0.5800062,20025.19;284.0718
19984.67,0.5800062,20025.19;284.5302
19984.67,0.5800062,20025.19;284.9886
19984.67,0.5800062,20025.19;285.0458
19984.67,0.5800062,20025.19;285.1031
19984.67,0.5800062,20025.19;285.1604
19984.67,0.5800062,20025.19;285.2177
19984.69,0.5800062,20025.18;285.275
19984.69,0.5800062,20025.18;285.3323
19984.7,0.5800062,20025.18;285.3896
19984.7,0.5800062,20025.18;285.4468
19984.7,0.5800062,20025.18;285.5042
19984.71,0.5800062,20025.18;285.9052
19984.69,0.5800062,20025.18;286.8219
19984.69,0.5800062,20025.18;286.8506
19984.69,0.5800062,20025.18;286.9652
19984.7,0.5800062,20025.18;287.0798
19984.71,0.5800062,20025.18;287.2517
19984.71,0.5800062,20025.18;287.5954
19984.71,0.5800062,20025.18;288.1971
19984.75,0.5800062,20025.16;289.0851
19984.77,0.5800062,20025.15;290.0305
19984.79,0.5800062,20025.15;291.0905
19984.79,0.5800062,20025.15;291.0905
19984.82,0.5800062,20025.14;292.0359
19984.84,0.5800062,20025.13;292.8953
19984.86,0.5800062,20025.12;293.5256
19984.87,0.5800062,20025.12;294.3277
19984.86,0.5800062,20025.12;294.9007
19984.87,0.5800062,20025.12;295.6169
19984.86,0.5800062,20025.12;296.0466
19984.86,0.5800062,20025.12;296.0466
19984.86,0.5800062,20025.12;297.0779
19984.86,0.5800062,20025.12;298.1092
19984.86,0.5800062,20025.12;298.9973
19984.86,0.5800062,20025.12;299.9713
19984.87,0.5800062,20025.12;301.1172
19984.86,0.5800062,20025.12;302.2632
19984.87,0.5800062,20025.11;303.2658
19984.88,0.5800062,20025.11;304.3545
19984.88,0.5800062,20025.11;305.4431
19984.87,0.5800062,20025.11;306.6749
19984.89,0.5800062,20025.1;307.8495
19984.89,0.5800062,20025.1;309.024
19984.91,0.5800062,20025.08;310.2846
19984.92,0.5800062,20025.07;311.5164
19984.92,0.5800062,20025.07;312.6337
19984.93,0.5800062,20025.06;313.5218
19984.96,0.5800062,20025.04;314.6391
19984.97,0.5800062,20025.03;315.7563
19984.98,0.5800062,20025.01;316.9023
19984.99,0.5800062,20025;318.0482
19984.99,0.5800062,20025;319.1941
19984.99,0.5800062,20025;320.3686
19985,0.5800062,20024.99;321.4859
19985,0.5800062,20024.99;321.9156
19985,0.5800062,20024.99;322.3453
19985,0.5800062,20024.99;322.3453
19985.01,0.5800062,20024.98;322.7751
19985,0.5800062,20024.98;323.2048
19985,0.5800062,20024.99;323.6345
19985,0.5800062,20024.99;324.0642
19985,0.5800062,20024.99;324.0642
19985,0.5800062,20024.99;324.494
19985,0.5800062,20024.98;324.9237
19985,0.5800062,20024.99;325.3534
19985.01,0.5800062,20024.98;325.7831
19985,0.5800062,20024.99;326.2128
19985,0.5800062,20024.99;326.6426
19984.99,0.5800062,20025;327.0723
19985,0.5800062,20024.99;327.502
19984.99,0.5800062,20025;327.9317
19985,0.5800062,20024.99;328.3615
19985,0.5800062,20024.99;328.7912
19985,0.5800062,20024.99;328.7912
19985,0.5800062,20024.99;329.2209
19985,0.5800062,20024.99;329.6506
19984.99,0.5800062,20025;330.0804
19985,0.5800062,20024.98;330.5101
19985.02,0.5800062,20024.95;331.1403
19985.04,0.5800062,20024.9;332.2003
19985.06,0.5800062,20024.88;332.9165
19985.07,0.5800062,20024.86;333.8332
19985.08,0.5800062,20024.84;334.9505
19985.08,0.5800062,20024.84;334.9505
19985.09,0.5800062,20024.81;335.724
19985.1,0.5800062,20024.79;336.5261
19985.11,0.5800062,20024.77;337.2996
19985.11,0.5800062,20024.77;337.9585
19985.11,0.5800062,20024.77;338.7034
19985.11,0.5800062,20024.77;339.5055
19985.1,0.5800062,20024.78;340.3076
19985.11,0.5800062,20024.78;341.2244
19985.11,0.5800062,20024.77;342.1411
19985.11,0.5800062,20024.77;343.1438
19985.12,0.5800062,20024.73;344.1751
19985.12,0.5800062,20024.73;345.2351
19985.12,0.5800062,20024.72;346.381
19985.12,0.5800062,20024.71;347.3837
19985.12,0.5800062,20024.71;348.3864
19985.12,0.5800062,20024.71;349.4464
19985.12,0.5800062,20024.71;350.6209
19985.12,0.5800062,20024.71;351.7955
19985.12,0.5800062,20024.7;352.9414
19985.13,0.5800062,20024.7;354.2019
19985.13,0.5800062,20024.7;355.5197
19985.13,0.5800062,20024.68;356.8088
19985.13,0.5800062,20024.67;357.8688
19985.13,0.5800062,20024.68;358.9574
19985.13,0.5800062,20024.68;359.9601
19985.13,0.5800062,20024.68;1.077381
19985.13,0.5800062,20024.68;2.251942
19985.13,0.5800062,20024.68;3.397857
19985.13,0.5800062,20024.69;4.515126
19985.13,0.5800062,20024.69;4.515126
19985.13,0.5800062,20024.68;5.603748
19985.13,0.5800062,20024.68;6.749663
19985.13,0.5800062,20024.68;7.695046
19985.12,0.5800062,20024.64;8.439895
19985.12,0.5800062,20024.61;8.439895
19985.12,0.5800062,20024.61;8.468542
19985.12,0.5800062,20024.61;8.468542
19985.11,0.5800062,20024.6;8.497189
19985.11,0.5800062,20024.61;8.840962
19985.11,0.5800062,20024.6;9.557156
19985.11,0.5800062,20024.59;9.729043
19985.11,0.5800062,20024.59;9.729043
19985.11,0.5800062,20024.6;9.900929
19985.11,0.5800062,20024.6;10.33065
19985.12,0.5800062,20024.61;11.44792
19985.11,0.5800062,20024.6;11.44792
19985.11,0.5800062,20024.6;11.44792
19985.11,0.5800062,20024.6;11.90629
19985.11,0.5800062,20024.6;12.07818
19985.12,0.5800062,20024.62;12.76572
19985.11,0.5800062,20024.61;13.73975
19985.12,0.5800062,20024.61;14.71378
19985.12,0.5800062,20024.61;15.42997
19985.11,0.5800062,20024.6;15.7451
19985.11,0.5800062,20024.59;16.06022
19985.11,0.5800062,20024.59;16.51859
19985.11,0.5800062,20024.59;17.23479
19985.11,0.5800062,20024.58;17.75045
19985.1,0.5800062,20024.57;18.43799
19985.1,0.5800062,20024.57;19.24014
19985.1,0.5800062,20024.57;20.18552
19985.1,0.5800062,20024.57;21.1309
19985.1,0.5800062,20024.57;22.10493
19985.1,0.5800062,20024.57;23.05031
19985.1,0.5800062,20024.57;23.85245
19985.1,0.5800062,20024.57;24.42541
19985.1,0.5800062,20024.57;25.11296
19985.1,0.5800062,20024.57;25.82915
19985.11,0.5800062,20024.57;26.54534
19985.11,0.5800062,20024.58;27.40478
19985.11,0.5800062,20024.57;28.14963
19985.11,0.5800062,20024.58;28.83717
19985.11,0.5800062,20024.57;29.78255
19985.1,0.5800062,20024.57;30.78523
19985.1,0.5800062,20024.56;31.7879
19985.09,0.5800062,20024.55;32.36087
19985.09,0.5800062,20024.56;33.163
19985.09,0.5800062,20024.55;34.28027
19985.09,0.5800062,20024.56;35.08241
19985.1,0.5800062,20024.56;36.14239
19985.1,0.5800062,20024.56;36.94453
19985.1,0.5800062,20024.56;38.0618
19985.1,0.5800062,20024.56;39.17907
19985.09,0.5800062,20024.55;40.29634
19985.09,0.5800062,20024.55;41.12712
19985.09,0.5800062,20024.55;41.95791
19985.09,0.5800062,20024.55;43.10382
19985.07,0.5800062,20024.54;44.16381
19985.07,0.5800062,20024.53;45.25243
19985.05,0.5800062,20024.51;46.28374
19985.03,0.5800062,20024.49;47.28642
19985.02,0.5800062,20024.49;48.28909
19985.02,0.5800062,20024.48;49.46365
19985.02,0.5800062,20024.48;50.63821
19985.02,0.5800062,20024.49;51.75548
19985.02,0.5800062,20024.49;52.93004
19985.01,0.5800062,20024.48;54.1619
19984.96,0.5800062,20024.45;55.27918
19984.94,0.5800062,20024.43;56.31049
19984.92,0.5800062,20024.41;57.34182
19984.92,0.5800062,20024.41;58.37314
19984.91,0.5800062,20024.41;59.34716
19984.91,0.5800062,20024.41;60.37849
19984.91,0.5800062,20024.41;61.35252
19984.91,0.5800062,20024.41;62.4125
19984.9,0.5800062,20024.41;63.47248
19984.9,0.5800062,20024.4;64.53246
19984.89,0.5800062,20024.4;65.36324
19984.89,0.5800062,20024.4;66.36591
19984.87,0.5800062,20024.39;67.28265
19984.85,0.5800062,20024.38;68.34262
19984.84,0.5800062,20024.38;69.4026
19984.85,0.5800062,20024.38;70.34799
19984.85,0.5800062,20024.39;71.09284
19984.84,0.5800062,20024.38;71.98093
19984.84,0.5800062,20024.38;72.869
19984.84,0.5800062,20024.38;73.84303
19984.84,0.5800062,20024.38;74.87436
19984.84,0.5800062,20024.38;75.5619
19984.85,0.5800062,20024.38;76.59322
19984.83,0.5800062,20024.38;77.48129
19984.83,0.5800062,20024.38;78.36938
19984.83,0.5800062,20024.38;78.42668
19984.84,0.5800062,20024.38;78.48397
19984.85,0.5800062,20024.38;78.91369
19984.84,0.5800062,20024.38;79.65854
19984.84,0.5800062,20024.38;80.51797
19984.83,0.5800062,20024.38;81.09093
19984.82,0.5800062,20024.38;81.92171
19984.8,0.5800062,20024.38;82.78115
19984.8,0.5800062,20024.38;82.78115
19984.79,0.5800062,20024.38;83.49734
19984.78,0.5800062,20024.38;84.44273
19984.77,0.5800062,20024.37;85.04433
19984.77,0.5800062,20024.37;85.67458
19984.77,0.5800062,20024.37;86.53402
19984.77,0.5800062,20024.37;86.61996
19984.77,0.5800062,20024.37;87.10698
19984.76,0.5800062,20024.37;88.02372
19984.75,0.5800062,20024.37;88.9691
19984.74,0.5800062,20024.37;89.94313
19984.74,0.5800062,20024.37;90.91716
19984.74,0.5800062,20024.37;91.89119
19984.73,0.5800062,20024.37;92.49281
19984.74,0.5800062,20024.37;93.40954
19984.74,0.5800062,20024.37;94.41221
19984.73,0.5800062,20024.37;95.41488
19984.71,0.5800062,20024.38;96.41756
19984.7,0.5800062,20024.38;97.42023
19984.7,0.5800062,20024.38;98.50885
19984.7,0.5800062,20024.38;99.71205
19984.7,0.5800062,20024.38;100.9153
19984.7,0.5800062,20024.38;102.0898
19984.69,0.5800062,20024.38;103.379
19984.7,0.5800062,20024.38;104.5249
19984.69,0.5800062,20024.38;105.6708
19984.68,0.5800062,20024.38;106.7021
19984.68,0.5800062,20024.38;107.7907
19984.64,0.5800062,20024.39;108.8794
19984.64,0.5800062,20024.4;109.882
19984.63,0.5800062,20024.4;110.9133
19984.63,0.5800062,20024.4;112.0879
19984.63,0.5800062,20024.4;113.2625
19984.63,0.5800062,20024.4;114.3511
19984.63,0.5800062,20024.4;115.497
19984.62,0.5800062,20024.4;116.557
19984.63,0.5800062,20024.4;117.617
19984.62,0.5800062,20024.4;118.7342
19984.62,0.5800062,20024.4;119.8228
19984.61,0.5800062,20024.41;120.7682
19984.61,0.5800062,20024.41;121.685
19984.61,0.5800062,20024.41;122.7449
19984.62,0.5800062,20024.41;123.7763
19984.62,0.5800062,20024.41;124.8935
19984.62,0.5800062,20024.41;124.8935
19984.61,0.5800062,20024.41;125.9535
19984.6,0.5800062,20024.42;127.0421
19984.6,0.5800062,20024.42;128.1021
19984.6,0.5800062,20024.42;129.248
19984.6,0.5800062,20024.42;130.2507
19984.59,0.5800062,20024.43;131.2247
19984.59,0.5800062,20024.43;132.0841
19984.56,0.5800062,20024.46;133.0582
19984.53,0.5800062,20024.48;134.0895
19984.53,0.5800062,20024.48;135.1495
19984.53,0.5800062,20024.48;136.2667
19984.53,0.5800062,20024.48;136.9829
19984.53,0.5800062,20024.48;137.9283
19984.53,0.5800062,20024.49;138.2721
19984.52,0.5800062,20024.5;138.6158
19984.52,0.5800062,20024.5;138.7018
19984.52,0.5800062,20024.5;139.0169
19984.51,0.5800062,20024.5;139.3321
19984.51,0.5800062,20024.51;140.0196
19984.5,0.5800062,20024.53;140.7358
19984.48,0.5800062,20024.54;141.6525
19984.48,0.5800062,20024.54;142.4833
19984.48,0.5800062,20024.55;143.1709
19984.47,0.5800062,20024.55;143.8011
19984.47,0.5800062,20024.56;144.6892
19984.47,0.5800062,20024.56;145.3767
19984.47,0.5800062,20024.56;145.3767
19984.47,0.5800062,20024.56;145.8065
19984.47,0.5800062,20024.56;146.3508
19984.46,0.5800062,20024.57;146.6945
19984.46,0.5800062,20024.57;147.468
19984.46,0.5800062,20024.57;148.3275
19984.46,0.5800062,20024.57;149.2729
19984.46,0.5800062,20024.57;150.2182
19984.47,0.5800062,20024.56;151.1636
19984.47,0.5800062,20024.56;152.0804
19984.47,0.5800062,20024.56;152.1949
19984.46,0.5800062,20024.58;152.8825
19984.46,0.5800062,20024.58;153.9425
19984.46,0.5800062,20024.58;154.8879
19984.46,0.5800062,20024.57;155.7186
19984.46,0.5800062,20024.57;156.5494
19984.46,0.5800062,20024.57;157.2943
19984.46,0.5800062,20024.57;158.3543
19984.46,0.5800062,20024.58;159.3283
19984.46,0.5800062,20024.59;160.331
19984.46,0.5800062,20024.57;161.5628
19984.46,0.5800062,20024.57;162.7374
19984.46,0.5800062,20024.58;163.9119
19984.46,0.5800062,20024.58;165.0865
19984.46,0.5800062,20024.59;166.0605
19984.46,0.5800062,20024.57;167.1492
19984.46,0.5800062,20024.55;168.0945
19984.47,0.5800062,20024.54;169.1832
19984.47,0.5800062,20024.54;170.3004
19984.47,0.5800062,20024.54;171.4464
19984.47,0.5800062,20024.55;172.6209
19984.47,0.5800062,20024.54;173.7668
19984.47,0.5800062,20024.54;174.9414
19984.47,0.5800062,20024.54;174.9414
19984.47,0.5800062,20024.54;176.0873
19984.47,0.5800062,20024.54;177.2619
19984.47,0.5800062,20024.56;178.3791
19984.47,0.5800062,20024.56;179.4677
19984.47,0.5800062,20024.57;180.4704
19984.47,0.5800062,20024.57;181.5017
19984.46,0.5800062,20024.54;182.4758
19984.46,0.5800062,20024.54;183.4212
19984.46,0.5800062,20024.54;184.4811
19984.47,0.5800062,20024.55;185.5697
19984.47,0.5800062,20024.58;186.687
19984.47,0.5800062,20024.58;187.8043
19984.47,0.5800062,20024.57;188.9216
19984.47,0.5800062,20024.57;189.8383
19984.46,0.5800062,20024.54;190.755
19984.46,0.5800062,20024.5;191.3566
19984.46,0.5800062,20024.5;192.2161
19984.45,0.5800062,20024.5;193.1041
19984.47,0.5800062,20024.55;193.9349
19984.46,0.5800062,20024.51;194.8517
19984.46,0.5800062,20024.5;195.8544
19984.46,0.5800062,20024.51;196.8857
19984.46,0.5800062,20024.52;197.8597
19984.46,0.5800062,20024.53;198.6618
19984.47,0.5800062,20024.54;199.3207
19984.47,0.5800062,20024.55;199.5213
19984.47,0.5800062,20024.55;199.5213
19984.47,0.5800062,20024.56;199.7218
19984.47,0.5800062,20024.55;199.9223
19984.48,0.5800062,20024.58;200.1229
19984.48,0.5800062,20024.58;201.0396
19984.48,0.5800062,20024.58;201.5839
19984.48,0.5800062,20024.58;202.1282
19984.49,0.5800062,20024.6;203.0163
19984.49,0.5800062,20024.59;203.8757
19984.49,0.5800062,20024.59;204.0476
19984.49,0.5800062,20024.59;204.5919
19984.49,0.5800062,20024.6;205.48
19984.49,0.5800062,20024.6;206.2249
19984.49,0.5800062,20024.6;206.2249
19984.49,0.5800062,20024.6;206.54
19984.49,0.5800062,20024.6;207.3994
19984.49,0.5800062,20024.61;207.9724
19984.5,0.5800062,20024.62;208.4021
19984.5,0.5800062,20024.62;208.8318
19984.51,0.5800062,20024.63;209.4907
19984.51,0.5800062,20024.63;210.3215
19984.52,0.5800062,20024.65;211.1523
19984.52,0.5800062,20024.65;212.069
19984.54,0.5800062,20024.69;213.0144
19984.56,0.5800062,20024.71;213.9025
19984.57,0.5800062,20024.73;214.8765
19984.57,0.5800062,20024.73;215.7933
19984.57,0.5800062,20024.73;216.5095
19984.57,0.5800062,20024.73;217.2257
19984.57,0.5800062,20024.73;218.171
19984.56,0.5800062,20024.72;219.2024
19984.57,0.5800062,20024.72;220.1764
19984.56,0.5800062,20024.72;221.1504
19984.56,0.5800062,20024.71;222.2104
19984.56,0.5800062,20024.72;223.3563
19984.56,0.5800062,20024.72;224.4736
19984.59,0.5800062,20024.75;225.5049
19984.6,0.5800062,20024.76;226.7654
19984.6,0.5800062,20024.75;227.9113
19984.59,0.5800062,20024.75;229.0286
19984.6,0.5800062,20024.75;230.0599
19984.59,0.5800062,20024.75;231.1772
19984.6,0.5800062,20024.76;232.2372
19984.63,0.5800062,20024.77;233.2685
19984.63,0.5800062,20024.78;234.4717
19984.63,0.5800062,20024.78;235.6749
19984.63,0.5800062,20024.78;236.8495
19984.63,0.5800062,20024.77;237.8808
19984.63,0.5800062,20024.77;238.998
19984.63,0.5800062,20024.78;240.1726
19984.65,0.5800062,20024.79;241.2612
19984.68,0.5800062,20024.8;242.2925
19984.68,0.5800062,20024.8;243.2952
19984.72,0.5800062,20024.82;244.1833
19984.77,0.5800062,20024.84;245.0714
19984.81,0.5800062,20024.87;245.186
19984.81,0.5800062,20024.87;245.3006
19984.81,0.5800062,20024.86;246.3319
19984.8,0.5800062,20024.86;247.4205
19984.81,0.5800062,20024.87;248.4805
19984.82,0.5800062,20024.87;249.5118
19984.84,0.5800062,20024.88;250.6004
19984.84,0.5800062,20024.88;251.7464
19984.85,0.5800062,20024.88;252.835
19984.85,0.5800062,20024.88;253.9236
19984.85,0.5800062,20024.88;255.0122
19984.85,0.5800062,20024.88;255.0122
19984.86,0.5800062,20024.88;256.0435
19984.86,0.5800062,20024.88;257.0749
19984.86,0.5800062,20024.88;257.9916
19984.86,0.5800062,20024.88;258.7365
19984.88,0.5800062,20024.88;259.0802
19984.88,0.5800062,20024.88;259.9969
19984.88,0.5800062,20024.88;261.0569
19984.88,0.5800062,20024.88;261.9164
19984.88,0.5800062,20024.88;262.3747
19984.89,0.5800062,20024.88;262.8331
19984.89,0.5800062,20024.88;263.2914
19984.9,0.5800062,20024.89;264.1223
19984.9,0.5800062,20024.89;265.1249
19984.91,0.5800062,20024.89;265.4114
19984.92,0.5800062,20024.89;265.8698
19984.91,0.5800062,20024.89;266.5859
19984.91,0.5800062,20024.89;267.2162
19984.91,0.5800062,20024.89;267.7319
19984.91,0.5800062,20024.89;268.5627
19984.91,0.5800062,20024.89;269.4507
19984.91,0.5800062,20024.89;270.2529
19984.91,0.5800062,20024.89;270.2529
19984.91,0.5800062,20024.89;270.9404
19984.92,0.5800062,20024.89;271.7999
19984.91,0.5800062,20024.89;272.4588
19984.93,0.5800062,20024.89;273.3182
19984.94,0.5800062,20024.88;274.0344
19984.96,0.5800062,20024.88;274.8938
19984.96,0.5800062,20024.88;275.7533
19984.97,0.5800062,20024.88;276.1543
19984.96,0.5800062,20024.88;276.8132
19984.95,0.5800062,20024.88;277.4435
19984.95,0.5800062,20024.88;278.3029
19984.96,0.5800062,20024.88;279.4202
19984.98,0.5800062,20024.88;280.3942
19984.99,0.5800062,20024.88;281.3109
19985.03,0.5800062,20024.87;282.1131
19985.04,0.5800062,20024.87;282.9725
19985.04,0.5800062,20024.87;283.8893
19985.05,0.5800062,20024.86;284.9779
19985.05,0.5800062,20024.86;285.6941
19985.05,0.5800062,20024.86;286.754
19985.06,0.5800062,20024.86;287.814
19985.06,0.5800062,20024.86;288.788
19985.05,0.5800062,20024.87;289.7621
19985.05,0.5800062,20024.86;290.822
19985.05,0.5800062,20024.87;292.0539
19985.05,0.5800062,20024.86;293.1998
19985.07,0.5800062,20024.86;294.2885
19985.07,0.5800062,20024.86;295.4344
19985.07,0.5800062,20024.86;296.5516
19985.07,0.5800062,20024.86;297.8121
19985.08,0.5800062,20024.85;298.8721
19985.09,0.5800062,20024.84;299.9321
19985.08,0.5800062,20024.85;301.1353
19985.08,0.5800062,20024.85;302.1953
19985.08,0.5800062,20024.85;303.2839
19985.09,0.5800062,20024.85;304.3439
19985.1,0.5800062,20024.84;305.4898
19985.09,0.5800062,20024.85;306.6357
19985.1,0.5800062,20024.84;307.8962
19985.1,0.5800062,20024.83;309.0708
19985.11,0.5800062,20024.83;310.188
19985.11,0.5800062,20024.83;311.3626
19985.1,0.5800062,20024.83;312.3939
19985.11,0.5800062,20024.83;313.6258
19985.11,0.5800062,20024.83;314.6858
19985.11,0.5800062,20024.82;315.7457
19985.12,0.5800062,20024.82;316.7484
19985.12,0.5800062,20024.81;317.9516
19985.13,0.5800062,20024.81;318.9543
19985.12,0.5800062,20024.81;320.0429
19985.13,0.5800062,20024.81;321.1315
19985.13,0.5800062,20024.81;322.1342
19985.13,0.5800062,20024.8;323.2515
19985.13,0.5800062,20024.8;324.3401
19985.14,0.5800062,20024.79;325.4287
19985.14,0.5800062,20024.79;325.4287
19985.14,0.5800062,20024.79;326.4887
19985.14,0.5800062,20024.79;327.4914
19985.14,0.5800062,20024.79;328.5227
19985.13,0.5800062,20024.81;329.5827
19985.12,0.5800062,20024.82;330.5854
19985.12,0.5800062,20024.82;331.588
19985.12,0.5800062,20024.82;332.4761
19985.12,0.5800062,20024.82;333.3642
19985.12,0.5800062,20024.82;334.1663
19985.12,0.5800062,20024.83;334.9684
19985.12,0.5800062,20024.82;336.1144
19985.12,0.5800062,20024.82;337.0598
19985.13,0.5800062,20024.8;338.0051
19985.13,0.5800062,20024.79;338.6068
19985.13,0.5800062,20024.79;339.5521
19985.13,0.5800062,20024.79;340.3829
19985.14,0.5800062,20024.78;340.8413
19985.14,0.5800062,20024.77;341.7007
19985.14,0.5800062,20024.76;342.5602
19985.14,0.5800062,20024.76;342.6747
19985.14,0.5800062,20024.77;343.1904
19985.15,0.5800062,20024.75;343.4196
19985.18,0.5800062,20024.63;344.1931
19985.21,0.5800062,20024.5;344.9666
19985.25,0.5800062,20024.38;345.6828
19985.26,0.5800062,20024.31;346.5422
19985.26,0.5800062,20024.31;347.2297
19985.26,0.5800062,20024.3;347.7168
19985.27,0.5800062,20024.3;348.4903
19985.27,0.5800062,20024.29;348.8913
19985.27,0.5800062,20024.26;349.407
19985.27,0.5800062,20024.26;349.4356
19985.27,0.5800062,20024.26;349.4643
19985.27,0.5800062,20024.25;350.1518
19985.28,0.5800062,20024.24;350.9253
19985.28,0.5800062,20024.25;351.6988
19985.27,0.5800062,20024.25;352.5869
19985.28,0.5800062,20024.25;353.5609
19985.28,0.5800062,20024.25;354.3344
19985.27,0.5800062,20024.26;355.1079
19985.27,0.5800062,20024.27;355.996
19985.27,0.5800062,20024.27;356.5403
19985.27,0.5800062,20024.3;357.457
19985.27,0.5800062,20024.29;358.4024
19985.27,0.5800062,20024.3;358.9754
19985.27,0.5800062,20024.29;359.9494
19985.27,0.5800062,20024.29;1.009377
19985.27,0.5800062,20024.3;2.012051
19985.27,0.5800062,20024.27;3.014725
19985.27,0.5800062,20024.24;4.131994
19985.27,0.5800062,20024.25;5.249263
19985.27,0.5800062,20024.26;6.309239
19985.27,0.5800062,20024.25;7.397863
19985.27,0.5800062,20024.23;8.486486
19985.26,0.5800062,20024.21;9.489161
19985.26,0.5800062,20024.21;10.52048
19985.26,0.5800062,20024.21;11.66639
19985.26,0.5800062,20024.21;12.89826
19985.26,0.5800062,20024.2;13.95824
19985.25,0.5800062,20024.15;14.98955
19985.24,0.5800062,20024.14;15.99223
19985.24,0.5800062,20024.14;17.05221
19985.24,0.5800062,20024.14;18.22677
19985.24,0.5800062,20024.14;19.40133
19985.25,0.5800062,20024.15;20.5186
19985.25,0.5800062,20024.15;21.69316
19985.25,0.5800062,20024.15;22.40935
19985.25,0.5800062,20024.15;23.41203
19985.25,0.5800062,20024.15;24.50065
19985.25,0.5800062,20024.16;25.61792
19985.25,0.5800062,20024.15;26.76384
19985.25,0.5800062,20024.16;27.85246
19985.26,0.5800062,20024.16;28.71189
19985.26,0.5800062,20024.17;29.57133
19985.26,0.5800062,20024.17;30.5167
19985.25,0.5800062,20024.16;31.51938
19985.25,0.5800062,20024.16;32.5507
19985.25,0.5800062,20024.16;33.69661
19985.25,0.5800062,20024.15;34.84253
19985.25,0.5800062,20024.15;35.98844
19985.24,0.5800062,20024.15;36.99111
19985.24,0.5800062,20024.14;37.99379
19985.24,0.5800062,20024.14;39.05376
19985.23,0.5800062,20024.13;40.22832
19985.23,0.5800062,20024.13;41.40288
19985.23,0.5800062,20024.13;42.29097
19985.24,0.5800062,20024.14;43.29364
19985.23,0.5800062,20024.13;44.29631
19985.23,0.5800062,20024.13;45.1271
19985.2,0.5800062,20024.1;46.12977
19985.17,0.5800062,20024.08;47.13245
19985.17,0.5800062,20024.07;48.19242
19985.17,0.5800062,20024.08;48.45026
19985.17,0.5800062,20024.08;49.45293
19985.18,0.5800062,20024.08;50.34101
19985.17,0.5800062,20024.08;50.91397
19985.17,0.5800062,20024.08;51.48693
19985.17,0.5800062,20024.08;52.31772
19985.18,0.5800062,20024.08;52.83338
19985.18,0.5800062,20024.08;53.49228
19985.18,0.5800062,20024.08;53.83605
19985.17,0.5800062,20024.08;54.35171
19985.17,0.5800062,20024.08;54.86737
19985.17,0.5800062,20024.07;55.21115
19985.17,0.5800062,20024.08;55.52628
19985.17,0.5800062,20024.07;55.98464
19985.17,0.5800062,20024.07;56.15654
19985.17,0.5800062,20024.07;56.52895
19985.17,0.5800062,20024.07;57.15921
19985.16,0.5800062,20024.07;57.56027
19985.16,0.5800062,20024.07;57.56027
19985.16,0.5800062,20024.07;57.56027
19985.16,0.5800062,20024.07;57.56027
19985.16,0.5800062,20024.07;57.56027
19985.16,0.5800062,20024.07;58.93537
19985.19,0.5800062,20024.08;61.28449
19985.21,0.5800062,20024.1;61.57098
19985.22,0.5800062,20024.1;61.85746
19985.22,0.5800062,20024.1;61.85746
19985.22,0.5800062,20024.1;61.85746
19985.22,0.5800062,20024.1;62.14394
19985.22,0.5800062,20024.1;62.00069
19985.22,0.5800062,20024.1;61.80017
19985.22,0.5800062,20024.1;61.48504
19985.21,0.5800062,20024.09;61.16992
19985.19,0.5800062,20024.09;60.85479
19985.19,0.5800062,20024.09;60.85479
19985.18,0.5800062,20024.08;60.53966
19985.18,0.5800062,20024.08;60.22454
19985.17,0.5800062,20024.08;60.0813
19985.17,0.5800062,20024.07;60.02401
19985.16,0.5800062,20024.07;59.79483
19985.16,0.5800062,20024.07;59.73754
19985.16,0.5800062,20024.07;59.68025
19985.17,0.5800062,20024.08;58.76351
19985.19,0.5800062,20024.08;56.47168
19985.2,0.5800062,20024.09;54.32309
19985.2,0.5800062,20024.1;51.88802
19985.21,0.5800062,20024.1;49.53891
19985.21,0.5800062,20024.11;47.93462
19985.21,0.5800062,20024.11;47.93462
19985.21,0.5800062,20024.11;47.73409
19985.22,0.5800062,20024.11;47.53356
19985.23,0.5800062,20024.12;47.33303
19985.23,0.5800062,20024.12;47.33303
19985.23,0.5800062,20024.12;45.75739
19985.24,0.5800062,20024.13;44.84065
19985.24,0.5800062,20024.13;43.92392
19985.24,0.5800062,20024.13;43.92392
19985.24,0.5800062,20024.13;43.92392
19985.24,0.5800062,20024.13;43.92392
19985.24,0.5800062,20024.13;43.92392
19985.24,0.5800062,20024.13;43.92392
19985.24,0.5800062,20024.13;43.92392
19985.24,0.5800062,20024.13;43.92392
19985.24,0.5800062,20024.13;43.92392
19985.24,0.5800062,20024.13;43.92392
19985.24,0.5800062,20024.13;43.92392
19985.24,0.5800062,20024.13;43.92392
19985.24,0.5800062,20024.13;43.92392
19985.24,0.5800062,20024.13;43.92392
19985.24,0.5800062,20024.13;43.92392
19985.24,0.5800062,20024.13;43.92392
19985.24,0.5800062,20024.13;43.92392
19985.24,0.5800062,20024.13;43.92392
19985.24,0.5800062,20024.13;43.92392
19985.24,0.5800062,20024.13;43.92392
19985.24,0.5800062,20024.13;43.92392
19985.24,0.5800062,20024.13;43.92392
19985.24,0.5800062,20024.13;43.92392
19985.24,0.5800062,20024.13;43.92392
19985.24,0.5800062,20024.13;43.83797
19985.24,0.5800062,20024.13;43.69473
19985.24,0.5800062,20024.13;43.69473
19985.24,0.5800062,20024.13;43.69473
19985.24,0.5800062,20024.13;43.69473
19985.24,0.5800062,20024.13;43.69473
19985.24,0.5800062,20024.13;43.69473
19985.24,0.5800062,20024.13;43.69473
19985.24,0.5800062,20024.13;43.69473
19985.24,0.5800062,20024.13;43.69473
19985.24,0.5800062,20024.13;43.69473
19985.24,0.5800062,20024.13;43.69473
19985.24,0.5800062,20024.13;43.69473
19985.24,0.5800062,20024.13;43.69473
19985.24,0.5800062,20024.13;43.69473
19985.24,0.5800062,20024.13;43.69473
19985.24,0.5800062,20024.13;43.69473
19985.24,0.5800062,20024.13;43.69473
19985.24,0.5800062,20024.13;43.69473
19985.24,0.5800062,20024.13;43.69473
19985.24,0.5800062,20024.13;43.69473
19985.24,0.5800062,20024.13;43.69473
19985.24,0.5800062,20024.13;43.69473
19985.24,0.5800062,20024.13;43.69473
19985.24,0.5800062,20024.13;43.69473
19985.24,0.5800062,20024.13;43.69473
19985.24,0.5800062,20024.13;43.69473
19985.24,0.5800062,20024.13;43.69473
19985.24,0.5800062,20024.13;43.69473
19985.24,0.5800062,20024.13;43.69473
19985.24,0.5800062,20024.13;43.69473
19985.24,0.5800062,20024.13;43.55149
19985.25,0.5800062,20024.14;43.40825
19985.27,0.5800062,20024.16;43.26502
19985.28,0.5800062,20024.18;43.12178
19985.3,0.5800062,20024.19;42.97853
19985.31,0.5800062,20024.21;42.8353
19985.33,0.5800062,20024.23;42.69206
19985.35,0.5800062,20024.25;42.54881
19985.37,0.5800062,20024.27;42.40557
19985.39,0.5800062,20024.29;42.26234
19985.41,0.5800062,20024.31;42.11909
19985.42,0.5800062,20024.33;41.97585
19985.42,0.5800062,20024.33;41.97585
19985.44,0.5800062,20024.35;41.83261
19985.46,0.5800062,20024.37;41.68937
19985.48,0.5800062,20024.39;41.54613
19985.5,0.5800062,20024.42;41.40289
19985.5,0.5800062,20024.42;41.40289
19985.52,0.5800062,20024.44;41.25965
19985.54,0.5800062,20024.47;43.69472
19985.57,0.5800062,20024.49;47.16111
19985.6,0.5800062,20024.51;50.45562
19985.62,0.5800062,20024.53;53.80742
19985.65,0.5800062,20024.55;57.21651
19985.69,0.5800062,20024.57;60.76886
19985.74,0.5800062,20024.59;64.092
19985.78,0.5800062,20024.61;67.35786
19985.8,0.5800062,20024.62;67.95947
19985.82,0.5800062,20024.63;68.56108
19985.82,0.5800062,20024.63;69.1627
19985.81,0.5800062,20024.62;69.7643
19985.81,0.5800062,20024.62;69.7643
19985.8,0.5800062,20024.62;70.36591
19985.79,0.5800062,20024.62;70.36591
19985.8,0.5800062,20024.62;70.36591
19985.8,0.5800062,20024.62;70.30862
19985.8,0.5800062,20024.62;70.16537
19985.8,0.5800062,20024.62;70.02213
19985.8,0.5800062,20024.62;70.02213
19985.8,0.5800062,20024.62;69.87888
19985.81,0.5800062,20024.62;69.24864
19985.81,0.5800062,20024.62;68.61839
19985.81,0.5800062,20024.62;68.3319
19985.81,0.5800062,20024.63;68.04542
19985.81,0.5800062,20024.63;67.75894
19985.81,0.5800062,20024.63;67.47246
19985.81,0.5800062,20024.63;67.18597
19985.81,0.5800062,20024.63;66.8995
19985.81,0.5800062,20024.63;66.69897
19985.8,0.5800062,20024.62;65.78223
19985.79,0.5800062,20024.61;65.46711
19985.78,0.5800062,20024.61;63.34717
19985.76,0.5800062,20024.6;60.62563
19985.75,0.5800062,20024.59;57.90407
19985.74,0.5800062,20024.58;55.38305
19985.73,0.5800062,20024.57;52.94798
19985.71,0.5800062,20024.57;50.51291
19985.71,0.5800062,20024.56;48.13514
19985.7,0.5800062,20024.55;45.70007
19985.69,0.5800062,20024.54;43.98119
19985.68,0.5800062,20024.53;41.57476
19985.67,0.5800062,20024.52;39.25429
19985.67,0.5800062,20024.52;36.84786
19985.66,0.5800062,20024.51;34.89981
19985.66,0.5800062,20024.5;34.38415
19985.65,0.5800062,20024.49;32.80851
19985.65,0.5800062,20024.49;30.74586
19985.64,0.5800062,20024.48;28.2535
19985.64,0.5800062,20024.47;25.78979
19985.64,0.5800062,20024.47;23.84173
19985.63,0.5800062,20024.46;23.09688
19985.63,0.5800062,20024.45;20.7764
19985.63,0.5800062,20024.44;19.5732
19985.63,0.5800062,20024.43;18.9143
19985.62,0.5800062,20024.42;18.2554
19985.62,0.5800062,20024.42;17.39596
19985.62,0.5800062,20024.42;17.39596
19985.62,0.5800062,20024.41;15.67708
19985.62,0.5800062,20024.41;13.55714
19985.62,0.5800062,20024.4;11.4372
19985.62,0.5800062,20024.4;10.31993
19985.62,0.5800062,20024.4;10.31993
19985.62,0.5800062,20024.39;7.798911
19985.62,0.5800062,20024.39;5.220599
19985.62,0.5800062,20024.38;3.100656
19985.62,0.5800062,20024.38;1.295841
19985.62,0.5800062,20024.38;1.295841
19985.62,0.5800062,20024.37;359.2045
19985.62,0.5800062,20024.37;356.7695
19985.62,0.5800062,20024.36;354.2198
19985.62,0.5800062,20024.36;351.4983
19985.62,0.5800062,20024.35;348.7767
19985.62,0.5800062,20024.35;346.1125
19985.62,0.5800062,20024.34;344.8806
19985.62,0.5800062,20024.34;343.2477
19985.62,0.5800062,20024.33;340.9272
19985.63,0.5800062,20024.33;338.4921
19985.63,0.5800062,20024.32;336.5727
19985.63,0.5800062,20024.32;335.4268
19985.63,0.5800062,20024.31;334.9971
19985.63,0.5800062,20024.31;334.9971
19985.63,0.5800062,20024.31;334.9971
19985.63,0.5800062,20024.31;334.9971
19985.63,0.5800062,20024.31;335.083
19985.63,0.5800062,20024.31;335.083
19985.63,0.5800062,20024.31;335.083
19985.63,0.5800062,20024.31;335.1403
19985.63,0.5800062,20024.31;335.1403
19985.63,0.5800062,20024.31;335.1403
19985.63,0.5800062,20024.31;335.1403
19985.64,0.5800062,20024.3;335.2549
19985.64,0.5800062,20024.3;335.3695
19985.64,0.5800062,20024.29;335.7133
19985.64,0.5800062,20024.29;336.143
19985.64,0.5800062,20024.28;336.6873
19985.65,0.5800062,20024.28;336.6873
19985.65,0.5800062,20024.28;336.6873
19985.65,0.5800062,20024.28;336.6873
19985.65,0.5800062,20024.27;336.8305
19985.65,0.5800062,20024.27;337.4608
19985.65,0.5800062,20024.27;338.5208
19985.65,0.5800062,20024.26;339.0078
19985.66,0.5800062,20024.26;340.4688
19985.66,0.5800062,20024.26;340.4688
19985.66,0.5800062,20024.25;341.8726
19985.66,0.5800062,20024.25;342.8466
19985.66,0.5800062,20024.24;342.9039
19985.66,0.5800062,20024.24;343.305
19985.63,0.5800062,20024.36;344.5941
19985.6,0.5800062,20024.48;345.6827
19985.57,0.5800062,20024.61;346.8859
19985.54,0.5800062,20024.73;347.86
19985.52,0.5800062,20024.85;348.8626
19985.5,0.5800062,20024.98;350.0085
19985.48,0.5800062,20025.11;351.1545
19985.46,0.5800062,20025.23;352.4436
19985.45,0.5800062,20025.36;353.7901
19985.44,0.5800062,20025.48;355.1365
19985.43,0.5800062,20025.61;356.5116
19985.42,0.5800062,20025.74;357.944
19985.42,0.5800062,20025.87;359.3764
19985.42,0.5800062,20025.99;0.7801597
19985.43,0.5800062,20026.12;2.183909
19985.44,0.5800062,20026.24;3.58766
19985.45,0.5800062,20026.37;4.876815
19985.46,0.5800062,20026.5;6.309211
19985.48,0.5800062,20026.62;7.168645
19985.49,0.5800062,20026.75;8.601041
19985.52,0.5800062,20026.88;10.06208
19985.54,0.5800062,20027;11.58042
19985.57,0.5800062,20027.12;13.01281
19985.6,0.5800062,20027.25;14.35926
19985.64,0.5800062,20027.37;15.73435
19985.67,0.5800062,20027.49;17.10945
19985.71,0.5800062,20027.61;18.34131
19985.76,0.5800062,20027.73;19.63047
19985.8,0.5800062,20027.85;20.91962
19985.85,0.5800062,20027.96;22.29471
19985.9,0.5800062,20028.08;23.72711
19985.96,0.5800062,20028.2;25.04491
19986.01,0.5800062,20028.31;26.50595
19986.07,0.5800062,20028.42;27.93835
19986.13,0.5800062,20028.53;29.37074
19986.2,0.5800062,20028.64;30.80314
19986.27,0.5800062,20028.75;32.06365
19986.34,0.5800062,20028.86;33.23821
19986.41,0.5800062,20028.96;34.64196
19986.48,0.5800062,20029.06;35.93112
19986.56,0.5800062,20029.17;36.67597
19986.64,0.5800062,20029.27;37.73594
19986.71,0.5800062,20029.37;38.33755
19986.79,0.5800062,20029.46;38.53809
19986.87,0.5800062,20029.56;38.53809
19986.95,0.5800062,20029.66;38.53809
19986.95,0.5800062,20029.66;38.53809
19987.03,0.5800062,20029.76;38.53809
19987.11,0.5800062,20029.86;38.53809
19987.19,0.5800062,20029.96;38.53809
19987.27,0.5800062,20030.06;38.53809
19987.35,0.5800062,20030.16;38.91051
19987.43,0.5800062,20030.26;39.48347
19987.51,0.5800062,20030.36;40.05643
19987.59,0.5800062,20030.45;40.17103
19987.68,0.5800062,20030.55;40.28563
19987.76,0.5800062,20030.65;40.40022
19987.84,0.5800062,20030.74;40.51482
19987.92,0.5800062,20030.84;40.62941
19988.01,0.5800062,20030.94;40.74401
19988.09,0.5800062,20031.03;40.8586
19988.17,0.5800062,20031.13;40.97319
19988.17,0.5800062,20031.13;40.97319
19988.26,0.5800062,20031.22;41.08779
19988.34,0.5800062,20031.32;41.20238
19988.42,0.5800062,20031.41;41.31697
19988.51,0.5800062,20031.51;41.43156
19988.59,0.5800062,20031.6;41.54616
19988.68,0.5800062,20031.7;41.46021
19988.76,0.5800062,20031.79;41.37426
19988.84,0.5800062,20031.89;40.74401
19988.93,0.5800062,20031.99;40.51483
19989.01,0.5800062,20032.08;40.28565
19989.09,0.5800062,20032.18;40.05647
19989.17,0.5800062,20032.28;39.97052
19989.25,0.5800062,20032.38;39.88457
19989.33,0.5800062,20032.47;39.79863
19989.41,0.5800062,20032.57;39.39757
19989.42,0.5800062,20032.58;38.68137
19989.43,0.5800062,20032.59;37.96518
19989.43,0.5800062,20032.6;37.50681
19989.44,0.5800062,20032.61;37.47816
19989.45,0.5800062,20032.62;37.0771
19989.46,0.5800062,20032.64;36.93386
19989.47,0.5800062,20032.65;36.38955
19989.5,0.5800062,20032.69;35.67337
19989.56,0.5800062,20032.78;34.92852
19989.62,0.5800062,20032.87;34.18366
19989.69,0.5800062,20032.96;33.55341
19989.75,0.5800062,20033.06;32.80856
19989.81,0.5800062,20033.16;32.77992
19989.88,0.5800062,20033.25;32.75128
19989.94,0.5800062,20033.35;32.12103
19990,0.5800062,20033.45;31.34753
19990.05,0.5800062,20033.55;30.4308
19990.11,0.5800062,20033.65;29.71461
19990.17,0.5800062,20033.75;29.28488
19990.22,0.5800062,20033.86;28.54004
19990.28,0.5800062,20033.96;27.79519
19990.33,0.5800062,20034.06;26.99304
19990.38,0.5800062,20034.17;26.1909
19990.43,0.5800062,20034.27;25.30282
19990.48,0.5800062,20034.38;24.47204
19990.53,0.5800062,20034.49;23.72719
19990.57,0.5800062,20034.59;22.98234
19990.62,0.5800062,20034.7;22.29479
19990.66,0.5800062,20034.81;21.72183
19990.71,0.5800062,20034.92;21.03428
19990.75,0.5800062,20035.03;20.26078
19990.79,0.5800062,20035.14;19.68782
19990.82,0.5800062,20035.26;19.11486
19990.82,0.5800062,20035.26;19.11486
19990.86,0.5800062,20035.37;18.5419
19990.9,0.5800062,20035.48;17.96893
19990.93,0.5800062,20035.58;17.85434
19990.96,0.5800062,20035.66;17.76839
19990.97,0.5800062,20035.7;17.73974
19990.97,0.5800062,20035.7;17.73974
19990.97,0.5800062,20035.7;17.73974
19990.97,0.5800062,20035.71;17.7111
19990.98,0.5800062,20035.74;17.68245
19991.01,0.5800062,20035.82;17.65381
19991.01,0.5800062,20035.82;17.65381
19991.05,0.5800062,20035.94;17.62516
19991.08,0.5800062,20036.06;17.59652
19991.12,0.5800062,20036.18;17.56787
19991.16,0.5800062,20036.3;17.53922
19991.16,0.5800062,20036.3;17.53922
19991.2,0.5800062,20036.42;17.51058
19991.24,0.5800062,20036.54;17.73976
19991.28,0.5800062,20036.67;18.77108
19991.32,0.5800062,20036.79;19.71646
19991.37,0.5800062,20036.9;20.63319
19991.41,0.5800062,20037.02;21.1775
19991.46,0.5800062,20037.14;21.34939
19991.46,0.5800062,20037.14;21.34939
19991.51,0.5800062,20037.26;22.5526
19991.56,0.5800062,20037.37;23.84175
19991.61,0.5800062,20037.49;25.15955
19991.67,0.5800062,20037.6;26.19087
19991.73,0.5800062,20037.71;27.27949
19991.79,0.5800062,20037.83;28.33947
19991.85,0.5800062,20037.94;29.4281
19991.91,0.5800062,20038.05;30.34483
19991.98,0.5800062,20038.16;31.08968
19992.05,0.5800062,20038.26;32.14966
19992.12,0.5800062,20038.37;33.23828
19992.19,0.5800062,20038.47;34.3842
19992.26,0.5800062,20038.58;35.32959
19992.34,0.5800062,20038.68;36.27496
19992.41,0.5800062,20038.78;37.42088
19992.49,0.5800062,20038.88;38.53815
19992.57,0.5800062,20038.98;39.25434
19992.65,0.5800062,20039.08;39.48352
19992.74,0.5800062,20039.17;40.5435
19992.82,0.5800062,20039.27;41.11646
19992.9,0.5800062,20039.37;41.17375
19992.99,0.5800062,20039.46;41.43159
19993.07,0.5800062,20039.55;42.0332
19993.16,0.5800062,20039.65;42.49157
19993.25,0.5800062,20039.74;43.12182
19993.25,0.5800062,20039.74;43.12182
19993.33,0.5800062,20039.83;43.75208
19993.42,0.5800062,20039.92;44.09584
19993.51,0.5800062,20040.01;44.81203
19993.6,0.5800062,20040.1;45.64283
19993.7,0.5800062,20040.19;46.70281
19993.79,0.5800062,20040.28;47.36171
19993.88,0.5800062,20040.36;47.79143
19993.98,0.5800062,20040.45;48.50762
19994.07,0.5800062,20040.53;49.91137
19994.17,0.5800062,20040.61;51.31512
19994.27,0.5800062,20040.68;52.66156
19994.38,0.5800062,20040.76;54.00801
19994.48,0.5800062,20040.83;56.04202
19994.59,0.5800062,20040.9;56.18526
19994.69,0.5800062,20040.97;56.3285
19994.8,0.5800062,20041.04;56.47174
19994.91,0.5800062,20041.11;56.61498
19995.01,0.5800062,20041.18;56.75822
19995.12,0.5800062,20041.25;56.50039
19995.22,0.5800062,20041.32;56.21391
19995.33,0.5800062,20041.39;56.21391
19995.43,0.5800062,20041.46;56.21391
19995.54,0.5800062,20041.53;56.21391
19995.64,0.5800062,20041.6;56.21391
19995.75,0.5800062,20041.67;55.95607
19995.86,0.5800062,20041.75;55.58365
19995.96,0.5800062,20041.82;55.21124
19996.06,0.5800062,20041.89;55.06799
19996.17,0.5800062,20041.96;54.69558
19996.27,0.5800062,20042.04;54.32315
19996.37,0.5800062,20042.11;53.95074
19996.47,0.5800062,20042.19;53.57831
19996.58,0.5800062,20042.27;53.03401
19996.68,0.5800062,20042.34;52.40375
19996.78,0.5800062,20042.42;51.80214
19996.88,0.5800062,20042.5;51.25784
19996.97,0.5800062,20042.58;50.85677
19997.07,0.5800062,20042.66;50.39841
19997.17,0.5800062,20042.74;49.9114
19997.27,0.5800062,20042.83;49.39574
19997.36,0.5800062,20042.91;48.88008
19997.46,0.5800062,20042.99;48.27847
19997.55,0.5800062,20043.08;47.84875
19997.64,0.5800062,20043.17;47.41903
19997.74,0.5800062,20043.25;47.30443
19997.83,0.5800062,20043.34;47.0466
19997.92,0.5800062,20043.43;46.64553
19998.02,0.5800062,20043.51;46.18716
19998.11,0.5800062,20043.6;45.64286
19998.2,0.5800062,20043.69;45.09855
19998.29,0.5800062,20043.78;44.55425
19998.37,0.5800062,20043.87;44.03859
19998.46,0.5800062,20043.96;43.49428
19998.55,0.5800062,20044.06;43.06456
19998.63,0.5800062,20044.15;42.63485
19998.72,0.5800062,20044.25;42.11919
19998.8,0.5800062,20044.34;41.63217
19998.89,0.5800062,20044.44;41.0592
19998.97,0.5800062,20044.53;40.60083
19999.05,0.5800062,20044.63;40.14247
19999.13,0.5800062,20044.73;39.77005
19999.21,0.5800062,20044.83;39.39764
19999.29,0.5800062,20044.93;38.82467
19999.37,0.5800062,20045.03;38.28036
19999.45,0.5800062,20045.13;37.73606
19999.53,0.5800062,20045.23;37.2777
19999.6,0.5800062,20045.33;37.44958
19999.68,0.5800062,20045.43;38.10849
19999.76,0.5800062,20045.53;38.42361
19999.84,0.5800062,20045.63;38.42361
19999.92,0.5800062,20045.72;38.19444
20000,0.5800062,20045.83;37.82202
20000.07,0.5800062,20045.93;37.36365
20000.13,0.5800062,20046;37.07718
20000.15,0.5800062,20046.03;36.79069
20000.17,0.5800062,20046.06;36.70474
20000.18,0.5800062,20046.07;36.6188
20000.19,0.5800062,20046.08;36.79068
20000.2,0.5800062,20046.09;36.90528
20000.2,0.5800062,20046.1;36.87663
20000.21,0.5800062,20046.11;36.5615
20000.22,0.5800062,20046.12;36.10314
20000.22,0.5800062,20046.13;35.84531
20000.23,0.5800062,20046.14;35.58747
20000.24,0.5800062,20046.15;35.55882
20000.25,0.5800062,20046.16;35.55882
20000.25,0.5800062,20046.17;35.55882
20000.26,0.5800062,20046.18;35.55882
20000.27,0.5800062,20046.2;35.50153
20000.28,0.5800062,20046.21;35.27235
20000.29,0.5800062,20046.21;34.92857
20000.29,0.5800062,20046.22;34.64209
20000.3,0.5800062,20046.24;34.44156
20000.31,0.5800062,20046.25;34.29832
20000.32,0.5800062,20046.26;34.15508
20000.32,0.5800062,20046.27;34.04049
20000.33,0.5800062,20046.29;33.89724
20000.34,0.5800062,20046.29;33.69671
20000.35,0.5800062,20046.3;33.46753
20000.35,0.5800062,20046.32;33.29565
20000.36,0.5800062,20046.33;33.09512
20000.37,0.5800062,20046.34;32.89458
20000.38,0.5800062,20046.36;32.75134
20000.39,0.5800062,20046.37;32.6081
20000.39,0.5800062,20046.38;32.46486
20000.4,0.5800062,20046.39;32.29297
20000.41,0.5800062,20046.41;32.06379
20000.42,0.5800062,20046.42;31.89191
20000.43,0.5800062,20046.43;31.72002
20000.43,0.5800062,20046.44;31.54814
20000.44,0.5800062,20046.46;31.34761
20000.45,0.5800062,20046.47;31.17572
20000.46,0.5800062,20046.48;31.03248
20000.46,0.5800062,20046.5;30.88924
20000.47,0.5800062,20046.51;30.746
20000.48,0.5800062,20046.52;30.60275
20000.49,0.5800062,20046.54;30.45952
20000.5,0.5800062,20046.55;30.31628
20000.51,0.5800062,20046.56;30.17304
20000.51,0.5800062,20046.58;30.0298
20000.52,0.5800062,20046.59;29.85792
20000.53,0.5800062,20046.6;29.68604
20000.54,0.5800062,20046.62;29.54279
20000.54,0.5800062,20046.63;29.37091
20000.55,0.5800062,20046.64;29.17038
20000.56,0.5800062,20046.66;29.02714
20000.57,0.5800062,20046.67;28.8266
20000.57,0.5800062,20046.69;28.65472
20000.58,0.5800062,20046.7;28.48283
20000.59,0.5800062,20046.71;28.36824
20000.6,0.5800062,20046.73;28.25364
20000.6,0.5800062,20046.74;28.02446
20000.61,0.5800062,20046.75;27.88122
20000.62,0.5800062,20046.77;27.70934
20000.63,0.5800062,20046.78;27.53745
20000.63,0.5800062,20046.79;27.42286
20000.64,0.5800062,20046.81;27.25097
20000.65,0.5800062,20046.82;27.10773
20000.65,0.5800062,20046.84;26.96449
20000.66,0.5800062,20046.85;26.82125
20000.67,0.5800062,20046.87;26.64936
20000.68,0.5800062,20046.88;26.47747
20000.68,0.5800062,20046.9;26.30558
20000.69,0.5800062,20046.91;26.16235
20000.7,0.5800062,20046.93;25.99046
20000.71,0.5800062,20046.94;25.90451
20000.71,0.5800062,20046.95;25.76127
20000.72,0.5800062,20046.97;25.61803
20000.72,0.5800062,20046.98;25.50344
20000.73,0.5800062,20047;25.36019
20000.74,0.5800062,20047.01;25.2456
20000.75,0.5800062,20047.03;25.131
20000.75,0.5800062,20047.04;24.98777
20000.76,0.5800062,20047.06;24.81588
20000.77,0.5800062,20047.07;24.64399
20000.77,0.5800062,20047.09;24.50076
20000.78,0.5800062,20047.1;24.38616
20000.79,0.5800062,20047.12;24.24292
20000.79,0.5800062,20047.13;24.15698
20000.8,0.5800062,20047.15;24.04238
20000.81,0.5800062,20047.17;23.95643
20000.82,0.5800062,20047.19;23.81319
20000.82,0.5800062,20047.2;23.72724
20000.83,0.5800062,20047.22;23.64129
20000.84,0.5800062,20047.23;23.44076
20000.84,0.5800062,20047.25;23.24023
20000.85,0.5800062,20047.27;23.15428
20000.86,0.5800062,20047.28;23.06833
20000.87,0.5800062,20047.3;23.01104
20000.87,0.5800062,20047.32;22.89645
20000.88,0.5800062,20047.33;22.78185
20000.89,0.5800062,20047.35;22.66726
20000.89,0.5800062,20047.37;22.55267
20000.9,0.5800062,20047.39;22.46671
20000.91,0.5800062,20047.4;22.40942
20000.92,0.5800062,20047.42;22.32347
20000.93,0.5800062,20047.44;22.23753
20000.93,0.5800062,20047.46;22.12293
20000.94,0.5800062,20047.48;22.03699
