20000,0.58,19894;244.0006
20000,0.58,19894;244.0006
20000,0.58,19894;244.0006
20000,0.58,19894;244.0006
20000,0.58,19894;244.0006
20000,0.58,19894;244.0006
20000,0.58,19894;244.0006
20000,0.58,19894;244.0006
20000,0.58,19894;244.0006
20000,0.58,19894;244.0006
20000,0.58,19894;244.0006
20000,0.58,19894;244.0006
20000,0.58,19894;244.0006
20000,0.58,19894;244.0006
20000,0.58,19894;244.0006
20000,0.58,19894;244.0006
20000,0.58,19894;244.0006
20000,0.58,19894;244.0006
20000,0.58,19894;244.0006
20000,0.58,19894;244.0006
20000,0.58,19894;244.0006
20000,0.58,19894;244.0006
20000,0.58,19894;244.0006
20000,0.58,19894;244.0006
20000,0.58,19894;244.0006
20000,0.58,19894;244.0006
20000,0.58,19894;244.0006
20000,0.58,19894;244.0006
20000,0.58,19894;244.0006
20000,0.58,19894;244.0006
20000,0.58,19894;244.0006
20000,0.58,19894;244.0006
20000,0.58,19894;244.0006
20000,0.58,19894;244.0006
20000,0.58,19894;244.0006
20000,0.58,19894;244.0006
20000,0.58,19894;244.0006
20000,0.58,19894;244.0006
20000,0.58,19894;244.0006
20000,0.58,19894;244.0006
20000,0.58,19894;244.0006
20000,0.58,19894;244.0006
20000,0.58,19894;244.0006
20000,0.58,19894;244.0006
20000,0.58,19894;244.0006
20000,0.58,19894;244.0006
20000,0.58,19894;244.0006
20000,0.58,19894;244.0006
20000,0.58,19894;244.0006
20000,0.58,19894;244.0006
20000,0.58,19894;244.0006
20000,0.58,19894;244.0006
20000,0.58,19894;244.0006
20000,0.58,19894;244.0006
20000,0.58,19894;244.0006
20000,0.58,19894;244.0006
20000,0.58,19894;244.0006
20000,0.58,19894;244.0006
20000,0.58,19894;244.0006
20000,0.58,19894;244.0006
20000,0.58,19894;244.0006
20000,0.58,19894;244.0006
20000,0.58,19894;244.0006
20000,0.58,19894;244.0006
20000,0.58,19894;244.0006
20000,0.58,19894;244.0006
20000,0.58,19894;244.0006
20000,0.58,19894;244.0006
20000,0.58,19894;244.0006
20000,0.58,19894;244.0006
20000,0.58,19894;244.0006
20000,0.58,19894;244.0006
20000,0.58,19894;244.0006
20000,0.58,19894;244.0006
20000,0.58,19894;244.0006
20000,0.58,19894;244.0006
20000,0.58,19894;244.0006
20000,0.58,19894;244.0006
20000,0.58,19894;244.0006
20000,0.58,19894;244.0006
20000,0.58,19894;244.0006
20000,0.58,19894;244.0006
20000,0.58,19894;244.0006
20000,0.58,19894;244.0006
20000,0.58,19894;244.0006
20000,0.58,19894;244.0006
20000,0.58,19894;244.0006
20000,0.58,19894;244.0006
20000,0.58,19894;244.0006
20000,0.58,19894;244.0006
20000,0.58,19894;244.0006
20000,0.58,19894;244.0006
20000,0.58,19894;244.0006
20000,0.58,19894;244.0006
20000,0.58,19894;244.0006
20000,0.58,19894;244.0006
20000,0.58,19894;244.0006
20000,0.58,19894;244.0006
20000,0.58,19894;244.0006
20000,0.58,19894;244.0006
20000,0.58,19894;244.0006
20000,0.58,19894;244.0006
20000,0.58,19894;244.0006
20000,0.58,19894;244.0006
20000,0.58,19894;244.0006
20000,0.58,19894;244.0006
20000,0.58,19894;244.0006
20000,0.58,19894;244.0006
20000,0.58,19894;244.0006
20000,0.58,19894;244.0006
20000,0.58,19894;244.0006
20000,0.58,19894;244.0006
20000,0.58,19894;244.0006
20000,0.58,19894;244.0006
20000,0.58,19894;244.0006
20000,0.58,19894;244.0006
20000,0.58,19894;244.0006
20000,0.58,19894;244.0006
20000,0.58,19894;244.0006
20000,0.58,19894;244.0006
20000,0.58,19894;244.0006
20000,0.58,19894;244.0006
20000,0.58,19894;244.0006
20000,0.58,19894;244.0006
20000,0.58,19894;244.0006
20000,0.58,19894;244.0006
20000,0.58,19894;244.0006
20000,0.58,19894;244.0006
20000,0.58,19894;244.0006
20000,0.58,19894;244.0006
20000,0.58,19894;244.0006
20000,0.58,19894;244.0006
20000,0.58,19894;244.0006
20000,0.58,19894;244.0006
20000,0.58,19894;244.0006
20000,0.58,19894;244.0006
20000,0.58,19894;244.0006
20000,0.58,19894;244.0006
20000,0.58,19894;244.0006
20000,0.58,19894;244.0006
20000,0.58,19894;244.0006
20000,0.58,19894;244.0006
20000,0.58,19894;244.0006
20000,0.58,19894;244.0006
20000,0.58,19894;244.0006
20000,0.58,19894;244.0006
20000,0.58,19894;244.0006
20000,0.58,19894;244.0006
20000,0.58,19894;244.0006
20000,0.58,19894;244.0006
20000,0.58,19894;244.0006
20000,0.58,19894;244.0006
20000,0.58,19894;244.0006
20000,0.58,19894;244.0006
20000,0.58,19894;244.0006
20000,0.58,19894;244.0006
20000,0.58,19894;244.0006
20000,0.58,19894;244.0006
20000,0.58,19894;244.0006
20000,0.58,19894;244.0006
20000,0.58,19894;244.0006
20000,0.58,19894;244.0006
20000,0.58,19894;244.0006
20000,0.58,19894;244.0006
20000,0.58,19894;244.0006
20000,0.58,19894;244.0006
20000,0.58,19894;244.0006
20000,0.58,19894;244.0006
20000,0.58,19894;244.0006
20000,0.58,19894;244.0006
20000,0.58,19894;244.0006
20000,0.58,19894;244.0006
20000,0.58,19894;244.0006
20000,0.58,19894;244.0006
20000,0.58,19894;244.0006
20000,0.58,19894;244.0006
20000,0.58,19894;244.0006
20000,0.58,19894;244.0006
20000,0.58,19894;244.0006
20000,0.58,19894;244.0006
20000,0.58,19894;244.0006
20000,0.58,19894;244.0006
20000,0.58,19894;244.0006
20000,0.58,19894;244.0006
20000,0.58,19894;244.0006
20000,0.58,19894;244.0006
20000,0.58,19894;244.0006
20000,0.58,19894;244.0006
20000,0.58,19894;244.0006
20000,0.58,19894;244.0006
20000,0.58,19894;244.0006
20000,0.58,19894;244.0006
20000,0.58,19894;244.0006
20000,0.58,19894;244.0006
20000,0.58,19894;244.0006
20000,0.58,19894;244.0006
20000,0.58,19894;244.0006
20000,0.58,19894;244.0006
20000,0.58,19894;244.0006
20000,0.58,19894;244.0006
20000,0.58,19894;244.0006
20000,0.58,19894;244.0006
20000,0.58,19894;244.0006
20000,0.58,19894;244.0006
20000,0.58,19894;244.0006
20000,0.58,19894;244.0006
20000,0.58,19894;244.0006
20000,0.58,19894;244.0006
20000,0.58,19894;244.0006
20000,0.58,19894;244.0006
20000,0.58,19894;244.0006
20000,0.58,19894;244.0006
20000,0.58,19894;244.0006
20000,0.58,19894;244.0006
20000,0.58,19894;244.0006
20000,0.58,19894;244.0006
20000,0.58,19894;244.0006
20000,0.58,19894;244.0006
20000,0.58,19894;244.0006
20000,0.58,19894;244.0006
20000,0.58,19894;244.0006
20000,0.58,19894;244.0006
20000,0.58,19894;244.0006
20000,0.58,19894;243.9777
20000.02,0.58,19894.01;243.8917
20000.02,0.58,19894.01;243.8917
20000.04,0.58,19894.02;243.8573
20000.04,0.58,19894.02;243.8573
20000.03,0.58,19894.02;243.8344
20000.03,0.58,19894.02;243.8344
20000.03,0.58,19894.01;243.8115
20000.03,0.58,19894.01;243.8115
20000.01,0.58,19894.01;243.7829
20000.01,0.58,19894.01;243.7829
19999.99,0.58,19893.99;243.7485
19999.99,0.58,19893.99;243.7485
19999.95,0.58,19893.98;243.6797
19999.95,0.58,19893.98;243.6797
19999.91,0.58,19893.95;243.6053
19999.86,0.58,19893.93;243.5308
19999.82,0.58,19893.91;243.4677
19999.79,0.58,19893.9;243.399
19999.79,0.58,19893.9;243.399
19999.78,0.58,19893.89;243.336
19999.78,0.58,19893.89;243.336
19999.78,0.58,19893.89;243.273
19999.78,0.58,19893.89;243.273
19999.78,0.58,19893.89;243.1756
19999.78,0.58,19893.89;243.1756
19999.77,0.58,19893.89;243.061
19999.77,0.58,19893.89;243.061
19999.76,0.58,19893.88;242.9693
19999.76,0.58,19893.88;242.9693
19999.74,0.58,19893.87;242.8833
19999.74,0.58,19893.87;242.8833
19999.72,0.58,19893.86;242.7859
19999.7,0.58,19893.85;242.6885
19999.67,0.58,19893.83;242.5854
19999.67,0.58,19893.83;242.4822
19999.67,0.58,19893.83;242.3447
19999.67,0.58,19893.83;242.2072
19999.67,0.58,19893.83;242.2072
19999.64,0.58,19893.82;242.0697
19999.62,0.58,19893.81;241.9494
19999.6,0.58,19893.8;241.8176
19999.6,0.58,19893.8;241.8176
19999.58,0.58,19893.79;241.703
19999.56,0.58,19893.77;241.5884
19999.54,0.58,19893.76;241.5025
19999.52,0.58,19893.75;241.4165
19999.5,0.58,19893.74;241.2962
19999.47,0.58,19893.73;241.1873
19999.47,0.58,19893.73;241.1873
19999.45,0.58,19893.71;241.0785
19999.43,0.58,19893.7;240.9524
19999.41,0.58,19893.69;240.8264
19999.41,0.58,19893.69;240.8264
19999.38,0.58,19893.68;240.7003
19999.37,0.58,19893.67;240.5685
19999.35,0.58,19893.66;240.4597
19999.35,0.58,19893.66;240.4597
19999.33,0.58,19893.64;240.3508
19999.3,0.58,19893.63;240.2305
19999.29,0.58,19893.62;240.1273
19999.29,0.58,19893.62;240.1273
19999.27,0.58,19893.61;240.0242
19999.25,0.58,19893.6;239.8981
19999.24,0.58,19893.59;239.7835
19999.24,0.58,19893.59;239.7835
19999.22,0.58,19893.58;239.6861
19999.21,0.58,19893.58;239.5887
19999.2,0.58,19893.57;239.4799
19999.2,0.58,19893.57;239.4799
19999.19,0.58,19893.57;239.3767
19999.18,0.58,19893.56;239.2736
19999.18,0.58,19893.56;239.1819
19999.17,0.58,19893.55;239.0788
19999.17,0.58,19893.55;239.0788
19999.17,0.58,19893.55;238.9756
19999.17,0.58,19893.55;238.9756
19999.17,0.58,19893.55;238.8725
19999.16,0.58,19893.55;238.7865
19999.16,0.58,19893.55;238.7006
19999.15,0.58,19893.54;238.5975
19999.15,0.58,19893.54;238.5
19999.15,0.58,19893.54;238.5
19999.15,0.58,19893.54;238.4141
19999.15,0.58,19893.54;238.4141
19999.15,0.58,19893.54;238.3167
19999.15,0.58,19893.54;238.3167
19999.15,0.58,19893.54;238.2135
19999.15,0.58,19893.54;238.2135
19999.15,0.58,19893.54;238.1333
19999.14,0.58,19893.54;238.0531
19999.14,0.58,19893.54;237.9557
19999.14,0.58,19893.54;237.8583
19999.14,0.58,19893.54;237.8583
19999.14,0.58,19893.53;237.7609
19999.13,0.58,19893.53;237.675
19999.13,0.58,19893.53;237.5776
19999.13,0.58,19893.53;237.5776
19999.13,0.58,19893.53;237.4801
19999.13,0.58,19893.53;237.4801
19999.12,0.58,19893.53;237.3999
19999.12,0.58,19893.52;237.3197
19999.12,0.58,19893.52;237.228
19999.11,0.58,19893.52;237.1306
19999.11,0.58,19893.52;237.1306
19999.11,0.58,19893.52;237.0332
19999.11,0.58,19893.51;236.9415
19999.1,0.58,19893.51;236.8556
19999.1,0.58,19893.51;236.8556
19999.1,0.58,19893.51;236.7639
19999.09,0.58,19893.51;236.6722
19999.09,0.58,19893.5;236.5977
19999.09,0.58,19893.5;236.5233
19999.08,0.58,19893.5;236.4201
19999.08,0.58,19893.5;236.317
19999.08,0.58,19893.5;236.317
19999.08,0.58,19893.5;236.2139
19999.07,0.58,19893.49;236.1279
19999.07,0.58,19893.49;236.042
19999.07,0.58,19893.49;236.042
19999.07,0.58,19893.49;235.956
19999.06,0.58,19893.48;235.8701
19999.06,0.58,19893.48;235.7956
19999.06,0.58,19893.48;235.7956
19999.05,0.58,19893.48;235.6924
19999.05,0.58,19893.47;235.5893
19999.04,0.58,19893.47;235.4862
19999.04,0.58,19893.47;235.4862
19999.04,0.58,19893.47;235.406
19999.04,0.58,19893.47;235.3143
19999.04,0.58,19893.47;235.3143
19999.03,0.58,19893.46;235.2226
19999.02,0.58,19893.46;235.1309
19999.02,0.58,19893.45;235.0507
19999.02,0.58,19893.45;235.0507
19999.01,0.58,19893.45;234.9705
19999.01,0.58,19893.45;234.8731
19999,0.58,19893.44;234.77
19999,0.58,19893.44;234.77
19999,0.58,19893.44;234.684
19998.99,0.58,19893.43;234.5981
19998.98,0.58,19893.43;234.5064
19998.98,0.58,19893.43;234.5064
19998.97,0.58,19893.42;234.409
19998.97,0.58,19893.42;234.3116
19998.96,0.58,19893.41;234.2314
19998.96,0.58,19893.41;234.2314
19998.95,0.58,19893.41;234.1282
19998.95,0.58,19893.41;234.1282
19998.95,0.58,19893.4;234.0308
19998.94,0.58,19893.4;233.9391
19998.93,0.58,19893.39;233.8475
19998.92,0.58,19893.38;233.7501
19998.92,0.58,19893.38;233.7501
19998.91,0.58,19893.38;233.6813
19998.9,0.58,19893.37;233.6125
19998.89,0.58,19893.37;233.5094
19998.89,0.58,19893.37;233.5094
19998.88,0.58,19893.36;233.4063
19998.88,0.58,19893.35;233.3031
19998.87,0.58,19893.34;233.2172
19998.87,0.58,19893.34;233.2172
19998.86,0.58,19893.34;233.1198
19998.85,0.58,19893.33;233.0224
19998.84,0.58,19893.32;232.9193
19998.83,0.58,19893.31;232.839
19998.83,0.58,19893.31;232.839
19998.82,0.58,19893.31;232.7359
19998.82,0.58,19893.31;232.7359
19998.81,0.58,19893.3;232.6385
19998.81,0.58,19893.3;232.6385
19998.8,0.58,19893.29;232.5526
19998.8,0.58,19893.29;232.5526
19998.79,0.58,19893.28;232.4551
19998.79,0.58,19893.28;232.4551
19998.78,0.58,19893.28;232.3577
19998.78,0.58,19893.28;232.3577
19998.77,0.58,19893.27;232.2718
19998.76,0.58,19893.27;232.1858
19998.76,0.58,19893.26;232.0827
19998.74,0.58,19893.25;231.9796
19998.74,0.58,19893.25;231.9796
19998.73,0.58,19893.24;231.8764
19998.71,0.58,19893.23;231.7962
19998.7,0.58,19893.22;231.6988
19998.7,0.58,19893.22;231.6988
19998.69,0.58,19893.21;231.6014
19998.67,0.58,19893.2;231.504
19998.66,0.58,19893.18;231.418
19998.66,0.58,19893.18;231.418
19998.64,0.58,19893.17;231.3149
19998.63,0.58,19893.16;231.2118
19998.61,0.58,19893.15;231.1144
19998.61,0.58,19893.15;231.1144
19998.6,0.58,19893.13;231.0284
19998.58,0.58,19893.12;230.9253
19998.58,0.58,19893.12;230.9253
19998.57,0.58,19893.11;230.8221
19998.55,0.58,19893.09;230.719
19998.53,0.58,19893.08;230.6388
19998.53,0.58,19893.08;230.6388
19998.53,0.58,19893.07;230.5586
19998.52,0.58,19893.07;230.4497
19998.51,0.58,19893.06;230.3466
19998.51,0.58,19893.06;230.2435
19998.51,0.58,19893.06;230.1575
19998.49,0.58,19893.05;230.0601
19998.49,0.58,19893.05;230.0601
19998.47,0.58,19893.03;229.9627
19998.45,0.58,19893.01;229.8653
19998.43,0.58,19893;229.7793
19998.42,0.58,19892.98;229.6934
19998.4,0.58,19892.97;229.5845
19998.38,0.58,19892.95;229.4814
19998.38,0.58,19892.95;229.4814
19998.36,0.58,19892.94;229.384
19998.34,0.58,19892.92;229.2866
19998.32,0.58,19892.9;229.1892
19998.29,0.58,19892.88;229.0918
19998.28,0.58,19892.86;228.9829
19998.26,0.58,19892.85;228.8912
19998.23,0.58,19892.83;228.7995
19998.21,0.58,19892.81;228.6907
19998.19,0.58,19892.79;228.5875
19998.19,0.58,19892.79;228.5875
19998.18,0.58,19892.78;228.4958
19998.15,0.58,19892.76;228.4042
19998.13,0.58,19892.73;228.2953
19998.11,0.58,19892.72;228.1864
19998.1,0.58,19892.7;228.0833
19998.08,0.58,19892.69;227.9916
19998.08,0.58,19892.69;227.9916
19998.05,0.58,19892.66;227.8885
19998.03,0.58,19892.64;227.7854
19998,0.58,19892.62;227.6822
19998,0.58,19892.62;227.6822
19997.98,0.58,19892.6;227.5905
19997.95,0.58,19892.57;227.4817
19997.95,0.58,19892.57;227.4817
19997.92,0.58,19892.55;227.3785
19997.92,0.58,19892.55;227.3785
19997.9,0.58,19892.53;227.2869
19997.9,0.58,19892.53;227.2869
19997.88,0.58,19892.5;227.178
19997.88,0.58,19892.5;227.178
19997.85,0.58,19892.47;227.0691
19997.85,0.58,19892.47;227.0691
19997.82,0.58,19892.46;226.9774
19997.82,0.58,19892.46;226.9774
19997.79,0.58,19892.43;226.8743
19997.79,0.58,19892.43;226.8743
19997.77,0.58,19892.4;226.7655
19997.74,0.58,19892.38;226.6566
19997.71,0.58,19892.35;226.5706
19997.68,0.58,19892.32;226.4618
19997.68,0.58,19892.32;226.4618
19997.66,0.58,19892.3;226.3643
19997.66,0.58,19892.3;226.3643
19997.63,0.58,19892.27;226.2727
19997.63,0.58,19892.27;226.2727
19997.6,0.58,19892.24;226.1638
19997.57,0.58,19892.21;226.0721
19997.57,0.58,19892.21;226.0721
19997.54,0.58,19892.19;225.9805
19997.51,0.58,19892.16;225.8716
19997.48,0.58,19892.13;225.7627
19997.48,0.58,19892.13;225.7627
19997.45,0.58,19892.1;225.6539
19997.42,0.58,19892.07;225.5507
19997.39,0.58,19892.04;225.459
19997.39,0.58,19892.04;225.459
19997.36,0.58,19892.01;225.3502
19997.33,0.58,19891.98;225.2413
19997.3,0.58,19891.95;225.1324
19997.3,0.58,19891.95;225.1324
19997.27,0.58,19891.92;225.0408
19997.24,0.58,19891.89;224.9491
19997.21,0.58,19891.85;224.846
19997.18,0.58,19891.83;224.7428
19997.15,0.58,19891.8;224.634
19997.12,0.58,19891.77;224.5423
19997.12,0.58,19891.77;224.5423
19997.09,0.58,19891.73;224.4506
19997.05,0.58,19891.7;224.336
19997.03,0.58,19891.67;224.2271
19997.03,0.58,19891.67;224.2271
19997,0.58,19891.64;224.1183
19996.96,0.58,19891.61;224.0266
19996.93,0.58,19891.57;223.9177
19996.93,0.58,19891.57;223.9177
19996.9,0.58,19891.54;223.826
19996.87,0.58,19891.51;223.7344
19996.84,0.58,19891.48;223.6255
19996.84,0.58,19891.48;223.6255
19996.81,0.58,19891.44;223.5167
19996.78,0.58,19891.41;223.4078
19996.75,0.58,19891.38;223.3161
19996.72,0.58,19891.35;223.2244
19996.69,0.58,19891.32;223.1156
19996.66,0.58,19891.29;223.0067
19996.66,0.58,19891.29;223.0067
19996.63,0.58,19891.26;222.8978
19996.61,0.58,19891.23;222.8004
19996.57,0.58,19891.19;222.6973
19996.57,0.58,19891.19;222.6973
19996.54,0.58,19891.16;222.5884
19996.52,0.58,19891.13;222.4796
19996.49,0.58,19891.1;222.3994
19996.49,0.58,19891.1;222.3994
19996.46,0.58,19891.07;222.2962
19996.43,0.58,19891.04;222.1931
19996.41,0.58,19891.01;222.09
19996.41,0.58,19891.01;222.09
19996.38,0.58,19890.98;222.0269
19996.35,0.58,19890.94;221.9639
19996.32,0.58,19890.91;221.9582
19996.29,0.58,19890.88;221.8665
19996.29,0.58,19890.88;221.8665
19996.26,0.58,19890.85;221.7863
19996.26,0.58,19890.85;221.7863
19996.24,0.58,19890.82;221.6889
19996.24,0.58,19890.82;221.6889
19996.21,0.58,19890.79;221.58
19996.21,0.58,19890.79;221.58
19996.18,0.58,19890.76;221.4884
19996.18,0.58,19890.76;221.4884
19996.15,0.58,19890.73;221.3795
19996.13,0.58,19890.7;221.2706
19996.13,0.58,19890.7;221.2706
19996.1,0.58,19890.67;221.1618
19996.08,0.58,19890.64;221.0758
19996.05,0.58,19890.61;220.9669
19996.05,0.58,19890.61;220.9669
19996.03,0.58,19890.58;220.8581
19996,0.58,19890.55;220.7492
19995.97,0.58,19890.52;220.6575
19995.97,0.58,19890.52;220.6575
19995.95,0.58,19890.49;220.5659
19995.92,0.58,19890.46;220.457
19995.9,0.58,19890.43;220.3481
19995.9,0.58,19890.43;220.3481
19995.87,0.58,19890.4;220.2393
19995.84,0.58,19890.36;220.1419
19995.82,0.58,19890.33;220.033
19995.82,0.58,19890.33;220.033
19995.79,0.58,19890.3;219.9241
19995.77,0.58,19890.27;219.8095
19995.74,0.58,19890.24;219.7179
19995.74,0.58,19890.24;219.7179
19995.71,0.58,19890.21;219.609
19995.69,0.58,19890.18;219.5001
19995.67,0.58,19890.15;219.3913
19995.64,0.58,19890.12;219.2824
19995.61,0.58,19890.08;219.185
19995.58,0.58,19890.05;219.0704
19995.58,0.58,19890.05;219.0704
19995.56,0.58,19890.02;218.9615
19995.54,0.58,19889.99;218.8527
19995.51,0.58,19889.96;218.7553
19995.51,0.58,19889.96;218.7553
19995.48,0.58,19889.92;218.6407
19995.46,0.58,19889.89;218.5261
19995.46,0.58,19889.89;218.5261
19995.43,0.58,19889.86;218.4115
19995.4,0.58,19889.83;218.3198
19995.38,0.58,19889.79;218.2109
19995.38,0.58,19889.79;218.2109
19995.36,0.58,19889.76;218.1021
19995.33,0.58,19889.73;217.9989
19995.31,0.58,19889.7;217.9073
19995.31,0.58,19889.7;217.9073
19995.28,0.58,19889.67;217.8156
19995.26,0.58,19889.64;217.7067
19995.24,0.58,19889.61;217.5979
19995.21,0.58,19889.57;217.489
19995.18,0.58,19889.54;217.3916
19995.16,0.58,19889.51;217.2827
19995.16,0.58,19889.51;217.2827
19995.13,0.58,19889.47;217.1739
19995.11,0.58,19889.45;217.0593
19995.09,0.58,19889.41;216.9676
19995.09,0.58,19889.41;216.9676
19995.06,0.58,19889.38;216.8759
19995.04,0.58,19889.35;216.7728
19995.02,0.58,19889.32;216.6696
19995.02,0.58,19889.32;216.6696
19994.99,0.58,19889.29;216.5837
19994.97,0.58,19889.25;216.4978
19994.95,0.58,19889.22;216.3946
19994.95,0.58,19889.22;216.3946
19994.92,0.58,19889.19;216.2857
19994.9,0.58,19889.16;216.1769
19994.88,0.58,19889.13;216.0909
19994.86,0.58,19889.1;216.0508
19994.86,0.58,19889.1;216.0508
19994.84,0.58,19889.08;216.0107
19994.84,0.58,19889.08;216.0107
19994.83,0.58,19889.06;215.9706
19994.82,0.58,19889.05;215.9305
19994.82,0.58,19889.05;215.9305
19994.82,0.58,19889.05;215.9305
19994.81,0.58,19889.04;215.8904
19994.81,0.58,19889.03;215.8503
19994.81,0.58,19889.03;215.8503
19994.81,0.58,19889.03;215.8503
19994.81,0.58,19889.03;215.8102
19994.8,0.58,19889.03;215.7701
19994.8,0.58,19889.03;215.7701
19994.8,0.58,19889.02;215.73
19994.8,0.58,19889.02;215.73
19994.79,0.58,19889;215.6899
19994.79,0.58,19889;215.6899
19994.77,0.58,19888.98;215.6498
19994.77,0.58,19888.98;215.6498
19994.75,0.58,19888.96;215.6097
19994.75,0.58,19888.96;215.6097
19994.73,0.58,19888.93;215.5696
19994.73,0.58,19888.93;215.5696
19994.71,0.58,19888.9;215.5295
19994.71,0.58,19888.9;215.5295
19994.69,0.58,19888.87;215.4893
19994.69,0.58,19888.87;215.4893
19994.66,0.58,19888.83;215.4492
19994.64,0.58,19888.79;215.4091
19994.64,0.58,19888.79;215.4091
19994.64,0.58,19888.79;215.4091
19994.61,0.58,19888.75;215.369
19994.58,0.58,19888.71;215.3289
19994.58,0.58,19888.71;215.3289
19994.58,0.58,19888.71;215.3289
19994.54,0.58,19888.66;215.2888
19994.5,0.58,19888.6;215.2487
19994.5,0.58,19888.6;215.2487
19994.47,0.58,19888.55;215.2086
19994.47,0.58,19888.55;215.2086
19994.43,0.58,19888.5;215.1685
19994.43,0.58,19888.5;215.1685
19994.38,0.58,19888.44;215.1284
19994.35,0.58,19888.38;215.0883
19994.35,0.58,19888.38;215.0883
19994.3,0.58,19888.32;215.0482
19994.26,0.58,19888.26;215.0997
19994.21,0.58,19888.19;215.1227
19994.21,0.58,19888.19;215.1227
19994.16,0.58,19888.13;215.1456
19994.12,0.58,19888.06;215.1914
19994.07,0.58,19887.99;215.2774
19994.07,0.58,19887.99;215.2774
19994.02,0.58,19887.92;215.3461
19993.98,0.58,19887.86;215.4149
19993.94,0.58,19887.8;215.4893
19993.94,0.58,19887.8;215.4893
19993.89,0.58,19887.73;215.5638
19993.84,0.58,19887.66;215.6383
19993.79,0.58,19887.6;215.7128
19993.75,0.58,19887.54;215.7873
19993.71,0.58,19887.48;215.8675
19993.66,0.58,19887.41;215.919
19993.66,0.58,19887.41;215.919
19993.61,0.58,19887.35;215.9763
19993.57,0.58,19887.29;216.0336
19993.53,0.58,19887.23;216.1253
19993.53,0.58,19887.23;216.1253
19993.48,0.58,19887.17;216.217
19993.43,0.58,19887.1;216.3087
19993.38,0.58,19887.04;216.3889
19993.34,0.58,19886.98;216.4691
19993.3,0.58,19886.92;216.5608
19993.25,0.58,19886.86;216.6238
19993.25,0.58,19886.86;216.6238
19993.2,0.58,19886.79;216.704
19993.2,0.58,19886.79;216.704
19993.16,0.58,19886.74;216.7899
19993.16,0.58,19886.74;216.7899
19993.11,0.58,19886.68;216.8759
19993.07,0.58,19886.62;216.9618
19993.02,0.58,19886.55;217.0535
19993.02,0.58,19886.55;217.0535
19992.98,0.58,19886.5;217.1567
19992.93,0.58,19886.44;217.2598
19992.88,0.58,19886.38;217.3343
19992.84,0.58,19886.32;217.4088
19992.79,0.58,19886.26;217.5062
19992.76,0.58,19886.21;217.6036
19992.72,0.58,19886.16;217.6838
19992.67,0.58,19886.1;217.7468
19992.67,0.58,19886.1;217.7468
19992.63,0.58,19886.04;217.8098
19992.58,0.58,19885.98;217.8728
19992.54,0.58,19885.94;217.9588
19992.54,0.58,19885.94;217.9588
19992.5,0.58,19885.88;218.0448
19992.46,0.58,19885.82;218.125
19992.41,0.58,19885.77;218.2166
19992.41,0.58,19885.77;218.2166
19992.38,0.58,19885.72;218.3083
19992.34,0.58,19885.67;218.4
19992.29,0.58,19885.62;218.4802
19992.29,0.58,19885.62;218.4802
19992.25,0.58,19885.57;218.5719
19992.22,0.58,19885.52;218.6636
19992.18,0.58,19885.48;218.7552
19992.18,0.58,19885.48;218.7552
19992.14,0.58,19885.42;218.8297
19992.1,0.58,19885.38;218.9042
19992.06,0.58,19885.32;218.9959
19992.02,0.58,19885.28;219.0818
19992.02,0.58,19885.28;219.0818
19991.98,0.58,19885.23;219.162
19991.98,0.58,19885.23;219.162
19991.94,0.58,19885.18;219.2422
19991.91,0.58,19885.14;219.3339
19991.88,0.58,19885.1;219.4256
19991.88,0.58,19885.1;219.4256
19991.84,0.58,19885.06;219.5001
19991.8,0.58,19885.01;219.5746
19991.76,0.58,19884.96;219.6662
19991.73,0.58,19884.93;219.7579
19991.7,0.58,19884.89;219.8496
19991.66,0.58,19884.84;219.9241
19991.66,0.58,19884.84;219.9241
19991.63,0.58,19884.8;219.9986
19991.59,0.58,19884.76;220.0903
19991.56,0.58,19884.72;220.1819
19991.56,0.58,19884.72;220.1819
19991.52,0.58,19884.68;220.2564
19991.49,0.58,19884.64;220.3309
19991.46,0.58,19884.61;220.4226
19991.46,0.58,19884.61;220.4226
19991.43,0.58,19884.57;220.5143
19991.39,0.58,19884.53;220.6059
19991.36,0.58,19884.49;220.6861
19991.36,0.58,19884.49;220.6861
19991.33,0.58,19884.45;220.7778
19991.3,0.58,19884.42;220.8752
19991.3,0.58,19884.42;220.8752
19991.3,0.58,19884.42;220.8752
19991.26,0.58,19884.38;220.9497
19991.24,0.58,19884.35;221.0242
19991.21,0.58,19884.32;221.1159
19991.18,0.58,19884.28;221.2076
19991.15,0.58,19884.25;221.305
19991.12,0.58,19884.21;221.3852
19991.12,0.58,19884.21;221.3852
19991.09,0.58,19884.18;221.4826
19991.06,0.58,19884.15;221.58
19991.03,0.58,19884.11;221.6659
19991,0.58,19884.08;221.7462
19991,0.58,19884.08;221.7462
19990.98,0.58,19884.05;221.8264
19990.96,0.58,19884.03;221.9238
19990.93,0.58,19884;222.004
19990.93,0.58,19884;222.004
19990.9,0.58,19883.97;222.1014
19990.88,0.58,19883.94;222.1988
19990.88,0.58,19883.94;222.1988
19990.85,0.58,19883.91;222.2905
19990.85,0.58,19883.91;222.2905
19990.83,0.58,19883.89;222.3764
19990.8,0.58,19883.86;222.4624
19990.78,0.58,19883.83;222.5598
19990.75,0.58,19883.8;222.6572
19990.75,0.58,19883.8;222.6572
19990.73,0.58,19883.78;222.7431
19990.71,0.58,19883.76;222.8348
19990.71,0.58,19883.76;222.8348
19990.69,0.58,19883.73;222.9322
19990.67,0.58,19883.71;223.0296
19990.65,0.58,19883.69;223.1098
19990.63,0.58,19883.67;223.1901
19990.6,0.58,19883.65;223.2875
19990.58,0.58,19883.63;223.3734
19990.58,0.58,19883.63;223.3734
19990.56,0.58,19883.61;223.4651
19990.54,0.58,19883.58;223.5625
19990.54,0.58,19883.58;223.5625
19990.52,0.58,19883.56;223.6599
19990.51,0.58,19883.54;223.7401
19990.49,0.58,19883.53;223.8375
19990.49,0.58,19883.53;223.8375
19990.47,0.58,19883.51;223.9292
19990.45,0.58,19883.49;224.0209
19990.44,0.58,19883.47;224.1068
19990.42,0.58,19883.45;224.1928
19990.4,0.58,19883.44;224.2959
19990.39,0.58,19883.42;224.3876
19990.39,0.58,19883.42;224.3876
19990.37,0.58,19883.4;224.4793
19990.35,0.58,19883.38;224.5595
19990.34,0.58,19883.37;224.6569
19990.34,0.58,19883.37;224.6569
19990.32,0.58,19883.35;224.7543
19990.31,0.58,19883.34;224.8575
19990.29,0.58,19883.32;224.9377
19990.29,0.58,19883.32;224.9377
19990.28,0.58,19883.31;225.0408
19990.26,0.58,19883.29;225.1439
19990.25,0.58,19883.28;225.2356
19990.25,0.58,19883.28;225.2356
19990.23,0.58,19883.27;225.3215
19990.22,0.58,19883.25;225.419
19990.22,0.58,19883.25;225.419
19990.21,0.58,19883.24;225.5164
19990.19,0.58,19883.23;225.6138
19990.18,0.58,19883.22;225.694
19990.18,0.58,19883.22;225.694
19990.17,0.58,19883.2;225.7971
19990.15,0.58,19883.19;225.9003
19990.14,0.58,19883.17;225.9977
19990.13,0.58,19883.16;226.0951
19990.12,0.58,19883.15;226.181
19990.1,0.58,19883.14;226.2784
19990.09,0.58,19883.13;226.3758
19990.08,0.58,19883.12;226.4732
19990.07,0.58,19883.1;226.5649
19990.07,0.58,19883.1;226.5649
19990.05,0.58,19883.09;226.6566
19990.05,0.58,19883.09;226.6566
19990.04,0.58,19883.08;226.7597
19990.04,0.58,19883.08;226.7597
19990.03,0.58,19883.07;226.8457
19990.02,0.58,19883.06;226.9316
19990.01,0.58,19883.05;227.029
19990.01,0.58,19883.05;227.029
19990,0.58,19883.04;227.1322
19989.99,0.58,19883.03;227.2353
19989.98,0.58,19883.02;227.3213
19989.96,0.58,19883.01;227.4187
19989.96,0.58,19883.01;227.4187
19989.96,0.58,19883;227.5218
19989.96,0.58,19883;227.5218
19989.94,0.58,19882.99;227.5963
19989.94,0.58,19882.99;227.5963
19989.93,0.58,19882.98;227.6765
19989.93,0.58,19882.98;227.6765
19989.92,0.58,19882.97;227.7223
19989.92,0.58,19882.97;227.7223
19989.91,0.58,19882.96;227.7395
19989.9,0.58,19882.95;227.7567
19989.88,0.58,19882.93;227.7968
19989.86,0.58,19882.92;227.8255
19989.85,0.58,19882.9;227.8484
19989.85,0.58,19882.9;227.8484
19989.82,0.58,19882.88;227.8713
19989.8,0.58,19882.86;227.8828
19989.77,0.58,19882.84;227.8942
19989.75,0.58,19882.81;227.8999
19989.72,0.58,19882.79;227.9057
19989.7,0.58,19882.77;227.8999
19989.67,0.58,19882.74;227.8942
19989.67,0.58,19882.74;227.8942
19989.64,0.58,19882.71;227.8885
19989.61,0.58,19882.69;227.8713
19989.58,0.58,19882.66;227.8598
19989.58,0.58,19882.66;227.8598
19989.55,0.58,19882.63;227.8484
19989.52,0.58,19882.61;227.8255
19989.49,0.58,19882.58;227.7911
19989.49,0.58,19882.58;227.7911
19989.46,0.58,19882.55;227.7739
19989.42,0.58,19882.52;227.7338
19989.42,0.58,19882.52;227.7338
19989.38,0.58,19882.48;227.6937
19989.34,0.58,19882.44;227.6364
19989.3,0.58,19882.4;227.5734
19989.3,0.58,19882.4;227.5734
19989.24,0.58,19882.35;227.5103
19989.18,0.58,19882.29;227.4244
19989.12,0.58,19882.24;227.3327
19989.12,0.58,19882.24;227.3327
19989.06,0.58,19882.19;227.2181
19988.99,0.58,19882.12;227.1035
19988.92,0.58,19882.05;226.9718
19988.92,0.58,19882.05;226.9718
19988.85,0.58,19881.99;226.8572
19988.77,0.58,19881.92;226.7426
19988.69,0.58,19881.84;226.6108
19988.61,0.58,19881.76;226.479
19988.52,0.58,19881.68;226.3644
19988.45,0.58,19881.61;226.2727
19988.45,0.58,19881.61;226.2727
19988.37,0.58,19881.53;226.1811
19988.28,0.58,19881.45;226.0722
19988.19,0.58,19881.36;225.9519
19988.19,0.58,19881.36;225.9519
19988.12,0.58,19881.29;225.843
19988.04,0.58,19881.21;225.7341
19987.95,0.58,19881.13;225.6023
19987.95,0.58,19881.13;225.6023
19987.87,0.58,19881.04;225.4648
19987.8,0.58,19880.97;225.3273
19987.73,0.58,19880.91;225.2127
19987.73,0.58,19880.91;225.2127
19987.65,0.58,19880.82;225.0809
19987.57,0.58,19880.75;224.9606
19987.57,0.58,19880.75;224.9606
19987.5,0.58,19880.68;224.8575
19987.42,0.58,19880.59;224.7543
19987.34,0.58,19880.51;224.6283
19987.34,0.58,19880.51;224.6283
19987.26,0.58,19880.43;224.5022
19987.19,0.58,19880.36;224.3762
19987.12,0.58,19880.29;224.2673
19987.04,0.58,19880.21;224.1355
19987.04,0.58,19880.21;224.1355
19986.96,0.58,19880.13;224.0095
19986.96,0.58,19880.13;224.0095
19986.9,0.58,19880.06;223.8949
19986.9,0.58,19880.06;223.8949
19986.82,0.58,19879.98;223.7688
19986.75,0.58,19879.9;223.6371
19986.75,0.58,19879.9;223.6371
19986.68,0.58,19879.84;223.5053
19986.62,0.58,19879.77;223.3964
19986.55,0.58,19879.69;223.2704
19986.55,0.58,19879.69;223.2704
19986.47,0.58,19879.61;223.1443
19986.4,0.58,19879.54;223.0182
19986.34,0.58,19879.47;222.9094
19986.34,0.58,19879.47;222.9094
19986.27,0.58,19879.39;222.8005
19986.19,0.58,19879.31;222.6745
19986.12,0.58,19879.23;222.5484
19986.12,0.58,19879.23;222.5484
19986.06,0.58,19879.17;222.4223
19986,0.58,19879.1;222.302
19985.93,0.58,19879.03;222.1703
19985.93,0.58,19879.03;222.1703
19985.87,0.58,19878.95;222.0385
19985.82,0.58,19878.9;221.9067
19985.78,0.58,19878.85;221.7921
19985.78,0.58,19878.85;221.7921
19985.71,0.58,19878.78;221.6603
19985.64,0.58,19878.7;221.5285
19985.57,0.58,19878.62;221.391
19985.52,0.58,19878.56;221.2535
19985.46,0.58,19878.49;221.1332
19985.39,0.58,19878.41;221.0014
19985.39,0.58,19878.41;221.0014
19985.32,0.58,19878.33;220.8696
19985.25,0.58,19878.25;220.7378
19985.19,0.58,19878.18;220.6232
19985.19,0.58,19878.18;220.6232
19985.13,0.58,19878.11;220.5086
19985.06,0.58,19878.02;220.3711
19984.99,0.58,19877.94;220.268
19984.99,0.58,19877.94;220.268
19984.93,0.58,19877.88;220.1649
19984.86,0.58,19877.79;220.0732
19984.79,0.58,19877.71;219.9471
19984.79,0.58,19877.71;219.9471
19984.73,0.58,19877.63;219.8153
19984.67,0.58,19877.56;219.7065
19984.67,0.58,19877.56;219.7065
19984.6,0.58,19877.48;219.5976
19984.54,0.58,19877.4;219.4716
19984.47,0.58,19877.32;219.334
19984.47,0.58,19877.32;219.334
19984.41,0.58,19877.25;219.1965
19984.35,0.58,19877.18;219.0877
19984.29,0.58,19877.09;218.9501
19984.29,0.58,19877.09;218.9501
19984.23,0.58,19877.02;218.8126
19984.17,0.58,19876.95;218.7038
19984.11,0.58,19876.87;218.5949
19984.11,0.58,19876.87;218.5949
19984.11,0.58,19876.87;218.5949
19984.04,0.58,19876.79;218.4574
19983.98,0.58,19876.71;218.3428
19983.98,0.58,19876.71;218.3428
19983.92,0.58,19876.63;218.211
19983.92,0.58,19876.63;218.211
19983.85,0.58,19876.55;218.0735
19983.85,0.58,19876.55;218.0735
19983.8,0.58,19876.48;217.9589
19983.73,0.58,19876.4;217.8214
19983.73,0.58,19876.4;217.8214
19983.67,0.58,19876.31;217.6953
19983.62,0.58,19876.24;217.5808
19983.55,0.58,19876.16;217.4432
19983.55,0.58,19876.16;217.4432
19983.49,0.58,19876.08;217.3745
19983.49,0.58,19876.08;217.3745
19983.44,0.58,19876.01;217.3172
19983.37,0.58,19875.93;217.2599
19983.31,0.58,19875.84;217.2141
19983.25,0.58,19875.76;217.0938
19983.25,0.58,19875.76;217.0938
19983.2,0.58,19875.7;216.9734
19983.14,0.58,19875.62;216.8416
19983.14,0.58,19875.62;216.8416
19983.08,0.58,19875.54;216.7156
19983.03,0.58,19875.47;216.5896
19982.98,0.58,19875.4;216.5265
19982.92,0.58,19875.32;216.4635
19982.86,0.58,19875.24;216.4005
19982.86,0.58,19875.24;216.4005
19982.81,0.58,19875.18;216.3375
19982.81,0.58,19875.18;216.3375
19982.76,0.58,19875.1;216.2744
19982.76,0.58,19875.1;216.2744
19982.7,0.58,19875.02;216.2114
19982.65,0.58,19874.96;216.1484
19982.65,0.58,19874.96;216.1484
19982.6,0.58,19874.88;216.0854
19982.54,0.58,19874.8;216.0682
19982.48,0.58,19874.72;216.0166
19982.48,0.58,19874.72;216.0166
19982.44,0.58,19874.66;215.9593
19982.38,0.58,19874.58;215.9021
19982.33,0.58,19874.51;215.776
19982.27,0.58,19874.43;215.6499
19982.22,0.58,19874.36;215.5239
19982.17,0.58,19874.29;215.4093
19982.17,0.58,19874.29;215.4093
19982.12,0.58,19874.22;215.2775
19982.07,0.58,19874.14;215.1457
19982.01,0.58,19874.06;215.0197
19981.97,0.58,19874;214.8936
19981.92,0.58,19873.94;214.7848
19981.87,0.58,19873.86;214.6644
19981.87,0.58,19873.86;214.6644
19981.83,0.58,19873.8;214.5327
19981.8,0.58,19873.75;214.4009
19981.76,0.58,19873.7;214.292
19981.76,0.58,19873.7;214.292
19981.72,0.58,19873.63;214.1602
19981.68,0.58,19873.58;214.0285
19981.64,0.58,19873.52;213.9024
19981.6,0.58,19873.45;213.7764
19981.55,0.58,19873.38;213.6732
19981.5,0.58,19873.31;213.5472
19981.5,0.58,19873.31;213.5472
19981.46,0.58,19873.26;213.4269
19981.42,0.58,19873.19;213.3065
19981.38,0.58,19873.12;213.1919
19981.33,0.58,19873.05;213.0773
19981.29,0.58,19872.98;212.9513
19981.25,0.58,19872.92;212.831
19981.25,0.58,19872.92;212.831
19981.21,0.58,19872.86;212.7221
19981.16,0.58,19872.79;212.6132
19981.12,0.58,19872.71;212.4929
19981.12,0.58,19872.71;212.4929
19981.08,0.58,19872.66;212.3669
19981.04,0.58,19872.59;212.2408
19980.99,0.58,19872.52;212.1319
19980.95,0.58,19872.45;212.0116
19980.95,0.58,19872.45;212.0116
19980.91,0.58,19872.38;211.8913
19980.91,0.58,19872.38;211.8913
19980.87,0.58,19872.32;211.7882
19980.82,0.58,19872.24;211.685
19980.78,0.58,19872.17;211.5704
19980.78,0.58,19872.17;211.5704
19980.74,0.58,19872.11;211.4501
19980.69,0.58,19872.04;211.3298
19980.65,0.58,19871.96;211.2267
19980.61,0.58,19871.89;211.1063
19980.61,0.58,19871.89;211.1063
19980.57,0.58,19871.83;210.986
19980.57,0.58,19871.83;210.986
19980.53,0.58,19871.76;210.8886
19980.48,0.58,19871.68;210.7912
19980.44,0.58,19871.61;210.6766
19980.4,0.58,19871.55;210.5563
19980.4,0.58,19871.55;210.5563
19980.36,0.58,19871.47;210.4532
19980.31,0.58,19871.4;210.3386
19980.31,0.58,19871.4;210.3386
19980.28,0.58,19871.34;210.224
19980.24,0.58,19871.28;210.1094
19980.2,0.58,19871.2;210.012
19980.2,0.58,19871.2;210.012
19980.16,0.58,19871.14;209.8974
19980.12,0.58,19871.06;209.7828
19980.08,0.58,19870.99;209.6739
19980.04,0.58,19870.91;209.565
19979.99,0.58,19870.84;209.4676
19979.96,0.58,19870.78;209.353
19979.96,0.58,19870.78;209.353
19979.92,0.58,19870.7;209.2442
19979.88,0.58,19870.63;209.1525
19979.88,0.58,19870.63;209.1525
19979.84,0.58,19870.57;209.0379
19979.8,0.58,19870.49;208.9233
19979.76,0.58,19870.41;208.8145
19979.71,0.58,19870.34;208.7056
19979.67,0.5800001,19870.27;208.6139
19979.64,0.5800002,19870.27;208.5051
19979.64,0.5800002,19870.27;208.5051
19979.59,0.5800003,19870.27;208.4076
19979.55,0.5800005,19870.27;208.316
19979.55,0.5800005,19870.27;208.316
19979.51,0.5800006,19870.27;208.2071
19979.47,0.5800008,19870.27;208.0982
19979.43,0.5800009,19870.27;207.9894
19979.43,0.5800009,19870.27;207.9894
19979.39,0.5800015,19870.27;207.9034
19979.35,0.580002,19870.27;207.8175
19979.35,0.580002,19870.27;207.8175
19979.31,0.5800017,19870.27;207.7315
19979.27,0.5800015,19870.27;207.6456
19979.27,0.5800015,19870.27;207.6456
19979.27,0.5800015,19870.27;207.6456
19979.23,0.580002,19870.27;207.5596
19979.19,0.5800029,19870.27;207.5596
19979.15,0.5800027,19870.27;207.5596
19979.15,0.5800027,19870.27;207.5596
19979.11,0.5800028,19870.27;207.5596
19979.11,0.5800028,19870.27;207.5596
19979.07,0.580003,19870.27;207.5482
19979.02,0.5800032,19870.27;207.5367
19978.98,0.5800034,19870.27;207.5195
19978.94,0.5800028,19870.27;207.4851
19978.94,0.5800028,19870.27;207.4851
19978.9,0.5800025,19870.27;207.4508
19978.9,0.5800025,19870.27;207.4508
19978.9,0.5800025,19870.27;207.4508
19978.86,0.580002,19870.27;207.3419
19978.82,0.5800021,19870.27;207.233
19978.78,0.5800019,19870.27;207.1184
19978.74,0.5800024,19870.27;207.0153
19978.74,0.5800024,19870.27;207.0153
19978.7,0.5800022,19870.27;206.9466
19978.7,0.5800022,19870.27;206.9466
19978.66,0.5800023,19870.27;206.832
19978.66,0.5800023,19870.27;206.832
19978.62,0.5800021,19870.27;206.7231
19978.58,0.5800018,19870.27;206.6314
19978.58,0.5800018,19870.27;206.6314
19978.54,0.580002,19870.27;206.5397
19978.51,0.5800021,19870.27;206.4252
19978.47,0.5800019,19870.27;206.3105
19978.47,0.5800019,19870.27;206.3105
19978.43,0.5800024,19870.27;206.196
19978.39,0.5800026,19870.27;206.0986
19978.36,0.5800024,19870.27;205.9782
19978.36,0.5800024,19870.27;205.9782
19978.32,0.5800022,19870.27;205.8636
19978.28,0.580002,19870.27;205.749
19978.24,0.5800014,19870.27;205.6574
19978.24,0.5800014,19870.27;205.6574
19978.21,0.5800018,19870.27;205.5485
19978.18,0.5800023,19870.27;205.4396
19978.14,0.5800025,19870.27;205.325
19978.1,0.5800022,19870.27;205.2104
19978.07,0.5800027,19870.27;205.1188
19978.04,0.5800029,19870.27;205.0099
19978.04,0.5800029,19870.27;205.0099
19978,0.5800027,19870.27;204.901
19977.97,0.5800025,19870.27;204.7865
19977.94,0.5800026,19870.27;204.6719
19977.91,0.5800024,19870.27;204.5802
19977.88,0.5800022,19870.27;204.4885
19977.84,0.580002,19870.27;204.3796
19977.81,0.5800021,19870.27;204.2708
19977.78,0.580002,19870.27;204.1734
19977.74,0.5800024,19870.27;204.0645
19977.72,0.5800025,19870.27;203.9556
19977.69,0.5800024,19870.27;203.8468
19977.66,0.5800021,19870.27;203.7379
19977.63,0.580002,19870.27;203.6462
19977.6,0.5800021,19870.27;203.5374
19977.6,0.5800021,19870.27;203.5374
19977.57,0.5800022,19870.27;203.4285
19977.54,0.5800024,19870.27;203.3196
19977.51,0.5800021,19870.27;203.2279
19977.48,0.5800022,19870.27;203.1363
19977.46,0.5800021,19870.27;203.0274
19977.43,0.5800019,19870.27;202.9243
19977.43,0.5800019,19870.27;202.9243
19977.4,0.5800017,19870.27;202.8211
19977.38,0.5800021,19870.27;202.7352
19977.35,0.5800022,19870.27;202.632
19977.33,0.5800023,19870.27;202.5289
19977.3,0.5800021,19870.27;202.4315
19977.28,0.580002,19870.27;202.3513
19977.28,0.580002,19870.27;202.3513
19977.26,0.5800021,19870.27;202.2711
19977.23,0.5800022,19870.27;202.1851
19977.21,0.580002,19870.27;202.0935
19977.19,0.5800019,19870.27;202.0247
19977.19,0.5800019,19870.27;202.0247
19977.17,0.580002,19870.27;201.9559
19977.15,0.5800022,19870.27;201.8757
19977.15,0.5800022,19870.27;201.8757
19977.13,0.5800021,19870.27;201.8013
19977.11,0.580002,19870.27;201.7268
19977.09,0.5800021,19870.27;201.6581
19977.07,0.5800021,19870.27;201.5836
19977.07,0.5800021,19870.27;201.5836
19977.06,0.580002,19870.27;201.5091
19977.04,0.5800021,19870.27;201.4346
19977.02,0.5800022,19870.27;201.3601
19977,0.5800022,19870.27;201.2971
19976.98,0.5800024,19870.27;201.2341
19976.95,0.5800024,19870.26;201.1596
19976.92,0.5800025,19870.25;201.0851
19976.92,0.5800025,19870.25;201.0851
19976.89,0.5800025,19870.22;201.0221
19976.89,0.5800025,19870.22;201.0221
19976.86,0.5800025,19870.19;200.9476
19976.84,0.5800025,19870.14;200.8732
19976.82,0.5800025,19870.1;200.7987
19976.8,0.5800025,19870.05;200.7357
19976.8,0.5800025,19870.05;200.7357
19976.79,0.5800025,19870.01;200.6669
19976.79,0.5800025,19870.01;200.6669
19976.77,0.5800025,19869.96;200.5924
19976.75,0.5800025,19869.92;200.5179
19976.74,0.5800025,19869.88;200.4549
19976.72,0.5800025,19869.84;200.3804
19976.72,0.5800025,19869.84;200.3804
19976.71,0.5800025,19869.79;200.306
19976.69,0.5800025,19869.75;200.2429
19976.67,0.5800025,19869.71;200.1799
19976.66,0.5800025,19869.67;200.1112
19976.64,0.5800025,19869.62;200.0424
19976.63,0.5800025,19869.58;199.9679
19976.61,0.5800025,19869.53;199.8935
19976.6,0.5800025,19869.49;199.819
19976.58,0.5800025,19869.46;199.756
19976.57,0.5800025,19869.41;199.6872
19976.57,0.5800025,19869.41;199.6872
19976.55,0.5800025,19869.37;199.6185
19976.54,0.5800025,19869.32;199.544
19976.52,0.5800025,19869.29;199.481
19976.52,0.5800025,19869.29;199.481
19976.51,0.5800025,19869.24;199.4122
19976.49,0.5800025,19869.2;199.3435
19976.48,0.5800025,19869.16;199.2747
19976.46,0.5800025,19869.12;199.206
19976.45,0.5800025,19869.08;199.1429
19976.44,0.5800025,19869.04;199.0742
19976.44,0.5800025,19869.04;199.0742
19976.42,0.5800025,19869;199.0054
19976.41,0.5800025,19868.95;198.9367
19976.4,0.5800025,19868.92;198.8737
19976.4,0.5800025,19868.92;198.8737
19976.38,0.5800025,19868.88;198.8107
19976.37,0.5800025,19868.83;198.7419
19976.35,0.5800025,19868.79;198.6674
19976.35,0.5800025,19868.79;198.6674
19976.34,0.5800025,19868.76;198.5929
19976.33,0.5800025,19868.72;198.5356
19976.31,0.5800025,19868.68;198.4669
19976.31,0.5800025,19868.68;198.4669
19976.3,0.5800025,19868.64;198.4096
19976.29,0.5800025,19868.6;198.3523
19976.28,0.5800025,19868.57;198.2778
19976.27,0.5800025,19868.53;198.2091
19976.25,0.5800025,19868.49;198.1403
19976.24,0.5800025,19868.46;198.083
19976.23,0.5800025,19868.42;198.0258
19976.22,0.5800025,19868.38;197.9513
19976.21,0.5800025,19868.35;197.8825
19976.21,0.5800025,19868.35;197.8825
19976.2,0.5800025,19868.31;197.8252
19976.18,0.5800025,19868.28;197.7679
19976.17,0.5800025,19868.24;197.6992
19976.17,0.5800025,19868.24;197.6992
19976.16,0.5800025,19868.2;197.6304
19976.15,0.5800025,19868.17;197.5674
19976.14,0.5800025,19868.13;197.5044
19976.13,0.5800025,19868.11;197.4357
19976.12,0.5800025,19868.07;197.3669
19976.12,0.5800025,19868.07;197.3669
19976.11,0.5800025,19868.03;197.3039
19976.1,0.5800025,19868.01;197.2409
19976.09,0.5800025,19867.98;197.1721
19976.09,0.5800025,19867.98;197.1721
19976.08,0.5800025,19867.94;197.1034
19976.07,0.5800025,19867.91;197.0346
19976.06,0.5800025,19867.87;196.9716
19976.05,0.5800025,19867.84;196.9028
19976.05,0.5800025,19867.84;196.9028
19976.04,0.5800025,19867.81;196.8341
19976.04,0.5800025,19867.81;196.8341
19976.03,0.5800025,19867.78;196.7711
19976.03,0.5800025,19867.78;196.7711
19976.02,0.5800025,19867.75;196.7081
19976.01,0.5800025,19867.72;196.6393
19976,0.5800025,19867.69;196.5648
19976,0.5800025,19867.69;196.5648
19975.99,0.5800025,19867.66;196.5018
19975.99,0.5800025,19867.66;196.5018
19975.98,0.5800025,19867.63;196.4331
19975.98,0.5800025,19867.63;196.4331
19975.97,0.5800025,19867.6;196.3643
19975.97,0.5800025,19867.57;196.3013
19975.97,0.5800025,19867.57;196.3013
19975.96,0.5800025,19867.54;196.2268
19975.95,0.5800025,19867.51;196.1523
19975.94,0.5800025,19867.47;196.0836
19975.94,0.5800025,19867.47;196.0836
19975.93,0.5800025,19867.45;196.0206
19975.92,0.5800025,19867.41;195.9575
19975.91,0.5800025,19867.38;195.8831
19975.91,0.5800025,19867.38;195.8831
19975.9,0.5800025,19867.35;195.8086
19975.9,0.5800025,19867.33;195.7456
19975.9,0.5800025,19867.33;195.7456
19975.89,0.5800025,19867.3;195.6825
19975.88,0.5800025,19867.27;195.608
19975.87,0.5800025,19867.24;195.5393
19975.87,0.5800025,19867.24;195.5393
19975.87,0.5800025,19867.21;195.4706
19975.86,0.5800025,19867.18;195.4075
19975.85,0.5800025,19867.15;195.3331
19975.85,0.5800025,19867.15;195.3331
19975.84,0.5800025,19867.13;195.2586
19975.84,0.5800025,19867.1;195.1841
19975.83,0.5800025,19867.08;195.1211
19975.83,0.5800025,19867.08;195.1211
19975.82,0.5800025,19867.05;195.0466
19975.81,0.5800025,19867.02;194.9721
19975.81,0.5800025,19867;194.9034
19975.8,0.5800025,19866.97;194.8403
19975.79,0.5800025,19866.95;194.7659
19975.79,0.5800025,19866.95;194.7659
19975.79,0.5800025,19866.92;194.6914
19975.78,0.5800025,19866.9;194.6226
19975.78,0.5800025,19866.87;194.5596
19975.78,0.5800025,19866.87;194.5596
19975.77,0.5800025,19866.85;194.4966
19975.76,0.5800025,19866.82;194.4221
19975.76,0.5800025,19866.8;194.3534
19975.76,0.5800025,19866.8;194.3534
19975.75,0.5800025,19866.78;194.2961
19975.75,0.5800025,19866.76;194.2388
19975.74,0.5800025,19866.74;194.17
19975.74,0.5800025,19866.74;194.17
19975.73,0.5800025,19866.71;194.1013
19975.73,0.5800025,19866.7;194.0325
19975.72,0.5800025,19866.68;193.9695
19975.72,0.5800025,19866.66;193.9065
19975.71,0.5800025,19866.64;193.8435
19975.71,0.5800025,19866.62;193.7747
19975.71,0.5800025,19866.62;193.7747
19975.71,0.5800025,19866.6;193.7174
19975.7,0.5800025,19866.58;193.6544
19975.7,0.5800025,19866.58;193.6544
19975.7,0.5800025,19866.56;193.5971
19975.69,0.5800025,19866.55;193.5398
19975.69,0.5800025,19866.54;193.4883
19975.69,0.5800025,19866.54;193.4883
19975.69,0.5800025,19866.52;193.4252
19975.68,0.5800025,19866.5;193.3622
19975.68,0.5800025,19866.48;193.3106
19975.68,0.5800025,19866.47;193.2476
19975.68,0.5800025,19866.47;193.2476
19975.67,0.5800025,19866.46;193.1903
19975.67,0.5800025,19866.46;193.1903
19975.67,0.5800025,19866.44;193.1388
19975.67,0.5800025,19866.44;193.1388
19975.66,0.5800025,19866.43;193.0815
19975.66,0.5800025,19866.41;193.0242
19975.66,0.5800025,19866.41;193.0242
19975.66,0.5800025,19866.4;192.9669
19975.65,0.5800025,19866.38;192.9268
19975.65,0.5800025,19866.37;192.8752
19975.65,0.5800025,19866.37;192.8752
19975.65,0.5800025,19866.36;192.8179
19975.65,0.5800025,19866.36;192.8179
19975.65,0.5800025,19866.34;192.7664
19975.64,0.5800025,19866.33;192.7148
19975.64,0.5800025,19866.32;192.6632
19975.64,0.5800025,19866.31;192.6117
19975.64,0.5800025,19866.31;192.6117
19975.64,0.5800025,19866.3;192.5601
19975.63,0.5800025,19866.29;192.5086
19975.63,0.5800025,19866.28;192.457
19975.63,0.5800025,19866.27;192.3997
19975.63,0.5800025,19866.26;192.3424
19975.63,0.5800025,19866.25;192.2794
19975.62,0.5800025,19866.24;192.2164
19975.62,0.5800025,19866.24;192.2164
19975.62,0.5800025,19866.23;192.1648
19975.62,0.5800025,19866.22;192.1132
19975.62,0.5800025,19866.21;192.0559
19975.62,0.5800025,19866.21;192.0559
19975.62,0.5800025,19866.2;191.9987
19975.61,0.5800025,19866.19;191.9414
19975.61,0.5800025,19866.19;191.8841
19975.61,0.5800025,19866.18;191.821
19975.61,0.5800025,19866.17;191.758
19975.61,0.5800025,19866.17;191.7065
19975.61,0.5800025,19866.16;191.6549
19975.6,0.5800025,19866.15;191.5919
19975.6,0.5800025,19866.14;191.5289
19975.6,0.5800025,19866.14;191.5289
19975.6,0.5800025,19866.14;191.4659
19975.6,0.5800025,19866.13;191.4143
19975.6,0.5800025,19866.13;191.3512
19975.6,0.5800025,19866.13;191.3512
19975.6,0.5800025,19866.12;191.294
19975.6,0.5800025,19866.12;191.2367
19975.6,0.5800025,19866.11;191.1851
19975.6,0.5800025,19866.11;191.1851
19975.6,0.5800025,19866.11;191.1221
19975.59,0.5800025,19866.1;191.0591
19975.59,0.5800025,19866.1;190.996
19975.59,0.5800025,19866.09;190.933
19975.59,0.5800025,19866.09;190.8987
19975.59,0.5800025,19866.09;190.8815
19975.59,0.5800025,19866.09;190.8815
19975.59,0.5800025,19866.09;190.8586
19975.59,0.5800025,19866.09;190.8356
19975.59,0.5800025,19866.09;190.7841
19975.59,0.5800025,19866.09;190.7325
19975.59,0.5800025,19866.09;190.6867
19975.59,0.5800025,19866.08;190.6408
19975.59,0.5800025,19866.08;190.6408
19975.59,0.5800025,19866.09;190.6294
19975.59,0.5800025,19866.09;190.6179
19975.59,0.5800025,19866.09;190.5606
19975.59,0.5800025,19866.09;190.5606
19975.59,0.5800025,19866.09;190.5434
19975.59,0.5800025,19866.09;190.5263
19975.59,0.5800025,19866.09;190.5263
19975.59,0.5800025,19866.09;190.5091
19975.59,0.5800025,19866.09;190.5091
19975.59,0.5800025,19866.09;190.4919
19975.59,0.5800025,19866.09;190.4919
19975.59,0.5800025,19866.09;190.4747
19975.59,0.5800025,19866.09;190.4575
19975.59,0.5800025,19866.09;190.4575
19975.59,0.5800025,19866.09;190.4403
19975.59,0.5800025,19866.09;190.4231
19975.59,0.5800025,19866.09;190.4231
19975.59,0.5800025,19866.09;190.4059
19975.59,0.5800025,19866.09;190.3887
19975.59,0.5800025,19866.09;190.3887
19975.59,0.5800025,19866.09;190.3716
19975.59,0.5800025,19866.09;190.3716
19975.59,0.5800025,19866.09;190.3544
19975.59,0.5800025,19866.09;190.3372
19975.59,0.5800025,19866.09;190.3372
19975.59,0.5800025,19866.09;190.32
19975.59,0.5800025,19866.09;190.32
19975.59,0.5800025,19866.09;190.3028
19975.59,0.5800025,19866.09;190.3028
19975.59,0.5800025,19866.09;190.2856
19975.59,0.5800025,19866.1;190.2684
19975.59,0.5800025,19866.1;190.2684
19975.59,0.5800025,19866.1;190.2513
19975.59,0.5800025,19866.1;190.2341
19975.59,0.5800025,19866.1;190.2341
19975.59,0.5800025,19866.1;190.2341
19975.6,0.5800025,19866.11;190.2169
19975.6,0.5800025,19866.11;190.1997
19975.6,0.5800025,19866.11;190.1997
19975.6,0.5800025,19866.12;190.1825
19975.6,0.5800025,19866.12;190.1653
19975.6,0.5800025,19866.12;190.1653
19975.6,0.5800025,19866.12;190.1653
19975.6,0.5800025,19866.13;190.1481
19975.6,0.5800025,19866.13;190.1309
19975.6,0.5800025,19866.13;190.1309
19975.6,0.5800025,19866.13;190.1309
19975.6,0.5800025,19866.14;190.1138
19975.6,0.5800025,19866.15;190.0966
19975.6,0.5800025,19866.15;190.0966
19975.6,0.5800