20000,0.5,20000;0
20000,0.58,19999.99;0
20000,0.58,19999.99;0
20000,0.58,19999.99;0
20000,0.58,19999.99;0
20000,0.58,19999.99;0
20000,0.58,19999.99;0
20000,0.58,19999.99;0
20000,0.58,19999.99;0
20000,0.58,19999.99;0
20000,0.58,19999.99;0
20000,0.58,19999.99;0
20000,0.58,19999.99;0
20000,0.58,19999.99;0
20000,0.58,19999.99;0
20000,0.58,19999.99;0
20000,0.58,19999.99;0
20000,0.58,19999.99;0
20000,0.58,19999.99;0
20000,0.58,19999.99;0
20000,0.58,19999.99;0
20000,0.58,19999.99;0
20000,0.58,19999.99;0
20000,0.58,19999.99;0
20000,0.58,19999.99;0
20000,0.58,19999.99;0
20000,0.58,19999.99;0
20000,0.58,19999.99;0
20000,0.58,19999.99;0
20000,0.58,19999.99;0
20000,0.58,19999.99;0
20000,0.58,19999.99;0
20000,0.58,19999.99;0
20000,0.58,19999.99;0
20000,0.58,19999.99;0
20000,0.58,19999.99;0
20000,0.58,19999.99;0
20000,0.58,19999.99;0
20000,0.58,19999.99;0
20000,0.58,19999.95;0
20000,0.58,19999.86;359.8281
20000,0.58,19999.82;359.7708
20000,0.58,19999.77;359.7135
20000,0.58,19999.76;359.6563
20000,0.58,19999.77;359.5989
20000,0.58,19999.77;359.1692
20000,0.58,19999.86;358.2668
19999.99,0.58,19999.99;357.1925
19999.98,0.58,20000.16;356.2614
19999.96,0.58,20000.35;355.2444
19999.95,0.58,20000.52;354.4566
19999.93,0.58,20000.65;353.5829
19999.92,0.58,20000.77;352.881
19999.9,0.58,20000.89;352.1218
19999.88,0.58,20001.01;351.3913
19999.86,0.58,20001.14;350.5319
19999.84,0.58,20001.26;349.8014
19999.82,0.58,20001.36;348.9419
19999.79,0.58,20001.49;348.2114
19999.77,0.58,20001.6;347.3663
19999.74,0.58,20001.72;346.6214
19999.71,0.58,20001.82;345.7763
19999.68,0.58,20001.94;345.0458
19999.65,0.58,20002.04;344.2007
19999.62,0.58,20002.16;343.4845
19999.59,0.58,20002.25;342.6537
19999.55,0.58,20002.36;341.9232
19999.52,0.58,20002.46;341.0924
19999.48,0.58,20002.57;340.3762
19999.45,0.58,20002.66;339.5454
19999.41,0.58,20002.77;338.7146
19999.37,0.58,20002.86;338.0128
19999.33,0.58,20002.96;337.3395
19999.29,0.58,20003.06;336.8239
19999.25,0.58,20003.13;336.4514
19999.26,0.58,20003.12;336.6233
19999.28,0.58,20003.08;336.8525
19999.3,0.58,20003.03;337.1963
19999.32,0.58,20002.97;337.583
19999.37,0.58,20002.86;338.156
19999.41,0.58,20002.75;338.9008
19999.45,0.58,20002.63;339.9608
19999.5,0.58,20002.5;340.9635
19999.54,0.58,20002.38;342.181
19999.57,0.58,20002.25;343.2123
19999.61,0.58,20002.13;344.4585
19999.64,0.58,20002.02;345.5042
19999.66,0.58,20001.92;346.7933
19999.68,0.58,20001.83;348.0538
19999.71,0.58,20001.69;349.1568
19999.72,0.58,20001.58;350.5462
19999.74,0.58,20001.45;352.0073
19999.76,0.58,20001.31;353.2534
19999.77,0.58,20001.17;354.6715
19999.78,0.58,20001.05;356.0896
19999.79,0.58,20000.91;357.2928
19999.79,0.58,20000.79;358.7252
19999.79,0.58,20000.67;359.3554
19999.79,0.58,20000.53;0.7448753
19999.78,0.58,20000.4;2.005385
19999.78,0.58,20000.26;3.351832
19999.77,0.58,20000.11;3.853169
19999.76,0.58,19999.96;3.896138
19999.75,0.58,19999.89;4.440444
19999.74,0.58,19999.83;4.98475
19999.74,0.58,19999.83;5.529056
19999.74,0.58,19999.83;6.073362
19999.74,0.58,19999.77;6.646325
19999.73,0.58,19999.68;7.061725
19999.71,0.58,19999.59;7.233611
19999.7,0.58,19999.49;7.405498
19999.69,0.58,19999.39;7.534416
19999.67,0.58,19999.28;7.634688
19999.66,0.5800002,19999.28;7.720637
19999.64,0.5800007,19999.28;7.806586
19999.61,0.5800003,19999.28;7.720636
19999.57,0.5800003,19999.28;7.606041
19999.57,0.5800003,19999.28;7.563073
19999.57,0.5800003,19999.28;7.563073
19999.54,0.5800007,19999.28;7.520103
19999.51,0.5800003,19999.28;7.477135
19999.48,0.5800002,19999.28;7.262278
19999.45,0.5800001,19999.28;7.090393
19999.42,0.5800002,19999.28;7.0331
19999.39,0.58,19999.28;6.932829
19999.36,0.5800011,19999.28;6.832556
19999.34,0.5800015,19999.28;6.732285
19999.32,0.5800018,19999.28;6.632013
19999.3,0.5800021,19999.28;6.61769
19999.29,0.5800021,19999.28;6.503097
19999.28,0.5800017,19999.28;6.316887
19999.26,0.5800021,19999.28;5.915821
19999.25,0.580002,19999.28;5.572048
19999.25,0.580002,19999.28;5.213952
19999.23,0.5800025,19999.28;4.64099
19999.21,0.5800039,19999.28;4.068027
19999.19,0.5800041,19999.28;3.89614
19999.18,0.5800046,19999.28;3.724254
19999.16,0.5800045,19999.28;3.165625
19999.15,0.5800043,19999.28;2.592662
19999.14,0.5800037,19999.28;2.119971
19999.14,0.580003,19999.28;1.618634
19999.13,0.5800037,19999.28;1.174589
19999.13,0.5800037,19999.28;0.9167539
19999.13,0.5800037,19999.39;0.6445954
19999.13,0.5800037,19999.47;0.5586466
19999.14,0.5800037,19999.52;0.5443237
19999.14,0.5800037,19999.64;0.5729697
19999.14,0.5800037,19999.78;0.5013547
19999.14,0.5800037,19999.98;0.372437
19999.14,0.5800037,20000.23;0.1862273
19999.14,0.5800037,20000.57;359.8568
19999.14,0.5800037,20000.91;359.4557
19999.13,0.5800037,20001.32;358.9687
19999.12,0.5800037,20001.74;358.453
19999.1,0.5800037,20002.36;358.009
19999.07,0.5800037,20003;357.7082
19999.04,0.5800037,20003.63;357.4933
19999.01,0.5800037,20004.26;357.2355
19998.98,0.5800037,20004.89;357.0063
19998.94,0.5800037,20005.53;356.6625
19998.91,0.5800037,20006.1;356.3188
19998.86,0.5800037,20006.74;355.975
19998.81,0.5800037,20007.37;355.6312
19998.77,0.5800037,20007.93;355.4307
19998.71,0.5800037,20008.57;355.2159
19998.66,0.5800037,20009.16;354.958
19998.6,0.5800037,20009.79;354.7145
19998.55,0.5800037,20010.37;354.4423
19998.49,0.5800037,20010.95;354.1845
19998.42,0.5800037,20011.58;353.9839
19998.4,0.5800037,20011.76;353.7404
19998.33,0.5800037,20012.39;353.4683
19998.26,0.5800037,20013.02;353.2391
19998.18,0.5800037,20013.65;352.9956
19998.1,0.5800037,20014.28;352.7521
19998.02,0.5800037,20014.91;352.5229
19997.93,0.5800037,20015.52;352.2651
19997.84,0.5800037,20016.15;351.9929
19997.76,0.5800037,20016.75;351.778
19997.66,0.5800037,20017.38;351.5202
19997.58,0.5800037,20017.96;351.3197
19997.48,0.5800037,20018.58;351.0762
19997.39,0.5800037,20019.14;350.8756
19997.28,0.5800037,20019.77;350.6465
19997.19,0.5800037,20020.33;350.4459
19997.08,0.5800037,20020.96;350.1881
19996.99,0.5800037,20021.48;349.9159
19996.88,0.5800037,20022.07;349.6295
19996.79,0.5800037,20022.58;349.386
19996.71,0.5800037,20022.98;349.1424
19996.63,0.5800037,20023.38;348.9419
19996.63,0.5800037,20023.39;348.9132
19996.63,0.5800037,20023.38;349.0135
19996.63,0.5800037,20023.38;349.0995
19996.63,0.5800037,20023.37;349.1281
19996.63,0.5800037,20023.38;349.1281
19996.63,0.5800037,20023.36;349.1997
19996.63,0.5800037,20023.35;349.2714
19996.64,0.5800037,20023.33;349.3573
19996.64,0.5800037,20023.31;349.4576
19996.65,0.5800037,20023.27;349.6008
19996.66,0.5800037,20023.19;349.8586
19996.68,0.5800037,20023.11;350.3456
19996.69,0.5800037,20023.03;350.8613
19996.7,0.5800037,20022.95;351.3197
19996.71,0.5800037,20022.88;351.8926
19996.72,0.5800037,20022.83;352.5945
19996.73,0.5800037,20022.78;353.0815
19996.73,0.5800037,20022.76;353.2104
19996.73,0.5800037,20022.76;353.2248
19996.73,0.5800037,20022.76;353.0386
19996.73,0.5800037,20022.76;352.8094
19996.73,0.5800037,20022.76;352.4656
19996.73,0.5800037,20022.76;351.8926
19996.72,0.5800037,20022.83;350.6751
19996.69,0.5800037,20022.96;348.856
19996.65,0.5800037,20023.15;347.0798
19996.56,0.5800037,20023.49;345.2607
19996.47,0.5800037,20023.77;343.4702
19996.39,0.5800037,20024.04;341.651
19996.28,0.5800037,20024.32;339.8319
19996.22,0.5800037,20024.47;338.0128
19996.09,0.5800037,20024.78;336.1936
19995.96,0.5800037,20025.03;334.4318
19995.81,0.5800037,20025.33;332.6126
19995.63,0.5800037,20025.65;330.7935
19995.45,0.5800037,20025.95;328.9744
19995.26,0.5800037,20026.24;327.1552
19995.1,0.5800037,20026.48;325.3361
19994.89,0.5800037,20026.76;323.5313
19994.71,0.5800037,20026.99;321.7121
19994.49,0.5800037,20027.25;319.893
19994.31,0.5800037,20027.45;318.0739
19994.1,0.5800037,20027.67;316.5125
19993.89,0.5800037,20027.88;314.9942
19993.69,0.5800037,20028.07;313.347
19993.5,0.5800037,20028.24;312.1151
19993.36,0.5800037,20028.36;310.7973
19993.22,0.5800037,20028.48;309.9235
19993.11,0.5800037,20028.57;309.1214
19993.05,0.5800037,20028.61;308.5627
19993.03,0.5800037,20028.63;308.5341
19993.04,0.5800037,20028.62;308.6344
19993.05,0.5800037,20028.62;308.6917
19993.04,0.5800037,20028.62;308.706
19993.04,0.5800037,20028.62;308.706
19993.04,0.5800037,20028.62;308.706
19993.04,0.5800037,20028.62;308.7203
19993.05,0.5800037,20028.62;308.7346
19993.05,0.5800037,20028.62;308.749
19993.06,0.5800037,20028.61;308.8206
19993.07,0.5800037,20028.6;308.9352
19993.08,0.5800037,20028.59;309.0927
19993.1,0.5800037,20028.57;309.3076
19993.16,0.5800037,20028.53;309.8376
19993.25,0.5800037,20028.45;310.697
19993.36,0.5800037,20028.35;311.7283
19993.49,0.5800037,20028.23;312.9315
19993.62,0.5800037,20028.11;314.235
19993.71,0.5800037,20028.01;315.6817
19993.81,0.5800037,20027.9;317.1284
19993.92,0.5800037,20027.78;317.7874
19994.02,0.5800037,20027.67;318.4749
19994.09,0.5800037,20027.59;319.9789
19994.13,0.5800037,20027.53;321.5546
19994.14,0.5800037,20027.53;323.2591
19994.14,0.5800037,20027.53;324.935
19994.14,0.5800037,20027.53;326.6396
19994.14,0.5800037,20027.53;328.1006
19994.14,0.5800037,20027.52;329.8195
19994.14,0.5800037,20027.52;331.2662
19994.14,0.5800037,20027.52;333.0137
19994.14,0.5800037,20027.52;334.7326
19994.14,0.5800037,20027.52;336.1936
19994.17,0.5800037,20027.43;337.8552
19994.2,0.5800037,20027.37;339.3019
19994.2,0.5800037,20027.37;341.0065
19994.19,0.5800037,20027.4;342.3816
19994.16,0.5800037,20027.49;343.7997
19994.15,0.5800037,20027.53;345.2321
19994.14,0.5800037,20027.56;346.6071
19994.13,0.5800037,20027.64;347.8963
19994.11,0.5800037,20027.75;349.0852
19994.09,0.5800037,20027.83;350.0019
19994.09,0.5800037,20027.84;350.7325
19994.08,0.5800037,20027.94;351.2338
19994.06,0.5800037,20028.06;351.5919
19994.03,0.5800037,20028.25;351.864
19994,0.5800037,20028.49;352.0789
19993.96,0.5800037,20028.78;352.2508
19993.93,0.5800037,20029.02;352.3797
19993.89,0.5800037,20029.28;352.48
19993.86,0.5800037,20029.5;352.6519
19993.83,0.5800037,20029.78;352.7521
19993.79,0.5800037,20030.05;352.8237
19993.76,0.5800037,20030.33;352.8524
19993.73,0.5800037,20030.56;352.9097
19993.7,0.5800037,20030.83;353.0099
19993.67,0.5800037,20031.06;353.0959
19993.63,0.5800037,20031.34;353.1389
19993.61,0.5800037,20031.57;353.1962
19993.58,0.5800037,20031.77;353.2964
19993.55,0.5800037,20032.02;353.3824
19993.53,0.5800037,20032.27;353.4397
19993.49,0.5800037,20032.58;353.497
19993.46,0.5800037,20032.81;353.5686
19993.43,0.5800037,20033.11;353.6402
19993.4,0.5800037,20033.38;353.7118
19993.37,0.5800037,20033.71;353.7691
19993.34,0.5800037,20033.97;353.8407
19993.3,0.5800037,20034.29;353.9123
19993.27,0.5800037,20034.6;353.9696
19993.24,0.5800037,20034.92;354.0269
19993.21,0.5800037,20035.15;354.0556
19993.21,0.5800037,20035.24;353.9696
19993.2,0.5800037,20035.26;353.9696
19993.2,0.5800037,20035.28;353.9696
19993.2,0.5800037,20035.31;353.9696
19993.19,0.5800037,20035.35;353.9983
19993.19,0.5800037,20035.4;354.0555
19993.18,0.5800037,20035.47;354.0985
19993.17,0.5800037,20035.58;354.1129
19993.15,0.5800037,20035.73;354.0842
19993.13,0.5800037,20035.9;353.9553
19993.12,0.5800037,20036.09;353.8407
19993.08,0.5800037,20036.36;353.7118
19993.05,0.5800037,20036.66;353.5972
19993.01,0.5800037,20036.98;353.4826
19992.98,0.5800037,20037.23;353.411
19992.95,0.5800037,20037.53;353.368
19992.92,0.5800037,20037.79;353.3107
19992.89,0.5800037,20038.08;353.1961
19992.86,0.5800037,20038.33;353.0815
19992.82,0.5800037,20038.61;352.9669
19992.79,0.5800037,20038.88;352.8953
19992.76,0.5800037,20039.12;352.8094
19992.72,0.5800037,20039.4;352.7091
19992.69,0.5800037,20039.64;352.6231
19992.65,0.5800037,20039.91;352.5372
19992.62,0.5800037,20040.15;352.4512
19992.59,0.5800037,20040.4;352.2794
19992.58,0.5800037,20040.46;352.0788
19992.58,0.5800037,20040.47;352.0931
19992.58,0.5800037,20040.49;352.1075
19992.57,0.5800037,20040.5;352.0645
19992.57,0.5800037,20040.51;352.0359
19992.57,0.5800037,20040.52;352.0215
19992.57,0.5800037,20040.52;352.0072
19992.57,0.5800037,20040.51;351.9929
19992.57,0.5800037,20040.5;351.9785
19992.58,0.5800037,20040.5;351.9642
19992.58,0.5800037,20040.49;351.9499
19992.58,0.5800037,20040.49;351.9213
19992.58,0.5800037,20040.49;351.8926
19992.58,0.5800037,20040.49;351.8496
19992.58,0.5800037,20040.49;351.8353
19992.58,0.5800037,20040.48;351.8067
19992.58,0.5800037,20040.48;351.7924
19992.58,0.5800037,20040.47;351.7351
19992.58,0.5800037,20040.47;351.6778
19992.58,0.5800037,20040.45;351.6062
19992.59,0.5800037,20040.37;351.4629
19992.62,0.5800037,20040.22;351.3054
19992.64,0.5800037,20040.08;351.1478
19992.66,0.5800037,20039.92;351.0762
19992.69,0.5800037,20039.74;351.1048
19992.72,0.5800037,20039.55;351.3054
19992.75,0.5800037,20039.35;351.5775
19992.78,0.5800037,20039.13;351.8497
19992.82,0.5800037,20038.88;352.3367
19992.85,0.5800037,20038.61;352.8524
19992.88,0.5800037,20038.32;353.7548
19992.9,0.5800037,20038.09;354.5999
19992.92,0.5800037,20037.82;355.5453
19992.94,0.5800037,20037.57;356.5479
19992.95,0.5800037,20037.31;357.479
19992.96,0.5800037,20037.05;358.5246
19992.96,0.5800037,20036.79;359.3984
19992.96,0.5800037,20036.54;0.3724101
19992.96,0.5800037,20036.33;1.203197
19992.95,0.5800037,20036.08;2.205872
19992.93,0.5800037,20035.88;3.079628
19992.92,0.5800037,20035.64;4.096625
19992.9,0.5800037,20035.44;4.927413
19992.88,0.5800037,20035.22;5.901441
19992.86,0.5800037,20035.05;6.889791
19992.83,0.5800037,20034.88;7.620317
19992.82,0.5800037,20034.78;8.150301
19992.8,0.5800037,20034.67;8.809202
19992.78,0.5800037,20034.56;9.639989
19992.75,0.5800037,20034.4;10.74294
19992.72,0.5800037,20034.23;12.10371
19992.69,0.5800037,20034.1;13.34989
19992.67,0.5800037,20034.03;14.83958
19992.67,0.5800037,20034.03;16.12873
19992.65,0.5800037,20033.97;17.61842
19992.64,0.5800037,20033.95;19.06514
19992.64,0.5800037,20033.95;20.78402
19992.61,0.5800037,20033.88;22.23074
19992.59,0.5800037,20033.83;23.94961
19992.58,0.5800037,20033.82;25.42498
19992.55,0.5800037,20033.74;26.15551
19992.51,0.5800037,20033.65;26.28443
19992.47,0.5800037,20033.58;26.41334
19992.46,0.5800037,20033.57;26.54226
19992.46,0.5800037,20033.57;26.58523
19992.46,0.5800037,20033.57;26.6282
19992.46,0.5800037,20033.57;26.67117
19992.46,0.5800037,20033.57;26.71414
19992.46,0.5800037,20033.57;26.74278
19992.39,0.5800037,20033.43;27.65952
19992.34,0.5800037,20033.33;28.5476
19992.29,0.5800037,20033.25;29.49298
19992.23,0.5800037,20033.15;30.66754
19992.17,0.5800037,20033.06;32.08561
19992.12,0.5800037,20032.97;33.89043
19992.07,0.5800037,20032.9;35.70957
19991.98,0.5800037,20032.79;37.52871
19991.83,0.5800037,20032.61;39.0184
19991.69,0.5800037,20032.44;40.73728
19991.55,0.5800037,20032.29;42.31291
19991.45,0.5800037,20032.19;44.13206
19991.33,0.5800037,20032.07;45.80796
19991.23,0.5800037,20031.98;47.62709
19991.1,0.5800037,20031.87;49.41759
19991,0.5800037,20031.79;51.23672
19990.87,0.5800037,20031.69;53.0129
19990.76,0.5800037,20031.61;54.83204
19990.63,0.5800037,20031.53;56.62252
19990.51,0.5800037,20031.46;58.44167
19990.37,0.5800037,20031.38;60.0746
19990.24,0.5800037,20031.3;61.89373
19990.14,0.5800037,20031.25;63.6699
19990.05,0.5800037,20031.21;65.2169
19989.97,0.5800037,20031.18;66.9501
19989.92,0.5800037,20031.16;68.71194
19989.89,0.5800037,20031.15;70.53107
19989.85,0.5800037,20031.13;72.26428
19989.8,0.5800037,20031.12;73.91154
19989.7,0.5800037,20031.1;75.20069
19989.51,0.5800037,20031.05;76.51849
19989.33,0.5800037,20031.01;77.49252
19989.28,0.5800036,20030.99;78.50953
19989.28,0.5800038,20030.98;79.05383
19989.28,0.580004,20030.97;79.98489
19989.28,0.5800041,20030.96;81.10217
19989.28,0.5800041,20030.96;82.82104
19989.29,0.5800041,20030.96;84.31073
19989.33,0.5800041,20030.97;86.10122
19989.36,0.5800041,20030.97;87.64821
19989.36,0.5800041,20030.97;89.46735
19989.36,0.5800041,20030.97;91.18623
19989.36,0.5800041,20030.97;92.90509
19989.36,0.5800041,20030.97;94.62397
19989.36,0.5800041,20030.97;96.34284
19989.36,0.5800041,20030.97;98.06172
19989.36,0.5800041,20030.97;99.78059
19989.36,0.5800041,20030.97;99.88087
19989.36,0.5800041,20030.97;101.3419
19989.36,0.5800041,20030.97;103.1038
19989.36,0.5800041,20030.97;104.8799
19989.36,0.5800041,20030.97;106.5988
19989.36,0.5800041,20030.97;108.2174
19989.36,0.5800041,20030.97;109.6641
19989.36,0.5800041,20030.97;111.3543
19989.36,0.5800041,20030.97;113.0446
19989.36,0.5800041,20030.97;114.4913
19989.33,0.5800041,20030.98;116.0812
19989.27,0.5800042,20031.04;117.4277
19989.27,0.5800053,20031.13;118.7025
19989.27,0.5800059,20031.22;120.2638
19989.27,0.5800059,20031.33;121.5673
19989.27,0.5800061,20031.43;122.8851
19989.27,0.5800062,20031.55;123.9737
19989.27,0.5800068,20031.67;124.9907
19989.27,0.5800073,20031.78;125.0337
19989.26,0.5800075,20031.85;126.2083
19989.26,0.5800072,20031.92;126.7096
19989.26,0.5800072,20031.95;127.125
19989.26,0.5800072,20031.96;127.1107
19989.26,0.5800072,20031.96;127.0247
19989.27,0.5800072,20031.95;126.9674
19989.28,0.5800072,20031.95;126.9245
19989.28,0.5800072,20031.95;126.8529
19989.3,0.5800072,20031.93;126.6523
19989.33,0.5800072,20031.91;126.1223
19989.39,0.5800072,20031.87;125.3918
19989.51,0.5800072,20031.78;124.647
19989.69,0.5800072,20031.66;123.4724
19989.92,0.5800072,20031.52;122.3408
19990.13,0.5800072,20031.39;121.4527
19990.38,0.5800072,20031.24;120.4071
19990.6,0.5800072,20031.12;119.6766
19990.85,0.5800072,20030.98;118.9031
19991.09,0.5800072,20030.85;117.8431
19991.34,0.5800072,20030.73;116.9264
19991.59,0.5800072,20030.61;115.8664
19991.83,0.5800072,20030.49;114.9496
19992.03,0.5800072,20030.4;114.0329
19992.19,0.5800072,20030.34;113.0159
19992.36,0.5800072,20030.27;112.4286
19992.56,0.5800072,20030.19;111.5262
19992.83,0.5800072,20030.09;110.7527
19993.08,0.5800072,20029.99;109.879
19993.44,0.5800072,20029.87;109.0482
19993.72,0.5800072,20029.78;108.2174
19994.03,0.5800072,20029.68;107.4153
19994.35,0.5800072,20029.59;106.742
19994.71,0.5800072,20029.48;106.0115
19995.05,0.5800072,20029.39;105.3239
19995.32,0.5800072,20029.32;104.5218
19995.64,0.5800072,20029.24;103.7197
19995.91,0.5800072,20029.18;102.9032
19996.23,0.5800072,20029.11;102.0867
19996.55,0.5800072,20029.04;101.3992
19996.87,0.5800072,20028.98;100.6257
19997.18,0.5800072,20028.93;99.96677
19997.5,0.5800072,20028.88;99.2076
19997.82,0.5800072,20028.83;98.54871
19998.09,0.5800072,20028.79;97.77522
19998.41,0.5800072,20028.76;96.9874
19998.73,0.5800072,20028.72;96.3285
19999.05,0.5800072,20028.69;95.54069
19999.38,0.5800072,20028.66;94.88178
19999.65,0.5800072,20028.64;94.10828
19999.98,0.5800072,20028.62;93.32045
20000.3,0.5800072,20028.61;92.64722
20000.56,0.5800072,20028.6;91.74482
20000.76,0.5800072,20028.6;91.12888
20000.9,0.5800072,20028.59;90.51295
20001.03,0.5800072,20028.59;89.89703
20001.13,0.5800072,20028.59;89.88271
20001.28,0.5800072,20028.6;89.16652
20001.45,0.5800072,20028.6;88.3214
20001.63,0.5800072,20028.61;87.5479
20001.88,0.5800072,20028.63;86.48793
20002.13,0.5800072,20028.64;85.52822
20002.43,0.5800072,20028.67;85.34201
20002.7,0.5800072,20028.7;84.32502
20003.02,0.5800072,20028.73;83.03586
20003.29,0.5800072,20028.77;81.67509
20003.44,0.5800072,20028.8;80.24269
20003.46,0.5800072,20028.8;79.01083
20003.69,0.5800072,20028.86;77.57844
20003.94,0.5800072,20028.92;76.37523
20004.19,0.5800072,20028.98;74.97148
20004.41,0.5800072,20029.05;73.56773
20004.66,0.5800072,20029.13;72.16399
20004.87,0.5800072,20029.2;71.00375
20005.07,0.5800072,20029.27;69.64298
20005.27,0.5800072,20029.36;68.29652
20005.48,0.5800072,20029.44;67.2079
20005.65,0.5800072,20029.52;66.43442
20005.76,0.5800072,20029.57;66.00469
20005.88,0.5800072,20029.62;65.60363
20005.95,0.5800072,20029.65;65.31715
20006.01,0.5800072,20029.68;65.14527
20006.06,0.5800072,20029.7;65.05932
20006.06,0.5800072,20029.71;65.07365
20006.07,0.5800072,20029.71;65.10229
20006.08,0.5800072,20029.71;65.10229
20006.08,0.5800072,20029.71;65.05933
20006.07,0.5800072,20029.71;65.03069
20006.06,0.5800072,20029.71;65.01637
20006.05,0.5800072,20029.7;65.03069
20006.05,0.5800072,20029.7;65.01637
20006.04,0.5800072,20029.69;64.95908
20006.03,0.580